5 Minutes	Lane 1 Occ (%)	Lane 2 Occ (%)	Lane 3 Occ (%)	Lane 4 Occ (%)	Occupancy (%)	# Lane Points	% Observed
11/02/2015 00:00	.48	2.33	2.47	2.71	2	4	75
11/02/2015 00:05	.42	2.82	2.57	3.29	2.27	4	75
11/02/2015 00:10	.52	2.42	3.18	2.85	2.24	4	75
11/02/2015 00:15	.07	3.11	3.43	3.64	2.56	4	75
11/02/2015 00:20	.16	2.01	2.44	2.59	1.8	4	75
11/02/2015 00:25	0	1.28	1.71	1.47	1.11	4	75
11/02/2015 00:30	.24	2.07	2.8	2.4	1.88	4	75
11/02/2015 00:35	.38	1.9	1.79	2.76	1.71	4	75
11/02/2015 00:40	.13	2.14	2.52	2.49	1.82	4	75
11/02/2015 00:45	0	1.46	1.4	1.69	1.14	4	75
11/02/2015 00:50	.09	1.63	1.97	1.89	1.4	4	75
11/02/2015 00:55	.14	1.79	1.75	2.2	1.47	4	75
11/02/2015 01:00	.06	1.82	2.04	2.19	1.53	4	75
11/02/2015 01:05	.08	1.7	1.59	1.97	1.34	4	75
11/02/2015 01:10	.17	1.04	1.26	1.19	.92	4	75
11/02/2015 01:15	3.55	1.47	1.15	1.75	1.98	4	75
11/02/2015 01:20	.67	1.25	1.18	1.44	1.14	4	75
11/02/2015 01:25	.13	1.08	.86	2.06	1.03	4	75
11/02/2015 01:30	0	.8	.93	1.23	.74	4	75
11/02/2015 01:35	0	1.13	1.3	2.16	1.15	4	75
11/02/2015 01:40	.06	1.1	1.18	1.26	.9	4	75
11/02/2015 01:45	0	1.21	1.49	1.39	1.02	4	75
11/02/2015 01:50	0	1.25	1.05	1.64	.99	4	75
11/02/2015 01:55	0	.89	.89	1.01	.7	4	75
11/02/2015 02:00	.14	1.07	1.02	1.23	.86	4	75
11/02/2015 02:05	.13	1.42	1.68	2.08	1.33	4	75
11/02/2015 02:10	0	.86	.74	1.19	.7	4	75
11/02/2015 02:15	0	1.2	1.18	1.38	.94	4	75
11/02/2015 02:20	.07	.92	1.08	1.05	.78	4	75
11/02/2015 02:25	0	.8	1.15	.9	.71	4	75
11/02/2015 02:30	0	.97	1.06	1.11	.79	4	75
11/02/2015 02:35	0	.7	.81	1.9	.85	4	75
11/02/2015 02:40	0	.92	.75	1.19	.72	4	75
11/02/2015 02:45	.07	.61	.61	15.94	4.31	4	75
11/02/2015 02:50	0	.71	.8	1.02	.63	4	75
11/02/2015 02:55	0	.91	.68	1.22	.7	4	75
11/02/2015 03:00	0	1.11	1.14	1.8	1.01	4	75
11/02/2015 03:05	0	1.26	1.39	1.93	1.15	4	75
11/02/2015 03:10	0	.72	.88	1.34	.74	4	75
11/02/2015 03:15	.06	1.23	1.72	1.41	1.1	4	75
11/02/2015 03:20	.06	.98	1.62	2.21	1.22	4	75
11/02/2015 03:25	.08	1.25	1.16	1.89	1.1	4	75
11/02/2015 03:30	0	1.16	1.33	2.11	1.15	4	75
11/02/2015 03:35	0	.82	1.22	1.55	.9	4	75
11/02/2015 03:40	0	1.34	1.36	2.14	1.21	4	75
11/02/2015 03:45	.13	1.52	1.64	1.94	1.31	4	75
11/02/2015 03:50	0	1.04	1.5	1.86	1.1	4	75
11/02/2015 03:55	.06	1.87	2.09	2.17	1.55	4	75
11/02/2015 04:00	.07	1.21	1.25	1.63	1.04	4	75
11/02/2015 04:05	.09	1.58	1.74	3.43	1.71	4	75
11/02/2015 04:10	0	1.63	1.91	3.28	1.7	4	75
11/02/2015 04:15	.07	2.16	2.34	3.61	2.04	4	75
11/02/2015 04:20	.38	1.83	1.82	2.24	1.57	4	75
11/02/2015 04:25	.35	2.13	2.44	2.48	1.85	4	75
11/02/2015 04:30	.22	2.37	2.38	3.57	2.13	4	75
11/02/2015 04:35	.53	2.89	3.16	3.51	2.52	4	75
11/02/2015 04:40	.47	3.23	3.74	4.98	3.11	4	75
11/02/2015 04:45	.38	3.28	4.01	3.83	2.87	4	75
11/02/2015 04:50	.83	3.6	4.41	4.4	3.31	4	75
11/02/2015 04:55	.79	3.94	4.43	4.62	3.45	4	75
11/02/2015 05:00	.64	3.27	4.2	3.82	2.98	4	75
11/02/2015 05:05	.95	3.55	5	4.16	3.42	4	75
11/02/2015 05:10	.88	4.31	4.38	4.99	3.64	4	75
11/02/2015 05:15	1.51	4.43	4.74	5.31	4	4	75
11/02/2015 05:20	1.41	6.03	6.03	7.23	5.18	4	75
11/02/2015 05:25	2.33	6.75	7.27	5.95	5.58	4	75
11/02/2015 05:30	1.49	6.37	7.61	7.7	5.79	4	75
11/02/2015 05:35	2.62	7.46	8.49	10.11	7.17	4	75
11/02/2015 05:40	2.44	8.1	9.29	8.69	7.13	4	75
11/02/2015 05:45	2.24	8.89	9.71	10.67	7.88	4	75
11/02/2015 05:50	2.95	7.19	9.07	8.11	6.83	4	75
11/02/2015 05:55	10.52	7.2	8.01	8.88	8.65	4	75
11/02/2015 06:00	14.06	8.01	7.79	9.42	9.82	4	75
11/02/2015 06:05	3.58	8.21	9.55	9.06	7.6	4	75
11/02/2015 06:10	2.75	8.12	9.31	6.88	6.77	4	75
11/02/2015 06:15	2.48	7.95	8.66	8.1	6.8	4	75
11/02/2015 06:20	2.13	7.05	8.86	8.29	6.58	4	75
11/02/2015 06:25	3.18	8.13	8.33	6.96	6.65	4	75
11/02/2015 06:30	2.8	8.98	9.93	9.04	7.69	4	75
11/02/2015 06:35	2.81	7.52	8.74	8.67	6.93	4	75
11/02/2015 06:40	2.89	9.69	10.14	10.25	8.24	4	75
11/02/2015 06:45	2.2	9.46	9.7	10.12	7.87	4	75
11/02/2015 06:50	3.61	8.37	10.02	9.84	7.96	4	75
11/02/2015 06:55	2.47	9.04	10.55	10.01	8.02	4	75
11/02/2015 07:00	2.73	8.99	10.34	9.96	8	4	75
11/02/2015 07:05	3.19	10.39	11.26	11.46	9.07	4	75
11/02/2015 07:10	2.69	11.57	12.63	12.6	9.87	4	75
11/02/2015 07:15	3.34	8.88	12.3	12.93	9.36	4	75
11/02/2015 07:20	4.67	11.24	12.69	11.48	10.02	4	75
11/02/2015 07:25	4.46	11.87	13.29	13.02	10.66	4	75
11/02/2015 07:30	4.61	12.92	11.81	11.97	10.33	4	75
11/02/2015 07:35	3.61	11.61	14.76	13.09	10.77	4	75
11/02/2015 07:40	5.17	12.35	14.51	13.48	11.38	4	75
11/02/2015 07:45	4.86	12.27	13.63	12.9	10.92	4	75
11/02/2015 07:50	5.14	10.96	12.98	12.91	10.5	4	75
11/02/2015 07:55	6.13	12.71	18.03	16.69	13.39	4	75
11/02/2015 08:00	4.84	12.49	15.58	14.4	11.83	4	75
11/02/2015 08:05	4.43	11.45	13.74	13.49	10.78	4	75
11/02/2015 08:10	4.66	12.39	15.48	14.6	11.78	4	75
11/02/2015 08:15	4.82	12.14	13.38	13.02	10.84	4	75
11/02/2015 08:20	3.79	12.86	14.69	13.89	11.31	4	75
11/02/2015 08:25	4.95	13.15	15.52	15.5	12.28	4	75
11/02/2015 08:30	4.51	11.73	14.16	13.82	11.05	4	75
11/02/2015 08:35	4.32	13.35	15.4	15.74	12.2	4	75
11/02/2015 08:40	5.34	13.26	15.6	15.82	12.51	4	75
11/02/2015 08:45	5.64	11.76	13.83	13.16	11.1	4	75
11/02/2015 08:50	2.88	11.18	12.77	13.17	10	4	75
11/02/2015 08:55	4.02	11.65	12.03	12.22	9.98	4	75
11/02/2015 09:00	2.5	10.59	12.71	12.48	9.57	4	75
11/02/2015 09:05	3.41	10.4	11.56	12.03	9.35	4	75
11/02/2015 09:10	4.21	10.52	10.68	10.58	9	4	75
11/02/2015 09:15	3.3	10.08	10.63	10	8.5	4	75
11/02/2015 09:20	4.72	10	10.79	11.06	9.14	4	75
11/02/2015 09:25	3.62	10.23	11.69	11.11	9.16	4	75
11/02/2015 09:30	2.31	10.33	10.03	12.46	8.78	4	75
11/02/2015 09:35	4.27	10.51	11.24	13.03	9.76	4	75
11/02/2015 09:40	3.96	9.98	11.04	11.75	9.18	4	75
11/02/2015 09:45	4.34	10.84	12.18	13.14	10.12	4	75
11/02/2015 09:50	3.6	9.99	11	11.76	9.09	4	75
11/02/2015 09:55	3.01	8.78	10.04	10.34	8.04	4	75
11/02/2015 10:00	3.77	9	9.67	10.6	8.26	4	75
11/02/2015 10:05	3.36	10.09	10.55	13.31	9.33	4	75
11/02/2015 10:10	4.76	9.07	10.7	10.38	8.73	4	75
11/02/2015 10:15	3.54	9.73	10.56	11.68	8.88	4	75
11/02/2015 10:20	3.82	10.48	11.52	13.38	9.8	4	75
11/02/2015 10:25	2.83	10.14	9.69	13.21	8.97	4	75
11/02/2015 10:30	4.05	10.41	12.09	13.28	9.96	4	75
11/02/2015 10:35	4.55	9.48	10.27	12.12	9.1	4	75
11/02/2015 10:40	3.98	9.88	10.06	11.77	8.92	4	75
11/02/2015 10:45	3.52	10.19	10.69	12	9.1	4	75
11/02/2015 10:50	4.99	10.23	11	12.66	9.72	4	75
11/02/2015 10:55	4.27	10.01	9.92	12.1	9.07	4	75
11/02/2015 11:00	3.6	9.47	10.23	11.37	8.67	4	75
11/02/2015 11:05	3.56	10.04	10.92	11.83	9.09	4	75
11/02/2015 11:10	5.16	9.15	10.79	13.73	9.71	4	75
11/02/2015 11:15	4.81	11.12	12.67	14.33	10.73	4	75
11/02/2015 11:20	8.37	10.84	14.61	12.91	11.68	4	75
11/02/2015 11:25	16.37	11.59	23.22	24.38	18.89	4	75
11/02/2015 11:30	3.51	9.84	11.29	11.38	9	4	75
11/02/2015 11:35	5.43	9.45	10.35	12.19	9.35	4	75
11/02/2015 11:40	4.49	10.62	12.33	12.51	9.99	4	75
11/02/2015 11:45	4.54	9.81	10.96	11.57	9.22	4	75
11/02/2015 11:50	5.01	9.88	10.8	11.64	9.33	4	75
11/02/2015 11:55	6.44	9.85	10.76	12	9.76	4	75
11/02/2015 12:00	5.5	10.58	10.84	14.14	10.26	4	75
11/02/2015 12:05	4.9	10.06	11.07	11.64	9.42	4	75
11/02/2015 12:10	3.54	11.42	12.09	14.52	10.39	4	75
11/02/2015 12:15	4.3	9.99	11.01	11.77	9.27	4	75
11/02/2015 12:20	5.11	9.98	10.63	12.03	9.44	4	75
11/02/2015 12:25	4.15	10.71	11.63	12.8	9.82	4	75
11/02/2015 12:30	4.71	10.72	10.96	15.29	10.42	4	75
11/02/2015 12:35	4.35	10.8	11.86	12.72	9.93	4	75
11/02/2015 12:40	5.65	10.7	12.19	12.6	10.28	4	75
11/02/2015 12:45	2.41	7.09	7.99	9.28	6.69	4	75
11/02/2015 12:50	3.84	7.97	7.77	9.88	7.37	4	75
11/02/2015 12:55	2.73	7.44	6.98	9.37	6.63	4	75
11/02/2015 13:00	4.07	5.79	6.36	7.1	5.83	4	75
11/02/2015 13:05	6.51	9.06	10.17	10.67	9.1	4	75
11/02/2015 13:10	7	10.37	10.33	12.32	10.01	4	75
11/02/2015 13:15	7.77	10.2	13.39	17.24	12.15	4	75
11/02/2015 13:20	7.85	10.98	11.43	13.48	10.94	4	75
11/02/2015 13:25	6.07	11.22	11.05	14.17	10.63	4	75
11/02/2015 13:30	7.26	10.36	12.75	12.2	10.64	4	75
11/02/2015 13:35	6.81	11.71	13.29	14.98	11.7	4	75
11/02/2015 13:40	7.06	12.09	13.42	14.51	11.77	4	75
11/02/2015 13:45	8.69	12.02	13.28	16.23	12.55	4	75
11/02/2015 13:50	6.09	11.34	12.42	14.65	11.12	4	75
11/02/2015 13:55	7.16	12.14	14.02	15.1	12.11	4	75
11/02/2015 14:00	8.08	13.28	15.14	17.04	13.39	4	75
11/02/2015 14:05	8.22	11.64	14.58	13.71	12.04	4	75
11/02/2015 14:10	8.5	10.48	13.32	14.44	11.68	4	75
11/02/2015 14:15	8.1	11.06	11.43	14.53	11.28	4	75
11/02/2015 14:20	8.16	11.93	62.82	14.06	24.24	4	75
11/02/2015 14:25	8.67	13.07	13.7	16.09	12.88	4	75
11/02/2015 14:30	7.42	12.03	14.4	16.22	12.52	4	75
11/02/2015 14:35	9.88	13.51	16.21	17.5	14.28	4	75
11/02/2015 14:40	9.29	14.09	15.17	16.8	13.84	4	75
11/02/2015 14:45	9.33	12.89	18.85	19.7	15.19	4	75
11/02/2015 14:50	8.38	12.03	14.71	17.17	13.07	4	75
11/02/2015 14:55	10.48	12.11	16.56	18.44	14.4	4	75
11/02/2015 15:00	10.66	12.76	15.37	17.06	13.96	4	75
11/02/2015 15:05	9.12	13.98	16.15	18.89	14.54	4	75
11/02/2015 15:10	11.01	12.92	18.31	17.77	15	4	75
11/02/2015 15:15	10.83	12.45	18.65	21.49	15.85	4	75
11/02/2015 15:20	11.6	12.3	15.82	18.73	14.61	4	75
11/02/2015 15:25	10.07	14.44	20.92	20.83	16.57	4	75
11/02/2015 15:30	10.69	13.44	16.77	18.73	14.91	4	75
11/02/2015 15:35	11.86	14.07	18.95	19.28	16.04	4	75
11/02/2015 15:40	11.27	15.52	18.99	19.02	16.2	4	75
11/02/2015 15:45	11.73	13.03	17.89	19.16	15.45	4	75
11/02/2015 15:50	11.16	14.17	18.06	19.06	15.61	4	75
11/02/2015 15:55	10.82	14.02	16.38	17.94	14.79	4	75
11/02/2015 16:00	10.97	13.19	22.03	23.56	17.44	4	75
11/02/2015 16:05	8.44	9.49	12.8	12.63	10.84	4	75
11/02/2015 16:10	9.79	11.6	18.45	17.17	14.25	4	75
11/02/2015 16:15	11.53	13.25	17.22	19.14	15.29	4	75
11/02/2015 16:20	12.39	13.38	18.39	21.4	16.39	4	75
11/02/2015 16:25	12.82	12.95	17.67	17.61	15.26	4	75
11/02/2015 16:30	10.23	12.51	19.25	18.39	15.09	4	75
11/02/2015 16:35	11.28	13.85	19.22	19.96	16.08	4	75
11/02/2015 16:40	11.38	14.46	18.93	18.91	15.92	4	75
11/02/2015 16:45	10.98	13.59	19.56	21.17	16.32	4	75
11/02/2015 16:50	11.97	12.7	21.66	24.83	17.79	4	75
11/02/2015 16:55	9.93	10.85	19.76	23.2	15.94	4	75
11/02/2015 17:00	10.86	12.22	20.71	21.42	16.3	4	75
11/02/2015 17:05	11.92	13.77	23.42	24.48	18.4	4	75
11/02/2015 17:10	10.31	15.25	20.13	20.5	16.55	4	75
11/02/2015 17:15	13.85	16.16	21.95	24.32	19.07	4	75
11/02/2015 17:20	12.63	15.5	19.02	20.09	16.81	4	75
11/02/2015 17:25	12.68	15.14	22.04	23.62	18.37	4	75
11/02/2015 17:30	11.09	16.36	16.78	17.37	15.4	4	75
11/02/2015 17:35	9.79	15.03	16.62	18.23	14.92	4	75
11/02/2015 17:40	8.68	14.42	17.27	18.99	14.84	4	75
11/02/2015 17:45	9.73	15.34	18.52	17.32	15.23	4	75
11/02/2015 17:50	10.59	16.95	19.36	19.99	16.72	4	75
11/02/2015 17:55	10.2	17.66	18.42	20.97	16.81	4	75
11/02/2015 18:00	9.49	15.34	18.24	18.09	15.29	4	75
11/02/2015 18:05	11.15	16.88	19.18	19.91	16.78	4	75
11/02/2015 18:10	11.77	17.62	18.71	20.38	17.12	4	75
11/02/2015 18:15	11.82	19.39	21.17	22.87	18.81	4	75
11/02/2015 18:20	11.36	17.1	22.08	21.53	18.02	4	75
11/02/2015 18:25	14.07	16.51	27.23	24.59	20.6	4	75
11/02/2015 18:30	10.8	15.79	19.04	18.62	16.06	4	75
11/02/2015 18:35	8.47	14.43	19.09	19.03	15.25	4	75
11/02/2015 18:40	9.46	16.06	18.12	18.94	15.65	4	75
11/02/2015 18:45	10.59	16	16.96	18.87	15.61	4	75
11/02/2015 18:50	10.21	17.06	16.9	17.2	15.34	4	75
11/02/2015 18:55	11.49	14.41	16.44	17.1	14.86	4	75
11/02/2015 19:00	11.39	14.33	18.4	17.2	15.33	4	75
11/02/2015 19:05	9.88	12.17	17.35	20.4	14.95	4	75
11/02/2015 19:10	10.79	15.62	19.51	18.42	16.09	4	75
11/02/2015 19:15	9.24	13.83	17.56	20.57	15.3	4	75
11/02/2015 19:20	9.06	13.66	20.3	19.1	15.53	4	75
11/02/2015 19:25	9.78	15.28	17.32	17.33	14.93	4	75
11/02/2015 19:30	7.62	14.24	13.85	16.79	13.13	4	75
11/02/2015 19:35	9.7	14.33	16.6	16.9	14.38	4	75
11/02/2015 19:40	8.5	16.69	14.99	18.2	14.6	4	75
11/02/2015 19:45	9.98	17.61	17.44	20.3	16.33	4	75
11/02/2015 19:50	7.8	18.83	15.63	18.95	15.3	4	75
11/02/2015 19:55	7.49	14.77	12.1	13.25	11.9	4	75
11/02/2015 20:00	6.33	12.84	12.55	14.58	11.58	4	75
11/02/2015 20:05	3	8.86	9.82	10.43	8.03	4	75
11/02/2015 20:10	2.63	8.51	7.55	10.02	7.18	4	75
11/02/2015 20:15	3.42	7.99	8.96	10.45	7.71	4	75
11/02/2015 20:20	3.07	8.81	10	10.53	8.1	4	75
11/02/2015 20:25	3.29	8.21	9.34	10	7.71	4	75
11/02/2015 20:30	2.41	6.74	7.02	7.93	6.03	4	75
11/02/2015 20:35	2.31	7.21	7.36	9.76	6.66	4	75
11/02/2015 20:40	2.18	7.17	8.03	8.25	6.41	4	75
11/02/2015 20:45	2.87	7.32	7.51	9.24	6.74	4	75
11/02/2015 20:50	1.87	6.97	8.57	8.2	6.4	4	75
11/02/2015 20:55	2.35	7.03	7.44	8.68	6.37	4	75
11/02/2015 21:00	2.21	7.01	7.27	10.25	6.68	4	75
11/02/2015 21:05	1.39	7.87	7.92	9.26	6.61	4	75
11/02/2015 21:10	2.04	7.99	8.12	9.4	6.89	4	75
11/02/2015 21:15	1.99	8.15	8.7	9.59	7.11	4	75
11/02/2015 21:20	1.79	11.94	8.07	8.83	7.66	4	75
11/02/2015 21:25	1.99	9.07	7.79	9.16	7	4	75
11/02/2015 21:30	1.3	7.14	7.3	7.69	5.86	4	75
11/02/2015 21:35	1.95	8.12	8.26	9.61	6.99	4	75
11/02/2015 21:40	1.74	8.26	7.46	9.88	6.84	4	75
11/02/2015 21:45	1.51	7.46	6.81	7.53	5.83	4	75
11/02/2015 21:50	1.42	6.71	7.35	7.89	5.84	4	75
11/02/2015 21:55	2.14	6.1	7.08	7.17	5.62	4	75
11/02/2015 22:00	1.21	6.47	6.18	8.45	5.58	4	75
11/02/2015 22:05	1.27	6.68	8.27	8.22	6.11	4	75
11/02/2015 22:10	1.31	6.62	7.08	7.83	5.71	4	75
11/02/2015 22:15	.9	6.72	7.5	7.9	5.75	4	75
11/02/2015 22:20	1.1	5.37	6.3	6.31	4.77	4	75
11/02/2015 22:25	1.3	5.9	6.57	7.39	5.29	4	75
11/02/2015 22:30	.98	4.87	6.29	5.71	4.46	4	75
11/02/2015 22:35	.62	5.36	6.18	8.07	5.06	4	75
11/02/2015 22:40	.51	4.83	4.88	6.33	4.14	4	75
11/02/2015 22:45	.38	4.09	4.88	6.84	4.05	4	75
11/02/2015 22:50	.83	4.59	4.53	5.83	3.94	4	75
11/02/2015 22:55	.92	4.5	5.32	5.28	4.01	4	75
11/02/2015 23:00	.37	3.36	3.29	3.93	2.74	4	75
11/02/2015 23:05	.9	4.45	5.15	5.25	3.94	4	75
11/02/2015 23:10	.39	4.95	5.96	5.81	4.28	4	75
11/02/2015 23:15	.51	3.75	4.37	4.68	3.33	4	75
11/02/2015 23:20	.15	3.78	4.46	4.43	3.21	4	75
11/02/2015 23:25	.18	3.07	2.93	3.59	2.44	4	75
11/02/2015 23:30	.48	3.12	2.86	4.66	2.78	4	75
11/02/2015 23:35	.11	3.52	3.78	4.12	2.88	4	75
11/02/2015 23:40	.23	3.08	3.74	5.4	3.11	4	75
11/02/2015 23:45	.18	3.11	3.37	4.03	2.67	4	75
11/02/2015 23:50	.3	2.7	2.98	3.75	2.43	4	75
11/02/2015 23:55	.13	2.89	3.22	3.37	2.4	4	75
11/03/2015 00:00	0	1.61	2.43	2.92	1.74	4	100
11/03/2015 00:05	.33	2.31	2.75	2.97	2.09	4	100
11/03/2015 00:10	.07	2.05	2.65	3.2	1.99	4	100
11/03/2015 00:15	.12	1.89	2.79	3.39	2.05	4	100
11/03/2015 00:20	.13	1.51	2.27	3.29	1.8	4	100
11/03/2015 00:25	.14	1.95	2.29	2.44	1.7	4	100
11/03/2015 00:30	.09	1.32	1.85	3.64	1.73	4	100
11/03/2015 00:35	.08	1.44	1.53	2.5	1.39	4	100
11/03/2015 00:40	.06	1.17	1.58	2.86	1.42	4	100
11/03/2015 00:45	.17	.99	2.02	2.93	1.53	4	100
11/03/2015 00:50	.09	1.07	1.45	1.86	1.12	4	100
11/03/2015 00:55	0	.69	2.06	2.74	1.37	4	100
11/03/2015 01:00	0	1.29	2.51	2.08	1.47	4	100
11/03/2015 01:05	0	.75	1.58	2.63	1.24	4	100
11/03/2015 01:10	0	.89	1.76	2.13	1.2	4	100
11/03/2015 01:15	.08	.73	1	1.44	.81	4	100
11/03/2015 01:20	.08	.43	1.49	2.19	1.05	4	100
11/03/2015 01:25	0	.42	1.46	1.23	.78	4	100
11/03/2015 01:30	0	.74	1.09	1.64	.87	4	100
11/03/2015 01:35	.07	.59	.73	2.41	.95	4	100
11/03/2015 01:40	.13	.19	.93	1.17	.6	4	100
11/03/2015 01:45	0	.43	1.44	1.15	.76	4	100
11/03/2015 01:50	0	.52	1.01	1.83	.84	4	100
11/03/2015 01:55	0	.58	1.01	1.02	.65	4	100
11/03/2015 02:00	0	.41	1.01	1.75	.79	4	100
11/03/2015 02:05	0	.58	.89	1.07	.63	4	100
11/03/2015 02:10	.07	1.13	1.45	2.1	1.19	4	100
11/03/2015 02:15	0	.78	1.08	1.47	.83	4	100
11/03/2015 02:20	.14	.97	2.01	1.97	1.27	4	100
11/03/2015 02:25	0	.48	.45	1.8	.68	4	100
11/03/2015 02:30	.07	.38	.91	1.04	.6	4	100
11/03/2015 02:35	0	.3	.92	2.1	.83	4	100
11/03/2015 02:40	0	.53	1.45	2.11	1.02	4	100
11/03/2015 02:45	0	.32	1.05	1.11	.62	4	100
11/03/2015 02:50	0	.43	1.16	2.04	.91	4	100
11/03/2015 02:55	.11	.4	.89	1.46	.72	4	100
11/03/2015 03:00	0	.52	.83	2.5	.96	4	100
11/03/2015 03:05	0	.57	.77	1.39	.68	4	100
11/03/2015 03:10	0	.49	.97	1.61	.77	4	100
11/03/2015 03:15	0	.39	.91	1.62	.73	4	100
11/03/2015 03:20	0	.49	.98	2.18	.91	4	100
11/03/2015 03:25	0	.5	1.04	1.74	.82	4	100
11/03/2015 03:30	0	.77	1.34	1.85	.99	4	100
11/03/2015 03:35	0	.58	1.18	1.88	.91	4	100
11/03/2015 03:40	0	.66	1.04	1.36	.77	4	100
11/03/2015 03:45	0	.92	1.64	3.64	1.55	4	100
11/03/2015 03:50	.07	.69	1.61	2.33	1.18	4	100
11/03/2015 03:55	.27	1.34	1.17	2.61	1.35	4	100
11/03/2015 04:00	0	1.14	1.89	1.96	1.25	4	100
11/03/2015 04:05	.03	.88	1.53	2.54	1.24	4	100
11/03/2015 04:10	0	.91	1.3	2.57	1.2	4	100
11/03/2015 04:15	0	1.58	2.82	2.99	1.85	4	100
11/03/2015 04:20	.13	1.04	1.69	2.77	1.41	4	100
11/03/2015 04:25	.22	1.6	2.01	2.7	1.63	4	100
11/03/2015 04:30	.17	2.12	2.27	3.28	1.96	4	100
11/03/2015 04:35	.7	2.97	3.2	5.29	3.04	4	100
11/03/2015 04:40	.67	2.88	3.26	3.89	2.67	4	100
11/03/2015 04:45	.36	3.26	3.24	3.71	2.64	4	100
11/03/2015 04:50	.41	2.9	2.91	3.26	2.37	4	100
11/03/2015 04:55	.56	3.63	4.1	3.86	3.04	4	100
11/03/2015 05:00	.79	3.36	3.07	3.4	2.66	4	100
11/03/2015 05:05	.35	4.19	4.69	5.99	3.81	4	100
11/03/2015 05:10	.82	3.68	4.18	5.69	3.59	4	100
11/03/2015 05:15	1.22	6.01	5.39	5.7	4.58	4	100
11/03/2015 05:20	1.63	6.13	5.7	6.14	4.9	4	100
11/03/2015 05:25	2.3	6.15	6.47	6.24	5.29	4	100
11/03/2015 05:30	2.18	6.99	6.76	7.7	5.91	4	100
11/03/2015 05:35	2.06	10.04	8.85	9.21	7.54	4	100
11/03/2015 05:40	2.97	9.34	9.04	9.49	7.71	4	100
11/03/2015 05:45	2.26	8.69	6.81	7.48	6.31	4	100
11/03/2015 05:50	3.16	8.64	8.62	7.51	6.98	4	100
11/03/2015 05:55	2.21	8.58	7.89	7.24	6.48	4	100
11/03/2015 06:00	2.83	8.31	7.84	7.9	6.72	4	100
11/03/2015 06:05	3.39	10.3	8.81	8.82	7.83	4	100
11/03/2015 06:10	2.01	9.12	8.27	9.2	7.15	4	100
11/03/2015 06:15	2.89	10.39	8.79	9.28	7.84	4	100
11/03/2015 06:20	2.54	9.77	8.72	8.26	7.32	4	100
11/03/2015 06:25	2.66	8.83	9.38	9.51	7.6	4	100
11/03/2015 06:30	2.91	9.5	8.03	9.27	7.43	4	100
11/03/2015 06:35	3.16	11.39	10.68	9.09	8.58	4	100
11/03/2015 06:40	2.4	10.43	10.37	10.2	8.35	4	100
11/03/2015 06:45	2.11	12.18	11.36	9.64	8.82	4	100
11/03/2015 06:50	2.86	11.73	9.62	10.98	8.8	4	100
11/03/2015 06:55	2.26	10.41	9.98	8.99	7.91	4	100
11/03/2015 07:00	2.92	13.05	12.11	10.33	9.6	4	100
11/03/2015 07:05	3.1	12.25	10.6	12.95	9.73	4	100
11/03/2015 07:10	3.16	13.63	11.44	12.8	10.26	4	100
11/03/2015 07:15	3.69	14.38	12.08	12.62	10.69	4	100
11/03/2015 07:20	3.8	13.66	12.73	11.91	10.52	4	100
11/03/2015 07:25	4.74	13.87	13.5	13.57	11.42	4	100
11/03/2015 07:30	5.38	14.2	14.17	15.6	12.34	4	100
11/03/2015 07:35	3.54	13.1	13.9	15.45	11.5	4	100
11/03/2015 07:40	5.39	13.37	13.38	12.63	11.19	4	100
11/03/2015 07:45	5.78	15.17	14.31	15.26	12.63	4	100
11/03/2015 07:50	4.08	14.81	14.2	13.25	11.58	4	100
11/03/2015 07:55	5.19	17.4	14.45	14.69	12.93	4	100
11/03/2015 08:00	6.72	16.25	15.84	15.7	13.63	4	100
11/03/2015 08:05	6.9	15.02	15.69	15.7	13.33	4	100
11/03/2015 08:10	6.64	14.55	14.09	15.23	12.63	4	100
11/03/2015 08:15	5.34	16.21	15.28	16.31	13.28	4	100
11/03/2015 08:20	5.62	16.03	15.28	15.13	13.01	4	100
11/03/2015 08:25	4.71	17.03	16.16	15.87	13.44	4	100
11/03/2015 08:30	4.48	15.79	15.4	16.42	13.02	4	100
11/03/2015 08:35	5.73	16.31	16.1	17.38	13.88	4	100
11/03/2015 08:40	7.27	18.52	17.19	16.81	14.95	4	100
11/03/2015 08:45	6.58	20.4	21.71	22.6	17.82	4	100
11/03/2015 08:50	5.79	15.87	15.08	16.79	13.38	4	100
11/03/2015 08:55	5.48	15.69	12.81	14.67	12.16	4	100
11/03/2015 09:00	4.17	14.07	12.09	13.58	10.98	4	100
11/03/2015 09:05	4.53	13.52	11.73	12.16	10.48	4	100
11/03/2015 09:10	3.23	13.38	10.65	11.8	9.77	4	100
11/03/2015 09:15	3.48	11.54	10.82	10.9	9.19	4	100
11/03/2015 09:20	2.58	11.1	10.77	11.68	9.03	4	100
11/03/2015 09:25	2.82	10.93	10.09	10.91	8.69	4	100
11/03/2015 09:30	2.87	10.72	10.36	10.99	8.73	4	100
11/03/2015 09:35	3.23	12.09	9.97	10.91	9.05	4	100
11/03/2015 09:40	3.26	12.6	13.76	11.56	10.29	4	100
11/03/2015 09:45	3.7	11.61	11.01	11.19	9.38	4	100
11/03/2015 09:50	2.83	10.99	10.09	10.77	8.67	4	100
11/03/2015 09:55	3.71	9.54	9.97	9.77	8.25	4	100
11/03/2015 10:00	4.42	11.03	10.1	11.34	9.22	4	100
11/03/2015 10:05	2.61	10.41	9.28	9.63	7.98	4	100
11/03/2015 10:10	3.6	11.5	10.29	13.28	9.67	4	100
11/03/2015 10:15	2.94	10.15	10.52	11.65	8.82	4	100
11/03/2015 10:20	5.09	11.7	11.04	10.88	9.68	4	100
11/03/2015 10:25	4.02	12.1	10.78	11.57	9.62	4	100
11/03/2015 10:30	3.78	12.61	11.53	12.61	10.13	4	100
11/03/2015 10:35	3.38	10.39	10.2	12.55	9.13	4	100
11/03/2015 10:40	3.5	11.36	11.53	12.13	9.63	4	100
11/03/2015 10:45	4.68	13.56	12.42	14.26	11.23	4	100
11/03/2015 10:50	4.32	12.11	11.34	12.66	10.11	4	100
11/03/2015 10:55	4.71	12.18	11.34	13.13	10.34	4	100
11/03/2015 11:00	4.11	12.37	11.68	11.83	10	4	100
11/03/2015 11:05	4.66	11.85	12.4	14.01	10.73	4	100
11/03/2015 11:10	3.98	12.17	11.02	12	9.79	4	100
11/03/2015 11:15	4.03	10.81	10.39	11.6	9.21	4	100
11/03/2015 11:20	4.86	13.25	12.4	14.74	11.31	4	100
11/03/2015 11:25	4.16	13.28	13.03	14.56	11.26	4	100
11/03/2015 11:30	6.36	13.36	12.17	15.9	11.95	4	100
11/03/2015 11:35	5.51	13.07	11.53	13.03	10.79	4	100
11/03/2015 11:40	3.32	13.23	11.61	15.44	10.9	4	100
11/03/2015 11:45	5.66	12.86	11.7	13.33	10.89	4	100
11/03/2015 11:50	4.57	13.2	10.96	13.52	10.56	4	100
11/03/2015 11:55	4.26	13.46	10.4	15.13	10.81	4	100
11/03/2015 12:00	4.42	12.11	11.34	11.69	9.89	4	100
11/03/2015 12:05	4.98	12.99	12.4	14.15	11.13	4	100
11/03/2015 12:10	6.09	15.47	13.31	16.45	12.83	4	100
11/03/2015 12:15	5.32	14.17	12.23	14.55	11.57	4	100
11/03/2015 12:20	5.12	14.58	12.47	15.76	11.98	4	100
11/03/2015 12:25	5.09	11.82	11.49	12.07	10.12	4	100
11/03/2015 12:30	3.8	13.09	11.31	16.06	11.06	4	100
11/03/2015 12:35	5.72	13.26	13.29	13.29	11.39	4	100
11/03/2015 12:40	6.34	13.35	13.98	15.48	12.29	4	100
11/03/2015 12:45	4.95	14.69	12.55	16.21	12.1	4	100
11/03/2015 12:50	6.34	13.43	12.41	15.87	12.01	4	100
11/03/2015 12:55	4.91	13.41	12.56	12.72	10.9	4	100
11/03/2015 13:00	5.1	14.66	13.56	14.24	11.89	4	100
11/03/2015 13:05	4.1	11.72	10.77	11.96	9.64	4	100
11/03/2015 13:10	5.33	11.32	11.61	11.49	9.94	4	100
11/03/2015 13:15	5.57	14.61	13.54	13.59	11.83	4	100
11/03/2015 13:20	6.64	12.91	12.78	13.49	11.46	4	100
11/03/2015 13:25	7.03	14.11	13.39	14.63	12.29	4	100
11/03/2015 13:30	6.86	13.3	12.27	13.53	11.49	4	100
11/03/2015 13:35	7.52	12.82	12.39	14.36	11.77	4	100
11/03/2015 13:40	7.58	15.36	12	15.3	12.56	4	100
11/03/2015 13:45	8.25	13.12	12	14.18	11.89	4	100
11/03/2015 13:50	6.06	14.19	13.53	14.01	11.95	4	100
11/03/2015 13:55	6.69	15.1	15.39	15.02	13.05	4	100
11/03/2015 14:00	9.42	16.08	18.29	20.41	16.05	4	100
11/03/2015 14:05	13.76	36.39	36.51	33.8	30.12	4	100
11/03/2015 14:10	10.64	21.47	20.97	19.65	18.18	4	100
11/03/2015 14:15	11.52	16.31	15.88	18.77	15.62	4	100
11/03/2015 14:20	11.3	18.48	17.91	19.43	16.78	4	100
11/03/2015 14:25	8.12	16.43	16.7	19.48	15.18	4	100
11/03/2015 14:30	10.36	14.22	14.52	17.22	14.08	4	100
11/03/2015 14:35	11.07	14.82	14.74	18.86	14.87	4	100
11/03/2015 14:40	10.47	15.21	16.78	17.57	15.01	4	100
11/03/2015 14:45	10.23	17.42	15.84	17.69	15.29	4	100
11/03/2015 14:50	13.99	21	21.22	22.61	19.71	4	100
11/03/2015 14:55	12.14	16.81	19.37	20.35	17.17	4	100
11/03/2015 15:00	11.15	18.62	18.94	19.29	17	4	100
11/03/2015 15:05	9.9	16.12	17.71	21.16	16.22	4	100
11/03/2015 15:10	10.3	16.1	16.45	17.94	15.2	4	100
11/03/2015 15:15	11.2	18.02	17.65	19.24	16.53	4	100
11/03/2015 15:20	11.86	17.07	16.15	18.59	15.92	4	100
11/03/2015 15:25	11.64	16.99	18.22	18.86	16.43	4	100
11/03/2015 15:30	10.66	16.76	16.72	18.55	15.67	4	100
11/03/2015 15:35	10.65	19.32	21.35	22.12	18.36	4	100
11/03/2015 15:40	12.2	21.21	23.78	25.73	20.73	4	100
11/03/2015 15:45	12.23	15.25	18.3	16.73	15.63	4	100
11/03/2015 15:50	10.29	16.82	21.11	21.03	17.31	4	100
11/03/2015 15:55	14.36	18.85	16.88	22.5	18.15	4	100
11/03/2015 16:00	12.95	16.5	16.65	19.84	16.48	4	100
11/03/2015 16:05	12.59	17.46	19.55	21.91	17.88	4	100
11/03/2015 16:10	10.38	18.53	22.34	21.72	18.24	4	100
11/03/2015 16:15	12.07	20.15	22.52	24.96	19.93	4	100
11/03/2015 16:20	11.53	18.71	20.21	22.76	18.3	4	100
11/03/2015 16:25	12.14	18.94	22.47	23.13	19.17	4	100
11/03/2015 16:30	13.09	21	21.88	22.11	19.52	4	100
11/03/2015 16:35	11.59	18.7	19.91	19.41	17.4	4	100
11/03/2015 16:40	10.1	18.02	19.31	21.78	17.3	4	100
11/03/2015 16:45	11.9	15.75	17.61	17.61	15.72	4	100
11/03/2015 16:50	9.64	17.57	19.41	19.73	16.59	4	100
11/03/2015 16:55	9.59	20.38	20.87	20.71	17.89	4	100
11/03/2015 17:00	10.68	18.55	18.06	18.81	16.53	4	100
11/03/2015 17:05	9.8	18.59	17.14	19.53	16.27	4	100
11/03/2015 17:10	10.31	18.29	18.93	19.7	16.81	4	100
11/03/2015 17:15	10.06	18.02	18.42	17.4	15.98	4	100
11/03/2015 17:20	10.99	16.19	18.91	20.16	16.56	4	100
11/03/2015 17:25	10.12	19.99	21.27	22.01	18.35	4	100
11/03/2015 17:30	10.94	23.71	24.97	23.49	20.78	4	100
11/03/2015 17:35	11.1	18.69	20.01	18.22	17.01	4	100
11/03/2015 17:40	10.29	18.78	18.11	19.15	16.58	4	100
11/03/2015 17:45	11.78	21.93	20.21	22.47	19.1	4	100
11/03/2015 17:50	11.6	19.58	21.81	20.37	18.34	4	100
11/03/2015 17:55	12.03	23.12	25.39	25.18	21.43	4	100
11/03/2015 18:00	10.89	19.09	21.53	21.04	18.14	4	100
11/03/2015 18:05	10.89	21.38	24.79	25.39	20.61	4	100
11/03/2015 18:10	9.62	16.69	16.9	18.99	15.55	4	100
11/03/2015 18:15	11.23	17.59	19.25	20.07	17.04	4	100
11/03/2015 18:20	11.17	20.68	21.81	22.19	18.96	4	100
11/03/2015 18:25	11.6	22.19	21.17	23.59	19.64	4	100
11/03/2015 18:30	10.16	17.15	18.3	19.83	16.36	4	100
11/03/2015 18:35	10.35	16.37	18.57	18.09	15.84	4	100
11/03/2015 18:40	11.99	19.09	19.81	22.35	18.31	4	100
11/03/2015 18:45	9.82	21.32	22.55	23.6	19.32	4	100
11/03/2015 18:50	10.51	19.75	21.94	23.13	18.83	4	100
11/03/2015 18:55	11.32	17.77	19.61	20.33	17.26	4	100
11/03/2015 19:00	9.27	17.66	18.6	20.79	16.58	4	100
11/03/2015 19:05	10.96	17.48	16.92	18.66	16	4	100
11/03/2015 19:10	10.71	15.86	17.11	18.55	15.56	4	100
11/03/2015 19:15	10.24	16.35	16.5	17.8	15.22	4	100
11/03/2015 19:20	9.86	18.1	18.91	18.02	16.22	4	100
11/03/2015 19:25	7.69	16.35	14.75	16.49	13.82	4	100
11/03/2015 19:30	10.41	17.16	16.09	18	15.42	4	100
11/03/2015 19:35	9.64	16.92	17.2	18.21	15.49	4	100
11/03/2015 19:40	11.31	17.64	17.8	16.81	15.89	4	100
11/03/2015 19:45	8.85	15.45	16.45	17.96	14.68	4	100
11/03/2015 19:50	7.6	15.53	16.15	18.2	14.37	4	100
11/03/2015 19:55	7.2	16.28	16.85	17.75	14.52	4	100
11/03/2015 20:00	7.53	17.53	17.59	18.93	15.4	4	100
11/03/2015 20:05	7.21	17.72	16.3	18.04	14.82	4	100
11/03/2015 20:10	6.02	15.58	13.7	14.44	12.43	4	100
11/03/2015 20:15	5.42	10.98	8.28	10.17	8.71	4	100
11/03/2015 20:20	3.6	10.08	10.04	10.54	8.57	4	100
11/03/2015 20:25	.56	4.02	4.87	7.26	4.18	4	100
11/03/2015 20:30	3.06	5.61	5.78	7	5.36	4	100
11/03/2015 20:35	6.21	12.32	11.99	12.3	10.71	4	100
11/03/2015 20:40	6.02	11.51	11.9	12.27	10.43	4	100
11/03/2015 20:45	5.27	11.76	10.97	10.66	9.67	4	100
11/03/2015 20:50	4.92	12.4	11.87	13.16	10.59	4	100
11/03/2015 20:55	4.81	11.43	9.41	12.17	9.45	4	100
11/03/2015 21:00	1.75	9.31	8.05	9.2	7.08	4	100
11/03/2015 21:05	2.09	7.73	7.45	9.27	6.63	4	100
11/03/2015 21:10	2.13	8.73	9.49	9.68	7.51	4	100
11/03/2015 21:15	2.71	9.52	9.46	10.41	8.03	4	100
11/03/2015 21:20	2.14	10.79	10.32	11.79	8.76	4	100
11/03/2015 21:25	2.02	9.14	9.32	9.94	7.6	4	100
11/03/2015 21:30	2.19	9.38	9.31	10.84	7.93	4	100
11/03/2015 21:35	2.09	8.51	8.6	9.36	7.14	4	100
11/03/2015 21:40	1.59	7.37	7.9	9.29	6.54	4	100
11/03/2015 21:45	2.49	9.31	9.38	9.51	7.67	4	100
11/03/2015 21:50	2.42	8.91	8.3	8.4	7.01	4	100
11/03/2015 21:55	1.75	8.06	6.75	8.03	6.15	4	100
11/03/2015 22:00	1.88	8.06	7.81	9.91	6.91	4	100
11/03/2015 22:05	1.38	7.72	8.33	9.82	6.81	4	100
11/03/2015 22:10	1.76	8.11	8.67	8.01	6.64	4	100
11/03/2015 22:15	1.24	7.62	8.42	8.3	6.4	4	100
11/03/2015 22:20	1.6	7.76	6.83	8.98	6.29	4	100
11/03/2015 22:25	1.27	8.18	8.23	9.15	6.71	4	100
11/03/2015 22:30	1.3	7.79	7.67	8.61	6.34	4	100
11/03/2015 22:35	.93	6.27	7.08	8.74	5.76	4	100
11/03/2015 22:40	.82	4.81	6.43	7.13	4.8	4	100
11/03/2015 22:45	1.12	5.36	6.32	7.31	5.03	4	100
11/03/2015 22:50	.92	5.96	5.61	7.36	4.96	4	100
11/03/2015 22:55	.95	4.25	5.06	6.23	4.12	4	100
11/03/2015 23:00	.44	4.46	5.67	6.51	4.27	4	100
11/03/2015 23:05	.58	4.39	4.82	5.09	3.72	4	100
11/03/2015 23:10	.38	4.46	4.54	5.31	3.67	4	100
11/03/2015 23:15	.29	3.44	4.86	5.22	3.45	4	100
11/03/2015 23:20	.28	4.18	4.44	4.93	3.46	4	100
11/03/2015 23:25	.78	3.78	4.5	5.12	3.55	4	100
11/03/2015 23:30	.41	3.56	4.36	5.68	3.5	4	100
11/03/2015 23:35	.72	2.92	3.9	5.34	3.22	4	100
11/03/2015 23:40	.61	2.48	3.68	4.33	2.77	4	100
11/03/2015 23:45	.18	3.11	4.43	4.96	3.17	4	100
11/03/2015 23:50	.39	3.1	3.47	5.27	3.06	4	100
11/03/2015 23:55	.26	3.22	3.43	4.43	2.84	4	100
11/04/2015 00:00	.38	1.64	3.06	3.72	2.2	4	100
11/04/2015 00:05	.14	2.22	2.84	3.4	2.15	4	100
11/04/2015 00:10	.06	1.34	2.85	3.68	1.98	4	100
11/04/2015 00:15	.29	2.18	3.1	3.11	2.17	4	100
11/04/2015 00:20	.13	1.96	2.82	3.27	2.04	4	100
11/04/2015 00:25	.09	1.51	2.11	3.59	1.83	4	100
11/04/2015 00:30	0	1.37	2.04	2.12	1.38	4	100
11/04/2015 00:35	.16	1.09	2.49	2.48	1.56	4	100
11/04/2015 00:40	.14	1.54	2.41	2.53	1.65	4	100
11/04/2015 00:45	.07	1.15	1.73	3.18	1.53	4	100
11/04/2015 00:50	.16	1.08	1.97	2.45	1.42	4	100
11/04/2015 00:55	.06	1.64	1.74	3.03	1.62	4	100
11/04/2015 01:00	.12	.92	1.74	2.39	1.29	4	100
11/04/2015 01:05	.06	1.32	1.59	2.13	1.28	4	100
11/04/2015 01:10	0	.78	1.3	1.73	.95	4	100
11/04/2015 01:15	.07	1.09	1.78	2.6	1.38	4	100
11/04/2015 01:20	0	.62	1.19	1.46	.82	4	100
11/04/2015 01:25	.07	.96	1.42	2.79	1.31	4	100
11/04/2015 01:30	.07	1.11	1.55	1.74	1.12	4	100
11/04/2015 01:35	0	.65	1.33	1.46	.86	4	100
11/04/2015 01:40	0	.47	1.18	1.67	.83	4	100
11/04/2015 01:45	.07	.65	.8	2.02	.89	4	100
11/04/2015 01:50	.13	.44	.72	1.47	.69	4	100
11/04/2015 01:55	.03	.84	1.1	1.9	.97	4	100
11/04/2015 02:00	0	.95	1.93	2.14	1.25	4	100
11/04/2015 02:05	.1	.78	1.37	1.16	.85	4	100
11/04/2015 02:10	0	.78	1.55	2.59	1.23	4	100
11/04/2015 02:15	0	.77	1.47	2.5	1.18	4	100
11/04/2015 02:20	.08	.79	1.63	2.1	1.15	4	100
11/04/2015 02:25	0	.47	.7	1.43	.65	4	100
11/04/2015 02:30	0	.53	1.55	1.31	.85	4	100
11/04/2015 02:35	0	.85	1.31	1.19	.84	4	100
11/04/2015 02:40	0	.61	.73	1.65	.75	4	100
11/04/2015 02:45	0	.35	1.13	1.52	.75	4	100
11/04/2015 02:50	.12	.4	1.13	1.5	.79	4	100
11/04/2015 02:55	0	.37	.57	1.94	.72	4	100
11/04/2015 03:00	.02	.28	1.32	2.46	1.02	4	100
11/04/2015 03:05	0	.81	1.41	1.63	.96	4	100
11/04/2015 03:10	0	.71	1	2.18	.97	4	100
11/04/2015 03:15	0	.49	1.32	1.7	.88	4	100
11/04/2015 03:20	0	.37	1.17	1.44	.75	4	100
11/04/2015 03:25	0	.26	1.04	1.48	.69	4	100
11/04/2015 03:30	0	.52	1.08	1.49	.77	4	100
11/04/2015 03:35	.07	.95	.78	1.83	.91	4	100
11/04/2015 03:40	.02	.83	1.29	1.51	.91	4	100
11/04/2015 03:45	.08	.81	1.04	2.01	.98	4	100
11/04/2015 03:50	.07	1.05	1.68	2.14	1.23	4	100
11/04/2015 03:55	.07	.58	1.43	1.96	1.01	4	100
11/04/2015 04:00	.06	.81	1.2	3.56	1.41	4	100
11/04/2015 04:05	.04	1.62	1.86	1.82	1.33	4	100
11/04/2015 04:10	0	.81	1.39	2.52	1.18	4	100
11/04/2015 04:15	.14	1.72	2.13	4.32	2.08	4	100
11/04/2015 04:20	.08	1.79	1.75	3.41	1.76	4	100
11/04/2015 04:25	.24	1.3	2.21	4.28	2.01	4	100
11/04/2015 04:30	.29	2.23	3.18	3.49	2.3	4	100
11/04/2015 04:35	.75	2.72	2.98	3.82	2.57	4	100
11/04/2015 04:40	.58	2.66	3.27	3.79	2.57	4	100
11/04/2015 04:45	.51	2.3	2.96	3.7	2.37	4	100
11/04/2015 04:50	.79	4.45	4.8	4.97	3.75	4	100
11/04/2015 04:55	.61	2.75	2.83	3.49	2.42	4	100
11/04/2015 05:00	.54	4.23	3.85	5.04	3.41	4	100
11/04/2015 05:05	.63	3.93	4.08	5.37	3.5	4	100
11/04/2015 05:10	.98	5.57	4.81	6.36	4.43	4	100
11/04/2015 05:15	1.3	5.74	5.51	6.53	4.77	4	100
11/04/2015 05:20	2.4	6.94	6.21	6.05	5.4	4	100
11/04/2015 05:25	1.48	5.41	5.52	6.33	4.69	4	100
11/04/2015 05:30	1.64	8.87	7.39	7.53	6.36	4	100
11/04/2015 05:35	1.49	8.27	8.41	6.99	6.29	4	100
11/04/2015 05:40	1.24	7.76	7.71	8.1	6.2	4	100
11/04/2015 05:45	1.86	8.91	7.04	8.21	6.5	4	100
11/04/2015 05:50	2.23	7.57	7.57	7.52	6.22	4	100
11/04/2015 05:55	1.96	8.48	7.22	8.21	6.47	4	100
11/04/2015 06:00	1.77	7.61	6.29	6.58	5.56	4	100
11/04/2015 06:05	1.55	7.31	6.88	7.64	5.84	4	100
11/04/2015 06:10	1.59	6.95	7.37	6.2	5.53	4	100
11/04/2015 06:15	2.84	9.22	8.59	7.31	6.99	4	100
11/04/2015 06:20	3.69	10.45	8.22	8.73	7.77	4	100
11/04/2015 06:25	2.82	10.99	9.45	9.28	8.14	4	100
11/04/2015 06:30	2.12	10.49	9.82	8.85	7.82	4	100
11/04/2015 06:35	2.8	10.98	9.92	7.9	7.9	4	100
11/04/2015 06:40	3.57	10.9	9.62	8.62	8.18	4	100
11/04/2015 06:45	2.57	11.1	9.75	9.45	8.22	4	100
11/04/2015 06:50	3.01	11.2	9.45	9.53	8.3	4	100
11/04/2015 06:55	23.02	12.39	11.89	10.87	14.54	4	100
11/04/2015 07:00	1.78	11.73	10.14	9.81	8.37	4	100
11/04/2015 07:05	2.3	11.71	9.68	9.81	8.38	4	100
11/04/2015 07:10	3.58	14.25	12.24	11.99	10.51	4	100
11/04/2015 07:15	4.29	14.41	12.1	13.68	11.12	4	100
11/04/2015 07:20	4.61	13.89	12.83	13.41	11.19	4	100
11/04/2015 07:25	3.84	16.27	13.97	13.07	11.79	4	100
11/04/2015 07:30	4.22	13.82	11.5	12.61	10.54	4	100
11/04/2015 07:35	4.72	15.15	14.27	13.93	12.02	4	100
11/04/2015 07:40	5.41	14.02	13.3	13.63	11.59	4	100
11/04/2015 07:45	5.61	16.48	15.4	13.99	12.87	4	100
11/04/2015 07:50	6.01	14.31	15.42	14.77	12.63	4	100
11/04/2015 07:55	5.23	14.86	14.81	15.46	12.59	4	100
11/04/2015 08:00	5.17	13.86	14.43	14.02	11.87	4	100
11/04/2015 08:05	4.54	15.47	14.21	16.55	12.69	4	100
11/04/2015 08:10	6.2	15.41	14.8	15.1	12.88	4	100
11/04/2015 08:15	5.14	15.24	14.3	13.14	11.95	4	100
11/04/2015 08:20	4.95	15.56	13.9	13.92	12.08	4	100
11/04/2015 08:25	5.58	14.92	12.92	13.12	11.64	4	100
11/04/2015 08:30	4.68	15.54	13.94	14.62	12.2	4	100
11/04/2015 08:35	4.91	15.07	13.91	12.48	11.59	4	100
11/04/2015 08:40	3.74	16.26	12.93	11.72	11.16	4	100
11/04/2015 08:45	5.22	14.9	13.85	14.2	12.04	4	100
11/04/2015 08:50	4.79	14.51	13.21	13.26	11.44	4	100
11/04/2015 08:55	4.29	14.7	11.94	11.76	10.67	4	100
11/04/2015 09:00	5.07	14.16	13.48	12.42	11.28	4	100
11/04/2015 09:05	4.4	11.9	12.32	10.55	9.79	4	100
11/04/2015 09:10	5.56	14	15.07	14.57	12.3	4	100
11/04/2015 09:15	3.97	13.13	12.96	12.87	10.73	4	100
11/04/2015 09:20	3.14	12.53	10.72	9.97	9.09	4	100
11/04/2015 09:25	2.88	12.57	11.07	12.05	9.64	4	100
11/04/2015 09:30	4.06	12.57	11.53	11.72	9.97	4	100
11/04/2015 09:35	2.63	11.29	10.69	10.85	8.86	4	100
11/04/2015 09:40	3.9	10.19	10.34	11.16	8.9	4	100
11/04/2015 09:45	4.13	16.7	14.18	16.52	12.88	4	100
11/04/2015 09:50	4.13	11.1	11.32	13.17	9.93	4	100
11/04/2015 09:55	2.79	10.21	10.93	10.22	8.54	4	100
11/04/2015 10:00	2.82	10.51	10.52	12.41	9.06	4	100
11/04/2015 10:05	3.2	10.1	10.71	12.24	9.06	4	100
11/04/2015 10:10	4.32	12.05	10.58	12.02	9.74	4	100
11/04/2015 10:15	3.88	10.91	10.22	13.27	9.57	4	100
11/04/2015 10:20	2.93	11.63	9.48	13.35	9.35	4	100
11/04/2015 10:25	3.96	11.02	9.64	11.35	8.99	4	100
11/04/2015 10:30	3.41	11.27	10.17	12.92	9.44	4	100
11/04/2015 10:35	3.78	11.11	10.61	10.42	8.98	4	100
11/04/2015 10:40	3.9	12.23	11.51	12.63	10.07	4	100
11/04/2015 10:45	5	14.14	12.38	13.79	11.33	4	100
11/04/2015 10:50	4.09	12.27	10.67	13.29	10.08	4	100
11/04/2015 10:55	4.19	12.37	11.05	14.18	10.45	4	100
11/04/2015 11:00	4.23	10.34	10.27	11.26	9.02	4	100
11/04/2015 11:05	4.33	10.57	10.44	11.71	9.26	4	100
11/04/2015 11:10	5.86	12.54	11.88	14.06	11.09	4	100
11/04/2015 11:15	5.86	13.58	13.59	15.27	12.08	4	100
11/04/2015 11:20	3.79	11.37	11.45	13.28	9.97	4	100
11/04/2015 11:25	5.6	12.26	11.67	13.67	10.8	4	100
11/04/2015 11:30	6.42	12.94	13.06	14.4	11.7	4	100
11/04/2015 11:35	5.18	11.51	11.07	11.89	9.91	4	100
11/04/2015 11:40	6.1	12.51	11.94	14.2	11.19	4	100
11/04/2015 11:45	6.09	12.67	12.3	14.06	11.28	4	100
11/04/2015 11:50	7.41	13.65	12.39	13.59	11.76	4	100
11/04/2015 11:55	6.26	12.02	12.31	12.37	10.74	4	100
11/04/2015 12:00	5.93	12.85	11.92	13.74	11.11	4	100
11/04/2015 12:05	6.72	14.26	13.48	13.98	12.11	4	100
11/04/2015 12:10	5.99	14.1	12.16	13.06	11.33	4	100
11/04/2015 12:15	5.89	12.9	12.6	13.72	11.28	4	100
11/04/2015 12:20	5.2	13.34	11.8	14.01	11.09	4	100
11/04/2015 12:25	7.09	14.02	12.21	13.13	11.61	4	100
11/04/2015 12:30	5.25	14.57	12.58	15	11.85	4	100
11/04/2015 12:35	6.44	14.9	14.39	16.3	13.01	4	100
11/04/2015 12:40	6.54	15.2	14.74	17.59	13.52	4	100
11/04/2015 12:45	6.4	13.14	10.89	14.04	11.12	4	100
11/04/2015 12:50	6.12	13.99	11.88	12.52	11.13	4	100
11/04/2015 12:55	6.66	16.87	15.68	17.31	14.13	4	100
11/04/2015 13:00	7.34	15.02	14.08	16.3	13.19	4	100
11/04/2015 13:05	7.41	13.23	12.19	14.82	11.91	4	100
11/04/2015 13:10	8.04	17.15	14.8	18.57	14.64	4	100
11/04/2015 13:15	8.04	14.7	13.15	13.76	12.41	4	100
11/04/2015 13:20	7.42	14.17	12.44	14.73	12.19	4	100
11/04/2015 13:25	8.31	14.42	13.61	15.78	13.03	4	100
11/04/2015 13:30	6.92	15.36	15.83	15.8	13.48	4	100
11/04/2015 13:35	8.41	19.8	18.21	20.58	16.75	4	100
11/04/2015 13:40	12.01	26.98	25.75	24.2	22.23	4	100
11/04/2015 13:45	10.8	16.29	16.17	19.24	15.62	4	100
11/04/2015 13:50	7.68	15.14	15.95	19.42	14.55	4	100
11/04/2015 13:55	13.22	22.8	23.38	27.77	21.79	4	100
11/04/2015 14:00	10.28	15.47	17.47	19.49	15.68	4	100
11/04/2015 14:05	9.61	15.92	17.84	19.62	15.75	4	100
11/04/2015 14:10	10.59	18.2	17.23	19.85	16.47	4	100
11/04/2015 14:15	9.78	16.56	18.47	21.47	16.57	4	100
11/04/2015 14:20	10.43	15.83	15.76	17.31	14.83	4	100
11/04/2015 14:25	8.19	16.69	16.08	18.94	14.97	4	100
11/04/2015 14:30	8.39	13.69	13.63	15.95	12.91	4	100
11/04/2015 14:35	9.85	14.24	14.53	15.42	13.51	4	100
11/04/2015 14:40	9.65	14.77	16.46	17.32	14.55	4	100
11/04/2015 14:45	10.36	13.73	14.74	17.66	14.12	4	100
11/04/2015 14:50	10.5	15.64	16.32	19.73	15.55	4	100
11/04/2015 14:55	10.15	15.64	16.52	18.48	15.2	4	100
11/04/2015 15:00	10.41	16.14	16.97	18.55	15.52	4	100
11/04/2015 15:05	12.17	14.73	16.56	19.03	15.62	4	100
11/04/2015 15:10	10.21	16.39	15.78	17.69	15.02	4	100
11/04/2015 15:15	10.25	16.52	16.92	18.53	15.55	4	100
11/04/2015 15:20	11.06	15.94	17.06	19.27	15.83	4	100
11/04/2015 15:25	10.91	20.35	19.34	21.17	17.94	4	100
11/04/2015 15:30	11.01	16.13	18.57	19.89	16.4	4	100
11/04/2015 15:35	11.47	15.88	15.17	19.38	15.47	4	100
11/04/2015 15:40	10.99	15.78	16.53	20.1	15.85	4	100
11/04/2015 15:45	10.11	17.33	17.66	19.37	16.12	4	100
11/04/2015 15:50	10.39	17.33	17.43	19.06	16.05	4	100
11/04/2015 15:55	10.4	17.36	18.67	19	16.36	4	100
11/04/2015 16:00	11.21	16.72	17.98	19.04	16.24	4	100
11/04/2015 16:05	10.1	17.53	19.13	20.51	16.82	4	100
11/04/2015 16:10	11.74	22.28	25.94	24.95	21.23	4	100
11/04/2015 16:15	11.07	19.67	20.57	23.1	18.6	4	100
11/04/2015 16:20	9.19	17.26	19.09	19.77	16.33	4	100
11/04/2015 16:25	10.78	17.19	18.27	21.22	16.87	4	100
11/04/2015 16:30	9.62	16.99	18.9	18.7	16.05	4	100
11/04/2015 16:35	10.7	18.02	18.22	20.49	16.86	4	100
11/04/2015 16:40	10.7	16.42	17.98	18.95	16.01	4	100
11/04/2015 16:45	11.47	17.3	18.48	16.87	16.03	4	100
11/04/2015 16:50	11.75	17.2	18.66	19.43	16.76	4	100
11/04/2015 16:55	11.78	24.96	25.36	27.64	22.43	4	100
11/04/2015 17:00	11.79	18.21	18.97	22.95	17.98	4	100
11/04/2015 17:05	10.62	19.74	20.79	23.78	18.73	4	100
11/04/2015 17:10	12.51	23.63	23.02	23.56	20.68	4	100
11/04/2015 17:15	12.93	21.23	26.73	24.52	21.35	4	100
11/04/2015 17:20	12.52	19.5	23.31	23.68	19.75	4	100
11/04/2015 17:25	14.54	24.15	27.21	28.66	23.64	4	100
11/04/2015 17:30	11.29	18.65	19.28	21.28	17.62	4	100
11/04/2015 17:35	10.97	17.79	17.49	18.8	16.26	4	100
11/04/2015 17:40	10.28	16.72	16.51	18.18	15.42	4	100
11/04/2015 17:45	11.69	16.73	18.39	19.63	16.61	4	100
11/04/2015 17:50	12.56	20.23	21.68	25.83	20.07	4	100
11/04/2015 17:55	13.97	24.39	27.67	33.71	24.94	4	100
11/04/2015 18:00	13.82	32.96	37.46	38.83	30.77	4	100
11/04/2015 18:05	10.76	22.92	25.82	25.07	21.14	4	100
11/04/2015 18:10	13.02	22.1	21.67	24.55	20.34	4	100
11/04/2015 18:15	13.75	20.4	23.18	26.68	21	4	100
11/04/2015 18:20	12.51	20.46	24.92	25.23	20.78	4	100
11/04/2015 18:25	14.19	21.65	25.35	28.04	22.31	4	100
11/04/2015 18:30	11.64	19.04	19.75	21.21	17.91	4	100
11/04/2015 18:35	11.5	18.84	23.69	28.84	20.72	4	100
11/04/2015 18:40	13.08	20.75	21.69	27.97	20.87	4	100
11/04/2015 18:45	10.61	17.27	22	21.44	17.83	4	100
11/04/2015 18:50	11.25	20.47	21.43	26.2	19.84	4	100
11/04/2015 18:55	14.48	22.26	24.99	27.2	22.23	4	100
11/04/2015 19:00	9.41	17.02	18.47	21.83	16.68	4	100
11/04/2015 19:05	10.83	15.91	17.48	18.73	15.74	4	100
11/04/2015 19:10	11.23	17.56	20.33	18.85	16.99	4	100
11/04/2015 19:15	10.74	18.44	20.71	22.81	18.17	4	100
11/04/2015 19:20	11.06	20.5	22.33	25.7	19.9	4	100
11/04/2015 19:25	14.91	27.2	23.61	30.8	24.13	4	100
11/04/2015 19:30	9.95	16.02	16.66	19.79	15.6	4	100
11/04/2015 19:35	10.85	17.04	16.7	17.83	15.6	4	100
11/04/2015 19:40	11.1	18.34	18	18.9	16.58	4	100
11/04/2015 19:45	9.2	17.8	16.19	17.4	15.15	4	100
11/04/2015 19:50	10.03	16.84	17.47	17.48	15.46	4	100
11/04/2015 19:55	9.26	17.12	18.6	17.95	15.73	4	100
11/04/2015 20:00	8.61	15.83	16.89	17.32	14.66	4	100
11/04/2015 20:05	8.3	16.66	18.05	19.04	15.51	4	100
11/04/2015 20:10	8.98	16.32	17.54	16.09	14.73	4	100
11/04/2015 20:15	8.82	18.13	16.9	16.5	15.09	4	100
11/04/2015 20:20	6.42	14	14.59	14.65	12.41	4	100
11/04/2015 20:25	6.8	15.42	15.55	15.86	13.41	4	100
11/04/2015 20:30	5.8	12.24	13.16	14.04	11.31	4	100
11/04/2015 20:35	5.03	12.72	11.54	11.8	10.27	4	100
11/04/2015 20:40	5.61	12.49	11.21	13.31	10.66	4	100
11/04/2015 20:45	4.25	11.49	10.14	11.92	9.45	4	100
11/04/2015 20:50	3.42	9.92	9	9.5	7.96	4	100
11/04/2015 20:55	3.13	9.2	7.7	9.79	7.45	4	100
11/04/2015 21:00	2.68	10.17	8.26	10.44	7.89	4	100
11/04/2015 21:05	2.05	8.06	9.49	10.27	7.47	4	100
11/04/2015 21:10	3.17	11.09	9.86	10.41	8.63	4	100
11/04/2015 21:15	2.92	10.51	9.62	9.69	8.18	4	100
11/04/2015 21:20	1.89	9.1	9.29	9.23	7.38	4	100
11/04/2015 21:25	2.47	11.76	9.61	11.09	8.73	4	100
11/04/2015 21:30	1.97	9.2	9.05	9.49	7.43	4	100
11/04/2015 21:35	2.44	9.04	9.38	9.49	7.59	4	100
11/04/2015 21:40	2.27	9.56	8.36	9.32	7.38	4	100
11/04/2015 21:45	1.77	8.15	8.33	8.24	6.62	4	100
11/04/2015 21:50	2.79	10.14	8.59	8.96	7.62	4	100
11/04/2015 21:55	1.9	7.57	8.54	9.11	6.78	4	100
11/04/2015 22:00	2.58	10.08	9.09	10.08	7.96	4	100
11/04/2015 22:05	2.17	9.85	10.11	9.74	7.97	4	100
11/04/2015 22:10	2.07	9.28	8.6	10.85	7.7	4	100
11/04/2015 22:15	1.3	6.82	7.5	9.16	6.2	4	100
11/04/2015 22:20	1.83	8.81	8.17	9.42	7.06	4	100
11/04/2015 22:25	2.3	7.66	8.85	10.36	7.29	4	100
11/04/2015 22:30	1.49	7.28	6.3	8.43	5.87	4	100
11/04/2015 22:35	1.59	6.04	6.83	7.67	5.53	4	100
11/04/2015 22:40	.82	4.63	5.26	6.7	4.35	4	100
11/04/2015 22:45	1.16	6.03	6.1	7.59	5.22	4	100
11/04/2015 22:50	1.2	4.4	5.3	6.02	4.23	4	100
11/04/2015 22:55	1.28	5.69	6.42	6.07	4.86	4	100
11/04/2015 23:00	.9	4.92	5.87	7.3	4.75	4	100
11/04/2015 23:05	.88	3.89	5.26	6.16	4.05	4	100
11/04/2015 23:10	.76	5.5	6.26	5.5	4.5	4	100
11/04/2015 23:15	.8	4.73	5.12	5.59	4.06	4	100
11/04/2015 23:20	1.15	5.15	5.76	6.81	4.72	4	100
11/04/2015 23:25	.53	2.55	4.09	4.96	3.03	4	100
11/04/2015 23:30	.12	4	4.92	5.36	3.6	4	100
11/04/2015 23:35	.44	3.07	4.3	4.78	3.15	4	100
11/04/2015 23:40	.46	2.73	3.79	5.4	3.09	4	100
11/04/2015 23:45	.62	3.51	4.51	5.77	3.6	4	100
11/04/2015 23:50	.31	2.49	3.1	4.21	2.53	4	100
11/04/2015 23:55	.27	2.35	3.58	3.92	2.53	4	100
11/05/2015 00:00	.22	2.86	2.69	4.29	2.51	4	100
11/05/2015 00:05	.37	2.22	3.43	4.48	2.62	4	100
11/05/2015 00:10	.06	2.91	3.42	4.42	2.7	4	100
11/05/2015 00:15	.66	2.88	3.38	4.65	2.89	4	100
11/05/2015 00:20	.07	1.8	3.71	3.68	2.32	4	100
11/05/2015 00:25	.19	1.8	2.35	2.92	1.81	4	100
11/05/2015 00:30	.07	1.14	2.19	2.97	1.59	4	100
11/05/2015 00:35	0	1.7	2.66	3.7	2.02	4	100
11/05/2015 00:40	.06	1.81	2.52	2.35	1.69	4	100
11/05/2015 00:45	.22	1.13	2.09	2.89	1.58	4	100
11/05/2015 00:50	.25	1	1.66	3.17	1.52	4	100
11/05/2015 00:55	.09	.78	1.62	1.9	1.1	4	100
11/05/2015 01:00	.08	1.72	1.88	3.08	1.69	4	100
11/05/2015 01:05	.13	1.3	2.02	2.06	1.38	4	100
11/05/2015 01:10	.08	1.02	1.55	1.73	1.1	4	100
11/05/2015 01:15	.08	1.34	1.94	2.37	1.43	4	100
11/05/2015 01:20	0	.83	1.78	2.38	1.25	4	100
11/05/2015 01:25	.09	1.15	1.55	2.28	1.27	4	100
11/05/2015 01:30	.07	.87	1.22	1.98	1.04	4	100
11/05/2015 01:35	.03	1.39	1.5	2.17	1.27	4	100
11/05/2015 01:40	0	.83	1.31	2.88	1.26	4	100
11/05/2015 01:45	0	.82	.75	1.95	.88	4	100
11/05/2015 01:50	0	.49	1.02	2.7	1.05	4	100
11/05/2015 01:55	0	.73	.93	1.81	.87	4	100
11/05/2015 02:00	0	.71	1.3	2.18	1.05	4	100
11/05/2015 02:05	0	.31	1.18	1.62	.78	4	100
11/05/2015 02:10	0	1.1	1.28	2.31	1.17	4	100
11/05/2015 02:15	0	.52	1.32	2.23	1.02	4	100
11/05/2015 02:20	0	.77	1.17	2.48	1.11	4	100
11/05/2015 02:25	.06	.66	1.09	1.63	.86	4	100
11/05/2015 02:30	.12	.53	1.3	1.21	.79	4	100
11/05/2015 02:35	0	.51	1.7	2.28	1.12	4	100
11/05/2015 02:40	0	.83	.91	1.95	.92	4	100
11/05/2015 02:45	0	.7	1.4	3.18	1.32	4	100
11/05/2015 02:50	0	.92	1.24	2.05	1.05	4	100
11/05/2015 02:55	0	.63	.89	1.94	.86	4	100
11/05/2015 03:00	0	.35	1.08	1.26	.67	4	100
11/05/2015 03:05	0	.6	1.11	1.83	.89	4	100
11/05/2015 03:10	0	.42	.83	1.39	.66	4	100
11/05/2015 03:15	0	.76	1.39	2.06	1.05	4	100
11/05/2015 03:20	0	.59	1.15	3.11	1.21	4	100
11/05/2015 03:25	0	.67	1.26	3.64	1.39	4	100
11/05/2015 03:30	0	.63	1.21	1.93	.94	4	100
11/05/2015 03:35	0	.37	1.54	1.78	.92	4	100
11/05/2015 03:40	0	.42	.99	3.68	1.27	4	100
11/05/2015 03:45	.07	.95	1.79	2.86	1.42	4	100
11/05/2015 03:50	0	.91	1.44	1.51	.97	4	100
11/05/2015 03:55	0	.84	1.59	2.33	1.19	4	100
11/05/2015 04:00	.06	1.05	1.74	1.78	1.16	4	100
11/05/2015 04:05	.06	1.1	1.61	2.55	1.33	4	100
11/05/2015 04:10	0	.94	1.64	1.7	1.07	4	100
11/05/2015 04:15	.13	1.38	2.52	4.02	2.01	4	100
11/05/2015 04:20	.18	1.48	2.95	2.57	1.8	4	100
11/05/2015 04:25	.19	1.58	1.67	2.47	1.48	4	100
11/05/2015 04:30	.27	3.62	3.21	4.4	2.88	4	100
11/05/2015 04:35	.24	2.77	3.24	3.98	2.56	4	100
11/05/2015 04:40	.48	3.01	3.48	3.53	2.62	4	100
11/05/2015 04:45	.51	3	3.36	3.05	2.48	4	100
11/05/2015 04:50	.66	3.88	4.12	5.53	3.55	4	100
11/05/2015 04:55	.52	3.34	3.63	4.31	2.95	4	100
11/05/2015 05:00	.57	3.5	3.4	4.94	3.1	4	100
11/05/2015 05:05	.77	3.66	5.38	4.28	3.52	4	100
11/05/2015 05:10	1.18	4.23	4.3	5.82	3.88	4	100
11/05/2015 05:15	1.58	4.31	5.08	5.64	4.15	4	100
11/05/2015 05:20	2.08	5.5	5.68	6.91	5.04	4	100
11/05/2015 05:25	1.92	6.62	6.62	7.13	5.57	4	100
11/05/2015 05:30	1.9	7.8	6.79	8.51	6.25	4	100
11/05/2015 05:35	3.08	9.08	8.42	8.61	7.3	4	100
11/05/2015 05:40	1.88	8.43	8.74	7.82	6.72	4	100
11/05/2015 05:45	2.15	9.91	8.67	8.87	7.4	4	100
11/05/2015 05:50	2.48	8.11	7.4	8.58	6.64	4	100
11/05/2015 05:55	2.21	8.57	7.62	8.27	6.67	4	100
11/05/2015 06:00	2.53	9.62	7.77	7.84	6.94	4	100
11/05/2015 06:05	2.38	8.64	7.83	6.89	6.44	4	100
11/05/2015 06:10	2.73	10.81	8.51	9.25	7.82	4	100
11/05/2015 06:15	3.05	10.21	9.22	8.72	7.8	4	100
11/05/2015 06:20	2.9	10.19	8.92	8.1	7.53	4	100
11/05/2015 06:25	2.56	10.4	8.94	8.64	7.64	4	100
11/05/2015 06:30	2.71	9.91	8.62	7.59	7.21	4	100
11/05/2015 06:35	2.44	10.81	10.18	8.83	8.06	4	100
11/05/2015 06:40	2.09	12.5	11.14	9.65	8.85	4	100
11/05/2015 06:45	2.73	10.35	9.53	9.48	8.02	4	100
11/05/2015 06:50	3.1	10.38	10.08	8.47	8.01	4	100
11/05/2015 06:55	3.22	12.16	10.52	10.56	9.12	4	100
11/05/2015 07:00	2.72	11.21	10.22	9.5	8.41	4	100
11/05/2015 07:05	3.47	11.99	10.92	12.04	9.61	4	100
11/05/2015 07:10	2.92	12.73	12.87	11.87	10.1	4	100
11/05/2015 07:15	3.73	14.39	13.39	13.21	11.18	4	100
11/05/2015 07:20	4.71	14.84	12.49	12.62	11.16	4	100
11/05/2015 07:25	3.86	14.8	13.86	13.09	11.4	4	100
11/05/2015 07:30	3.36	14.82	14.12	13.02	11.33	4	100
11/05/2015 07:35	5.54	19.02	19.35	17.74	15.41	4	100
11/05/2015 07:40	5.28	15.89	16.12	17.93	13.81	4	100
11/05/2015 07:45	6	13.58	12.74	12.68	11.25	4	100
11/05/2015 07:50	4.78	14.86	14.96	14.1	12.17	4	100
11/05/2015 07:55	5.49	16.88	15.53	14.73	13.16	4	100
11/05/2015 08:00	5.43	15.28	14.41	13.05	12.04	4	100
11/05/2015 08:05	6	17.93	16.16	14.68	13.69	4	100
11/05/2015 08:10	4.74	15.65	14.8	14.62	12.45	4	100
11/05/2015 08:15	5.7	15.35	16.54	15.21	13.2	4	100
11/05/2015 08:20	6.62	17.42	15.62	16.48	14.04	4	100
11/05/2015 08:25	4.47	14.78	13.89	15.32	12.11	4	100
11/05/2015 08:30	4.18	16.1	13.12	13.6	11.75	4	100
11/05/2015 08:35	5.65	14.81	12.9	14.28	11.91	4	100
11/05/2015 08:40	5.44	13.46	13.87	13.29	11.52	4	100
11/05/2015 08:45	4.35	14.85	13.03	13.61	11.46	4	100
11/05/2015 08:50	5.81	14.38	12.52	12.34	11.26	4	100
11/05/2015 08:55	4.21	14.44	12.18	12.55	10.85	4	100
11/05/2015 09:00	3.4	12.91	13.17	10.9	10.09	4	100
11/05/2015 09:05	3.31	13.21	12.64	13.52	10.67	4	100
11/05/2015 09:10	4.07	12.82	11.38	12.99	10.31	4	100
11/05/2015 09:15	4.81	13.39	12.14	11.98	10.58	4	100
11/05/2015 09:20	4.63	12.4	12.18	11.74	10.24	4	100
11/05/2015 09:25	3.67	12.54	12.38	10.28	9.72	4	100
11/05/2015 09:30	3.11	11.98	10.24	10.31	8.91	4	100
11/05/2015 09:35	3.04	12.58	10.23	12.11	9.49	4	100
11/05/2015 09:40	3.1	12.24	11.88	11.09	9.58	4	100
11/05/2015 09:45	3	12.27	10.27	11.31	9.21	4	100
11/05/2015 09:50	3.39	10.76	10.61	10.62	8.85	4	100
11/05/2015 09:55	3.56	12.05	10.54	11.47	9.4	4	100
11/05/2015 10:00	3.38	11.02	10.42	10.89	8.93	4	100
11/05/2015 10:05	3.85	12.95	11.02	12.22	10.01	4	100
11/05/2015 10:10	4.07	11.2	10.5	12.01	9.44	4	100
11/05/2015 10:15	3.52	13.39	12.11	12.31	10.33	4	100
11/05/2015 10:20	4.35	11.49	10.71	11.64	9.55	4	100
11/05/2015 10:25	4.56	11.09	10.67	10.64	9.24	4	100
11/05/2015 10:30	4.46	12.69	11.08	13.2	10.36	4	100
11/05/2015 10:35	4.69	13.12	12.04	12.66	10.63	4	100
11/05/2015 10:40	5.11	13.4	12.45	14.41	11.34	4	100
11/05/2015 10:45	5.17	11.37	11.57	12.35	10.12	4	100
11/05/2015 10:50	4.98	12.7	12.47	13.46	10.9	4	100
11/05/2015 10:55	4.49	12.63	12	12.9	10.51	4	100
11/05/2015 11:00	4.7	12.35	11.26	13.11	10.36	4	100
11/05/2015 11:05	4.32	11.26	10.44	11.15	9.29	4	100
11/05/2015 11:10	4.84	12.82	11.72	12.79	10.54	4	100
11/05/2015 11:15	6.78	14.88	13.84	14.68	12.55	4	100
11/05/2015 11:20	11.52	12.64	11.01	13.3	12.12	4	75
11/05/2015 11:25	11.75	13.62	11.88	13.41	12.66	4	75
11/05/2015 11:30	12.43	12.56	11.73	14.09	12.7	4	100
11/05/2015 11:35	6.67	13.98	11.78	14.39	11.71	4	100
11/05/2015 11:40	5.8	12.92	13.29	13.6	11.4	4	100
11/05/2015 11:45	6.02	11.42	11.7	13.64	10.69	4	100
11/05/2015 11:50	5.5	13.01	12.41	13.85	11.19	4	100
11/05/2015 11:55	5.12	13.18	12.55	13.87	11.18	4	100
11/05/2015 12:00	5.68	13.38	13.82	16.23	12.28	4	100
11/05/2015 12:05	6.33	12.87	11.81	13.77	11.19	4	100
11/05/2015 12:10	6.38	12.7	11.82	13.73	11.16	4	100
11/05/2015 12:15	6.45	13.61	13.12	14.57	11.94	4	100
11/05/2015 12:20	5.37	13.13	12.63	14.51	11.41	4	100
11/05/2015 12:25	7.16	13.11	13.42	15.01	12.17	4	100
11/05/2015 12:30	6.05	13.26	11.33	14.68	11.33	4	100
11/05/2015 12:35	6.9	15.19	13.35	14.73	12.54	4	100
11/05/2015 12:40	7.02	14.9	13.42	14.14	12.37	4	100
11/05/2015 12:45	7.91	15.36	14.79	14.9	13.24	4	100
11/05/2015 12:50	6.58	13.89	13.92	13.89	12.07	4	100
11/05/2015 12:55	7.43	13.89	12.47	13.79	11.9	4	100
11/05/2015 13:00	6.05	15.07	12.71	14.09	11.98	4	100
11/05/2015 13:05	7	14.42	13.39	14.51	12.33	4	100
11/05/2015 13:10	8.35	14.47	14	16.15	13.24	4	100
11/05/2015 13:15	6.77	14.96	13.31	14.87	12.48	4	100
11/05/2015 13:20	7.8	13.5	13	17.28	12.9	4	100
11/05/2015 13:25	8.81	13.31	13.11	15.37	12.65	4	100
11/05/2015 13:30	9.65	13.78	14	16.42	13.46	4	100
11/05/2015 13:35	7.37	14.47	15.35	16.06	13.31	4	100
11/05/2015 13:40	9.36	13.73	14.71	15.33	13.28	4	100
11/05/2015 13:45	10.88	15.19	16.02	16.83	14.73	4	100
11/05/2015 13:50	8.51	14.84	12.9	14.43	12.67	4	100
11/05/2015 13:55	8.61	14.92	13.76	16.97	13.56	4	100
11/05/2015 14:00	9.03	16.88	15.33	17.93	14.79	4	100
11/05/2015 14:05	8.96	15.37	13.8	16.53	13.66	4	100
11/05/2015 14:10	9.2	15.98	13.48	16.9	13.89	4	100
11/05/2015 14:15	9.41	14.88	15.21	14.8	13.58	4	100
11/05/2015 14:20	9.59	13.99	14.01	15.12	13.18	4	100
11/05/2015 14:25	8.15	15.62	15.89	17.36	14.26	4	100
11/05/2015 14:30	8.72	17.81	16.98	17.21	15.18	4	100
11/05/2015 14:35	8.2	16.02	16.07	18.04	14.58	4	100
11/05/2015 14:40	9.77	15.85	15.7	17.7	14.76	4	100
11/05/2015 14:45	12.4	16.5	16.97	17.84	15.93	4	100
11/05/2015 14:50	9.41	17.08	15.39	19.14	15.26	4	100
11/05/2015 14:55	10.59	14.97	16.95	18.21	15.18	4	100
11/05/2015 15:00	10.74	15.06	16.83	18.09	15.18	4	100
11/05/2015 15:05	11.62	17.13	16.4	19.12	16.07	4	100
11/05/2015 15:10	10.41	15.95	16.83	19.7	15.72	4	100
11/05/2015 15:15	11.13	15.88	17.57	19.99	16.14	4	100
11/05/2015 15:20	11.18	18.71	18.69	21.04	17.41	4	100
11/05/2015 15:25	11.88	15.6	17.79	22.14	16.85	4	100
11/05/2015 15:30	11.63	15.64	17.68	17.2	15.54	4	100
11/05/2015 15:35	11.28	16.57	17.49	18.64	15.99	4	100
11/05/2015 15:40	11.77	15.81	16.51	18.48	15.64	4	100
11/05/2015 15:45	9.89	17	15.86	19.11	15.47	4	100
11/05/2015 15:50	10.32	15.18	15.47	19.73	15.17	4	100
11/05/2015 15:55	11.51	15.58	15.9	20.24	15.81	4	100
11/05/2015 16:00	10.93	16.38	17.7	19.09	16.03	4	100
11/05/2015 16:05	9.14	14.53	16.16	17.86	14.42	4	100
11/05/2015 16:10	10.7	16.14	16.82	18.32	15.5	4	100
11/05/2015 16:15	10.96	18.39	20.35	23.12	18.2	4	100
11/05/2015 16:20	11.43	18.23	20.91	24.61	18.8	4	100
11/05/2015 16:25	13	21.51	22.35	22.53	19.85	4	100
11/05/2015 16:30	12.27	20.63	23.3	28.84	21.26	4	100
11/05/2015 16:35	11.71	26.08	25.21	29.77	23.19	4	100
11/05/2015 16:40	10.89	19.72	19.83	22.35	18.2	4	100
11/05/2015 16:45	10.83	18.63	17.83	21.89	17.29	4	100
11/05/2015 16:50	9.44	17.23	19.11	19.98	16.44	4	100
11/05/2015 16:55	11.81	18.27	18.62	20.03	17.18	4	100
11/05/2015 17:00	11.26	20.84	22.68	25.04	19.96	4	100
11/05/2015 17:05	12.58	21.86	21.74	24.84	20.26	4	100
11/05/2015 17:10	9.15	16.71	18.82	19.62	16.08	4	100
11/05/2015 17:15	12.24	17.8	19.05	22.32	17.85	4	100
11/05/2015 17:20	10.17	17.87	18	23.3	17.34	4	100
11/05/2015 17:25	13.73	23.43	24.62	26.26	22.01	4	100
11/05/2015 17:30	13.47	21.78	25.63	28.6	22.37	4	100
11/05/2015 17:35	13.07	22.22	25.67	27.12	22.02	4	100
11/05/2015 17:40	13.27	22.51	24.13	29.29	22.3	4	100
11/05/2015 17:45	12.18	23.38	27.98	28.62	23.04	4	100
11/05/2015 17:50	9.69	21.68	22.83	26.11	20.08	4	100
11/05/2015 17:55	11.04	23.14	26.99	31.01	23.04	4	100
11/05/2015 18:00	14.16	21.86	25.75	27.83	22.4	4	100
11/05/2015 18:05	14.74	21.41	24.64	30.89	22.92	4	100
11/05/2015 18:10	10.6	23.04	25.93	29.61	22.29	4	100
11/05/2015 18:15	14.21	23.52	31.92	30.96	25.15	4	100
11/05/2015 18:20	13.57	24.49	27.88	26.87	23.2	4	100
11/05/2015 18:25	10.94	20.22	23.62	27.37	20.54	4	100
11/05/2015 18:30	11.35	22.23	22.98	24.19	20.19	4	100
11/05/2015 18:35	9.33	25.66	28.67	31.08	23.69	4	100
11/05/2015 18:40	10.98	20.42	20.4	28.43	20.06	4	100
11/05/2015 18:45	10.97	24.3	27.44	34.68	24.35	4	100
11/05/2015 18:50	13.32	22.11	28.27	30.02	23.43	4	100
11/05/2015 18:55	10.86	18.76	21.65	20.71	17.99	4	100
11/05/2015 19:00	11.38	19.28	23.73	23.23	19.41	4	100
11/05/2015 19:05	11.16	18.99	19.73	20.89	17.69	4	100
11/05/2015 19:10	11.38	16.28	17.39	17.29	15.58	4	100
11/05/2015 19:15	11.39	17.77	17.61	19.3	16.52	4	100
11/05/2015 19:20	9.79	16.28	16.56	18.52	15.29	4	100
11/05/2015 19:25	11.76	17.87	18.34	19.42	16.85	4	100
11/05/2015 19:30	9.48	14.9	16.07	17.45	14.47	4	100
11/05/2015 19:35	12.87	16.2	19.44	20.3	17.2	4	100
11/05/2015 19:40	10.47	17.27	18.97	19.53	16.56	4	100
11/05/2015 19:45	11.63	16.36	18.33	20.21	16.63	4	100
11/05/2015 19:50	12.13	17.42	19.43	19.2	17.04	4	100
11/05/2015 19:55	9.68	12.31	14.77	16.7	13.36	4	100
11/05/2015 20:00	14.21	17.29	17.21	19.43	17.04	4	100
11/05/2015 20:05	9.04	16.48	16.27	18.28	15.02	4	100
11/05/2015 20:10	10.53	16.36	18.68	19.62	16.3	4	100
11/05/2015 20:15	10.13	15.59	16.44	16.32	14.62	4	100
11/05/2015 20:20	9.93	16.82	16.42	16.74	14.98	4	100
11/05/2015 20:25	6.85	14.52	13.7	13.91	12.25	4	100
11/05/2015 20:30	7.59	14.63	13.09	14.52	12.46	4	100
11/05/2015 20:35	5.66	12.87	12.44	12.66	10.91	4	100
11/05/2015 20:40	6.98	13.79	14.75	14.55	12.52	4	100
11/05/2015 20:45	7.71	13.81	12.64	14.02	12.05	4	100
11/05/2015 20:50	5.2	11.55	11.9	12.83	10.37	4	100
11/05/2015 20:55	4.45	14.09	12.45	13.16	11.04	4	100
11/05/2015 21:00	6.12	11.79	12.41	13.03	10.84	4	100
11/05/2015 21:05	4.79	12.68	11.75	12.88	10.53	4	100
11/05/2015 21:10	4.16	12.61	9.82	11.46	9.51	4	100
11/05/2015 21:15	3.24	10.35	10.35	11.09	8.76	4	100
11/05/2015 21:20	3.77	11.28	8.92	10.22	8.55	4	100
11/05/2015 21:25	3.26	9.72	8.99	9.87	7.96	4	100
11/05/2015 21:30	3.79	12.28	10.34	10.78	9.3	4	100
11/05/2015 21:35	4.15	10.45	10.05	9.97	8.66	4	100
11/05/2015 21:40	1.93	11.37	9.86	9.78	8.24	4	100
11/05/2015 21:45	3.98	11.19	9.49	12.08	9.19	4	100
11/05/2015 21:50	3.21	9.69	9.64	12.43	8.74	4	100
11/05/2015 21:55	3.29	9.27	9.13	9.41	7.77	4	100
11/05/2015 22:00	2.33	8.75	8.12	9.95	7.29	4	100
11/05/2015 22:05	2.42	9.49	9.81	9.43	7.79	4	100
11/05/2015 22:10	2.7	10.25	9.75	11.05	8.44	4	100
11/05/2015 22:15	2.05	8.61	8.52	10.33	7.38	4	100
11/05/2015 22:20	1.88	8.72	8.98	7.78	6.84	4	100
11/05/2015 22:25	2.1	8.11	8.68	8.14	6.76	4	100
11/05/2015 22:30	1.98	9.56	8.09	8.64	7.07	4	100
11/05/2015 22:35	2	7.44	7.62	9.16	6.55	4	100
11/05/2015 22:40	1.47	6.98	7.86	8.98	6.32	4	100
11/05/2015 22:45	1.33	5.42	6.54	7.35	5.16	4	100
11/05/2015 22:50	1.67	7.22	6.27	7.82	5.75	4	100
11/05/2015 22:55	.98	5.99	6.18	7.52	5.17	4	100
11/05/2015 23:00	1.02	5.15	4.87	6.86	4.47	4	100
11/05/2015 23:05	1.12	5.03	5.74	6.28	4.54	4	100
11/05/2015 23:10	.8	6.73	6.78	8.24	5.64	4	100
11/05/2015 23:15	.8	5.24	5.9	6.57	4.63	4	100
11/05/2015 23:20	1.09	5.75	5.73	7.37	4.99	4	100
11/05/2015 23:25	.77	5.53	5.51	6.44	4.56	4	100
11/05/2015 23:30	.6	4.81	5.37	6.52	4.32	4	100
11/05/2015 23:35	.77	3.92	4.83	4.57	3.52	4	100
11/05/2015 23:40	.82	4.64	4.35	6.05	3.96	4	100
11/05/2015 23:45	.63	3.98	4.93	4.88	3.6	4	100
11/05/2015 23:50	.39	3.43	4.03	5.54	3.35	4	100
11/05/2015 23:55	.73	3.16	3.97	4.4	3.07	4	100
11/06/2015 00:00	.52	2.03	2.8	3.87	2.31	4	100
11/06/2015 00:05	.27	2.99	3.9	5.21	3.09	4	100
11/06/2015 00:10	11.27	2.69	3.72	4.12	5.45	4	100
11/06/2015 00:15	.06	2.77	3.61	4.27	2.68	4	100
11/06/2015 00:20	.29	3.22	3.24	4.82	2.89	4	100
11/06/2015 00:25	.16	2.16	2.2	4.17	2.17	4	100
11/06/2015 00:30	.33	2.39	2.81	3.31	2.21	4	100
11/06/2015 00:35	.2	1.68	2.5	2.88	1.81	4	100
11/06/2015 00:40	.12	2.28	2.39	3.94	2.18	4	100
11/06/2015 00:45	.23	2.06	2.38	2.85	1.88	4	100
11/06/2015 00:50	.19	2.23	2.86	3.16	2.11	4	100
11/06/2015 00:55	.07	1.35	2.41	2.86	1.67	4	100
11/06/2015 01:00	.13	1.32	2.04	3.07	1.64	4	100
11/06/2015 01:05	.19	2.09	2.26	2.04	1.64	4	100
11/06/2015 01:10	.09	1.67	2.74	3.96	2.12	4	100
11/06/2015 01:15	.07	1.25	1.91	2.81	1.51	4	100
11/06/2015 01:20	24	1.22	2.11	3.08	7.6	4	100
11/06/2015 01:25	0	1.62	1.59	2.65	1.46	4	100
11/06/2015 01:30	0	1.19	1.83	1.98	1.25	4	100
11/06/2015 01:35	.12	.92	1.28	2	1.08	4	100
11/06/2015 01:40	.08	1.59	1.61	2.78	1.51	4	100
11/06/2015 01:45	.07	1.45	1.64	2.34	1.38	4	100
11/06/2015 01:50	0	1.35	1.39	3.99	1.68	4	100
11/06/2015 01:55	0	1.28	2.19	2.09	1.39	4	100
11/06/2015 02:00	.07	1.3	1.53	2.92	1.46	4	100
11/06/2015 02:05	.11	.46	1.19	2.39	1.04	4	100
11/06/2015 02:10	0	.89	2.35	2.46	1.42	4	100
11/06/2015 02:15	0	2.21	2.41	3.32	1.98	4	100
11/06/2015 02:20	0	1.32	1.58	2.72	1.4	4	100
11/06/2015 02:25	0	.85	2.01	2.84	1.43	4	100
11/06/2015 02:30	0	.67	1.46	2.1	1.06	4	100
11/06/2015 02:35	.06	1.18	1.33	2.38	1.24	4	100
11/06/2015 02:40	.07	1.27	1.86	2.01	1.3	4	100
11/06/2015 02:45	.03	.81	1.39	2.94	1.29	4	100
11/06/2015 02:50	0	.69	1.12	2.3	1.03	4	100
11/06/2015 02:55	0	.53	1.35	1.65	.88	4	100
11/06/2015 03:00	.14	.34	1.6	2.64	1.18	4	100
11/06/2015 03:05	.81	.69	1.37	1.54	1.1	4	100
11/06/2015 03:10	.09	.67	2.01	1.82	1.15	4	100
11/06/2015 03:15	0	1.02	1.25	1.7	.99	4	100
11/06/2015 03:20	.24	.69	1.3	1.4	.91	4	100
11/06/2015 03:25	0	.8	1.56	4.2	1.64	4	100
11/06/2015 03:30	0	.72	1.54	1.9	1.04	4	100
11/06/2015 03:35	0	.89	1.42	1.78	1.02	4	100
11/06/2015 03:40	0	.75	1.62	3.2	1.39	4	100
11/06/2015 03:45	0	.72	1.29	2.85	1.22	4	100
11/06/2015 03:50	0	1.11	1.76	1.54	1.1	4	100
11/06/2015 03:55	.06	.83	1.33	1.5	.93	4	100
11/06/2015 04:00	.25	.63	.94	2.01	.96	4	100
11/06/2015 04:05	.08	1.1	2	2.12	1.33	4	100
11/06/2015 04:10	.12	1.76	2.39	3.86	2.03	4	100
11/06/2015 04:15	.07	1.32	2.53	3.08	1.75	4	100
11/06/2015 04:20	.27	1.74	1.93	2.92	1.72	4	100
11/06/2015 04:25	.16	1	2.16	2.43	1.44	4	100
11/06/2015 04:30	.17	2.57	3	4.29	2.51	4	100
11/06/2015 04:35	.23	3.19	3.38	4.04	2.71	4	100
11/06/2015 04:40	.38	2.88	3.29	3.52	2.52	4	100
11/06/2015 04:45	.55	3.39	3.38	5.24	3.14	4	100
11/06/2015 04:50	.79	3.78	3.91	5.91	3.6	4	100
11/06/2015 04:55	.32	2.08	3.21	4.1	2.43	4	100
11/06/2015 05:00	.75	2.87	3.16	4.58	2.84	4	100
11/06/2015 05:05	.73	3.09	3.72	5.94	3.37	4	100
11/06/2015 05:10	.9	5.56	5.01	6.66	4.53	4	100
11/06/2015 05:15	1.45	4.89	4.58	5.1	4	4	100
11/06/2015 05:20	1.28	5.9	6.12	6.94	5.06	4	100
11/06/2015 05:25	1.49	6.72	6.03	5.58	4.95	4	100
11/06/2015 05:30	2.93	10.14	7.86	9.25	7.55	4	100
11/06/2015 05:35	2.11	8.35	8.35	9.32	7.03	4	100
11/06/2015 05:40	2.44	10.41	8.09	7.57	7.13	4	100
11/06/2015 05:45	2.44	7.43	8.1	7.65	6.41	4	100
11/06/2015 05:50	1.91	8.12	7.83	7.58	6.36	4	100
11/06/2015 05:55	2.07	7.66	7.57	7.18	6.12	4	100
11/06/2015 06:00	2.11	5.97	6.34	7.32	5.43	4	100
11/06/2015 06:05	3.77	8.47	7.44	7.09	6.69	4	100
11/06/2015 06:10	3.09	10.95	9.49	10.68	8.55	4	100
11/06/2015 06:15	2.29	10	9.16	8.09	7.38	4	100
11/06/2015 06:20	2.68	7.97	7.22	7.26	6.28	4	100
11/06/2015 06:25	2.63	9.33	7.94	7.9	6.95	4	100
11/06/2015 06:30	2.19	10.35	8.68	8.14	7.34	4	100
11/06/2015 06:35	3.39	10.13	9.91	8.47	7.97	4	100
11/06/2015 06:40	2.27	8.69	8.74	8.64	7.08	4	100
11/06/2015 06:45	3.3	10.27	9	7.92	7.62	4	100
11/06/2015 06:50	3.02	11.08	9.71	9.32	8.28	4	100
11/06/2015 06:55	3.29	11.3	11.12	9.97	8.92	4	100
11/06/2015 07:00	2.89	12.09	9.94	9.48	8.6	4	100
11/06/2015 07:05	4.65	11.2	8.68	9.16	8.42	4	100
11/06/2015 07:10	3.09	12.39	10.46	9.7	8.91	4	100
11/06/2015 07:15	3.95	14.11	11.29	13.2	10.64	4	100
11/06/2015 07:20	2.98	13.53	11.48	11.7	9.92	4	100
11/06/2015 07:25	4.71	17.68	14.68	15.12	13.05	4	100
11/06/2015 07:30	5.1	14.52	13.76	13.32	11.67	4	100
11/06/2015 07:35	5.57	14.65	12.34	13.12	11.42	4	100
11/06/2015 07:40	5.33	15.05	12.01	12.45	11.21	4	100
11/06/2015 07:45	3.82	14.56	13.18	12.69	11.06	4	100
11/06/2015 07:50	4.13	11.98	10.59	12.31	9.75	4	100
11/06/2015 07:55	5.42	14.1	13.52	11.91	11.24	4	100
11/06/2015 08:00	5.43	15.87	13.89	13.58	12.19	4	100
11/06/2015 08:05	5.1	15.21	15.31	14.81	12.61	4	100
11/06/2015 08:10	5.67	13.34	12.15	13.89	11.26	4	100
11/06/2015 08:15	5.7	14.22	14.2	14.16	12.07	4	100
11/06/2015 08:20	5.31	14.8	14.19	14.27	12.14	4	100
11/06/2015 08:25	4.68	15.5	14.74	15.21	12.53	4	100
11/06/2015 08:30	6.11	15.01	14.57	13.53	12.3	4	100
11/06/2015 08:35	4.92	13.37	11.83	13.33	10.86	4	100
11/06/2015 08:40	5.34	13.02	13.07	12.11	10.89	4	100
11/06/2015 08:45	5.21	13.69	14.51	12.48	11.47	4	100
11/06/2015 08:50	5.62	14.56	13.48	14.87	12.13	4	100
11/06/2015 08:55	4.81	13.33	12.22	13.65	11	4	100
11/06/2015 09:00	5.19	13.04	11.35	11.76	10.33	4	100
11/06/2015 09:05	4.33	10.08	9.58	10.58	8.64	4	100
11/06/2015 09:10	6.22	12.19	12.07	12.44	10.73	4	100
11/06/2015 09:15	5.15	14.49	14.01	13.52	11.79	4	100
11/06/2015 09:20	4.98	13.5	10.99	11.93	10.35	4	100
11/06/2015 09:25	4.85	12.7	12.78	11.8	10.53	4	100
11/06/2015 09:30	4.69	13.19	12.4	13.1	10.84	4	100
11/06/2015 09:35	5.28	11.86	10.33	10.86	9.58	4	100
11/06/2015 09:40	5.02	12.63	12.13	13.18	10.74	4	100
11/06/2015 09:45	4.58	10.62	11.11	11.44	9.44	4	100
11/06/2015 09:50	4.6	11.36	12.08	12.55	10.15	4	100
11/06/2015 09:55	5.42	12.19	11.36	11.6	10.14	4	100
11/06/2015 10:00	5.71	13.15	11.54	12.87	10.82	4	100
11/06/2015 10:05	4.88	11.5	11.37	11.25	9.75	4	100
11/06/2015 10:10	3.54	11.69	9.58	12.13	9.24	4	100
11/06/2015 10:15	5.17	12.68	12.06	13.87	10.94	4	100
11/06/2015 10:20	3.94	10.66	10.98	13.78	9.84	4	100
11/06/2015 10:25	4.91	11.37	11.15	13.3	10.18	4	100
11/06/2015 10:30	6.19	13.9	13.09	14.18	11.84	4	100
11/06/2015 10:35	6.12	11	10.96	13.29	10.34	4	100
11/06/2015 10:40	5.38	11.77	11.5	13.67	10.58	4	100
11/06/2015 10:45	6.32	13.89	12.56	14.43	11.8	4	100
11/06/2015 10:50	6.44	12.85	13.42	12.61	11.33	4	100
11/06/2015 10:55	5.2	12.18	11.36	14.66	10.85	4	100
11/06/2015 11:00	4.99	10.26	9.97	11.08	9.07	4	100
11/06/2015 11:05	6.66	13.17	10.82	13.79	11.11	4	100
11/06/2015 11:10	6.89	13.47	12.87	14.77	12	4	100
11/06/2015 11:15	6.65	14.23	12.31	12.09	11.32	4	100
11/06/2015 11:20	7.97	13.01	11.49	13.46	11.48	4	100
11/06/2015 11:25	6.58	13.49	12.92	14.3	11.82	4	100
11/06/2015 11:30	7.24	13.74	11.69	11.89	11.14	4	100
11/06/2015 11:35	7.1	13.31	12.88	13.31	11.65	4	100
11/06/2015 11:40	7.38	12.87	12.06	11.79	11.03	4	100
11/06/2015 11:45	9.08	13.51	12.75	16.37	12.93	4	100
11/06/2015 11:50	9.25	14.93	12.99	13.67	12.71	4	100
11/06/2015 11:55	7.87	13.3	12.53	13.78	11.87	4	100
11/06/2015 12:00	8.93	13.7	12.91	13.99	12.38	4	100
11/06/2015 12:05	7.2	13.95	12.43	14.9	12.12	4	100
11/06/2015 12:10	8.21	14.56	14.72	16.73	13.56	4	100
11/06/2015 12:15	10.27	14.81	14.9	15.82	13.95	4	100
11/06/2015 12:20	7.67	14.69	13.12	14.77	12.56	4	100
11/06/2015 12:25	8.63	12.88	13.34	14.29	12.29	4	100
11/06/2015 12:30	10.27	15.69	14.49	15.39	13.96	4	100
11/06/2015 12:35	8.58	13.62	14.94	14.53	12.92	4	100
11/06/2015 12:40	9.4	13.99	13.42	14.79	12.9	4	100
11/06/2015 12:45	7.99	12.91	12.54	14	11.86	4	100
11/06/2015 12:50	9.66	14.5	13	14.89	13.01	4	100
11/06/2015 12:55	8.8	14.51	12.94	15.89	13.03	4	100
11/06/2015 13:00	8.93	13.29	12.05	15.19	12.37	4	100
11/06/2015 13:05	9.01	15.06	14.9	16.51	13.87	4	100
11/06/2015 13:10	10.12	13.89	13.14	12.76	12.48	4	100
11/06/2015 13:15	9.57	14.7	14.3	17.19	13.94	4	100
11/06/2015 13:20	10.94	15.38	15.63	18.95	15.22	4	100
11/06/2015 13:25	8.99	17.04	14.83	18.19	14.76	4	100
11/06/2015 13:30	10.04	13.49	13.68	14.26	12.87	4	100
11/06/2015 13:35	10.07	14.96	13.9	15.6	13.63	4	100
11/06/2015 13:40	11.41	14.88	14.75	17.9	14.73	4	100
11/06/2015 13:45	10	15.5	16.84	18.65	15.25	4	100
11/06/2015 13:50	10.39	16.23	15.29	19.34	15.31	4	100
11/06/2015 13:55	9.81	15.45	14.14	16.2	13.9	4	100
11/06/2015 14:00	10.75	14.88	15.98	18.11	14.93	4	100
11/06/2015 14:05	11.52	15.61	15.68	20.14	15.74	4	100
11/06/2015 14:10	11.72	16.39	16.51	16.65	15.32	4	100
11/06/2015 14:15	11.39	16.4	16.9	19.33	16.01	4	100
11/06/2015 14:20	10.44	15.58	15.98	18.15	15.04	4	100
11/06/2015 14:25	11.33	15.65	15.89	17.67	15.13	4	100
11/06/2015 14:30	10.35	16.39	17.84	20.16	16.18	4	100
11/06/2015 14:35	10.24	15.79	16.59	18.09	15.18	4	100
11/06/2015 14:40	10.41	16.19	16.84	18.4	15.46	4	100
11/06/2015 14:45	11.48	17.82	16.27	17.72	15.82	4	100
11/06/2015 14:50	11.2	15.9	17.11	16.49	15.17	4	100
11/06/2015 14:55	9.62	16.64	17.79	19.81	15.97	4	100
11/06/2015 15:00	10.88	16.87	17.78	19.01	16.13	4	100
11/06/2015 15:05	11.74	15.89	15.46	18.86	15.49	4	100
11/06/2015 15:10	11.2	16.06	19.12	20.59	16.74	4	100
11/06/2015 15:15	10.07	15.83	17.03	20.39	15.83	4	100
11/06/2015 15:20	11.32	14.37	15.37	17.48	14.64	4	100
11/06/2015 15:25	11.52	16.53	18.53	19.68	16.56	4	100
11/06/2015 15:30	12.47	15.3	16.85	19.5	16.03	4	100
11/06/2015 15:35	12.21	15.29	17.02	19.35	15.97	4	100
11/06/2015 15:40	11.33	16.84	17.93	19.02	16.28	4	100
11/06/2015 15:45	11.44	16.66	16.13	18.76	15.75	4	100
11/06/2015 15:50	11.47	16.44	17.69	19.43	16.26	4	100
11/06/2015 15:55	11.87	18.21	18.35	19.91	17.09	4	100
11/06/2015 16:00	12.55	15.98	17.89	19.19	16.4	4	100
11/06/2015 16:05	10.48	15.95	16.78	19.32	15.63	4	100
11/06/2015 16:10	11.49	16.34	17.47	18.01	15.83	4	100
11/06/2015 16:15	12.13	15.6	15.67	17.58	15.25	4	100
11/06/2015 16:20	10.63	18.71	18.57	20.13	17.01	4	100
11/06/2015 16:25	10.78	20.5	20.51	23.61	18.85	4	100
11/06/2015 16:30	11.96	17.61	16.95	19.87	16.6	4	100
11/06/2015 16:35	11.41	17.12	16.84	18.72	16.02	4	100
11/06/2015 16:40	10.69	17.91	18.59	18.31	16.38	4	100
11/06/2015 16:45	10.13	18.43	18.52	18.8	16.47	4	100
11/06/2015 16:50	10.42	16.39	15.87	17.1	14.94	4	100
11/06/2015 16:55	13.94	18.72	18.88	20.14	17.92	4	100
11/06/2015 17:00	12.94	17.01	17.98	19.71	16.91	4	100
11/06/2015 17:05	11.21	19.2	21.47	25.12	19.25	4	100
11/06/2015 17:10	14.9	23.18	23.94	23.34	21.34	4	100
11/06/2015 17:15	14.61	23.02	25.51	23.73	21.72	4	100
11/06/2015 17:20	12.74	21.5	21.91	20.15	19.08	4	100
11/06/2015 17:25	12.51	18.47	20.76	22.59	18.58	4	100
11/06/2015 17:30	11.52	19.63	18.73	21.03	17.73	4	100
11/06/2015 17:35	10.97	16.77	17.11	18.16	15.75	4	100
11/06/2015 17:40	12.2	17.9	19.1	18.51	16.93	4	100
11/06/2015 17:45	13.19	17.35	18.53	19.4	17.12	4	100
11/06/2015 17:50	11.92	19.03	17.92	17.96	16.71	4	100
11/06/2015 17:55	10.23	19.53	17.48	19.23	16.62	4	100
11/06/2015 18:00	11.76	19.31	21.3	19.52	17.97	4	100
11/06/2015 18:05	10.86	18.91	17.74	20.03	16.89	4	100
11/06/2015 18:10	13.83	20.15	19.37	21.81	18.79	4	100
11/06/2015 18:15	12.24	17.51	17.21	18.37	16.33	4	100
11/06/2015 18:20	12.44	18.58	19.77	19.39	17.54	4	100
11/06/2015 18:25	10.92	18.56	17.81	20.14	16.86	4	100
11/06/2015 18:30	11.53	17.2	17.67	18.19	16.15	4	100
11/06/2015 18:35	12.03	18.4	20.15	20.28	17.72	4	100
11/06/2015 18:40	11.7	17.86	16.22	18.11	15.97	4	100
11/06/2015 18:45	11.54	16.42	19.7	20.39	17.01	4	100
11/06/2015 18:50	13.08	22.31	25.84	26.06	21.82	4	100
11/06/2015 18:55	10.5	17.06	16.98	17.99	15.63	4	100
11/06/2015 19:00	12.35	17.39	18.9	19.52	17.04	4	100
11/06/2015 19:05	14.43	18.92	19.39	25.73	19.62	4	100
11/06/2015 19:10	13.85	20.21	25.16	28.46	21.92	4	100
11/06/2015 19:15	11.68	18.94	21.82	25.31	19.44	4	100
11/06/2015 19:20	13.75	16.8	18.92	20.66	17.53	4	100
11/06/2015 19:25	11.35	16.52	16.11	17.48	15.37	4	100
11/06/2015 19:30	13.66	21.26	21.43	23.4	19.94	4	100
11/06/2015 19:35	13.66	17.64	20.36	20.78	18.11	4	100
11/06/2015 19:40	13.8	16.15	17.7	22.15	17.45	4	100
11/06/2015 19:45	13.69	18.38	20.32	24.45	19.21	4	100
11/06/2015 19:50	14.09	17.3	20.49	22.9	18.69	4	100
11/06/2015 19:55	14.17	20.79	21.05	23.18	19.8	4	100
11/06/2015 20:00	11.51	17.61	18.75	21.34	17.3	4	100
11/06/2015 20:05	12.09	17.02	16.08	16.06	15.31	4	100
11/06/2015 20:10	12.57	14.94	16.74	16.54	15.2	4	100
11/06/2015 20:15	11.96	16.98	16.18	17.3	15.6	4	100
11/06/2015 20:20	12.18	16.51	16.29	17.11	15.52	4	100
11/06/2015 20:25	11.48	16.05	17.83	19.23	16.15	4	100
11/06/2015 20:30	13.02	16.48	16.19	16.98	15.67	4	100
11/06/2015 20:35	11.16	16.66	14.86	18.09	15.19	4	100
11/06/2015 20:40	8.77	12.8	11.28	13.02	11.47	4	100
11/06/2015 20:45	7.52	12.69	10.61	11.43	10.56	4	100
11/06/2015 20:50	7.67	13.44	12.65	13.32	11.77	4	100
11/06/2015 20:55	4.68	9.48	9.17	10.18	8.38	4	100
11/06/2015 21:00	5.19	10.29	9.5	10.78	8.94	4	100
11/06/2015 21:05	6.88	11.29	10.09	11.54	9.95	4	100
11/06/2015 21:10	8.22	11.15	10.12	11.48	10.24	4	100
11/06/2015 21:15	8.02	12.38	12.28	10.7	10.84	4	100
11/06/2015 21:20	7.66	11.59	10.24	12.09	10.4	4	100
11/06/2015 21:25	4.65	10.9	11.11	11.91	9.64	4	100
11/06/2015 21:30	2.71	9.63	7.92	11.58	7.96	4	100
11/06/2015 21:35	4	10.06	9.32	10.06	8.36	4	100
11/06/2015 21:40	3.91	9.5	9.01	10.69	8.28	4	100
11/06/2015 21:45	3.61	9.89	10.7	10.33	8.63	4	100
11/06/2015 21:50	3.26	9.52	8.72	10.34	7.96	4	100
11/06/2015 21:55	3.2	9.83	9.02	10.73	8.19	4	100
11/06/2015 22:00	4.59	9.95	9.82	10.19	8.64	4	100
11/06/2015 22:05	3.02	8.49	8.79	9.61	7.48	4	100
11/06/2015 22:10	4.02	10.27	9.9	10.51	8.67	4	100
11/06/2015 22:15	3.46	10.28	10.67	11.02	8.86	4	100
11/06/2015 22:20	3.36	9.13	8.63	9.7	7.71	4	100
11/06/2015 22:25	2.17	8.81	9.27	9.15	7.35	4	100
11/06/2015 22:30	3.09	8.12	8.3	7.27	6.69	4	100
11/06/2015 22:35	1.87	8.07	8.2	8.72	6.72	4	100
11/06/2015 22:40	2.04	8.67	8.61	11.19	7.63	4	100
11/06/2015 22:45	2.28	6.97	7.71	8.4	6.34	4	100
11/06/2015 22:50	1.86	8.21	7.78	9.58	6.86	4	100
11/06/2015 22:55	1.94	7.51	7.89	7.36	6.17	4	100
11/06/2015 23:00	1.67	6.82	7.26	7.25	5.75	4	100
11/06/2015 23:05	2.28	6.35	7.39	8.49	6.13	4	100
11/06/2015 23:10	1.93	8.17	7.38	8.03	6.38	4	100
11/06/2015 23:15	1.9	6.99	8.17	8.85	6.48	4	100
11/06/2015 23:20	2.07	8.07	7.72	9.21	6.77	4	100
11/06/2015 23:25	1.47	5.31	6.23	6.4	4.85	4	100
11/06/2015 23:30	2.03	6.67	7.12	7.49	5.83	4	100
11/06/2015 23:35	1.68	6.34	6.7	6.6	5.33	4	100
11/06/2015 23:40	1.9	6.26	6	7.66	5.46	4	100
11/06/2015 23:45	.9	5.32	5.49	6.23	4.49	4	100
11/06/2015 23:50	.67	4.98	4.98	5.26	3.97	4	100
11/06/2015 23:55	1.13	5.25	5.58	6.01	4.49	4	100
11/07/2015 00:00	.73	4.9	4.67	5.04	3.84	4	100
11/07/2015 00:05	.6	4.43	4.38	5.53	3.73	4	100
11/07/2015 00:10	1.08	4.02	5.06	5.74	3.98	4	100
11/07/2015 00:15	.89	4.2	5.09	4.78	3.74	4	100
11/07/2015 00:20	.48	4.14	4.18	5.45	3.56	4	100
11/07/2015 00:25	.71	4.31	3.92	5.2	3.53	4	100
11/07/2015 00:30	.41	2.63	3.38	3.8	2.55	4	100
11/07/2015 00:35	.63	3.42	3.55	4.33	2.98	4	100
11/07/2015 00:40	.56	2.99	4.19	5.27	3.25	4	100
11/07/2015 00:45	.77	3.36	3.98	4.13	3.06	4	100
11/07/2015 00:50	.57	3.02	3.16	3.47	2.56	4	100
11/07/2015 00:55	.11	2.59	3.23	3.53	2.37	4	100
11/07/2015 01:00	.43	2.38	3.6	4.41	2.7	4	100
11/07/2015 01:05	.4	3.21	3.73	4.69	3.01	4	100
11/07/2015 01:10	.31	2.82	3.36	3.62	2.53	4	100
11/07/2015 01:15	.61	3.09	3.06	4.47	2.81	4	100
11/07/2015 01:20	.07	2.06	2.6	3.49	2.05	4	100
11/07/2015 01:25	.14	1.83	2.69	2.88	1.88	4	100
11/07/2015 01:30	.36	1.82	2.15	2.22	1.64	4	100
11/07/2015 01:35	.07	2.33	3.02	2.94	2.09	4	100
11/07/2015 01:40	.16	1.99	3.05	2.97	2.04	4	100
11/07/2015 01:45	.3	1.81	2.82	2.89	1.95	4	100
11/07/2015 01:50	.13	2.02	2.08	3.33	1.89	4	100
11/07/2015 01:55	.81	1.49	1.88	2.09	1.57	4	0
11/07/2015 02:00	2.04	2.55	3.1	3.44	2.78	4	0
11/07/2015 02:05	1.56	2.13	2.63	2.92	2.31	4	0
11/07/2015 02:10	1.96	2.48	3.02	3.34	2.7	4	0
11/07/2015 02:15	2.7	3.11	3.75	4.16	3.43	4	0
11/07/2015 02:20	1.62	2.18	2.68	2.97	2.36	4	0
11/07/2015 02:25	1.83	2.37	2.89	3.2	2.57	4	0
11/07/2015 02:30	1.41	2	2.48	2.75	2.16	4	0
11/07/2015 02:35	1.54	2.12	2.61	2.89	2.29	4	0
11/07/2015 02:40	.88	1.55	1.96	2.18	1.64	4	0
11/07/2015 02:45	1.1	1.74	2.17	2.42	1.86	4	0
11/07/2015 02:50	.74	1.43	1.82	2.02	1.5	4	0
11/07/2015 02:55	1.25	1.87	2.33	2.58	2.01	4	0
11/07/2015 03:00	.88	1.54	1.95	2.17	1.63	4	0
11/07/2015 03:05	.79	1.47	1.87	2.07	1.55	4	0
11/07/2015 03:10	.9	1.56	1.97	2.19	1.66	4	0
11/07/2015 03:15	.9	1.57	1.98	2.2	1.66	4	0
11/07/2015 03:20	1.11	1.25	1.62	1.8	1.44	4	0
11/07/2015 03:25	1.05	1.13	1.48	1.64	1.33	4	0
11/07/2015 03:30	.52	1.01	1.34	1.48	1.08	4	0
11/07/2015 03:35	1.38	1.3	1.68	1.87	1.56	4	0
11/07/2015 03:40	.08	.69	.98	1.08	.71	4	0
11/07/2015 03:45	.47	.9	1.21	1.34	.98	4	0
11/07/2015 03:50	1.54	1.42	1.81	2.01	1.69	4	0
11/07/2015 03:55	.22	.98	1.31	1.45	.99	4	0
11/07/2015 04:00	.6	.85	1.15	1.28	.97	4	0
11/07/2015 04:05	2.02	.41	.65	.72	.95	4	0
11/07/2015 04:10	2.05	.57	.83	.92	1.09	4	0
11/07/2015 04:15	.41	1.14	1.49	1.66	1.18	4	0
11/07/2015 04:20	.7	1.39	1.78	1.97	1.46	4	0
11/07/2015 04:25	.87	1.54	1.95	2.16	1.63	4	0
11/07/2015 04:30	.81	1.49	1.89	2.1	1.57	4	0
11/07/2015 04:35	.85	1.15	1.49	1.66	1.29	4	0
11/07/2015 04:40	.71	1.4	1.78	1.98	1.47	4	0
11/07/2015 04:45	.84	1.51	1.91	2.13	1.6	4	0
11/07/2015 04:50	.71	1.4	1.79	1.98	1.47	4	0
11/07/2015 04:55	.66	1.36	1.73	1.92	1.42	4	0
11/07/2015 05:00	.68	1.38	1.76	1.95	1.44	4	0
11/07/2015 05:05	1.19	1.82	2.27	2.52	1.95	4	0
11/07/2015 05:10	1.81	2.34	2.87	3.17	2.55	4	0
11/07/2015 05:15	1.67	2.23	2.74	3.03	2.42	4	0
11/07/2015 05:20	1.41	2.01	2.48	2.75	2.16	4	0
11/07/2015 05:25	1.54	2.12	2.61	2.88	2.29	4	0
11/07/2015 05:30	2.22	2.7	3.28	3.64	2.96	4	0
11/07/2015 05:35	2.73	3.14	3.78	4.19	3.46	4	0
11/07/2015 05:40	2.49	2.94	3.55	3.93	3.23	4	0
11/07/2015 05:45	2.79	3.19	3.84	4.25	3.52	4	0
11/07/2015 05:50	2.72	3.14	3.78	4.18	3.45	4	0
11/07/2015 05:55	2.52	2.96	3.57	3.96	3.25	4	0
11/07/2015 06:00	2.54	2.98	3.59	3.98	3.27	4	0
11/07/2015 06:05	2.98	3.35	4.03	4.46	3.71	4	0
11/07/2015 06:10	3.46	3.77	4.5	4.98	4.18	4	0
11/07/2015 06:15	3.62	3.9	4.66	5.15	4.33	4	0
11/07/2015 06:20	4.42	4.6	5.45	6.03	5.12	4	0
11/07/2015 06:25	4.15	4.36	5.18	5.73	4.86	4	0
11/07/2015 06:30	4.4	4.58	5.43	6	5.1	4	0
11/07/2015 06:35	4.38	4.56	5.41	5.99	5.09	4	0
11/07/2015 06:40	4.49	4.66	5.52	6.11	5.19	4	0
11/07/2015 06:45	5.39	5.42	6.4	7.07	6.07	4	0
11/07/2015 06:50	5.58	5.6	6.6	7.3	6.27	4	0
11/07/2015 06:55	4.97	5.06	5.99	6.62	5.66	4	0
11/07/2015 07:00	5.64	5.64	6.65	7.35	6.32	4	0
11/07/2015 07:05	6.01	5.96	7.02	7.76	6.69	4	0
11/07/2015 07:10	7.34	7.11	8.33	9.2	7.99	4	0
11/07/2015 07:15	.67	4.22	4.5	4.16	3.39	4	100
11/07/2015 07:20	3.42	7.81	6.95	7.12	6.33	4	100
11/07/2015 07:25	4.61	8.94	8.44	8.39	7.6	4	100
11/07/2015 07:30	4	8.67	8.62	7.82	7.28	4	100
11/07/2015 07:35	4.64	8.89	9.22	7.7	7.61	4	100
11/07/2015 07:40	4.68	10.38	9.03	9.57	8.42	4	100
11/07/2015 07:45	5.01	10.49	9.24	7.76	8.13	4	100
11/07/2015 07:50	5.08	9.54	8.44	9.17	8.06	4	100
11/07/2015 07:55	5.74	8.9	8.37	8.37	7.84	4	100
11/07/2015 08:00	3.67	9.1	9.11	10.49	8.09	4	100
11/07/2015 08:05	5.56	10.08	9.47	9.73	8.71	4	100
11/07/2015 08:10	5.89	9.88	8.98	9.19	8.48	4	100
11/07/2015 08:15	3.52	9.15	9.23	9.32	7.81	4	100
11/07/2015 08:20	5.56	9.23	8.82	10.25	8.46	4	100
11/07/2015 08:25	5.85	10.96	9.17	10	9	4	100
11/07/2015 08:30	5.75	9.86	8.49	9.21	8.33	4	100
11/07/2015 08:35	6.4	12.58	10.65	11.59	10.31	4	100
11/07/2015 08:40	4.68	10.54	8.54	10.22	8.49	4	100
11/07/2015 08:45	5.44	12.28	11.16	11.29	10.04	4	100
11/07/2015 08:50	6.48	11.66	10.2	9.34	9.42	4	100
11/07/2015 08:55	5.41	10.79	10.23	9.51	8.98	4	100
11/07/2015 09:00	5.02	9.35	8.53	8.65	7.89	4	100
11/07/2015 09:05	5.21	9.75	8.93	9.56	8.36	4	100
11/07/2015 09:10	5.87	11.95	10.87	11.64	10.08	4	100
11/07/2015 09:15	8.72	12.55	11.33	13.93	11.63	4	100
11/07/2015 09:20	7.66	21.7	12.62	12.61	13.65	4	100
11/07/2015 09:25	7.11	12.23	11.63	11.37	10.58	4	100
11/07/2015 09:30	8.04	11.96	12.63	12.83	11.37	4	100
11/07/2015 09:35	7.93	12.91	12.04	10.8	10.92	4	100
11/07/2015 09:40	7.84	11.67	12.23	10.58	10.58	4	100
11/07/2015 09:45	7.72	12.57	11.69	12.93	11.23	4	100
11/07/2015 09:50	7.67	13.16	11.75	11.48	11.01	4	100
11/07/2015 09:55	7.63	12.22	11.6	11.19	10.66	4	100
11/07/2015 10:00	8.48	12.56	12.21	12.19	11.36	4	100
11/07/2015 10:05	8.19	11.5	11.82	11.51	10.76	4	100
11/07/2015 10:10	9.11	13.24	13.48	14.73	12.64	4	100
11/07/2015 10:15	9.53	13.92	11.66	11.98	11.77	4	100
11/07/2015 10:20	10.23	13.73	11.31	13.52	12.2	4	100
11/07/2015 10:25	9.33	14.39	12.38	14.93	12.76	4	100
11/07/2015 10:30	9.36	12.73	12.41	13.23	11.93	4	100
11/07/2015 10:35	10.2	12.92	12.33	13.41	12.22	4	100
11/07/2015 10:40	8.63	12.49	10.17	11.72	10.75	4	100
11/07/2015 10:45	9.19	14.07	11.98	12.81	12.01	4	100
11/07/2015 10:50	8.29	12.37	12.2	12.22	11.27	4	100
11/07/2015 10:55	10.49	13.46	12.69	13.17	12.45	4	100
11/07/2015 11:00	10.49	12.75	11.6	11.32	11.54	4	100
11/07/2015 11:05	10.9	14.73	12.99	13.51	13.03	4	100
11/07/2015 11:10	10.02	12.59	12.59	12.17	11.84	4	100
11/07/2015 11:15	9.2	12	11.57	12.97	11.44	4	100
11/07/2015 11:20	10.81	12.73	11.82	13.62	12.25	4	100
11/07/2015 11:25	11.38	13.79	13.35	14.86	13.35	4	100
11/07/2015 11:30	10.72	15.03	12.8	14.89	13.36	4	100
11/07/2015 11:35	10.67	13.59	12.84	13.4	12.63	4	100
11/07/2015 11:40	9.86	13.89	13.29	13.84	12.72	4	100
11/07/2015 11:45	10.53	15.25	13.78	15.89	13.86	4	100
11/07/2015 11:50	10.41	12	12.43	13.13	11.99	4	100
11/07/2015 11:55	11.59	14.37	13.82	15.07	13.71	4	100
11/07/2015 12:00	10	14.63	13.11	15.11	13.21	4	100
11/07/2015 12:05	10.19	14.31	12.3	13.22	12.5	4	100
11/07/2015 12:10	8.78	13.18	12.07	14.59	12.16	4	100
11/07/2015 12:15	10.64	15.69	14.89	15.33	14.14	4	100
11/07/2015 12:20	10.67	10.44	11.15	15.18	11.86	4	100
11/07/2015 12:25	10.59	13.82	14.44	13.19	13.01	4	100
11/07/2015 12:30	10.51	13.4	13.7	13.38	12.75	4	100
11/07/2015 12:35	12.28	15.19	13.18	15.95	14.15	4	100
11/07/2015 12:40	9.2	13.6	14.4	15.69	13.22	4	100
11/07/2015 12:45	10.74	16.44	14.07	12.37	13.41	4	100
11/07/2015 12:50	9.64	13.64	16.11	13.91	13.33	4	100
11/07/2015 12:55	9.59	13.33	13.96	13.63	12.63	4	100
11/07/2015 13:00	11.26	15.11	15.08	14.15	13.9	4	100
11/07/2015 13:05	9.38	15.02	14.42	17.25	14.02	4	100
11/07/2015 13:10	12.25	14.64	15.14	16.56	14.65	4	100
11/07/2015 13:15	10.67	13.39	12.08	14.5	12.66	4	100
11/07/2015 13:20	9.33	16.06	14.72	14.56	13.67	4	100
11/07/2015 13:25	8.48	14.56	12.67	13.15	12.21	4	100
11/07/2015 13:30	11.67	16.33	13.11	13.56	13.67	4	100
11/07/2015 13:35	7.89	13.39	12.66	12.94	11.72	4	100
11/07/2015 13:40	10	14.88	14.67	14.83	13.59	4	100
11/07/2015 13:45	10.48	13.3	15.67	13.82	13.32	4	100
11/07/2015 13:50	11.45	11.78	12.64	16.53	13.1	4	100
11/07/2015 13:55	10.92	13.08	15.05	14.03	13.27	4	100
11/07/2015 14:00	12.89	15.67	17.78	13	14.83	4	100
11/07/2015 14:05	11.77	15.28	11.72	15.56	13.58	4	100
11/07/2015 14:10	14.43	15.74	15.09	17.24	15.62	4	100
11/07/2015 14:15	10.78	16.22	16.59	15.07	14.67	4	100
11/07/2015 14:20	13.39	13.11	17.94	18.27	15.68	4	100
11/07/2015 14:25	13.44	17.13	16.35	17.04	15.99	4	100
11/07/2015 14:30	11.95	16.97	15.28	17.61	15.45	4	100
11/07/2015 14:35	11.8	13.39	13.58	15.78	13.64	4	100
11/07/2015 14:40	11.71	14.69	15.74	17.27	14.85	4	100
11/07/2015 14:45	10.67	14.08	13.05	14.67	13.12	4	100
11/07/2015 14:50	11.62	16.45	17.24	19.53	16.21	4	100
11/07/2015 14:55	10.83	13.32	15.08	16.85	14.02	4	100
11/07/2015 15:00	10.51	13.49	13.66	13.91	12.89	4	100
11/07/2015 15:05	11.23	14.67	15.08	17.34	14.58	4	100
11/07/2015 15:10	12.03	15.46	15.81	17.01	15.08	4	100
11/07/2015 15:15	12.38	13.92	16.58	18.36	15.31	4	100
11/07/2015 15:20	13.78	16.2	16.89	18.18	16.26	4	100
11/07/2015 15:25	12.47	16.11	17.06	18.42	16.02	4	100
11/07/2015 15:30	13.34	16.02	15.48	16.82	15.41	4	100
11/07/2015 15:35	12.2	14.9	17.16	17.4	15.42	4	100
11/07/2015 15:40	12	14.3	16.91	16.95	15.04	4	100
11/07/2015 15:45	11.68	13.7	16.89	17.62	14.97	4	100
11/07/2015 15:50	11.49	15.1	17.46	16.57	15.15	4	100
11/07/2015 15:55	13.67	13.88	16.95	18.53	15.76	4	100
11/07/2015 16:00	12.85	15.23	17.16	17.95	15.8	4	100
11/07/2015 16:05	12.93	13.98	14.44	16.98	14.58	4	100
11/07/2015 16:10	13.08	14.57	14.51	17.12	14.82	4	100
11/07/2015 16:15	12.46	14.68	15.6	18.11	15.21	4	100
11/07/2015 16:20	13.66	15.48	16.33	16.55	15.5	4	100
11/07/2015 16:25	12.95	15.52	16.42	16.62	15.38	4	100
11/07/2015 16:30	12.35	14.13	15.39	15.01	14.22	4	100
11/07/2015 16:35	11.72	14.4	14.8	15.78	14.17	4	100
11/07/2015 16:40	14.21	14.71	17.4	18.18	16.13	4	100
11/07/2015 16:45	13.27	15.21	15.75	18.38	15.65	4	100
11/07/2015 16:50	13.46	15.01	17.23	17.87	15.89	4	100
11/07/2015 16:55	11.2	15.67	16.7	18.22	15.45	4	100
11/07/2015 17:00	12.51	15.88	16.66	18.54	15.9	4	100
11/07/2015 17:05	13.88	15.81	16.87	18.84	16.35	4	100
11/07/2015 17:10	12.5	16.15	15.96	18.49	15.78	4	100
11/07/2015 17:15	11.77	15.69	13.35	16.39	14.3	4	100
11/07/2015 17:20	13.31	15.28	15.05	15.98	14.91	4	100
11/07/2015 17:25	13.62	15.73	16.22	16.5	15.52	4	100
11/07/2015 17:30	14.48	15.19	16.14	17.25	15.77	4	100
11/07/2015 17:35	14.68	17.47	16.4	16.58	16.28	4	100
11/07/2015 17:40	15.19	16.11	17.47	19.79	17.14	4	100
11/07/2015 17:45	14.71	17.92	17.97	17.97	17.14	4	100
11/07/2015 17:50	14.9	18.07	17.83	18.27	17.27	4	100
11/07/2015 17:55	14.93	15.95	17.43	17.73	16.51	4	100
11/07/2015 18:00	13.97	17.18	16.88	17.08	16.28	4	100
11/07/2015 18:05	14.79	16.37	17.78	17.06	16.5	4	100
11/07/2015 18:10	12.82	15.99	14.94	16.68	15.11	4	100
11/07/2015 18:15	13.2	16.71	19.69	19.68	17.32	4	100
11/07/2015 18:20	12.7	16.69	17.33	18.04	16.19	4	100
11/07/2015 18:25	12.74	17.11	17.72	18.67	16.56	4	100
11/07/2015 18:30	13.7	16.28	15.62	16.97	15.64	4	100
11/07/2015 18:35	12.02	15.19	15.52	17.6	15.08	4	100
11/07/2015 18:40	15.65	15.58	16.04	18.66	16.48	4	100
11/07/2015 18:45	15.45	16.37	16	19.25	16.77	4	100
11/07/2015 18:50	14.56	17.64	17.2	18.07	16.87	4	100
11/07/2015 18:55	13.71	16.15	17.35	19.15	16.59	4	100
11/07/2015 19:00	13.77	16.47	17.48	19.51	16.81	4	100
11/07/2015 19:05	14.09	16.69	15.91	19.15	16.46	4	100
11/07/2015 19:10	13.09	16.26	16.1	17.39	15.71	4	100
11/07/2015 19:15	11.96	15.48	15.56	16.08	14.77	4	100
11/07/2015 19:20	11.69	13.98	13.69	15.72	13.77	4	100
11/07/2015 19:25	9.66	13.61	12.51	12.96	12.18	4	100
11/07/2015 19:30	9.73	11.83	11.27	14.16	11.75	4	100
11/07/2015 19:35	8.72	12.09	12.42	13.63	11.72	4	100
11/07/2015 19:40	10.1	12.17	12.11	12.19	11.64	4	100
11/07/2015 19:45	8.95	12.67	11.77	13.02	11.6	4	100
11/07/2015 19:50	9.36	12.86	11.42	11.92	11.39	4	100
11/07/2015 19:55	8.83	11.14	10.67	12.27	10.73	4	100
11/07/2015 20:00	9.17	12.6	11.04	10.91	10.93	4	100
11/07/2015 20:05	8.33	12.23	11.02	11.94	10.88	4	100
11/07/2015 20:10	9.05	11.37	10.82	11.53	10.69	4	100
11/07/2015 20:15	6.46	11.63	9.61	9.63	9.33	4	100
11/07/2015 20:20	3.64	7.8	9.27	10.02	7.68	4	100
11/07/2015 20:25	4.39	9.02	8.94	9.19	7.88	4	100
11/07/2015 20:30	4.2	7.8	7.91	9.84	7.44	4	100
11/07/2015 20:35	4.84	9.41	8.87	8.55	7.92	4	100
11/07/2015 20:40	3.99	7.77	8.3	9.21	7.32	4	100
11/07/2015 20:45	4.31	9.43	7.84	9.14	7.68	4	100
11/07/2015 20:50	4.31	7.57	7.36	8.77	7	4	100
11/07/2015 20:55	3.17	7.42	7.89	9.33	6.95	4	100
11/07/2015 21:00	4.16	9.34	9.12	10.82	8.36	4	100
11/07/2015 21:05	2.67	7.93	8.32	8.32	6.81	4	100
11/07/2015 21:10	5.11	9.04	8.57	8.76	7.87	4	100
11/07/2015 21:15	3.69	8.91	9.02	9.97	7.9	4	100
11/07/2015 21:20	4.62	8.26	9.22	9.57	7.92	4	100
11/07/2015 21:25	3.86	7.39	7.17	8.88	6.82	4	100
11/07/2015 21:30	4.87	8.36	8.85	9.37	7.86	4	100
11/07/2015 21:35	3.63	7.31	8.01	8.38	6.83	4	100
11/07/2015 21:40	4.43	7.71	9.03	8.88	7.51	4	100
11/07/2015 21:45	3.98	7.7	7.49	8.17	6.83	4	100
11/07/2015 21:50	5.01	9.27	7.8	7.67	7.44	4	100
11/07/2015 21:55	3.89	8.31	8.97	9.02	7.55	4	100
11/07/2015 22:00	2.97	9.65	8.43	9.58	7.66	4	100
11/07/2015 22:05	4.07	8.77	8.77	9.11	7.68	4	100
11/07/2015 22:10	4.04	8.58	9.79	9.51	7.98	4	100
11/07/2015 22:15	4.19	9.31	9.19	9.01	7.93	4	100
11/07/2015 22:20	4.06	10.17	9.04	9.9	8.29	4	100
11/07/2015 22:25	4.18	8.89	8.27	9.37	7.68	4	100
11/07/2015 22:30	3.09	8.76	8.61	9.11	7.39	4	100
11/07/2015 22:35	3.13	7.19	8.54	7.17	6.51	4	100
11/07/2015 22:40	3.65	7.12	6.4	7.33	6.12	4	100
11/07/2015 22:45	3.33	6.57	8.74	8.95	6.9	4	100
11/07/2015 22:50	2.6	7.16	8.71	8.04	6.63	4	100
11/07/2015 22:55	3.72	7.73	8.86	8.43	7.18	4	100
11/07/2015 23:00	2.73	8.4	8.5	8.71	7.09	4	100
11/07/2015 23:05	3.47	7.59	7.22	6.53	6.2	4	100
11/07/2015 23:10	2.82	6.9	7.82	9.49	6.76	4	100
11/07/2015 23:15	2.25	9.26	9.15	9.5	7.54	4	100
11/07/2015 23:20	2.98	5.94	6.79	7.88	5.9	4	100
11/07/2015 23:25	2.26	7.19	7.48	7.99	6.23	4	100
11/07/2015 23:30	2.2	6.6	7.58	7.79	6.04	4	100
11/07/2015 23:35	2.36	5.9	7.5	7.65	5.85	4	100
11/07/2015 23:40	2.46	7.31	8.62	9.4	6.95	4	100
11/07/2015 23:45	1.63	6.87	6.78	7.37	5.66	4	100
11/07/2015 23:50	1.48	6.19	6.92	7.5	5.52	4	100
11/07/2015 23:55	1.37	5.5	5.79	5.67	4.58	4	100
11/08/2015 00:00	1.86	5.47	6.27	6.8	5.1	4	100
11/08/2015 00:05	1.72	4.44	5.58	6.41	4.54	4	100
11/08/2015 00:10	1.8	5.41	6.61	6.44	5.07	4	100
11/08/2015 00:15	1.51	5.1	5.72	6.11	4.61	4	100
11/08/2015 00:20	1.37	5.46	5.08	5.05	4.24	4	100
11/08/2015 00:25	1.38	4.37	5.5	4.57	3.96	4	100
11/08/2015 00:30	1.36	5.31	6.15	5.94	4.69	4	100
11/08/2015 00:35	.69	4.27	5.76	5.96	4.17	4	100
11/08/2015 00:40	1.17	4.38	5.56	5.56	4.17	4	100
11/08/2015 00:45	.96	3.71	4.59	3.88	3.29	4	100
11/08/2015 00:50	.71	3.7	4.31	4.96	3.42	4	100
11/08/2015 00:55	.76	3.67	3.59	4.67	3.17	4	100
11/08/2015 01:00	.57	2.63	4.18	4.63	3	4	100
11/08/2015 01:05	.64	3.19	3.9	3.33	2.77	4	100
11/08/2015 01:10	.46	3.62	3.77	3.88	2.93	4	100
11/08/2015 01:15	.69	2.62	3.29	3.84	2.61	4	100
11/08/2015 01:20	.35	2.92	3.7	3.69	2.67	4	100
11/08/2015 01:25	.63	2.02	2.77	3.27	2.17	4	100
11/08/2015 01:30	.41	2.48	3.01	3.58	2.37	4	100
11/08/2015 01:35	.47	2.79	3.28	4.02	2.64	4	100
11/08/2015 01:40	.59	2.31	2.85	3.13	2.22	4	100
11/08/2015 01:45	.26	2.47	2.6	2.78	2.03	4	100
11/08/2015 01:50	.49	3.02	3.17	3.67	2.59	4	100
11/08/2015 01:55	.49	2.62	4	2.68	2.45	4	100
11/08/2015 02:00	.24	2.44	2.25	3.24	2.04	4	100
11/08/2015 02:05	.22	1.85	3	3.53	2.15	4	100
11/08/2015 02:10	.62	2.09	2.34	2.7	1.94	4	100
11/08/2015 02:15	.83	2.44	3.2	4	2.62	4	100
11/08/2015 02:20	.4	2.03	2.84	3.07	2.09	4	100
11/08/2015 02:25	.28	2.22	3.19	2.32	2	4	100
11/08/2015 02:30	.18	2.11	2.72	2.74	1.94	4	100
11/08/2015 02:35	.12	1.85	2.24	2.17	1.59	4	100
11/08/2015 02:40	.08	.57	.69	.61	.49	4	100
11/08/2015 02:45	1.41	4.03	2.96	2.28	2.67	4	100
11/08/2015 02:50	1.13	3.3	2.79	2.33	2.39	4	100
11/08/2015 02:55	.17	1.88	1.78	1.3	1.28	4	100
11/08/2015 03:00	.41	2.3	1.59	2.05	1.59	4	100
11/08/2015 03:05	.09	2.58	2.11	2.12	1.73	4	100
11/08/2015 03:10	.16	2.18	1.81	2.21	1.59	4	100
11/08/2015 03:15	.38	2.65	2.22	1.52	1.69	4	100
11/08/2015 03:20	.06	2.35	2.77	2.03	1.8	4	100
11/08/2015 03:25	.42	1.59	1.62	2.5	1.53	4	100
11/08/2015 03:30	.14	1.09	2.1	2.32	1.41	4	100
11/08/2015 03:35	.07	1.14	1.43	2.08	1.18	4	100
11/08/2015 03:40	0	.84	1.72	1.67	1.06	4	100
11/08/2015 03:45	.13	1.26	1.18	2.41	1.24	4	100
11/08/2015 03:50	0	1.2	1.99	2.12	1.33	4	100
11/08/2015 03:55	.07	1.01	.98	1.45	.88	4	100
11/08/2015 04:00	0	.37	1.32	1.41	.77	4	100
11/08/2015 04:05	0	1.29	1.04	1.89	1.06	4	100
11/08/2015 04:10	.1	1.13	1.74	1.74	1.18	4	100
11/08/2015 04:15	.07	1.4	1.72	1.7	1.22	4	100
11/08/2015 04:20	0	1.04	1.53	1.93	1.12	4	100
11/08/2015 04:25	.14	1.11	1.98	1.8	1.26	4	100
11/08/2015 04:30	.27	1.11	1.93	1.34	1.16	4	100
11/08/2015 04:35	.17	.91	1.15	2.21	1.11	4	100
11/08/2015 04:40	.13	.81	1.21	1.5	.91	4	100
11/08/2015 04:45	.13	.9	1.94	2.75	1.43	4	100
11/08/2015 04:50	.14	1.04	1.23	1.69	1.02	4	100
11/08/2015 04:55	.08	1.2	1.61	2.62	1.38	4	100
11/08/2015 05:00	.13	.6	1.78	2.76	1.32	4	100
11/08/2015 05:05	.07	.6	1.07	2.08	.95	4	100
11/08/2015 05:10	.06	1.01	1.42	2.22	1.18	4	100
11/08/2015 05:15	.32	1.18	1.87	1.92	1.32	4	100
11/08/2015 05:20	.24	1.52	2.67	2.99	1.86	4	100
11/08/2015 05:25	.2	1.54	2.17	2.11	1.5	4	100
11/08/2015 05:30	.3	1.92	2.16	2.68	1.76	4	100
11/08/2015 05:35	.38	1.52	2.59	2.73	1.81	4	100
11/08/2015 05:40	.38	2.6	2.36	3.42	2.19	4	100
11/08/2015 05:45	.48	1.79	2.5	3.24	2	4	100
11/08/2015 05:50	.24	1.49	2.39	2.08	1.55	4	100
11/08/2015 05:55	.19	1.54	2.29	2.71	1.68	4	100
11/08/2015 06:00	.56	2.22	3.43	3.07	2.32	4	100
11/08/2015 06:05	.4	2.62	2.91	3.82	2.44	4	100
11/08/2015 06:10	.51	2.58	3.05	2.88	2.26	4	100
11/08/2015 06:15	.83	2.27	3.24	2.66	2.25	4	100
11/08/2015 06:20	1.07	3.89	3.6	4.19	3.19	4	100
11/08/2015 06:25	.88	3.03	3.04	3.74	2.67	4	100
11/08/2015 06:30	1.06	3.89	3.98	5.19	3.53	4	100
11/08/2015 06:35	1.23	3	3.94	4.86	3.26	4	100
11/08/2015 06:40	1.06	4.06	3.87	3.99	3.24	4	100
11/08/2015 06:45	1.48	3.62	4.03	5.39	3.63	4	100
11/08/2015 06:50	1.11	3.68	4.35	4.85	3.5	4	100
11/08/2015 06:55	.63	3.99	4.04	4.42	3.27	4	100
11/08/2015 07:00	1.47	3.69	4.32	3.52	3.25	4	100
11/08/2015 07:05	1.09	4.6	5.32	6.13	4.28	4	100
11/08/2015 07:10	1.38	3.94	4.89	5.27	3.87	4	100
11/08/2015 07:15	1.74	5.42	5.53	5.81	4.62	4	100
11/08/2015 07:20	1.44	4.61	5.4	5.59	4.26	4	100
11/08/2015 07:25	1.21	4.39	4.8	5.72	4.03	4	100
11/08/2015 07:30	1.63	6.07	5.88	6.01	4.9	4	100
11/08/2015 07:35	2.23	5.61	5.92	6	4.94	4	100
11/08/2015 07:40	1.34	5.6	6.62	5.81	4.84	4	100
11/08/2015 07:45	1.79	5.77	6.1	5.16	4.71	4	100
11/08/2015 07:50	1.93	5.58	5.5	5.13	4.54	4	100
11/08/2015 07:55	2	5.59	5.54	5.86	4.75	4	100
11/08/2015 08:00	2.13	5.62	5.81	5.54	4.78	4	100
11/08/2015 08:05	2.29	5.83	7	6.09	5.3	4	100
11/08/2015 08:10	2.83	5.62	5.81	6.11	5.09	4	100
11/08/2015 08:15	1.97	5.44	5.94	5.33	4.67	4	100
11/08/2015 08:20	3.19	6.66	7.9	6.26	6	4	100
11/08/2015 08:25	3.26	6.67	6.9	7.03	5.97	4	100
11/08/2015 08:30	3.8	6.63	7.69	7.13	6.31	4	100
11/08/2015 08:35	2.83	6.12	7.31	7.4	5.91	4	100
11/08/2015 08:40	3.12	7.72	7.68	7.17	6.42	4	100
11/08/2015 08:45	3.36	7.47	7.67	7.64	6.53	4	100
11/08/2015 08:50	3.1	7.08	7.32	6.65	6.04	4	100
11/08/2015 08:55	3.37	7.2	7.72	6.95	6.31	4	100
11/08/2015 09:00	3.83	6.74	7.41	8.23	6.55	4	100
11/08/2015 09:05	3.91	6.87	7.09	7.88	6.44	4	100
11/08/2015 09:10	5.59	10.47	10.1	10.12	9.07	4	100
11/08/2015 09:15	4.65	8.79	7.97	7.92	7.33	4	100
11/08/2015 09:20	4.84	8.7	8.86	8.93	7.83	4	100
11/08/2015 09:25	4.43	9.63	9.15	9.79	8.25	4	100
11/08/2015 09:30	4.83	9.64	9.6	10.19	8.57	4	100
11/08/2015 09:35	4.57	9.56	10.06	9.55	8.44	4	100
11/08/2015 09:40	5.41	9.39	9.43	9.99	8.56	4	100
11/08/2015 09:45	4.62	10.64	10.44	8.63	8.58	4	100
11/08/2015 09:50	4.48	10.19	8.43	10.58	8.42	4	100
11/08/2015 09:55	5.5	9.94	10.18	9.65	8.82	4	100
11/08/2015 10:00	5.5	7.74	8.7	8.24	7.54	4	100
11/08/2015 10:05	5.81	9.53	10	8.25	8.4	4	100
11/08/2015 10:10	7.18	9.88	10.14	10.23	9.36	4	100
11/08/2015 10:15	7.66	12.48	11.13	9.92	10.3	4	100
11/08/2015 10:20	7.11	11.16	10.55	10.46	9.82	4	100
11/08/2015 10:25	8.37	11.17	9.98	10.05	9.89	4	100
11/08/2015 10:30	5.66	10.71	8.7	10.31	8.85	4	100
11/08/2015 10:35	8.99	11.51	11.92	11.11	10.88	4	100
11/08/2015 10:40	7.78	12.11	11.82	11.64	10.84	4	100
11/08/2015 10:45	7.89	10.3	12.16	9.91	10.06	4	100
11/08/2015 10:50	7.09	11.09	11.9	10.09	10.04	4	100
11/08/2015 10:55	7.63	10.93	10.16	10.58	9.83	4	100
11/08/2015 11:00	7.43	12.28	10.21	10.76	10.17	4	100
11/08/2015 11:05	9.79	12.67	11.85	11.96	11.57	4	100
11/08/2015 11:10	8.05	11.51	11.22	10.99	10.44	4	100
11/08/2015 11:15	7.22	11.98	10.7	10.85	10.19	4	100
11/08/2015 11:20	7.3	11.5	10.32	11.96	10.27	4	100
11/08/2015 11:25	8.76	12.9	12.69	13.38	11.93	4	100
11/08/2015 11:30	7.64	11.57	10.61	10.88	10.18	4	100
11/08/2015 11:35	9.59	10.44	11.76	11.92	10.93	4	100
11/08/2015 11:40	7.15	10.41	11.01	9.71	9.57	4	100
11/08/2015 11:45	8.29	11.93	10.68	10.65	10.39	4	100
11/08/2015 11:50	8.92	12.43	12.22	12.94	11.63	4	100
11/08/2015 11:55	9.25	11.62	10.32	11.04	10.56	4	100
11/08/2015 12:00	7.39	12.32	11.11	12	10.71	4	100
11/08/2015 12:05	7.03	10.75	9.87	11.19	9.71	4	100
11/08/2015 12:10	10.06	12.21	10.4	12.73	11.35	4	100
11/08/2015 12:15	8.51	9.58	10.12	10.42	9.66	4	100
11/08/2015 12:20	7.83	10.32	10.25	11.24	9.91	4	100
11/08/2015 12:25	7.24	11.14	10.03	9.92	9.58	4	100
11/08/2015 12:30	7.84	10.64	10.91	10.96	10.09	4	100
11/08/2015 12:35	8.97	9.25	10.36	11.5	10.02	4	100
11/08/2015 12:40	6.96	10.74	11.74	12.22	10.41	4	100
11/08/2015 12:45	5.71	8.87	7.84	9.18	7.9	4	100
11/08/2015 12:50	7.4	10.82	9.07	10.91	9.55	4	100
11/08/2015 12:55	6.78	10.45	11.04	10.59	9.72	4	100
11/08/2015 13:00	7.67	9.67	11.49	13.67	10.62	4	100
11/08/2015 13:05	8.24	12.38	11.4	12.33	11.09	4	100
11/08/2015 13:10	10.03	13.44	12.92	13.42	12.45	4	100
11/08/2015 13:15	10.78	12.11	13	14.42	12.58	4	100
11/08/2015 13:20	9.02	12.47	13.75	15.58	12.7	4	100
11/08/2015 13:25	9.94	13.97	13.11	12.68	12.42	4	100
11/08/2015 13:30	9.73	12.36	11.53	11.76	11.34	4	100
11/08/2015 13:35	9.86	11.46	11.14	11.43	10.97	4	100
11/08/2015 13:40	12.71	13.29	11.29	15.87	13.29	4	100
11/08/2015 13:45	11.18	12.82	11.69	13.8	12.37	4	100
11/08/2015 13:50	10.44	12.04	12.42	12.68	11.9	4	100
11/08/2015 13:55	10.33	11.33	11.81	12.67	11.54	4	100
11/08/2015 14:00	9.56	12.37	13.93	14.74	12.65	4	100
11/08/2015 14:05	10.57	12.52	12.96	13.22	12.32	4	100
11/08/2015 14:10	11.02	12.89	12.71	12.78	12.35	4	100
11/08/2015 14:15	11.32	12.95	13.31	13.39	12.74	4	100
11/08/2015 14:20	12.59	15.9	16.49	17.6	15.65	4	100
11/08/2015 14:25	10.86	13.83	14.03	15	13.43	4	100
11/08/2015 14:30	11.33	13.33	12.38	15.03	13.02	4	100
11/08/2015 14:35	11.49	12.22	13.03	14.61	12.84	4	100
11/08/2015 14:40	11.29	13.23	13.99	14.61	13.28	4	100
11/08/2015 14:45	11.96	13.9	13.58	14.22	13.41	4	100
11/08/2015 14:50	10.16	12.46	11.8	13.18	11.9	4	100
11/08/2015 14:55	11.23	13.34	13.85	14.47	13.22	4	100
11/08/2015 15:00	10.66	13.5	12.89	12.63	12.42	4	100
11/08/2015 15:05	12.52	14.12	12.51	12.98	13.03	4	100
11/08/2015 15:10	10.96	13.12	13.33	15	13.1	4	100
11/08/2015 15:15	10.16	12.55	12.61	13.08	12.1	4	100
11/08/2015 15:20	11.84	14.1	13.99	16.37	14.07	4	100
11/08/2015 15:25	11.03	13.86	12.27	14.41	12.89	4	100
11/08/2015 15:30	10.91	11.63	11.12	11.91	11.39	4	100
11/08/2015 15:35	10.25	13.5	11.63	13.78	12.29	4	100
11/08/2015 15:40	9.51	12.93	13.06	13.13	12.16	4	100
11/08/2015 15:45	10.87	13.9	12.97	14.57	13.08	4	100
11/08/2015 15:50	11.79	13.05	12.27	13.15	12.56	4	100
11/08/2015 15:55	9.8	12.54	13.6	13.57	12.38	4	100
11/08/2015 16:00	10.95	14.47	13.85	15.26	13.63	4	100
11/08/2015 16:05	11.49	12.84	13.78	13.68	12.95	4	100
11/08/2015 16:10	10.36	12.62	12.9	13.92	12.45	4	100
11/08/2015 16:15	10.03	13.03	12.72	12.82	12.15	4	100
11/08/2015 16:20	10.14	12.07	13.76	12.61	12.15	4	100
11/08/2015 16:25	9.7	12.4	13.06	13.52	12.17	4	100
11/08/2015 16:30	10.19	13.05	13.22	13.77	12.56	4	100
11/08/2015 16:35	10.56	13.37	12.62	14.55	12.78	4	100
11/08/2015 16:40	9	12.91	13.05	13.7	12.17	4	100
11/08/2015 16:45	10.62	13.07	12.27	14.76	12.68	4	100
11/08/2015 16:50	11.3	12.24	12.13	13.16	12.21	4	100
11/08/2015 16:55	11.18	13.06	13.31	16.12	13.42	4	100
11/08/2015 17:00	10.2	13.11	13.11	12.22	12.16	4	100
11/08/2015 17:05	11.14	13.06	13.48	13.93	12.9	4	100
11/08/2015 17:10	9.83	13.37	12.62	13.91	12.43	4	100
11/08/2015 17:15	9.87	13.77	13.77	13.32	12.68	4	100
11/08/2015 17:20	9.78	12.62	13.1	13.81	12.33	4	100
11/08/2015 17:25	9.75	13.26	12.74	14.43	12.55	4	100
11/08/2015 17:30	9.2	12.8	13.44	13.95	12.35	4	100
11/08/2015 17:35	9.53	13.11	14.48	12.68	12.45	4	100
11/08/2015 17:40	10.14	13.73	12.3	12.2	12.09	4	100
11/08/2015 17:45	10.47	13	13.64	14.18	12.82	4	100
11/08/2015 17:50	11.9	13.07	14.14	12.53	12.91	4	100
11/08/2015 17:55	10.44	13.97	13.71	14.88	13.25	4	100
11/08/2015 18:00	11.29	13.29	14.37	16.56	13.88	4	100
11/08/2015 18:05	9.64	13	13.22	13.44	12.32	4	100
11/08/2015 18:10	10.02	13.09	12.06	14.9	12.52	4	100
11/08/2015 18:15	10.26	14.6	14.64	16.84	14.09	4	100
11/08/2015 18:20	9.72	13.78	14.94	14.21	13.16	4	100
11/08/2015 18:25	10.25	14.1	12.88	16.1	13.33	4	100
11/08/2015 18:30	9.13	13.73	13.28	15.07	12.8	4	100
11/08/2015 18:35	9.43	14.24	13.49	14.78	12.98	4	100
11/08/2015 18:40	9.82	11.9	13.61	14.26	12.4	4	100
11/08/2015 18:45	10.32	12.39	11.97	14.96	12.41	4	100
11/08/2015 18:50	8.57	12.57	11.32	12.53	11.25	4	100
11/08/2015 18:55	8.33	12.05	12.42	13.28	11.52	4	100
11/08/2015 19:00	9.41	10.32	10.93	13.71	11.09	4	100
11/08/2015 19:05	8.92	11.72	11.28	13.41	11.33	4	100
11/08/2015 19:10	8.98	12.42	10.98	12.7	11.27	4	100
11/08/2015 19:15	9.14	12.69	12.07	13.3	11.8	4	100
11/08/2015 19:20	9.62	12.18	11.41	12.33	11.39	4	100
11/08/2015 19:25	9.57	12.8	13.15	14.58	12.53	4	100
11/08/2015 19:30	8.46	11.21	12.99	11.87	11.13	4	100
11/08/2015 19:35	8.89	10.79	11.54	11.72	10.74	4	100
11/08/2015 19:40	8.78	12.02	11.73	11.7	11.06	4	100
11/08/2015 19:45	9.89	12.87	10.92	11.81	11.37	4	100
11/08/2015 19:50	9.55	10.91	11.3	13	11.19	4	100
11/08/2015 19:55	8.41	11.73	10.84	10.73	10.43	4	100
11/08/2015 20:00	9.03	11.99	10.73	12.11	10.96	4	100
11/08/2015 20:05	8.25	11.87	10.1	9.53	9.94	4	100
11/08/2015 20:10	9.11	11.79	12.22	12.04	11.29	4	100
11/08/2015 20:15	8.14	12.07	11.11	10.74	10.52	4	100
11/08/2015 20:20	8.39	11.73	10.37	10.89	10.35	4	100
11/08/2015 20:25	9.62	11.22	8.8	9.85	9.87	4	100
11/08/2015 20:30	8.43	10.54	10.07	10.18	9.8	4	100
11/08/2015 20:35	7.45	10.67	8.63	10.04	9.2	4	100
11/08/2015 20:40	5.51	9.93	8.61	9.53	8.39	4	100
11/08/2015 20:45	4.33	9.9	9.6	9.6	8.36	4	100
11/08/2015 20:50	5.07	8.79	8.79	8.92	7.89	4	100
11/08/2015 20:55	5.27	9.39	7.98	8.87	7.88	4	100
11/08/2015 21:00	4.92	9.28	8.96	7.93	7.77	4	100
11/08/2015 21:05	6.56	9.28	9.84	9.25	8.73	4	100
11/08/2015 21:10	3.98	10.17	8.14	10.04	8.08	4	100
11/08/2015 21:15	4.61	9.15	9.47	9.01	8.06	4	100
11/08/2015 21:20	4.39	9.44	7.54	8.72	7.52	4	100
11/08/2015 21:25	3.07	8.12	8.78	8.95	7.23	4	100
11/08/2015 21:30	3.5	9.1	8.29	9.58	7.62	4	100
11/08/2015 21:35	3.43	8.83	7.21	8.31	6.94	4	100
11/08/2015 21:40	4.33	8.93	8.63	9.16	7.76	4	100
11/08/2015 21:45	3.73	7.92	6.82	8.96	6.86	4	100
11/08/2015 21:50	2.94	8.24	8.34	7.96	6.87	4	100
11/08/2015 21:55	3.4	8.05	7.99	7.7	6.79	4	100
11/08/2015 22:00	3.16	7.59	7.36	8.02	6.53	4	100
11/08/2015 22:05	2.53	7.6	6.87	6.84	5.96	4	100
11/08/2015 22:10	2.38	7.11	7.82	7.95	6.31	4	100
11/08/2015 22:15	2.39	6.92	6.68	7.66	5.91	4	100
11/08/2015 22:20	2.08	6.76	7.33	7.37	5.88	4	100
11/08/2015 22:25	1.81	7.32	7.7	7.69	6.13	4	100
11/08/2015 22:30	1.73	5.42	6.28	6.61	5.01	4	100
11/08/2015 22:35	1.54	6.7	5.76	5.82	4.96	4	100
11/08/2015 22:40	1.48	5.58	5.79	6.52	4.84	4	100
11/08/2015 22:45	1.11	5.56	5.53	7.82	5	4	100
11/08/2015 22:50	1.54	5.14	6.34	7.76	5.19	4	100
11/08/2015 22:55	1.23	5.56	5.66	5.55	4.5	4	100
11/08/2015 23:00	1.34	4.39	4.85	5.62	4.05	4	100
11/08/2015 23:05	1.82	5.2	5.39	5.07	4.37	4	100
11/08/2015 23:10	.77	4.43	4.59	6.63	4.11	4	100
11/08/2015 23:15	.91	5.42	4.75	5.44	4.13	4	100
11/08/2015 23:20	.93	4.1	3.75	5.35	3.53	4	100
11/08/2015 23:25	.79	3.59	3.68	3.9	2.99	4	100
11/08/2015 23:30	.61	3.89	4.11	4.58	3.3	4	100
11/08/2015 23:35	.55	3.12	3.86	3.98	2.88	4	100
11/08/2015 23:40	.66	3.93	3.76	4.88	3.31	4	100
11/08/2015 23:45	1.03	3.15	4.21	4.15	3.14	4	100
11/08/2015 23:50	.2	2.94	3.79	3.15	2.52	4	100
11/08/2015 23:55	.32	2.36	2.56	3.96	2.3	4	100
