5 Minutes	Lane 1 Occ (%)	Lane 2 Occ (%)	Lane 3 Occ (%)	Lane 4 Occ (%)	Occupancy (%)	# Lane Points	% Observed
11/02/2015 00:00	.61	3.18	3.61	3.55	2.74	4	0
11/02/2015 00:05	.36	2.89	3.87	3.06	2.55	4	0
11/02/2015 00:10	.35	3.01	3.41	3.02	2.45	4	0
11/02/2015 00:15	.32	3.09	3.86	2.77	2.51	4	0
11/02/2015 00:20	.38	3.21	3	2.84	2.36	4	0
11/02/2015 00:25	.35	2.98	3.25	2.71	2.32	4	0
11/02/2015 00:30	.19	3.01	2.43	2.41	2.01	4	0
11/02/2015 00:35	.39	2.35	3.1	2.79	2.16	4	0
11/02/2015 00:40	.19	2.54	2.4	1.88	1.75	4	0
11/02/2015 00:45	.1	2.56	2.78	2.26	1.92	4	0
11/02/2015 00:50	.29	2.55	2.3	1.92	1.76	4	0
11/02/2015 00:55	.21	2.15	2.2	1.56	1.53	4	0
11/02/2015 01:00	.71	1.1	1.15	1.04	1	4	0
11/02/2015 01:05	.71	1.1	1.15	1.04	1	4	0
11/02/2015 01:10	0	1.5	1.61	1.72	1.21	4	0
11/02/2015 01:15	.08	1.74	1.49	1.51	1.2	4	0
11/02/2015 01:20	.16	1.92	1.82	1.19	1.27	4	0
11/02/2015 01:25	.1	1.7	1.8	1.59	1.3	4	0
11/02/2015 01:30	0	1.39	2.08	1.12	1.15	4	0
11/02/2015 01:35	.1	1.53	2.22	1.28	1.28	4	0
11/02/2015 01:40	0	1.45	2.08	1.06	1.15	4	0
11/02/2015 01:45	.15	1.36	1.74	1.2	1.11	4	0
11/02/2015 01:50	.09	1.49	1.48	1.2	1.06	4	0
11/02/2015 01:55	0	1.02	1.83	1.22	1.02	4	0
11/02/2015 02:00	0	1.16	1.81	1.1	1.02	4	0
11/02/2015 02:05	.08	1.39	1.78	1.08	1.08	4	0
11/02/2015 02:10	0	1.45	1.67	.67	.95	4	0
11/02/2015 02:15	0	1.05	1.08	.59	.68	4	0
11/02/2015 02:20	.11	1.15	1.24	.93	.86	4	0
11/02/2015 02:25	0	1.44	1.63	1.19	1.06	4	0
11/02/2015 02:30	0	1.18	1.74	.87	.95	4	0
11/02/2015 02:35	0	1.44	1.87	1.27	1.15	4	0
11/02/2015 02:40	0	1.37	1.64	1.06	1.02	4	0
11/02/2015 02:45	.08	1.77	1.87	1.63	1.34	4	0
11/02/2015 02:50	0	1.32	1.42	1.06	.95	4	0
11/02/2015 02:55	0	1.6	1.99	.86	1.11	4	0
11/02/2015 03:00	0	1.39	2.04	1.13	1.14	4	0
11/02/2015 03:05	0	1.53	1.64	1.14	1.08	4	0
11/02/2015 03:10	.2	1.97	1.67	1.21	1.26	4	0
11/02/2015 03:15	0	1.52	1.95	1.52	1.25	4	0
11/02/2015 03:20	.09	1.81	2.19	1.18	1.32	4	0
11/02/2015 03:25	.08	1.82	1.98	1.48	1.34	4	0
11/02/2015 03:30	.09	2	2.02	1.45	1.39	4	0
11/02/2015 03:35	.26	2.41	2.66	2.76	2.02	4	0
11/02/2015 03:40	.22	2.83	2.55	2.5	2.02	4	0
11/02/2015 03:45	.32	2.55	3.31	2.63	2.2	4	0
11/02/2015 03:50	.49	2.79	2.55	2.36	2.05	4	0
11/02/2015 03:55	.19	2.58	2.49	2.98	2.06	4	0
11/02/2015 04:00	.32	2.37	2.89	2.3	1.97	4	0
11/02/2015 04:05	.44	3.26	2.86	3.14	2.42	4	0
11/02/2015 04:10	.77	3.25	3.53	3.7	2.81	4	0
11/02/2015 04:15	.6	3.9	4.15	4.41	3.26	4	0
11/02/2015 04:20	1.15	4.71	5.12	5.59	4.14	4	0
11/02/2015 04:25	1.19	4.91	5.27	6.26	4.41	4	0
11/02/2015 04:30	1.25	5.41	5.83	6.43	4.73	4	0
11/02/2015 04:35	1.95	6.21	5.94	7.45	5.39	4	0
11/02/2015 04:40	2.13	6.64	7.66	9.45	6.47	4	0
11/02/2015 04:45	2.11	6.65	6.94	9.07	6.19	4	0
11/02/2015 04:50	2.43	7.3	6.95	8.99	6.42	4	0
11/02/2015 04:55	2.18	6.6	6.67	9.37	6.21	4	0
11/02/2015 05:00	3.19	7.17	6.77	9.93	6.77	4	0
11/02/2015 05:05	2.29	6.96	8.2	10.61	7.01	4	0
11/02/2015 05:10	3.91	8.82	9.33	12.28	8.58	4	0
11/02/2015 05:15	4.64	10.43	10.71	15.01	10.2	4	0
11/02/2015 05:20	5.98	11.02	12.31	16.32	11.41	4	0
11/02/2015 05:25	7.98	13.59	15.13	19.06	13.94	4	0
11/02/2015 05:30	9.78	15.09	15.45	18.83	14.79	4	0
11/02/2015 05:35	10.79	15.26	16.88	19.42	15.59	4	0
11/02/2015 05:40	11.37	16.35	16.79	20.57	16.27	4	0
11/02/2015 05:45	12.5	15.27	18.06	20.33	16.54	4	0
11/02/2015 05:50	11.88	16.1	19.39	20.88	17.06	4	0
11/02/2015 05:55	12.17	15.81	16.94	17.85	15.69	4	0
11/02/2015 06:00	13.15	16.63	18.7	18.58	16.76	4	0
11/02/2015 06:05	13.27	16.37	19.25	20.85	17.44	4	0
11/02/2015 06:10	12.52	16.94	18.21	19.73	16.85	4	0
11/02/2015 06:15	12.92	15.65	18.62	18.61	16.45	4	0
11/02/2015 06:20	15.47	16.79	20.74	19.19	18.05	4	0
11/02/2015 06:25	15.94	18.45	24.07	24.65	20.78	4	0
11/02/2015 06:30	14.22	22.65	30.35	28.13	23.84	4	0
11/02/2015 06:35	15.01	27.26	30.5	31.57	26.09	4	0
11/02/2015 06:40	16.94	31.66	37.21	31.98	29.45	4	0
11/02/2015 06:45	15.86	31.36	40.88	36.02	31.03	4	0
11/02/2015 06:50	19.32	33.83	43.37	39.44	33.99	4	0
11/02/2015 06:55	18.88	32.83	35.7	37.52	31.23	4	0
11/02/2015 07:00	15.94	35.02	38.98	35.06	31.25	4	0
11/02/2015 07:05	16.56	33.6	43.91	36.21	32.57	4	0
11/02/2015 07:10	17.66	32.06	42.07	40.77	33.14	4	0
11/02/2015 07:15	22.6	35.71	44.3	37.74	35.09	4	0
11/02/2015 07:20	16.56	33.71	39.84	37.85	31.99	4	0
11/02/2015 07:25	18.1	31.98	39.62	37.76	31.86	4	0
11/02/2015 07:30	17.85	35.36	42.33	37.53	33.27	4	0
11/02/2015 07:35	16.56	35.3	44	44.03	34.97	4	0
11/02/2015 07:40	19.13	38.71	46.71	39.8	36.09	4	0
11/02/2015 07:45	18.4	39.26	44.45	42.87	36.25	4	0
11/02/2015 07:50	18.4	33.04	41.96	35.88	32.32	4	0
11/02/2015 07:55	17.7	31.8	45.77	32.86	32.03	4	0
11/02/2015 08:00	17.85	34.55	41.86	42.76	34.26	4	0
11/02/2015 08:05	18.49	30.79	40.16	38.14	31.9	4	0
11/02/2015 08:10	22.19	37.07	41.98	42.81	36.01	4	0
11/02/2015 08:15	18.99	35.91	46.83	43.59	36.33	4	0
11/02/2015 08:20	17.04	34.09	41.61	35.21	31.99	4	0
11/02/2015 08:25	19.04	38.82	42.39	44.48	36.18	4	0
11/02/2015 08:30	15.78	33.97	40.95	42.48	33.3	4	0
11/02/2015 08:35	17.79	33.52	34.07	34.52	29.98	4	0
11/02/2015 08:40	17.75	31.23	42.12	33.7	31.2	4	0
11/02/2015 08:45	16.48	30.2	37.12	35.62	29.85	4	0
11/02/2015 08:50	16.58	33.33	42.59	39.89	33.1	4	0
11/02/2015 08:55	18.34	31.79	40.97	36.2	31.83	4	0
11/02/2015 09:00	16.9	37.06	42.17	39.26	33.85	4	0
11/02/2015 09:05	17.34	32.43	43.29	36.65	32.43	4	0
11/02/2015 09:10	17.38	32.57	40.37	37.77	32.02	4	0
11/02/2015 09:15	17.72	31.55	38.34	39.21	31.71	4	0
11/02/2015 09:20	16.48	33.53	43.77	36.29	32.52	4	0
11/02/2015 09:25	16.41	34.83	45.93	41.43	34.65	4	0
11/02/2015 09:30	15.75	30.77	38.09	34.31	29.73	4	0
11/02/2015 09:35	15.18	31.57	40.13	34.78	30.42	4	0
11/02/2015 09:40	18.27	33.64	42.96	39.2	33.52	4	0
11/02/2015 09:45	14.64	33.24	39.72	36.53	31.03	4	0
11/02/2015 09:50	16.25	31.69	41.01	31.44	30.1	4	0
11/02/2015 09:55	16.06	33.47	40.78	36.78	31.77	4	0
11/02/2015 10:00	16.03	27.1	34.58	39.07	29.19	4	0
11/02/2015 10:05	17.82	29.07	35.29	30.8	28.24	4	0
11/02/2015 10:10	17.9	30.6	32.12	32.54	28.29	4	0
11/02/2015 10:15	15.06	33.37	38.98	33.41	30.2	4	0
11/02/2015 10:20	14.74	20.98	28.3	33.4	24.35	4	0
11/02/2015 10:25	15.79	26.59	33.75	29.12	26.31	4	0
11/02/2015 10:30	16.38	27.58	35.16	33.97	28.27	4	0
11/02/2015 10:35	15.28	33.07	38.88	36.98	31.05	4	0
11/02/2015 10:40	15.66	27.33	42.79	31.52	29.32	4	0
11/02/2015 10:45	16.24	30.09	30.72	28.86	26.48	4	0
11/02/2015 10:50	19.48	32.4	34.77	33.62	30.07	4	0
11/02/2015 10:55	16.15	28.75	34.05	31.96	27.73	4	0
11/02/2015 11:00	14.25	22.49	29.24	24.04	22.5	4	0
11/02/2015 11:05	12.73	14.15	17.52	16.46	15.21	4	0
11/02/2015 11:10	14.59	26.14	36.28	27.36	26.09	4	0
11/02/2015 11:15	13.48	17.49	21.04	18.8	17.7	4	0
11/02/2015 11:20	12.69	14.45	16.17	15.9	14.8	4	0
11/02/2015 11:25	10.35	14.01	17.12	16.1	14.39	4	0
11/02/2015 11:30	12	13.38	16.83	16.82	14.76	4	0
11/02/2015 11:35	12.31	14.41	16.64	17.93	15.32	4	0
11/02/2015 11:40	11.6	13.46	16.69	16.71	14.62	4	0
11/02/2015 11:45	11.94	14.13	16.91	17.9	15.22	4	0
11/02/2015 11:50	7.82	14.32	16.55	16.63	13.83	4	0
11/02/2015 11:55	9.53	14.19	16.89	16.7	14.33	4	0
11/02/2015 12:00	8.95	13.32	18.5	17.17	14.49	4	0
11/02/2015 12:05	7.21	12.93	14.39	16.38	12.73	4	0
11/02/2015 12:10	8.22	13.13	16.06	16.45	13.46	4	0
11/02/2015 12:15	7.98	13.24	15.88	16.73	13.46	4	0
11/02/2015 12:20	7.42	13.28	16.31	14.64	12.91	4	0
11/02/2015 12:25	6.98	13.32	15.45	15.87	12.9	4	0
11/02/2015 12:30	6.51	13.74	15.78	17.86	13.47	4	0
11/02/2015 12:35	9.62	14.6	17.51	19.23	15.24	4	0
11/02/2015 12:40	7.46	14.3	16.81	17.85	14.11	4	0
11/02/2015 12:45	6.8	12.11	15.58	15.87	12.59	4	0
11/02/2015 12:50	6.87	14.02	17.4	17.17	13.86	4	0
11/02/2015 12:55	7	12.23	15.96	14.5	12.42	4	0
11/02/2015 13:00	7.02	12.91	16.01	15.33	12.82	4	0
11/02/2015 13:05	6.29	12.05	14.51	16.14	12.25	4	0
11/02/2015 13:10	7.99	12.31	13.65	15.6	12.39	4	0
11/02/2015 13:15	5.74	11.49	13.76	14.6	11.4	4	0
11/02/2015 13:20	7.21	13.42	15.2	17.48	13.33	4	0
11/02/2015 13:25	7.61	13.06	14.08	15.83	12.65	4	0
11/02/2015 13:30	8.06	13.46	15.53	16.22	13.32	4	0
11/02/2015 13:35	9.4	13.51	15.38	17.06	13.84	4	0
11/02/2015 13:40	6.91	12.78	16.06	15.98	12.93	4	0
11/02/2015 13:45	8.75	12.49	15.29	15.77	13.07	4	0
11/02/2015 13:50	6.63	11.7	13.41	15.29	11.76	4	0
11/02/2015 13:55	5.82	11.61	11.77	14.49	10.92	4	0
11/02/2015 14:00	8.15	11.4	13.15	14.91	11.9	4	0
11/02/2015 14:05	8.31	13.01	14.6	15.38	12.82	4	0
11/02/2015 14:10	8.09	11	14.63	14.32	12.01	4	0
11/02/2015 14:15	6.19	11.86	13.56	15.65	11.82	4	0
11/02/2015 14:20	6.46	11.48	14.53	14.99	11.87	4	0
11/02/2015 14:25	6.46	11.48	13.48	15	11.61	4	0
11/02/2015 14:30	7.39	12.56	14.59	16.64	12.8	4	0
11/02/2015 14:35	8.51	12.95	14.02	15.96	12.86	4	0
11/02/2015 14:40	6.97	12.03	11.91	15.13	11.51	4	0
11/02/2015 14:45	6.15	10.66	12.42	15.53	11.19	4	0
11/02/2015 14:50	7.14	11.99	14.41	15.25	12.2	4	0
11/02/2015 14:55	7.68	11.85	12.95	15.12	11.9	4	0
11/02/2015 15:00	7.35	11.94	11.99	15.21	11.62	4	0
11/02/2015 15:05	6.29	11.14	10.48	12.31	10.06	4	0
11/02/2015 15:10	7.11	11.12	12.92	12.98	11.03	4	0
11/02/2015 15:15	5.96	11.09	11.84	12.94	10.46	4	0
11/02/2015 15:20	7.2	11.9	13.23	15.4	11.93	4	0
11/02/2015 15:25	6.39	10.89	11.02	14.07	10.59	4	0
11/02/2015 15:30	6.35	10.52	12.05	13.29	10.55	4	0
11/02/2015 15:35	6.6	11.39	11.68	14.68	11.09	4	0
11/02/2015 15:40	7.17	11.17	12.51	13.94	11.2	4	0
11/02/2015 15:45	6.94	11.75	12.65	14.95	11.57	4	0
11/02/2015 15:50	7.09	12.26	13.21	14.11	11.67	4	0
11/02/2015 15:55	5.86	10.59	12.12	13.77	10.58	4	0
11/02/2015 16:00	5.89	11.67	12.95	14.55	11.27	4	0
11/02/2015 16:05	6.22	11.48	11.04	12.54	10.32	4	0
11/02/2015 16:10	6.98	11.49	11.29	14.97	11.18	4	0
11/02/2015 16:15	7.14	11.14	11.75	15.15	11.29	4	0
11/02/2015 16:20	5.15	11.23	13.49	15.12	11.25	4	0
11/02/2015 16:25	4.91	11.31	11.68	13.72	10.41	4	0
11/02/2015 16:30	4.79	9.04	10.79	12.24	9.21	4	0
11/02/2015 16:35	5.89	10.42	12.41	13.21	10.48	4	0
11/02/2015 16:40	6.39	10.96	12.27	13.97	10.9	4	0
11/02/2015 16:45	6.26	10.86	12.4	14.01	10.88	4	0
11/02/2015 16:50	6.31	12.62	13.92	16.64	12.37	4	0
11/02/2015 16:55	5.98	11.39	13.97	14.31	11.41	4	0
11/02/2015 17:00	6.04	11.25	11.91	14.14	10.84	4	0
11/02/2015 17:05	5.27	12.1	12.02	13.71	10.77	4	0
11/02/2015 17:10	5.04	11.34	11.79	13.66	10.46	4	0
11/02/2015 17:15	5.72	13.52	14.27	15.79	12.32	4	0
11/02/2015 17:20	6.82	11.43	13.16	14.9	11.58	4	0
11/02/2015 17:25	5.31	11.33	13.72	15.48	11.46	4	0
11/02/2015 17:30	5.45	10.15	14.53	15.17	11.33	4	0
11/02/2015 17:35	5.77	11.62	13.71	13.92	11.25	4	0
11/02/2015 17:40	5.36	12.43	13.16	14.52	11.37	4	0
11/02/2015 17:45	6.4	12.02	11.76	16.52	11.68	4	0
11/02/2015 17:50	5.96	11.02	12.08	13.73	10.7	4	0
11/02/2015 17:55	6.41	11.37	12.84	13.12	10.94	4	0
11/02/2015 18:00	7.32	12.09	13.83	15.13	12.09	4	0
11/02/2015 18:05	6.07	12.42	12.83	15.08	11.6	4	0
11/02/2015 18:10	7.79	13	14.94	15.95	12.92	4	0
11/02/2015 18:15	7.1	12.11	12.32	15.41	11.74	4	0
11/02/2015 18:20	6.62	12.91	15.38	15.59	12.63	4	0
11/02/2015 18:25	6.85	13.17	15.78	16.69	13.12	4	0
11/02/2015 18:30	6.8	13.44	15.07	16.25	12.89	4	0
11/02/2015 18:35	7.06	13.54	16.28	15.61	13.12	4	0
11/02/2015 18:40	8.33	12.14	15.57	15.83	12.97	4	0
11/02/2015 18:45	6.17	12.24	15.58	15.2	12.3	4	0
11/02/2015 18:50	7.12	13.68	15.94	18.39	13.78	4	0
11/02/2015 18:55	6.4	12.55	15.3	16.52	12.69	4	0
11/02/2015 19:00	5.93	12.05	13.71	14.14	11.46	4	0
11/02/2015 19:05	5.45	11.12	13.6	13.4	10.89	4	0
11/02/2015 19:10	5.28	10.71	13.75	14.08	10.96	4	0
11/02/2015 19:15	4.96	11.4	12.99	13.17	10.63	4	0
11/02/2015 19:20	4.78	10.92	12.95	14.32	10.74	4	0
11/02/2015 19:25	4.73	10.79	11.86	13.13	10.13	4	0
11/02/2015 19:30	3.33	9.6	10.92	12.99	9.21	4	0
11/02/2015 19:35	4.33	11.6	13.12	13.62	10.67	4	0
11/02/2015 19:40	3.77	9.31	11.2	12.38	9.17	4	0
11/02/2015 19:45	4.33	10.89	11.96	12.06	9.81	4	0
11/02/2015 19:50	3.6	10.54	11.82	12.94	9.73	4	0
11/02/2015 19:55	3.67	9.46	11.79	12.02	9.24	4	0
11/02/2015 20:00	3.37	9.34	10.18	12.85	8.93	4	0
11/02/2015 20:05	2.97	8.31	10.12	10.38	7.94	4	0
11/02/2015 20:10	4.01	8.69	10.51	11.81	8.76	4	0
11/02/2015 20:15	3.35	8.02	8.72	9.55	7.41	4	0
11/02/2015 20:20	3.29	9.14	9.71	12.32	8.62	4	0
11/02/2015 20:25	3.66	9.7	10.24	11.16	8.69	4	0
11/02/2015 20:30	2.93	8.32	8.92	11.25	7.85	4	0
11/02/2015 20:35	2.71	7.99	9.61	10.79	7.77	4	0
11/02/2015 20:40	2.42	8.22	8.39	10.41	7.36	4	0
11/02/2015 20:45	2.68	8.54	7.71	9.18	7.03	4	0
11/02/2015 20:50	1.68	6.79	8.7	8.15	6.33	4	0
11/02/2015 20:55	2.41	7.93	7.27	8.8	6.6	4	0
11/02/2015 21:00	2.45	7.94	7.9	9.1	6.85	4	0
11/02/2015 21:05	2.5	7.51	6.93	8.92	6.46	4	0
11/02/2015 21:10	1.36	7.1	6.72	7.57	5.69	4	0
11/02/2015 21:15	2.34	6.27	7.16	8.26	6.01	4	0
11/02/2015 21:20	2.13	7.02	8.75	9.01	6.73	4	0
11/02/2015 21:25	1.71	7.1	7.68	9.37	6.46	4	0
11/02/2015 21:30	1.86	6.67	7.98	8.29	6.2	4	0
11/02/2015 21:35	1.6	6.57	7.07	8.49	5.93	4	0
11/02/2015 21:40	2.06	6.52	7.19	8.78	6.14	4	0
11/02/2015 21:45	1.71	6.42	6.93	8.34	5.85	4	0
11/02/2015 21:50	2.23	7.13	7.78	8.45	6.4	4	0
11/02/2015 21:55	1.43	5.94	6.33	7.24	5.24	4	0
11/02/2015 22:00	1.73	6.19	7.32	7.36	5.65	4	0
11/02/2015 22:05	1.4	5.91	5.98	6.87	5.04	4	0
11/02/2015 22:10	1.39	6.46	5.46	6.83	5.03	4	0
11/02/2015 22:15	1.29	5.53	6.67	6.48	4.99	4	0
11/02/2015 22:20	1.55	6.45	6.87	7.79	5.66	4	0
11/02/2015 22:25	1.1	5.4	5.26	6.4	4.54	4	0
11/02/2015 22:30	1.21	4.57	5.75	5.25	4.2	4	0
11/02/2015 22:35	1.17	4.85	4.84	5.64	4.13	4	0
11/02/2015 22:40	1.02	4.9	5.33	5.97	4.31	4	0
11/02/2015 22:45	.75	5.06	5.48	4.91	4.05	4	0
11/02/2015 22:50	.82	5.15	5.54	5.81	4.33	4	0
11/02/2015 22:55	.88	4.59	4.86	4.19	3.63	4	0
11/02/2015 23:00	.44	3.98	3.99	4.77	3.3	4	0
11/02/2015 23:05	.84	4.52	4.56	3.92	3.46	4	0
11/02/2015 23:10	.63	4.3	4.68	3.26	3.22	4	0
11/02/2015 23:15	.46	3.63	4.23	3.47	2.95	4	0
11/02/2015 23:20	.5	4.14	4.11	3.4	3.04	4	0
11/02/2015 23:25	.25	3.62	3.79	3.84	2.87	4	0
11/02/2015 23:30	.4	3.54	3.49	3.32	2.69	4	0
11/02/2015 23:35	.56	3.43	4.69	3.49	3.04	4	0
11/02/2015 23:40	.21	3.14	4.08	4.03	2.87	4	0
11/02/2015 23:45	.21	3.09	3.59	2.9	2.45	4	0
11/02/2015 23:50	.2	3.14	3.65	2.85	2.46	4	0
11/02/2015 23:55	.5	2.84	3.75	2.87	2.49	4	0
11/03/2015 00:00	.18	2.72	2.27	1.85	1.75	4	0
11/03/2015 00:05	.15	2.03	2.93	2.25	1.84	4	0
11/03/2015 00:10	.14	2.68	2.88	1.98	1.92	4	0
11/03/2015 00:15	.22	2.1	2.4	1.61	1.58	4	0
11/03/2015 00:20	.06	2.23	2.14	2.2	1.66	4	0
11/03/2015 00:25	.1	2.14	1.7	1.78	1.43	4	0
11/03/2015 00:30	.23	1.75	2.12	1.41	1.38	4	0
11/03/2015 00:35	.08	1.74	2.36	1.4	1.39	4	0
11/03/2015 00:40	.1	1.48	1.72	1.33	1.16	4	0
11/03/2015 00:45	.19	1.98	2.18	1.08	1.36	4	0
11/03/2015 00:50	.11	1.4	2.55	1.26	1.33	4	0
11/03/2015 00:55	0	1.82	2.32	1.28	1.35	4	0
11/03/2015 01:00	.58	.9	.94	.86	.82	4	0
11/03/2015 01:05	.6	.94	.97	.89	.85	4	0
11/03/2015 01:10	0	.72	0	0	.18	4	0
11/03/2015 01:15	0	1.4	1.49	.71	.9	4	0
11/03/2015 01:20	.08	1.81	2.29	1.08	1.32	4	0
11/03/2015 01:25	.07	1.21	1.84	.95	1.02	4	0
11/03/2015 01:30	0	1.23	1.43	.71	.84	4	0
11/03/2015 01:35	.06	.87	2.18	1.09	1.05	4	0
11/03/2015 01:40	0	1.58	2.13	.91	1.16	4	0
11/03/2015 01:45	0	1.16	1.79	.9	.96	4	0
11/03/2015 01:50	0	1.1	1.27	.73	.77	4	0
11/03/2015 01:55	0	1.53	1.63	.81	.99	4	0
11/03/2015 02:00	.1	1.01	1.19	.69	.75	4	0
11/03/2015 02:05	0	1.29	1.38	.64	.83	4	0
11/03/2015 02:10	0	.99	1.81	.88	.92	4	0
11/03/2015 02:15	0	.93	1.14	.77	.71	4	0
11/03/2015 02:20	0	.98	1.31	.71	.75	4	0
11/03/2015 02:25	0	1.18	1.56	.56	.83	4	0
11/03/2015 02:30	.1	1.27	.93	.54	.71	4	0
11/03/2015 02:35	0	1.03	1.72	.79	.89	4	0
11/03/2015 02:40	0	1.23	1.67	.65	.89	4	0
11/03/2015 02:45	0	1.17	1.32	.8	.82	4	0
11/03/2015 02:50	0	1.08	1.75	.83	.92	4	0
11/03/2015 02:55	0	1	2.25	1.04	1.07	4	0
11/03/2015 03:00	.1	1.15	1.6	1.4	1.06	4	0
11/03/2015 03:05	0	1.54	2.17	1.22	1.23	4	0
11/03/2015 03:10	.1	1.61	2.25	1.22	1.29	4	0
11/03/2015 03:15	0	1.89	1.83	1.38	1.27	4	0
11/03/2015 03:20	.11	1.74	2.35	1.5	1.42	4	0
11/03/2015 03:25	.21	1.67	2.65	1.78	1.58	4	0
11/03/2015 03:30	.1	2.07	2.7	1.59	1.62	4	0
11/03/2015 03:35	.2	2.02	1.91	1.94	1.52	4	0
11/03/2015 03:40	.06	2.44	2.65	2.23	1.85	4	0
11/03/2015 03:45	.29	2.58	3.58	2.06	2.13	4	0
11/03/2015 03:50	.21	2.18	2.77	2.4	1.89	4	0
11/03/2015 03:55	.21	2.63	2.98	2.37	2.05	4	0
11/03/2015 04:00	.44	3.3	2.76	3.17	2.42	4	0
11/03/2015 04:05	.44	2.6	3.7	2.88	2.41	4	0
11/03/2015 04:10	.7	3.56	3.74	3.55	2.89	4	0
11/03/2015 04:15	1.08	3.83	3.96	4.42	3.32	4	0
11/03/2015 04:20	1.18	4.7	3.6	5.21	3.67	4	0
11/03/2015 04:25	1.48	5.01	4.65	6.09	4.31	4	0
11/03/2015 04:30	1.35	5	6.87	6.4	4.9	4	0
11/03/2015 04:35	1.33	5.38	6.56	7.31	5.14	4	0
11/03/2015 04:40	2.25	7.13	6.79	8.73	6.22	4	0
11/03/2015 04:45	2.24	5.86	5.95	8.35	5.6	4	0
11/03/2015 04:50	2.15	7.15	6.91	8.8	6.25	4	0
11/03/2015 04:55	1.94	6.63	6.96	8.47	6	4	0
11/03/2015 05:00	2.71	7.3	7.57	9.25	6.71	4	0
11/03/2015 05:05	3.47	8.27	9.24	11.67	8.16	4	0
11/03/2015 05:10	3.17	8.59	8.84	12.05	8.16	4	0
11/03/2015 05:15	5.69	10.75	11.28	15.9	10.91	4	0
11/03/2015 05:20	6.45	12.07	13.66	17.39	12.39	4	0
11/03/2015 05:25	9.53	14.17	15.53	20.67	14.97	4	0
11/03/2015 05:30	8.17	14.57	16.96	20.61	15.08	4	0
11/03/2015 05:35	11.18	15.76	17.02	19.9	15.97	4	0
11/03/2015 05:40	11.11	15.42	18.15	19.49	16.04	4	0
11/03/2015 05:45	11.67	16.38	18.28	21.6	16.98	4	0
11/03/2015 05:50	12.44	16.52	18.61	20.14	16.93	4	0
11/03/2015 05:55	13.09	15.39	18.55	20.11	16.78	4	0
11/03/2015 06:00	13.48	16.12	17.58	19.47	16.66	4	0
11/03/2015 06:05	13.37	15.19	20.19	19.88	17.16	4	0
11/03/2015 06:10	12.69	16.16	20.83	22.65	18.08	4	0
11/03/2015 06:15	13.99	19.71	23.13	27.25	21.02	4	0
11/03/2015 06:20	14.98	27.99	26.1	29.24	24.58	4	0
11/03/2015 06:25	15.29	26.08	27.17	32.35	25.22	4	0
11/03/2015 06:30	13.43	25.35	32.71	28.62	25.03	4	0
11/03/2015 06:35	15.68	24.13	38.3	27.15	26.31	4	0
11/03/2015 06:40	16.69	27.18	38.24	36.03	29.54	4	0
11/03/2015 06:45	17.36	28.23	37.52	33.4	29.13	4	0
11/03/2015 06:50	17.26	35.32	40.47	39.31	33.09	4	0
11/03/2015 06:55	19.25	32.88	44.16	42.57	34.72	4	0
11/03/2015 07:00	17.53	34.1	42.81	35.65	32.52	4	0
11/03/2015 07:05	19.46	33.04	36.18	38.4	31.77	4	0
11/03/2015 07:10	18.6	35.58	36.82	38.55	32.39	4	0
11/03/2015 07:15	23.56	34.12	40.96	35.63	33.57	4	0
11/03/2015 07:20	19.87	36.76	46.69	38.83	35.54	4	0
11/03/2015 07:25	17.51	39.12	44.71	40.47	35.45	4	0
11/03/2015 07:30	20.83	36.29	40.37	36.36	33.46	4	0
11/03/2015 07:35	17.65	35.37	41.19	40.71	33.73	4	0
11/03/2015 07:40	19.38	38.21	45.03	39.81	35.61	4	0
11/03/2015 07:45	18.76	34.81	39.08	37.88	32.63	4	0
11/03/2015 07:50	16.68	32.83	44.37	39.13	33.25	4	0
11/03/2015 07:55	17.1	37.01	44.57	38.12	34.2	4	0
11/03/2015 08:00	26.98	36.02	43.21	42.77	37.25	4	0
11/03/2015 08:05	18	33.73	40.98	41.53	33.56	4	0
11/03/2015 08:10	19.55	37.65	49.54	43.57	37.58	4	0
11/03/2015 08:15	17.31	37.14	45.95	43.44	35.96	4	0
11/03/2015 08:20	17.25	32.24	45.17	33.31	31.99	4	0
11/03/2015 08:25	17.13	32.68	44.17	36.27	32.56	4	0
11/03/2015 08:30	19.46	35.5	41.51	39.91	34.09	4	0
11/03/2015 08:35	16.47	30.13	39.96	37.3	30.96	4	0
11/03/2015 08:40	16.48	29.77	40.98	32.69	29.98	4	0
11/03/2015 08:45	14.79	29.9	37.97	31.56	28.55	4	0
11/03/2015 08:50	16.11	29.19	34.68	37.4	29.34	4	0
11/03/2015 08:55	15.52	30.37	37.74	40.42	31.01	4	0
11/03/2015 09:00	14.37	32.67	40.43	34.01	30.37	4	0
11/03/2015 09:05	15.47	29.14	39.13	30.72	28.61	4	0
11/03/2015 09:10	16.26	28.59	34.14	34.4	28.35	4	0
11/03/2015 09:15	14.24	26.77	33.83	34.02	27.22	4	0
11/03/2015 09:20	15.9	29.71	38.03	32.02	28.92	4	0
11/03/2015 09:25	14.41	22.91	29.36	27.71	23.6	4	0
11/03/2015 09:30	15.9	26.94	32.43	29.17	26.11	4	0
11/03/2015 09:35	14.64	29.85	37.45	27.78	27.43	4	0
11/03/2015 09:40	18.52	35.58	38.8	37.26	32.54	4	0
11/03/2015 09:45	18.29	30.43	41.43	37.12	31.82	4	0
11/03/2015 09:50	15.29	35.84	52.24	52.26	38.91	4	0
11/03/2015 09:55	15.46	39.02	44.87	40.65	35	4	0
11/03/2015 10:00	20.51	36.92	47.12	45.87	37.6	4	0
11/03/2015 10:05	23.33	37.1	44.06	41.16	36.41	4	0
11/03/2015 10:10	17.33	32.48	42.65	32.86	31.33	4	0
11/03/2015 10:15	16.31	32.6	37.59	33.73	30.06	4	0
11/03/2015 10:20	16.67	31.47	37.12	32.83	29.52	4	0
11/03/2015 10:25	15.99	32.9	38.03	32.17	29.77	4	0
11/03/2015 10:30	14.71	34.28	39.35	32.21	30.14	4	0
11/03/2015 10:35	17.78	32.94	43.6	39.24	33.39	4	0
11/03/2015 10:40	17.98	34.33	36.65	34.7	30.91	4	0
11/03/2015 10:45	19.48	29.53	31.93	30.46	27.85	4	0
11/03/2015 10:50	17.13	29.02	44.25	34.32	31.18	4	0
11/03/2015 10:55	16.87	34.33	36.97	32.33	30.12	4	0
11/03/2015 11:00	17.12	32.06	38.19	33.29	30.16	4	0
11/03/2015 11:05	17.58	26.63	40.51	33.51	29.56	4	0
11/03/2015 11:10	16.1	25.63	35.22	33.19	27.53	4	0
11/03/2015 11:15	15.24	32.22	42.01	30.58	30.01	4	0
11/03/2015 11:20	13.21	31.58	37.26	31.7	28.44	4	0
11/03/2015 11:25	14.85	27.04	32.67	36.2	27.69	4	0
11/03/2015 11:30	13.76	25.09	29.62	30.03	24.63	4	0
11/03/2015 11:35	16.11	30.22	32.73	32.95	28	4	0
11/03/2015 11:40	14.02	24.93	35.36	30.02	26.08	4	0
11/03/2015 11:45	13.22	27.61	35.33	28.6	26.19	4	0
11/03/2015 11:50	15.94	27.99	33.06	31.16	27.04	4	0
11/03/2015 11:55	13.19	25.26	33.75	28.93	25.28	4	0
11/03/2015 12:00	14.55	28.22	29.59	33.38	26.43	4	0
11/03/2015 12:05	13.29	26.45	27.31	29.22	24.07	4	0
11/03/2015 12:10	13.87	26.09	29.73	28	24.42	4	0
11/03/2015 12:15	12.1	16.81	22.92	20.5	18.08	4	0
11/03/2015 12:20	10.77	14.17	21.08	16.21	15.56	4	0
11/03/2015 12:25	12.33	20.16	23.65	22.84	19.75	4	0
11/03/2015 12:30	12.37	27.11	30.03	30.05	24.89	4	0
11/03/2015 12:35	11.18	17.25	22.4	21.25	18.02	4	0
11/03/2015 12:40	12.26	14.15	18.75	17.94	15.78	4	0
11/03/2015 12:45	13.37	23.51	23.79	29.22	22.47	4	0
11/03/2015 12:50	12.1	17.3	20.95	22.81	18.29	4	0
11/03/2015 12:55	11.48	21.98	27.52	30.31	22.82	4	0
11/03/2015 13:00	11.74	22.25	23.66	26.13	20.94	4	0
11/03/2015 13:05	9.72	16.71	18.47	18.71	15.9	4	0
11/03/2015 13:10	6.53	13.24	16.14	16.79	13.17	4	0
11/03/2015 13:15	7.69	14.16	15.03	16.3	13.3	4	0
11/03/2015 13:20	7.83	14.72	17.17	16.84	14.14	4	0
11/03/2015 13:25	7.74	13.34	16.94	17.72	13.94	4	0
11/03/2015 13:30	8.2	13.59	16.82	17.84	14.11	4	0
11/03/2015 13:35	6.85	13.01	15.39	16.71	12.99	4	0
11/03/2015 13:40	6.35	13.16	15.03	16.91	12.86	4	0
11/03/2015 13:45	7.66	10.89	14.18	14.57	11.83	4	0
11/03/2015 13:50	6.77	13.21	13.65	16.54	12.54	4	0
11/03/2015 13:55	6.45	12.82	13.81	15.66	12.18	4	0
11/03/2015 14:00	6.51	12.74	14.63	15.81	12.42	4	0
11/03/2015 14:05	6.4	11.37	13.24	15.52	11.63	4	0
11/03/2015 14:10	6.93	12.28	13.97	14.43	11.9	4	0
11/03/2015 14:15	8.14	12.81	13.91	15.59	12.61	4	0
11/03/2015 14:20	7.77	14.9	15.56	17.87	14.02	4	0
11/03/2015 14:25	7.5	12.09	14.8	17.58	12.99	4	0
11/03/2015 14:30	8.14	12.54	13.97	15.63	12.57	4	0
11/03/2015 14:35	8.23	13.16	16.53	18.17	14.02	4	0
11/03/2015 14:40	7.05	11.66	14.77	15.93	12.35	4	0
11/03/2015 14:45	8.42	12.75	14.76	16.66	13.15	4	0
11/03/2015 14:50	8.12	11.48	13.08	15.17	11.96	4	0
11/03/2015 14:55	6.22	11.93	13.15	14.53	11.46	4	0
11/03/2015 15:00	6.19	12.37	13.14	16.13	11.96	4	0
11/03/2015 15:05	6.85	11.78	13.36	14.99	11.74	4	0
11/03/2015 15:10	5.98	12.19	13.72	14.39	11.57	4	0
11/03/2015 15:15	6.29	11.41	13.37	15.23	11.57	4	0
11/03/2015 15:20	5.75	11.2	11.76	14.67	10.85	4	0
11/03/2015 15:25	6.95	11.34	14.4	15.78	12.12	4	0
11/03/2015 15:30	6.36	11.54	12.12	15.04	11.27	4	0
11/03/2015 15:35	6.55	12.62	14.18	16.25	12.4	4	0
11/03/2015 15:40	7.44	12.15	13.99	14.74	12.08	4	0
11/03/2015 15:45	6.37	10.44	12.81	14.97	11.15	4	0
11/03/2015 15:50	5.83	10.31	10.83	13.56	10.13	4	0
11/03/2015 15:55	5.47	11.3	12.16	13.26	10.55	4	0
11/03/2015 16:00	5.79	10.26	12.53	14.25	10.71	4	0
11/03/2015 16:05	5.26	12.13	12.02	14.04	10.86	4	0
11/03/2015 16:10	5.77	10.76	12.37	13.8	10.68	4	0
11/03/2015 16:15	6.41	11.44	12.21	15.09	11.29	4	0
11/03/2015 16:20	6.49	11.83	13.72	14.83	11.72	4	0
11/03/2015 16:25	6.38	11.06	12.83	15.33	11.4	4	0
11/03/2015 16:30	6.93	11.99	12.13	14.62	11.42	4	0
11/03/2015 16:35	6.86	11.61	13.74	15.42	11.91	4	0
11/03/2015 16:40	4.84	11.68	12.97	14.44	10.98	4	0
11/03/2015 16:45	6.31	11.3	12.48	13.56	10.91	4	0
11/03/2015 16:50	5.94	11.75	13.51	14.88	11.52	4	0
11/03/2015 16:55	5.63	11.24	12.44	14.31	10.91	4	0
11/03/2015 17:00	5.2	10.57	11.83	13.71	10.33	4	0
11/03/2015 17:05	4.93	10.96	12.89	14.14	10.73	4	0
11/03/2015 17:10	4.31	11.03	12.67	14.66	10.67	4	0
11/03/2015 17:15	5.88	11.58	12.48	13.99	10.98	4	0
11/03/2015 17:20	6.4	12.79	14.12	16.41	12.43	4	0
11/03/2015 17:25	6.79	11.71	11.92	15.34	11.44	4	0
11/03/2015 17:30	4.42	10.95	12.81	14.68	10.71	4	0
11/03/2015 17:35	6.12	11.52	12.86	15.33	11.46	4	0
11/03/2015 17:40	6.12	12.57	13.75	15.57	12	4	0
11/03/2015 17:45	6.14	11.9	12.64	14.13	11.2	4	0
11/03/2015 17:50	5.29	11.58	13.1	14.92	11.22	4	0
11/03/2015 17:55	4.98	11.82	13.95	15.44	11.55	4	0
11/03/2015 18:00	6.29	10.94	13.6	13.56	11.1	4	0
11/03/2015 18:05	4.87	11.62	13.76	15.99	11.56	4	0
11/03/2015 18:10	6.84	13.23	14.36	15.52	12.49	4	0
11/03/2015 18:15	6.32	14.14	15.09	16.08	12.91	4	0
11/03/2015 18:20	6	11.14	12.44	14.15	10.93	4	0
11/03/2015 18:25	6.29	12.63	13.3	15	11.8	4	0
11/03/2015 18:30	5.5	11.53	12.86	14.91	11.2	4	0
11/03/2015 18:35	8.16	13.02	15.42	15.99	13.15	4	0
11/03/2015 18:40	7.36	13.1	15.9	16.35	13.18	4	0
11/03/2015 18:45	6.06	11.22	13.39	14.59	11.32	4	0
11/03/2015 18:50	6.06	12.66	14.01	14.76	11.87	4	0
11/03/2015 18:55	5.96	12.33	13.34	14.3	11.48	4	0
11/03/2015 19:00	5.83	12.59	12.93	15.18	11.63	4	0
11/03/2015 19:05	5.52	11.74	15.52	14.98	11.94	4	0
11/03/2015 19:10	6.63	11.75	14.6	15	12	4	0
11/03/2015 19:15	5.67	11.09	13.75	16.25	11.69	4	0
11/03/2015 19:20	5.68	11.83	12.44	15.9	11.46	4	0
11/03/2015 19:25	5.26	10.97	12.84	15.16	11.06	4	0
11/03/2015 19:30	3.5	11.39	13.16	14.29	10.58	4	0
11/03/2015 19:35	4.22	11.39	11.67	15.22	10.63	4	0
11/03/2015 19:40	4.77	11.33	12.26	13.69	10.51	4	0
11/03/2015 19:45	4.7	10.9	11.33	13.67	10.15	4	0
11/03/2015 19:50	2.89	9.12	9.82	11.46	8.32	4	0
11/03/2015 19:55	3.01	8.79	11.11	11.36	8.57	4	0
11/03/2015 20:00	3.8	9.9	10.84	12.51	9.26	4	0
11/03/2015 20:05	3.65	8.96	10.19	11.27	8.52	4	0
11/03/2015 20:10	3.09	7.45	10.72	10.23	7.87	4	0
11/03/2015 20:15	3.55	7.74	9.38	11.06	7.93	4	0
11/03/2015 20:20	2.86	9.12	9.77	12.11	8.47	4	0
11/03/2015 20:25	3.59	9.26	10.64	11.83	8.83	4	0
11/03/2015 20:30	3.33	9.23	9.33	10.83	8.18	4	0
11/03/2015 20:35	2.68	9.22	11.41	11.51	8.71	4	0
11/03/2015 20:40	2.78	8.44	9.62	9.89	7.68	4	0
11/03/2015 20:45	2.82	8.29	10.52	10.69	8.08	4	0
11/03/2015 20:50	2.44	8.03	9.79	10.48	7.69	4	0
11/03/2015 20:55	1.83	8.72	9.83	9.31	7.42	4	0
11/03/2015 21:00	1.83	7.69	7.98	7.94	6.36	4	0
11/03/2015 21:05	1.83	8	8.6	9.83	7.06	4	0
11/03/2015 21:10	2.34	7.62	8.85	8.76	6.89	4	0
11/03/2015 21:15	2.42	7.64	7.79	9.1	6.74	4	0
11/03/2015 21:20	1.54	7.39	8.67	8.27	6.47	4	0
11/03/2015 21:25	1.68	7.54	8.6	9.38	6.8	4	0
11/03/2015 21:30	2.13	7.79	7.87	8.77	6.64	4	0
11/03/2015 21:35	1.87	7.52	10.4	9.27	7.27	4	0
11/03/2015 21:40	2.56	7.1	8.06	9.03	6.69	4	0
11/03/2015 21:45	1.52	6.86	7.37	8.12	5.97	4	0
11/03/2015 21:50	1.47	6.81	7.52	8.44	6.06	4	0
11/03/2015 21:55	2.42	6.9	7.96	8.12	6.35	4	0
11/03/2015 22:00	1.46	6.77	7.73	7.93	5.97	4	0
11/03/2015 22:05	1.76	6.2	6.48	7.4	5.46	4	0
11/03/2015 22:10	2.01	6.5	6.75	7.71	5.74	4	0
11/03/2015 22:15	1.53	6.48	6.52	7.78	5.58	4	0
11/03/2015 22:20	1.33	6.47	7.48	9.06	6.09	4	0
11/03/2015 22:25	.98	5.86	6.97	6.65	5.12	4	0
11/03/2015 22:30	1.05	5.79	6.81	7.03	5.17	4	0
11/03/2015 22:35	.98	5.53	6.67	6.16	4.84	4	0
11/03/2015 22:40	1.2	6.09	6.02	6.03	4.83	4	0
11/03/2015 22:45	.68	5.09	5.82	5.87	4.37	4	0
11/03/2015 22:50	.83	5.03	5.42	4.63	3.98	4	0
11/03/2015 22:55	.68	4.22	4.69	4.23	3.45	4	0
11/03/2015 23:00	.55	4.32	4.7	5.2	3.69	4	0
11/03/2015 23:05	.69	4.01	4.21	3.78	3.17	4	0
11/03/2015 23:10	1.24	4.46	6.34	4.94	4.25	4	0
11/03/2015 23:15	.49	3.32	4	3.57	2.85	4	0
11/03/2015 23:20	.49	4.34	4.62	4.77	3.55	4	0
11/03/2015 23:25	.41	3.51	4.56	4.21	3.17	4	0
11/03/2015 23:30	.28	3.4	3.83	3.17	2.67	4	0
11/03/2015 23:35	.14	3.72	4.35	3.82	3.01	4	0
11/03/2015 23:40	.24	3.73	3.86	3.63	2.87	4	0
11/03/2015 23:45	.38	3.38	4.12	3.35	2.81	4	0
11/03/2015 23:50	.4	3.35	3.61	3.27	2.66	4	0
11/03/2015 23:55	.23	3.07	3.59	3	2.47	4	0
11/04/2015 00:00	.17	2.37	3.13	2.72	2.1	4	0
11/04/2015 00:05	.23	2.89	3.03	2.6	2.19	4	0
11/04/2015 00:10	.25	2.37	2.5	1.82	1.73	4	0
11/04/2015 00:15	.08	1.98	2.13	1.85	1.51	4	0
11/04/2015 00:20	0	2.28	2.79	2.16	1.81	4	0
11/04/2015 00:25	.17	2.18	2.92	2.16	1.86	4	0
11/04/2015 00:30	.19	1.79	2.65	1.94	1.64	4	0
11/04/2015 00:35	.09	1.71	2.29	1.61	1.43	4	0
11/04/2015 00:40	.09	2.19	2.98	1.54	1.7	4	0
11/04/2015 00:45	.07	1.82	2.2	1.65	1.43	4	0
11/04/2015 00:50	.1	2.03	2.54	1.51	1.55	4	0
11/04/2015 00:55	0	2.17	2.46	1.25	1.47	4	0
11/04/2015 01:00	.69	1.07	1.11	1.01	.97	4	0
11/04/2015 01:05	.74	1.15	1.19	1.08	1.04	4	0
11/04/2015 01:10	0	1.28	3.5	2.22	1.75	4	0
11/04/2015 01:15	0	1.18	1.72	1.29	1.05	4	0
11/04/2015 01:20	.09	1.48	1.6	.76	.98	4	0
11/04/2015 01:25	.09	1.16	1.7	.9	.96	4	0
11/04/2015 01:30	0	1.58	2.25	1.17	1.25	4	0
11/04/2015 01:35	0	1.52	2.38	1.31	1.3	4	0
11/04/2015 01:40	0	1.29	1.29	.87	.86	4	0
11/04/2015 01:45	.09	1.36	1.73	.6	.94	4	0
11/04/2015 01:50	0	1.38	1.38	.87	.91	4	0
11/04/2015 01:55	0	1.23	2	.79	1	4	0
11/04/2015 02:00	0	1.79	1.87	.93	1.15	4	0
11/04/2015 02:05	0	1.04	1.5	.8	.83	4	0
11/04/2015 02:10	.22	1.11	1.63	.48	.86	4	0
11/04/2015 02:15	.06	1.2	1.99	.68	.98	4	0
11/04/2015 02:20	0	.84	1.43	.85	.78	4	0
11/04/2015 02:25	.09	1	2	1.14	1.06	4	0
11/04/2015 02:30	0	.94	1.31	1.26	.88	4	0
11/04/2015 02:35	0	1.27	1.81	1.25	1.08	4	0
11/04/2015 02:40	0	.92	1.4	1.16	.87	4	0
11/04/2015 02:45	0	1.29	1.47	.7	.86	4	0
11/04/2015 02:50	0	1.32	1.27	.96	.89	4	0
11/04/2015 02:55	0	1.36	1.73	1.23	1.08	4	0
11/04/2015 03:00	0	1.66	2	1.28	1.23	4	0
11/04/2015 03:05	0	1.4	1.86	.83	1.02	4	0
11/04/2015 03:10	0	1.35	1.95	1.47	1.19	4	0
11/04/2015 03:15	.07	1.88	2.41	1.18	1.38	4	0
11/04/2015 03:20	.09	1.85	2.09	1.6	1.41	4	0
11/04/2015 03:25	.17	1.91	2.88	1.91	1.72	4	0
11/04/2015 03:30	.11	1.64	2.2	2.21	1.54	4	0
11/04/2015 03:35	.1	2.41	3.32	2.07	1.98	4	0
11/04/2015 03:40	.25	2.57	2.35	2.26	1.86	4	0
11/04/2015 03:45	.09	2.31	2.92	1.93	1.81	4	0
11/04/2015 03:50	.24	2.39	3.02	2.51	2.04	4	0
11/04/2015 03:55	.08	2.53	2.36	2.39	1.84	4	0
11/04/2015 04:00	.23	2.8	3.3	2.58	2.23	4	0
11/04/2015 04:05	.47	2.93	3.43	2.6	2.36	4	0
11/04/2015 04:10	.63	3.07	4.25	3.32	2.82	4	0
11/04/2015 04:15	.82	3.12	4.23	4.17	3.08	4	0
11/04/2015 04:20	.83	3.85	3.86	4.72	3.31	4	0
11/04/2015 04:25	1.08	4.47	5.08	5.68	4.08	4	0
11/04/2015 04:30	1.78	4.59	6.33	7.03	4.93	4	0
11/04/2015 04:35	1.22	4.67	5.14	5.34	4.09	4	0
11/04/2015 04:40	1.28	6.27	6.56	8.45	5.64	4	0
11/04/2015 04:45	2.17	6.29	7.36	8.72	6.14	4	0
11/04/2015 04:50	1.79	6.96	6.6	8.1	5.86	4	0
11/04/2015 04:55	2.24	6.41	6.59	7.71	5.74	4	0
11/04/2015 05:00	2.39	6.68	7.3	8.49	6.22	4	0
11/04/2015 05:05	3.01	7.84	9.1	11.92	7.97	4	0
11/04/2015 05:10	3.43	8.5	8.79	11.65	8.09	4	0
11/04/2015 05:15	4.76	10.76	11.55	14.08	10.29	4	0
11/04/2015 05:20	6.2	13.05	13.98	18.67	12.98	4	0
11/04/2015 05:25	7.36	12.81	15.7	18.45	13.58	4	0
11/04/2015 05:30	9.05	15.06	16.96	20.47	15.38	4	0
11/04/2015 05:35	11.32	14.72	16.97	19.94	15.74	4	0
11/04/2015 05:40	11.76	15.03	15.92	18.2	15.23	4	0
11/04/2015 05:45	12.79	16.94	21.87	20.63	18.06	4	0
11/04/2015 05:50	12.69	16.13	18.58	21.43	17.21	4	0
11/04/2015 05:55	12.3	15.1	19.78	18.45	16.41	4	0
11/04/2015 06:00	13.33	16.26	18.39	20.4	17.09	4	0
11/04/2015 06:05	12.25	16.22	17.85	20.35	16.67	4	0
11/04/2015 06:10	13.55	16.94	16.56	19.07	16.53	4	0
11/04/2015 06:15	13.64	16.85	18.03	20.04	17.14	4	0
11/04/2015 06:20	13.2	17.09	19.84	22.26	18.1	4	0
11/04/2015 06:25	13.32	18.8	18.75	20.05	17.73	4	0
11/04/2015 06:30	15.67	22.73	27.1	29.96	23.87	4	0
11/04/2015 06:35	14.53	29.51	36.07	35.24	28.84	4	0
11/04/2015 06:40	16.64	27.65	36.52	29.66	27.62	4	0
11/04/2015 06:45	17.65	32.55	41.05	35.24	31.62	4	0
11/04/2015 06:50	17.98	32.68	40.65	35.51	31.7	4	0
11/04/2015 06:55	17.57	29.03	40.11	36.15	30.71	4	0
11/04/2015 07:00	17.17	30.98	34.1	35.23	29.37	4	0
11/04/2015 07:05	16.64	36.13	37.56	35.25	31.4	4	0
11/04/2015 07:10	17.1	35.36	39.23	36.67	32.09	4	0
11/04/2015 07:15	17.28	33.72	43.37	35.37	32.44	4	0
11/04/2015 07:20	17.51	33.98	43.7	39.61	33.7	4	0
11/04/2015 07:25	20.01	33.47	39.23	38.24	32.74	4	0
11/04/2015 07:30	18.96	36.61	45.86	41.44	35.72	4	0
11/04/2015 07:35	19.57	33.71	47.78	38.83	34.97	4	0
11/04/2015 07:40	17.76	36.05	42.38	42.06	34.56	4	0
11/04/2015 07:45	17.82	42.81	43.41	41.22	36.31	4	0
11/04/2015 07:50	17.85	34.91	42.09	39.59	33.61	4	0
11/04/2015 07:55	17.41	34.43	43.41	36.58	32.96	4	0
11/04/2015 08:00	19.42	32.44	40.46	32.92	31.31	4	0
11/04/2015 08:05	19.91	30.79	39.29	35.51	31.38	4	0
11/04/2015 08:10	18.56	33.1	42.16	40.29	33.53	4	0
11/04/2015 08:15	16.17	30.51	44.8	31.75	30.81	4	0
11/04/2015 08:20	17.15	35.78	42.8	37.92	33.41	4	0
11/04/2015 08:25	15.9	36.5	39.05	35.18	31.66	4	0
11/04/2015 08:30	18.67	38.66	41.24	41.2	34.94	4	0
11/04/2015 08:35	16.45	37.54	39.11	37.16	32.56	4	0
11/04/2015 08:40	17.06	32.7	43.82	31.68	31.31	4	0
11/04/2015 08:45	17.74	29.23	41.83	34.19	30.75	4	0
11/04/2015 08:50	17	30.05	37.75	32.54	29.33	4	0
11/04/2015 08:55	14.71	31.27	34.61	32.78	28.34	4	0
11/04/2015 09:00	15	29.44	40.41	30.96	28.95	4	0
11/04/2015 09:05	17.28	31.28	41.23	35.3	31.27	4	0
11/04/2015 09:10	17.82	29.78	35.86	34.41	29.47	4	0
11/04/2015 09:15	15.94	30.05	39.01	35.99	30.25	4	0
11/04/2015 09:20	15.13	30.49	41.93	31.31	29.71	4	0
11/04/2015 09:25	17.87	28.15	40.58	32.84	29.86	4	0
11/04/2015 09:30	17.71	28.21	38.65	34.93	29.88	4	0
11/04/2015 09:35	16.98	29.18	36.83	29.56	28.14	4	0
11/04/2015 09:40	16.1	31.86	38.67	34.96	30.4	4	0
11/04/2015 09:45	16.54	28.47	36.93	35.87	29.45	4	0
11/04/2015 09:50	16.23	29.71	34.27	31.09	27.82	4	0
11/04/2015 09:55	16.54	30.14	34.47	35.89	29.26	4	0
11/04/2015 10:00	16.53	28.53	37.49	28.68	27.81	4	0
11/04/2015 10:05	17.05	35.14	39.53	39.71	32.86	4	0
11/04/2015 10:10	17.32	33.23	34.76	32.76	29.52	4	0
11/04/2015 10:15	17.4	28.79	37.14	32.12	28.86	4	0
11/04/2015 10:20	15.56	26.78	35.48	33.61	27.86	4	0
11/04/2015 10:25	17.6	30.27	37.89	36.99	30.69	4	0
11/04/2015 10:30	16.15	31.57	42.13	38.52	32.09	4	0
11/04/2015 10:35	19.98	32.12	45.38	36.43	33.48	4	0
11/04/2015 10:40	17.38	30.21	35.11	32.13	28.71	4	0
11/04/2015 10:45	17.83	30.75	39.11	35.57	30.82	4	0
11/04/2015 10:50	17.58	29.37	36.59	33.75	29.32	4	0
11/04/2015 10:55	16.84	29.13	40.2	33.04	29.8	4	0
11/04/2015 11:00	15.78	30.44	35.4	30.17	27.95	4	0
11/04/2015 11:05	16.55	26.44	37.79	35.72	29.13	4	0
11/04/2015 11:10	14.85	28.46	37.74	32.98	28.51	4	0
11/04/2015 11:15	16.84	34.68	36.17	34.4	30.52	4	0
11/04/2015 11:20	14.99	31.36	34.98	31.06	28.1	4	0
11/04/2015 11:25	15.11	26.63	37.49	36.65	28.97	4	0
11/04/2015 11:30	16.56	24.39	34.04	28.68	25.92	4	0
11/04/2015 11:35	14.2	26.66	36.88	37.6	28.83	4	0
11/04/2015 11:40	13.4	21.91	23.39	22.73	20.36	4	0
11/04/2015 11:45	14.68	29.82	32.97	35.21	28.17	4	0
11/04/2015 11:50	14.36	26.29	29.23	32.11	25.5	4	0
11/04/2015 11:55	13.78	24.58	29.48	36.36	26.05	4	0
11/04/2015 12:00	12.75	18.68	26.04	20.57	19.51	4	0
11/04/2015 12:05	13.89	23.6	28.08	27.55	23.28	4	0
11/04/2015 12:10	13.71	21.79	25.94	22.01	20.86	4	0
11/04/2015 12:15	12.51	22.2	32.88	29.56	24.29	4	0
11/04/2015 12:20	12.83	23.64	28.24	27.33	23.01	4	0
11/04/2015 12:25	12.87	13.82	18.9	15.96	15.39	4	0
11/04/2015 12:30	10.82	15.89	20.76	18.84	16.58	4	0
11/04/2015 12:35	11.06	15.42	20.61	19.77	16.72	4	0
11/04/2015 12:40	12.07	14.44	18.83	17.98	15.83	4	0
11/04/2015 12:45	12.56	17.04	19.66	19.02	17.07	4	0
11/04/2015 12:50	11.86	14.57	18.36	18.4	15.8	4	0
11/04/2015 12:55	11.28	14.44	15.86	16.5	14.52	4	0
11/04/2015 13:00	11.61	13.81	17.79	17.99	15.3	4	0
11/04/2015 13:05	11.79	14.45	17.9	16.66	15.2	4	0
11/04/2015 13:10	10.64	16.06	20.23	22.79	17.43	4	0
11/04/2015 13:15	11.36	16.64	19.2	21.2	17.1	4	0
11/04/2015 13:20	9.83	24.23	22.68	30.99	21.93	4	0
11/04/2015 13:25	10.67	13.56	16.48	17.29	14.5	4	0
11/04/2015 13:30	9.38	13.89	16.01	17.39	14.17	4	0
11/04/2015 13:35	10.56	14.78	16.13	18.21	14.92	4	0
11/04/2015 13:40	10.48	13.98	18.29	19.36	15.53	4	0
11/04/2015 13:45	10.73	13.95	16.33	16.83	14.46	4	0
11/04/2015 13:50	11.1	14.71	15.93	17.78	14.88	4	0
11/04/2015 13:55	10.61	14.83	17.68	17.37	15.12	4	0
11/04/2015 14:00	6.49	12.31	13.39	13.76	11.49	4	0
11/04/2015 14:05	6.36	12.53	14.99	14.98	12.21	4	0
11/04/2015 14:10	7.69	13.81	14.62	15.05	12.79	4	0
11/04/2015 14:15	8.2	13.33	16.83	17.21	13.89	4	0
11/04/2015 14:20	8.3	15.29	17.3	18.67	14.89	4	0
11/04/2015 14:25	7.24	13.73	14.04	18.21	13.31	4	0
11/04/2015 14:30	8.13	14.21	16.28	16.09	13.68	4	0
11/04/2015 14:35	8.67	11.67	15.96	17.04	13.33	4	0
11/04/2015 14:40	6.97	14.21	14.72	16.76	13.16	4	0
11/04/2015 14:45	6.97	12.68	14.63	16.96	12.81	4	0
11/04/2015 14:50	6.9	13.71	15.06	18.06	13.43	4	0
11/04/2015 14:55	7.03	12.08	15.44	16.09	12.66	4	0
11/04/2015 15:00	6.81	12.62	12.94	15.28	11.91	4	0
11/04/2015 15:05	6.12	11.53	13.97	14.02	11.41	4	0
11/04/2015 15:10	7.62	13.33	13.65	15.56	12.54	4	0
11/04/2015 15:15	6.06	10.58	13.18	15.06	11.22	4	0
11/04/2015 15:20	7.39	11.7	13.38	15.46	11.98	4	0
11/04/2015 15:25	6.34	11.53	12.97	14.35	11.3	4	0
11/04/2015 15:30	6.04	11.21	13.14	15.4	11.45	4	0
11/04/2015 15:35	6.83	11.75	12.59	15.1	11.57	4	0
11/04/2015 15:40	6.25	11.84	14.09	14.94	11.78	4	0
11/04/2015 15:45	6.77	12.54	13.53	15.64	12.12	4	0
11/04/2015 15:50	6.71	11.05	11.62	15.06	11.11	4	0
11/04/2015 15:55	6.21	10.75	12.69	14.99	11.16	4	0
11/04/2015 16:00	6.59	12.62	12.91	14.45	11.64	4	0
11/04/2015 16:05	5.93	12.17	13.74	14.78	11.66	4	0
11/04/2015 16:10	6.5	11.58	13.96	14.71	11.69	4	0
11/04/2015 16:15	6.53	12.04	11.99	13.4	10.99	4	0
11/04/2015 16:20	7.6	11.85	12.65	14.15	11.56	4	0
11/04/2015 16:25	7.11	12.29	14.99	15.3	12.42	4	0
11/04/2015 16:30	6.84	11.49	13.61	15.23	11.79	4	0
11/04/2015 16:35	5.94	11.89	15.12	15.49	12.11	4	0
11/04/2015 16:40	7.29	11.78	15.49	15.36	12.48	4	0
11/04/2015 16:45	7.68	12.33	13.62	15.31	12.24	4	0
11/04/2015 16:50	6.67	11.56	14.97	15.45	12.16	4	0
11/04/2015 16:55	6.61	10.6	12.31	13.86	10.85	4	0
11/04/2015 17:00	6.14	12.44	14.91	13.3	11.7	4	0
11/04/2015 17:05	6.7	14.45	14.31	15.59	12.76	4	0
11/04/2015 17:10	6.98	14.06	18.48	22.74	15.57	4	0
11/04/2015 17:15	5.85	12.25	14.25	15.29	11.91	4	0
11/04/2015 17:20	5.2	12.13	13.13	16.25	11.68	4	0
11/04/2015 17:25	5.98	11.44	13.88	15.46	11.69	4	0
11/04/2015 17:30	7.97	30.38	35.91	33.31	26.89	4	0
11/04/2015 17:35	8.93	27.7	34.92	39.51	27.77	4	0
11/04/2015 17:40	7.11	12.67	13.94	15.35	12.27	4	0
11/04/2015 17:45	7.75	11.8	13.74	16.38	12.42	4	0
11/04/2015 17:50	8.7	12.21	13.77	17.42	13.03	4	0
11/04/2015 17:55	6.06	11.89	14.95	16.08	12.24	4	0
11/04/2015 18:00	6.03	12.25	14.56	15.5	12.09	4	0
11/04/2015 18:05	6.41	12.47	14.56	15.65	12.27	4	0
11/04/2015 18:10	6.61	11.52	14.03	16.02	12.05	4	0
11/04/2015 18:15	8.34	14.44	16.28	18.42	14.37	4	0
11/04/2015 18:20	6.87	25.36	13.71	17.59	15.88	4	0
11/04/2015 18:25	6.21	13.08	13.66	15.2	12.04	4	0
11/04/2015 18:30	7.81	12.42	15.57	15.42	12.8	4	0
11/04/2015 18:35	5.44	24.56	14.28	16.44	15.18	4	0
11/04/2015 18:40	6.61	12.57	15.11	17.48	12.94	4	0
11/04/2015 18:45	6.51	12.89	14.37	18.93	13.18	4	0
11/04/2015 18:50	6.46	11.34	12.03	14.37	11.05	4	0
11/04/2015 18:55	4.42	12.15	13.46	15.52	11.39	4	0
11/04/2015 19:00	5.47	12.44	13.18	15.01	11.52	4	0
11/04/2015 19:05	5.74	12.79	15.18	15.86	12.39	4	0
11/04/2015 19:10	7.65	12.61	14.63	16.82	12.93	4	0
11/04/2015 19:15	6.29	13.99	15.7	17.87	13.46	4	0
11/04/2015 19:20	7.16	13.25	14.88	16.63	12.98	4	0
11/04/2015 19:25	4.91	11.13	15.38	16.11	11.88	4	0
11/04/2015 19:30	6.92	13.39	15.94	17.27	13.38	4	0
11/04/2015 19:35	5.96	13.97	14.79	17.78	13.12	4	0
11/04/2015 19:40	4.95	11.79	13.6	15.3	11.41	4	0
11/04/2015 19:45	4.54	9.7	11.55	13.94	9.93	4	0
11/04/2015 19:50	3.87	11.63	12.45	14.75	10.67	4	0
11/04/2015 19:55	5.07	10.75	12.09	14.02	10.48	4	0
11/04/2015 20:00	4.03	11.4	15.1	15.16	11.42	4	0
11/04/2015 20:05	3.86	9.38	9.94	11.59	8.69	4	0
11/04/2015 20:10	3.95	8.76	9.89	12.36	8.74	4	0
11/04/2015 20:15	3.53	9.84	9.92	11.77	8.77	4	0
11/04/2015 20:20	2.91	8.45	10.16	11.02	8.14	4	0
11/04/2015 20:25	3.45	8.81	10.98	11.61	8.71	4	0
11/04/2015 20:30	3.24	9.57	10.56	11.44	8.7	4	0
11/04/2015 20:35	3.39	7.92	10.12	11.22	8.16	4	0
11/04/2015 20:40	3.3	8.82	10.54	10.6	8.32	4	0
11/04/2015 20:45	3.68	8.79	10.16	10.72	8.34	4	0
11/04/2015 20:50	2.73	8.19	10	10.29	7.8	4	0
11/04/2015 20:55	2.48	7.48	8.67	10.4	7.26	4	0
11/04/2015 21:00	2.33	8.44	9.53	9.47	7.44	4	0
11/04/2015 21:05	2.27	7.71	9.02	9.33	7.08	4	0
11/04/2015 21:10	2.06	8.18	8.43	10.21	7.22	4	0
11/04/2015 21:15	2.82	7.46	8.11	9.56	6.99	4	0
11/04/2015 21:20	2.7	9.11	8.46	10.71	7.74	4	0
11/04/2015 21:25	2.28	8.13	9.4	9.78	7.4	4	0
11/04/2015 21:30	2.35	7.57	8.06	10.07	7.01	4	0
11/04/2015 21:35	2.18	8.3	9.06	9.52	7.27	4	0
11/04/2015 21:40	2.43	8.35	8.33	8.99	7.02	4	0
11/04/2015 21:45	2.69	7.69	9.53	9.83	7.43	4	0
11/04/2015 21:50	2.13	7.55	8.12	9.88	6.92	4	0
11/04/2015 21:55	1.9	7.72	7.89	8.61	6.53	4	0
11/04/2015 22:00	1.11	6.36	8.49	8.9	6.22	4	0
11/04/2015 22:05	1.52	6.5	7.43	7.5	5.74	4	0
11/04/2015 22:10	2.25	6.52	8.32	8.87	6.49	4	0
11/04/2015 22:15	1.85	6.91	7.38	7.69	5.96	4	0
11/04/2015 22:20	1.84	6.29	6.67	7.33	5.53	4	0
11/04/2015 22:25	1.83	6.12	6.87	7.87	5.67	4	0
11/04/2015 22:30	1.67	5.69	6.29	6.89	5.14	4	0
11/04/2015 22:35	1.67	6.08	6.88	6.99	5.41	4	0
11/04/2015 22:40	1.25	5.72	6.62	7.25	5.21	4	0
11/04/2015 22:45	.94	6.17	6.45	6.89	5.11	4	0
11/04/2015 22:50	.92	4.96	6.03	6.49	4.6	4	0
11/04/2015 22:55	.86	5.33	5.79	5.6	4.39	4	0
11/04/2015 23:00	.86	4.48	5.78	5.45	4.14	4	0
11/04/2015 23:05	.86	4.94	5.21	5.93	4.23	4	0
11/04/2015 23:10	.9	4.63	4.96	4.52	3.75	4	0
11/04/2015 23:15	.68	4.42	5.24	4.66	3.75	4	0
11/04/2015 23:20	.67	4.92	4.47	4.96	3.76	4	0
11/04/2015 23:25	.36	4.03	4.39	4.15	3.23	4	0
11/04/2015 23:30	.37	4.18	4.79	3.99	3.33	4	0
11/04/2015 23:35	.35	4.06	5.22	3.63	3.31	4	0
11/04/2015 23:40	.48	3.9	3.29	3.64	2.83	4	0
11/04/2015 23:45	.4	3.15	4.68	4.37	3.15	4	0
11/04/2015 23:50	.34	3.27	3.76	2.41	2.44	4	0
11/04/2015 23:55	.42	3.17	3.86	2.68	2.53	4	0
11/05/2015 00:00	.39	3.11	3.28	2.22	2.25	4	0
11/05/2015 00:05	.24	2.43	2.96	1.82	1.86	4	0
11/05/2015 00:10	.26	2.35	2.93	2.73	2.07	4	0
11/05/2015 00:15	.14	2.82	2.77	2.18	1.98	4	0
11/05/2015 00:20	.3	2.69	2.58	2.48	2.01	4	0
11/05/2015 00:25	.16	2.17	3.14	1.63	1.77	4	0
11/05/2015 00:30	.17	2.68	2.52	2.02	1.85	4	0
11/05/2015 00:35	.16	2.54	3.04	1.74	1.87	4	0
11/05/2015 00:40	.1	1.97	2.55	1.47	1.52	4	0
11/05/2015 00:45	.09	2.02	2.95	1.89	1.74	4	0
11/05/2015 00:50	.21	1.93	1.63	1.69	1.36	4	0
11/05/2015 00:55	0	1.88	2.21	1.54	1.41	4	0
11/05/2015 01:00	.69	1.07	1.11	1.01	.97	4	0
11/05/2015 01:05	.65	1.01	1.05	.96	.92	4	0
11/05/2015 01:10	.61	.95	.99	.9	.86	4	0
11/05/2015 01:15	.09	1.63	2.41	1.53	1.42	4	0
11/05/2015 01:20	0	2.02	1.74	.78	1.13	4	0
11/05/2015 01:25	0	1.59	2.31	1.29	1.3	4	0
11/05/2015 01:30	0	1.32	2.12	1.23	1.17	4	0
11/05/2015 01:35	0	1.36	1.26	1.24	.97	4	0
11/05/2015 01:40	0	1.58	2.43	1.07	1.27	4	0
11/05/2015 01:45	0	1.45	2.31	.95	1.18	4	0
11/05/2015 01:50	0	1.23	2.05	.69	.99	4	0
11/05/2015 01:55	0	1.38	1.54	1.01	.98	4	0
11/05/2015 02:00	0	1.33	1.69	.76	.95	4	0
11/05/2015 02:05	0	1.5	2.27	1.05	1.2	4	0
11/05/2015 02:10	.25	1.45	1.97	1.12	1.2	4	0
11/05/2015 02:15	.15	1.24	2.24	1.02	1.16	4	0
11/05/2015 02:20	0	1.23	2.14	1	1.09	4	0
11/05/2015 02:25	0	1.04	1.1	.92	.76	4	0
11/05/2015 02:30	0	1.06	1.7	.85	.9	4	0
11/05/2015 02:35	0	1.04	1.76	1.18	1	4	0
11/05/2015 02:40	.09	2.14	1.93	1.1	1.31	4	0
11/05/2015 02:45	0	1.31	1.65	1.06	1	4	0
11/05/2015 02:50	0	1.36	2.37	1.24	1.24	4	0
11/05/2015 02:55	0	1.07	1.93	1.4	1.1	4	0
11/05/2015 03:00	0	1.3	2.22	1.47	1.25	4	0
11/05/2015 03:05	0	1.54	1.92	1.1	1.14	4	0
11/05/2015 03:10	.08	1.73	2.34	1.44	1.4	4	0
11/05/2015 03:15	.08	1.47	2.24	1.59	1.35	4	0
11/05/2015 03:20	.21	1.79	2.07	1.59	1.41	4	0
11/05/2015 03:25	.17	1.72	1.16	1.15	1.05	4	0
11/05/2015 03:30	.1	2.36	2.19	2.16	1.7	4	0
11/05/2015 03:35	.26	2.35	2.21	1.87	1.67	4	0
11/05/2015 03:40	.1	2.71	2.6	2.76	2.04	4	0
11/05/2015 03:45	.31	2.76	1.69	2.63	1.85	4	0
11/05/2015 03:50	.43	2.62	3.16	2.9	2.28	4	0
11/05/2015 03:55	.37	2.43	3.12	2.9	2.21	4	0
11/05/2015 04:00	.36	3.26	3.81	3.39	2.71	4	0
11/05/2015 04:05	.52	3.35	3.32	3.44	2.66	4	0
11/05/2015 04:10	.45	2.93	4.61	3.22	2.8	4	0
11/05/2015 04:15	1.19	3.93	3.98	3.6	3.18	4	0
11/05/2015 04:20	1.02	4.49	3.5	5.35	3.59	4	0
11/05/2015 04:25	1.73	5.4	5.49	6.85	4.87	4	0
11/05/2015 04:30	1.52	6.12	5.89	7.24	5.19	4	0
11/05/2015 04:35	1.29	5.67	5.21	6.19	4.59	4	0
11/05/2015 04:40	1.86	6.23	6.85	7.76	5.68	4	0
11/05/2015 04:45	1.99	6.23	6.01	7.38	5.4	4	0
11/05/2015 04:50	3.3	6.61	7.81	9.25	6.74	4	0
11/05/2015 04:55	2.38	7.12	7.45	9.02	6.49	4	0
11/05/2015 05:00	2.25	6.75	7.38	9.3	6.42	4	0
11/05/2015 05:05	2.9	7.67	8.92	11.24	7.68	4	0
11/05/2015 05:10	4.25	9.38	10.73	13.48	9.46	4	0
11/05/2015 05:15	4.89	11.06	11.51	15.3	10.69	4	0
11/05/2015 05:20	6.17	11.41	12.28	15.33	11.3	4	0
11/05/2015 05:25	8.28	13.65	13.5	17.95	13.35	4	0
11/05/2015 05:30	10.99	13.91	16.98	19.54	15.35	4	0
11/05/2015 05:35	10.89	14.86	16.47	19.98	15.55	4	0
11/05/2015 05:40	11.02	15.8	18.46	19.83	16.28	4	0
11/05/2015 05:45	12.24	15.57	17.29	20.33	16.36	4	0
11/05/2015 05:50	13.06	16.53	19.8	20.88	17.57	4	0
11/05/2015 05:55	13.08	16.17	18.47	19.75	16.87	4	0
11/05/2015 06:00	13.48	16.05	17.82	18.33	16.42	4	0
11/05/2015 06:05	12.42	16.25	18.59	20.18	16.86	4	0
11/05/2015 06:10	13.14	16.85	20.19	21.64	17.96	4	0
11/05/2015 06:15	13.63	18.59	21.99	20.44	18.66	4	0
11/05/2015 06:20	15.85	25.55	25.36	27.53	23.57	4	0
11/05/2015 06:25	14.44	26.18	33.98	25.51	25.03	4	0
11/05/2015 06:30	15.43	33.67	42.25	37.94	32.32	4	0
11/05/2015 06:35	17.23	32.9	40.35	34.64	31.28	4	0
11/05/2015 06:40	16.98	33.96	39.34	42.75	33.26	4	0
11/05/2015 06:45	16.27	34.69	42.91	41.73	33.9	4	0
11/05/2015 06:50	16.69	37.95	44.88	38.06	34.39	4	0
11/05/2015 06:55	19.44	37.52	48.03	40.87	36.47	4	0
11/05/2015 07:00	18.43	37.66	40.3	39.27	33.92	4	0
11/05/2015 07:05	19.32	36.25	45.83	38.33	34.93	4	0
11/05/2015 07:10	19.48	34.96	43.63	40.48	34.64	4	0
11/05/2015 07:15	16.87	38.89	39.89	41.09	34.18	4	0
11/05/2015 07:20	15.75	31.67	41.41	34.75	30.9	4	0
11/05/2015 07:25	18.34	36.4	48.05	37.33	35.03	4	0
11/05/2015 07:30	16.73	39.16	44.21	36.78	34.22	4	0
11/05/2015 07:35	20.38	34.95	48.16	41.02	36.13	4	0
11/05/2015 07:40	19.25	41.57	48.32	41.73	37.72	4	0
11/05/2015 07:45	19.21	37.54	47.46	39.4	35.9	4	0
11/05/2015 07:50	23.13	40.88	43.82	41.62	37.36	4	0
11/05/2015 07:55	18.49	35.66	45.13	38.48	34.44	4	0
11/05/2015 08:00	20.14	35.81	50.95	40.41	36.83	4	0
11/05/2015 08:05	19.33	32.68	42.33	41.82	34.04	4	0
11/05/2015 08:10	18.08	35.42	40.49	35.97	32.49	4	0
11/05/2015 08:15	19.71	34.05	38.88	36.53	32.29	4	0
11/05/2015 08:20	18.07	34.78	43.09	42.67	34.65	4	0
11/05/2015 08:25	18.58	35.45	42.51	40.19	34.18	4	0
11/05/2015 08:30	18.48	32.02	41.07	39.6	32.79	4	0
11/05/2015 08:35	17.9	36.13	50.19	40.45	36.17	4	0
11/05/2015 08:40	17.18	31.12	40.13	36.12	31.14	4	0
11/05/2015 08:45	18.68	35.77	40.17	42.5	34.28	4	0
11/05/2015 08:50	16.3	31	35.89	30.4	28.4	4	0
11/05/2015 08:55	17.63	31.24	40.73	35.09	31.17	4	0
11/05/2015 09:00	16.01	28.87	36.22	37.24	29.59	4	0
11/05/2015 09:05	17.9	36.47	41.13	34.09	32.4	4	0
11/05/2015 09:10	17.96	30.73	35.86	39.85	31.1	4	0
11/05/2015 09:15	18.92	30.84	39.52	38.57	31.96	4	0
11/05/2015 09:20	18.07	32.12	41.3	39.93	32.86	4	0
11/05/2015 09:25	17.11	30.37	39.67	35.52	30.67	4	0
11/05/2015 09:30	18.68	32.43	39.79	39.83	32.68	4	0
11/05/2015 09:35	18.27	33.32	41.32	38.03	32.74	4	0
11/05/2015 09:40	16.98	32.71	38.48	34.52	30.67	4	0
11/05/2015 09:45	16.15	28.43	37.8	33.7	29.02	4	0
11/05/2015 09:50	16.92	32.16	37.21	35.18	30.37	4	0
11/05/2015 09:55	16.71	33.32	38.17	36.64	31.21	4	0
11/05/2015 10:00	17.44	29.49	40.83	37.38	31.28	4	0
11/05/2015 10:05	16.25	29.44	39.39	33	29.52	4	0
11/05/2015 10:10	17.65	28.17	33.48	29.05	27.09	4	0
11/05/2015 10:15	17.58	31.92	38.88	34.74	30.78	4	0
11/05/2015 10:20	15.44	32.56	35.09	29.95	28.26	4	0
11/05/2015 10:25	16.38	33.69	41.95	34.16	31.55	4	0
11/05/2015 10:30	16.8	30.04	36.17	34.53	29.39	4	0
11/05/2015 10:35	18.24	27.87	36.97	36.14	29.8	4	0
11/05/2015 10:40	17.09	31.04	34.74	33.46	29.08	4	0
11/05/2015 10:45	14.81	27.32	35.24	29.22	26.65	4	0
11/05/2015 10:50	16.65	26.81	35.6	29.99	27.26	4	0
11/05/2015 10:55	15.26	30.31	43.91	35.62	31.28	4	0
11/05/2015 11:00	15.19	29.55	39.1	31.77	28.9	4	0
11/05/2015 11:05	17.08	27.6	34.98	33.59	28.31	4	0
11/05/2015 11:10	17.68	28.7	36.86	35.03	29.57	4	0
11/05/2015 11:15	18.37	29.21	36.84	35.17	29.9	4	0
11/05/2015 11:20	17.46	30.91	39.7	37.66	31.43	4	0
11/05/2015 11:25	16.62	32.16	40.31	34.16	30.81	4	0
11/05/2015 11:30	16.29	32.63	36.64	39.52	31.27	4	0
11/05/2015 11:35	15.24	26.44	36.21	35.69	28.4	4	0
11/05/2015 11:40	15.5	27.71	36.64	37.05	29.23	4	0
11/05/2015 11:45	14.94	24.3	34.88	25.95	25.02	4	0
11/05/2015 11:50	15.51	29.44	37.49	32.89	28.83	4	0
11/05/2015 11:55	12.73	23.81	32.33	28.54	24.35	4	0
11/05/2015 12:00	14.45	32.2	32.62	32.89	28.04	4	0
11/05/2015 12:05	15.09	29.93	36.4	31.79	28.3	4	0
11/05/2015 12:10	13.18	28.02	36.14	32.24	27.4	4	0
11/05/2015 12:15	14.48	24.37	26.08	34.02	24.74	4	0
11/05/2015 12:20	13.8	23.14	27.9	33.19	24.51	4	0
11/05/2015 12:25	14.78	24.05	32.64	31.83	25.82	4	0
11/05/2015 12:30	13.32	25.94	31.64	26	24.23	4	0
11/05/2015 12:35	13.19	24.91	31.85	32.75	25.68	4	0
11/05/2015 12:40	15.3	26.21	30.25	31.79	25.89	4	0
11/05/2015 12:45	16.36	19.15	23.87	26.76	21.53	4	0
11/05/2015 12:50	13.5	15.88	16.99	18.61	16.24	4	0
11/05/2015 12:55	16.1	24.6	21.62	33.25	23.89	4	0
11/05/2015 13:00	13.97	22.07	27.38	30.64	23.51	4	0
11/05/2015 13:05	12.64	18.64	21.52	20.54	18.34	4	0
11/05/2015 13:10	11.35	14.13	19.01	17.27	15.44	4	0
11/05/2015 13:15	11.74	16.19	18.75	19.57	16.56	4	0
11/05/2015 13:20	13.31	19.53	20.02	30.76	20.9	4	0
11/05/2015 13:25	10.98	17.35	19.99	20.61	17.23	4	0
11/05/2015 13:30	13.1	14.52	16.68	18.29	15.65	4	0
11/05/2015 13:35	10.28	12.79	15.7	17.95	14.18	4	0
11/05/2015 13:40	10.21	13.23	15.77	16.08	13.82	4	0
11/05/2015 13:45	10.62	13.67	16.03	17.24	14.39	4	0
11/05/2015 13:50	10.52	13.82	16.23	18.63	14.8	4	0
11/05/2015 13:55	11.52	12.87	15.98	17.39	14.44	4	0
11/05/2015 14:00	11.34	13.32	15.88	17.75	14.57	4	0
11/05/2015 14:05	6.79	11.95	12.97	15.58	11.82	4	0
11/05/2015 14:10	8.86	13.29	15.4	15.83	13.34	4	0
11/05/2015 14:15	7.52	11.74	14.45	16.17	12.47	4	0
11/05/2015 14:20	8.18	12.79	14.69	16.48	13.04	4	0
11/05/2015 14:25	8.36	12.79	14.18	17.4	13.18	4	0
11/05/2015 14:30	11.12	12.91	15.43	15.8	13.81	4	0
11/05/2015 14:35	11.3	14.78	17.06	17.93	15.27	4	0
11/05/2015 14:40	10.29	13.85	16.02	15.63	13.95	4	0
11/05/2015 14:45	10.78	17.76	20.01	24.57	18.28	4	0
11/05/2015 14:50	11.72	17.84	18.99	25.09	18.41	4	0
11/05/2015 14:55	7.63	12.63	13.87	16.67	12.7	4	0
11/05/2015 15:00	6.71	10.61	14.23	15.67	11.81	4	0
11/05/2015 15:05	10.48	29	29.99	31.87	25.33	4	0
11/05/2015 15:10	9.9	25.75	28.16	32.22	24.01	4	0
11/05/2015 15:15	10.45	24.86	26.39	31.15	23.21	4	0
11/05/2015 15:20	13.36	27.19	30.01	33.35	25.98	4	0
11/05/2015 15:25	11.39	20.1	23.83	27.4	20.68	4	0
11/05/2015 15:30	11.5	17.41	21.07	23.65	18.41	4	0
11/05/2015 15:35	12.17	22.21	24.3	24.27	20.74	4	0
11/05/2015 15:40	6.1	11.85	12.23	14.1	11.07	4	0
11/05/2015 15:45	9.03	13.67	15.86	17.81	14.09	4	0
11/05/2015 15:50	7.31	12.47	14.31	14.84	12.23	4	0
11/05/2015 15:55	5.78	11.42	12.8	13.27	10.82	4	0
11/05/2015 16:00	5.3	10.79	11.52	14.4	10.5	4	0
11/05/2015 16:05	6.34	11.06	12.83	14.55	11.19	4	0
11/05/2015 16:10	7.18	10.74	11.93	14.03	10.97	4	0
11/05/2015 16:15	5.16	10.9	11.9	12.93	10.22	4	0
11/05/2015 16:20	8.02	12.07	12.98	15.36	12.11	4	0
11/05/2015 16:25	5.45	9.91	13.18	15.18	10.93	4	0
11/05/2015 16:30	5.75	10.93	13.1	14.79	11.14	4	0
11/05/2015 16:35	6.54	12.2	13.27	16.77	12.2	4	0
11/05/2015 16:40	6.22	9.86	12.66	13.23	10.49	4	0
11/05/2015 16:45	5.62	12.08	10.96	12.63	10.32	4	0
11/05/2015 16:50	5.75	10.52	11.79	14.19	10.56	4	0
11/05/2015 16:55	6.91	10.46	10.68	13.53	10.39	4	0
11/05/2015 17:00	7.41	12.74	12.53	14.24	11.73	4	0
11/05/2015 17:05	5.79	12.02	12.87	15.48	11.54	4	0
11/05/2015 17:10	4.83	11.11	11.95	14.74	10.66	4	0
11/05/2015 17:15	7.29	11.87	14.4	16.46	12.5	4	0
11/05/2015 17:20	6.7	11.72	12.82	15.78	11.76	4	0
11/05/2015 17:25	4.65	13.31	13.98	16.38	12.08	4	0
11/05/2015 17:30	6.59	12.16	13.99	15.51	12.06	4	0
11/05/2015 17:35	7.35	11.75	14.52	15.78	12.35	4	0
11/05/2015 17:40	6.44	11.75	14.1	15.77	12.01	4	0
11/05/2015 17:45	5.33	11.39	13.33	14.89	11.24	4	0
11/05/2015 17:50	6.33	11.2	13.23	15.72	11.62	4	0
11/05/2015 17:55	6.04	12.44	14.15	14.39	11.75	4	0
11/05/2015 18:00	6.83	11.58	13.29	13.78	11.37	4	0
11/05/2015 18:05	7.02	12.61	14.02	16.53	12.55	4	0
11/05/2015 18:10	7.13	14.04	16.18	16.72	13.52	4	0
11/05/2015 18:15	6.5	16.11	14.39	21.5	14.62	4	0
11/05/2015 18:20	6.84	15.89	17.4	20.6	15.18	4	0
11/05/2015 18:25	6.93	11.75	13.81	14.67	11.79	4	0
11/05/2015 18:30	6.21	12.53	14.8	15.46	12.25	4	0
11/05/2015 18:35	8.08	11.85	13.2	14.22	11.84	4	0
11/05/2015 18:40	7.43	12.98	14.43	17.46	13.08	4	0
11/05/2015 18:45	6.61	12.95	14.89	16.32	12.69	4	0
11/05/2015 18:50	6.53	11.74	14.11	15.4	11.95	4	0
11/05/2015 18:55	6.75	11.83	13.54	14.74	11.72	4	0
11/05/2015 19:00	8.03	12.47	14.8	16.22	12.88	4	0
11/05/2015 19:05	6.72	13.19	14.82	15.82	12.64	4	0
11/05/2015 19:10	5.74	13.11	13.79	16.74	12.35	4	0
11/05/2015 19:15	6.9	12.36	14.05	15.72	12.26	4	0
11/05/2015 19:20	6.97	12.63	12.72	13.96	11.57	4	0
11/05/2015 19:25	7.07	13.02	15.07	16.6	12.94	4	0
11/05/2015 19:30	6.47	12.64	14.19	15.81	12.28	4	0
11/05/2015 19:35	5.27	11.77	11.97	14.96	10.99	4	0
11/05/2015 19:40	5.72	11.97	14.05	15.71	11.86	4	0
11/05/2015 19:45	7.6	12.19	14.61	15.8	12.55	4	0
11/05/2015 19:50	4.99	12.23	12.65	14.34	11.05	4	0
11/05/2015 19:55	6.01	10.63	13.79	15.47	11.48	4	0
11/05/2015 20:00	4.88	9.23	11.33	12.62	9.52	4	0
11/05/2015 20:05	5.3	8.99	23.48	12.11	12.47	4	0
11/05/2015 20:10	4.54	11.41	13.13	14	10.77	4	0
11/05/2015 20:15	4.63	10.21	12.06	13.26	10.04	4	0
11/05/2015 20:20	2.87	10.43	11.04	11.73	9.02	4	0
11/05/2015 20:25	4.29	9.63	9.9	11.47	8.82	4	0
11/05/2015 20:30	3.44	9.41	12.51	12.61	9.49	4	0
11/05/2015 20:35	3.85	9.98	10.16	10.51	8.62	4	0
11/05/2015 20:40	3.6	10.33	10.73	13.37	9.51	4	0
11/05/2015 20:45	3.73	9.38	11.74	11.18	9.01	4	0
11/05/2015 20:50	3.06	8.94	10.1	12.15	8.56	4	0
11/05/2015 20:55	3.51	10.24	10.2	10.4	8.59	4	0
11/05/2015 21:00	3.09	8.8	8.6	11.24	7.93	4	0
11/05/2015 21:05	3.61	9.12	9.3	10.7	8.18	4	0
11/05/2015 21:10	2.57	8.44	8.79	10.4	7.55	4	0
11/05/2015 21:15	2.76	8.9	10.04	11.24	8.24	4	0
11/05/2015 21:20	3.72	9.03	9.57	12.37	8.67	4	0
11/05/2015 21:25	4.1	8.75	10.11	12.38	8.83	4	0
11/05/2015 21:30	2.87	8.59	9.17	10.51	7.79	4	0
11/05/2015 21:35	2.77	8.69	9.03	10.71	7.8	4	0
11/05/2015 21:40	3.33	8.49	9.63	9.87	7.83	4	0
11/05/2015 21:45	3.54	8.52	8.68	10.22	7.74	4	0
11/05/2015 21:50	2.44	6.9	7.92	9.63	6.72	4	0
11/05/2015 21:55	2.67	9.1	8.83	10.86	7.86	4	0
11/05/2015 22:00	2.21	7.44	8.14	10.1	6.97	4	0
11/05/2015 22:05	2.37	7.87	8.1	9.18	6.88	4	0
11/05/2015 22:10	2.6	7.4	7.49	10.32	6.95	4	0
11/05/2015 22:15	2.51	7.73	7.96	10.8	7.25	4	0
11/05/2015 22:20	1.87	8.13	8.13	10.58	7.18	4	0
11/05/2015 22:25	1.38	7.53	7.68	8.2	6.2	4	0
11/05/2015 22:30	1.92	7.2	7.89	8.21	6.3	4	0
11/05/2015 22:35	1.86	6.62	6.83	8.33	5.91	4	0
11/05/2015 22:40	1.27	6.02	6.19	7.38	5.21	4	0
11/05/2015 22:45	1.93	6.26	6.82	7.57	5.65	4	0
11/05/2015 22:50	1.29	6.35	6.56	7.22	5.36	4	0
11/05/2015 22:55	1.48	5.47	6.09	5.79	4.71	4	0
11/05/2015 23:00	1.13	5.54	6.32	6.19	4.8	4	0
11/05/2015 23:05	1.11	5.4	5.51	5.53	4.39	4	0
11/05/2015 23:10	1.28	4.68	5.56	5.2	4.18	4	0
11/05/2015 23:15	1.17	5.03	5.57	6.38	4.54	4	0
11/05/2015 23:20	.67	4.05	5.18	5.17	3.77	4	0
11/05/2015 23:25	1.07	5.78	5.97	5.38	4.55	4	0
11/05/2015 23:30	.71	4.74	5.19	5.33	3.99	4	0
11/05/2015 23:35	.71	4.3	4.84	4.8	3.66	4	0
11/05/2015 23:40	.61	4.56	5.01	4.55	3.68	4	0
11/05/2015 23:45	.64	3.33	4.04	3.59	2.9	4	0
11/05/2015 23:50	.8	3.99	5.04	3.27	3.28	4	0
11/05/2015 23:55	.44	4.1	4.33	4.17	3.26	4	0
11/06/2015 00:00	.35	3.36	3.7	3.04	2.61	4	0
11/06/2015 00:05	.35	3.06	3.01	3.09	2.38	4	0
11/06/2015 00:10	.52	3.22	4.32	3.11	2.79	4	0
11/06/2015 00:15	.31	3.2	3.79	2.59	2.47	4	0
11/06/2015 00:20	.23	3.2	2.51	2.2	2.04	4	0
11/06/2015 00:25	.09	2.49	3.59	3.11	2.32	4	0
11/06/2015 00:30	.32	2.53	3.61	1.89	2.09	4	0
11/06/2015 00:35	.25	2.42	2.81	2.52	2	4	0
11/06/2015 00:40	.32	2.08	2.23	2.31	1.74	4	0
11/06/2015 00:45	.16	2.75	2.69	1.48	1.77	4	0
11/06/2015 00:50	.21	1.96	2.89	2.24	1.82	4	0
11/06/2015 00:55	.11	2.25	3.26	1.66	1.82	4	0
11/06/2015 01:00	.82	1.28	1.33	1.21	1.16	4	0
11/06/2015 01:05	.82	1.27	1.32	1.2	1.15	4	0
11/06/2015 01:10	.94	1.45	1.51	1.38	1.32	4	0
11/06/2015 01:15	0	1.84	3.24	2.01	1.77	4	0
11/06/2015 01:20	.19	2.16	2.43	1.89	1.67	4	0
11/06/2015 01:25	.18	2.32	1.82	1.73	1.51	4	0
11/06/2015 01:30	.09	2.1	2.22	1.95	1.59	4	0
11/06/2015 01:35	.24	2.08	2.28	2.04	1.66	4	0
11/06/2015 01:40	.21	1.92	1.94	1.61	1.42	4	0
11/06/2015 01:45	.21	1.95	2.34	1.27	1.44	4	0
11/06/2015 01:50	.09	1.83	2.68	2.27	1.72	4	0
11/06/2015 01:55	.1	1.75	2.44	1.82	1.53	4	0
11/06/2015 02:00	0	1.94	2.2	.93	1.27	4	0
11/06/2015 02:05	0	1.85	2.54	1.45	1.46	4	0
11/06/2015 02:10	.19	1.94	2.23	1.41	1.44	4	0
11/06/2015 02:15	.12	1.72	2	.8	1.16	4	0
11/06/2015 02:20	0	1.73	1.68	1.36	1.19	4	0
11/06/2015 02:25	.06	1.29	1.87	1.45	1.17	4	0
11/06/2015 02:30	0	1.48	2.08	1.67	1.31	4	0
11/06/2015 02:35	0	2.17	2.56	1.24	1.49	4	0
11/06/2015 02:40	.08	1.83	2.16	1.79	1.46	4	0
11/06/2015 02:45	.1	2.03	2.28	1.2	1.4	4	0
11/06/2015 02:50	.07	2.25	3.12	2.03	1.87	4	0
11/06/2015 02:55	.12	1.96	2.91	1.37	1.59	4	0
11/06/2015 03:00	.1	1.55	1.75	1.17	1.14	4	0
11/06/2015 03:05	0	2.33	2.87	1.43	1.66	4	0
11/06/2015 03:10	.15	1.7	2.29	1.64	1.45	4	0
11/06/2015 03:15	.22	2.25	2.9	2.01	1.85	4	0
11/06/2015 03:20	.16	2.34	3.18	1.33	1.75	4	0
11/06/2015 03:25	.1	2.48	3.14	2.09	1.95	4	0
11/06/2015 03:30	.09	2.26	2.64	1.81	1.7	4	0
11/06/2015 03:35	.18	2.35	2.57	1.91	1.75	4	0
11/06/2015 03:40	.57	1.98	2.56	2.57	1.92	4	0
11/06/2015 03:45	.21	3.25	3.02	2.65	2.28	4	0
11/06/2015 03:50	.26	2.88	3.34	2.87	2.34	4	0
11/06/2015 03:55	.24	2.98	4.35	3.36	2.73	4	0
11/06/2015 04:00	.36	2.76	2.82	2.44	2.09	4	0
11/06/2015 04:05	.24	3.31	2.81	2.71	2.27	4	0
11/06/2015 04:10	.57	3.97	3.98	4.09	3.15	4	0
11/06/2015 04:15	.8	3.94	3.56	4.06	3.09	4	0
11/06/2015 04:20	.73	3.87	5.01	4.42	3.51	4	0
11/06/2015 04:25	1.52	4.79	4.97	5.91	4.3	4	0
11/06/2015 04:30	1.61	4.99	5.03	5.92	4.39	4	0
11/06/2015 04:35	2.24	6.03	5.94	5.96	5.04	4	0
11/06/2015 04:40	2.1	5.58	7.29	7.08	5.51	4	0
11/06/2015 04:45	2.04	6.51	7.37	8.95	6.22	4	0
11/06/2015 04:50	2.07	6.63	7.88	8.68	6.31	4	0
11/06/2015 04:55	2	6.42	7.21	8.48	6.03	4	0
11/06/2015 05:00	1.83	6.87	6.68	8.74	6.03	4	0
11/06/2015 05:05	2.91	7.1	7.45	10.41	6.97	4	0
11/06/2015 05:10	3.33	8.89	9.27	12.6	8.52	4	0
11/06/2015 05:15	4.13	10.64	11.25	13.87	9.97	4	0
11/06/2015 05:20	5.55	9.77	11.23	14.38	10.23	4	0
11/06/2015 05:25	6.74	12.65	11.86	16.33	11.9	4	0
11/06/2015 05:30	7.46	11.48	14.13	16.6	12.42	4	0
11/06/2015 05:35	11.61	13.4	15.64	18.91	14.89	4	0
11/06/2015 05:40	11.04	14.52	17.49	17.52	15.14	4	0
11/06/2015 05:45	12.6	14.78	15.77	20.27	15.85	4	0
11/06/2015 05:50	12.25	15.4	19.03	18.76	16.36	4	0
11/06/2015 05:55	12.76	15.84	19.47	20.73	17.2	4	0
11/06/2015 06:00	13.68	15.64	18.39	20.27	16.99	4	0
11/06/2015 06:05	13.21	16.46	17.92	19.71	16.83	4	0
11/06/2015 06:10	12.98	16.99	19.38	19.61	17.24	4	0
11/06/2015 06:15	13.44	14.77	19.57	18.45	16.56	4	0
11/06/2015 06:20	13.8	14.57	18.76	18.03	16.29	4	0
11/06/2015 06:25	13.43	18.3	23.75	23.11	19.65	4	0
11/06/2015 06:30	16.17	27.67	27.64	29.7	25.3	4	0
11/06/2015 06:35	14.7	26.11	31.19	30.91	25.73	4	0
11/06/2015 06:40	18.07	27.94	34.87	32.21	28.27	4	0
11/06/2015 06:45	17.47	30.2	41.06	31.46	30.05	4	0
11/06/2015 06:50	17.25	39.98	46.99	36.98	35.3	4	0
11/06/2015 06:55	19.96	35.07	42.67	38.79	34.12	4	0
11/06/2015 07:00	18.44	29.94	41.44	38.09	31.98	4	0
11/06/2015 07:05	18.44	36.33	47.48	40.71	35.74	4	0
11/06/2015 07:10	17	30.56	41.26	33.76	30.65	4	0
11/06/2015 07:15	20.05	32.67	38.86	45.84	34.35	4	0
11/06/2015 07:20	17.5	37.52	42.06	40.37	34.36	4	0
11/06/2015 07:25	19.8	31.9	43.37	43.75	34.7	4	0
11/06/2015 07:30	18.29	33.22	40.24	31.4	30.79	4	0
11/06/2015 07:35	18.69	36	41.73	38.13	33.64	4	0
11/06/2015 07:40	19.91	36.54	41.83	44.21	35.62	4	0
11/06/2015 07:45	19.53	31.96	45.42	36	33.23	4	0
11/06/2015 07:50	19.22	36.26	39.82	39.43	33.68	4	0
11/06/2015 07:55	17.47	29.99	33.3	35.88	29.16	4	0
11/06/2015 08:00	20.74	31.98	39.03	36.22	31.99	4	0
11/06/2015 08:05	18.66	30.51	42.37	32.32	30.96	4	0
11/06/2015 08:10	18.48	38.52	41.21	39.79	34.5	4	0
11/06/2015 08:15	19.2	36.93	42.17	36.21	33.63	4	0
11/06/2015 08:20	18.68	37.98	43.07	38.33	34.52	4	0
11/06/2015 08:25	16.52	35.03	44.79	32.8	32.29	4	0
11/06/2015 08:30	18.62	36.48	44.71	38.81	34.66	4	0
11/06/2015 08:35	17.51	32.32	38.98	32.03	30.21	4	0
11/06/2015 08:40	18.27	33.25	39.3	34.88	31.43	4	0
11/06/2015 08:45	17	29.97	38.53	34.02	29.88	4	0
11/06/2015 08:50	14.99	29.1	40.12	31.21	28.85	4	0
11/06/2015 08:55	17.44	32.23	40.1	36.39	31.54	4	0
11/06/2015 09:00	17.05	32.58	37.63	27.63	28.72	4	0
11/06/2015 09:05	16.7	30.97	42.33	33.79	30.95	4	0
11/06/2015 09:10	18.64	35.21	40.46	37.59	32.97	4	0
11/06/2015 09:15	17.62	33.58	40.44	41.86	33.37	4	0
11/06/2015 09:20	17.37	36.44	46	41.31	35.28	4	0
11/06/2015 09:25	17.17	31.18	38.76	39.21	31.58	4	0
11/06/2015 09:30	16.63	34.53	41.94	37.87	32.74	4	0
11/06/2015 09:35	20.01	32.34	43.83	35.9	33.02	4	0
11/06/2015 09:40	17.11	33.75	42.12	37.06	32.51	4	0
11/06/2015 09:45	16.6	35.85	39.48	37.58	32.38	4	0
11/06/2015 09:50	17.37	29.98	41.27	31.37	30	4	0
11/06/2015 09:55	16.05	33.02	43.18	36.78	32.26	4	0
11/06/2015 10:00	15.7	36.71	39.63	35.13	31.79	4	0
11/06/2015 10:05	16.79	28.56	38.43	32.73	29.13	4	0
11/06/2015 10:10	18.36	28.38	40.36	33.18	30.07	4	0
11/06/2015 10:15	15.91	27.66	28.97	30.31	25.71	4	0
11/06/2015 10:20	18.04	29.63	33.27	42.55	30.87	4	0
11/06/2015 10:25	26.83	43.91	45.08	45.38	40.3	4	0
11/06/2015 10:30	17.52	32.42	36.35	42.29	32.15	4	0
11/06/2015 10:35	18.44	39.98	44.36	34.78	34.39	4	0
11/06/2015 10:40	16.34	32.98	42.97	39.05	32.84	4	0
11/06/2015 10:45	17.56	34.56	40.13	33.74	31.5	4	0
11/06/2015 10:50	15.55	32.7	39.89	36.59	31.18	4	0
11/06/2015 10:55	15.43	32.41	34.23	31.1	28.29	4	0
11/06/2015 11:00	16.21	35.35	32.63	43.37	31.89	4	0
11/06/2015 11:05	15.34	20.04	24.21	21.42	20.25	4	0
11/06/2015 11:10	19.56	31.72	38.6	34.36	31.06	4	0
11/06/2015 11:15	17.7	37.21	38.44	43.49	34.21	4	0
11/06/2015 11:20	16.75	28.91	38.42	33.37	29.36	4	0
11/06/2015 11:25	15.71	26.59	32.99	31.39	26.67	4	0
11/06/2015 11:30	16.88	26.92	34.23	29.19	26.81	4	0
11/06/2015 11:35	16.77	24.9	40.37	37.71	29.94	4	0
11/06/2015 11:40	15.8	26.87	26.66	33.82	25.79	4	0
11/06/2015 11:45	17.84	38.47	39.39	30.34	31.51	4	0
11/06/2015 11:50	21.11	19.44	23.92	24.67	22.28	4	0
11/06/2015 11:55	16.7	21.62	21.86	27.12	21.82	4	0
11/06/2015 12:00	16.83	20.25	22.63	31.78	22.87	4	0
11/06/2015 12:05	13.82	23.52	22.6	26.79	21.68	4	0
11/06/2015 12:10	12.39	14.33	16.65	16.87	15.06	4	0
11/06/2015 12:15	12.48	14.22	17.44	16.48	15.16	4	0
11/06/2015 12:20	12.07	14.48	17.17	16.1	14.96	4	0
11/06/2015 12:25	12.29	14.79	18.03	16.74	15.46	4	0
11/06/2015 12:30	11.63	14.13	16.07	17.39	14.81	4	0
11/06/2015 12:35	14.7	17.46	24	20.51	19.17	4	0
11/06/2015 12:40	13.82	15.01	18.17	19.02	16.51	4	0
11/06/2015 12:45	13.83	14.6	17.4	16.98	15.7	4	0
11/06/2015 12:50	13.02	15.31	15.95	18.26	15.63	4	0
11/06/2015 12:55	13.06	13.76	18.16	16.36	15.33	4	0
11/06/2015 13:00	12.37	13.71	16.79	15.92	14.7	4	0
11/06/2015 13:05	11.04	13.42	16.82	16.14	14.36	4	0
11/06/2015 13:10	10.64	11.9	15.4	14.61	13.14	4	0
11/06/2015 13:15	12.29	12.09	13.82	13.78	13	4	0
11/06/2015 13:20	12.99	14.39	16.73	15.34	14.86	4	0
11/06/2015 13:25	13.04	21.43	18.37	17.77	17.65	4	0
11/06/2015 13:30	13.39	15	18.39	16.11	15.72	4	0
11/06/2015 13:35	15.89	22.29	26.98	24.25	22.35	4	0
11/06/2015 13:40	14.65	21.39	25.65	23.75	21.36	4	0
11/06/2015 13:45	13.13	13.91	17.75	17.49	15.57	4	0
11/06/2015 13:50	12.45	14.25	16.13	16.48	14.83	4	0
11/06/2015 13:55	11.91	12.46	15.46	17.73	14.39	4	0
11/06/2015 14:00	11.48	13.25	15.52	14.82	13.77	4	0
11/06/2015 14:05	11.3	14.24	16.54	16.5	14.64	4	0
11/06/2015 14:10	11.39	14.24	16.54	18.33	15.12	4	0
11/06/2015 14:15	11.09	13.37	17.2	17.13	14.7	4	0
11/06/2015 14:20	12.1	12.94	14.81	18.01	14.47	4	0
11/06/2015 14:25	10.7	29.46	28.47	29.9	24.63	4	0
11/06/2015 14:30	10.79	20.14	22.57	28.18	20.42	4	0
11/06/2015 14:35	12.04	29.36	28.26	31.4	25.27	4	0
11/06/2015 14:40	10.87	13.26	15.46	15.29	13.72	4	0
11/06/2015 14:45	10.37	15.17	17	21.86	16.1	4	0
11/06/2015 14:50	10.39	18.48	25.5	24.75	19.78	4	0
11/06/2015 14:55	10.52	14.92	19.93	19.99	16.34	4	0
11/06/2015 15:00	7.5	10.57	12.48	12.63	10.79	4	0
11/06/2015 15:05	7.46	10.33	11.84	13.17	10.7	4	0
11/06/2015 15:10	8.08	10.68	14	13.68	11.61	4	0
11/06/2015 15:15	7.36	11.86	11.13	13.82	11.04	4	0
11/06/2015 15:20	7.96	11.14	12.9	14.66	11.67	4	0
11/06/2015 15:25	6.68	10.1	11.8	13.7	10.57	4	0
11/06/2015 15:30	8.05	12.04	12.43	15.14	11.92	4	0
11/06/2015 15:35	8.35	12.87	12.96	15.29	12.37	4	0
11/06/2015 15:40	8.06	12.34	14.12	16.17	12.67	4	0
11/06/2015 15:45	8.27	12.55	12.61	13.7	11.78	4	0
11/06/2015 15:50	8.18	12.72	13.9	15.79	12.65	4	0
11/06/2015 15:55	7.92	10.83	11.73	15.15	11.41	4	0
11/06/2015 16:00	7.68	13.16	13.94	15.7	12.62	4	0
11/06/2015 16:05	7.92	11.09	11.95	14.35	11.33	4	0
11/06/2015 16:10	8.27	12.94	15.99	14.76	12.99	4	0
11/06/2015 16:15	7.48	11.67	14.06	15.02	12.06	4	0
11/06/2015 16:20	7.93	12.06	13.57	15.85	12.35	4	0
11/06/2015 16:25	6.01	10.38	11.34	13.24	10.24	4	0
11/06/2015 16:30	7.85	11.06	12.73	14.05	11.42	4	0
11/06/2015 16:35	6.91	11.11	12.22	14.21	11.11	4	0
11/06/2015 16:40	8.29	10.82	11.86	13.15	11.03	4	0
11/06/2015 16:45	7.25	10.38	11.33	13.01	10.49	4	0
11/06/2015 16:50	6.39	11.06	11.16	13.06	10.42	4	0
11/06/2015 16:55	7.38	10.81	12.9	14.61	11.43	4	0
11/06/2015 17:00	7.79	11.8	13.02	15.83	12.11	4	0
11/06/2015 17:05	6.11	9.96	12.13	12.78	10.25	4	0
11/06/2015 17:10	7.82	11.37	12.23	14.21	11.41	4	0
11/06/2015 17:15	7.02	11.31	12.81	13.68	11.21	4	0
11/06/2015 17:20	8.53	13.29	14.14	16.33	13.07	4	0
11/06/2015 17:25	7.43	11.7	12.79	16.33	12.06	4	0
11/06/2015 17:30	8.29	11.18	13.15	15.42	12.01	4	0
11/06/2015 17:35	7.63	11.17	11.48	13.45	10.93	4	0
11/06/2015 17:40	7.71	12.7	13.3	15.42	12.28	4	0
11/06/2015 17:45	8.24	12.58	13.74	15.27	12.46	4	0
11/06/2015 17:50	7.69	12.93	15.24	15.7	12.89	4	0
11/06/2015 17:55	9.49	12.77	14.88	14.94	13.02	4	0
11/06/2015 18:00	8.79	11.89	12.8	14.14	11.9	4	0
11/06/2015 18:05	9.6	12.1	13.87	16.56	13.03	4	0
11/06/2015 18:10	9.27	10.82	13	13.07	11.54	4	0
11/06/2015 18:15	8.91	12.54	14.08	15.63	12.79	4	0
11/06/2015 18:20	8.72	13.79	16.24	15.33	13.52	4	0
11/06/2015 18:25	9.77	13.83	14.44	16.83	13.72	4	0
11/06/2015 18:30	9.8	11.9	15.06	15.54	13.08	4	0
11/06/2015 18:35	10.53	12.18	14.96	14.87	13.14	4	0
11/06/2015 18:40	10.16	12.36	15.62	15.29	13.36	4	0
11/06/2015 18:45	10.31	12.14	14.3	16.85	13.4	4	0
11/06/2015 18:50	8.98	12.95	13.48	15.76	12.79	4	0
11/06/2015 18:55	9.84	14.54	16.49	17.55	14.61	4	0
11/06/2015 19:00	9.31	13.56	15.03	16.21	13.53	4	0
11/06/2015 19:05	10.2	13.32	15.86	18.22	14.4	4	0
11/06/2015 19:10	11.93	14.1	16.26	16.38	14.67	4	0
11/06/2015 19:15	11.26	12.63	17.2	16.25	14.34	4	0
11/06/2015 19:20	9.7	25.25	15.94	18.42	17.33	4	0
11/06/2015 19:25	11.22	13.46	14.77	16.45	13.97	4	0
11/06/2015 19:30	9.56	12.83	14.28	15.12	12.95	4	0
11/06/2015 19:35	9.87	13.29	15.37	18.02	14.14	4	0
11/06/2015 19:40	10.28	15.11	16.77	18.79	15.24	4	0
11/06/2015 19:45	9.59	11.93	11.98	14.99	12.12	4	0
11/06/2015 19:50	7.73	12.71	13.83	15.61	12.47	4	0
11/06/2015 19:55	10.25	13.33	14.97	18.55	14.27	4	0
11/06/2015 20:00	8.79	12.75	14.23	16.54	13.08	4	0
11/06/2015 20:05	5.7	10.68	11.3	12.75	10.11	4	0
11/06/2015 20:10	5.7	9.64	11.21	12.73	9.82	4	0
11/06/2015 20:15	5.14	9.75	9.77	12.3	9.24	4	0
11/06/2015 20:20	5.8	10.01	9.89	10.45	9.04	4	0
11/06/2015 20:25	6.72	9.48	11.4	12.99	10.15	4	0
11/06/2015 20:30	6.42	12.39	13.2	16.17	12.05	4	0
11/06/2015 20:35	6.69	9.95	11.91	14.01	10.64	4	0
11/06/2015 20:40	5.21	9.46	10.75	12.47	9.47	4	0
11/06/2015 20:45	3.91	8.75	10.05	12.13	8.71	4	0
11/06/2015 20:50	6.03	8.79	10.21	12.61	9.41	4	0
11/06/2015 20:55	4.51	8.2	9.86	11.67	8.56	4	0
11/06/2015 21:00	5.48	9.41	10.19	11.35	9.11	4	0
11/06/2015 21:05	4.26	9.16	9.92	12.51	8.96	4	0
11/06/2015 21:10	4.37	9.04	10.15	11.86	8.86	4	0
11/06/2015 21:15	4.21	9.1	9.26	11.14	8.43	4	0
11/06/2015 21:20	4.49	8.75	9.93	12.35	8.88	4	0
11/06/2015 21:25	4.43	8.16	9.54	11.48	8.4	4	0
11/06/2015 21:30	3.94	9.29	10.04	10.43	8.43	4	0
11/06/2015 21:35	4.06	8.64	9.04	11.99	8.43	4	0
11/06/2015 21:40	4.11	8.47	8.76	11.98	8.33	4	0
11/06/2015 21:45	4.2	9.38	10.62	11.43	8.91	4	0
11/06/2015 21:50	4.08	9.67	9.78	11.64	8.79	4	0
11/06/2015 21:55	3.89	9.05	9.86	10.33	8.28	4	0
11/06/2015 22:00	3.5	8.38	7.99	9.97	7.46	4	0
11/06/2015 22:05	4.32	8.59	9.85	9.82	8.14	4	0
11/06/2015 22:10	3.42	8.55	9.45	9.96	7.84	4	0
11/06/2015 22:15	3.55	8.79	8.75	10.41	7.88	4	0
11/06/2015 22:20	4.73	8.21	10.48	11.25	8.67	4	0
11/06/2015 22:25	3.53	7.72	8.76	9.81	7.46	4	0
11/06/2015 22:30	3.31	7.93	8.4	9.48	7.28	4	0
11/06/2015 22:35	3.45	7.68	9.64	10.1	7.72	4	0
11/06/2015 22:40	2.6	7.95	11.36	11.62	8.38	4	0
11/06/2015 22:45	3.04	8.14	8.46	8.44	7.02	4	0
11/06/2015 22:50	3.15	7.71	8.91	9.59	7.34	4	0
11/06/2015 22:55	2.43	6.9	6.74	8.25	6.08	4	0
11/06/2015 23:00	2.05	7.13	7.71	8.48	6.34	4	0
11/06/2015 23:05	2.92	6.4	7.61	8.43	6.34	4	0
11/06/2015 23:10	2.29	6	7.64	6.71	5.66	4	0
11/06/2015 23:15	2.55	7.02	8.88	8.43	6.72	4	0
11/06/2015 23:20	1.84	6.89	7.05	7.43	5.8	4	0
11/06/2015 23:25	1.82	6	6.91	6.87	5.4	4	0
11/06/2015 23:30	2.1	6.41	6.46	7.36	5.58	4	0
11/06/2015 23:35	1.53	6.41	6.73	7.55	5.56	4	0
11/06/2015 23:40	2.21	5.7	6.94	8.08	5.73	4	0
11/06/2015 23:45	2.46	6.65	6.85	8.03	6	4	0
11/06/2015 23:50	2.02	5.47	6.65	6.58	5.18	4	0
11/06/2015 23:55	1.91	4.85	5.79	6.48	4.76	4	0
11/07/2015 00:00	.94	4.19	3.81	4.4	3.34	4	100
11/07/2015 00:05	.71	3.65	4.13	3.39	2.97	4	100
11/07/2015 00:10	.9	4.04	4.09	3.79	3.2	4	100
11/07/2015 00:15	.28	3.19	4.02	3.3	2.7	4	100
11/07/2015 00:20	.21	3.58	4	3.04	2.71	4	100
11/07/2015 00:25	.55	3.84	3.2	3.02	2.65	4	100
11/07/2015 00:30	.56	2.8	3.01	3.2	2.39	4	100
11/07/2015 00:35	.23	2.64	3.3	2.67	2.21	4	100
11/07/2015 00:40	.09	2.29	2.99	2.03	1.85	4	100
11/07/2015 00:45	.63	2.24	2.2	2.18	1.81	4	100
11/07/2015 00:50	.34	3.16	4.11	3.05	2.67	4	100
11/07/2015 00:55	.54	4.05	3.95	3.96	3.12	4	100
11/07/2015 01:00	1.45	2.25	2.34	2.13	2.04	4	0
11/07/2015 01:05	1.45	2.25	2.34	2.13	2.04	4	0
11/07/2015 01:10	0	1.61	1.72	0	.83	4	100
11/07/2015 01:15	.29	3.57	3.05	3	2.48	4	100
11/07/2015 01:20	.24	2.59	2.85	1.57	1.81	4	100
11/07/2015 01:25	.2	2.38	3.21	1.82	1.9	4	100
11/07/2015 01:30	.19	2.37	2.08	2.09	1.68	4	100
11/07/2015 01:35	.24	2.49	3.15	2.41	2.07	4	100
11/07/2015 01:40	0	2.47	3.32	2.03	1.95	4	100
11/07/2015 01:45	.13	2.97	2.53	2.08	1.93	4	100
11/07/2015 01:50	.12	2.28	3.2	1.87	1.87	4	100
11/07/2015 01:55	0	2.68	2.98	1.63	1.82	4	100
11/07/2015 02:00	.18	1.9	2.6	1.02	1.42	4	100
11/07/2015 02:05	0	2.55	3.02	1.6	1.79	4	100
11/07/2015 02:10	.43	2.12	2.6	3.07	2.06	4	100
11/07/2015 02:15	0	2.1	2.53	1.94	1.64	4	100
11/07/2015 02:20	.12	1.81	1.6	.79	1.08	4	100
11/07/2015 02:25	.36	2.5	3.45	2.42	2.18	4	100
11/07/2015 02:30	0	2.67	1.54	1.46	1.42	4	100
11/07/2015 02:35	0	1.48	1.41	1.26	1.04	4	100
11/07/2015 02:40	0	2.08	2.59	1.4	1.52	4	100
11/07/2015 02:45	.27	1.67	2.46	1.59	1.5	4	100
11/07/2015 02:50	0	2.07	3.79	1.49	1.84	4	100
11/07/2015 02:55	.13	1.78	1.51	1.07	1.12	4	100
11/07/2015 03:00	0	1.96	3.25	1.23	1.61	4	100
11/07/2015 03:05	.21	1.59	3.06	1.55	1.6	4	100
11/07/2015 03:10	0	1.02	2.04	.79	.96	4	100
11/07/2015 03:15	0	1.14	2.39	1.73	1.31	4	100
11/07/2015 03:20	.32	1.93	2.06	1.68	1.5	4	100
11/07/2015 03:25	.07	2.61	2.35	1.38	1.6	4	100
11/07/2015 03:30	.22	1.59	1.42	1.42	1.16	4	100
11/07/2015 03:35	.1	1.69	3.7	1.53	1.75	4	100
11/07/2015 03:40	.42	2.82	2.95	2.52	2.18	4	100
11/07/2015 03:45	0	1.83	1.68	1.6	1.28	4	100
11/07/2015 03:50	.12	1.38	1.52	1.14	1.04	4	100
11/07/2015 03:55	.1	2.11	2.16	1.8	1.54	4	100
11/07/2015 04:00	.39	2.05	2.19	1.45	1.52	4	100
11/07/2015 04:05	.49	2.25	2.2	1.92	1.71	4	100
11/07/2015 04:10	.25	2.75	3.95	2.28	2.31	4	100
11/07/2015 04:15	.25	2.33	3.38	2.23	2.05	4	100
11/07/2015 04:20	.1	2.98	4.36	3.01	2.61	4	100
11/07/2015 04:25	.33	2.38	2.74	1.59	1.76	4	100
11/07/2015 04:30	.47	3.42	3.24	3.04	2.54	4	100
11/07/2015 04:35	.58	3.89	3.58	3.54	2.9	4	100
11/07/2015 04:40	.77	2.52	3.45	2.52	2.32	4	100
11/07/2015 04:45	.54	3.14	4.14	3.72	2.88	4	100
11/07/2015 04:50	.69	3.71	3.77	3.29	2.86	4	100
11/07/2015 04:55	.56	3.53	4.74	3.33	3.04	4	100
11/07/2015 05:00	1.11	2.48	2.29	2.32	2.05	4	100
11/07/2015 05:05	.95	3.06	3.52	3.14	2.67	4	100
11/07/2015 05:10	.51	3.32	3.82	4.46	3.03	4	100
11/07/2015 05:15	.63	3.97	4.56	4.2	3.34	4	100
11/07/2015 05:20	1.55	4.54	4.98	5.19	4.06	4	100
11/07/2015 05:25	1.23	5.1	5.1	4.71	4.03	4	100
11/07/2015 05:30	1.19	5.43	5.39	4.51	4.13	4	100
11/07/2015 05:35	1.92	5.87	6.15	7.45	5.35	4	100
11/07/2015 05:40	2.34	6.31	5.65	6.78	5.27	4	100
11/07/2015 05:45	1.22	5.54	5.69	6.73	4.79	4	100
11/07/2015 05:50	2.13	6.5	5.36	7.12	5.28	4	100
11/07/2015 05:55	2.25	5.13	6.62	7.17	5.29	4	100
11/07/2015 06:00	2.76	5.55	6.7	6.6	5.4	4	100
11/07/2015 06:05	2.86	6.87	6.56	7.37	5.91	4	100
11/07/2015 06:10	4.03	6.87	8.75	8.58	7.06	4	100
11/07/2015 06:15	3.48	8.3	8.31	9.1	7.3	4	100
11/07/2015 06:20	4.68	8.14	8.44	10.32	7.9	4	100
11/07/2015 06:25	3.46	6.82	7.51	7.79	6.4	4	100
11/07/2015 06:30	6.49	10.73	10.55	13.02	10.2	4	100
11/07/2015 06:35	6.07	8.66	10.45	12.34	9.38	4	100
11/07/2015 06:40	5.28	10	11.21	13.39	9.97	4	100
11/07/2015 06:45	7.02	10.73	11.54	27.74	14.26	4	100
11/07/2015 06:50	5.22	9.61	10.74	12.29	9.47	4	100
11/07/2015 06:55	7.49	11.92	15.04	14.57	12.26	4	100
11/07/2015 07:00	4.94	10.9	10.48	12.36	9.67	4	100
11/07/2015 07:05	5.88	10.1	10.66	13.59	10.06	4	100
11/07/2015 07:10	4.52	9.14	9.5	12.05	8.8	4	0
11/07/2015 07:15	6.99	9.68	9.83	13.74	10.06	4	0
11/07/2015 07:20	6.17	10.12	10.86	12.2	9.84	4	0
11/07/2015 07:25	9.4	12.8	13.67	14.66	12.63	4	100
11/07/2015 07:30	10.82	12.29	13.79	15.09	13	4	100
11/07/2015 07:35	11.6	12.66	14.45	15.06	13.44	4	100
11/07/2015 07:40	9.42	13.23	16.17	17.15	13.99	4	100
11/07/2015 07:45	13.07	15.27	17.16	19.67	16.29	4	100
11/07/2015 07:50	8.85	12.42	14.85	15.83	12.99	4	100
11/07/2015 07:55	11.98	14.34	15.38	17.44	14.78	4	100
11/07/2015 08:00	12.1	14.3	17.23	16.39	15.01	4	100
11/07/2015 08:05	9.42	13.17	14.9	18.13	13.91	4	100
11/07/2015 08:10	8.97	12.64	13.33	17.73	13.17	4	0
11/07/2015 08:15	9.84	12.52	14.31	16.62	13.32	4	0
11/07/2015 08:20	11.29	14.48	15.48	17.76	14.75	4	0
11/07/2015 08:25	10.94	13.84	14.69	17.17	14.16	4	0
11/07/2015 08:30	10.83	13.21	14.69	15.84	13.64	4	0
11/07/2015 08:35	11.32	13.97	15.9	16.02	14.3	4	0
11/07/2015 08:40	13.12	14.05	15.71	16.07	14.74	4	0
11/07/2015 08:45	12.69	14.17	15.59	17.37	14.95	4	0
11/07/2015 08:50	12.79	12.46	16.08	15.13	14.11	4	0
11/07/2015 08:55	12.74	13.58	15.94	16.31	14.64	4	0
11/07/2015 09:00	12.64	13.52	14.71	15.78	14.16	4	0
11/07/2015 09:05	12.48	14.11	15.89	15.15	14.41	4	0
11/07/2015 09:10	12.7	13.13	16.23	15.83	14.47	4	0
11/07/2015 09:15	12.8	13.45	15.93	15.38	14.39	4	0
11/07/2015 09:20	12.71	13.8	16.5	16.78	14.95	4	0
11/07/2015 09:25	11.26	13.73	15.12	15.05	13.79	4	100
11/07/2015 09:30	13.28	13.86	16	15.98	14.78	4	0
11/07/2015 09:35	13.09	13.74	15.49	15.8	14.53	4	0
11/07/2015 09:40	13.34	14.26	16.7	16.32	15.16	4	0
11/07/2015 09:45	13.43	14.35	16.16	16.99	15.23	4	0
11/07/2015 09:50	14.09	13.58	16.98	17.43	15.52	4	0
11/07/2015 09:55	13.1	13.77	16.34	16.64	14.96	4	0
11/07/2015 10:00	12.69	12.97	15.5	16.51	14.42	4	0
11/07/2015 10:05	13.57	14.06	16.06	16.96	15.16	4	0
11/07/2015 10:10	12.91	14.08	16.45	16.98	15.11	4	0
11/07/2015 10:15	12.08	14.27	16.85	16.56	14.94	4	100
11/07/2015 10:20	12.1	12.6	16.22	15.18	14.02	4	100
11/07/2015 10:25	13.11	14.27	16.46	16.18	15.01	4	100
11/07/2015 10:30	13.61	15.17	15.46	16.42	15.17	4	100
11/07/2015 10:35	14.02	15.46	17.51	17.16	16.04	4	100
11/07/2015 10:40	14.9	14.81	19.8	16.6	16.53	4	100
11/07/2015 10:45	16.42	23.94	30.31	26.67	24.34	4	100
11/07/2015 10:50	15.51	19.93	23.53	21.93	20.22	4	100
11/07/2015 10:55	14.32	14.23	16.37	16.11	15.26	4	100
11/07/2015 11:00	20.54	27.56	30.08	26.99	26.29	4	100
11/07/2015 11:05	23.32	23.19	21.93	25.29	23.43	4	100
11/07/2015 11:10	26.58	16.31	17.07	19.75	19.93	4	100
11/07/2015 11:15	13.73	12.77	16.13	17.94	15.14	4	100
11/07/2015 11:20	24.65	17.69	19.34	20.89	20.64	4	100
11/07/2015 11:25	24.76	21.24	22.33	26.64	23.74	4	100
11/07/2015 11:30	29.73	26.55	30.25	27.97	28.63	4	100
11/07/2015 11:35	19	21.39	25.7	25.32	22.85	4	100
11/07/2015 11:40	37.37	29.23	37.15	42.4	36.54	4	100
11/07/2015 11:45	16.09	19.88	23.23	19.18	19.6	4	100
11/07/2015 11:50	13.85	15.04	16.29	15.73	15.23	4	100
11/07/2015 11:55	18.32	20.63	18.86	25.04	20.71	4	100
11/07/2015 12:00	15.15	13.93	19.06	17.4	16.38	4	100
11/07/2015 12:05	27.51	31.84	34.1	35.97	32.36	4	100
11/07/2015 12:10	20.4	33.02	32.72	36.58	30.68	4	100
11/07/2015 12:15	21.14	27.64	35.82	29.97	28.64	4	100
11/07/2015 12:20	29.26	30.19	36.24	33.83	32.38	4	100
11/07/2015 12:25	18.13	28.06	27.9	29.21	25.82	4	100
11/07/2015 12:30	26.34	34.09	30.94	31.47	30.71	4	100
11/07/2015 12:35	18.82	28.18	29.94	38.5	28.86	4	100
11/07/2015 12:40	20.64	25.99	25.9	26.91	24.86	4	100
11/07/2015 12:45	16.52	28.02	34.33	28.5	26.84	4	100
11/07/2015 12:50	17.83	23.08	29.94	22.71	23.39	4	100
11/07/2015 12:55	19.54	22.46	31.41	25.95	24.84	4	100
11/07/2015 13:00	16.05	20.78	27.98	24.21	22.25	4	100
11/07/2015 13:05	22.25	23.04	27.17	24.79	24.31	4	100
11/07/2015 13:10	21.42	31.54	32.45	43.23	32.16	4	100
11/07/2015 13:15	26.21	30.42	32.84	37.71	31.8	4	100
11/07/2015 13:20	21.81	29.45	34.63	27.32	28.3	4	100
11/07/2015 13:25	21.16	33.42	36.73	36.51	31.96	4	100
11/07/2015 13:30	21.18	30.58	27.79	33.24	28.2	4	100
11/07/2015 13:35	26.74	19.89	18.77	27.27	23.17	4	100
11/07/2015 13:40	27.88	32.7	30.05	34.17	31.2	4	100
11/07/2015 13:45	20.62	22.94	24.25	31.52	24.83	4	100
11/07/2015 13:50	27.81	23.51	28.31	25.67	26.32	4	100
11/07/2015 13:55	21.52	28.57	36.8	30.4	29.32	4	100
11/07/2015 14:00	16.91	23.19	26.75	23.89	22.69	4	100
11/07/2015 14:05	19.55	26.95	38.81	27.16	28.12	4	100
11/07/2015 14:10	21.34	31.19	26.41	39.73	29.67	4	100
11/07/2015 14:15	29.61	28.8	40.74	33.47	33.16	4	100
11/07/2015 14:20	23.73	30.46	38.17	38.24	32.65	4	100
11/07/2015 14:25	34.43	40.83	44.88	40.21	40.09	4	100
11/07/2015 14:30	20.69	32.72	35.64	36.63	31.42	4	100
11/07/2015 14:35	16.85	22.38	32.37	22.87	23.62	4	100
11/07/2015 14:40	31.9	27.7	35.4	40.64	33.91	4	100
11/07/2015 14:45	18.21	27.8	34.23	30.13	27.59	4	100
11/07/2015 14:50	26.13	28.65	30.26	36.23	30.32	4	100
11/07/2015 14:55	30.74	34.07	37.63	39.1	35.38	4	100
11/07/2015 15:00	20.06	31.14	33.63	34.16	29.75	4	100
11/07/2015 15:05	19.66	27.32	28.76	34.65	27.6	4	100
11/07/2015 15:10	34.93	28.14	33.19	31.61	31.97	4	100
11/07/2015 15:15	28.59	27.92	36.19	27.74	30.11	4	100
11/07/2015 15:20	22.49	31.73	39.72	26.49	30.11	4	100
11/07/2015 15:25	30.79	32.09	31.94	37.51	33.08	4	100
11/07/2015 15:30	33.44	24.52	35.5	34.7	32.04	4	100
11/07/2015 15:35	16.55	27.98	29.64	27.33	25.38	4	100
11/07/2015 15:40	30.1	32.96	36.63	39.37	34.77	4	100
11/07/2015 15:45	16.86	16.02	19.61	20	18.12	4	100
11/07/2015 15:50	15.69	18.48	20.35	18.49	18.25	4	100
11/07/2015 15:55	27.43	25.14	32.25	38.08	30.73	4	100
11/07/2015 16:00	19.39	30.27	35.61	27.93	28.3	4	100
11/07/2015 16:05	22.5	21.5	25.44	27.28	24.18	4	100
11/07/2015 16:10	5.3	4.29	3.78	3.49	4.21	4	100
11/07/2015 16:15	13.57	12.59	16.01	17.8	14.99	4	100
11/07/2015 16:20	12.79	12.4	13.18	17.7	14.02	4	100
11/07/2015 16:25	12.53	13.48	14.87	15.36	14.06	4	100
11/07/2015 16:30	13.17	14.14	15.49	16.96	14.94	4	100
11/07/2015 16:35	24.3	23.39	31.39	38.57	29.41	4	100
11/07/2015 16:40	35	33.13	37.96	36.82	35.73	4	100
11/07/2015 16:45	18.46	22.1	23.23	27.92	22.93	4	100
11/07/2015 16:50	22.24	20.89	19.19	29.57	22.97	4	100
11/07/2015 16:55	24.92	28.25	27.47	33.69	28.58	4	100
11/07/2015 17:00	25.44	32.56	42.89	43.9	36.2	4	100
11/07/2015 17:05	17.5	20.81	26.82	24.45	22.39	4	100
11/07/2015 17:10	16.43	19.67	21.4	20.93	19.61	4	100
11/07/2015 17:15	14.59	20.92	22.32	21.65	19.87	4	100
11/07/2015 17:20	14.79	16.94	17.76	18.23	16.93	4	100
11/07/2015 17:25	20.75	27.29	31.75	30.17	27.49	4	100
11/07/2015 17:30	18.67	24.53	37.24	31.37	27.95	4	100
11/07/2015 17:35	16.02	26.94	32.86	39.96	28.94	4	100
11/07/2015 17:40	15.7	18.32	23.86	20.33	19.55	4	100
11/07/2015 17:45	8.18	8.4	10.4	9.61	9.15	4	100
11/07/2015 17:50	7.7	8.09	9.67	8.8	8.57	4	100
11/07/2015 17:55	7.18	7.07	7.79	8.38	7.61	4	100
11/07/2015 18:00	12.06	13.32	12.98	15.14	13.38	4	100
11/07/2015 18:05	11.98	12.59	15.62	15.95	14.04	4	100
11/07/2015 18:10	12.7	14.89	16.71	16.65	15.24	4	100
11/07/2015 18:15	12.24	26.89	17.43	18.87	18.86	4	100
11/07/2015 18:20	12.17	14.3	14.34	17.95	14.69	4	100
11/07/2015 18:25	10.9	11.08	13.72	13.96	12.41	4	100
11/07/2015 18:30	11.45	12.17	14.92	15.17	13.43	4	100
11/07/2015 18:35	11.29	13.97	13.75	15.04	13.51	4	100
11/07/2015 18:40	12.2	13.48	13.91	16.16	13.94	4	100
11/07/2015 18:45	14.3	14.11	14.68	16.81	14.98	4	100
11/07/2015 18:50	13.11	14.72	17.81	16.39	15.51	4	100
11/07/2015 18:55	13.1	14.2	15.17	18.26	15.18	4	100
11/07/2015 19:00	15	14.85	15.72	18.18	15.94	4	100
11/07/2015 19:05	12.97	13.85	14.78	16	14.4	4	100
11/07/2015 19:10	12	13.7	17.41	17.64	15.19	4	100
11/07/2015 19:15	14.78	14.3	16.06	16.49	15.41	4	100
11/07/2015 19:20	12.85	13.45	16.73	15.71	14.69	4	100
11/07/2015 19:25	12.42	14.37	15.2	18.3	15.07	4	100
11/07/2015 19:30	8.92	12.66	13.5	15.74	12.7	4	100
11/07/2015 19:35	8.74	12.56	12.2	15.16	12.16	4	100
11/07/2015 19:40	7.94	11.26	13.38	14.98	11.89	4	100
11/07/2015 19:45	7.87	12.38	13.39	14.67	12.08	4	100
11/07/2015 19:50	5.33	9.86	10.6	12.67	9.61	4	100
11/07/2015 19:55	6.21	10.07	11.51	12.09	9.97	4	100
11/07/2015 20:00	4.21	7.76	10.87	11.51	8.59	4	100
11/07/2015 20:05	3.15	9.48	9.17	10.99	8.2	4	100
11/07/2015 20:10	5.28	8.72	9.18	10.02	8.3	4	100
11/07/2015 20:15	5.75	8.97	11.17	11.39	9.32	4	100
11/07/2015 20:20	5.34	8.66	8.76	10.62	8.35	4	100
11/07/2015 20:25	4.98	9.71	9.99	12.02	9.17	4	100
11/07/2015 20:30	4.76	7.24	9.39	8.84	7.56	4	100
11/07/2015 20:35	5.29	9.35	9.87	11.02	8.88	4	100
11/07/2015 20:40	4.11	8.13	8.21	10.99	7.86	4	100
11/07/2015 20:45	4.91	8.99	10.23	11.62	8.94	4	100
11/07/2015 20:50	3.99	8.56	10.71	10.69	8.49	4	100
11/07/2015 20:55	4.04	8.87	7.74	11.64	8.07	4	100
11/07/2015 21:00	4.03	7.73	8.47	9.14	7.34	4	100
11/07/2015 21:05	7.03	9.71	11.04	10.98	9.69	4	100
11/07/2015 21:10	3.75	7.56	9.19	8.73	7.31	4	100
11/07/2015 21:15	4.64	7.9	8.22	11.67	8.11	4	100
11/07/2015 21:20	4.45	9.11	8.34	10.1	8	4	100
11/07/2015 21:25	3.04	7.9	10.53	10.17	7.91	4	100
11/07/2015 21:30	3.77	8.44	8.77	11.85	8.21	4	100
11/07/2015 21:35	2.44	7.74	10.13	8.88	7.3	4	100
11/07/2015 21:40	5.15	7.93	8.96	10.1	8.04	4	100
11/07/2015 21:45	3.37	7.7	9.27	9.3	7.41	4	100
11/07/2015 21:50	4.51	9.09	11.02	11.52	9.04	4	100
11/07/2015 21:55	4.64	8.62	9.24	9.57	8.02	4	100
11/07/2015 22:00	3.75	7.56	8.51	10.17	7.5	4	100
11/07/2015 22:05	4.41	7.74	8.48	8.05	7.17	4	100
11/07/2015 22:10	4.54	8.38	8.28	10.28	7.87	4	100
11/07/2015 22:15	4.04	9.4	8.98	10.79	8.3	4	100
11/07/2015 22:20	4.56	9.45	9.36	9.58	8.24	4	100
11/07/2015 22:25	2.45	8.71	9.82	9.92	7.72	4	100
11/07/2015 22:30	3.75	7.08	7.53	8.39	6.69	4	100
11/07/2015 22:35	3.33	7.44	9.33	10.42	7.63	4	100
11/07/2015 22:40	2.67	7.64	8.98	9.67	7.24	4	100
11/07/2015 22:45	3.02	7.6	8.32	8.06	6.75	4	100
11/07/2015 22:50	4.37	8.15	8.51	9.44	7.62	4	100
11/07/2015 22:55	1.6	6	7.54	6.69	5.46	4	100
11/07/2015 23:00	3.17	7.1	6.75	8.97	6.5	4	100
11/07/2015 23:05	2.55	6.81	6.64	7.49	5.87	4	100
11/07/2015 23:10	1.55	7.24	7.42	8.12	6.08	4	100
11/07/2015 23:15	2.06	6.33	6.71	7.12	5.56	4	100
11/07/2015 23:20	1.99	7.1	6.48	8.43	6	4	100
11/07/2015 23:25	1.46	6.12	7.75	6.44	5.44	4	100
11/07/2015 23:30	2.04	5.94	5.17	6.31	4.86	4	100
11/07/2015 23:35	2.15	5.61	8.1	6.92	5.7	4	100
11/07/2015 23:40	1.61	5.61	5.67	4.69	4.4	4	100
11/07/2015 23:45	.8	5.62	6.24	5.74	4.6	4	100
11/07/2015 23:50	.47	4.83	5.8	5.96	4.27	4	100
11/07/2015 23:55	.77	5.24	6.14	5.22	4.34	4	100
11/08/2015 00:00	1.55	5.23	6.22	6.15	4.79	4	100
11/08/2015 00:05	1.41	4.49	5.86	4.46	4.06	4	100
11/08/2015 00:10	.85	4.44	5.69	4.95	3.98	4	100
11/08/2015 00:15	.81	4.2	5.49	4.3	3.7	4	100
11/08/2015 00:20	.38	4.32	4.61	5.2	3.63	4	100
11/08/2015 00:25	.64	4.45	4.33	4.04	3.36	4	100
11/08/2015 00:30	.59	4.78	4.6	3.55	3.38	4	100
11/08/2015 00:35	.67	4.4	5.22	4.57	3.71	4	100
11/08/2015 00:40	.3	4.64	5.24	3.83	3.5	4	100
11/08/2015 00:45	.23	3.91	3.26	2.81	2.55	4	100
11/08/2015 00:50	.94	3.81	3.68	2.58	2.75	4	100
11/08/2015 00:55	.62	3.68	4.14	3.61	3.01	4	100
11/08/2015 01:00	1.49	2.31	2.41	2.19	2.1	4	0
11/08/2015 01:05	1.62	2.51	2.61	2.38	2.28	4	0
11/08/2015 01:10	.61	3.22	1.61	1.5	1.74	4	100
11/08/2015 01:15	.61	3.16	3.07	2.79	2.41	4	100
11/08/2015 01:20	.21	3.23	2.6	2.52	2.14	4	100
11/08/2015 01:25	.09	3.51	3.31	2.04	2.24	4	100
11/08/2015 01:30	.1	2.63	3.41	2.64	2.19	4	100
11/08/2015 01:35	.09	2.79	3.36	16.17	5.6	4	100
11/08/2015 01:40	.18	2.96	3.68	3.38	2.55	4	100
11/08/2015 01:45	.56	3.41	3.53	2.96	2.61	4	100
11/08/2015 01:50	.17	2.25	2.47	1.85	1.69	4	100
11/08/2015 01:55	.09	2.89	3.36	1.79	2.03	4	100
11/08/2015 02:00	.06	2.16	2.7	2.26	1.8	4	100
11/08/2015 02:05	.29	2.46	3.7	2.13	2.15	4	100
11/08/2015 02:10	.62	2.29	1.9	2.33	1.79	4	100
11/08/2015 02:15	0	2.64	3.02	1.86	1.88	4	100
11/08/2015 02:20	.16	2.41	2.68	2.2	1.86	4	100
11/08/2015 02:25	.19	2.24	2.59	2.3	1.83	4	100
11/08/2015 02:30	.17	2.16	2.12	1.69	1.53	4	100
11/08/2015 02:35	0	1.72	1.9	1.44	1.26	4	100
11/08/2015 02:40	.09	1.83	2.19	1.22	1.33	4	100
11/08/2015 02:45	.1	1.76	2.49	1.79	1.53	4	100
11/08/2015 02:50	.29	1.58	2.4	2.28	1.64	4	100
11/08/2015 02:55	.11	2.29	2.82	1.52	1.69	4	100
11/08/2015 03:00	.17	1.75	2.36	1.04	1.33	4	100
11/08/2015 03:05	.09	1.53	1.85	.84	1.08	4	100
11/08/2015 03:10	0	1.93	2.08	1.59	1.4	4	100
11/08/2015 03:15	.1	2.21	3.19	1.29	1.7	4	100
11/08/2015 03:20	.1	1.66	2.18	.97	1.23	4	100
11/08/2015 03:25	0	1.87	2.54	1.47	1.47	4	100
11/08/2015 03:30	.19	1.48	2.52	1.26	1.36	4	100
11/08/2015 03:35	0	2.14	2.54	1.05	1.43	4	100
11/08/2015 03:40	.25	2.11	2.05	1.57	1.49	4	100
11/08/2015 03:45	.1	2.32	1.91	1.35	1.42	4	100
11/08/2015 03:50	.22	2.01	2.73	1.28	1.56	4	100
11/08/2015 03:55	.1	2.19	1.88	1.18	1.34	4	100
11/08/2015 04:00	.17	2.52	3.44	1.14	1.82	4	100
11/08/2015 04:05	0	1.59	1.62	.86	1.02	4	100
11/08/2015 04:10	0	1.96	1.71	1.06	1.18	4	100
11/08/2015 04:15	.23	2.4	2.61	2.06	1.83	4	100
11/08/2015 04:20	.29	1.41	2.99	1.48	1.54	4	100
11/08/2015 04:25	.29	1.9	2.67	1.94	1.7	4	100
11/08/2015 04:30	.52	1.91	2.7	1.99	1.78	4	100
11/08/2015 04:35	.3	2.87	3.38	2.68	2.31	4	100
11/08/2015 04:40	.59	2.79	1.77	2.22	1.84	4	100
11/08/2015 04:45	.58	2.98	3.64	2.91	2.53	4	100
11/08/2015 04:50	.53	2.46	3.05	2.11	2.04	4	100
11/08/2015 04:55	.4	2	2.03	1.25	1.42	4	100
11/08/2015 05:00	.17	2.63	2.14	1.95	1.72	4	100
11/08/2015 05:05	.33	2.55	3.06	3.44	2.34	4	100
11/08/2015 05:10	.86	3.01	2.8	2.17	2.21	4	100
11/08/2015 05:15	.39	2.4	2.5	3.73	2.26	4	100
11/08/2015 05:20	1.09	3.06	3.86	3.81	2.95	4	100
11/08/2015 05:25	1.26	4.14	4.92	3.93	3.56	4	100
11/08/2015 05:30	.99	3.98	3.83	4.8	3.4	4	100
11/08/2015 05:35	1.3	3.42	3.85	4.68	3.31	4	100
11/08/2015 05:40	.75	4.42	4.2	3.83	3.3	4	100
11/08/2015 05:45	.83	4.76	4.79	5.69	4.02	4	100
11/08/2015 05:50	.67	3.36	4.71	4	3.19	4	100
11/08/2015 05:55	1.13	4.28	4.62	4.58	3.65	4	100
11/08/2015 06:00	.5	3.95	3.47	3.58	2.87	4	100
11/08/2015 06:05	.47	3.84	4.21	4.97	3.37	4	100
11/08/2015 06:10	1.77	4.12	4.65	4.12	3.67	4	100
11/08/2015 06:15	1.2	4.37	4.65	4.88	3.77	4	100
11/08/2015 06:20	2.26	5.22	6.11	6.94	5.13	4	100
11/08/2015 06:25	1.98	5.72	5.99	5.59	4.82	4	100
11/08/2015 06:30	1.43	4.87	5.83	6.18	4.58	4	100
11/08/2015 06:35	3.41	6.51	6.41	6.94	5.82	4	100
11/08/2015 06:40	2.6	6.22	6.38	20.13	8.83	4	100
11/08/2015 06:45	2.38	7.27	5.94	7.48	5.77	4	100
11/08/2015 06:50	2.85	6.5	6.25	9.05	6.16	4	100
11/08/2015 06:55	2.47	5.59	6.08	7.74	5.47	4	100
11/08/2015 07:00	2.02	7.14	6.17	7.34	5.67	4	100
11/08/2015 07:05	1.72	6.46	5.94	6.73	5.21	4	100
11/08/2015 07:10	2.48	6.31	6.08	7.38	5.56	4	100
11/08/2015 07:15	3.17	7.03	7.33	7.66	6.3	4	100
11/08/2015 07:20	2.91	7.79	7.31	9.02	6.76	4	100
11/08/2015 07:25	1.76	6.7	6.64	7.69	5.7	4	100
11/08/2015 07:30	3.1	7.43	8.22	9.47	7.06	4	100
11/08/2015 07:35	2.6	7.86	9.88	10.38	7.68	4	100
11/08/2015 07:40	3.09	7.08	6.99	7.48	6.16	4	100
11/08/2015 07:45	3.72	7.72	7.91	10.25	7.4	4	100
11/08/2015 07:50	3.08	8.43	9.52	7.83	7.22	4	100
11/08/2015 07:55	3.5	7.56	7.94	9.32	7.08	4	100
11/08/2015 08:00	1.82	6.39	7.19	8.56	5.99	4	100
11/08/2015 08:05	3.68	7.09	7.22	9.16	6.79	4	100
11/08/2015 08:10	3.41	7.86	7.22	7.79	6.57	4	100
11/08/2015 08:15	5.66	9.8	9.06	10.37	8.72	4	100
11/08/2015 08:20	4.89	8.96	9.08	10.19	8.28	4	100
11/08/2015 08:25	5.52	9.13	10.83	11.37	9.21	4	100
11/08/2015 08:30	4.52	8.63	7.51	8.94	7.4	4	100
11/08/2015 08:35	5.56	10.29	9.8	12.72	9.59	4	100
11/08/2015 08:40	4.99	10.8	9.38	10.83	9	4	100
11/08/2015 08:45	7.3	11.01	10.59	14.05	10.74	4	100
11/08/2015 08:50	5.57	8.91	10.92	12.51	9.48	4	100
11/08/2015 08:55	5.81	9.87	10.28	11.06	9.25	4	100
11/08/2015 09:00	6.02	10.49	10.06	12.25	9.7	4	100
11/08/2015 09:05	5.93	9.44	9.57	12.59	9.38	4	100
11/08/2015 09:10	6.45	10.3	10.31	13.16	10.05	4	100
11/08/2015 09:15	7.68	10.01	9.82	11.77	9.82	4	100
11/08/2015 09:20	5.21	9.85	10.6	13.3	9.74	4	100
11/08/2015 09:25	8.02	12.17	12.08	14.91	11.79	4	100
11/08/2015 09:30	5.59	10.36	10.25	12.67	9.72	4	100
11/08/2015 09:35	8.43	12.32	12.21	13.94	11.72	4	100
11/08/2015 09:40	8.98	12.72	13.44	16.37	12.88	4	100
11/08/2015 09:45	9.64	12.08	12.29	15.13	12.29	4	100
11/08/2015 09:50	8.84	13.25	10.99	13.71	11.7	4	100
11/08/2015 09:55	7.99	12.36	12.36	13.83	11.64	4	100
11/08/2015 10:00	9.42	12.88	11.88	16.24	12.6	4	100
11/08/2015 10:05	8.53	10.36	11.88	16.02	11.7	4	100
11/08/2015 10:10	7.63	10.94	12.62	13.64	11.21	4	100
11/08/2015 10:15	9.17	12.33	13.59	14.99	12.52	4	100
11/08/2015 10:20	9.33	11.89	13.59	16.22	12.76	4	100
11/08/2015 10:25	9.18	10.58	11.61	14.4	11.44	4	100
11/08/2015 10:30	9.6	11.13	11.51	14.9	11.78	4	100
11/08/2015 10:35	9.26	13.29	12.73	15.94	12.8	4	100
11/08/2015 10:40	11.83	13.3	15.14	16.83	14.28	4	100
11/08/2015 10:45	11.87	12.44	14.05	16.57	13.73	4	100
11/08/2015 10:50	11.75	12.31	13.55	16.7	13.58	4	100
11/08/2015 10:55	11.94	12.91	13.06	16.36	13.57	4	100
11/08/2015 11:00	11.58	12	13.78	15.73	13.27	4	100
11/08/2015 11:05	10.11	11.9	24.7	14.56	15.32	4	100
11/08/2015 11:10	12.85	10.68	12.96	12.82	12.33	4	100
11/08/2015 11:15	12.83	15.25	16.17	19.32	15.89	4	100
11/08/2015 11:20	11.91	13.54	14.01	16.78	14.06	4	100
11/08/2015 11:25	11.86	13.52	14.21	16.47	14.01	4	100
11/08/2015 11:30	11.64	12.14	12.68	16.11	13.14	4	100
11/08/2015 11:35	11.24	12.02	14.51	16.72	13.62	4	100
11/08/2015 11:40	10.08	12.25	14.59	18.96	13.97	4	100
11/08/2015 11:45	10.66	13.25	14.26	17.88	14.01	4	100
11/08/2015 11:50	9.06	12.26	11.61	15.4	12.08	4	100
11/08/2015 11:55	10.93	13.59	16.96	16.93	14.6	4	100
11/08/2015 12:00	11.63	11.8	12.79	16.47	13.17	4	100
11/08/2015 12:05	11.79	12.41	15.08	15.19	13.62	4	100
11/08/2015 12:10	12.06	12.48	12.73	14.98	13.06	4	100
11/08/2015 12:15	11.4	11.95	13.8	15.53	13.17	4	100
11/08/2015 12:20	12.22	14.56	14.2	16.64	14.41	4	100
11/08/2015 12:25	10.79	12.09	13.51	16.25	13.16	4	100
11/08/2015 12:30	10.61	14.01	14.25	15.93	13.7	4	100
11/08/2015 12:35	11.19	12.53	13.11	17.11	13.48	4	100
11/08/2015 12:40	12.09	12.96	15.66	18.26	14.74	4	100
11/08/2015 12:45	12.54	12.24	13.94	14.91	13.41	4	100
11/08/2015 12:50	13.82	13.31	13.66	16.82	14.4	4	100
11/08/2015 12:55	10.39	11.79	14.88	13.79	12.71	4	100
11/08/2015 13:00	10.54	10.62	11.93	13.52	11.65	4	100
11/08/2015 13:05	12.07	13.19	13.33	15.86	13.61	4	100
11/08/2015 13:10	12.5	12.73	14.83	17.57	14.41	4	100
11/08/2015 13:15	12.01	13.23	14.53	15.07	13.71	4	100
11/08/2015 13:20	12.99	13.37	14.89	15.76	14.25	4	100
11/08/2015 13:25	12.79	13.55	16.42	15.77	14.63	4	100
11/08/2015 13:30	12.65	13.31	14.18	16.61	14.19	4	100
11/08/2015 13:35	11.88	12.08	13.54	15.62	13.28	4	100
11/08/2015 13:40	13.28	14.21	15.32	16.69	14.87	4	100
11/08/2015 13:45	11.12	13.56	13.67	15.45	13.45	4	100
11/08/2015 13:50	12.16	13.29	15.4	15.89	14.19	4	100
11/08/2015 13:55	11.67	13.57	14.15	16.31	13.92	4	100
11/08/2015 14:00	12.31	13.39	14.79	15.67	14.04	4	100
11/08/2015 14:05	10.75	11.93	12.75	14.04	12.37	4	100
11/08/2015 14:10	11.98	13.61	13.76	16.91	14.06	4	100
11/08/2015 14:15	11.15	12.46	12.84	14.4	12.71	4	100
11/08/2015 14:20	10.97	13.48	14.26	17.8	14.13	4	100
11/08/2015 14:25	12.38	12.88	16.19	17.98	14.86	4	100
11/08/2015 14:30	22.58	13.05	12.36	14.86	15.71	4	100
11/08/2015 14:35	13.35	12.19	12.71	15.8	13.51	4	100
11/08/2015 14:40	11.75	13.58	13.81	15.3	13.61	4	100
11/08/2015 14:45	11.96	12.78	13.14	16.53	13.6	4	100
11/08/2015 14:50	13.12	13.68	15.87	15.79	14.62	4	100
11/08/2015 14:55	12.68	14.14	15.5	17.37	14.92	4	100
11/08/2015 15:00	12.75	13.33	13.99	16.3	14.09	4	100
11/08/2015 15:05	13.17	14.43	13.99	18.01	14.9	4	100
11/08/2015 15:10	12.47	12.65	15.4	16.57	14.27	4	100
11/08/2015 15:15	12.28	11.61	15.59	15.19	13.67	4	100
11/08/2015 15:20	13.27	15.57	16.74	17.57	15.79	4	100
11/08/2015 15:25	12.52	12.67	14.61	16.37	14.04	4	100
11/08/2015 15:30	12.87	13.77	15.5	18.52	15.17	4	100
11/08/2015 15:35	12.12	12.9	15.94	15.36	14.08	4	100
11/08/2015 15:40	11.87	13.48	14.5	16.49	14.08	4	100
11/08/2015 15:45	12.27	13.45	15.74	15.11	14.14	4	100
11/08/2015 15:50	12.54	12.79	14.44	16.32	14.02	4	100
11/08/2015 15:55	12.27	14.44	15.23	15.79	14.43	4	100
11/08/2015 16:00	12.59	13.02	15.85	16.31	14.44	4	100
11/08/2015 16:05	12.8	14.9	16.2	15.94	14.96	4	100
11/08/2015 16:10	12.7	12.69	14.95	16.64	14.24	4	100
11/08/2015 16:15	13.72	15.8	17.66	17.11	16.07	4	100
11/08/2015 16:20	13.78	13.77	16.16	18.39	15.52	4	100
11/08/2015 16:25	13.8	13.55	16.09	16.39	14.96	4	100
11/08/2015 16:30	9.81	11.63	10.98	12.89	11.33	4	100
11/08/2015 16:35	12.8	13.43	14.61	15.38	14.06	4	100
11/08/2015 16:40	13.64	14.31	15.9	14.77	14.66	4	100
11/08/2015 16:45	13.05	13.18	16.96	15.72	14.73	4	100
11/08/2015 16:50	14.71	15.08	16.76	26.05	18.15	4	100
11/08/2015 16:55	11.41	12.43	13.97	14.74	13.14	4	100
11/08/2015 17:00	12.64	13.44	13.78	16	13.97	4	100
11/08/2015 17:05	12.52	11.46	12.67	14.81	12.87	4	100
11/08/2015 17:10	12.13	12.83	13.58	16.71	13.81	4	100
11/08/2015 17:15	14.49	13.85	14.05	16.68	14.77	4	100
11/08/2015 17:20	13.12	14.81	17.02	17.58	15.63	4	100
11/08/2015 17:25	12.91	13.58	15.49	14.06	14.01	4	100
11/08/2015 17:30	11.47	13.39	15.89	16.18	14.23	4	100
11/08/2015 17:35	12.1	14.09	16.12	16.4	14.68	4	100
11/08/2015 17:40	29.15	19.24	18.33	23.13	22.46	4	100
11/08/2015 17:45	18.51	18.22	21.5	28.45	21.67	4	100
11/08/2015 17:50	17.09	20.03	21.63	30.04	22.2	4	100
11/08/2015 17:55	14.48	16.52	19.56	21.3	17.97	4	100
11/08/2015 18:00	31.38	31.64	28.57	39.67	32.82	4	100
11/08/2015 18:05	29.23	25.78	31.14	37.76	30.98	4	100
11/08/2015 18:10	26.79	24.52	30.57	38.46	30.09	4	100
11/08/2015 18:15	20.3	32.89	34.52	31.87	29.89	4	100
11/08/2015 18:20	25.67	22.97	29.65	25.66	25.99	4	100
11/08/2015 18:25	29.44	22.42	27.64	27.05	26.64	4	100
11/08/2015 18:30	24.99	22.9	24.5	28.89	25.32	4	100
11/08/2015 18:35	25.47	20.56	26.71	25.52	24.57	4	100
11/08/2015 18:40	17.57	20.74	32.09	22.11	23.13	4	100
11/08/2015 18:45	16.76	27.58	27.71	33.77	26.46	4	100
11/08/2015 18:50	27.24	19.99	22.87	23.48	23.39	4	100
11/08/2015 18:55	10.47	11.81	14.79	17.69	13.69	4	100
11/08/2015 19:00	14.58	15.27	15.79	22.24	16.97	4	100
11/08/2015 19:05	9.07	11.05	13.33	14.38	11.96	4	100
11/08/2015 19:10	10.61	11.13	12.47	15.46	12.42	4	100
11/08/2015 19:15	9.89	13.31	14.74	18.21	14.04	4	100
11/08/2015 19:20	10.54	12.94	14.06	16.64	13.54	4	100
11/08/2015 19:25	9.48	10.63	11.41	15.54	11.77	4	100
11/08/2015 19:30	8.98	10.8	12.63	14.58	11.75	4	100
11/08/2015 19:35	8.71	11.94	12.06	15.73	12.11	4	100
11/08/2015 19:40	9.13	10.77	13.14	14.64	11.92	4	100
11/08/2015 19:45	8.17	11.98	12.36	15.55	12.02	4	100
11/08/2015 19:50	8.04	10.81	12.52	13.7	11.27	4	100
11/08/2015 19:55	9.39	10.58	11.68	14.21	11.47	4	100
11/08/2015 20:00	6.86	10.8	11.51	14.75	10.98	4	100
11/08/2015 20:05	8.41	11.22	10.08	12.83	10.64	4	100
11/08/2015 20:10	8.14	10.67	11.33	14.41	11.14	4	100
11/08/2015 20:15	6.93	10.82	11.78	14.28	10.95	4	100
11/08/2015 20:20	7.87	11.88	11.72	16.29	11.94	4	100
11/08/2015 20:25	5.17	9.96	11.34	13.45	9.98	4	100
11/08/2015 20:30	5.66	10.02	11.98	12.97	10.16	4	100
11/08/2015 20:35	5.9	8.9	9.41	11.63	8.96	4	100
11/08/2015 20:40	6.49	11.18	9.87	14.08	10.41	4	100
11/08/2015 20:45	6.83	9.01	9.48	13.3	9.65	4	100
11/08/2015 20:50	5.46	10.28	11.13	13.18	10.01	4	100
11/08/2015 20:55	4.47	8.86	10.63	11.47	8.86	4	100
11/08/2015 21:00	4.77	9.36	10.05	12.18	9.09	4	100
11/08/2015 21:05	5.13	7.91	9.1	11.81	8.49	4	100
11/08/2015 21:10	4.26	8.53	11.21	10.76	8.69	4	100
11/08/2015 21:15	4.79	9.01	10.41	10.96	8.79	4	100
11/08/2015 21:20	3.08	8.75	9.96	12.91	8.67	4	100
11/08/2015 21:25	5.01	7.85	10.02	11.29	8.54	4	100
11/08/2015 21:30	3.8	8.6	8.88	11.87	8.29	4	100
11/08/2015 21:35	5.4	9.68	10.05	12.86	9.5	4	100
11/08/2015 21:40	3.51	8.48	8.33	11.76	8.02	4	100
11/08/2015 21:45	2.53	7.64	8.04	10.32	7.13	4	100
11/08/2015 21:50	3.25	7.41	8.9	9.37	7.23	4	100
11/08/2015 21:55	2.12	6.5	7.64	8.89	6.29	4	100
11/08/2015 22:00	1.86	6.75	6.67	8.06	5.83	4	100
11/08/2015 22:05	2.19	7.74	8.22	8.66	6.7	4	100
11/08/2015 22:10	2.62	7.62	7.78	9.36	6.84	4	100
11/08/2015 22:15	2.94	7.16	7.36	8.42	6.47	4	100
11/08/2015 22:20	1.84	6.59	6.49	7.49	5.6	4	100
11/08/2015 22:25	1.62	5.29	6.65	7.4	5.24	4	100
11/08/2015 22:30	1.51	4.99	5.94	7.5	4.99	4	100
11/08/2015 22:35	1.94	5.44	6.5	7.16	5.26	4	100
11/08/2015 22:40	2.17	6.1	5.74	6.87	5.22	4	100
11/08/2015 22:45	1.17	5.38	5.47	6.3	4.58	4	100
11/08/2015 22:50	1.85	6.72	5.63	7.17	5.34	4	100
11/08/2015 22:55	1.16	4.1	4.6	4.44	3.57	4	100
11/08/2015 23:00	.89	5.17	4.99	5.68	4.18	4	100
11/08/2015 23:05	.63	4.59	4.1	4.9	3.55	4	100
11/08/2015 23:10	.83	3.66	5.28	4.07	3.46	4	100
11/08/2015 23:15	.55	3.79	4.53	4.03	3.23	4	100
11/08/2015 23:20	.98	4.29	4.86	3.81	3.48	4	100
11/08/2015 23:25	.29	3.94	4.19	5.48	3.48	4	100
11/08/2015 23:30	.39	4.68	4.72	4.52	3.58	4	100
11/08/2015 23:35	.3	4.16	3.95	3.25	2.92	4	100
11/08/2015 23:40	.98	3.91	3.68	4.06	3.16	4	100
11/08/2015 23:45	.66	16.79	3.29	3.51	6.06	4	100
11/08/2015 23:50	.32	2.33	3.46	3.92	2.51	4	100
11/08/2015 23:55	.39	3.58	3.67	3.06	2.67	4	100
