5 Minutes	Lane 1 Occ (%)	Lane 2 Occ (%)	Lane 3 Occ (%)	Lane 4 Occ (%)	Occupancy (%)	# Lane Points	% Observed
11/09/2015 00:00	2.04	2.14	1.89	3.57	2.41	4	75
11/09/2015 00:05	2.08	2.02	3.03	3.98	2.78	4	75
11/09/2015 00:10	1.74	1.64	1.62	3.35	2.09	4	75
11/09/2015 00:15	1.58	1.87	2.06	3.55	2.26	4	75
11/09/2015 00:20	2.17	1.63	1.7	3.34	2.21	4	75
11/09/2015 00:25	2.28	1.75	2.8	3.84	2.67	4	75
11/09/2015 00:30	1.26	1.35	2.09	3.36	2.01	4	75
11/09/2015 00:35	1.44	1.02	2.11	3.29	1.96	4	75
11/09/2015 00:40	1.33	1.56	1.65	3.3	1.96	4	75
11/09/2015 00:45	.94	.95	1.83	3.22	1.73	4	75
11/09/2015 00:50	1.19	1.15	2.15	3.39	1.97	4	75
11/09/2015 00:55	.99	.83	2.58	3.42	1.96	4	75
11/09/2015 01:00	.71	1.1	1.15	1.04	1	4	0
11/09/2015 01:05	.71	1.1	1.15	1.04	1	4	0
11/09/2015 01:10	.7	1.09	1.13	1.03	.99	4	0
11/09/2015 01:15	1.4	1.02	1.3	2.77	1.62	4	75
11/09/2015 01:20	.98	1.1	1.15	2.94	1.54	4	75
11/09/2015 01:25	1	.86	1.77	2.92	1.64	4	75
11/09/2015 01:30	.86	.97	1.14	2.65	1.41	4	75
11/09/2015 01:35	1.21	1.48	2.83	3.12	2.16	4	75
11/09/2015 01:40	.48	1.1	1.98	3.07	1.66	4	75
11/09/2015 01:45	.44	.74	1.14	2.62	1.24	4	75
11/09/2015 01:50	.67	.8	1.19	2.61	1.32	4	75
11/09/2015 01:55	.75	.63	.81	2.53	1.18	4	75
11/09/2015 02:00	.43	.97	2.38	3.04	1.71	4	75
11/09/2015 02:05	.54	.63	1.49	2.78	1.36	4	75
11/09/2015 02:10	.29	.67	2.33	3.09	1.59	4	75
11/09/2015 02:15	.63	.77	.86	2.55	1.2	4	75
11/09/2015 02:20	.55	.74	1.75	2.93	1.49	4	75
11/09/2015 02:25	.09	.5	1.24	2.53	1.09	4	75
11/09/2015 02:30	.59	.6	.66	2.53	1.1	4	75
11/09/2015 02:35	.75	1.08	.99	2.95	1.44	4	75
11/09/2015 02:40	.72	.63	.64	2.41	1.1	4	75
11/09/2015 02:45	1.1	.99	1.06	2.79	1.48	4	75
11/09/2015 02:50	.92	.79	1.21	2.65	1.39	4	75
11/09/2015 02:55	.52	.83	1.06	2.62	1.26	4	75
11/09/2015 03:00	1.19	.61	.89	2.47	1.29	4	75
11/09/2015 03:05	.82	1.1	.46	2.84	1.3	4	75
11/09/2015 03:10	.79	1.02	.96	2.76	1.38	4	75
11/09/2015 03:15	1.12	.77	.66	2.62	1.29	4	75
11/09/2015 03:20	1.15	1.33	1.17	2.99	1.66	4	75
11/09/2015 03:25	1.78	1.2	2.37	3.33	2.17	4	75
11/09/2015 03:30	1.94	1.74	2.97	3.74	2.6	4	75
11/09/2015 03:35	1.86	1.31	1.52	3.12	1.95	4	75
11/09/2015 03:40	1.25	1.51	1.6	3.16	1.88	4	75
11/09/2015 03:45	2.06	1.96	2.4	3.77	2.55	4	75
11/09/2015 03:50	2.79	2.36	2.92	3.93	3	4	75
11/09/2015 03:55	1.98	2.01	2.6	3.96	2.64	4	75
11/09/2015 04:00	1.92	1.98	2.33	3.62	2.46	4	75
11/09/2015 04:05	2.67	2.4	3.6	4.54	3.3	4	75
11/09/2015 04:10	4.35	3.38	5.1	5.42	4.56	4	75
11/09/2015 04:15	3.4	3.12	3.61	4.66	3.7	4	75
11/09/2015 04:20	5.09	3.35	4.62	5.47	4.63	4	75
11/09/2015 04:25	5.96	3.34	4.17	5.21	4.67	4	75
11/09/2015 04:30	6.84	4.17	5.19	5.8	5.5	4	75
11/09/2015 04:35	7.33	4.74	5.38	6.37	5.96	4	75
11/09/2015 04:40	7.49	4.94	5.69	6.23	6.09	4	75
11/09/2015 04:45	8.46	4.43	5.98	6.57	6.36	4	75
11/09/2015 04:50	7.69	4.46	5.94	6.35	6.11	4	75
11/09/2015 04:55	8.35	5.16	6.93	7.25	6.92	4	75
11/09/2015 05:00	8.25	5.91	6.75	7.42	7.08	4	75
11/09/2015 05:05	9.95	5.98	7.62	7.78	7.83	4	75
11/09/2015 05:10	10.94	6.42	8.82	7.92	8.52	4	75
11/09/2015 05:15	14.38	8.04	10.28	10.2	10.72	4	75
11/09/2015 05:20	15.98	8.3	12.74	11.16	12.04	4	75
11/09/2015 05:25	17.17	8.57	13.97	11.85	12.89	4	75
11/09/2015 05:30	15.82	8.52	13.72	11.33	12.35	4	75
11/09/2015 05:35	18.89	9.42	15.83	14.95	14.77	4	75
11/09/2015 05:40	29.42	8.32	25.23	17.13	20.02	4	75
11/09/2015 05:45	23.9	8.92	29.54	17.6	19.99	4	75
11/09/2015 05:50	24.3	8.92	30.46	18.16	20.46	4	75
11/09/2015 05:55	23.82	8.68	23.13	17.29	18.23	4	75
11/09/2015 06:00	20.75	8.56	29.1	16.52	18.73	4	75
11/09/2015 06:05	23.8	8.81	28.73	17.59	19.73	4	75
11/09/2015 06:10	21.5	9.78	25.19	16.9	18.34	4	75
11/09/2015 06:15	23.19	9.01	28.3	20.37	20.22	4	75
11/09/2015 06:20	26.76	8.67	30.75	21.01	21.8	4	75
11/09/2015 06:25	29.62	8.04	30.31	20.95	22.23	4	75
11/09/2015 06:30	25.11	8.25	31.02	20.56	21.23	4	75
11/09/2015 06:35	32.01	5.93	32.79	23.29	23.5	4	75
11/09/2015 06:40	35.12	8.02	34.2	22.9	25.06	4	75
11/09/2015 06:45	27.98	8.21	33.15	27.38	24.18	4	75
11/09/2015 06:50	25.87	8.21	28.29	22.78	21.29	4	75
11/09/2015 06:55	37	6.71	39.01	24.34	26.77	4	75
11/09/2015 07:00	41.02	5.56	45.66	29.49	30.43	4	75
11/09/2015 07:05	28.59	8.73	27.99	23.3	22.15	4	75
11/09/2015 07:10	31.6	7.28	31.79	23.76	23.61	4	75
11/09/2015 07:15	33.29	6.78	31.84	25.2	24.28	4	75
11/09/2015 07:20	30.73	6.64	41.71	26.87	26.49	4	75
11/09/2015 07:25	28.23	7.37	29.33	29.04	23.49	4	75
11/09/2015 07:30	31.59	6.7	32.71	19.31	22.58	4	75
11/09/2015 07:35	24.11	8.02	24.21	23.77	20.03	4	75
11/09/2015 07:40	34.94	5.8	35.14	26.48	25.59	4	75
11/09/2015 07:45	35.79	6.33	30.24	24.87	24.31	4	75
11/09/2015 07:50	39.02	5.1	40.79	23.32	27.06	4	75
11/09/2015 07:55	31.04	6.91	29.5	21.95	22.35	4	75
11/09/2015 08:00	30.09	6.82	34.21	26.66	24.45	4	75
11/09/2015 08:05	26.34	7.22	31.6	24.68	22.46	4	75
11/09/2015 08:10	32.91	7.16	34.24	24.18	24.62	4	75
11/09/2015 08:15	38.43	6.63	33.87	28.5	26.86	4	75
11/09/2015 08:20	39.37	5.56	42.53	22.02	27.37	4	75
11/09/2015 08:25	21.41	7.76	23.63	21.39	18.55	4	75
11/09/2015 08:30	38.76	5.94	41.06	23.44	27.3	4	75
11/09/2015 08:35	31.82	7.79	35.63	25.56	25.2	4	75
11/09/2015 08:40	43.37	5.98	36.93	21.59	26.97	4	75
11/09/2015 08:45	33.28	7.75	28.99	23.37	23.35	4	75
11/09/2015 08:50	35.31	6.45	34.83	26.34	25.73	4	75
11/09/2015 08:55	25.04	7.44	27.96	19.68	20.03	4	75
11/09/2015 09:00	32.64	7.46	36.08	25.31	25.37	4	75
11/09/2015 09:05	37.9	6.09	40.49	23.1	26.89	4	75
11/09/2015 09:10	49.8	5.63	49.82	28.74	33.5	4	75
11/09/2015 09:15	28.22	7.02	30.78	27.69	23.43	4	75
11/09/2015 09:20	36.43	7.25	30.71	24.95	24.83	4	75
11/09/2015 09:25	27.82	8.24	33.67	23.88	23.4	4	75
11/09/2015 09:30	33.26	8.02	30.48	21.86	23.41	4	75
11/09/2015 09:35	34.67	6.67	34.84	23.42	24.9	4	75
11/09/2015 09:40	32.56	8.05	29.35	26.73	24.17	4	75
11/09/2015 09:45	40.17	6.25	35.33	29.8	27.89	4	75
11/09/2015 09:50	29.75	7.05	32.02	21.01	22.46	4	75
11/09/2015 09:55	23.68	8.16	27.48	24.89	21.05	4	75
11/09/2015 10:00	37.65	6.45	43.49	21.59	27.3	4	75
11/09/2015 10:05	19.45	8.52	25.26	24.21	19.36	4	75
11/09/2015 10:10	50.9	4.52	48.29	25.29	32.25	4	75
11/09/2015 10:15	19.1	7.64	23.5	18.69	17.23	4	75
11/09/2015 10:20	31.27	6.65	37.42	29.37	26.18	4	75
11/09/2015 10:25	26.33	7.49	35.08	14.58	20.87	4	75
11/09/2015 10:30	24.32	8.4	30.98	15.37	19.77	4	75
11/09/2015 10:35	33.98	6.64	34.65	32.9	27.04	4	75
11/09/2015 10:40	40.75	5.09	47.73	31.26	31.21	4	75
11/09/2015 10:45	36.48	5.83	33.85	26.8	25.74	4	75
11/09/2015 10:50	26.71	7.57	30.18	22.65	21.78	4	75
11/09/2015 10:55	29.75	5.93	36.1	24.91	24.17	4	75
11/09/2015 11:00	39.57	6.44	34.87	28.63	27.38	4	75
11/09/2015 11:05	34.11	6.36	30.87	25.18	24.13	4	75
11/09/2015 11:10	31.23	7.36	28.59	19.1	21.57	4	75
11/09/2015 11:15	20.54	7.79	24.54	17.8	17.67	4	75
11/09/2015 11:20	24.28	8.4	24.71	22.28	19.92	4	75
11/09/2015 11:25	34.9	7.33	34.09	20.75	24.27	4	75
11/09/2015 11:30	27.03	7.63	28.67	22.68	21.5	4	75
11/09/2015 11:35	34.17	4.71	42.01	21.1	25.5	4	75
11/09/2015 11:40	17.31	8.45	20.6	14.76	15.28	4	75
11/09/2015 11:45	17.56	9.09	19.38	16.43	15.61	4	75
11/09/2015 11:50	37.45	6.54	33.28	27.14	26.1	4	75
11/09/2015 11:55	20.09	20.9	23.05	18	20.51	4	75
11/09/2015 12:00	15.43	8.11	13.48	14.62	12.91	4	75
11/09/2015 12:05	14.82	8.34	12.96	12.19	12.08	4	75
11/09/2015 12:10	15.44	7.91	15.21	13.13	12.92	4	75
11/09/2015 12:15	12.4	7.85	11.76	11.59	10.9	4	75
11/09/2015 12:20	12.36	7.62	11.32	11.31	10.65	4	75
11/09/2015 12:25	14.9	8.01	13.18	12.61	12.18	4	75
11/09/2015 12:30	13.36	8.08	12.54	11.68	11.42	4	75
11/09/2015 12:35	16.37	8.28	13.72	12.15	12.63	4	75
11/09/2015 12:40	13.74	7.67	11.1	10.87	10.85	4	75
11/09/2015 12:45	14.92	7.55	12.83	11.1	11.6	4	75
11/09/2015 12:50	12.9	7.21	11.06	10.57	10.43	4	75
11/09/2015 12:55	14.85	7.64	13.39	11.98	11.97	4	75
11/09/2015 13:00	14.56	7.87	13.15	11.86	11.86	4	75
11/09/2015 13:05	13.43	7.74	12.84	11.12	11.28	4	75
11/09/2015 13:10	12.09	7.39	13.07	11.22	10.94	4	75
11/09/2015 13:15	14.58	7.64	12.64	11.61	11.62	4	75
11/09/2015 13:20	12.1	7.43	12.66	11.58	10.94	4	75
11/09/2015 13:25	14.57	8.39	13.12	12.44	12.13	4	75
11/09/2015 13:30	11.1	7.56	11.15	10.84	10.16	4	75
11/09/2015 13:35	14.71	8.46	11.63	10.87	11.42	4	75
11/09/2015 13:40	13.17	7.68	10.98	10.86	10.67	4	75
11/09/2015 13:45	11.75	7.11	10.21	10.55	9.9	4	75
11/09/2015 13:50	14.95	8.92	13.28	12.49	12.41	4	75
11/09/2015 13:55	12.7	7.73	11.34	11	10.69	4	75
11/09/2015 14:00	11.71	6.69	10.17	9.9	9.62	4	75
11/09/2015 14:05	12.6	7.29	10.06	10.12	10.02	4	75
11/09/2015 14:10	12.71	6.64	9.97	9.35	9.67	4	75
11/09/2015 14:15	12.94	7.57	10.79	10.45	10.44	4	75
11/09/2015 14:20	12.52	6.81	10.71	10.99	10.26	4	75
11/09/2015 14:25	11.53	6.67	9.94	10.23	9.59	4	75
11/09/2015 14:30	12.86	7.19	11.54	11.11	10.68	4	75
11/09/2015 14:35	13.29	7.14	10.98	11.23	10.66	4	75
11/09/2015 14:40	31.44	7.17	9.17	10.02	14.45	4	75
11/09/2015 14:45	12.79	7.34	10.93	10.47	10.38	4	75
11/09/2015 14:50	13.4	7.71	11.62	11	10.93	4	75
11/09/2015 14:55	10.99	5.95	10.24	10.2	9.35	4	75
11/09/2015 15:00	13.19	7.12	12.9	11.37	11.14	4	75
11/09/2015 15:05	11.9	6.53	10.05	9.14	9.41	4	75
11/09/2015 15:10	11.47	6.78	8.28	9.02	8.89	4	75
11/09/2015 15:15	12.33	7.18	10.13	9.76	9.85	4	75
11/09/2015 15:20	12.25	7.1	10.1	9.63	9.77	4	75
11/09/2015 15:25	12.36	5.7	8.87	9.17	9.03	4	75
11/09/2015 15:30	9.85	6.52	8.33	9.33	8.51	4	75
11/09/2015 15:35	11.57	6.67	9.07	9.33	9.16	4	75
11/09/2015 15:40	13.53	6.51	10.37	9.95	10.09	4	75
11/09/2015 15:45	11.7	7.28	9.27	9.85	9.52	4	75
11/09/2015 15:50	14.35	7.38	11.17	11.08	10.99	4	75
11/09/2015 15:55	13.83	6.97	11.44	10.29	10.63	4	75
11/09/2015 16:00	14.23	6.23	9.72	9.66	9.96	4	75
11/09/2015 16:05	11.91	6.58	8.56	8.78	8.96	4	75
11/09/2015 16:10	11.01	7.02	8.64	9.38	9.01	4	75
11/09/2015 16:15	12.6	6.79	10.41	10.03	9.96	4	75
11/09/2015 16:20	11.1	5.75	8.68	9.13	8.66	4	75
11/09/2015 16:25	12.06	6.32	10.44	9.6	9.6	4	75
11/09/2015 16:30	11.67	6.69	9.71	9.26	9.33	4	75
11/09/2015 16:35	10.33	5.83	8.38	8.76	8.33	4	75
11/09/2015 16:40	13.17	6.75	9.69	9.66	9.82	4	75
11/09/2015 16:45	14.98	7.78	12.08	11.02	11.47	4	75
11/09/2015 16:50	13.25	6.75	10.16	10.01	10.04	4	75
11/09/2015 16:55	11.11	6.84	8.96	9.32	9.06	4	75
11/09/2015 17:00	10.68	6.03	9.12	8.81	8.66	4	75
11/09/2015 17:05	13.98	6.85	10.61	10.29	10.43	4	75
11/09/2015 17:10	14.46	7.12	12.61	10.89	11.27	4	75
11/09/2015 17:15	11.57	6.25	11.07	9.99	9.72	4	75
11/09/2015 17:20	13.57	7.57	11.22	10.92	10.82	4	75
11/09/2015 17:25	12.77	6.71	12.48	10.47	10.61	4	75
11/09/2015 17:30	12.87	6.84	11.9	10.79	10.6	4	75
11/09/2015 17:35	14.17	7.35	12.17	12.11	11.45	4	75
11/09/2015 17:40	13.14	7.17	10.29	10.07	10.17	4	75
11/09/2015 17:45	12.4	6.62	10.34	10.5	9.96	4	75
11/09/2015 17:50	15.3	7.63	14.22	12.79	12.48	4	75
11/09/2015 17:55	13.48	7.29	10.49	10.5	10.44	4	75
11/09/2015 18:00	12.05	7.1	11.73	11.14	10.51	4	75
11/09/2015 18:05	14.44	7.32	11.46	11.01	11.06	4	75
11/09/2015 18:10	14.94	7.14	12.86	11.17	11.53	4	75
11/09/2015 18:15	13.48	6.47	13.34	11.42	11.18	4	75
11/09/2015 18:20	15.81	8.5	13.44	12.11	12.46	4	75
11/09/2015 18:25	12.81	7.3	10.88	10.62	10.4	4	75
11/09/2015 18:30	13.09	8.08	12.06	11.34	11.14	4	75
11/09/2015 18:35	13.04	7.33	12.01	11.58	10.99	4	75
11/09/2015 18:40	14.56	8.07	12.29	11.32	11.56	4	75
11/09/2015 18:45	13.98	6.98	11.72	11.43	11.03	4	75
11/09/2015 18:50	13.13	6.92	12.02	15.14	11.8	4	75
11/09/2015 18:55	30.13	6.79	15.93	22.29	18.79	4	75
11/09/2015 19:00	33.49	5.81	28.6	24.95	23.21	4	75
11/09/2015 19:05	41.76	5.51	35.17	26.14	27.15	4	75
11/09/2015 19:10	39.04	5.65	25.97	25.31	23.99	4	75
11/09/2015 19:15	40.65	5.19	30.77	27.19	25.95	4	75
11/09/2015 19:20	37.69	5.9	29.9	23.6	24.27	4	75
11/09/2015 19:25	24.08	6.77	28.83	18.12	19.45	4	75
11/09/2015 19:30	21.01	8.82	20.81	17.35	17	4	75
11/09/2015 19:35	17.45	7.57	17.84	13.1	13.99	4	75
11/09/2015 19:40	8.99	5.43	7.93	8.45	7.7	4	75
11/09/2015 19:45	10.16	5.82	8.65	8.54	8.29	4	75
11/09/2015 19:50	9.02	5.89	9.02	8.59	8.13	4	75
11/09/2015 19:55	8.71	4.94	7.97	8.16	7.45	4	75
11/09/2015 20:00	7.58	5.31	7.35	7.68	6.98	4	75
11/09/2015 20:05	8.17	4.78	6.17	7.19	6.58	4	75
11/09/2015 20:10	7.6	4.41	6.17	6.87	6.26	4	75
11/09/2015 20:15	8.44	4.79	6.59	7.24	6.76	4	75
11/09/2015 20:20	6.67	4.95	5.48	6.3	5.85	4	75
11/09/2015 20:25	7.71	4.74	7.22	7.45	6.78	4	75
11/09/2015 20:30	6.88	5.36	6.58	7.28	6.52	4	75
11/09/2015 20:35	9.25	5.49	7.66	7.7	7.52	4	75
11/09/2015 20:40	7.85	4.96	6.3	6.92	6.51	4	75
11/09/2015 20:45	7.37	4.6	6.76	7.06	6.45	4	75
11/09/2015 20:50	8.77	5.88	8.92	8.05	7.91	4	75
11/09/2015 20:55	7.01	4.25	5.89	6.83	5.99	4	75
11/09/2015 21:00	5.94	4.17	7.15	6.87	6.03	4	75
11/09/2015 21:05	6.23	4.38	5.45	6.13	5.55	4	75
11/09/2015 21:10	6.37	4.56	5.57	6.85	5.84	4	75
11/09/2015 21:15	6.85	4.25	6.51	6.83	6.11	4	75
11/09/2015 21:20	7.79	4.96	7.02	7.49	6.81	4	75
11/09/2015 21:25	7.53	4.59	6.33	6.93	6.35	4	75
11/09/2015 21:30	6.09	4.02	4.87	6.12	5.28	4	75
11/09/2015 21:35	6.62	4.19	6.84	6.79	6.11	4	75
11/09/2015 21:40	6.5	5.05	6.69	7.25	6.37	4	75
11/09/2015 21:45	5.48	4.24	5.91	6.21	5.46	4	75
11/09/2015 21:50	5.19	4.29	4.41	5.6	4.87	4	75
11/09/2015 21:55	4.78	3.63	4.86	5.68	4.74	4	75
11/09/2015 22:00	4.83	4	4.62	5.46	4.73	4	75
11/09/2015 22:05	4.96	3.43	5.06	5.91	4.84	4	75
11/09/2015 22:10	6.38	4.13	5.39	6.22	5.53	4	75
11/09/2015 22:15	5.53	3.98	4.63	5.81	4.99	4	75
11/09/2015 22:20	5.59	4.25	4.95	6.1	5.22	4	75
11/09/2015 22:25	4.39	3.3	3.58	5.06	4.08	4	75
11/09/2015 22:30	6.21	3.52	5.02	5.63	5.1	4	75
11/09/2015 22:35	4.17	3.1	3.96	5.15	4.09	4	75
11/09/2015 22:40	3.55	3.06	4.07	5.02	3.92	4	75
11/09/2015 22:45	3.49	3.48	4.16	4.92	4.01	4	75
11/09/2015 22:50	2.9	2.26	3.32	4.57	3.26	4	75
11/09/2015 22:55	3.51	3.26	3.71	4.82	3.83	4	75
11/09/2015 23:00	3.17	2.62	4.32	5.03	3.78	4	75
11/09/2015 23:05	4.39	2.69	4.4	4.89	4.09	4	75
11/09/2015 23:10	2.53	2.95	3.19	4.29	3.24	4	75
11/09/2015 23:15	2.92	2.65	2.54	4.23	3.08	4	75
11/09/2015 23:20	3.41	2.24	2.9	4.31	3.22	4	75
11/09/2015 23:25	3.28	2.27	3.93	4.88	3.59	4	75
11/09/2015 23:30	2.08	2.7	3.56	4.43	3.19	4	75
11/09/2015 23:35	2.04	1.58	1.64	3.4	2.16	4	75
11/09/2015 23:40	2.39	2.33	2.22	3.78	2.68	4	75
11/09/2015 23:45	2.21	1.79	2.95	3.98	2.73	4	75
11/09/2015 23:50	2.44	1.71	2.97	4.05	2.79	4	75
11/09/2015 23:55	1.41	1.83	2.43	3.57	2.31	4	75
11/10/2015 00:00	1.66	1.67	2.32	3.67	2.33	4	75
11/10/2015 00:05	1.21	1.58	1.85	3.35	2	4	75
11/10/2015 00:10	1.49	1.12	1.96	3.27	1.96	4	75
11/10/2015 00:15	11.28	1.52	1.9	3.63	4.58	4	75
11/10/2015 00:20	1.19	1.43	2.52	3.63	2.19	4	75
11/10/2015 00:25	1.66	1.42	1.99	3.27	2.09	4	75
11/10/2015 00:30	1.04	.9	1.65	2.98	1.64	4	75
11/10/2015 00:35	.78	.81	1.28	2.79	1.41	4	75
11/10/2015 00:40	.71	1.24	1.75	3.28	1.74	4	75
11/10/2015 00:45	.99	.98	1.32	2.97	1.57	4	75
11/10/2015 00:50	1.12	.88	1.71	3.05	1.69	4	75
11/10/2015 00:55	1.06	.77	1.37	2.8	1.5	4	75
11/10/2015 01:00	.72	1.11	1.16	1.05	1.01	4	0
11/10/2015 01:05	.72	1.11	1.16	1.05	1.01	4	0
11/10/2015 01:10	.71	1.1	1.15	1.04	1	4	0
11/10/2015 01:15	1.03	.85	2.01	3.05	1.74	4	75
11/10/2015 01:20	.6	.74	1.37	2.66	1.34	4	75
11/10/2015 01:25	.76	1.14	1.17	3.03	1.53	4	75
11/10/2015 01:30	.59	.77	1.73	2.92	1.5	4	75
11/10/2015 01:35	.47	.63	1.07	2.58	1.19	4	75
11/10/2015 01:40	.68	.36	2.3	3.1	1.61	4	75
11/10/2015 01:45	.59	.68	1.33	2.66	1.32	4	75
11/10/2015 01:50	.37	.48	1.28	2.85	1.25	4	75
11/10/2015 01:55	.67	.9	1.06	2.94	1.39	4	75
11/10/2015 02:00	.14	.64	1.2	2.68	1.17	4	75
11/10/2015 02:05	1.09	.63	1.46	2.67	1.46	4	75
11/10/2015 02:10	.47	.81	1.41	2.9	1.4	4	75
11/10/2015 02:15	.41	1.02	1.59	2.76	1.44	4	75
11/10/2015 02:20	.4	.61	.38	2.43	.95	4	75
11/10/2015 02:25	.58	1.04	2.78	3.41	1.95	4	75
11/10/2015 02:30	.35	.63	.85	2.42	1.06	4	75
11/10/2015 02:35	.79	.61	1.8	3	1.55	4	75
11/10/2015 02:40	.8	.77	1.81	2.98	1.59	4	75
11/10/2015 02:45	.99	1.05	1.86	3.41	1.83	4	75
11/10/2015 02:50	.68	.74	.72	2.65	1.2	4	75
11/10/2015 02:55	.66	.75	.61	2.84	1.21	4	75
11/10/2015 03:00	.74	.94	1.79	3.08	1.64	4	75
11/10/2015 03:05	1.28	.57	1.46	2.92	1.56	4	75
11/10/2015 03:10	.71	.93	.79	2.85	1.32	4	75
11/10/2015 03:15	1.18	1.35	1.34	3.06	1.73	4	75
11/10/2015 03:20	2.79	1.18	.9	3.12	2	4	75
11/10/2015 03:25	.96	1.35	2.37	3.52	2.05	4	75
11/10/2015 03:30	3.7	.99	1.95	3.43	2.52	4	75
11/10/2015 03:35	2.1	1.31	2.32	3.47	2.3	4	75
11/10/2015 03:40	1.54	1.08	1.21	3.11	1.73	4	75
11/10/2015 03:45	1.28	1.95	2.83	4.01	2.52	4	75
11/10/2015 03:50	2.37	1.71	1.4	3.29	2.19	4	75
11/10/2015 03:55	2.18	2.19	2.86	3.98	2.8	4	75
11/10/2015 04:00	4.82	1.94	2.67	3.89	3.33	4	75
11/10/2015 04:05	2.39	2.22	3.37	4.33	3.08	4	75
11/10/2015 04:10	2.8	2.3	3.22	4.36	3.17	4	75
11/10/2015 04:15	3.06	2.37	4.04	4.58	3.51	4	75
11/10/2015 04:20	4.47	3.23	4.1	4.84	4.16	4	75
11/10/2015 04:25	4.88	3.04	3.98	4.91	4.2	4	75
11/10/2015 04:30	21.09	4.06	4.79	5.59	8.88	4	75
11/10/2015 04:35	6.1	4.29	5.18	6.03	5.4	4	75
11/10/2015 04:40	7.9	4.26	4.86	5.84	5.71	4	75
11/10/2015 04:45	8.87	5.07	5.5	6.66	6.52	4	75
11/10/2015 04:50	7.25	4.75	6	6.46	6.12	4	75
11/10/2015 04:55	7.79	4.96	6.07	6.82	6.41	4	75
11/10/2015 05:00	10.17	5.17	6.3	6.95	7.15	4	75
11/10/2015 05:05	9.54	5.38	9.14	8.44	8.13	4	75
11/10/2015 05:10	19.99	6.25	9.1	8.63	10.99	4	75
11/10/2015 05:15	25.69	7.32	10.79	9.78	13.39	4	75
11/10/2015 05:20	23.96	9.33	12.44	11.16	14.22	4	75
11/10/2015 05:25	20.64	9.25	14.42	12.41	14.18	4	75
11/10/2015 05:30	17.84	8.83	14.9	12.76	13.58	4	75
11/10/2015 05:35	20.69	9.83	17.77	14.86	15.79	4	75
11/10/2015 05:40	19.22	8.52	18.44	14.96	15.28	4	75
11/10/2015 05:45	19.74	9.99	20.68	15.76	16.54	4	75
11/10/2015 05:50	24.25	8.13	25.75	18.01	19.03	4	75
11/10/2015 05:55	23.41	8.74	25.2	17.28	18.66	4	75
11/10/2015 06:00	21	8.83	23.34	18.2	17.84	4	75
11/10/2015 06:05	34.09	8.35	28.5	19.62	22.64	4	75
11/10/2015 06:10	27.11	8.94	23.89	22.21	20.54	4	75
11/10/2015 06:15	31.56	7.87	31.88	23.54	23.71	4	75
11/10/2015 06:20	27.84	8.24	32.36	20.71	22.29	4	75
11/10/2015 06:25	28.38	8.73	31.37	24.96	23.36	4	75
11/10/2015 06:30	24.75	8.3	24.14	18.15	18.84	4	75
11/10/2015 06:35	32.33	6.94	35.63	22.42	24.33	4	75
11/10/2015 06:40	27.69	7.33	28.9	25.19	22.28	4	75
11/10/2015 06:45	27.19	7.17	38.06	24.88	24.33	4	75
11/10/2015 06:50	26.27	7.59	31.2	20.98	21.51	4	75
11/10/2015 06:55	23.01	8.71	27.26	25.44	21.11	4	75
11/10/2015 07:00	28.48	7.67	27.98	23.11	21.81	4	75
11/10/2015 07:05	31.71	7.69	29.02	31.16	24.89	4	75
11/10/2015 07:10	31.24	7.53	28.32	21.13	22.06	4	75
11/10/2015 07:15	40.06	5.78	30.94	28.31	26.27	4	75
11/10/2015 07:20	37.04	6.86	33.44	21.11	24.61	4	75
11/10/2015 07:25	35.75	7.05	33.29	25.31	25.35	4	75
11/10/2015 07:30	37.95	6.82	33.17	22.2	25.03	4	75
11/10/2015 07:35	33.02	7.64	35.85	25.3	25.45	4	75
11/10/2015 07:40	39.06	6.25	35.4	22.65	25.84	4	75
11/10/2015 07:45	46.08	5.83	36	30.25	29.54	4	75
11/10/2015 07:50	26.67	7.71	29.64	20.23	21.06	4	75
11/10/2015 07:55	33.04	6.76	38.43	24.53	25.69	4	75
11/10/2015 08:00	26.03	7.53	29.07	22.75	21.35	4	75
11/10/2015 08:05	34.24	7.73	26.77	24.03	23.19	4	75
11/10/2015 08:10	37.59	7.06	39.2	26.52	27.59	4	75
11/10/2015 08:15	29.83	6.82	28.93	22.14	21.93	4	75
11/10/2015 08:20	39.17	6.33	35.68	31.56	28.19	4	75
11/10/2015 08:25	39.88	6.21	35.34	22.05	25.87	4	75
11/10/2015 08:30	34.8	5.84	38.72	24.11	25.87	4	75
11/10/2015 08:35	30.94	7.79	32.62	21.81	23.29	4	75
11/10/2015 08:40	41.08	5.87	43.69	31.02	30.42	4	75
11/10/2015 08:45	26.68	8.28	33.01	20.78	22.19	4	75
11/10/2015 08:50	34.79	6.42	33.41	29	25.9	4	75
11/10/2015 08:55	38.53	6.5	37.13	20.09	25.56	4	75
11/10/2015 09:00	43.4	5.97	52.4	35.02	34.2	4	75
11/10/2015 09:05	35.44	7	34.13	22.36	24.73	4	75
11/10/2015 09:10	31.71	8.37	36.37	25.34	25.45	4	75
11/10/2015 09:15	35.7	6.92	33.72	22.79	24.78	4	75
11/10/2015 09:20	31.77	6.52	28.94	21.19	22.11	4	75
11/10/2015 09:25	38.67	8.03	40.62	28.3	28.9	4	75
11/10/2015 09:30	32.21	7.79	30.99	21.74	23.18	4	75
11/10/2015 09:35	31.28	5.61	40.22	24.55	25.41	4	75
11/10/2015 09:40	24.97	7.49	29.18	7.97	17.4	4	0
11/10/2015 09:45	37.35	6.67	33.8	7.97	21.45	4	0
11/10/2015 09:50	32.85	2.7	36.87	25.41	24.46	4	75
11/10/2015 09:55	39.15	7.09	37.85	26.33	27.61	4	75
11/10/2015 10:00	27.4	6.81	36.57	21.61	23.1	4	75
11/10/2015 10:05	39.39	6.4	40.52	21.96	27.07	4	75
11/10/2015 10:10	42.36	6.6	41.1	27.22	29.32	4	75
11/10/2015 10:15	28.71	7.58	33.8	18.89	22.25	4	75
11/10/2015 10:20	31.12	7.8	31.15	24.98	23.76	4	75
11/10/2015 10:25	27.56	6.94	31.88	21.49	21.97	4	75
11/10/2015 10:30	28.53	7.44	37.55	23.6	24.28	4	75
11/10/2015 10:35	36.86	5.73	42.72	22.81	27.03	4	75
11/10/2015 10:40	34.74	6.83	39.48	21.11	25.54	4	75
11/10/2015 10:45	22.33	8.48	26.75	24.7	20.56	4	75
11/10/2015 10:50	38.5	7	32.72	18.51	24.18	4	75
11/10/2015 10:55	31.27	7.69	33.02	4.4	19.1	4	0
11/10/2015 11:00	22.35	8.32	30.68	4.49	16.46	4	0
11/10/2015 11:05	27.06	8.26	27.53	20.32	20.79	4	75
11/10/2015 11:10	23.61	7.72	27.22	20.14	19.67	4	75
11/10/2015 11:15	25.59	7.56	31.61	5.91	17.67	4	0
11/10/2015 11:20	29.81	7.84	31.32	6.95	18.98	4	0
11/10/2015 11:25	30.98	6.04	28.2	21.75	21.74	4	75
11/10/2015 11:30	26.4	7.68	28.18	6.51	17.19	4	0
11/10/2015 11:35	26.58	7.79	32.14	5.63	18.04	4	0
11/10/2015 11:40	21.76	8.39	32.86	18.8	20.45	4	75
11/10/2015 11:45	40.84	5.9	35.48	22.93	26.29	4	75
11/10/2015 11:50	26.34	7.79	29.07	18.66	20.46	4	75
11/10/2015 11:55	23.24	8.21	31.06	16.9	19.85	4	75
11/10/2015 12:00	19.17	8.17	22.5	16.05	16.47	4	75
11/10/2015 12:05	22.14	8.58	27.99	17.27	19	4	75
11/10/2015 12:10	25.06	8.08	27.92	17.52	19.64	4	75
11/10/2015 12:15	26.47	7.18	30.84	15.55	20.01	4	75
11/10/2015 12:20	23.54	8.52	26.51	17.34	18.98	4	75
11/10/2015 12:25	11.43	6.96	11.02	10.91	10.08	4	75
11/10/2015 12:30	11.03	6.74	11.32	10.73	9.95	4	75
11/10/2015 12:35	10.64	7.12	8.2	9.87	8.96	4	75
11/10/2015 12:40	2.76	2.27	3.23	3.84	3.03	4	75
11/10/2015 12:45	11.02	6.71	12.6	10.4	10.18	4	75
11/10/2015 12:50	14.33	7.8	14.78	12.58	12.37	4	75
11/10/2015 12:55	16.2	8.13	17.71	15.25	14.32	4	75
11/10/2015 13:00	15.43	8.59	19.8	16.61	15.11	4	75
11/10/2015 13:05	18.68	8.38	17.87	17.78	15.68	4	75
11/10/2015 13:10	20.82	8.21	20.2	17.59	16.7	4	75
11/10/2015 13:15	25.59	6.97	19.91	14.63	16.78	4	75
11/10/2015 13:20	14.2	8.3	16.7	14.45	13.41	4	75
11/10/2015 13:25	20.8	8.26	19.49	18.3	16.71	4	75
11/10/2015 13:30	16.04	8.23	16.78	15.77	14.2	4	75
11/10/2015 13:35	13.57	7.87	13.1	17.55	13.02	4	75
11/10/2015 13:40	28.18	7.18	22.36	17.76	18.87	4	75
11/10/2015 13:45	15.14	7.43	14.97	15.32	13.22	4	75
11/10/2015 13:50	13.44	7.65	13.1	11.01	11.3	4	75
11/10/2015 13:55	13.74	8.23	14.14	12.33	12.11	4	75
11/10/2015 14:00	11.41	7.25	11.25	10.8	10.18	4	75
11/10/2015 14:05	13.78	7.79	13.34	11.53	11.61	4	75
11/10/2015 14:10	12.57	6.75	11.86	10.82	10.5	4	75
11/10/2015 14:15	13.23	7.39	11.85	11.91	11.09	4	75
11/10/2015 14:20	12.18	6.8	10.43	10.66	10.02	4	75
11/10/2015 14:25	14.51	8.12	13.64	12.92	12.3	4	75
11/10/2015 14:30	14.12	6.79	10.73	10.11	10.44	4	75
11/10/2015 14:35	12.11	6.9	11.22	10.64	10.22	4	75
11/10/2015 14:40	18.1	8.54	18.05	14.28	14.74	4	75
11/10/2015 14:45	15.25	7.89	13.06	14.5	12.68	4	75
11/10/2015 14:50	15.39	7.59	11.94	13.28	12.05	4	75
11/10/2015 14:55	14.38	7.98	12.16	11.42	11.48	4	75
11/10/2015 15:00	12.33	7.04	9.97	9.78	9.78	4	75
11/10/2015 15:05	10.85	7.33	10.06	9.71	9.49	4	75
11/10/2015 15:10	13.73	7.59	10.01	9.68	10.25	4	75
11/10/2015 15:15	14.24	7.13	11.36	10.9	10.91	4	75
11/10/2015 15:20	13.14	7.66	12.51	11.17	11.12	4	75
11/10/2015 15:25	12.11	6.62	11.15	10.57	10.11	4	75
11/10/2015 15:30	13.07	8.03	10.05	10.23	10.35	4	75
11/10/2015 15:35	12.3	7.03	9.08	9.6	9.5	4	75
11/10/2015 15:40	14.02	7.17	12.25	11.54	11.24	4	75
11/10/2015 15:45	12.26	6.44	9.05	9.96	9.43	4	75
11/10/2015 15:50	11.89	7.16	10.75	9.76	9.89	4	75
11/10/2015 15:55	12.37	6.9	10.19	9.06	9.63	4	75
11/10/2015 16:00	11.79	6.32	9.28	9.36	9.19	4	75
11/10/2015 16:05	11.96	6	9.79	9.41	9.29	4	75
11/10/2015 16:10	11.94	7.29	9.29	9.52	9.51	4	75
11/10/2015 16:15	11.97	6.15	8.52	8.62	8.81	4	75
11/10/2015 16:20	12.34	7.14	9.77	10.33	9.89	4	75
11/10/2015 16:25	12.46	7.04	10.39	10.4	10.07	4	75
11/10/2015 16:30	13.44	8.03	11.02	10.17	10.66	4	75
11/10/2015 16:35	12.37	7.37	9.97	10.52	10.06	4	75
11/10/2015 16:40	12	7.59	10.59	9.75	9.98	4	75
11/10/2015 16:45	11.92	7.3	9.45	9.81	9.62	4	75
11/10/2015 16:50	10.17	6.11	8.86	9.15	8.57	4	75
11/10/2015 16:55	12.87	6.51	9.49	9.41	9.57	4	75
11/10/2015 17:00	12.82	7.63	10.91	10.69	10.51	4	75
11/10/2015 17:05	11.18	6.9	9.63	9.39	9.27	4	75
11/10/2015 17:10	13.63	7.37	10.72	10.07	10.45	4	75
11/10/2015 17:15	12.79	7.74	10.92	10.68	10.53	4	75
11/10/2015 17:20	13.56	6.77	11.76	10.39	10.62	4	75
11/10/2015 17:25	13.67	7.72	11.65	11.6	11.16	4	75
11/10/2015 17:30	12.63	7.25	13.08	10.95	10.98	4	75
11/10/2015 17:35	15.09	7.56	13.06	11.47	11.79	4	75
11/10/2015 17:40	13.22	7.19	11.31	10.42	10.54	4	75
11/10/2015 17:45	13.41	6.99	11.38	10.73	10.63	4	75
11/10/2015 17:50	13	7.21	10.95	10.98	10.53	4	75
11/10/2015 17:55	13.74	6.96	12.08	10.94	10.93	4	75
11/10/2015 18:00	13.49	7.12	12.1	11.09	10.95	4	75
11/10/2015 18:05	13.86	7.84	11.96	11.96	11.41	4	75
11/10/2015 18:10	12.64	6.37	10	11.34	10.09	4	75
11/10/2015 18:15	20.56	7.1	18.59	21.73	16.99	4	75
11/10/2015 18:20	25.29	6.37	30.95	24.66	21.82	4	75
11/10/2015 18:25	30.6	6.36	30.44	27.32	23.68	4	75
11/10/2015 18:30	31.21	6.79	34.49	25.08	24.39	4	75
11/10/2015 18:35	36.16	5.35	41.66	26.7	27.47	4	75
11/10/2015 18:40	35.83	6.41	32.41	29.53	26.05	4	75
11/10/2015 18:45	36.08	5.86	35.45	31.38	27.19	4	75
11/10/2015 18:50	42.49	5.78	34.64	29.67	28.14	4	75
11/10/2015 18:55	43.54	5	42.39	37.47	32.1	4	75
11/10/2015 19:00	31.77	5.72	40.21	32.31	27.5	4	75
11/10/2015 19:05	40.87	4.21	47.17	30.86	30.78	4	75
11/10/2015 19:10	37.83	6.06	32.21	27.21	25.83	4	75
11/10/2015 19:15	41.55	5.52	38.27	24.75	27.52	4	75
11/10/2015 19:20	22.21	7.47	21.05	16.47	16.8	4	75
11/10/2015 19:25	31.63	8.54	24.07	16.32	20.14	4	75
11/10/2015 19:30	26.47	7.75	25.78	19.68	19.92	4	75
11/10/2015 19:35	17.89	8.86	18.69	16.58	15.5	4	75
11/10/2015 19:40	11.87	5.84	9.56	11.67	9.73	4	75
11/10/2015 19:45	10.03	6.36	8.76	8.78	8.48	4	75
11/10/2015 19:50	9.47	6.29	8.33	8.47	8.14	4	75
11/10/2015 19:55	8.52	5.1	7.85	8.14	7.4	4	75
11/10/2015 20:00	8.71	5.59	6.87	7.92	7.27	4	75
11/10/2015 20:05	7.91	5.51	7.75	7.95	7.28	4	75
11/10/2015 20:10	8.08	5.82	7.14	7.61	7.16	4	75
11/10/2015 20:15	9.24	5.14	8.04	7.98	7.6	4	75
11/10/2015 20:20	9.84	6.08	8.9	8.24	8.26	4	75
11/10/2015 20:25	8.66	5.21	6.78	7.33	7	4	75
11/10/2015 20:30	8.57	5.22	7.59	7.44	7.2	4	75
11/10/2015 20:35	8.08	5.32	7.17	7.62	7.05	4	75
11/10/2015 20:40	9.95	6.1	7.98	8.03	8.02	4	75
11/10/2015 20:45	6.22	4.55	6.48	6.89	6.03	4	75
11/10/2015 20:50	7.9	4.71	6.72	7.3	6.66	4	75
11/10/2015 20:55	6.88	4.45	6.84	6.78	6.24	4	75
11/10/2015 21:00	8.22	4.47	7.74	7.5	6.98	4	75
11/10/2015 21:05	8.13	4.78	6.83	7.22	6.74	4	75
11/10/2015 21:10	8.03	4.79	6.57	7.22	6.65	4	75
11/10/2015 21:15	7.27	5.13	5.78	6.38	6.14	4	75
11/10/2015 21:20	8.15	4.61	7.02	7.36	6.78	4	75
11/10/2015 21:25	7.87	5.59	6.96	7.51	6.98	4	75
11/10/2015 21:30	6.88	4.88	7.12	7.15	6.51	4	75
11/10/2015 21:35	6.74	4.85	6.18	6.74	6.13	4	75
11/10/2015 21:40	8.74	5.48	7.06	7.64	7.23	4	75
11/10/2015 21:45	6.29	4.05	5.37	6.43	5.54	4	75
11/10/2015 21:50	6.85	4.95	7.1	7.09	6.5	4	75
11/10/2015 21:55	6.72	4.36	5.28	6.55	5.73	4	75
11/10/2015 22:00	6.26	4.94	6.51	7.19	6.23	4	75
11/10/2015 22:05	6.02	3.95	6.23	6.8	5.75	4	75
11/10/2015 22:10	6.78	4.09	6.36	6.92	6.04	4	75
11/10/2015 22:15	6.36	4.57	5.59	6.27	5.7	4	75
11/10/2015 22:20	5.87	4.12	5.52	6.35	5.46	4	75
11/10/2015 22:25	4.67	3.56	5.86	6.02	5.03	4	75
11/10/2015 22:30	5.62	4.11	5.91	6.33	5.49	4	75
11/10/2015 22:35	4.15	3.17	5.15	5.77	4.56	4	75
11/10/2015 22:40	4.5	3.88	4.75	5.67	4.7	4	75
11/10/2015 22:45	4.67	3.45	5.52	6	4.91	4	75
11/10/2015 22:50	4.17	3.37	4.71	5.46	4.43	4	75
11/10/2015 22:55	4.92	3.59	4.66	5.58	4.69	4	75
11/10/2015 23:00	3.78	2.86	3.28	5	3.73	4	75
11/10/2015 23:05	3.27	3.06	4.32	5.15	3.95	4	75
11/10/2015 23:10	3.56	2.43	3.6	4.61	3.55	4	75
11/10/2015 23:15	2.69	2.3	3	4.35	3.09	4	75
11/10/2015 23:20	3.37	2.28	4.55	4.93	3.78	4	75
11/10/2015 23:25	3.78	2.62	3.78	4.9	3.77	4	75
11/10/2015 23:30	2.58	2.69	4.02	4.52	3.45	4	75
11/10/2015 23:35	2.97	2.49	2.68	4.14	3.07	4	75
11/10/2015 23:40	3.56	2.24	4.2	4.93	3.73	4	75
11/10/2015 23:45	2.53	2.12	3.9	4.67	3.31	4	75
11/10/2015 23:50	3.01	2.16	3.76	4.47	3.35	4	75
11/10/2015 23:55	1.99	1.79	2.01	3.48	2.32	4	75
11/11/2015 00:00	2.16	2	3.43	4.32	2.98	4	75
11/11/2015 00:05	1.7	1.64	2.42	3.65	2.35	4	75
11/11/2015 00:10	1.15	1.64	1.73	3.37	1.97	4	75
11/11/2015 00:15	1.55	1.35	2.27	3.58	2.19	4	75
11/11/2015 00:20	1.56	1.42	2.06	3.4	2.11	4	75
11/11/2015 00:25	.95	1.31	1.48	3.12	1.71	4	75
11/11/2015 00:30	1.13	1.4	1.41	3.09	1.76	4	75
11/11/2015 00:35	1.42	1.71	1.58	3.44	2.04	4	75
11/11/2015 00:40	.97	1.13	1.79	3.22	1.78	4	75
11/11/2015 00:45	1.77	1.17	1.89	3.11	1.99	4	75
11/11/2015 00:50	.96	.96	1.71	2.99	1.66	4	75
11/11/2015 00:55	.94	.88	1.1	2.61	1.38	4	75
11/11/2015 01:00	.69	1.07	1.11	1.01	.97	4	0
11/11/2015 01:05	.74	1.15	1.19	1.08	1.04	4	0
11/11/2015 01:10	.74	1.16	1.2	1.1	1.05	4	0
11/11/2015 01:15	1.85	.96	1.69	2.98	1.87	4	75
11/11/2015 01:20	.67	1.05	1.59	2.88	1.55	4	75
11/11/2015 01:25	.92	1.01	1.44	3.01	1.59	4	75
11/11/2015 01:30	.4	.71	.8	2.72	1.16	4	75
11/11/2015 01:35	1.06	1.18	1.37	2.94	1.64	4	75
11/11/2015 01:40	.76	.72	1.07	2.49	1.26	4	75
11/11/2015 01:45	.57	.65	1	2.64	1.22	4	75
11/11/2015 01:50	.76	.88	.87	2.61	1.28	4	75
11/11/2015 01:55	.55	.74	1.58	2.69	1.39	4	75
11/11/2015 02:00	.36	.7	1.09	2.74	1.22	4	75
11/11/2015 02:05	.36	.58	.88	2.51	1.08	4	75
11/11/2015 02:10	.76	.97	2.02	3.23	1.75	4	75
11/11/2015 02:15	.92	1.1	1.94	3.12	1.77	4	75
11/11/2015 02:20	.4	.52	1.13	2.57	1.16	4	75
11/11/2015 02:25	1.23	.9	1.02	2.77	1.48	4	75
11/11/2015 02:30	.43	.48	1.53	2.67	1.28	4	75
11/11/2015 02:35	.71	1.18	1.09	2.75	1.43	4	75
11/11/2015 02:40	5.67	.79	1.29	2.88	2.66	4	75
11/11/2015 02:45	6.5	.88	1.9	3.03	3.08	4	75
11/11/2015 02:50	.48	.83	.91	2.6	1.2	4	75
11/11/2015 02:55	.82	.81	1.02	2.77	1.36	4	75
11/11/2015 03:00	.46	.83	2.21	2.98	1.62	4	75
11/11/2015 03:05	.38	.7	.87	2.56	1.13	4	75
11/11/2015 03:10	.96	1.08	1.58	3.11	1.68	4	75
11/11/2015 03:15	1.1	.81	1.19	2.86	1.49	4	75
11/11/2015 03:20	.93	1.69	2.37	3.39	2.09	4	75
11/11/2015 03:25	.8	1.23	1.4	3.02	1.61	4	75
11/11/2015 03:30	1.71	1.11	1.75	3.16	1.93	4	75
11/11/2015 03:35	1.32	1.45	1.9	3.12	1.95	4	75
11/11/2015 03:40	1.64	1.64	2.45	3.73	2.36	4	75
11/11/2015 03:45	1.79	1.58	1.67	3.44	2.12	4	75
11/11/2015 03:50	1.71	1.56	2.43	3.51	2.3	4	75
11/11/2015 03:55	1.05	1.15	1.95	3.16	1.83	4	75
11/11/2015 04:00	1.52	1.72	1.73	3.38	2.09	4	75
11/11/2015 04:05	2.02	1.65	1.98	3.44	2.27	4	75
11/11/2015 04:10	2.36	2.19	2.62	3.76	2.73	4	75
11/11/2015 04:15	2.64	1.74	2.03	3.39	2.45	4	75
11/11/2015 04:20	3.57	2.12	3.66	4.74	3.52	4	75
11/11/2015 04:25	3.38	2.24	2.67	4.05	3.08	4	75
11/11/2015 04:30	4.6	3.07	3.82	4.75	4.06	4	75
11/11/2015 04:35	4.95	3.71	4.66	5.25	4.64	4	75
11/11/2015 04:40	4.43	3.54	3.6	5.18	4.19	4	75
11/11/2015 04:45	7.02	4.56	6.42	6.29	6.07	4	75
11/11/2015 04:50	5.51	4.44	5.11	5.97	5.26	4	75
11/11/2015 04:55	7.46	4.65	5.21	6.05	5.84	4	75
11/11/2015 05:00	5.59	3.86	4.81	5.71	4.99	4	75
11/11/2015 05:05	8.04	4.56	6.31	7.09	6.5	4	75
11/11/2015 05:10	7.82	4.63	7.41	7.43	6.82	4	75
11/11/2015 05:15	10.68	5.94	8.17	7.82	8.15	4	75
11/11/2015 05:20	12.1	6.76	9.24	9.2	9.32	4	75
11/11/2015 05:25	15.43	9.51	12.6	10.5	12.01	4	75
11/11/2015 05:30	16.58	7.87	11.39	10.8	11.66	4	75
11/11/2015 05:35	16.64	9.39	14.05	13.53	13.4	4	75
11/11/2015 05:40	17.48	8.35	15.77	13.42	13.75	4	75
11/11/2015 05:45	16.48	9.59	15.94	13.49	13.88	4	75
11/11/2015 05:50	17.15	8.74	14.84	13.29	13.5	4	75
11/11/2015 05:55	19.43	9.64	20.18	15.74	16.25	4	75
11/11/2015 06:00	27.6	8.6	34.51	17.16	21.97	4	75
11/11/2015 06:05	22.13	8.79	23.59	17.88	18.1	4	75
11/11/2015 06:10	22.28	8.32	25.73	5.89	15.56	4	0
11/11/2015 06:15	24.9	8.61	30.07	6.96	17.63	4	0
11/11/2015 06:20	25.08	8.44	25.58	7.7	16.7	4	0
11/11/2015 06:25	21.75	8.57	23.97	19.46	18.44	4	75
11/11/2015 06:30	21.85	8.32	23.81	21.95	18.98	4	75
11/11/2015 06:35	24.94	7.85	27.22	18.22	19.56	4	75
11/11/2015 06:40	24.11	7.94	27.35	23.94	20.84	4	75
11/11/2015 06:45	30.74	6.62	30.6	22.43	22.6	4	75
11/11/2015 06:50	38.21	5.29	34.48	26.01	26	4	75
11/11/2015 06:55	23.67	8.06	24.75	22.67	19.79	4	75
11/11/2015 07:00	24.71	7.41	25.47	22.63	20.06	4	75
11/11/2015 07:05	38.03	7.62	32.46	25.32	25.86	4	75
11/11/2015 07:10	33.63	6.69	33.81	10.65	21.2	4	0
11/11/2015 07:15	36.01	6.83	33.1	10.36	21.57	4	0
11/11/2015 07:20	28	7.57	30.62	10.72	19.23	4	0
11/11/2015 07:25	26.75	7.8	24.4	22.3	20.31	4	75
11/11/2015 07:30	37.98	6.54	32.78	23.37	25.17	4	75
11/11/2015 07:35	34.96	5.42	38.9	26.48	26.44	4	75
11/11/2015 07:40	27.8	7.63	26.43	23.06	21.23	4	75
11/11/2015 07:45	28.75	7.43	33.17	24.54	23.47	4	75
11/11/2015 07:50	35.56	5.82	37.51	21.19	25.02	4	75
11/11/2015 07:55	28.82	8.09	27.87	24.87	22.41	4	75
11/11/2015 08:00	25.38	7.09	27.72	26.59	21.7	4	75
11/11/2015 08:05	21.73	7.77	28.66	24.57	20.68	4	75
11/11/2015 08:10	31.47	7.19	33.59	11.06	20.83	4	0
11/11/2015 08:15	34.73	7.3	39.19	11.22	23.11	4	0
11/11/2015 08:20	31.31	6.82	31.66	13.91	20.92	4	0
11/11/2015 08:25	27.67	7.8	30.83	13.48	19.94	4	0
11/11/2015 08:30	29.96	7.35	27.95	12.81	19.52	4	0
11/11/2015 08:35	36.47	6.24	39.92	9.61	23.06	4	0
11/11/2015 08:40	34.46	6.73	34.46	10.16	21.45	4	0
11/11/2015 08:45	36.78	6.37	37.41	9.95	22.63	4	0
11/11/2015 08:50	34.75	6.57	35.5	9.74	21.64	4	0
11/11/2015 08:55	21.33	7.98	24.74	22.33	19.09	4	75
11/11/2015 09:00	49.37	6.57	42.19	24.9	30.76	4	75
11/11/2015 09:05	19.02	8.39	21.87	20.09	17.34	4	75
11/11/2015 09:10	28.88	8	30.55	8.99	19.11	4	0
11/11/2015 09:15	40.24	6.43	44.56	8.97	25.05	4	0
11/11/2015 09:20	31.47	7.85	31.59	8.74	19.91	4	0
11/11/2015 09:25	37.16	7.62	38.33	8.62	22.93	4	0
11/11/2015 09:30	29.15	7.07	31.09	8.59	18.97	4	0
11/11/2015 09:35	26.79	8.08	30.89	8.59	18.59	4	0
11/11/2015 09:40	29.95	6.75	30.88	8.79	19.09	4	0
11/11/2015 09:45	26.53	7.66	28.57	8.77	17.88	4	0
11/11/2015 09:50	33.43	7.2	38.62	8.53	21.95	4	0
11/11/2015 09:55	19.5	6.89	21	19.24	16.66	4	75
11/11/2015 10:00	37.44	6.09	39.78	8.36	22.92	4	0
11/11/2015 10:05	32.91	7.03	32.83	8.29	20.27	4	0
11/11/2015 10:10	26.58	7.47	34.12	8.32	19.12	4	0
11/11/2015 10:15	43.72	6.13	42.11	8.25	25.05	4	0
11/11/2015 10:20	26.19	7.83	29.95	8.2	18.04	4	0
11/11/2015 10:25	26.44	6.96	26.1	18.3	19.45	4	75
11/11/2015 10:30	27.36	8.38	26.75	8.05	17.64	4	0
11/11/2015 10:35	25.54	7.59	27.64	8.08	17.21	4	0
11/11/2015 10:40	29.43	8.02	32.11	8.15	19.43	4	0
11/11/2015 10:45	19.52	7.62	23.21	15	16.34	4	75
11/11/2015 10:50	17.94	8.16	19.75	16.4	15.56	4	75
11/11/2015 10:55	23.17	7.44	21.14	21.92	18.42	4	75
11/11/2015 11:00	42.21	5.15	35.93	26.16	27.36	4	75
11/11/2015 11:05	32.75	6.94	30.8	27.11	24.4	4	75
11/11/2015 11:10	27.84	7.51	26.98	7.96	17.57	4	0
11/11/2015 11:15	30.02	6.59	34.73	7.78	19.78	4	0
11/11/2015 11:20	29.91	7.19	31.53	8	19.16	4	0
11/11/2015 11:25	19.35	8.64	19.32	17.07	16.1	4	75
11/11/2015 11:30	17.21	7.52	16.9	18.13	14.94	4	75
11/11/2015 11:35	25.97	8.3	27.79	20.54	20.65	4	75
11/11/2015 11:40	33.23	6	40.4	17.2	24.21	4	75
11/11/2015 11:45	21.01	9.05	22.08	16.22	17.09	4	75
11/11/2015 11:50	19.16	8.43	20.32	16.7	16.15	4	75
11/11/2015 11:55	16.72	8.54	16.29	14.59	14.04	4	75
11/11/2015 12:00	24.39	7.86	22.76	19.31	18.58	4	75
11/11/2015 12:05	24.71	8.33	30.37	23.02	21.61	4	75
11/11/2015 12:10	20.89	8.13	21.49	19.4	17.48	4	75
11/11/2015 12:15	21.86	8.17	26.58	21.38	19.5	4	75
11/11/2015 12:20	26.63	8.44	32.94	22.38	22.6	4	75
11/11/2015 12:25	26.71	9.01	30.83	21.89	22.11	4	75
11/11/2015 12:30	28.75	8.29	27.92	18.95	20.98	4	75
11/11/2015 12:35	27.91	7.52	26.06	18.35	19.96	4	75
11/11/2015 12:40	26.46	8.21	27.85	16.52	19.76	4	75
11/11/2015 12:45	20.9	8.53	27.27	16.38	18.27	4	75
11/11/2015 12:50	25.01	7.93	26.44	17.48	19.22	4	75
11/11/2015 12:55	21.47	8.35	27.12	17.73	18.67	4	75
11/11/2015 13:00	22.73	8.1	23.62	17.08	17.88	4	75
11/11/2015 13:05	14.71	7.81	15.39	16.13	13.51	4	75
11/11/2015 13:10	18.04	8.72	15.72	15.76	14.56	4	75
11/11/2015 13:15	22.77	7.98	25.57	16.76	18.27	4	75
11/11/2015 13:20	16.05	8.21	16.52	15.21	14	4	75
11/11/2015 13:25	14.17	8.49	12.86	14.04	12.39	4	75
11/11/2015 13:30	36.17	6.1	31.85	20.01	23.53	4	75
11/11/2015 13:35	15.29	8.08	16.14	13.03	13.14	4	75
11/11/2015 13:40	15.81	7.58	15.44	13.06	12.97	4	75
11/11/2015 13:45	15.67	8.11	16.04	13.29	13.28	4	75
11/11/2015 13:50	12.94	7.48	11.98	10.33	10.68	4	75
11/11/2015 13:55	14.17	8.65	12.29	11.64	11.69	4	75
11/11/2015 14:00	15.06	8.12	10.86	10.85	11.22	4	75
11/11/2015 14:05	14.93	7.25	11.52	11.41	11.28	4	75
11/11/2015 14:10	13.32	7.09	11.63	10.84	10.72	4	75
11/11/2015 14:15	15.41	7.37	11.02	11.8	11.4	4	75
11/11/2015 14:20	14.9	8.25	13.23	12.33	12.18	4	75
11/11/2015 14:25	14.41	7.98	11.37	11.42	11.29	4	75
11/11/2015 14:30	13.34	6.94	11.4	11.28	10.74	4	75
11/11/2015 14:35	12.73	6.89	10.93	10.13	10.17	4	75
11/11/2015 14:40	15.02	8.65	13.49	11.54	12.18	4	75
11/11/2015 14:45	14.19	7.74	11.82	11.54	11.32	4	75
11/11/2015 14:50	13.96	6.6	10.72	10.53	10.45	4	75
11/11/2015 14:55	13.78	8.02	12.63	12.13	11.64	4	75
11/11/2015 15:00	14.09	7.53	12.37	11.69	11.42	4	75
11/11/2015 15:05	12.89	6.58	9.76	9.77	9.75	4	75
11/11/2015 15:10	11.04	6.64	10.02	10.12	9.46	4	75
11/11/2015 15:15	13.06	7.15	9.6	10.71	10.13	4	75
11/11/2015 15:20	13.88	7.81	9.78	10.2	10.42	4	75
11/11/2015 15:25	12.65	6.63	10.39	10.2	9.97	4	75
11/11/2015 15:30	12.99	6.69	10.02	10	9.92	4	75
11/11/2015 15:35	12.54	6.55	10.39	10.19	9.92	4	75
11/11/2015 15:40	13.17	6.81	10.76	10.03	10.19	4	75
11/11/2015 15:45	14.58	7.57	11.4	11.19	11.18	4	75
11/11/2015 15:50	11.35	6.43	9.46	9.69	9.23	4	75
11/11/2015 15:55	13.89	7.17	11.86	10.86	10.95	4	75
11/11/2015 16:00	11.47	6.31	7.9	8.72	8.6	4	75
11/11/2015 16:05	10.68	5.91	8.89	9.07	8.64	4	75
11/11/2015 16:10	12.36	6.72	10.59	9.92	9.9	4	75
11/11/2015 16:15	11.86	6.66	9.75	9.98	9.56	4	75
11/11/2015 16:20	12.87	6.91	10.92	9.98	10.17	4	75
11/11/2015 16:25	12.9	6.57	10.4	10.54	10.1	4	75
11/11/2015 16:30	14.01	7.1	10.29	11.08	10.62	4	75
11/11/2015 16:35	11.32	6.8	10.08	9.64	9.46	4	75
11/11/2015 16:40	14.4	8.21	9.6	9.96	10.54	4	75
11/11/2015 16:45	12.02	8.56	11.81	10.46	10.71	4	75
11/11/2015 16:50	13.03	6.59	9.26	9.34	9.55	4	75
11/11/2015 16:55	13.56	7.61	10.81	10.07	10.51	4	75
11/11/2015 17:00	12.67	6.76	9.79	9.96	9.79	4	75
11/11/2015 17:05	12.67	7.23	10.64	9.74	10.07	4	75
11/11/2015 17:10	13.35	7.18	12.17	11.15	10.96	4	75
11/11/2015 17:15	13.13	6.48	10.6	10.17	10.09	4	75
11/11/2015 17:20	16.01	7.4	12.97	11.8	12.04	4	75
11/11/2015 17:25	14.09	7.08	11.75	11.36	11.07	4	75
11/11/2015 17:30	13.53	7.62	12.42	11.27	11.21	4	75
11/11/2015 17:35	11.71	6.4	10.48	10.58	9.79	4	75
11/11/2015 17:40	15.71	7.74	13.73	12.68	12.46	4	75
11/11/2015 17:45	13.64	7.43	12.43	11.24	11.19	4	75
11/11/2015 17:50	13.23	7.89	12.26	11.32	11.17	4	75
11/11/2015 17:55	14.53	7.68	12.6	11.82	11.66	4	75
11/11/2015 18:00	13.68	7.67	11.26	11.09	10.93	4	75
11/11/2015 18:05	14.98	8.03	13.68	12.43	12.28	4	75
11/11/2015 18:10	14	6.33	11.58	11.33	10.81	4	75
11/11/2015 18:15	13.35	7.02	11.87	11.12	10.84	4	75
11/11/2015 18:20	14.55	7.63	11.48	11.7	11.34	4	75
11/11/2015 18:25	14.94	7.67	12.77	11.8	11.79	4	75
11/11/2015 18:30	14.98	7.96	12.25	11.16	11.59	4	75
11/11/2015 18:35	14.41	7.15	12.33	12.01	11.47	4	75
11/11/2015 18:40	14.71	6.77	14.74	11.97	12.05	4	75
11/11/2015 18:45	15.61	7.46	14.06	12.86	12.5	4	75
11/11/2015 18:50	14.48	8.02	13.13	12.15	11.94	4	75
11/11/2015 18:55	14.36	7.34	9.73	10.14	10.39	4	75
11/11/2015 19:00	14.19	7.58	13.01	12.24	11.75	4	75
11/11/2015 19:05	14.18	7.13	10.91	10.14	10.59	4	75
11/11/2015 19:10	13.98	7.73	11.41	10.69	10.95	4	75
11/11/2015 19:15	13.21	7.23	9.83	10.38	10.16	4	75
11/11/2015 19:20	13.46	7.1	11.22	10.41	10.55	4	75
11/11/2015 19:25	12.29	6.39	10.25	9.28	9.55	4	75
11/11/2015 19:30	18.71	5.96	15.45	12.63	13.19	4	75
11/11/2015 19:35	13.01	7.26	11.13	12.07	10.87	4	75
11/11/2015 19:40	12.16	7.21	8.48	9.13	9.24	4	75
11/11/2015 19:45	10.1	6.44	8.46	8.9	8.48	4	75
11/11/2015 19:50	11.41	6.59	7.35	8.11	8.37	4	75
11/11/2015 19:55	9.61	5.54	7.01	7.67	7.46	4	75
11/11/2015 20:00	8.6	6.02	9.13	8.88	8.16	4	75
11/11/2015 20:05	10.21	6.02	8.02	8.35	8.15	4	75
11/11/2015 20:10	10.48	6.04	8.4	8.26	8.29	4	75
11/11/2015 20:15	8.62	5.42	6.75	6.98	6.94	4	75
11/11/2015 20:20	10.62	5.69	8.8	8.15	8.32	4	75
11/11/2015 20:25	9.52	5.53	7.88	8.85	7.95	4	75
11/11/2015 20:30	9.01	5.25	8.35	8.64	7.81	4	75
11/11/2015 20:35	7.54	5.14	7.14	7.56	6.84	4	75
11/11/2015 20:40	9.96	6.12	7.98	8.43	8.12	4	75
11/11/2015 20:45	8.3	4.72	6.94	7.34	6.82	4	75
11/11/2015 20:50	8.01	5.63	6.83	7.22	6.92	4	75
11/11/2015 20:55	7.46	5.1	6.49	7	6.51	4	75
11/11/2015 21:00	7.48	4.33	6.06	6.96	6.21	4	75
11/11/2015 21:05	7.79	4.81	6.91	7.43	6.73	4	75
11/11/2015 21:10	6.94	4.06	7.63	7.51	6.53	4	75
11/11/2015 21:15	6.64	4.56	6.9	6.98	6.27	4	75
11/11/2015 21:20	9.41	5.16	7.57	8.05	7.55	4	75
11/11/2015 21:25	7.99	5.2	7.39	7.65	7.06	4	75
11/11/2015 21:30	6.98	4.87	5.86	6.76	6.12	4	75
11/11/2015 21:35	7.77	5.5	6.5	7.09	6.72	4	75
11/11/2015 21:40	2.03	1.83	2.51	4.1	2.62	4	75
11/11/2015 21:45	11.44	6.53	10.88	10.25	9.78	4	75
11/11/2015 21:50	6.17	4.57	5.72	6.16	5.65	4	75
11/11/2015 21:55	6.23	4.86	5.46	6.59	5.79	4	75
11/11/2015 22:00	5.6	3.99	5.39	6.25	5.31	4	75
11/11/2015 22:05	5.6	3.97	4.67	5.54	4.94	4	75
11/11/2015 22:10	6	4.33	5.76	5.99	5.52	4	75
11/11/2015 22:15	4.29	3.76	5.04	5.67	4.69	4	75
11/11/2015 22:20	6.06	4.49	7.22	7.32	6.27	4	75
11/11/2015 22:25	4.63	3.52	5.31	5.82	4.82	4	75
11/11/2015 22:30	5.51	3.87	4.79	5.93	5.02	4	75
11/11/2015 22:35	6.32	4.28	4.96	6.02	5.39	4	75
11/11/2015 22:40	5.2	3.83	5.63	5.91	5.14	4	75
11/11/2015 22:45	4.92	4.1	5.31	6.3	5.16	4	75
11/11/2015 22:50	4.24	3.73	3.37	5.19	4.13	4	75
11/11/2015 22:55	3.85	3.55	4.15	5.32	4.22	4	75
11/11/2015 23:00	3.95	3.14	4.2	5.03	4.08	4	75
11/11/2015 23:05	3.28	3.52	4.06	5.03	3.97	4	75
11/11/2015 23:10	2.85	2.38	2.95	4.49	3.17	4	75
11/11/2015 23:15	2.91	2.78	4.1	4.94	3.68	4	75
11/11/2015 23:20	3.11	2.35	3.39	4.47	3.33	4	75
11/11/2015 23:25	2.28	2.1	2.49	3.88	2.69	4	75
11/11/2015 23:30	2.79	1.67	3.77	4.3	3.13	4	75
11/11/2015 23:35	1.6	2.67	2.88	4.04	2.8	4	75
11/11/2015 23:40	3.07	2.02	3.46	4.56	3.28	4	75
11/11/2015 23:45	2.9	2.64	3.54	4.6	3.42	4	75
11/11/2015 23:50	1.69	1.78	2.96	4.06	2.62	4	75
11/11/2015 23:55	1.42	1.72	2.34	3.76	2.31	4	75
11/12/2015 00:00	1.81	2.01	2.32	3.78	2.48	4	75
11/12/2015 00:05	1.33	1.62	2.18	3.41	2.14	4	75
11/12/2015 00:10	1.33	1.27	2.3	3.47	2.09	4	75
11/12/2015 00:15	2.23	1.69	1.94	3.47	2.33	4	75
11/12/2015 00:20	1.61	1.96	1.82	3.52	2.23	4	75
11/12/2015 00:25	1.4	1.51	1.36	3.14	1.85	4	75
11/12/2015 00:30	1.64	1.74	1.95	3.3	2.16	4	75
11/12/2015 00:35	.8	.97	1.6	3	1.59	4	75
11/12/2015 00:40	1.41	1.41	1.46	2.96	1.81	4	75
11/12/2015 00:45	.87	1.1	2.92	3.52	2.1	4	75
11/12/2015 00:50	1.92	1.59	1.63	3.33	2.12	4	75
11/12/2015 00:55	1.07	1.17	1.8	3	1.76	4	75
11/12/2015 01:00	.69	1.07	1.11	1.01	.97	4	0
11/12/2015 01:05	.65	1.01	1.05	.96	.92	4	0
11/12/2015 01:10	.64	.99	1.03	.94	.9	4	0
11/12/2015 01:15	.84	1.02	1.36	2.95	1.54	4	75
11/12/2015 01:20	.83	.9	1.42	2.82	1.49	4	75
11/12/2015 01:25	.67	.67	1.46	2.76	1.39	4	75
11/12/2015 01:30	1.12	1.33	1.68	3.24	1.84	4	75
11/12/2015 01:35	.94	.77	.94	2.63	1.32	4	75
11/12/2015 01:40	.46	.61	.78	2.52	1.09	4	75
11/12/2015 01:45	.95	.84	1.53	2.54	1.46	4	75
11/12/2015 01:50	.84	1.15	1.69	3.09	1.69	4	75
11/12/2015 01:55	1.19	.97	1.32	2.8	1.57	4	75
11/12/2015 02:00	.72	.63	1.17	2.61	1.28	4	75
11/12/2015 02:05	.24	.46	1.05	2.51	1.07	4	75
11/12/2015 02:10	1.06	.9	1.4	.87	1.06	4	0
11/12/2015 02:15	.94	.85	1.72	.81	1.08	4	0
11/12/2015 02:20	.79	.91	1.15	.89	.93	4	0
11/12/2015 02:25	.68	.5	.72	.77	.67	4	0
11/12/2015 02:30	.67	.65	1.13	.74	.8	4	0
11/12/2015 02:35	.64	.8	1.29	.78	.88	4	0
11/12/2015 02:40	.76	1.01	1.51	2.77	1.51	4	75
11/12/2015 02:45	1.02	1.01	1.48	3.05	1.64	4	75
11/12/2015 02:50	1.1	1.06	1.98	3.11	1.81	4	75
11/12/2015 02:55	.78	.63	1.41	2.75	1.39	4	75
11/12/2015 03:00	.44	1.16	1.31	2.85	1.44	4	75
11/12/2015 03:05	.87	1.11	1.19	2.91	1.52	4	75
11/12/2015 03:10	1.42	1.1	1.33	2.94	1.7	4	75
11/12/2015 03:15	.9	.75	1.2	2.59	1.36	4	75
11/12/2015 03:20	1.47	1.35	1.38	3.16	1.84	4	75
11/12/2015 03:25	.86	1.56	1.82	3.35	1.9	4	75
11/12/2015 03:30	1.14	1.14	1.54	3.06	1.72	4	75
11/12/2015 03:35	1.62	1.37	1.4	2.99	1.84	4	75
11/12/2015 03:40	1.52	1.55	2.3	3.58	2.24	4	75
11/12/2015 03:45	2.51	1.97	1.87	3.64	2.5	4	75
11/12/2015 03:50	2.29	2.21	2.32	3.69	2.63	4	75
11/12/2015 03:55	2.54	1.68	3.09	3.95	2.81	4	75
11/12/2015 04:00	2.6	2.15	2.26	4	2.75	4	75
11/12/2015 04:05	1.96	1.94	2.79	3.93	2.65	4	75
11/12/2015 04:10	2.85	2.49	3.63	1.01	2.5	4	0
11/12/2015 04:15	3.56	2.83	3.33	1.14	2.71	4	0
11/12/2015 04:20	5.11	2.85	3.7	1.16	3.2	4	0
11/12/2015 04:25	5.78	3.49	4.65	1.34	3.81	4	0
11/12/2015 04:30	5.47	3.85	5.15	1.5	3.99	4	0
11/12/2015 04:35	5.94	4.2	5.56	1.72	4.36	4	0
11/12/2015 04:40	6.4	4.4	4.97	1.88	4.41	4	0
11/12/2015 04:45	7.17	4.47	5.52	1.96	4.78	4	0
11/12/2015 04:50	6.25	4.08	5.62	1.96	4.48	4	0
11/12/2015 04:55	3	4.39	4.61	5.92	4.48	4	75
11/12/2015 05:00	8.92	5.71	7.21	2.15	6	4	0
11/12/2015 05:05	9.75	5.47	6.77	2.36	6.09	4	0
11/12/2015 05:10	12.48	6.46	10.28	8.94	9.54	4	75
11/12/2015 05:15	13.36	7.31	9.44	3.09	8.3	4	0
11/12/2015 05:20	15.79	8.29	11.33	3.39	9.7	4	0
11/12/2015 05:25	16.55	8.91	14.29	3.69	10.86	4	0
11/12/2015 05:30	16.73	9.63	16.48	13.25	14.02	4	75
11/12/2015 05:35	17.36	8.62	18.14	14.39	14.63	4	75
11/12/2015 05:40	16.31	9	15.71	13.19	13.55	4	75
11/12/2015 05:45	18.59	8.79	16.96	14.08	14.61	4	75
11/12/2015 05:50	21.47	9.25	21.27	15.87	16.96	4	75
11/12/2015 05:55	17.2	8.46	18.04	15.81	14.88	4	75
11/12/2015 06:00	19.36	9.06	19.8	16.23	16.11	4	75
11/12/2015 06:05	21.29	8.35	21.36	19.28	17.57	4	75
11/12/2015 06:10	25.18	8.06	28.7	18.34	20.07	4	75
11/12/2015 06:15	24.04	8.14	23.13	17.08	18.1	4	75
11/12/2015 06:20	21.03	8.9	23.56	19.26	18.19	4	75
11/12/2015 06:25	24.94	8.02	30.21	20.67	20.96	4	75
11/12/2015 06:30	30.89	8.17	31.13	24.59	23.7	4	75
11/12/2015 06:35	21.58	8.4	23.99	21.06	18.76	4	75
11/12/2015 06:40	25.5	8.61	28.41	24.72	21.81	4	75
11/12/2015 06:45	40.32	4.78	45.57	20.14	27.7	4	75
11/12/2015 06:50	21.36	7.58	26.87	21.01	19.21	4	75
11/12/2015 06:55	19.36	7.78	23.75	21.14	18.01	4	75
11/12/2015 07:00	34.31	6.02	37.79	27.64	26.44	4	75
11/12/2015 07:05	29.88	7.04	30.24	23.38	22.63	4	75
11/12/2015 07:10	35.67	6.63	28.46	22.59	23.34	4	75
11/12/2015 07:15	41.43	5.83	37.02	23.74	27	4	75
11/12/2015 07:20	29.13	8.17	34.27	23.58	23.79	4	75
11/12/2015 07:25	45.83	5.13	44.36	25.71	30.26	4	75
11/12/2015 07:30	32.33	6.46	31.9	21.62	23.08	4	75
11/12/2015 07:35	38.17	6.24	43.93	30.62	29.74	4	75
11/12/2015 07:40	25.8	7.5	33.56	24.71	22.89	4	75
11/12/2015 07:45	49.22	2.89	48	24.21	31.08	4	75
11/12/2015 07:50	38.06	6.16	43.1	14.71	25.51	4	0
11/12/2015 07:55	39.34	6.94	37.15	14.56	24.5	4	0
11/12/2015 08:00	41.09	6.17	39.22	23.99	27.62	4	75
11/12/2015 08:05	20	6.11	23.22	20.02	17.34	4	75
11/12/2015 08:10	39.76	5.28	46.78	10.93	25.69	4	0
11/12/2015 08:15	31	6.91	37.65	10.73	21.57	4	0
11/12/2015 08:20	38.02	4.25	49.91	23.09	28.82	4	75
11/12/2015 08:25	36.81	6.6	37.08	23.49	26	4	75
11/12/2015 08:30	35.08	6.18	37.44	30.68	27.35	4	75
11/12/2015 08:35	26.39	7	25.22	21.94	20.14	4	75
11/12/2015 08:40	44.22	5.01	46.29	10.64	26.54	4	0
11/12/2015 08:45	36.21	7.06	34.95	10.42	22.16	4	0
11/12/2015 08:50	31.42	6.7	32.03	23.12	23.32	4	75
11/12/2015 08:55	37.48	6.15	40.63	23.05	26.83	4	75
11/12/2015 09:00	31.73	8.13	33.58	20.57	23.5	4	75
11/12/2015 09:05	28.17	7.08	35.72	25.84	24.2	4	75
11/12/2015 09:10	40.75	18.83	43.52	22.78	31.47	4	75
11/12/2015 09:15	32.98	8.13	30.22	22.34	23.42	4	75
11/12/2015 09:20	35.82	6.13	42.4	20.56	26.23	4	75
11/12/2015 09:25	32.11	7.89	31.34	24.03	23.84	4	75
11/12/2015 09:30	34.13	7.14	34.37	23.18	24.7	4	75
11/12/2015 09:35	32.66	7.29	34.16	28.97	25.77	4	75
11/12/2015 09:40	27.74	7.16	43.41	24.67	25.75	4	75
11/12/2015 09:45	26.9	8.31	27.43	20.27	20.73	4	75
11/12/2015 09:50	31.23	7.93	32.29	24.94	24.1	4	75
11/12/2015 09:55	36.25	6.06	35.61	20.73	24.66	4	75
11/12/2015 10:00	32.39	6.64	38.66	21.34	24.76	4	75
11/12/2015 10:05	24.48	7.45	28.86	23.64	21.11	4	75
11/12/2015 10:10	37.5	6.18	42.43	22.12	27.06	4	75
11/12/2015 10:15	36.67	7.52	30.52	27.52	25.56	4	75
11/12/2015 10:20	29.71	7.48	31.9	19.09	22.05	4	75
11/12/2015 10:25	43.06	5.39	47.31	22.49	29.56	4	75
11/12/2015 10:30	23.48	8.72	24.67	18.01	18.72	4	75
11/12/2015 10:35	37.49	7.01	39.1	28.99	28.15	4	75
11/12/2015 10:40	25.51	7.9	30.19	24.87	22.12	4	75
11/12/2015 10:45	33.09	7.96	37.59	25.12	25.94	4	75
11/12/2015 10:50	38.14	6.62	37.79	25.68	27.06	4	75
11/12/2015 10:55	25.52	7.1	28.75	24.64	21.5	4	75
11/12/2015 11:00	31.12	7.08	32.52	20.25	22.74	4	75
11/12/2015 11:05	29.37	7.4	30.3	21.59	22.17	4	75
11/12/2015 11:10	26.6	8.09	29.59	23.21	21.87	4	75
11/12/2015 11:15	43.49	5.94	39.01	23.34	27.95	4	75
11/12/2015 11:20	32.6	7.04	26.4	18.75	21.2	4	75
11/12/2015 11:25	21.89	8.23	31.72	21.45	20.82	4	75
11/12/2015 11:30	33.06	7.48	38.17	22.89	25.4	4	75
11/12/2015 11:35	21.56	8.66	25.41	21.38	19.25	4	75
11/12/2015 11:40	32.82	7.16	34.52	21.67	24.04	4	75
11/12/2015 11:45	25.25	8.2	29.1	18.59	20.28	4	75
11/12/2015 11:50	24.23	8.73	30.1	23.09	21.54	4	75
11/12/2015 11:55	25.02	8.32	26.34	18.14	19.46	4	75
11/12/2015 12:00	25.93	8.46	31.19	21.93	21.88	4	75
11/12/2015 12:05	24.15	7.4	37.17	22.1	22.71	4	75
11/12/2015 12:10	20.85	7.77	22.52	14.59	16.43	4	75
11/12/2015 12:15	19.49	8.35	22.06	16.49	16.6	4	75
11/12/2015 12:20	23.29	8.5	28.75	21.35	20.47	4	75
11/12/2015 12:25	17.33	7.74	21.44	15.72	15.56	4	75
11/12/2015 12:30	18.98	9.62	21.95	18.61	17.29	4	75
11/12/2015 12:35	26.14	6.93	30.46	18.63	20.54	4	75
11/12/2015 12:40	14.96	8.14	18.13	14.16	13.85	4	75
11/12/2015 12:45	14.36	8.29	14.71	13.4	12.69	4	75
11/12/2015 12:50	15.88	8.67	15.54	15.08	13.79	4	75
11/12/2015 12:55	22.58	8.08	23.08	17.21	17.74	4	75
11/12/2015 13:00	25.62	8.04	22.23	17.54	18.36	4	75
11/12/2015 13:05	20.72	8.52	24.72	17.71	17.92	4	75
11/12/2015 13:10	14.61	7.6	15.93	16.62	13.69	4	75
11/12/2015 13:15	18.49	8.22	14.64	15.46	14.2	4	75
11/12/2015 13:20	22.98	7.81	15.46	16.07	15.58	4	75
11/12/2015 13:25	13.81	8.17	14.11	14.91	12.75	4	75
11/12/2015 13:30	13.56	7.55	11.12	12.69	11.23	4	75
11/12/2015 13:35	15.73	8.37	13.75	13.31	12.79	4	75
11/12/2015 13:40	12.79	8.36	11.96	11.33	11.11	4	75
11/12/2015 13:45	13.13	6.85	11.51	10.64	10.53	4	75
11/12/2015 13:50	14.29	8.21	11.81	11.54	11.46	4	75
11/12/2015 13:55	13.65	8.02	12.81	12.06	11.64	4	75
11/12/2015 14:00	15.06	8.15	12.77	12.55	12.13	4	75
11/12/2015 14:05	14.83	8.37	13.13	12.17	12.13	4	75
11/12/2015 14:10	14.87	8.33	13	11.81	12	4	75
11/12/2015 14:15	13.43	8.19	11.13	11.29	11.01	4	75
11/12/2015 14:20	13.92	8.46	12.23	11.98	11.65	4	75
11/12/2015 14:25	14.52	7.74	12.24	11.85	11.59	4	75
11/12/2015 14:30	14.44	8.16	13.34	12.34	12.07	4	75
11/12/2015 14:35	12.17	6.97	11.05	10.31	10.13	4	75
11/12/2015 14:40	13.98	8.2	14.78	15.29	13.06	4	75
11/12/2015 14:45	13.19	7.48	11.94	19.51	13.03	4	75
11/12/2015 14:50	22.03	6.69	22.79	21.04	18.14	4	75
11/12/2015 14:55	14.06	7.74	12.47	16.84	12.78	4	75
11/12/2015 15:00	11.3	5.88	9.77	11.27	9.56	4	75
11/12/2015 15:05	11.17	7.56	10.76	9.92	9.85	4	75
11/12/2015 15:10	12.28	6.75	9.36	9.19	9.39	4	75
11/12/2015 15:15	12.94	7.46	10.6	11.05	10.51	4	75
11/12/2015 15:20	13.45	7.79	12.16	11.13	11.13	4	75
11/12/2015 15:25	11.67	6.62	8.66	9.12	9.02	4	75
11/12/2015 15:30	11.32	6.72	9.44	9.65	9.28	4	75
11/12/2015 15:35	11.14	7.05	8.34	9.38	8.98	4	75
11/12/2015 15:40	11.61	6.77	9.32	9.62	9.33	4	75
11/12/2015 15:45	13.47	6.79	11.29	10.89	10.61	4	75
11/12/2015 15:50	12.43	6.26	10.33	9.41	9.61	4	75
11/12/2015 15:55	14.57	7.48	11.3	9.96	10.83	4	75
11/12/2015 16:00	13	6.69	9.25	9.03	9.49	4	75
11/12/2015 16:05	12.17	6.92	9.39	9.45	9.48	4	75
11/12/2015 16:10	11.8	6.52	10.18	10.06	9.64	4	75
11/12/2015 16:15	11.06	6.36	8.86	9.1	8.84	4	75
11/12/2015 16:20	12.25	6.53	9.9	10.08	9.69	4	75
11/12/2015 16:25	14.21	7.76	9.76	9.89	10.41	4	75
11/12/2015 16:30	11.68	7.21	10.05	9.95	9.72	4	75
11/12/2015 16:35	10.63	6.71	9.23	9.61	9.04	4	75
11/12/2015 16:40	12.63	6.66	9.9	9.83	9.75	4	75
11/12/2015 16:45	10.61	6.75	10.12	9.31	9.2	4	75
11/12/2015 16:50	11.73	7.07	10.28	9.62	9.68	4	75
11/12/2015 16:55	13.87	7.24	12.06	10.93	11.03	4	75
11/12/2015 17:00	12.01	7.13	10.11	10.17	9.85	4	75
11/12/2015 17:05	8.29	5.44	7.46	7.91	7.27	4	75
11/12/2015 17:10	14.02	7.42	11.05	10.96	10.86	4	75
11/12/2015 17:15	13.22	7.48	13.06	11.5	11.32	4	75
11/12/2015 17:20	14.84	7.62	13.09	11.25	11.7	4	75
11/12/2015 17:25	12.25	6.59	10.18	9.05	9.52	4	75
11/12/2015 17:30	12.71	7.39	10.7	10.47	10.32	4	75
11/12/2015 17:35	13.08	7.44	12.36	11.21	11.02	4	75
11/12/2015 17:40	13.42	6.69	13.09	11.42	11.15	4	75
11/12/2015 17:45	12.67	7.04	10.58	10.52	10.2	4	75
11/12/2015 17:50	12.97	6.62	10.45	10.62	10.16	4	75
11/12/2015 17:55	12.63	7.52	12.02	11.29	10.87	4	75
11/12/2015 18:00	12.63	6.95	12.33	11.74	10.91	4	75
11/12/2015 18:05	16.48	8.13	14.75	12.83	13.05	4	75
11/12/2015 18:10	14.07	7.41	11.52	11.6	11.15	4	75
11/12/2015 18:15	13.74	8.13	13.63	12.18	11.92	4	75
11/12/2015 18:20	8.17	5.68	10.25	9.32	8.35	4	75
11/12/2015 18:25	8.29	6.17	10.24	10.12	8.71	4	75
11/12/2015 18:30	8.46	5.34	10.06	9.47	8.33	4	75
11/12/2015 18:35	9.52	6.15	10.98	10.21	9.22	4	75
11/12/2015 18:40	11.22	6.48	12	10.02	9.93	4	75
11/12/2015 18:45	15.33	8.02	16.8	13.24	13.35	4	75
11/12/2015 18:50	14.75	7.39	16.78	13.33	13.06	4	75
11/12/2015 18:55	18.41	7.52	16.48	15.33	14.43	4	75
11/12/2015 19:00	20.4	8.02	23.05	19.04	17.63	4	75
11/12/2015 19:05	25.35	7.25	23.25	16.1	17.99	4	75
11/12/2015 19:10	16.35	7.75	14.36	12.5	12.74	4	75
11/12/2015 19:15	13.37	7.06	10.91	10.69	10.51	4	75
11/12/2015 19:20	13.75	7.05	13.29	11.64	11.43	4	75
11/12/2015 19:25	15.33	7.27	11.7	11.29	11.4	4	75
11/12/2015 19:30	14.15	7.17	11.65	11.5	11.12	4	75
11/12/2015 19:35	13.12	7.19	10.67	10.3	10.32	4	75
11/12/2015 19:40	13.72	7.15	10.77	10.09	10.43	4	75
11/12/2015 19:45	12.26	6.8	9.33	9.37	9.44	4	75
11/12/2015 19:50	13.13	7.07	10.79	9.83	10.2	4	75
11/12/2015 19:55	11.24	6.02	9.52	9.02	8.95	4	75
11/12/2015 20:00	10.01	6.67	8.69	8.99	8.59	4	75
11/12/2015 20:05	9.99	5.51	8.17	8.45	8.03	4	75
11/12/2015 20:10	7.37	5.4	7.74	7.63	7.04	4	75
11/12/2015 20:15	9.75	5.79	9.16	8.63	8.33	4	75
11/12/2015 20:20	9.98	6.1	8.8	8.93	8.45	4	75
11/12/2015 20:25	9.46	5.77	8.23	8.14	7.9	4	75
11/12/2015 20:30	8.63	5.29	8.11	8.23	7.56	4	75
11/12/2015 20:35	7.83	5.56	7.49	7.85	7.18	4	75
11/12/2015 20:40	8.76	5.9	7.61	8.01	7.57	4	75
11/12/2015 20:45	7.28	4.97	7.62	7.58	6.86	4	75
11/12/2015 20:50	9.75	6.29	7.09	7.53	7.66	4	75
11/12/2015 20:55	8.76	5.76	8.66	8.06	7.81	4	75
11/12/2015 21:00	8.21	5.21	6.92	7.39	6.93	4	75
11/12/2015 21:05	7.08	3.99	6.39	7.09	6.14	4	75
11/12/2015 21:10	7.03	3.66	6.4	6.69	5.95	4	75
11/12/2015 21:15	7.82	4.86	5.94	7.05	6.42	4	75
11/12/2015 21:20	8.22	5.38	6.16	7.09	6.71	4	75
11/12/2015 21:25	9.78	5.9	8.45	8.51	8.16	4	75
11/12/2015 21:30	8.59	5.61	7.56	7.66	7.36	4	75
11/12/2015 21:35	7.81	5.59	6.42	6.99	6.7	4	75
11/12/2015 21:40	7.79	4.63	7.84	7.71	6.99	4	75
11/12/2015 21:45	8.51	5.56	6.78	7.26	7.03	4	75
11/12/2015 21:50	6.01	5.19	6.11	6.88	6.05	4	75
11/12/2015 21:55	7.48	4.39	6.73	7.15	6.44	4	75
11/12/2015 22:00	6.13	4.44	5.93	6.68	5.8	4	75
11/12/2015 22:05	5.97	4.4	5.25	6.29	5.48	4	75
11/12/2015 22:10	5.95	4.6	5.95	6.73	5.81	4	75
11/12/2015 22:15	7.43	4.51	6.92	7.31	6.54	4	75
11/12/2015 22:20	8.14	5.25	6.14	6.95	6.62	4	75
11/12/2015 22:25	7.77	5.04	7.4	7.26	6.87	4	75
11/12/2015 22:30	5.74	4.65	5.33	6.1	5.46	4	75
11/12/2015 22:35	5.25	3.66	6.54	6.41	5.46	4	75
11/12/2015 22:40	6.09	4.22	5.94	6.78	5.76	4	75
11/12/2015 22:45	5.23	3.49	4.36	5.22	4.58	4	75
11/12/2015 22:50	3.51	3.93	4.86	5.48	4.44	4	75
11/12/2015 22:55	5.07	3.56	5.23	6.03	4.97	4	75
11/12/2015 23:00	4.08	2.82	4.74	5.44	4.27	4	75
11/12/2015 23:05	3.34	2.55	4.01	5.03	3.73	4	75
11/12/2015 23:10	4.52	2.79	3.65	4.84	3.95	4	75
11/12/2015 23:15	4.93	3.28	4.87	5.68	4.69	4	75
11/12/2015 23:20	2.53	2.53	2.79	4.14	3	4	75
11/12/2015 23:25	2.07	2.72	3.55	4.36	3.17	4	75
11/12/2015 23:30	4.2	3.33	3.64	4.74	3.98	4	75
11/12/2015 23:35	3.33	3.4	4.24	5.14	4.03	4	75
11/12/2015 23:40	3.18	2.22	2.96	4.2	3.14	4	75
11/12/2015 23:45	3.37	2.62	3.69	4.71	3.6	4	75
11/12/2015 23:50	1.98	2.22	3.19	4.07	2.87	4	75
11/12/2015 23:55	1.79	2.11	2.29	3.79	2.5	4	75
11/13/2015 00:00	2.65	2.34	3.57	4.46	3.25	4	75
11/13/2015 00:05	2.65	2.38	3.76	4.66	3.36	4	75
11/13/2015 00:10	1.99	2.07	2.92	4.03	2.75	4	75
11/13/2015 00:15	1.8	2.09	3.14	4.14	2.79	4	75
11/13/2015 00:20	2.31	2.17	2.81	4.08	2.84	4	75
11/13/2015 00:25	1.56	1.22	2.2	3.26	2.06	4	75
11/13/2015 00:30	2.12	1.65	2.29	3.96	2.51	4	75
11/13/2015 00:35	1.73	1.9	3.44	4.08	2.79	4	75
11/13/2015 00:40	1.22	1.32	2.1	3.42	2.01	4	75
11/13/2015 00:45	1.69	1.4	2.6	3.62	2.33	4	75
11/13/2015 00:50	1.1	1.72	1.38	3.19	1.85	4	75
11/13/2015 00:55	1.58	1.29	2.2	3.41	2.12	4	75
11/13/2015 01:00	.82	1.28	1.33	1.21	1.16	4	0
11/13/2015 01:05	.84	1.31	1.36	1.24	1.19	4	0
11/13/2015 01:10	.72	1.39	4.22	3.11	2.36	4	75
11/13/2015 01:15	1.19	1.76	1.71	3.31	1.99	4	75
11/13/2015 01:20	1.52	1.53	1.72	3.17	1.98	4	75
11/13/2015 01:25	.8	.88	1.25	2.76	1.42	4	75
11/13/2015 01:30	.99	1.1	1.98	3.18	1.81	4	75
11/13/2015 01:35	.85	1.1	1.04	2.89	1.47	4	75
11/13/2015 01:40	.9	.97	1.19	2.78	1.46	4	75
11/13/2015 01:45	.88	1.33	1.32	3.01	1.64	4	75
11/13/2015 01:50	1.25	.81	1.25	2.73	1.51	4	75
11/13/2015 01:55	.68	.95	1.23	2.68	1.38	4	75
11/13/2015 02:00	.92	.61	1.32	2.62	1.37	4	75
11/13/2015 02:05	.62	.83	1.72	2.98	1.54	4	75
11/13/2015 02:10	.85	.87	.93	2.77	1.36	4	75
11/13/2015 02:15	.84	.72	1.34	2.74	1.41	4	75
11/13/2015 02:20	.67	1.07	1.14	3.17	1.51	4	75
11/13/2015 02:25	.91	.86	1.81	3.03	1.65	4	75
11/13/2015 02:30	.76	1.1	2.24	3.41	1.88	4	75
11/13/2015 02:35	1.08	1.4	2.55	3.5	2.13	4	75
11/13/2015 02:40	.54	.86	1.56	2.74	1.42	4	75
11/13/2015 02:45	1.02	.98	3.48	3.66	2.28	4	75
11/13/2015 02:50	1.15	.54	1.47	2.81	1.49	4	75
11/13/2015 02:55	1.13	0	1.1	2.62	1.21	4	75
11/13/2015 03:00	.8	.6	1.51	2.76	1.42	4	75
11/13/2015 03:05	.72	.81	1.56	2.87	1.49	4	75
11/13/2015 03:10	1.37	1.5	3.2	3.9	2.49	4	75
11/13/2015 03:15	.94	1.47	1.99	3.3	1.93	4	75
11/13/2015 03:20	1.35	.9	2.74	3.55	2.13	4	75
11/13/2015 03:25	1.94	1.78	2.05	3.66	2.36	4	75
11/13/2015 03:30	1.72	1.52	2.58	3.8	2.41	4	75
11/13/2015 03:35	1.88	1.69	3.06	3.89	2.63	4	75
11/13/2015 03:40	2.44	1.86	2.3	3.73	2.58	4	75
11/13/2015 03:45	16.91	1.31	2.49	3.61	6.08	4	75
11/13/2015 03:50	1.67	2.14	2.67	3.92	2.6	4	75
11/13/2015 03:55	96	2.01	2.01	3.85	25.97	4	75
11/13/2015 04:00	2.07	2.4	1.73	3.76	2.49	4	75
11/13/2015 04:05	2.34	2.2	1.92	3.97	2.61	4	75
11/13/2015 04:10	2.82	2.21	2.68	4.4	3.03	4	75
11/13/2015 04:15	3.8	2.41	3.61	4.46	3.57	4	75
11/13/2015 04:20	3.67	3.12	3.72	4.94	3.86	4	75
11/13/2015 04:25	5.55	3.44	3.64	4.86	4.37	4	75
11/13/2015 04:30	4.63	3.32	3.75	5	4.17	4	75
11/13/2015 04:35	5.44	3.58	5.08	5.72	4.96	4	75
11/13/2015 04:40	6.29	4.81	4.47	6.15	5.43	4	75
11/13/2015 04:45	7.9	4.41	5.94	6.3	6.14	4	75
11/13/2015 04:50	6.29	4.1	4.43	5.53	5.09	4	75
11/13/2015 04:55	6.9	4.35	6.03	6.68	5.99	4	75
11/13/2015 05:00	7.52	4.75	5.89	6.62	6.19	4	75
11/13/2015 05:05	10.14	6.36	7.8	8.02	8.08	4	75
11/13/2015 05:10	11.47	7.24	9.44	9.47	9.4	4	75
11/13/2015 05:15	12.25	7.06	8.48	8.45	9.06	4	75
11/13/2015 05:20	14.33	7.44	12.01	11.08	11.22	4	75
11/13/2015 05:25	16.56	9.02	11.95	11.01	12.13	4	75
11/13/2015 05:30	17.05	8.78	14.33	12.55	13.18	4	75
11/13/2015 05:35	17.49	9.08	15.71	14.77	14.26	4	75
11/13/2015 05:40	18.8	9.1	19.68	15.24	15.7	4	75
11/13/2015 05:45	15.9	8.44	15.68	15.17	13.8	4	75
11/13/2015 05:50	17.63	8.87	19.13	15.2	15.21	4	75
11/13/2015 05:55	18.72	9.01	20.12	17.23	16.27	4	75
11/13/2015 06:00	17.79	8.17	17.71	16.13	14.95	4	75
11/13/2015 06:05	18.17	8.73	16.51	15.41	14.7	4	75
11/13/2015 06:10	20.32	8.98	17.9	15.93	15.78	4	75
11/13/2015 06:15	18.04	9.31	18.36	18.5	16.05	4	75
11/13/2015 06:20	21.6	8.25	24.66	21.7	19.05	4	75
11/13/2015 06:25	25.92	7.81	28.58	22.45	21.19	4	75
11/13/2015 06:30	23.6	7.85	27.65	22.99	20.52	4	75
11/13/2015 06:35	27.86	7.59	26.41	21.29	20.79	4	75
11/13/2015 06:40	46.22	5.52	41.85	26.73	30.08	4	75
11/13/2015 06:45	24.66	8.17	24.15	20.27	19.31	4	75
11/13/2015 06:50	43.35	5.59	40.06	30.34	29.84	4	75
11/13/2015 06:55	23.97	7.36	25.02	21.46	19.45	4	75
11/13/2015 07:00	42.01	5.9	39.18	24.38	27.87	4	75
11/13/2015 07:05	34.9	7.09	37.07	22.04	25.27	4	75
11/13/2015 07:10	35.04	6.56	39.05	26.19	26.71	4	75
11/13/2015 07:15	31.28	7.7	31.43	23.24	23.41	4	75
11/13/2015 07:20	42.75	5.91	45.02	25.72	29.85	4	75
11/13/2015 07:25	36.8	6.48	39.25	26.76	27.32	4	75
11/13/2015 07:30	25.69	7.98	27.78	20.95	20.6	4	75
11/13/2015 07:35	32.99	6.29	36.3	22.83	24.6	4	75
11/13/2015 07:40	24.43	7.94	31.94	21.04	21.34	4	75
11/13/2015 07:45	30.25	7.48	29.05	21.21	22	4	75
11/13/2015 07:50	42.87	6.21	39.86	29.97	29.73	4	75
11/13/2015 07:55	26.87	7.3	31.65	22.23	22.01	4	75
11/13/2015 08:00	46.92	5.55	41	23.4	29.22	4	75
11/13/2015 08:05	28.79	7.14	33.59	26.49	24	4	75
11/13/2015 08:10	25.66	7.63	25.65	21.46	20.1	4	75
11/13/2015 08:15	31.4	6.84	31.58	24.04	23.46	4	75
11/13/2015 08:20	39.22	6.13	39.91	22.34	26.9	4	75
11/13/2015 08:25	43.87	6.17	41.13	29.28	30.11	4	75
11/13/2015 08:30	28.41	7.52	29.62	27.76	23.33	4	75
11/13/2015 08:35	25.2	6.77	32.07	28.15	23.05	4	75
11/13/2015 08:40	44.97	5.96	31.29	22.36	26.15	4	75
11/13/2015 08:45	39.96	6.94	39.83	25.28	28	4	75
11/13/2015 08:50	28.55	7.88	27.83	27.32	22.9	4	75
11/13/2015 08:55	41.75	6.67	35.69	17.62	25.43	4	75
11/13/2015 09:00	28.22	7.88	28.35	20.81	21.31	4	75
11/13/2015 09:05	41.07	7.94	39.15	27.77	28.98	4	75
11/13/2015 09:10	32.14	7.46	30.62	24.27	23.62	4	75
11/13/2015 09:15	29.13	6.14	30.02	24.28	22.39	4	75
11/13/2015 09:20	43.36	5.47	41.94	22.78	28.39	4	75
11/13/2015 09:25	40.25	6.82	37.98	29.33	28.6	4	75
11/13/2015 09:30	27.4	7.11	31.92	19.01	21.36	4	75
11/13/2015 09:35	23.11	9.28	32.39	18.47	20.81	4	75
11/13/2015 09:40	31.51	7.2	31.23	8.73	19.67	4	0
11/13/2015 09:45	39.6	6.28	35.95	8.76	22.65	4	0
11/13/2015 09:50	29.33	6.63	38.55	26.38	25.22	4	75
11/13/2015 09:55	30	7.58	39.19	19.44	24.05	4	75
11/13/2015 10:00	28.25	7.16	30.51	21.2	21.78	4	75
11/13/2015 10:05	38.61	6.57	33.66	21.81	25.16	4	75
11/13/2015 10:10	18.23	7.82	23.4	21.37	17.7	4	75
11/13/2015 10:15	31.08	6.54	36.03	17.14	22.7	4	75
11/13/2015 10:20	33.07	7.45	34.06	27.41	25.5	4	75
11/13/2015 10:25	26.37	7.73	24.39	18.62	19.28	4	75
11/13/2015 10:30	30.32	7.25	26.27	17.17	20.25	4	75
11/13/2015 10:35	28.36	6.71	29.6	20.37	21.26	4	75
11/13/2015 10:40	21.33	7.9	27.19	8.66	16.27	4	0
11/13/2015 10:45	36.72	6.76	34.08	8.69	21.56	4	0
11/13/2015 10:50	35.49	6.7	30.88	8.7	20.44	4	0
11/13/2015 10:55	37.59	5.78	31.11	24.66	24.79	4	75
11/13/2015 11:00	29.4	8.39	33.57	17.22	22.14	4	75
11/13/2015 11:05	24.58	8.25	27.56	18.13	19.63	4	75
11/13/2015 11:10	30.76	8.6	29.37	25.89	23.66	4	75
11/13/2015 11:15	25.29	7.91	25.23	16.59	18.76	4	75
11/13/2015 11:20	25.15	9.12	26.88	17.44	19.65	4	75
11/13/2015 11:25	40.14	6.74	31.78	22.9	25.39	4	75
11/13/2015 11:30	22.18	8.06	20.94	16.73	16.98	4	75
11/13/2015 11:35	29.45	8.17	29.24	23.11	22.49	4	75
11/13/2015 11:40	29.22	7.04	27.63	16.21	20.03	4	75
11/13/2015 11:45	19.1	8.17	23.74	21.99	18.25	4	75
11/13/2015 11:50	24.4	7.57	29.02	8.84	17.46	4	0
11/13/2015 11:55	31.78	7.01	30.19	8.78	19.44	4	0
11/13/2015 12:00	19.88	8.87	22.21	8.79	14.94	4	0
11/13/2015 12:05	21.48	8.82	23.31	16.12	17.43	4	75
11/13/2015 12:10	20.01	9.1	26.57	16.87	18.14	4	75
11/13/2015 12:15	26.06	7.4	30.73	28.83	23.26	4	75
11/13/2015 12:20	30.47	6.83	28.5	14.61	20.1	4	75
11/13/2015 12:25	22.44	8.95	19.08	20.35	17.71	4	75
11/13/2015 12:30	21.43	7.67	21.14	14.51	16.19	4	75
11/13/2015 12:35	19.08	8.29	21.19	15.06	15.91	4	75
11/13/2015 12:40	34.21	6.1	39.6	26	26.48	4	75
11/13/2015 12:45	20.59	8.32	19.09	14.4	15.6	4	75
11/13/2015 12:50	18.23	8.57	20.17	15.15	15.53	4	75
11/13/2015 12:55	17.01	7.03	18.94	15.55	14.63	4	75
11/13/2015 13:00	16.15	8.25	20.92	18.22	15.89	4	75
11/13/2015 13:05	29.77	7.36	29.63	17.5	21.06	4	75
11/13/2015 13:10	25.73	8.88	28.9	17.74	20.31	4	75
11/13/2015 13:15	26.33	9.17	21.36	18.1	18.74	4	75
11/13/2015 13:20	27.93	8.52	27.97	17.05	20.37	4	75
11/13/2015 13:25	23.04	8.67	21.44	16.37	17.38	4	75
11/13/2015 13:30	21.07	8.57	25.3	17.35	18.07	4	75
11/13/2015 13:35	19.1	7.57	20.8	16.77	16.06	4	75
11/13/2015 13:40	18.23	9.03	14.31	16.96	14.63	4	75
11/13/2015 13:45	15.79	7.89	14.02	13.76	12.86	4	75
11/13/2015 13:50	12.56	7.66	11.14	11.19	10.64	4	75
11/13/2015 13:55	13.89	7.01	13.18	12.64	11.68	4	75
11/13/2015 14:00	14.72	8.17	12.47	11.52	11.72	4	75
11/13/2015 14:05	15.45	7.65	13.76	11.68	12.14	4	75
11/13/2015 14:10	13.09	7.72	12.78	11.28	11.22	4	75
11/13/2015 14:15	13.72	7.95	13.02	12.86	11.89	4	75
11/13/2015 14:20	15.35	8.27	13.3	12.21	12.28	4	75
11/13/2015 14:25	12.83	8.01	14.15	12.85	11.96	4	75
11/13/2015 14:30	11.96	7.42	11.81	10.83	10.5	4	75
11/13/2015 14:35	14.15	7.79	12	11.67	11.4	4	75
11/13/2015 14:40	13.97	7.21	10.98	11.38	10.89	4	75
11/13/2015 14:45	14.19	7.44	13.12	12.09	11.71	4	75
11/13/2015 14:50	13.3	7.65	10.33	10.96	10.56	4	75
11/13/2015 14:55	12.76	6.7	11.18	10.85	10.37	4	75
11/13/2015 15:00	12.1	7.07	10.98	10.86	10.25	4	75
11/13/2015 15:05	12.6	6.82	10.89	10.63	10.24	4	75
11/13/2015 15:10	14.5	7.51	12.68	12.39	11.77	4	75
11/13/2015 15:15	12.93	7.8	10.28	10.53	10.39	4	75
11/13/2015 15:20	13.43	7.79	11.91	11.69	11.21	4	75
11/13/2015 15:25	11.6	6.45	9.96	11.33	9.83	4	0
11/13/2015 15:30	12.16	6.62	10.43	11.15	10.09	4	0
11/13/2015 15:35	12.7	7.45	12.27	11.42	10.96	4	0
11/13/2015 15:40	12.66	6.3	6.2	7.79	8.24	4	75
11/13/2015 15:45	12.55	6.66	11	12.07	10.57	4	0
11/13/2015 15:50	13.28	7.51	10.72	11.93	10.86	4	0
11/13/2015 15:55	11.58	6.96	9.1	10.16	9.45	4	75
11/13/2015 16:00	12.8	6.12	9.08	9.9	9.48	4	75
11/13/2015 16:05	13.4	6.49	11.05	10.04	10.25	4	75
11/13/2015 16:10	11.05	6.03	9.43	8.92	8.86	4	75
11/13/2015 16:15	14.25	7.64	10.27	10.25	10.6	4	75
11/13/2015 16:20	13.47	7.37	8.71	9.25	9.7	4	75
11/13/2015 16:25	13.61	6.32	9.14	9.57	9.66	4	75
11/13/2015 16:30	14.16	7.87	12.31	10.47	11.2	4	75
11/13/2015 16:35	13.35	7.04	9.32	10.67	10.09	4	75
11/13/2015 16:40	13.48	7.03	10.22	10.06	10.2	4	75
11/13/2015 16:45	10.11	6.05	8.84	9.27	8.57	4	75
11/13/2015 16:50	12.39	7.67	12.24	10.89	10.8	4	75
11/13/2015 16:55	11.13	6.86	9.81	10	9.45	4	75
11/13/2015 17:00	11.93	6.73	10.68	10.09	9.86	4	75
11/13/2015 17:05	13.01	7.48	10.02	10.47	10.25	4	75
11/13/2015 17:10	13.87	7.45	10.83	10.63	10.7	4	75
11/13/2015 17:15	14.08	6.85	11.86	10.93	10.93	4	75
11/13/2015 17:20	12.83	7.42	10.48	10.37	10.27	4	75
11/13/2015 17:25	13.17	7.29	10.69	11.16	10.58	4	75
11/13/2015 17:30	13.89	7.12	12.68	11.06	11.19	4	75
11/13/2015 17:35	12.8	6.57	11.15	11.17	10.42	4	75
11/13/2015 17:40	12.7	6.78	11.56	10.31	10.34	4	75
11/13/2015 17:45	14.08	7.29	11.28	11.07	10.93	4	75
11/13/2015 17:50	14.9	7.8	11.73	11.81	11.56	4	75
11/13/2015 17:55	12.55	6.66	9.56	9.7	9.62	4	75
11/13/2015 18:00	14.09	7.34	12.85	11.13	11.35	4	75
11/13/2015 18:05	13.67	7.29	11	10.52	10.62	4	75
11/13/2015 18:10	11.38	7.35	11.96	10.89	10.39	4	75
11/13/2015 18:15	12.3	6.5	10.97	10.74	10.13	4	75
11/13/2015 18:20	13.64	7.86	11.76	11.37	11.16	4	75
11/13/2015 18:25	15.37	7.99	13.83	13.33	12.63	4	75
11/13/2015 18:30	11.07	6	10.31	10.41	9.45	4	75
11/13/2015 18:35	14.79	7.01	12.27	12.45	11.63	4	75
11/13/2015 18:40	15.04	7.42	12.71	12.3	11.87	4	75
11/13/2015 18:45	13.72	7.33	11.93	11.22	11.05	4	75
11/13/2015 18:50	13.83	7.45	12.18	11.18	11.16	4	75
11/13/2015 18:55	12.44	6.76	11.07	9.84	10.03	4	75
11/13/2015 19:00	14.19	7.76	12.48	12.17	11.65	4	75
11/13/2015 19:05	11.43	7.15	9.81	9.89	9.57	4	75
11/13/2015 19:10	13.86	6.43	10.69	10.14	10.28	4	75
11/13/2015 19:15	13.18	6.62	10.64	10.62	10.26	4	75
11/13/2015 19:20	13.35	7.05	9.9	9.87	10.04	4	75
11/13/2015 19:25	11.88	6.88	9.92	9.56	9.56	4	75
11/13/2015 19:30	11.17	5.79	11.55	9.5	9.5	4	75
11/13/2015 19:35	12.58	7.04	8	8.58	9.05	4	75
11/13/2015 19:40	11	6.22	10.35	9.43	9.25	4	75
11/13/2015 19:45	10.9	6.64	8.9	9.4	8.96	4	75
11/13/2015 19:50	11.17	6.62	9.73	8.77	9.07	4	75
11/13/2015 19:55	10.12	6.23	8.04	8.42	8.2	4	75
11/13/2015 20:00	9.76	5.27	8.46	8.28	7.94	4	75
11/13/2015 20:05	10.35	6.2	8.71	8.34	8.4	4	75
11/13/2015 20:10	9.77	5.35	7.77	8.14	7.76	4	75
11/13/2015 20:15	9.68	6.04	6.92	8.16	7.7	4	75
11/13/2015 20:20	8.54	6.72	9.71	8.88	8.46	4	75
11/13/2015 20:25	10.62	6.68	8.03	9.22	8.64	4	75
11/13/2015 20:30	9.69	6	7.74	7.54	7.74	4	75
11/13/2015 20:35	10.85	5.64	6.65	7.62	7.69	4	75
11/13/2015 20:40	10.68	5.68	7.7	8.13	8.05	4	75
11/13/2015 20:45	12.42	6.31	10.96	10.28	9.99	4	75
11/13/2015 20:50	10.57	6.34	10.52	9.16	9.15	4	75
11/13/2015 20:55	13.34	6.46	9.72	9.42	9.73	4	75
11/13/2015 21:00	9.44	5.33	7.6	7.85	7.55	4	75
11/13/2015 21:05	9.94	4.73	7.39	7.56	7.41	4	75
11/13/2015 21:10	10.29	5.6	7.59	7.97	7.86	4	75
11/13/2015 21:15	9.73	6.16	7.74	8.09	7.93	4	75
11/13/2015 21:20	11.19	5.99	7.54	7.8	8.13	4	75
11/13/2015 21:25	8.63	5.06	7.16	7.44	7.07	4	75
11/13/2015 21:30	10.05	5.69	8.22	8.15	8.03	4	75
11/13/2015 21:35	9.91	6.56	7.84	8.1	8.1	4	75
11/13/2015 21:40	7.77	5.22	7	7.48	6.87	4	75
11/13/2015 21:45	6.83	4.84	5.91	6.96	6.14	4	75
11/13/2015 21:50	9.63	5.36	7.46	7.72	7.54	4	75
11/13/2015 21:55	7.47	5	6.28	6.91	6.41	4	75
11/13/2015 22:00	8.7	4.49	8.32	7.24	7.19	4	75
11/13/2015 22:05	5.66	4.42	5.27	6.3	5.41	4	75
11/13/2015 22:10	7.71	5.27	7.12	7.57	6.92	4	75
11/13/2015 22:15	7.92	5.25	6.3	6.95	6.6	4	75
11/13/2015 22:20	10.66	5.24	6.35	6.87	7.28	4	75
11/13/2015 22:25	7.12	5.1	5.79	6.89	6.22	4	75
11/13/2015 22:30	7.57	5.02	6.17	7.18	6.48	4	75
11/13/2015 22:35	6.07	3.61	4.8	5.77	5.06	4	75
11/13/2015 22:40	10.4	4.98	7.24	7.19	7.45	4	75
11/13/2015 22:45	12.53	5.43	6.74	7.07	7.94	4	75
11/13/2015 22:50	6.31	4.83	5.46	6.55	5.79	4	75
11/13/2015 22:55	7.18	4.25	5.86	6.82	6.03	4	75
11/13/2015 23:00	4.66	3.42	4.94	5.7	4.68	4	75
11/13/2015 23:05	6.57	3.59	5.79	6.54	5.62	4	75
11/13/2015 23:10	8.91	3.13	4.72	5.73	5.62	4	75
11/13/2015 23:15	4.16	3.61	4.71	5.52	4.5	4	75
11/13/2015 23:20	4.89	3.28	5.83	6.35	5.09	4	75
11/13/2015 23:25	5.54	3.51	4.7	5.78	4.88	4	75
11/13/2015 23:30	4.68	2.98	3.95	5.04	4.16	4	75
11/13/2015 23:35	4.57	3.03	5.24	5.43	4.57	4	75
11/13/2015 23:40	4.85	4.12	4.23	5.24	4.61	4	75
11/13/2015 23:45	5.68	2.99	3.79	5.17	4.41	4	75
11/13/2015 23:50	4.18	2.74	4.49	5.34	4.19	4	75
11/13/2015 23:55	3.44	3.55	3.88	4.83	3.93	4	75
11/14/2015 00:00	4.21	3.29	3.43	4.63	3.89	4	75
11/14/2015 00:05	3.24	2.51	4.68	4.91	3.83	4	75
11/14/2015 00:10	8.77	3.05	4.65	5.08	5.39	4	75
11/14/2015 00:15	6.39	2.34	3.33	4.5	4.14	4	75
11/14/2015 00:20	2.84	2.49	3.73	4.62	3.42	4	75
11/14/2015 00:25	2.68	2.1	2.44	4.03	2.81	4	75
11/14/2015 00:30	3.25	2.61	3.25	4.25	3.34	4	75
11/14/2015 00:35	2.54	2.41	3.69	4.42	3.27	4	75
11/14/2015 00:40	1.81	1.53	2.83	3.79	2.49	4	75
11/14/2015 00:45	2.6	1.85	2.67	3.95	2.77	4	75
11/14/2015 00:50	3.58	2.09	2.44	3.86	2.99	4	75
11/14/2015 00:55	99.72	1.96	2.25	3.73	26.91	4	75
11/14/2015 01:00	1.28	1.98	2.06	1.88	1.8	4	0
11/14/2015 01:05	1.24	1.93	2.01	1.83	1.75	4	0
11/14/2015 01:10	1.7	2.39	2.2	1.87	2.04	4	0
11/14/2015 01:15	2.06	1.26	2.98	3.93	2.56	4	75
11/14/2015 01:20	1.75	1.64	2.01	3.26	2.17	4	75
11/14/2015 01:25	1.56	1.61	3.09	4.02	2.57	4	75
11/14/2015 01:30	2.29	2.06	2.47	3.81	2.66	4	75
11/14/2015 01:35	1.72	1.76	1.9	3.81	2.3	4	75
11/14/2015 01:40	1.3	1.59	1.78	3.43	2.03	4	75
11/14/2015 01:45	1.55	1.56	2.5	3.71	2.33	4	75
11/14/2015 01:50	1.17	1.05	1.69	3.03	1.74	4	75
11/14/2015 01:55	1.72	1.57	1.47	3.16	1.98	4	75
11/14/2015 02:00	1.54	1.71	2.23	3.88	2.34	4	75
11/14/2015 02:05	.92	1.1	2.38	3.56	1.99	4	75
11/14/2015 02:10	1.81	1.62	2.08	1.69	1.8	4	0
11/14/2015 02:15	1.29	1.58	1.94	1.62	1.61	4	0
11/14/2015 02:20	1.02	1.26	2.23	3.33	1.96	4	75
11/14/2015 02:25	1.15	1.94	2.29	3.43	2.2	4	75
11/14/2015 02:30	15.27	1.29	1.86	3.26	5.42	4	75
11/14/2015 02:35	1	.96	1.92	3.19	1.77	4	75
11/14/2015 02:40	1.28	1.68	2.38	3.59	2.23	4	75
11/14/2015 02:45	1.73	1.24	1.71	3.42	2.02	4	75
11/14/2015 02:50	1.75	1.2	2.3	3.44	2.17	4	75
11/14/2015 02:55	1.08	1.05	1.59	3.27	1.75	4	75
11/14/2015 03:00	1.27	1.43	2.67	3.33	2.17	4	75
11/14/2015 03:05	1.32	1.6	2.01	3.16	2.02	4	75
11/14/2015 03:10	1.82	1.91	1.94	1.07	1.69	4	0
11/14/2015 03:15	1.3	1.37	2.02	1.1	1.45	4	0
11/14/2015 03:20	.76	1.24	1.33	2.8	1.53	4	75
11/14/2015 03:25	1.84	1.49	2.14	1	1.62	4	0
11/14/2015 03:30	1.63	1.51	2.28	.95	1.59	4	0
11/14/2015 03:35	1.38	1.83	2.17	.97	1.59	4	0
11/14/2015 03:40	2.13	1.85	2.44	.94	1.84	4	0
11/14/2015 03:45	2.11	1.44	1.59	1.07	1.55	4	0
11/14/2015 03:50	1.19	1.58	1.96	.91	1.41	4	0
11/14/2015 03:55	1.47	1.41	2.03	3.67	2.15	4	75
11/14/2015 04:00	5.14	1.47	1.88	3.21	2.93	4	75
11/14/2015 04:05	1.53	1.28	1.75	3.05	1.9	4	75
11/14/2015 04:10	1.47	1.83	1.56	.94	1.45	4	0
11/14/2015 04:15	2.44	1.72	2.27	.9	1.83	4	0
11/14/2015 04:20	2.03	2.11	2.23	.96	1.83	4	0
11/14/2015 04:25	3.03	2.26	2.87	1.06	2.31	4	0
11/14/2015 04:30	2.52	2.04	2.55	1.05	2.04	4	0
11/14/2015 04:35	3.06	2.07	2.79	1.12	2.26	4	0
11/14/2015 04:40	3.1	3.04	2.43	4.48	3.26	4	75
11/14/2015 04:45	3.23	2.03	3.01	4.04	3.08	4	75
11/14/2015 04:50	3.2	2.33	2.5	3.97	3	4	75
11/14/2015 04:55	2.22	2.25	3.23	4.27	2.99	4	75
11/14/2015 05:00	2.11	1.53	2.98	3.93	2.64	4	75
11/14/2015 05:05	2.95	2.38	3.97	4.93	3.56	4	75
11/14/2015 05:10	3.82	2.85	2.66	4.4	3.43	4	75
11/14/2015 05:15	33.08	2.86	2.85	4.71	10.88	4	75
11/14/2015 05:20	4.78	3.09	3.79	4.63	4.07	4	75
11/14/2015 05:25	7.4	3.3	4.26	5.38	5.08	4	75
11/14/2015 05:30	4.99	3.47	4.32	5.15	4.48	4	75
11/14/2015 05:35	6.86	4.28	5.53	6.3	5.74	4	75
11/14/2015 05:40	7.56	4.12	5.45	6.28	5.85	4	75
11/14/2015 05:45	8.37	5.36	5.93	6.81	6.62	4	75
11/14/2015 05:50	7.21	4.46	6.07	6.68	6.11	4	75
11/14/2015 05:55	6.92	3.65	6.03	6.44	5.76	4	75
11/14/2015 06:00	5.3	3.76	5.56	6.03	5.16	4	75
11/14/2015 06:05	7.38	4.76	6.32	7.12	6.39	4	75
11/14/2015 06:10	7.06	4.56	5.94	2.8	5.09	4	0
11/14/2015 06:15	6.8	4.8	6.17	2.95	5.18	4	0
11/14/2015 06:20	10.31	5.95	7.32	7.5	7.77	4	75
11/14/2015 06:25	8.63	5.31	7.05	3.32	6.08	4	0
11/14/2015 06:30	8.66	5.53	7.19	3.39	6.19	4	0
11/14/2015 06:35	11.34	5.86	8.48	3.68	7.34	4	0
11/14/2015 06:40	10.48	6.31	9.75	3.85	7.6	4	0
11/14/2015 06:45	10.99	6.31	9.91	3.89	7.78	4	0
11/14/2015 06:50	11.81	6.46	9.44	3.84	7.89	4	0
11/14/2015 06:55	10.61	6.33	6.98	7.64	7.89	4	75
11/14/2015 07:00	15.34	6.42	9.45	9.21	10.1	4	75
11/14/2015 07:05	17.68	6.57	8.36	8.79	10.35	4	75
11/14/2015 07:10	10.79	6.08	9.94	3.87	7.67	4	0
11/14/2015 07:15	12.2	7.26	10.03	4.09	8.39	4	0
11/14/2015 07:20	12.49	7.44	10.26	4.27	8.61	4	0
11/14/2015 07:25	15.37	7.58	11.58	4.44	9.74	4	0
11/14/2015 07:30	15.26	7.61	11.98	4.61	9.87	4	0
11/14/2015 07:35	16.37	8.56	12.58	4.84	10.59	4	0
11/14/2015 07:40	15.93	7.7	11.64	5.5	10.19	4	0
11/14/2015 07:45	17.03	8.78	14.42	5.45	11.42	4	0
11/14/2015 07:50	17.03	8.47	12.58	5.37	10.86	4	0
11/14/2015 07:55	16.05	8.12	13.21	5.23	10.65	4	0
11/14/2015 08:00	15.19	8.11	13.19	5.57	10.52	4	0
11/14/2015 08:05	13.34	7.39	10.66	5.01	9.1	4	0
11/14/2015 08:10	15.49	8.46	11.36	5.57	10.22	4	0
11/14/2015 08:15	16.19	8.1	14.86	5.33	11.12	4	0
11/14/2015 08:20	14.58	8.09	13.79	5.82	10.57	4	0
11/14/2015 08:25	14.69	8.45	12.63	6.15	10.48	4	0
11/14/2015 08:30	15.31	8.22	14.05	6.05	10.91	4	0
11/14/2015 08:35	14.38	8.07	14.08	6.7	10.81	4	0
11/14/2015 08:40	18.9	7.89	17.36	7.11	12.82	4	0
11/14/2015 08:45	19.94	8.25	20.95	6.39	13.88	4	0
11/14/2015 08:50	23.86	7.88	24.73	6.32	15.7	4	0
11/14/2015 08:55	37.2	7.77	30.38	22.74	24.52	4	75
11/14/2015 09:00	28.42	8.21	35.53	6.7	19.71	4	0
11/14/2015 09:05	25.71	8.38	30.35	5.65	17.52	4	0
11/14/2015 09:10	25.37	7.93	25.34	5.7	16.08	4	0
11/14/2015 09:15	25.81	8.15	26.91	5.98	16.71	4	0
11/14/2015 09:20	24.89	8.52	25.84	6.37	16.41	4	0
11/14/2015 09:25	24.14	8.05	27.49	6.53	16.55	4	0
11/14/2015 09:30	24.35	8.93	22.83	18.01	18.53	4	75
11/14/2015 09:35	29.4	7.56	28.61	6.72	18.07	4	0
11/14/2015 09:40	26.29	8.61	27.77	7.04	17.43	4	0
11/14/2015 09:45	23.49	8.87	24.46	7.21	16.01	4	0
11/14/2015 09:50	24.14	8.33	24.22	6.94	15.91	4	0
11/14/2015 09:55	24.33	8.43	25.19	7.16	16.28	4	0
11/14/2015 10:00	30.85	8.27	29.22	6.79	18.78	4	0
11/14/2015 10:05	22.22	8.3	21.44	21.82	18.45	4	75
11/14/2015 10:10	24.22	8.17	27.25	6.72	16.59	4	0
11/14/2015 10:15	24.46	7.61	27.71	7.04	16.71	4	0
11/14/2015 10:20	25.32	8.32	26.29	6.92	16.71	4	0
11/14/2015 10:25	23.54	7.96	24.1	6.97	15.64	4	0
11/14/2015 10:30	29.99	7.86	27.83	7.02	18.18	4	0
11/14/2015 10:35	28.11	8.29	27.58	7.07	17.76	4	0
11/14/2015 10:40	22.32	8.29	23.01	7.22	15.21	4	0
11/14/2015 10:45	23.96	8.65	25.66	7.3	16.39	4	0
11/14/2015 10:50	31.15	8.36	27.96	7.33	18.7	4	0
11/14/2015 10:55	21.93	7.7	22.97	15.11	16.93	4	75
11/14/2015 11:00	24.28	8.5	28.81	16.17	19.44	4	75
11/14/2015 11:05	23.54	9.72	29.46	17.2	19.98	4	75
11/14/2015 11:10	27.08	8.23	26.78	7.34	17.36	4	0
11/14/2015 11:15	24.66	8.54	26.31	7.49	16.75	4	0
11/14/2015 11:20	27.23	7.11	19.71	15.3	17.34	4	75
11/14/2015 11:25	21.47	9.31	23.09	15.17	17.26	4	75
11/14/2015 11:30	33.02	8.18	28.02	18.59	21.95	4	75
11/14/2015 11:35	38.94	6.93	31.45	16.08	23.35	4	75
11/14/2015 11:40	29.3	7.83	31.97	15.91	21.25	4	75
11/14/2015 11:45	25.27	8.11	30.2	16.01	19.9	4	75
11/14/2015 11:50	25.45	8.5	27.4	15.41	19.19	4	75
11/14/2015 11:55	30.67	7.89	26.47	18.87	20.97	4	75
11/14/2015 12:00	31.87	8.25	24.48	16.51	20.28	4	75
11/14/2015 12:05	24.27	7.53	23.6	16.36	17.94	4	75
11/14/2015 12:10	24.52	8.15	24.87	7.87	16.35	4	0
11/14/2015 12:15	30.07	7.42	29.07	8.04	18.65	4	0
11/14/2015 12:20	22.67	7.65	24.84	8.02	15.8	4	0
11/14/2015 12:25	28.76	7.83	30.29	8.04	18.73	4	0
11/14/2015 12:30	25.08	7.99	26.54	8.01	16.91	4	0
11/14/2015 12:35	26.13	8.24	24.87	8.03	16.82	4	0
11/14/2015 12:40	30.72	8.19	27.76	7.97	18.66	4	0
11/14/2015 12:45	29.16	7.45	26.48	8.04	17.78	4	0
11/14/2015 12:50	26.22	8.05	21.72	7.97	15.99	4	0
11/14/2015 12:55	26	8.19	26.61	7.9	17.17	4	0
11/14/2015 13:00	30.04	7.67	26.96	7.91	18.14	4	0
11/14/2015 13:05	25.03	8.2	24.33	7.83	16.35	4	0
11/14/2015 13:10	22.11	8.24	26.43	14.72	17.88	4	75
11/14/2015 13:15	20.75	9.06	21.88	18.43	17.53	4	75
11/14/2015 13:20	20.44	7.7	19.87	15.58	15.9	4	75
11/14/2015 13:25	16.31	7.95	19.53	18.04	15.46	4	75
11/14/2015 13:30	15.19	8.7	19.42	18.26	15.39	4	75
11/14/2015 13:35	18.48	9.06	23.3	17.67	17.13	4	75
11/14/2015 13:40	26.12	8.65	25.7	17.64	19.53	4	75
11/14/2015 13:45	23.12	8.1	29.44	18.01	19.67	4	75
11/14/2015 13:50	32.45	7.11	29.24	21.09	22.47	4	75
11/14/2015 13:55	16	7.62	19.32	14	14.24	4	75
11/14/2015 14:00	15.32	8.93	19.14	14.11	14.37	4	75
11/14/2015 14:05	15.37	7.41	15.27	14.47	13.13	4	75
11/14/2015 14:10	12.47	7.43	14.88	15.6	12.6	4	75
11/14/2015 14:15	13.16	6.94	13.83	14.68	12.15	4	75
11/14/2015 14:20	13.34	8.38	15.64	16.08	13.36	4	75
11/14/2015 14:25	32.08	5.73	28.59	22.42	22.2	4	75
11/14/2015 14:30	18.07	8.04	19.45	17.18	15.69	4	75
11/14/2015 14:35	20	7.97	23.42	17.51	17.23	4	75
11/14/2015 14:40	19.56	8.51	22.97	17.92	17.24	4	75
11/14/2015 14:45	21.65	8.48	21.68	15.84	16.91	4	75
11/14/2015 14:50	19.77	9.02	21.29	18.16	17.06	4	75
11/14/2015 14:55	18.01	7.63	19.9	19.9	16.36	4	75
11/14/2015 15:00	23.24	8.51	22.77	20.84	18.84	4	75
11/14/2015 15:05	21.82	7.55	22.98	18.8	17.79	4	75
11/14/2015 15:10	22.45	7.81	23.67	17.45	17.84	4	75
11/14/2015 15:15	24.45	7.6	26.62	18.02	19.17	4	75
11/14/2015 15:20	26.69	7.45	21.75	19.05	18.74	4	75
11/14/2015 15:25	29.34	7.13	24.7	21.89	20.77	4	75
11/14/2015 15:30	17.02	7.72	17.98	13.62	14.08	4	75
11/14/2015 15:35	17.27	8.01	17.76	17.04	15.02	4	75
11/14/2015 15:40	16.48	7.21	21.81	17.09	15.65	4	75
11/14/2015 15:45	14.78	6.61	12.04	15.29	12.18	4	75
11/14/2015 15:50	21.11	7.14	17.24	22.99	17.12	4	75
11/14/2015 15:55	24.44	7.41	18.9	18.76	17.38	4	75
11/14/2015 16:00	16.74	7.5	18.31	19.07	15.41	4	75
11/14/2015 16:05	21.32	6.96	20.02	15.51	15.95	4	75
11/14/2015 16:10	27.68	6.57	34.08	20.71	22.26	4	75
11/14/2015 16:15	23.29	7.57	25.47	19.78	19.03	4	75
11/14/2015 16:20	24.29	7.33	20.36	17.32	17.33	4	75
11/14/2015 16:25	14.55	7.43	15.33	18.65	13.99	4	75
11/14/2015 16:30	34.86	5.67	35.38	18.99	23.73	4	75
11/14/2015 16:35	17.92	7.94	20.79	16.65	15.83	4	75
11/14/2015 16:40	29.25	7.96	25.56	21.55	21.08	4	75
11/14/2015 16:45	23.83	7.08	23.23	20.78	18.73	4	75
11/14/2015 16:50	21.97	7.49	21.27	18.12	17.21	4	75
11/14/2015 16:55	20.62	7.2	16.67	16.91	15.35	4	75
11/14/2015 17:00	17.61	7.49	15.08	15.37	13.89	4	75
11/14/2015 17:05	16.5	6.74	13.75	17.61	13.65	4	75
11/14/2015 17:10	16.76	6.76	14.44	14.49	13.11	4	75
11/14/2015 17:15	22.43	7.39	19.39	18.28	16.87	4	75
11/14/2015 17:20	19.66	7.9	22.33	14.91	16.2	4	75
11/14/2015 17:25	15.04	7.25	16.25	16.03	13.64	4	75
11/14/2015 17:30	23.49	6.96	28.5	16.21	18.79	4	75
11/14/2015 17:35	21.65	7.35	25.44	16.26	17.67	4	75
11/14/2015 17:40	22.93	7.44	23.33	17.49	17.8	4	75
11/14/2015 17:45	20.12	7.94	23.72	21.79	18.39	4	75
11/14/2015 17:50	27.57	6.63	26.73	18.72	19.91	4	75
11/14/2015 17:55	28.59	7.21	25.68	20.01	20.37	4	75
11/14/2015 18:00	29.06	7.14	24.71	19.79	20.17	4	75
11/14/2015 18:05	31.05	6.67	30.96	17.13	21.45	4	75
11/14/2015 18:10	33.1	6.93	25.43	17.04	20.62	4	75
11/14/2015 18:15	24.6	7.77	22.84	15.37	17.64	4	75
11/14/2015 18:20	27.97	8.63	23.33	14.33	18.56	4	75
11/14/2015 18:25	20.4	7.63	21.21	14.96	16.05	4	75
11/14/2015 18:30	19.09	8.17	23.62	17.46	17.08	4	75
11/14/2015 18:35	34.06	7.74	27.91	18.05	21.94	4	75
11/14/2015 18:40	20.02	7.65	24	15.08	16.69	4	75
11/14/2015 18:45	28.85	8.45	21.8	15.52	18.66	4	75
11/14/2015 18:50	20.9	6.9	17.98	16.43	15.55	4	75
11/14/2015 18:55	19.3	7.23	14.9	14.29	13.93	4	75
11/14/2015 19:00	16.39	6.34	13.89	13.4	12.5	4	75
11/14/2015 19:05	14.89	6.9	11.65	13.62	11.76	4	75
11/14/2015 19:10	20.82	5.48	18.76	6.91	12.99	4	0
11/14/2015 19:15	14.04	5.64	14.25	6.79	10.18	4	0
11/14/2015 19:20	11.34	6.32	9.65	9.91	9.31	4	75
11/14/2015 19:25	10.61	6.22	10.11	9.77	9.18	4	75
11/14/2015 19:30	12.66	6.98	11.07	9.85	10.14	4	75
11/14/2015 19:35	11.4	5.94	8.51	8.9	8.69	4	75
11/14/2015 19:40	12.08	6.66	9.79	9.77	9.57	4	75
11/14/2015 19:45	11.75	6.07	8.67	8.88	8.84	4	75
11/14/2015 19:50	13.37	6.56	10.07	9.96	9.99	4	75
11/14/2015 19:55	18.02	6.09	7.63	8.26	10	4	75
11/14/2015 20:00	11.41	5.75	8.91	8.99	8.76	4	75
11/14/2015 20:05	11.55	6.19	8.43	9.28	8.86	4	75
11/14/2015 20:10	10.37	5.79	9.2	5.5	7.71	4	0
11/14/2015 20:15	11.11	5.73	7.63	5.44	7.48	4	0
11/14/2015 20:20	20.29	6.97	10.52	9.51	11.82	4	75
11/14/2015 20:25	13.55	6.11	8.3	8.45	9.1	4	75
11/14/2015 20:30	9.79	6.12	8.38	8.49	8.19	4	75
11/14/2015 20:35	11.22	6.6	9.66	9.02	9.13	4	75
11/14/2015 20:40	12.18	5.83	8.48	8.36	8.71	4	75
11/14/2015 20:45	10.81	5.31	7.26	7.72	7.78	4	75
11/14/2015 20:50	8.45	5.42	7.32	7.74	7.23	4	75
11/14/2015 20:55	8.19	5.03	6.29	7.14	6.66	4	75
11/14/2015 21:00	8.22	4.38	8.18	7.7	7.12	4	75
11/14/2015 21:05	11.35	5.71	7.94	8.53	8.38	4	75
11/14/2015 21:10	10.41	5.85	8.46	8.09	8.2	4	75
11/14/2015 21:15	10.25	5.89	7.32	7.85	7.83	4	75
11/14/2015 21:20	13.5	5.59	8.7	8.02	8.95	4	75
11/14/2015 21:25	11.79	6.14	8.11	8.89	8.73	4	75
11/14/2015 21:30	8.32	6.03	7.07	7.56	7.24	4	75
11/14/2015 21:35	7.88	5.38	8.02	7.95	7.31	4	75
11/14/2015 21:40	9.5	5.83	7.23	7.66	7.55	4	75
11/14/2015 21:45	9.49	5.82	7.72	8.28	7.83	4	75
11/14/2015 21:50	9.18	4.83	8.33	7.77	7.53	4	75
11/14/2015 21:55	14.7	5.33	7.82	8.2	9.01	4	75
11/14/2015 22:00	31.3	6.85	7.47	7.73	13.34	4	75
11/14/2015 22:05	9.78	5.82	8.24	7.92	7.94	4	75
11/14/2015 22:10	13.08	5.8	8.79	8.24	8.98	4	75
11/14/2015 22:15	8.99	5.82	7.67	8.31	7.7	4	75
11/14/2015 22:20	8.17	5.83	8.03	8.1	7.53	4	75
11/14/2015 22:25	7.66	5.22	6.82	7.19	6.72	4	75
11/14/2015 22:30	10.18	5.07	7.96	7.97	7.79	4	75
11/14/2015 22:35	11.08	6.13	9.86	8.6	8.92	4	75
11/14/2015 22:40	11.79	4.89	7.32	7.69	7.92	4	75
11/14/2015 22:45	6.6	4.21	5.17	6.71	5.67	4	75
11/14/2015 22:50	8.95	5.66	7.95	8.25	7.7	4	75
11/14/2015 22:55	12.3	4.81	7.1	7.25	7.86	4	75
11/14/2015 23:00	7.59	4.62	5.74	6.56	6.13	4	75
11/14/2015 23:05	7.05	5.54	5.8	6.95	6.33	4	75
11/14/2015 23:10	6.89	4.59	7.14	7.09	6.43	4	75
11/14/2015 23:15	7.84	4.87	6.59	7.11	6.6	4	75
11/14/2015 23:20	7.07	4.6	6.46	6.9	6.26	4	75
11/14/2015 23:25	6.42	4.52	7.52	7.44	6.48	4	75
11/14/2015 23:30	5.18	3.77	5.5	6.41	5.21	4	75
11/14/2015 23:35	6.19	4.65	6.21	6.58	5.91	4	75
11/14/2015 23:40	5.22	4.18	4.69	5.75	4.96	4	75
11/14/2015 23:45	4.32	4.53	4.13	5.65	4.66	4	75
11/14/2015 23:50	4.07	3.73	4.32	5.41	4.38	4	75
11/14/2015 23:55	3.96	3.11	4.21	5.12	4.1	4	75
11/15/2015 00:00	6.86	3.98	5.47	6.1	5.6	4	75
11/15/2015 00:05	5.77	3.77	5.4	6.21	5.29	4	75
11/15/2015 00:10	5.6	3.73	5.72	6.32	5.34	4	75
11/15/2015 00:15	4.92	3.51	5.35	5.96	4.93	4	75
11/15/2015 00:20	4.16	4.17	4.26	5.52	4.53	4	75
11/15/2015 00:25	4.24	4.21	4.66	5.65	4.69	4	75
11/15/2015 00:30	6.23	3.78	7.04	6.78	5.96	4	75
11/15/2015 00:35	4.96	3.18	5.68	5.99	4.95	4	75
11/15/2015 00:40	5.5	4.37	5.15	5.95	5.24	4	75
11/15/2015 00:45	4.08	3.31	3.82	5.08	4.07	4	75
11/15/2015 00:50	4.24	3.16	3.8	5.02	4.05	4	75
11/15/2015 00:55	2.63	2.08	3.09	4.4	3.05	4	75
11/15/2015 01:00	1.4	2.17	2.26	2.06	1.97	4	0
11/15/2015 01:05	1.36	2.12	2.2	2	1.92	4	0
11/15/2015 01:10	.89	1.5	1.61	2.09	1.52	4	0
11/15/2015 01:15	2.24	1.83	3.22	4.21	2.87	4	75
11/15/2015 01:20	1.22	2.36	2.47	4.03	2.52	4	75
11/15/2015 01:25	2.28	2.16	3.15	4.08	2.92	4	75
11/15/2015 01:30	35.14	1.33	2.34	3.5	10.58	4	75
11/15/2015 01:35	2.59	1.8	3.55	4.27	3.05	4	75
11/15/2015 01:40	2.58	1.03	1.39	2.96	1.99	4	75
11/15/2015 01:45	2.03	2.03	2.67	3.94	2.67	4	75
11/15/2015 01:50	3.2	1.65	2.45	3.58	2.72	4	75
11/15/2015 01:55	1.27	1.62	2.03	3.47	2.1	4	75
11/15/2015 02:00	1.24	1.3	2.15	3.32	2	4	75
11/15/2015 02:05	1.78	1.57	2.47	3.64	2.36	4	75
11/15/2015 02:10	4.08	1.71	1.8	1.7	2.32	4	0
11/15/2015 02:15	1.98	1.78	2.31	1.72	1.95	4	0
11/15/2015 02:20	15.31	1.46	1.9	1.68	5.09	4	0
11/15/2015 02:25	1.92	1.52	2.47	1.46	1.84	4	0
11/15/2015 02:30	1.51	1.07	1.85	1.4	1.46	4	0
11/15/2015 02:35	1.71	1.64	2.29	1.28	1.73	4	0
11/15/2015 02:40	1.85	1.8	1.9	1.31	1.72	4	0
11/15/2015 02:45	1.23	1.47	1.9	1.23	1.46	4	0
11/15/2015 02:50	1.49	1.36	1.46	1.16	1.37	4	0
11/15/2015 02:55	1.64	1.61	1.76	1.07	1.52	4	0
11/15/2015 03:00	.94	1.01	1.41	1.01	1.09	4	0
11/15/2015 03:05	.67	.84	.96	.98	.86	4	0
11/15/2015 03:10	3.41	2.62	3.11	1.01	2.54	4	0
11/15/2015 03:15	1.36	1.48	1.82	1	1.42	4	0
11/15/2015 03:20	1.13	1.05	1.27	.92	1.09	4	0
11/15/2015 03:25	1.82	1.76	1.74	3.48	2.2	4	75
11/15/2015 03:30	1.46	1.46	2.08	.88	1.47	4	0
11/15/2015 03:35	1.22	1.22	1.38	.81	1.16	4	0
11/15/2015 03:40	8.52	1.43	1.98	.82	3.19	4	0
11/15/2015 03:45	1.02	1.29	1.84	.86	1.25	4	0
11/15/2015 03:50	1.29	1.26	1.29	.8	1.16	4	0
11/15/2015 03:55	4.71	1.15	1.32	.78	1.99	4	0
11/15/2015 04:00	1.1	1.38	1.5	.69	1.17	4	0
11/15/2015 04:05	1.17	1.1	1.68	.68	1.16	4	0
11/15/2015 04:10	1.22	1.27	1.37	.72	1.14	4	0
11/15/2015 04:15	1.53	1.86	1.86	.69	1.48	4	0
11/15/2015 04:20	1.32	1.48	1.91	.76	1.37	4	0
11/15/2015 04:25	1.8	1.82	1.93	.77	1.58	4	0
11/15/2015 04:30	99.61	1.39	2.25	3.28	26.63	4	75
11/15/2015 04:35	1.85	1.4	2.28	.84	1.59	4	0
11/15/2015 04:40	1.98	1.83	1.94	.8	1.64	4	0
11/15/2015 04:45	2.65	1.91	2.55	.87	1.99	4	0
11/15/2015 04:50	2.17	1.91	2.22	.77	1.77	4	0
11/15/2015 04:55	1.64	1.27	1.95	.69	1.39	4	0
11/15/2015 05:00	2.52	1.54	1.9	.76	1.68	4	0
11/15/2015 05:05	1.35	1.75	1.81	3.37	2.07	4	75
11/15/2015 05:10	2.58	2.1	2.2	.93	1.95	4	0
11/15/2015 05:15	2.78	1.94	2.14	.97	1.96	4	0
11/15/2015 05:20	2.69	2.23	2.55	.88	2.09	4	0
11/15/2015 05:25	9.5	2.47	3.07	.92	3.99	4	0
11/15/2015 05:30	3.25	2.6	3.07	1.01	2.48	4	0
11/15/2015 05:35	6.09	2.81	2.54	1.16	3.15	4	0
11/15/2015 05:40	4.67	2.72	3.37	1.45	3.05	4	0
11/15/2015 05:45	3.91	3.27	4.13	1.3	3.15	4	0
11/15/2015 05:50	7.05	2.79	3.59	1.15	3.64	4	0
11/15/2015 05:55	4.69	2.79	3.41	1.23	3.03	4	0
11/15/2015 06:00	3.59	2.55	3.33	1.12	2.65	4	0
11/15/2015 06:05	3.46	2.69	3.86	1.38	2.85	4	0
11/15/2015 06:10	6.27	3.17	3.89	1.29	3.66	4	0
11/15/2015 06:15	4.93	3.5	3.85	1.54	3.46	4	0
11/15/2015 06:20	5.14	3.4	4.55	1.48	3.64	4	0
11/15/2015 06:25	8.16	3.78	4.52	1.67	4.53	4	0
11/15/2015 06:30	5.87	3.66	4.98	1.74	4.06	4	0
11/15/2015 06:35	5.97	3.63	5.2	1.87	4.17	4	0
11/15/2015 06:40	5.82	3.92	5.22	1.94	4.23	4	0
11/15/2015 06:45	5.74	3.95	4.93	2.02	4.16	4	0
11/15/2015 06:50	6.65	3.97	4.73	1.99	4.34	4	0
11/15/2015 06:55	13.57	3.94	4.74	1.88	6.03	4	0
11/15/2015 07:00	3.81	3.33	4.58	5.23	4.24	4	75
11/15/2015 07:05	6.39	4.45	5.28	6.09	5.55	4	75
11/15/2015 07:10	6.31	3.7	4.84	2	4.21	4	0
11/15/2015 07:15	7.18	3.82	4.53	1.93	4.36	4	0
11/15/2015 07:20	8.23	4.35	4.99	2.18	4.94	4	0
11/15/2015 07:25	7.36	4.67	5.56	2.31	4.97	4	0
11/15/2015 07:30	14.42	4.54	6.58	2.34	6.97	4	0
11/15/2015 07:35	8.13	4.51	5.77	2.63	5.26	4	0
11/15/2015 07:40	9.78	4.9	6.33	2.79	5.95	4	0
11/15/2015 07:45	7.88	5.54	7.07	2.72	5.8	4	0
11/15/2015 07:50	8.09	4.82	6.45	2.6	5.49	4	0
11/15/2015 07:55	8.15	5.67	6.3	6.81	6.73	4	75
11/15/2015 08:00	6.37	4.14	5.67	6.35	5.63	4	75
11/15/2015 08:05	8.92	5.68	6.44	7.03	7.02	4	75
11/15/2015 08:10	7.27	4.94	6.73	2.73	5.42	4	0
11/15/2015 08:15	8.36	5.52	6.49	2.87	5.81	4	0
11/15/2015 08:20	8.59	5.4	6.41	3.08	5.87	4	0
11/15/2015 08:25	9.39	5.88	6.93	7.91	7.53	4	75
11/15/2015 08:30	9.72	5.37	6.74	7.57	7.35	4	75
11/15/2015 08:35	11.1	5.99	9.05	9.36	8.87	4	75
11/15/2015 08:40	12.22	6.43	7.51	7.85	8.5	4	75
11/15/2015 08:45	10.71	6.17	7.22	7.8	7.97	4	75
11/15/2015 08:50	9.7	5.5	8.48	8.61	8.07	4	75
11/15/2015 08:55	11.62	7.2	8.26	8.71	8.95	4	75
11/15/2015 09:00	9.51	6.26	7.6	8.07	7.86	4	75
11/15/2015 09:05	7.42	5.25	6.82	7.37	6.72	4	75
11/15/2015 09:10	9.93	6.22	7.87	3.92	6.99	4	0
11/15/2015 09:15	11.63	7.08	9.52	4.16	8.1	4	0
11/15/2015 09:20	10.28	6.39	8.05	8.16	8.22	4	75
11/15/2015 09:25	14.96	8.01	9.02	9.79	10.44	4	75
11/15/2015 09:30	27.23	7.72	25.66	9.15	17.44	4	75
11/15/2015 09:35	13.23	7.67	10.3	10.25	10.36	4	75
11/15/2015 09:40	12.98	7.61	9.48	9.81	9.97	4	75
11/15/2015 09:45	11.04	6.54	8.86	9.34	8.95	4	75
11/15/2015 09:50	13.25	7.82	11.45	10.77	10.82	4	75
11/15/2015 09:55	12.45	6.69	9.46	9.51	9.53	4	75
11/15/2015 10:00	13.49	7.04	10.02	10.36	10.23	4	75
11/15/2015 10:05	12.8	6.74	8.98	9.96	9.62	4	75
11/15/2015 10:10	13.43	7.09	9.7	10.19	10.1	4	75
11/15/2015 10:15	14.15	7.32	10.03	10.39	10.47	4	75
11/15/2015 10:20	12.44	7.76	10.49	10.19	10.22	4	75
11/15/2015 10:25	13.43	7.36	9.91	10.03	10.18	4	75
11/15/2015 10:30	14.04	7.37	11.2	11.27	10.97	4	75
11/15/2015 10:35	16.29	8.18	11.28	11.21	11.74	4	75
11/15/2015 10:40	13.97	7.29	10.84	10.67	10.69	4	75
11/15/2015 10:45	15.09	7.89	12.98	12.45	12.1	4	75
11/15/2015 10:50	15.8	7.69	12.27	12.11	11.97	4	75
11/15/2015 10:55	13.94	7.93	9.62	10.29	10.44	4	75
11/15/2015 11:00	15.97	8.2	11.41	11.53	11.78	4	75
11/15/2015 11:05	13.56	7.16	11.1	10.85	10.67	4	75
11/15/2015 11:10	14.74	8.06	11.44	11.37	11.4	4	75
11/15/2015 11:15	13.83	7.6	10.18	10.35	10.49	4	75
11/15/2015 11:20	14.4	8.46	11.24	10.92	11.25	4	75
11/15/2015 11:25	13.8	7.68	11.32	10.81	10.9	4	75
11/15/2015 11:30	13.62	8.02	10.76	11.15	10.89	4	75
11/15/2015 11:35	15.05	7.8	11.34	10.87	11.26	4	75
11/15/2015 11:40	15	7.75	12.57	12.1	11.86	4	75
11/15/2015 11:45	14.87	8.13	11.01	10.69	11.17	4	75
11/15/2015 11:50	11.18	6.39	8.61	9.11	8.82	4	75
11/15/2015 11:55	14.81	9.7	16.23	13.63	13.59	4	75
11/15/2015 12:00	22.66	7.81	18.34	17.44	16.56	4	75
11/15/2015 12:05	17.94	7.64	12.29	12.35	12.56	4	75
11/15/2015 12:10	13.75	7.34	10.7	10.45	10.56	4	75
11/15/2015 12:15	14.57	8.18	11.08	10.88	11.18	4	75
11/15/2015 12:20	14.72	8.16	10.42	10.52	10.96	4	75
11/15/2015 12:25	14.66	7.13	11.04	11.02	10.96	4	75
11/15/2015 12:30	14.39	7.88	12.08	12.29	11.66	4	75
11/15/2015 12:35	13.92	7.76	11.18	11.31	11.04	4	75
11/15/2015 12:40	14.73	7.88	11.6	11.92	11.53	4	75
11/15/2015 12:45	14.03	7.75	11.13	14.45	11.84	4	75
11/15/2015 12:50	19.99	8.19	12.85	17.78	14.7	4	75
11/15/2015 12:55	17.2	7.73	14.14	17.4	14.12	4	75
11/15/2015 13:00	24	7.01	18.38	18.08	16.87	4	75
11/15/2015 13:05	19.98	6.75	15.06	16.54	14.58	4	75
11/15/2015 13:10	18.41	7.26	13.98	13.87	13.38	4	75
11/15/2015 13:15	16.84	7.06	11.91	14.63	12.61	4	75
11/15/2015 13:20	14.3	7.32	12.66	14.11	12.1	4	75
11/15/2015 13:25	16.43	7.76	12.92	14.23	12.84	4	75
11/15/2015 13:30	16.29	7.79	14	13.2	12.82	4	75
11/15/2015 13:35	14.75	7.55	12.24	12.4	11.74	4	75
11/15/2015 13:40	15.03	7.88	11.96	11.72	11.65	4	75
11/15/2015 13:45	14.97	7.75	11.89	11.5	11.53	4	75
11/15/2015 13:50	12.27	6.54	11.31	11.03	10.29	4	75
11/15/2015 13:55	14.72	8.24	13.05	11.44	11.86	4	75
11/15/2015 14:00	12.76	7.19	11.27	10.97	10.55	4	75
11/15/2015 14:05	13.93	8.05	11.64	11.19	11.2	4	75
11/15/2015 14:10	14.27	7.14	12.12	11.5	11.26	4	75
11/15/2015 14:15	12	7.23	11.81	10.35	10.35	4	75
11/15/2015 14:20	13.3	6.92	13.86	11.33	11.35	4	75
11/15/2015 14:25	12.71	7.08	13.39	11.53	11.18	4	75
11/15/2015 14:30	13.16	7.73	14.64	11.25	11.69	4	75
11/15/2015 14:35	13.99	7.35	14.29	12.94	12.14	4	75
11/15/2015 14:40	14.35	7.36	14.29	15.02	12.75	4	75
11/15/2015 14:45	13.9	7.28	13.43	14.25	12.22	4	75
11/15/2015 14:50	14.49	6.91	13.07	14.33	12.2	4	75
11/15/2015 14:55	13.56	6.96	10.41	12.53	10.87	4	75
11/15/2015 15:00	19.38	7.37	13.36	17.25	14.34	4	75
11/15/2015 15:05	13.4	6.42	12.58	11.39	10.95	4	75
11/15/2015 15:10	13.79	6.71	11.34	10.38	10.55	4	75
11/15/2015 15:15	13.93	7.12	10.34	10.27	10.41	4	75
11/15/2015 15:20	13.42	7.42	11.71	10.51	10.77	4	75
11/15/2015 15:25	13.57	7.16	11.47	10.64	10.71	4	75
11/15/2015 15:30	13.92	7.98	13.04	11.39	11.58	4	75
11/15/2015 15:35	14.13	7.35	10.91	10.5	10.72	4	75
11/15/2015 15:40	13.36	7.11	10.76	10.58	10.45	4	75
11/15/2015 15:45	12.67	6.87	10.32	9.79	9.91	4	75
11/15/2015 15:50	13.85	7.71	15.34	11.54	12.11	4	75
11/15/2015 15:55	14.1	7.76	14.21	11.45	11.88	4	75
11/15/2015 16:00	14.55	8.12	11.82	11.54	11.51	4	75
11/15/2015 16:05	12.97	7.17	10.08	10.08	10.07	4	75
11/15/2015 16:10	14.03	7.73	11.19	10.77	10.93	4	75
11/15/2015 16:15	13.39	6.85	9.93	9.97	10.03	4	75
11/15/2015 16:20	13.59	7.09	10.89	10.45	10.51	4	75
11/15/2015 16:25	13.77	7.26	9.47	9.62	10.03	4	75
11/15/2015 16:30	14.29	7.23	9.8	10	10.33	4	75
11/15/2015 16:35	13.71	7.22	10.31	10.52	10.44	4	75
11/15/2015 16:40	13.67	7.3	10.96	10.48	10.6	4	75
11/15/2015 16:45	14.62	7.3	10.86	10.34	10.78	4	75
11/15/2015 16:50	12.72	6.96	9.39	9.64	9.68	4	75
11/15/2015 16:55	12.66	6.47	9.64	9.39	9.54	4	75
11/15/2015 17:00	14.87	7.08	11.45	10.33	10.93	4	75
11/15/2015 17:05	13.7	7.47	9.95	10.37	10.37	4	75
11/15/2015 17:10	14.61	8.06	12.22	11.77	11.66	4	75
11/15/2015 17:15	12.8	7.45	10.08	10.03	10.09	4	75
11/15/2015 17:20	17.05	7.81	15.04	13.2	13.27	4	75
11/15/2015 17:25	16.07	7.47	13.29	12.3	12.28	4	75
11/15/2015 17:30	14.69	6.99	12.72	12.01	11.6	4	75
11/15/2015 17:35	12.64	6.66	8.85	10.02	9.54	4	75
11/15/2015 17:40	12.98	6.87	10.95	10.62	10.35	4	75
11/15/2015 17:45	14.71	7.09	12.98	12.26	11.76	4	75
11/15/2015 17:50	13.14	6.74	10.56	10.81	10.31	4	75
11/15/2015 17:55	15.41	7.64	12.01	11.03	11.52	4	75
11/15/2015 18:00	14.34	6.7	12.72	11.69	11.36	4	75
11/15/2015 18:05	15.23	6.96	11.64	11.3	11.28	4	75
11/15/2015 18:10	14.54	7.36	11.74	10.92	11.14	4	75
11/15/2015 18:15	14.57	7.04	12.91	11.55	11.52	4	75
11/15/2015 18:20	12.67	6.68	10.82	10.04	10.05	4	75
11/15/2015 18:25	16.14	7.19	15.12	12.57	12.76	4	75
11/15/2015 18:30	14.91	6.67	12.2	11.68	11.37	4	75
11/15/2015 18:35	14.48	7.69	14.13	11.56	11.96	4	75
11/15/2015 18:40	15.28	7.23	13.6	11.34	11.86	4	75
11/15/2015 18:45	13.83	7.35	12.25	11.73	11.29	4	75
11/15/2015 18:50	13.2	6.96	10.49	10.44	10.27	4	75
11/15/2015 18:55	12.03	6.33	9.59	9.37	9.33	4	75
11/15/2015 19:00	12.31	6.73	8.63	9.27	9.23	4	75
11/15/2015 19:05	12.27	6.41	10.22	9.59	9.62	4	75
11/15/2015 19:10	12.31	6.97	7.7	8.64	8.9	4	75
11/15/2015 19:15	12.68	5.7	10.27	9.06	9.43	4	75
11/15/2015 19:20	11.94	6.28	8.49	8.82	8.88	4	75
11/15/2015 19:25	12.62	7.1	8.57	8.5	9.2	4	75
11/15/2015 19:30	11.62	6.21	9.56	9.41	9.2	4	75
11/15/2015 19:35	10.8	5.85	10.08	9.41	9.04	4	75
11/15/2015 19:40	10.35	6.01	9.37	8.91	8.66	4	75
11/15/2015 19:45	11.26	7.05	9.07	9.31	9.17	4	75
11/15/2015 19:50	12.25	6.5	9.73	9.07	9.39	4	75
11/15/2015 19:55	9.91	6.21	8.33	8.39	8.21	4	75
11/15/2015 20:00	11.62	5.86	7.61	8.21	8.32	4	75
11/15/2015 20:05	11.44	6.43	9.93	8.75	9.14	4	75
11/15/2015 20:10	8.56	5.1	7.22	7.75	7.16	4	75
11/15/2015 20:15	11.48	6.22	8.14	8.7	8.64	4	75
11/15/2015 20:20	11	6.29	9.16	8.84	8.82	4	75
11/15/2015 20:25	10.97	6.35	9.02	8.48	8.71	4	75
11/15/2015 20:30	9.68	5.94	7.98	8.21	7.95	4	75
11/15/2015 20:35	10.76	5.75	7.63	8.04	8.05	4	75
11/15/2015 20:40	8.65	4.84	7.14	7.44	7.02	4	75
11/15/2015 20:45	10.13	6.25	8.6	8.36	8.33	4	75
11/15/2015 20:50	9.95	5.41	7.07	7.28	7.43	4	75
11/15/2015 20:55	8.82	5.09	7.05	7.54	7.12	4	75
11/15/2015 21:00	9.58	5.17	6.44	6.81	7	4	75
11/15/2015 21:05	8.6	5.41	7.41	8.05	7.37	4	75
11/15/2015 21:10	8.4	5.64	7.3	7.52	7.21	4	75
11/15/2015 21:15	8.66	4.94	7.84	7.95	7.35	4	75
11/15/2015 21:20	7.89	4.77	6.98	7.3	6.74	4	75
11/15/2015 21:25	9.48	6.09	7.34	8.19	7.78	4	75
11/15/2015 21:30	8.36	4.61	6.92	7.51	6.85	4	75
11/15/2015 21:35	8.72	4.83	7.83	7.81	7.3	4	75
11/15/2015 21:40	8.16	4.62	7.22	6.96	6.74	4	75
11/15/2015 21:45	7.6	5.18	7.19	7.67	6.91	4	75
11/15/2015 21:50	8.37	6	7.73	7.58	7.42	4	75
11/15/2015 21:55	8.96	5.57	7.12	7.08	7.18	4	75
11/15/2015 22:00	7.06	4.14	5.46	6.42	5.77	4	75
11/15/2015 22:05	6.25	3.76	5.82	6.32	5.54	4	75
11/15/2015 22:10	6.54	4.81	6.07	6.61	6.01	4	75
11/15/2015 22:15	5.96	4.16	4.33	5.67	5.03	4	75
11/15/2015 22:20	5.54	3.59	4.2	5.44	4.69	4	75
11/15/2015 22:25	5.17	4.12	5.08	6.09	5.12	4	75
11/15/2015 22:30	6.38	4.21	5.95	6.51	5.76	4	75
11/15/2015 22:35	5.05	3.86	4.45	5.4	4.69	4	75
11/15/2015 22:40	4.75	4.02	4.68	5.4	4.71	4	75
11/15/2015 22:45	5.82	3.63	5.63	6.27	5.34	4	75
11/15/2015 22:50	4.77	2.97	3.71	5.19	4.16	4	75
11/15/2015 22:55	5.17	3.22	5.19	5.6	4.79	4	75
11/15/2015 23:00	4.85	3.42	4.46	5.11	4.46	4	75
11/15/2015 23:05	5.67	2.91	3.08	4.76	4.11	4	75
11/15/2015 23:10	4.12	3.33	3.56	4.81	3.96	4	75
11/15/2015 23:15	6.17	2.79	3.92	5.11	4.5	4	75
11/15/2015 23:20	3.41	3.19	3.49	4.74	3.71	4	75
11/15/2015 23:25	3.65	2.72	3.8	4.59	3.69	4	75
11/15/2015 23:30	3.06	2.87	3.09	4.57	3.4	4	75
11/15/2015 23:35	3.86	2.76	3.31	4.49	3.61	4	75
11/15/2015 23:40	2.87	2.62	2.8	4.21	3.13	4	75
11/15/2015 23:45	3.15	2.69	4.02	4.74	3.65	4	75
11/15/2015 23:50	2.28	2.25	3.17	4.21	2.98	4	75
11/15/2015 23:55	7.42	2.3	2.59	4.03	4.08	4	75
