5 Minutes	Lane 1 Occ (%)	Lane 2 Occ (%)	Lane 3 Occ (%)	Lane 4 Occ (%)	Occupancy (%)	# Lane Points	% Observed
11/02/2015 00:00	1.38	2.77	2.53	1.25	1.98	4	100
11/02/2015 00:05	1.81	2.34	2.19	1.96	2.07	4	100
11/02/2015 00:10	1.32	1.98	1.61	1.6	1.63	4	100
11/02/2015 00:15	1.85	2.42	1.33	2.04	1.91	4	100
11/02/2015 00:20	1.57	2.76	2.01	1.2	1.88	4	100
11/02/2015 00:25	1.68	2.41	1.53	1.31	1.73	4	100
11/02/2015 00:30	1.31	1.67	2.01	1.36	1.59	4	100
11/02/2015 00:35	.95	1.9	1.5	1.44	1.45	4	100
11/02/2015 00:40	1.59	1.89	1.75	1	1.56	4	100
11/02/2015 00:45	1.07	1.55	1.79	1.33	1.43	4	100
11/02/2015 00:50	1.58	1.51	1.14	1.78	1.5	4	100
11/02/2015 00:55	.69	1.17	.89	1.64	1.1	4	100
11/02/2015 01:00	.21	.97	1.21	1	.85	4	100
11/02/2015 01:05	.32	1.43	1.58	.8	1.03	4	100
11/02/2015 01:10	.65	1.15	.9	.65	.84	4	100
11/02/2015 01:15	.52	1.27	.68	.78	.81	4	100
11/02/2015 01:20	.41	1.42	.96	.75	.89	4	100
11/02/2015 01:25	.66	.8	2.05	1.37	1.22	4	100
11/02/2015 01:30	.3	.79	.35	.7	.53	4	100
11/02/2015 01:35	.69	1.36	1.08	.76	.97	4	100
11/02/2015 01:40	.7	1.53	.89	.93	1.01	4	100
11/02/2015 01:45	.43	1.25	1.25	1.3	1.06	4	100
11/02/2015 01:50	.58	.9	1.05	.81	.83	4	100
11/02/2015 01:55	.55	.8	1.5	.23	.77	4	100
11/02/2015 02:00	.77	1.4	1.12	.13	.86	4	100
11/02/2015 02:05	.69	1.19	1.58	.81	1.07	4	100
11/02/2015 02:10	.33	1.06	2	.91	1.07	4	100
11/02/2015 02:15	.21	.7	.8	1.17	.72	4	100
11/02/2015 02:20	.63	1.32	.9	1.12	.99	4	100
11/02/2015 02:25	.49	.9	1.41	.77	.89	4	100
11/02/2015 02:30	.92	.85	.97	1.09	.96	4	100
11/02/2015 02:35	.36	1.2	1.29	1.41	1.06	4	100
11/02/2015 02:40	.86	.79	1.51	.77	.98	4	100
11/02/2015 02:45	.58	1.34	2.55	.48	1.24	4	100
11/02/2015 02:50	.41	1.08	.98	1.12	.9	4	100
11/02/2015 02:55	.79	1.25	1.22	1.58	1.21	4	100
11/02/2015 03:00	.74	1.87	1.24	1.21	1.26	4	100
11/02/2015 03:05	1.6	2.06	2.79	1.36	1.95	4	100
11/02/2015 03:10	.87	1.42	1.49	1.63	1.35	4	100
11/02/2015 03:15	1	1.7	2.04	1.71	1.61	4	100
11/02/2015 03:20	1.2	2.15	1.69	1.48	1.63	4	100
11/02/2015 03:25	1.18	1.69	1.13	1.83	1.46	4	100
11/02/2015 03:30	1.58	2.09	1.61	1.72	1.75	4	100
11/02/2015 03:35	1.32	2.13	2.17	2	1.91	4	100
11/02/2015 03:40	1.7	2.02	1.82	2.27	1.95	4	100
11/02/2015 03:45	1.86	2.33	2.2	2.49	2.22	4	100
11/02/2015 03:50	1.7	2.62	2	3.76	2.52	4	100
11/02/2015 03:55	2.09	2.73	2.68	1.76	2.32	4	100
11/02/2015 04:00	1.85	3.14	2.06	2.7	2.44	4	100
11/02/2015 04:05	3.65	3.47	3.03	2.26	3.1	4	100
11/02/2015 04:10	2.72	3.44	2.23	1.88	2.57	4	100
11/02/2015 04:15	3.86	4.54	2.81	3.67	3.72	4	100
11/02/2015 04:20	3.64	4.43	3.29	3.3	3.67	4	100
11/02/2015 04:25	5.68	5.18	4.31	3.53	4.67	4	100
11/02/2015 04:30	6.35	5.56	5.08	4.47	5.36	4	100
11/02/2015 04:35	6.12	5.57	3.69	4.59	4.99	4	100
11/02/2015 04:40	7.79	6.35	5.76	7.59	6.87	4	100
11/02/2015 04:45	6.38	6.25	4.73	5.89	5.81	4	100
11/02/2015 04:50	6.75	6.17	4.37	5.6	5.72	4	100
11/02/2015 04:55	7.86	7.35	5.24	6.88	6.83	4	100
11/02/2015 05:00	9.19	7.29	4.53	5.74	6.69	4	100
11/02/2015 05:05	9.98	8.62	5.75	7.29	7.91	4	100
11/02/2015 05:10	13.84	10.58	8.4	9.24	10.51	4	100
11/02/2015 05:15	13.87	11.26	6.38	10.29	10.45	4	100
11/02/2015 05:20	17.76	14.48	10.63	11.68	13.64	4	100
11/02/2015 05:25	16.42	15.62	12.74	13.26	14.51	4	100
11/02/2015 05:30	25.02	23.03	20.87	21.83	22.69	4	100
11/02/2015 05:35	28.61	29.68	18.98	22.32	24.9	4	100
11/02/2015 05:40	39.03	28.61	23.24	25.96	29.21	4	100
11/02/2015 05:45	36.45	35.8	21.81	27.06	30.28	4	100
11/02/2015 05:50	43.62	38.81	20.7	26.07	32.3	4	100
11/02/2015 05:55	36.18	40.97	32.01	21.94	32.78	4	100
11/02/2015 06:00	39.02	43.52	28.61	20.08	32.81	4	100
11/02/2015 06:05	44.99	44.18	44.8	29.35	40.83	4	100
11/02/2015 06:10	42.56	46.93	38.72	33.39	40.4	4	100
11/02/2015 06:15	45.38	56.48	52.19	26.13	45.05	4	100
11/02/2015 06:20	50.59	58.45	49.88	20.54	44.86	4	100
11/02/2015 06:25	50.99	50.97	39.01	22.81	40.94	4	100
11/02/2015 06:30	51.96	54.06	57.48	19.86	45.84	4	100
11/02/2015 06:35	54.49	52.24	52.13	27.47	46.58	4	100
11/02/2015 06:40	43.99	53.18	59.78	22.27	44.81	4	100
11/02/2015 06:45	52.19	58.65	56.16	24.39	47.85	4	100
11/02/2015 06:50	51.9	66.06	60.89	27.33	51.54	4	100
11/02/2015 06:55	57.3	61.52	59.9	30.82	52.38	4	100
11/02/2015 07:00	60.3	52.28	53.13	18.75	46.11	4	100
11/02/2015 07:05	62.79	62.43	63.82	31.03	55.02	4	100
11/02/2015 07:10	51.39	65.91	52.44	29.23	49.74	4	100
11/02/2015 07:15	60.62	65.13	61.28	23.14	52.54	4	100
11/02/2015 07:20	58.17	62.68	67.52	22.32	52.67	4	100
11/02/2015 07:25	59.71	71.08	75.47	29.48	58.94	4	100
11/02/2015 07:30	55.09	62.96	54.88	32.73	51.41	4	100
11/02/2015 07:35	58.43	67.17	60.27	21.49	51.84	4	100
11/02/2015 07:40	64.25	71.72	70.29	33.31	59.89	4	100
11/02/2015 07:45	66.1	65.19	63.02	30.28	56.15	4	100
11/02/2015 07:50	53.11	60.45	51.68	18.12	45.84	4	100
11/02/2015 07:55	66.43	56.4	46.67	25.77	48.82	4	100
11/02/2015 08:00	64.33	72.68	60.93	29.32	56.81	4	100
11/02/2015 08:05	65.22	61.53	62.52	21.09	52.59	4	100
11/02/2015 08:10	63.85	64.98	64.78	36.49	57.53	4	100
11/02/2015 08:15	55.86	57.45	53.52	33.5	50.08	4	100
11/02/2015 08:20	65.58	55.77	59.61	29.1	52.52	4	100
11/02/2015 08:25	62.7	80.24	57.16	27.81	56.98	4	100
11/02/2015 08:30	60.06	67.3	54.09	24.72	51.54	4	100
11/02/2015 08:35	61.19	68.13	60.31	25.81	53.86	4	100
11/02/2015 08:40	62.44	65.38	39.26	44.72	52.95	4	100
11/02/2015 08:45	65.48	76	55.12	27.1	55.93	4	100
11/02/2015 08:50	59.24	70.74	59	20.01	52.25	4	100
11/02/2015 08:55	63.06	61.39	53.76	23.28	50.37	4	100
11/02/2015 09:00	63.88	69.59	77.53	39.84	62.71	4	100
11/02/2015 09:05	51.57	59.99	45.67	23.68	45.23	4	100
11/02/2015 09:10	55.31	63.33	57.53	14.66	47.71	4	100
11/02/2015 09:15	56.71	58.49	57.42	20.06	48.17	4	100
11/02/2015 09:20	60.87	58.31	50.51	47.57	54.32	4	100
11/02/2015 09:25	61.5	59.74	58.62	39.3	54.79	4	100
11/02/2015 09:30	59.5	61.99	58.59	33	53.27	4	100
11/02/2015 09:35	64.76	70.33	66.51	27.32	57.23	4	100
11/02/2015 09:40	58.26	52.24	63.28	23.79	49.39	4	100
11/02/2015 09:45	51.89	54.53	55.84	30.71	48.24	4	100
11/02/2015 09:50	51.04	65.68	59.5	24.63	50.21	4	100
11/02/2015 09:55	59.38	64.37	50.01	36.54	52.58	4	100
11/02/2015 10:00	62.02	67.08	55.16	33.2	54.36	4	100
11/02/2015 10:05	55.31	52.17	53.05	28.13	47.17	4	100
11/02/2015 10:10	47.15	43.47	46.48	28.79	41.47	4	100
11/02/2015 10:15	48.12	48.52	33.9	32.77	40.83	4	100
11/02/2015 10:20	52.22	45.39	34.86	25.27	39.43	4	100
11/02/2015 10:25	45.6	48.82	28.35	34.89	39.42	4	100
11/02/2015 10:30	41.57	37.03	24.04	31.05	33.42	4	100
11/02/2015 10:35	17.16	14.32	15.94	19.79	16.8	4	100
11/02/2015 10:40	6.54	7.63	8.83	11.74	8.68	4	100
11/02/2015 10:45	8.72	8.73	9.47	13.01	9.98	4	100
11/02/2015 10:50	6.31	7.7	9.02	10.37	8.35	4	100
11/02/2015 10:55	6.08	7.74	8.68	11.22	8.43	4	100
11/02/2015 11:00	7.24	7.22	9.21	10.73	8.6	4	100
11/02/2015 11:05	7.98	8.83	7.73	9.58	8.53	4	100
11/02/2015 11:10	8.35	7.42	10.57	10.26	9.15	4	100
11/02/2015 11:15	9.5	9.58	10.03	12.42	10.38	4	100
11/02/2015 11:20	8.23	8.51	8.81	12.12	9.42	4	100
11/02/2015 11:25	8.77	8.13	10.37	10.91	9.55	4	100
11/02/2015 11:30	9.01	9.2	10.81	11.74	10.19	4	100
11/02/2015 11:35	9.31	9.39	10.24	10.15	9.77	4	100
11/02/2015 11:40	8.64	8.21	10.04	11.86	9.69	4	100
11/02/2015 11:45	7.5	7.91	9.68	10.69	8.95	4	100
11/02/2015 11:50	8.45	8.05	9.96	10.89	9.34	4	100
11/02/2015 11:55	8.12	7.6	8.48	10.71	8.73	4	100
11/02/2015 12:00	7.34	7.6	9.56	10.53	8.76	4	100
11/02/2015 12:05	8.69	9.18	9.41	11.4	9.67	4	100
11/02/2015 12:10	8.69	8.01	10.29	10.43	9.36	4	100
11/02/2015 12:15	7.56	7.26	9.59	11.74	9.04	4	100
11/02/2015 12:20	8.64	9.1	12	9.59	9.83	4	100
11/02/2015 12:25	9.49	10.29	10.38	11.58	10.43	4	100
11/02/2015 12:30	9.64	9.08	11.4	11.94	10.52	4	100
11/02/2015 12:35	8.18	8.59	10.58	11.15	9.63	4	100
11/02/2015 12:40	7.79	9.82	9.2	11.92	9.68	4	100
11/02/2015 12:45	9.87	8.4	9.95	11.7	9.98	4	100
11/02/2015 12:50	9.11	8.26	11.6	10.47	9.86	4	100
11/02/2015 12:55	8.87	8.62	9.32	10.92	9.43	4	100
11/02/2015 13:00	6.62	7.61	10.07	10.04	8.58	4	100
11/02/2015 13:05	6.94	6.87	10.22	9.63	8.42	4	100
11/02/2015 13:10	8.79	8.89	9.26	10.3	9.31	4	100
11/02/2015 13:15	8.71	7.32	9.98	12.11	9.53	4	100
11/02/2015 13:20	7.87	8.33	11.19	10.77	9.54	4	100
11/02/2015 13:25	10.24	9.04	11.91	11.47	10.66	4	100
11/02/2015 13:30	8.14	7.62	9.15	10.04	8.74	4	100
11/02/2015 13:35	8.61	8.18	8.88	10.79	9.11	4	100
11/02/2015 13:40	6.6	6.59	8.67	11.31	8.29	4	100
11/02/2015 13:45	6.2	6.9	8.36	11.43	8.22	4	100
11/02/2015 13:50	6.51	7.25	8.42	10.49	8.17	4	100
11/02/2015 13:55	6.31	7.38	10	10.32	8.5	4	100
11/02/2015 14:00	7.72	7.09	7.21	10.06	8.02	4	100
11/02/2015 14:05	8.3	8.78	9.13	10.24	9.11	4	100
11/02/2015 14:10	7.07	7.68	7.43	7.84	7.51	4	100
11/02/2015 14:15	10.19	8.97	9.68	12.22	10.26	4	100
11/02/2015 14:20	8.31	8.04	7.8	10.74	8.72	4	100
11/02/2015 14:25	9.03	8.3	8.59	11.47	9.35	4	100
11/02/2015 14:30	7.03	8.53	9.61	12.17	9.34	4	100
11/02/2015 14:35	7.45	6.87	9.1	10.16	8.39	4	100
11/02/2015 14:40	7.98	6.48	8.93	12.56	8.99	4	100
11/02/2015 14:45	6.47	6.2	7.73	7.99	7.1	4	100
11/02/2015 14:50	6.34	6.41	6.45	8.9	7.03	4	100
11/02/2015 14:55	8.61	7.7	8.4	8.82	8.38	4	100
11/02/2015 15:00	8.65	8.68	8.37	8.78	8.62	4	100
11/02/2015 15:05	7.42	7.07	8.21	8.7	7.85	4	100
11/02/2015 15:10	8.16	7.84	6.2	8.91	7.78	4	100
11/02/2015 15:15	7.44	7.34	6.92	9.23	7.73	4	100
11/02/2015 15:20	6.79	6.94	6.5	8.59	7.21	4	100
11/02/2015 15:25	8.48	7.88	7.14	7.73	7.81	4	100
11/02/2015 15:30	7.54	7.68	7.65	9.01	7.97	4	100
11/02/2015 15:35	10.13	8.87	7.22	8.51	8.68	4	100
11/02/2015 15:40	9.18	6.6	8.73	11.04	8.89	4	100
11/02/2015 15:45	8.41	8.62	9.41	8.6	8.76	4	100
11/02/2015 15:50	8.36	7.29	7.14	8.39	7.79	4	100
11/02/2015 15:55	9.31	7.61	7.45	8.58	8.24	4	100
11/02/2015 16:00	8.76	8.78	7.47	7.7	8.18	4	100
11/02/2015 16:05	8.03	7.61	7.42	7.61	7.67	4	100
11/02/2015 16:10	7.71	7.77	8.13	9.8	8.35	4	100
11/02/2015 16:15	10.56	7.63	9.75	10.01	9.49	4	100
11/02/2015 16:20	10.33	7.68	7.6	7.84	8.36	4	100
11/02/2015 16:25	8.52	7.72	7.37	8.71	8.08	4	100
11/02/2015 16:30	9.9	8.08	6.63	9.66	8.57	4	100
11/02/2015 16:35	8.52	7.45	6.77	7.45	7.55	4	100
11/02/2015 16:40	8.67	7.41	8.16	8.74	8.24	4	100
11/02/2015 16:45	9.24	8.38	8.09	7.78	8.37	4	100
11/02/2015 16:50	8.66	8.46	8.4	7.88	8.35	4	100
11/02/2015 16:55	8.44	9.2	7.41	8.09	8.29	4	100
11/02/2015 17:00	9.05	8.28	7.54	8.31	8.29	4	100
11/02/2015 17:05	8.79	8.62	7.53	8.1	8.26	4	100
11/02/2015 17:10	10.08	8.83	7.64	7.79	8.58	4	100
11/02/2015 17:15	9.43	7.96	9.27	9.92	9.15	4	100
11/02/2015 17:20	8.67	9.19	9.38	10.3	9.38	4	100
11/02/2015 17:25	11.31	11.14	10.76	13.93	11.79	4	100
11/02/2015 17:30	11.11	11.87	12.51	30.98	16.62	4	100
11/02/2015 17:35	12.65	13.21	14.49	38.17	19.63	4	100
11/02/2015 17:40	10.73	13.09	11.24	34.96	17.51	4	100
11/02/2015 17:45	8.02	7.88	7.18	6.47	7.39	4	100
11/02/2015 17:50	9.31	9.22	6.81	6.47	7.95	4	100
11/02/2015 17:55	9.73	9.13	6.9	6.28	8.01	4	100
11/02/2015 18:00	10.29	9.67	7.12	7.11	8.55	4	100
11/02/2015 18:05	8.55	10.11	7.11	7.71	8.37	4	100
11/02/2015 18:10	7.58	9.07	7.88	7.16	7.92	4	100
11/02/2015 18:15	9.99	9.14	7.31	7.42	8.46	4	100
11/02/2015 18:20	9.08	8.49	6.89	6.34	7.7	4	100
11/02/2015 18:25	9.94	8.34	6.33	8.17	8.19	4	100
11/02/2015 18:30	9.43	8.37	6.05	6.02	7.47	4	100
11/02/2015 18:35	9.5	8.73	5.76	7.54	7.88	4	100
11/02/2015 18:40	7.89	6.68	6.61	7.02	7.05	4	100
11/02/2015 18:45	7.69	8.08	5.08	7.18	7.01	4	100
11/02/2015 18:50	7.57	7.63	6.86	6.77	7.21	4	100
11/02/2015 18:55	6.41	6.52	6.21	5.33	6.12	4	100
11/02/2015 19:00	6.49	5.8	5.32	5.7	5.83	4	100
11/02/2015 19:05	6.01	5.54	5.56	6.62	5.93	4	100
11/02/2015 19:10	6.51	6.66	7.06	5.28	6.38	4	100
11/02/2015 19:15	6.1	6.67	5.86	6	6.16	4	100
11/02/2015 19:20	5.88	6.54	5.81	5.19	5.86	4	100
11/02/2015 19:25	5.12	5.16	5.12	4.98	5.09	4	100
11/02/2015 19:30	5.02	6.46	5.38	6.89	5.94	4	100
11/02/2015 19:35	6.07	4.85	4.96	6.46	5.58	4	100
11/02/2015 19:40	4.11	4.82	5.52	5.23	4.92	4	100
11/02/2015 19:45	3.84	4.38	4.73	5.37	4.58	4	100
11/02/2015 19:50	4.32	5.32	4.41	4.71	4.69	4	100
11/02/2015 19:55	3.83	4.72	4.56	4.62	4.43	4	100
11/02/2015 20:00	3.91	5.07	5.47	6.48	5.23	4	100
11/02/2015 20:05	3.42	5.08	4.6	6.47	4.89	4	100
11/02/2015 20:10	3.31	5.31	4.76	5.6	4.74	4	100
11/02/2015 20:15	4.21	4.71	4.66	6.33	4.98	4	100
11/02/2015 20:20	3.75	5.11	6.29	4.36	4.88	4	100
11/02/2015 20:25	4.38	4.49	5.32	5.89	5.02	4	100
11/02/2015 20:30	4.57	6.04	4.19	4.22	4.75	4	100
11/02/2015 20:35	4.15	4.47	6.03	4.3	4.74	4	100
11/02/2015 20:40	4.54	5.79	5.17	4.87	5.09	4	100
11/02/2015 20:45	3.69	4.72	5.17	6.53	5.03	4	100
11/02/2015 20:50	3.31	4.17	5.08	4.22	4.2	4	100
11/02/2015 20:55	3.77	4.45	5.45	4.61	4.57	4	100
11/02/2015 21:00	3.49	2.65	4.26	4.62	3.76	4	100
11/02/2015 21:05	3.67	3.96	5.44	3.82	4.22	4	100
11/02/2015 21:10	3.84	4.04	5.63	4.27	4.45	4	100
11/02/2015 21:15	4.08	4.19	3.42	4.24	3.98	4	100
11/02/2015 21:20	2.97	3.37	3.84	3.49	3.42	4	100
11/02/2015 21:25	4	4.59	5.82	5.4	4.95	4	100
11/02/2015 21:30	3.74	3.65	3.77	3.83	3.75	4	100
11/02/2015 21:35	3.61	3.89	4.7	5	4.3	4	100
11/02/2015 21:40	3.97	4.45	5.38	5.16	4.74	4	100
11/02/2015 21:45	4.74	4.77	4.23	4.15	4.47	4	100
11/02/2015 21:50	3.51	3.85	4.28	4.35	4	4	100
11/02/2015 21:55	3.82	4.21	3.96	3.26	3.81	4	100
11/02/2015 22:00	2.89	4.31	4.51	3.92	3.91	4	100
11/02/2015 22:05	3.95	3.78	4.38	3.58	3.92	4	100
11/02/2015 22:10	2.98	3.5	3.97	4.17	3.65	4	100
11/02/2015 22:15	3.62	4.98	4.6	4.12	4.33	4	100
11/02/2015 22:20	2.56	2.48	4.78	4.8	3.65	4	100
11/02/2015 22:25	2.78	3.22	4.28	2.65	3.23	4	100
11/02/2015 22:30	3.06	3.69	3.61	3.4	3.44	4	100
11/02/2015 22:35	2.24	2.99	2.77	3	2.75	4	100
11/02/2015 22:40	2.21	3.36	4.09	3.18	3.21	4	100
11/02/2015 22:45	2.04	2.4	3.17	3.73	2.84	4	100
11/02/2015 22:50	1.89	3.01	3.36	3.09	2.84	4	100
11/02/2015 22:55	1.42	2.11	2.57	2.83	2.23	4	100
11/02/2015 23:00	1.7	2.57	3.54	2.52	2.58	4	100
11/02/2015 23:05	1.8	1.63	1.86	2.55	1.96	4	100
11/02/2015 23:10	1.86	2.06	3.12	2.27	2.33	4	100
11/02/2015 23:15	1.7	2.79	3.87	2.62	2.75	4	100
11/02/2015 23:20	1.13	2.12	2.3	1.92	1.87	4	100
11/02/2015 23:25	1.23	2.47	2.02	1.68	1.85	4	100
11/02/2015 23:30	1.08	2.06	3.03	1.29	1.86	4	100
11/02/2015 23:35	.89	1.93	2.17	1.9	1.72	4	100
11/02/2015 23:40	1.42	2.38	1.82	1.44	1.77	4	100
11/02/2015 23:45	.95	2.31	1.88	1.86	1.75	4	100
11/02/2015 23:50	1.17	1.19	2.18	1.31	1.46	4	100
11/02/2015 23:55	.58	1.17	2.25	2.86	1.71	4	100
11/03/2015 00:00	.94	1.88	1.53	1.35	1.43	4	100
11/03/2015 00:05	.76	1.76	1.71	.92	1.29	4	100
11/03/2015 00:10	1.12	1.59	3.48	2.24	2.11	4	100
11/03/2015 00:15	.71	.99	3.08	1.07	1.46	4	100
11/03/2015 00:20	.7	.9	1.49	1.14	1.06	4	100
11/03/2015 00:25	.63	.78	2.98	1.53	1.48	4	100
11/03/2015 00:30	.97	1.54	2	1.54	1.51	4	100
11/03/2015 00:35	.75	1.17	2.17	.79	1.22	4	100
11/03/2015 00:40	.4	1.43	1.88	1.28	1.25	4	100
11/03/2015 00:45	.47	1.18	2.01	1.37	1.26	4	100
11/03/2015 00:50	.56	1.09	1.72	1.64	1.25	4	100
11/03/2015 00:55	.56	1.14	1.85	.93	1.12	4	100
11/03/2015 01:00	.41	.72	.68	.88	.67	4	100
11/03/2015 01:05	.66	.72	2.98	1.19	1.39	4	100
11/03/2015 01:10	.16	.68	1.16	1	.75	4	100
11/03/2015 01:15	.29	1.09	1.46	1.29	1.03	4	100
11/03/2015 01:20	.62	1.1	1.63	.56	.98	4	100
11/03/2015 01:25	.22	1.13	1.27	.8	.86	4	100
11/03/2015 01:30	.49	.8	1.46	.83	.89	4	100
11/03/2015 01:35	.24	.59	1.09	.38	.58	4	100
11/03/2015 01:40	.56	1.26	1.33	.46	.9	4	100
11/03/2015 01:45	.46	.88	1.27	.7	.83	4	100
11/03/2015 01:50	.36	.73	.73	1.53	.84	4	100
11/03/2015 01:55	.18	.85	1.74	.5	.82	4	100
11/03/2015 02:00	.58	1.29	3.26	.86	1.5	4	100
11/03/2015 02:05	.39	.82	1.5	.78	.87	4	100
11/03/2015 02:10	.7	.92	1.72	.53	.97	4	100
11/03/2015 02:15	.22	.38	1.31	.98	.72	4	100
11/03/2015 02:20	.2	.57	1.77	.52	.76	4	100
11/03/2015 02:25	.48	.99	.83	.66	.74	4	100
11/03/2015 02:30	.43	1.1	1.52	.72	.94	4	100
11/03/2015 02:35	.42	.67	1.99	1.27	1.09	4	100
11/03/2015 02:40	.76	1.23	1.39	1.21	1.15	4	100
11/03/2015 02:45	.51	1.58	2.12	.88	1.27	4	100
11/03/2015 02:50	.77	.79	1.27	1.06	.97	4	100
11/03/2015 02:55	.35	1.11	.82	1.4	.92	4	100
11/03/2015 03:00	.75	1.55	1.46	1.46	1.31	4	100
11/03/2015 03:05	.59	1.43	2.43	1.2	1.41	4	100
11/03/2015 03:10	.71	1.07	2.35	.97	1.28	4	100
11/03/2015 03:15	.71	1.21	2.59	1.34	1.46	4	100
11/03/2015 03:20	.72	1.6	.66	.77	.94	4	100
11/03/2015 03:25	1.32	2.06	2.75	1.52	1.91	4	100
11/03/2015 03:30	1.6	2.1	3.57	2.62	2.47	4	100
11/03/2015 03:35	1.17	1.96	1.83	1.78	1.69	4	100
11/03/2015 03:40	1.42	1.69	1.99	2.53	1.91	4	100
11/03/2015 03:45	2.59	2.17	2.69	2.07	2.38	4	100
11/03/2015 03:50	1.82	2.17	2.72	1.77	2.12	4	100
11/03/2015 03:55	1.56	2.42	2.31	2.19	2.12	4	100
11/03/2015 04:00	1.5	2.83	3.78	2.34	2.61	4	100
11/03/2015 04:05	2.19	2.41	2.47	1.36	2.11	4	100
11/03/2015 04:10	3.1	3.84	2.52	2.34	2.95	4	100
11/03/2015 04:15	3.62	3.96	3.96	2.2	3.43	4	100
11/03/2015 04:20	4.08	4.38	3.8	3.19	3.86	4	100
11/03/2015 04:25	5.13	4.59	4.42	3.5	4.41	4	100
11/03/2015 04:30	6.27	5.26	4.25	4	4.95	4	100
11/03/2015 04:35	5.77	5.21	3.59	5.27	4.96	4	100
11/03/2015 04:40	6.22	6.12	4.81	5.98	5.78	4	100
11/03/2015 04:45	6.92	5.71	5.59	5	5.81	4	100
11/03/2015 04:50	7.67	6.99	5.97	3.9	6.13	4	100
11/03/2015 04:55	6.1	5.43	6.16	5.17	5.71	4	100
11/03/2015 05:00	8.68	8.06	5.28	6.44	7.12	4	100
11/03/2015 05:05	11.78	9.78	6.29	6.3	8.54	4	100
11/03/2015 05:10	12.03	11.2	8.56	7	9.7	4	100
11/03/2015 05:15	13.33	10.3	8.69	8.34	10.17	4	100
11/03/2015 05:20	16.85	13.91	11.05	12.52	13.58	4	100
11/03/2015 05:25	10.11	9.3	7.32	8.66	8.85	4	100
11/03/2015 05:30	17.08	16.21	12.87	14.15	15.08	4	100
11/03/2015 05:35	20.72	18.18	14.11	18.69	17.93	4	100
11/03/2015 05:40	26.55	27.58	15.52	19.34	22.25	4	100
11/03/2015 05:45	37.74	35.74	24.93	29.4	31.95	4	100
11/03/2015 05:50	42.34	41.62	29.97	27.52	35.36	4	100
11/03/2015 05:55	37.72	38.71	27.91	34.12	34.62	4	100
11/03/2015 06:00	41.42	45.92	38.3	24.77	37.6	4	100
11/03/2015 06:05	45.59	47.99	37.7	24.66	38.98	4	100
11/03/2015 06:10	42.16	49.58	42.38	30.28	41.1	4	100
11/03/2015 06:15	50.95	63.23	59.4	31.71	51.32	4	100
11/03/2015 06:20	54.35	59.4	56.52	19.13	47.35	4	100
11/03/2015 06:25	52.64	53.79	54.56	20.09	45.27	4	100
11/03/2015 06:30	55.37	59.52	54.58	27.36	49.21	4	100
11/03/2015 06:35	52.39	58.36	47.5	27.29	46.38	4	100
11/03/2015 06:40	56.23	61.21	64.55	33.46	53.86	4	100
11/03/2015 06:45	62.45	64.09	57.78	27.81	53.03	4	100
11/03/2015 06:50	57.78	63.97	48.52	22.52	48.2	4	100
11/03/2015 06:55	62.62	61.66	66.35	27.09	54.43	4	100
11/03/2015 07:00	60.56	71.17	65.06	27.48	56.07	4	100
11/03/2015 07:05	63.37	61.49	56.21	18.8	49.97	4	100
11/03/2015 07:10	55.69	62.53	62.51	24.16	51.22	4	100
11/03/2015 07:15	57.56	66.28	66.14	24.46	53.61	4	100
11/03/2015 07:20	62.2	72.9	75.19	26.07	59.09	4	100
11/03/2015 07:25	67.1	72.17	68.3	49.93	64.38	4	100
11/03/2015 07:30	63.86	56.3	54.6	24.5	49.81	4	100
11/03/2015 07:35	69.61	74.27	64.47	17.25	56.4	4	100
11/03/2015 07:40	63.28	64.21	68.53	30.44	56.62	4	100
11/03/2015 07:45	60.76	74.68	59.32	42.78	59.38	4	100
11/03/2015 07:50	65.83	62.72	69.49	34.48	58.13	4	100
11/03/2015 07:55	55.98	61.15	67.9	28.59	53.41	4	100
11/03/2015 08:00	58.72	63.01	74.64	25.58	55.49	4	100
11/03/2015 08:05	65.29	74.91	62.51	33.67	59.09	4	100
11/03/2015 08:10	63.89	63.97	68.2	36.42	58.12	4	100
11/03/2015 08:15	66.08	69.41	74.97	54.05	66.13	4	100
11/03/2015 08:20	58.05	60.57	56.72	23.66	49.75	4	100
11/03/2015 08:25	67.91	72.78	65.87	31.06	59.4	4	100
11/03/2015 08:30	61.78	73.22	74.52	31.01	60.13	4	100
11/03/2015 08:35	61.76	67.3	50.62	18.52	49.55	4	100
11/03/2015 08:40	63.68	63.94	58.17	24.24	52.51	4	100
11/03/2015 08:45	63.97	57.29	65.71	38.67	56.41	4	100
11/03/2015 08:50	62.11	67.89	56.81	35.09	55.47	4	100
11/03/2015 08:55	59.81	65.6	61.25	50.37	59.26	4	100
11/03/2015 09:00	62.93	56.33	68.92	37.58	56.44	4	100
11/03/2015 09:05	60.97	62.91	51	37.47	53.09	4	100
11/03/2015 09:10	61.13	70.26	59.54	27.56	54.62	4	100
11/03/2015 09:15	62	68.03	41.65	50.84	55.63	4	100
11/03/2015 09:20	52.99	55.49	60.99	36.25	51.43	4	100
11/03/2015 09:25	63.21	68.2	76.03	45.8	63.31	4	100
11/03/2015 09:30	68.03	59.12	51.71	38.09	54.24	4	100
11/03/2015 09:35	64.86	71.3	71.28	23.34	57.69	4	100
11/03/2015 09:40	56.1	53.09	62.96	21.73	48.47	4	100
11/03/2015 09:45	62.6	58.41	57.76	20.14	49.73	4	100
11/03/2015 09:50	61.92	66.97	73.59	34.01	59.12	4	100
11/03/2015 09:55	53.47	61.68	53.63	30.89	49.92	4	100
11/03/2015 10:00	60.67	64.74	60.19	23.23	52.21	4	100
11/03/2015 10:05	55.16	59.83	45.82	23.14	45.99	4	100
11/03/2015 10:10	52.84	56.19	39.61	28.06	44.18	4	100
11/03/2015 10:15	61.08	53.67	57.87	31.09	50.93	4	100
11/03/2015 10:20	49.72	52.18	56.09	30.84	47.21	4	100
11/03/2015 10:25	52.42	60.48	53.13	22.9	47.23	4	100
11/03/2015 10:30	42.13	40.07	31.82	31.34	36.34	4	100
11/03/2015 10:35	50.32	54.78	47.9	34.78	46.94	4	100
11/03/2015 10:40	48.02	51.49	34.75	33.53	41.95	4	100
11/03/2015 10:45	44.78	43.2	30.32	30.76	37.26	4	100
11/03/2015 10:50	50.19	46.66	29.87	36.81	40.88	4	100
11/03/2015 10:55	43.92	38.41	24.83	25.09	33.06	4	100
11/03/2015 11:00	46.16	39.74	26.33	36.17	37.1	4	100
11/03/2015 11:05	28.77	22.38	23.73	25.73	25.15	4	100
11/03/2015 11:10	8.54	9.25	11.07	10.19	9.76	4	100
11/03/2015 11:15	25.13	23.95	21.71	22.09	23.22	4	100
11/03/2015 11:20	12.09	12.18	11.72	15.39	12.85	4	100
11/03/2015 11:25	8.66	9.11	11.68	11.54	10.25	4	100
11/03/2015 11:30	8.97	8.95	11.29	11.63	10.21	4	100
11/03/2015 11:35	8.84	8.58	9.64	11.25	9.58	4	100
11/03/2015 11:40	6.89	9.21	9.18	11.28	9.14	4	100
11/03/2015 11:45	6.95	8.46	11.31	11.15	9.47	4	100
11/03/2015 11:50	9.04	8.72	9.61	13.29	10.16	4	100
11/03/2015 11:55	7.18	6.99	9.48	11.37	8.75	4	100
11/03/2015 12:00	8.72	9.01	9.78	11.86	9.84	4	100
11/03/2015 12:05	8.7	9.63	9.37	12.05	9.94	4	100
11/03/2015 12:10	8.2	7.78	10.46	12.5	9.73	4	100
11/03/2015 12:15	9.61	6.89	8.98	11.81	9.32	4	100
11/03/2015 12:20	8.79	8.9	10.61	11.1	9.85	4	100
11/03/2015 12:25	9.03	9.71	11.33	12.24	10.58	4	100
11/03/2015 12:30	8.4	10.7	10.68	12.24	10.51	4	100
11/03/2015 12:35	8.47	8.64	11.28	12.03	10.11	4	100
11/03/2015 12:40	8.99	9.57	12.84	12.18	10.89	4	100
11/03/2015 12:45	8.62	8.19	11.67	11.3	9.94	4	100
11/03/2015 12:50	10.09	8.81	9.57	11.29	9.94	4	100
11/03/2015 12:55	9.78	8.48	11.16	9.81	9.81	4	100
11/03/2015 13:00	8.38	8.75	10.38	10.22	9.43	4	100
11/03/2015 13:05	9.19	8.53	10.94	11.45	10.03	4	100
11/03/2015 13:10	8.1	8.38	10.1	10.63	9.3	4	100
11/03/2015 13:15	7.44	7.14	9.41	9.26	8.31	4	100
11/03/2015 13:20	9.62	8.6	10.22	10.97	9.85	4	100
11/03/2015 13:25	9.23	7.4	9.92	12.38	9.73	4	100
11/03/2015 13:30	9.67	8.56	9.21	11.08	9.63	4	100
11/03/2015 13:35	7.99	7.98	10.96	10.77	9.43	4	100
11/03/2015 13:40	9.24	8.52	9.48	11.78	9.75	4	100
11/03/2015 13:45	7.53	7.72	9.43	10.17	8.71	4	100
11/03/2015 13:50	7.55	7.72	8.81	11.73	8.95	4	100
11/03/2015 13:55	7.73	7.54	6.97	11.02	8.32	4	100
11/03/2015 14:00	8.28	9.19	7.31	10.79	8.89	4	100
11/03/2015 14:05	8.8	8.95	8.58	10.07	9.1	4	100
11/03/2015 14:10	9.95	9.24	9.99	11.93	10.28	4	100
11/03/2015 14:15	8.74	9.6	9.14	10.5	9.49	4	100
11/03/2015 14:20	10.14	8.63	9.22	10.25	9.56	4	100
11/03/2015 14:25	9.4	9.81	8.33	12.81	10.09	4	100
11/03/2015 14:30	9.31	7.92	8.79	10.82	9.21	4	100
11/03/2015 14:35	8.99	8.57	11.44	11.33	10.08	4	100
11/03/2015 14:40	8.36	8.16	11.17	9.17	9.22	4	100
11/03/2015 14:45	10.08	8.52	8.28	9.8	9.17	4	100
11/03/2015 14:50	10.56	10.93	11.75	28.86	15.52	4	100
11/03/2015 14:55	10.33	10.33	11.91	27.62	15.05	4	100
11/03/2015 15:00	8.82	9.19	8.42	14.93	10.34	4	100
11/03/2015 15:05	8.42	8.42	7.82	8.4	8.27	4	100
11/03/2015 15:10	7.52	8.98	7.58	9.62	8.43	4	100
11/03/2015 15:15	7.37	6.38	6.4	7.67	6.96	4	100
11/03/2015 15:20	6.94	8.65	7.99	9.02	8.15	4	100
11/03/2015 15:25	7.18	6.77	6.9	8.36	7.3	4	100
11/03/2015 15:30	6	6.93	6.57	7.56	6.77	4	100
11/03/2015 15:35	10.99	8.95	8.67	8.53	9.29	4	100
11/03/2015 15:40	8.59	7.78	8.95	9.75	8.77	4	100
11/03/2015 15:45	8.47	7.54	6.8	8.42	7.81	4	100
11/03/2015 15:50	8.01	7.55	7.51	8.3	7.84	4	100
11/03/2015 15:55	8.23	8	6.98	7.83	7.76	4	100
11/03/2015 16:00	8.09	7.71	7.68	8.89	8.09	4	100
11/03/2015 16:05	9.6	8.67	9.39	10.17	9.46	4	100
11/03/2015 16:10	8.22	8.23	8.63	9.08	8.54	4	100
11/03/2015 16:15	8.2	7.64	8.21	7.81	7.96	4	100
11/03/2015 16:20	8.63	9.55	7.98	8.97	8.78	4	100
11/03/2015 16:25	8.46	6.88	7.8	7.41	7.64	4	100
11/03/2015 16:30	7.67	7.37	7.21	8.44	7.67	4	100
11/03/2015 16:35	9.24	7.7	7.2	8.28	8.1	4	100
11/03/2015 16:40	10.01	9.62	8.88	9.12	9.41	4	100
11/03/2015 16:45	8.51	7.79	6.93	7.73	7.74	4	100
11/03/2015 16:50	8.68	8.67	8.31	7.59	8.31	4	100
11/03/2015 16:55	8.41	9.22	6.63	7.6	7.96	4	100
11/03/2015 17:00	9.44	7.54	7.21	7.55	7.94	4	100
11/03/2015 17:05	9.15	7.49	9.38	10.86	9.22	4	100
11/03/2015 17:10	10.21	8.82	9.77	9.27	9.52	4	100
11/03/2015 17:15	9.34	9.02	8.31	9.1	8.94	4	100
11/03/2015 17:20	9.34	11.39	10.89	10.41	10.51	4	100
11/03/2015 17:25	9.43	10.49	8.97	9.51	9.6	4	100
11/03/2015 17:30	9.85	9.55	7.66	7.38	8.61	4	100
11/03/2015 17:35	10.81	10.21	8.62	9.46	9.78	4	100
11/03/2015 17:40	9.18	8.39	8.37	8.4	8.59	4	100
11/03/2015 17:45	9.81	9.97	8.32	9.91	9.5	4	100
11/03/2015 17:50	8.72	8.1	7.54	8.63	8.25	4	100
11/03/2015 17:55	9.9	8.46	8.27	9.1	8.93	4	100
11/03/2015 18:00	7.6	7.62	7.53	8.6	7.84	4	100
11/03/2015 18:05	8.5	8.72	7.18	7.91	8.08	4	100
11/03/2015 18:10	10.36	8.49	8.1	8.14	8.77	4	100
11/03/2015 18:15	8.58	8.87	7.69	8.18	8.33	4	100
11/03/2015 18:20	10.05	9.3	7.62	6.51	8.37	4	100
11/03/2015 18:25	9.48	8.85	6.58	9.59	8.62	4	100
11/03/2015 18:30	8.23	7.07	7.26	6.08	7.16	4	100
11/03/2015 18:35	7.72	7.17	6.78	6.94	7.15	4	100
11/03/2015 18:40	7.42	8.13	8.16	8.85	8.14	4	100
11/03/2015 18:45	6.48	6.22	6.72	7.27	6.67	4	100
11/03/2015 18:50	8.7	7.48	7.41	7.34	7.73	4	100
11/03/2015 18:55	6.3	6.93	7.07	7.29	6.9	4	100
11/03/2015 19:00	5.91	6.65	6.16	5.09	5.95	4	100
11/03/2015 19:05	7.32	6.44	5.83	6.28	6.47	4	100
11/03/2015 19:10	6.03	6.57	6.8	5.81	6.3	4	100
11/03/2015 19:15	5.46	4.82	5.01	4.06	4.84	4	100
11/03/2015 19:20	6.44	6.51	7.74	6.93	6.91	4	100
11/03/2015 19:25	7.08	6.85	5.95	6.44	6.58	4	100
11/03/2015 19:30	5.57	6.29	6.58	6.57	6.25	4	100
11/03/2015 19:35	5.37	5.76	5.48	5.9	5.63	4	100
11/03/2015 19:40	5.44	6.78	5.89	6.09	6.05	4	100
11/03/2015 19:45	5	6.34	7	6.87	6.3	4	100
11/03/2015 19:50	4.2	5.93	6.24	7.57	5.99	4	100
11/03/2015 19:55	3.79	5.37	5.94	6.33	5.36	4	100
11/03/2015 20:00	4.37	5.52	5.48	5.86	5.31	4	100
11/03/2015 20:05	3.93	4.51	5.09	5.24	4.69	4	100
11/03/2015 20:10	4.78	5.43	6.19	5.26	5.41	4	100
11/03/2015 20:15	4.57	5.2	5.3	5.38	5.11	4	100
11/03/2015 20:20	5.16	4.9	4.53	4.73	4.83	4	100
11/03/2015 20:25	4.09	4.02	5.74	4.23	4.52	4	100
11/03/2015 20:30	4.04	5.56	5.34	4.99	4.98	4	100
11/03/2015 20:35	4.58	6.09	5.24	4.7	5.15	4	100
11/03/2015 20:40	4.35	4.79	5.8	5.31	5.06	4	100
11/03/2015 20:45	4.64	4.93	5.99	6.25	5.45	4	100
11/03/2015 20:50	3.96	5.03	4.77	5.89	4.91	4	100
11/03/2015 20:55	3.56	5.27	4.68	6.11	4.9	4	100
11/03/2015 21:00	3.67	3.98	6.97	6.02	5.16	4	100
11/03/2015 21:05	4.1	3.3	5.19	5.41	4.5	4	100
11/03/2015 21:10	3.74	4.55	6.11	4.98	4.85	4	100
11/03/2015 21:15	4.25	5.18	5.48	5.2	5.03	4	100
11/03/2015 21:20	3.74	4.21	4.38	4.77	4.27	4	100
11/03/2015 21:25	4.63	4.49	6.64	5.01	5.19	4	100
11/03/2015 21:30	3.97	4.78	4.92	6.22	4.97	4	100
11/03/2015 21:35	3.51	4.59	4.3	3.51	3.98	4	100
11/03/2015 21:40	4.13	3.98	4.62	5.02	4.44	4	100
11/03/2015 21:45	3.78	4.03	4.89	3.94	4.16	4	100
11/03/2015 21:50	2.97	4.96	6	4.35	4.57	4	100
11/03/2015 21:55	3.19	3.24	4.46	3.83	3.68	4	100
11/03/2015 22:00	2.9	4.78	4.9	3.72	4.08	4	100
11/03/2015 22:05	3.51	3.7	5.5	4.61	4.33	4	100
11/03/2015 22:10	3.37	4.67	5.41	4.92	4.59	4	100
11/03/2015 22:15	4.42	4.74	5.94	4.35	4.86	4	100
11/03/2015 22:20	2.66	3.19	5.15	4.91	3.98	4	100
11/03/2015 22:25	2.29	2.93	3.99	4.73	3.48	4	100
11/03/2015 22:30	3.06	3.98	3.98	3.16	3.55	4	100
11/03/2015 22:35	2.97	3.46	5.24	3.99	3.91	4	100
11/03/2015 22:40	2.84	2.93	3.66	3.8	3.31	4	100
11/03/2015 22:45	2.38	3.57	3.31	3.63	3.22	4	100
11/03/2015 22:50	1.73	2.7	2.77	3.58	2.69	4	100
11/03/2015 22:55	2.47	2.81	3.45	2.68	2.85	4	100
11/03/2015 23:00	1.23	2.3	3.3	2.24	2.27	4	100
11/03/2015 23:05	1.6	2.38	3.21	1.61	2.2	4	100
11/03/2015 23:10	1.63	3.12	3.66	3.13	2.89	4	100
11/03/2015 23:15	1.94	2.25	3.49	2.08	2.44	4	100
11/03/2015 23:20	1.47	2.22	3.04	1.62	2.09	4	100
11/03/2015 23:25	.85	1.89	2.2	1.74	1.67	4	100
11/03/2015 23:30	1.22	2.01	3.14	2.46	2.21	4	100
11/03/2015 23:35	1.82	1.97	3.45	2.71	2.49	4	100
11/03/2015 23:40	1.75	2.28	2.67	2.24	2.24	4	100
11/03/2015 23:45	1.22	1.62	3.54	2.32	2.17	4	100
11/03/2015 23:50	.63	2.16	1.81	2.47	1.77	4	100
11/03/2015 23:55	.75	1.32	2.8	1.33	1.55	4	100
11/04/2015 00:00	1.07	2.22	3.56	1.37	2.05	4	75
11/04/2015 00:05	.6	1.69	3.21	1.89	1.85	4	75
11/04/2015 00:10	.9	2.51	3.59	.99	2	4	75
11/04/2015 00:15	1.1	1.24	3.12	1.66	1.78	4	75
11/04/2015 00:20	.94	1.64	3.2	1.35	1.78	4	75
11/04/2015 00:25	.6	1.46	3.31	1.31	1.67	4	75
11/04/2015 00:30	.59	1.8	3.23	.66	1.57	4	75
11/04/2015 00:35	.39	1.5	3.06	.99	1.49	4	75
11/04/2015 00:40	1.02	1.52	3.57	2.61	2.18	4	75
11/04/2015 00:45	.53	.73	2.77	.77	1.2	4	75
11/04/2015 00:50	.29	.99	3.19	.9	1.34	4	75
11/04/2015 00:55	.29	.96	2.95	1.38	1.4	4	75
11/04/2015 01:00	.44	.98	2.65	.76	1.21	4	75
11/04/2015 01:05	.29	.81	2.83	1.16	1.27	4	75
11/04/2015 01:10	.37	1.51	3.01	1.41	1.57	4	75
11/04/2015 01:15	.51	1.04	2.88	.88	1.33	4	75
11/04/2015 01:20	.48	.99	2.96	1.33	1.44	4	75
11/04/2015 01:25	.63	1.29	3.08	1	1.5	4	75
11/04/2015 01:30	.33	.95	2.97	.87	1.28	4	75
11/04/2015 01:35	.14	1.05	2.95	.97	1.28	4	75
11/04/2015 01:40	.47	.41	2.8	.96	1.16	4	75
11/04/2015 01:45	.4	.88	2.78	.63	1.17	4	75
11/04/2015 01:50	.46	1.14	2.94	1.02	1.39	4	75
11/04/2015 01:55	.18	1.16	3	1.61	1.49	4	75
11/04/2015 02:00	.21	.53	2.69	.88	1.08	4	75
11/04/2015 02:05	.49	.96	3.1	1.6	1.54	4	75
11/04/2015 02:10	.41	.78	2.79	1.04	1.25	4	75
11/04/2015 02:15	.22	.95	2.76	.84	1.19	4	75
11/04/2015 02:20	.74	.9	3.02	.88	1.39	4	75
11/04/2015 02:25	.5	1.37	3.01	.88	1.44	4	75
11/04/2015 02:30	.37	.98	2.71	.74	1.2	4	75
11/04/2015 02:35	.63	1.63	3.15	1.64	1.76	4	75
11/04/2015 02:40	0	.9	2.97	1.44	1.33	4	75
11/04/2015 02:45	.68	.83	3.04	1.27	1.46	4	75
11/04/2015 02:50	.51	.99	3.05	.69	1.31	4	75
11/04/2015 02:55	.66	1.63	3.21	.57	1.52	4	75
11/04/2015 03:00	.7	1.41	3.09	.91	1.53	4	75
11/04/2015 03:05	.96	1.56	3.14	1.14	1.7	4	75
11/04/2015 03:10	1.16	1.31	3.07	.96	1.62	4	75
11/04/2015 03:15	.81	1.69	3.33	1.55	1.85	4	75
11/04/2015 03:20	.76	1.22	3.39	1.08	1.61	4	75
11/04/2015 03:25	.61	1.82	3.36	1.56	1.84	4	75
11/04/2015 03:30	1.19	2.49	3.82	1.72	2.31	4	75
11/04/2015 03:35	1.8	1.96	3.43	.97	2.04	4	75
11/04/2015 03:40	2.58	2.21	3.65	1.75	2.55	4	75
11/04/2015 03:45	1.36	2.79	4.05	2.96	2.79	4	75
11/04/2015 03:50	1.47	2.68	4.05	2.31	2.63	4	75
11/04/2015 03:55	1.68	2.27	3.76	2.63	2.58	4	75
11/04/2015 04:00	1.96	2.25	3.91	2.32	2.61	4	75
11/04/2015 04:05	2.89	3.49	4.62	2.4	3.35	4	75
11/04/2015 04:10	2.51	3.28	4.31	1.88	2.99	4	75
11/04/2015 04:15	2.46	3.68	4.32	2.4	3.22	4	75
11/04/2015 04:20	4.56	4.55	6.01	5.49	5.15	4	75
11/04/2015 04:25	4.63	4.37	5.31	4.42	4.68	4	75
11/04/2015 04:30	4.82	4.51	5.56	4.02	4.73	4	75
11/04/2015 04:35	5.71	6.62	6.64	5.32	6.07	4	75
11/04/2015 04:40	6.58	6.49	7.01	6.19	6.57	4	75
11/04/2015 04:45	5.83	6.6	7.82	5.68	6.48	4	75
11/04/2015 04:50	6.53	6.41	6.5	4.37	5.95	4	75
11/04/2015 04:55	7.53	7.04	7.15	5.51	6.81	4	75
11/04/2015 05:00	8.81	7.09	6.85	5.38	7.03	4	75
11/04/2015 05:05	10.44	9.22	8.65	7.84	9.04	4	75
11/04/2015 05:10	12.44	11.22	9.26	7.21	10.03	4	75
11/04/2015 05:15	14.91	11.43	10.52	9.4	11.57	4	75
11/04/2015 05:20	17.25	14.81	11.53	8.97	13.14	4	75
11/04/2015 05:25	17.55	15.71	14.01	14.23	15.38	4	75
11/04/2015 05:30	31.6	23.88	17.61	18.51	22.9	4	75
11/04/2015 05:35	44.04	48.61	20.79	27.92	35.34	4	75
11/04/2015 05:40	52.2	52.23	27.73	22.47	38.66	4	75
11/04/2015 05:45	48.71	48.94	32.95	21.76	38.09	4	75
11/04/2015 05:50	52.32	56.24	28.04	22.76	39.84	4	75
11/04/2015 05:55	57.97	55.97	30.58	23.43	41.99	4	75
11/04/2015 06:00	54.82	56.02	28.19	22.98	40.5	4	75
11/04/2015 06:05	76.28	62.1	43.54	31.4	53.33	4	75
11/04/2015 06:10	61.29	69.25	43.1	22.33	48.99	4	75
11/04/2015 06:15	52.86	63.85	29.75	18.5	41.24	4	75
11/04/2015 06:20	55.86	59.17	35.17	34.02	46.05	4	75
11/04/2015 06:25	65.25	64.87	36.66	33.36	50.04	4	75
11/04/2015 06:30	53.23	65.97	38.47	41.93	49.9	4	75
11/04/2015 06:35	46.99	58.48	32.95	19.5	39.48	4	75
11/04/2015 06:40	52.93	54.61	28.47	24.88	40.22	4	75
11/04/2015 06:45	61.57	56.63	30.56	21.28	42.51	4	75
11/04/2015 06:50	55.23	55.23	31.56	20.53	40.64	4	75
11/04/2015 06:55	55.08	60.49	32.95	36.37	46.22	4	75
11/04/2015 07:00	59.37	58.84	36.15	26.09	45.11	4	75
11/04/2015 07:05	59.33	70.81	35.03	24.76	47.48	4	75
11/04/2015 07:10	69.02	77.23	40.52	47.4	58.54	4	75
11/04/2015 07:15	63.27	60.73	39.45	24.05	46.87	4	75
11/04/2015 07:20	57.03	65.66	39.24	32.27	48.55	4	75
11/04/2015 07:25	64.79	70.7	37.08	37.78	52.59	4	75
11/04/2015 07:30	53.79	68.85	48.84	27.23	49.68	4	75
11/04/2015 07:35	65.64	62.76	42.18	22.9	48.37	4	75
11/04/2015 07:40	64.2	65.13	33.37	21.04	45.93	4	75
11/04/2015 07:45	67.32	71.02	38.64	38.08	53.76	4	75
11/04/2015 07:50	59.33	60.48	28.76	29.15	44.43	4	75
11/04/2015 07:55	62.95	67.79	37.72	27.08	48.89	4	75
11/04/2015 08:00	64.83	64.32	31.61	23.68	46.11	4	75
11/04/2015 08:05	68.63	72.93	33.88	22.49	49.48	4	75
11/04/2015 08:10	55.03	66.85	32.31	30.47	46.16	4	75
11/04/2015 08:15	58.77	64.93	31.61	23.69	44.75	4	75
11/04/2015 08:20	64.68	74.51	29.68	40.78	52.41	4	75
11/04/2015 08:25	62.61	71.61	40.92	23.25	49.6	4	75
11/04/2015 08:30	67.9	69.18	33.07	44.03	53.54	4	75
11/04/2015 08:35	56.58	74.03	39.76	33.21	50.9	4	75
11/04/2015 08:40	64.35	60.4	39.81	34.53	49.77	4	75
11/04/2015 08:45	56.39	60.12	40.4	43.42	50.08	4	75
11/04/2015 08:50	59.06	67.18	44.75	49.58	55.14	4	75
11/04/2015 08:55	59.3	60.34	38.32	41.8	49.94	4	75
11/04/2015 09:00	62.7	73.32	38.22	44.06	54.57	4	75
11/04/2015 09:05	51.9	64.71	42.61	33.42	48.16	4	75
11/04/2015 09:10	59.11	67.1	34.52	45.55	51.57	4	75
11/04/2015 09:15	61.85	63.31	37.41	33.15	48.93	4	75
11/04/2015 09:20	53.86	60.77	32.17	21.8	42.15	4	75
11/04/2015 09:25	61.85	63.8	37.83	40.89	51.09	4	75
11/04/2015 09:30	60.19	59.05	44.53	44.71	52.12	4	75
11/04/2015 09:35	52.99	57.65	36.3	41.21	47.04	4	75
11/04/2015 09:40	58.88	65.41	36.48	36.95	49.43	4	75
11/04/2015 09:45	57.1	53.09	36.5	25.85	43.14	4	75
11/04/2015 09:50	63.37	62.14	35.05	32.36	48.23	4	75
11/04/2015 09:55	56.41	65.05	33.27	22.12	44.21	4	75
11/04/2015 10:00	62.08	57.35	37.37	36.29	48.27	4	75
11/04/2015 10:05	55.29	60.01	34.67	19.86	42.46	4	75
11/04/2015 10:10	50.38	63.69	29.04	20.17	40.82	4	75
11/04/2015 10:15	69.52	60.96	29.33	31.67	47.87	4	75
11/04/2015 10:20	62.08	62.83	34.13	35.61	48.66	4	75
11/04/2015 10:25	46.32	58.26	29.74	25.04	39.84	4	75
11/04/2015 10:30	52.28	56.37	28.04	28.43	41.28	4	75
11/04/2015 10:35	43.9	61.28	26.18	23.22	38.64	4	75
11/04/2015 10:40	53.19	50.22	34.14	28.8	41.59	4	75
11/04/2015 10:45	46.67	52.14	25.92	34.97	39.92	4	75
11/04/2015 10:50	51.8	57.11	28.6	38.85	44.09	4	75
11/04/2015 10:55	43.39	46.5	26.52	30.98	36.85	4	75
11/04/2015 11:00	50.85	42.41	30.34	24.83	37.11	4	75
11/04/2015 11:05	46.29	47.4	29.48	34.06	39.31	4	75
11/04/2015 11:10	40.91	42.63	24.76	29.55	34.46	4	75
11/04/2015 11:15	45.72	44.51	25.55	29.84	36.4	4	75
11/04/2015 11:20	43.95	35.71	23.95	30.35	33.49	4	75
11/04/2015 11:25	47.01	20.21	19.44	22.2	27.22	4	75
11/04/2015 11:30	35.31	29.19	21.05	27.23	28.19	4	75
11/04/2015 11:35	28.07	23.21	17.77	27.22	24.07	4	75
11/04/2015 11:40	7.74	7.82	9.71	9.39	8.66	4	75
11/04/2015 11:45	8.36	7.26	9.5	13.29	9.6	4	75
11/04/2015 11:50	9.58	7.96	8.97	11.7	9.55	4	75
11/04/2015 11:55	7.58	7.69	8.91	12.06	9.06	4	75
11/04/2015 12:00	8.44	8.1	9.36	11.89	9.45	4	75
11/04/2015 12:05	8.6	8.01	9.14	10.51	9.06	4	75
11/04/2015 12:10	8.49	9.16	10.29	10.83	9.69	4	75
11/04/2015 12:15	9.4	8.8	9.76	10.99	9.74	4	75
11/04/2015 12:20	8.74	9.2	9.91	12.74	10.15	4	75
11/04/2015 12:25	8.27	8.66	9.24	10.62	9.2	4	75
11/04/2015 12:30	9.22	9.33	10.17	10.91	9.91	4	75
11/04/2015 12:35	7.52	8.29	9.44	12.03	9.32	4	75
11/04/2015 12:40	8.93	9.14	9.8	12.98	10.21	4	75
11/04/2015 12:45	9.04	8.96	10.05	13.84	10.47	4	75
11/04/2015 12:50	7.85	9.07	9.72	11.09	9.43	4	75
11/04/2015 12:55	7.66	8.17	9.02	11.04	8.97	4	75
11/04/2015 13:00	7.79	9.79	10.39	11.01	9.75	4	75
11/04/2015 13:05	7.53	8.8	9.53	11.29	9.29	4	75
11/04/2015 13:10	8.63	9.27	10.07	9.88	9.46	4	75
11/04/2015 13:15	7.9	8.32	9.51	10.33	9.01	4	75
11/04/2015 13:20	8.17	7.36	8.72	11.06	8.83	4	75
11/04/2015 13:25	8.58	9.18	10.03	11.74	9.88	4	75
11/04/2015 13:30	9.03	9.89	10.48	12.21	10.4	4	75
11/04/2015 13:35	8.94	8.03	9.32	14.16	10.11	4	75
11/04/2015 13:40	7.77	9.12	9.56	13.21	9.91	4	75
11/04/2015 13:45	7.51	8.9	9.66	10.9	9.24	4	75
11/04/2015 13:50	7.9	9.6	10.14	9.63	9.32	4	75
11/04/2015 13:55	8.46	7.68	8.73	12.02	9.22	4	75
11/04/2015 14:00	8.32	9.82	10.5	9.86	9.63	4	75
11/04/2015 14:05	10.47	8.14	9.09	10.33	9.51	4	75
11/04/2015 14:10	9.23	8.08	9.01	10.63	9.24	4	75
11/04/2015 14:15	8.22	8.24	9.28	10.41	9.04	4	75
11/04/2015 14:20	8.7	8.73	9.68	11.35	9.61	4	75
11/04/2015 14:25	9.68	9.6	10.31	11.83	10.36	4	75
11/04/2015 14:30	9.38	9.27	10.75	12.07	10.37	4	75
11/04/2015 14:35	7.98	8.23	8.98	11.57	9.19	4	75
11/04/2015 14:40	7.9	7.44	8.58	8.8	8.18	4	75
11/04/2015 14:45	7.22	7.37	8.91	9.8	8.32	4	75
11/04/2015 14:50	8.47	7.74	8.73	9.71	8.66	4	75
11/04/2015 14:55	6.58	7.87	8.89	9.61	8.24	4	75
11/04/2015 15:00	7.88	8.07	8.64	8.87	8.37	4	75
11/04/2015 15:05	8.71	8.41	9.08	9.81	9	4	75
11/04/2015 15:10	7.44	8.34	8.96	8.12	8.21	4	75
11/04/2015 15:15	7.78	7.18	8.13	10.63	8.43	4	75
11/04/2015 15:20	7.6	7.32	8.5	8.76	8.05	4	75
11/04/2015 15:25	7.38	8.07	9.33	8.77	8.39	4	75
11/04/2015 15:30	9.46	8.22	9.27	10.39	9.34	4	75
11/04/2015 15:35	9.47	7.5	8.76	10.8	9.13	4	75
11/04/2015 15:40	9.38	8.47	9.76	10.61	9.55	4	75
11/04/2015 15:45	9.94	9.17	9.96	9.57	9.66	4	75
11/04/2015 15:50	7.81	8.1	8.93	9.57	8.6	4	75
11/04/2015 15:55	8.54	8.7	9.53	8.88	8.91	4	75
11/04/2015 16:00	8.39	7.76	8.93	7.6	8.17	4	75
11/04/2015 16:05	8.48	7.97	8.86	8.54	8.46	4	75
11/04/2015 16:10	8.77	8.35	9.27	8.38	8.69	4	75
11/04/2015 16:15	7.74	6.95	7.95	8.38	7.75	4	75
11/04/2015 16:20	9.14	8.89	9.42	8.18	8.91	4	75
11/04/2015 16:25	8.32	8.74	9.36	8.83	8.81	4	75
11/04/2015 16:30	9.29	8.22	9.14	9.35	9	4	75
11/04/2015 16:35	9.98	8.77	9.5	9.78	9.51	4	75
11/04/2015 16:40	9.6	9.45	10.12	10.6	9.94	4	75
11/04/2015 16:45	9.07	8.52	9.68	7.42	8.67	4	75
11/04/2015 16:50	9.27	8.34	9.41	10.17	9.3	4	75
11/04/2015 16:55	10.43	9.94	10.3	7.29	9.49	4	75
11/04/2015 17:00	7.9	7.93	9.1	8.61	8.38	4	75
11/04/2015 17:05	8.72	7.68	9.45	6.64	8.12	4	75
11/04/2015 17:10	10.22	10.11	10.57	8.86	9.94	4	75
11/04/2015 17:15	10.08	10.68	11.49	10.02	10.57	4	75
11/04/2015 17:20	8.57	8.63	10.36	9.04	9.15	4	75
11/04/2015 17:25	10.48	9.78	10.62	11.31	10.55	4	75
11/04/2015 17:30	10.6	12.2	12.32	29.77	16.22	4	75
11/04/2015 17:35	12.95	13.88	13.78	37.82	19.61	4	75
11/04/2015 17:40	12.39	10.29	10.85	8.92	10.61	4	75
11/04/2015 17:45	11.66	10.89	11.24	19.63	13.36	4	75
11/04/2015 17:50	11.13	10.07	10.81	23.42	13.86	4	75
11/04/2015 17:55	10.89	11.46	12.71	7.89	10.74	4	75
11/04/2015 18:00	11.32	8.83	11.69	6.41	9.56	4	75
11/04/2015 18:05	12.9	10.62	10.95	9.18	10.91	4	75
11/04/2015 18:10	11.51	10.76	10.6	6.49	9.84	4	75
11/04/2015 18:15	10.49	9.82	9.49	6.31	9.03	4	75
11/04/2015 18:20	9.84	10.69	10.85	9.77	10.29	4	75
11/04/2015 18:25	7.79	8.47	8.92	7.63	8.2	4	75
11/04/2015 18:30	10.77	9.32	9.85	8.84	9.7	4	75
11/04/2015 18:35	9.52	9.98	10.13	7.97	9.4	4	75
11/04/2015 18:40	7.54	8.67	9.15	7.3	8.16	4	75
11/04/2015 18:45	8.99	7.51	8.51	9.1	8.53	4	75
11/04/2015 18:50	6.08	6.42	7.9	6.2	6.65	4	75
11/04/2015 18:55	6.67	7.25	8.1	6.88	7.22	4	75
11/04/2015 19:00	6.13	5.78	7.15	6.6	6.42	4	75
11/04/2015 19:05	5.89	7.1	8.31	6.72	7	4	75
11/04/2015 19:10	7.65	5.73	7.1	6.19	6.67	4	75
11/04/2015 19:15	6.9	6.49	7.73	5.73	6.71	4	75
11/04/2015 19:20	6.7	7.72	8.11	6.75	7.32	4	75
11/04/2015 19:25	5.7	6.36	7.57	6.51	6.53	4	75
11/04/2015 19:30	6.16	7.41	7.48	4.97	6.5	4	75
11/04/2015 19:35	5.44	6.13	7.21	8.01	6.7	4	75
11/04/2015 19:40	5.49	5.86	7.05	5.93	6.08	4	75
11/04/2015 19:45	4.57	4.91	6.48	7.46	5.86	4	75
11/04/2015 19:50	4.04	5.4	6.61	4.97	5.26	4	75
11/04/2015 19:55	5.94	4.85	6.28	5.27	5.59	4	75
11/04/2015 20:00	4.41	5.22	6.55	5.47	5.41	4	75
11/04/2015 20:05	4.29	5.51	7.07	5.8	5.67	4	75
11/04/2015 20:10	5.01	6.21	7.17	5.51	5.98	4	75
11/04/2015 20:15	4.75	5.27	6.41	5.4	5.46	4	75
11/04/2015 20:20	4.42	4.99	6.49	4.97	5.22	4	75
11/04/2015 20:25	4.4	5.22	6.34	4.79	5.19	4	75
11/04/2015 20:30	4.6	4.66	6.18	6.28	5.43	4	75
11/04/2015 20:35	5.17	5.72	6.73	6.2	5.96	4	75
11/04/2015 20:40	3.77	4.71	6.07	5	4.89	4	75
11/04/2015 20:45	4.02	5.28	6.47	5.19	5.24	4	75
11/04/2015 20:50	4.29	5.11	6.5	5.18	5.27	4	75
11/04/2015 20:55	3.76	4.74	6.56	5.35	5.1	4	75
11/04/2015 21:00	5.32	5.02	6.22	5.3	5.47	4	75
11/04/2015 21:05	5.22	5.33	6.63	5.71	5.72	4	75
11/04/2015 21:10	3.86	4.97	6.53	6.08	5.36	4	75
11/04/2015 21:15	3.2	3.97	5.96	5.84	4.74	4	75
11/04/2015 21:20	4.91	4.95	6.46	6.83	5.79	4	75
11/04/2015 21:25	3.13	5.31	6.07	4.79	4.83	4	75
11/04/2015 21:30	4.19	4.76	6.25	5.28	5.12	4	75
11/04/2015 21:35	4.56	4.81	5.99	4.9	5.06	4	75
11/04/2015 21:40	4.05	4.42	5.91	5.09	4.87	4	75
11/04/2015 21:45	4.25	4.97	6.18	4.88	5.07	4	75
11/04/2015 21:50	3.98	4.87	6.32	4.7	4.97	4	75
11/04/2015 21:55	3.71	3.92	5.38	4.31	4.33	4	75
11/04/2015 22:00	3.34	5.07	5.77	4.39	4.64	4	75
11/04/2015 22:05	3.53	3.61	5.14	4.24	4.13	4	75
11/04/2015 22:10	4.12	4.74	6.04	5.13	5.01	4	75
11/04/2015 22:15	4.25	5.41	6.45	5.5	5.4	4	75
11/04/2015 22:20	4.1	4.27	5.06	3.12	4.14	4	75
11/04/2015 22:25	2.72	4.33	5.43	4.88	4.34	4	75
11/04/2015 22:30	3.26	4.19	5.17	3.2	3.95	4	75
11/04/2015 22:35	2.53	4.79	5.61	4.28	4.3	4	75
11/04/2015 22:40	2.85	4.33	5.2	3.56	3.98	4	75
11/04/2015 22:45	3.04	3.77	4.94	2.88	3.66	4	75
11/04/2015 22:50	2.34	4.11	5.25	4.72	4.1	4	75
11/04/2015 22:55	2.1	3.27	4.75	3.4	3.38	4	75
11/04/2015 23:00	2.01	3.31	4.9	3.38	3.4	4	75
11/04/2015 23:05	1.91	2.55	4.05	2.39	2.73	4	75
11/04/2015 23:10	1.57	3.57	4.44	3.02	3.15	4	75
11/04/2015 23:15	2.13	3.19	4.26	2.12	2.93	4	75
11/04/2015 23:20	1.18	2.46	4.19	3.64	2.87	4	75
11/04/2015 23:25	1.78	2.79	3.92	1.6	2.52	4	75
11/04/2015 23:30	1.59	2.66	4.09	2.08	2.61	4	75
11/04/2015 23:35	1.55	2.04	3.79	2.28	2.42	4	75
11/04/2015 23:40	1.09	2	4.02	2.11	2.3	4	75
11/04/2015 23:45	1.08	2.6	4.01	2.6	2.57	4	75
11/04/2015 23:50	1.1	1.62	3.61	1.66	2	4	75
11/04/2015 23:55	1.62	2.92	4.04	2.11	2.67	4	75
11/05/2015 00:00	.81	2.23	3.55	1.7	2.07	4	75
11/05/2015 00:05	.86	1.79	3.39	1.18	1.81	4	75
11/05/2015 00:10	.93	1.73	3.38	2.08	2.03	4	75
11/05/2015 00:15	.33	1.08	3.26	1.48	1.54	4	75
11/05/2015 00:20	.71	1.81	3.7	2.23	2.11	4	75
11/05/2015 00:25	.8	1.53	3.15	1.11	1.65	4	75
11/05/2015 00:30	.58	1.37	3.51	1.58	1.76	4	75
11/05/2015 00:35	.7	1.48	3.16	1.42	1.69	4	75
11/05/2015 00:40	.61	1.69	3.4	.86	1.64	4	75
11/05/2015 00:45	.83	1.91	3.43	1.42	1.9	4	75
11/05/2015 00:50	.56	1.09	2.97	1.09	1.43	4	75
11/05/2015 00:55	.62	1.18	3.19	1.22	1.55	4	75
11/05/2015 01:00	.39	1.08	3.28	1.31	1.51	4	75
11/05/2015 01:05	.48	1.95	3.36	1.55	1.84	4	75
11/05/2015 01:10	.24	1	3.03	.88	1.29	4	75
11/05/2015 01:15	.73	1.66	3.41	1.38	1.8	4	75
11/05/2015 01:20	.65	1.41	3.17	.9	1.53	4	75
11/05/2015 01:25	.37	1.02	3.07	1.12	1.4	4	75
11/05/2015 01:30	.41	.91	3.19	.96	1.37	4	75
11/05/2015 01:35	.37	.61	2.7	1.12	1.2	4	75
11/05/2015 01:40	.46	1.16	2.96	.88	1.37	4	75
11/05/2015 01:45	.68	.89	2.78	.75	1.28	4	75
11/05/2015 01:50	.54	.56	2.68	.68	1.11	4	75
11/05/2015 01:55	.79	.93	2.82	.81	1.34	4	75
11/05/2015 02:00	.47	1	2.76	.55	1.19	4	75
11/05/2015 02:05	.46	1.01	2.85	1.24	1.39	4	75
11/05/2015 02:10	.58	.79	3.18	1.17	1.43	4	75
11/05/2015 02:15	.5	1.06	2.89	.93	1.34	4	75
11/05/2015 02:20	.36	.88	3	1.03	1.32	4	75
11/05/2015 02:25	.43	.95	3.03	1.68	1.52	4	75
11/05/2015 02:30	.57	1.12	3.34	2.03	1.76	4	75
11/05/2015 02:35	.83	1.09	2.92	.58	1.36	4	75
11/05/2015 02:40	.21	.95	3.18	1.25	1.4	4	75
11/05/2015 02:45	.65	1.15	3.17	1.29	1.56	4	75
11/05/2015 02:50	.59	1.08	3.12	1.41	1.55	4	75
11/05/2015 02:55	.54	.57	2.75	.9	1.19	4	75
11/05/2015 03:00	.83	1.24	3.27	1.71	1.76	4	75
11/05/2015 03:05	.61	1.61	3.49	1.38	1.77	4	75
11/05/2015 03:10	.61	1.28	3.67	2.42	1.99	4	75
11/05/2015 03:15	1.07	2.22	3.49	1.78	2.14	4	75
11/05/2015 03:20	.99	1.01	3.03	.4	1.36	4	75
11/05/2015 03:25	1.07	1.69	3.39	1.52	1.92	4	75
11/05/2015 03:30	1.53	2.45	3.73	1.74	2.36	4	75
11/05/2015 03:35	1.51	1.94	3.57	2.19	2.3	4	75
11/05/2015 03:40	1.58	2.62	3.71	1.4	2.33	4	75
11/05/2015 03:45	2.39	2.84	3.87	1.82	2.73	4	75
11/05/2015 03:50	1.5	1.97	3.62	2.52	2.4	4	75
11/05/2015 03:55	1.77	2.22	3.54	1.37	2.22	4	75
11/05/2015 04:00	1.06	2.15	3.61	2.3	2.28	4	75
11/05/2015 04:05	2.49	3.09	4.27	2.91	3.19	4	75
11/05/2015 04:10	3.47	3.08	4.31	2.36	3.31	4	75
11/05/2015 04:15	3.59	4.29	4.95	3.2	4.01	4	75
11/05/2015 04:20	4.84	4.02	4.77	2.54	4.04	4	75
11/05/2015 04:25	4.62	4.52	5.94	5.47	5.14	4	75
11/05/2015 04:30	5.47	4.94	5.5	3.84	4.94	4	75
11/05/2015 04:35	6.28	6.31	6.89	4.74	6.05	4	75
11/05/2015 04:40	6.92	6.45	7.31	7.03	6.93	4	75
11/05/2015 04:45	6.34	6.33	6.92	5.68	6.32	4	75
11/05/2015 04:50	6.7	7.19	6.79	5.37	6.51	4	75
11/05/2015 04:55	7.88	5.86	7.02	5.68	6.61	4	75
11/05/2015 05:00	8.84	7.1	7.76	6.43	7.53	4	75
11/05/2015 05:05	10.62	9.26	8.71	6.96	8.89	4	75
11/05/2015 05:10	11.78	10.01	9.35	6.49	9.41	4	75
11/05/2015 05:15	14.98	13.28	11.59	10.34	12.55	4	75
11/05/2015 05:20	18.1	14.52	12.05	10.55	13.81	4	75
11/05/2015 05:25	21.53	19.03	15.52	15.97	18.01	4	75
11/05/2015 05:30	33.02	27.91	17.41	20.04	24.6	4	75
11/05/2015 05:35	28.07	24.31	18.45	21.28	23.03	4	75
11/05/2015 05:40	36.27	28.04	21.22	27.28	28.2	4	75
11/05/2015 05:45	31	29.41	23.67	24.53	27.15	4	75
11/05/2015 05:50	39.11	34.99	24.06	22.52	30.17	4	75
11/05/2015 05:55	41.52	40.7	23.27	28.78	33.57	4	75
11/05/2015 06:00	42.33	45.78	25.28	24.48	34.47	4	75
11/05/2015 06:05	47.13	49.89	24.89	36.82	39.68	4	75
11/05/2015 06:10	46.99	52.56	27.52	31.32	39.6	4	75
11/05/2015 06:15	45.86	57.51	33.09	30.65	41.78	4	75
11/05/2015 06:20	55.26	60.07	30.83	30.94	44.28	4	75
11/05/2015 06:25	51.51	57.63	38.04	27.41	43.65	4	75
11/05/2015 06:30	57.38	62.46	27.23	30.1	44.29	4	75
11/05/2015 06:35	59.57	56.5	35.69	28.64	45.1	4	75
11/05/2015 06:40	57.46	61.83	36.97	25.23	45.37	4	75
11/05/2015 06:45	60.76	59.71	31.27	21.87	43.4	4	75
11/05/2015 06:50	55.94	53.08	34.77	21.11	41.22	4	75
11/05/2015 06:55	61.27	66.9	34.98	26.17	47.33	4	75
11/05/2015 07:00	63.63	62.15	38.38	26.39	47.64	4	75
11/05/2015 07:05	62.23	73.83	41.03	40.4	54.37	4	75
11/05/2015 07:10	63.81	65.26	44.59	31.77	51.36	4	75
11/05/2015 07:15	56.49	67.64	39.12	27.22	47.62	4	75
11/05/2015 07:20	59.87	60.58	34.83	34.78	47.52	4	75
11/05/2015 07:25	66.98	71.68	40.73	32.99	53.09	4	75
11/05/2015 07:30	72.25	70.42	39.34	24.63	51.66	4	75
11/05/2015 07:35	57.83	65.84	34.97	26.45	46.27	4	75
11/05/2015 07:40	56.63	61.36	29.91	16.58	41.12	4	75
11/05/2015 07:45	68.21	60.17	27.62	39.3	48.83	4	75
11/05/2015 07:50	57.99	59.91	37.59	33.62	47.28	4	75
11/05/2015 07:55	68.97	72.73	32.06	25.6	49.84	4	75
11/05/2015 08:00	61.41	62.73	36.35	22.84	45.83	4	75
11/05/2015 08:05	64.7	69.91	26.59	31.7	48.23	4	75
11/05/2015 08:10	66.93	66.04	36.17	26.24	48.85	4	75
11/05/2015 08:15	62.89	69.92	34.41	19.89	46.78	4	75
11/05/2015 08:20	62.94	78.52	38.65	33.53	53.41	4	75
11/05/2015 08:25	63.88	58.92	35.56	36.38	48.68	4	75
11/05/2015 08:30	67.69	65.05	34.41	30.17	49.33	4	75
11/05/2015 08:35	67.38	70.26	42.9	38.9	54.86	4	75
11/05/2015 08:40	59.21	73.04	37.06	30.03	49.84	4	75
11/05/2015 08:45	64.69	78.89	42.49	56.23	60.58	4	75
11/05/2015 08:50	66.17	63.63	38.7	30.97	49.87	4	75
11/05/2015 08:55	63.76	69.32	34.34	37.43	51.21	4	75
11/05/2015 09:00	63.31	73.11	38.81	45.29	55.13	4	75
11/05/2015 09:05	60.46	64.85	40.6	26.5	48.1	4	75
11/05/2015 09:10	55.75	66.12	42.97	38.14	50.74	4	75
11/05/2015 09:15	57.58	69.25	37.49	33.89	49.55	4	75
11/05/2015 09:20	44.43	64.78	39.49	35.81	46.13	4	75
11/05/2015 09:25	62.37	70.03	38.74	41.11	53.06	4	75
11/05/2015 09:30	56.13	60.56	36.87	40.87	48.61	4	75
11/05/2015 09:35	62.37	72.29	43.97	38.83	54.37	4	75
11/05/2015 09:40	61.27	67.2	32.81	47.89	52.29	4	75
11/05/2015 09:45	55.99	65.1	32.75	26.06	44.97	4	75
11/05/2015 09:50	63.03	59.22	29.18	15.73	41.79	4	75
11/05/2015 09:55	63.24	63.87	36.33	28.32	47.94	4	75
11/05/2015 10:00	52.14	66.21	34.25	27.53	45.03	4	75
11/05/2015 10:05	58.51	65.1	27.95	21.68	43.31	4	75
11/05/2015 10:10	60.71	48.8	24.75	22.34	39.15	4	75
11/05/2015 10:15	57.8	46.11	26.29	25.92	39.03	4	75
11/05/2015 10:20	54.59	58.83	29.1	34.07	44.15	4	75
11/05/2015 10:25	46.68	49.23	32.23	24.32	38.12	4	75
11/05/2015 10:30	48.3	56.81	24.62	33.39	40.78	4	75
11/05/2015 10:35	51.38	51.41	26.51	35.77	41.27	4	75
11/05/2015 10:40	48.43	60.95	26.56	37.91	43.46	4	75
11/05/2015 10:45	49.63	48.89	28.18	28.41	38.78	4	75
11/05/2015 10:50	44.79	41.56	28.31	31.61	36.57	4	75
11/05/2015 10:55	50.19	41.61	26.9	32.97	37.92	4	75
11/05/2015 11:00	45.87	41.31	26.63	31.39	36.3	4	75
11/05/2015 11:05	45.89	35.86	25.54	28.55	33.96	4	75
11/05/2015 11:10	47.63	50.33	18.76	28.41	36.28	4	75
11/05/2015 11:15	44.36	46.07	18.17	28.23	34.21	4	75
11/05/2015 11:20	43.38	35.52	17.05	27.29	30.81	4	75
11/05/2015 11:25	41.55	29.51	17.28	31.3	29.91	4	75
11/05/2015 11:30	41.78	34.06	17.18	30.36	30.85	4	75
11/05/2015 11:35	34.15	25.9	17.41	27.41	26.22	4	75
11/05/2015 11:40	28.54	19.01	15.22	21.54	21.08	4	75
11/05/2015 11:45	8.93	10.39	11.82	13.82	11.24	4	75
11/05/2015 11:50	7.37	10.15	10.67	11.63	9.95	4	75
11/05/2015 11:55	7.93	8.09	9.24	11	9.07	4	75
11/05/2015 12:00	7.13	7.71	9.58	10.41	8.71	4	75
11/05/2015 12:05	9.29	8.74	9.88	10.49	9.6	4	75
11/05/2015 12:10	10.72	8.77	9.91	10.42	9.95	4	75
11/05/2015 12:15	9.67	9.58	10.4	11.68	10.33	4	75
11/05/2015 12:20	9.75	9.03	10.08	11.12	10	4	75
11/05/2015 12:25	8.72	9.14	10.16	12.85	10.22	4	75
11/05/2015 12:30	7.78	7.78	9.38	10.03	8.74	4	75
11/05/2015 12:35	10.36	9.93	10.45	10.08	10.21	4	75
11/05/2015 12:40	9.39	8.8	10.3	13.08	10.39	4	75
11/05/2015 12:45	8.09	8.54	9.23	13.37	9.81	4	75
11/05/2015 12:50	8.58	7.48	8.69	11.43	9.04	4	75
11/05/2015 12:55	9.11	7.96	9.21	12.48	9.69	4	75
11/05/2015 13:00	9.7	7.25	8.96	11.1	9.25	4	75
11/05/2015 13:05	9.33	8.29	9.46	12.07	9.79	4	75
11/05/2015 13:10	8.89	7.82	10.01	9.44	9.04	4	75
11/05/2015 13:15	8.1	7.49	10.98	9.72	9.07	4	75
11/05/2015 13:20	9.94	9.33	9.87	9.9	9.76	4	75
11/05/2015 13:25	8.56	8.67	9.55	12.8	9.9	4	75
11/05/2015 13:30	8.74	8.98	9.95	11.7	9.84	4	75
11/05/2015 13:35	8.7	8.9	9.93	11.38	9.73	4	75
11/05/2015 13:40	8.27	8.21	9.01	11.38	9.22	4	75
11/05/2015 13:45	9.04	9.53	10.03	11.74	10.08	4	75
11/05/2015 13:50	8.57	9.17	9.83	11.31	9.72	4	75
11/05/2015 13:55	7.04	8.61	9.26	11.89	9.2	4	75
11/05/2015 14:00	8.86	9.11	10.04	11.29	9.82	4	75
11/05/2015 14:05	9.6	7.61	9.13	9.64	8.99	4	75
11/05/2015 14:10	8.22	7.26	8.8	9.27	8.39	4	75
11/05/2015 14:15	7.59	9.52	10.14	10.32	9.39	4	75
11/05/2015 14:20	9.52	9.18	10.08	12.16	10.24	4	75
11/05/2015 14:25	8.34	7.52	8.68	9.33	8.47	4	75
11/05/2015 14:30	8.18	8.19	9.02	9.31	8.67	4	75
11/05/2015 14:35	8.54	7.77	8.71	10.28	8.82	4	75
11/05/2015 14:40	8.7	8.43	8.81	8.51	8.61	4	75
11/05/2015 14:45	6.74	7.17	8.1	8.89	7.72	4	75
11/05/2015 14:50	7.64	7.24	8.76	9.62	8.31	4	75
11/05/2015 14:55	7.45	7.68	8.44	8.18	7.94	4	75
11/05/2015 15:00	9.58	6.88	7.58	6.64	7.67	4	75
11/05/2015 15:05	7.87	6.68	7.98	9.61	8.04	4	75
11/05/2015 15:10	7.58	7.88	8.66	7.17	7.82	4	75
11/05/2015 15:15	8.41	7.76	8.71	7.53	8.1	4	75
11/05/2015 15:20	9.29	8.06	8.85	9.48	8.92	4	75
11/05/2015 15:25	7.43	7.64	8.47	9.4	8.23	4	75
11/05/2015 15:30	7.56	7.49	8.83	7.37	7.81	4	75
11/05/2015 15:35	9.61	8.33	9.16	8.93	9.01	4	75
11/05/2015 15:40	10.06	7.85	8.86	8.01	8.69	4	75
11/05/2015 15:45	8.87	7.66	8.63	8.68	8.46	4	75
11/05/2015 15:50	9.03	7.52	8.6	9.05	8.55	4	75
11/05/2015 15:55	9.73	7.39	8.7	8.2	8.5	4	75
11/05/2015 16:00	8.77	7.32	8.36	8.1	8.14	4	75
11/05/2015 16:05	8.3	7.56	8.81	6.64	7.83	4	75
11/05/2015 16:10	8.88	8.39	9.27	9.36	8.97	4	75
11/05/2015 16:15	9.82	8.79	9.79	10.81	9.8	4	75
11/05/2015 16:20	8.66	8.76	9.52	8.06	8.75	4	75
11/05/2015 16:25	10.21	8.16	9.52	9.4	9.32	4	75
11/05/2015 16:30	10.92	9.19	10.29	9.05	9.86	4	75
11/05/2015 16:35	10.38	9.02	10.12	8.5	9.51	4	75
11/05/2015 16:40	7.9	7.31	8.83	10.13	8.54	4	75
11/05/2015 16:45	9.81	8.8	9.22	7.71	8.89	4	75
11/05/2015 16:50	9.8	9.13	9.53	8.32	9.19	4	75
11/05/2015 16:55	9.09	7.7	8.63	7.33	8.19	4	75
11/05/2015 17:00	9.38	9.84	9.85	9.53	9.65	4	75
11/05/2015 17:05	8.74	8.94	9.11	7.75	8.64	4	75
11/05/2015 17:10	11.25	9.22	9.33	7.31	9.28	4	75
11/05/2015 17:15	9.04	8.52	9.34	7.99	8.72	4	75
11/05/2015 17:20	9.82	9.02	9.73	9.12	9.42	4	75
11/05/2015 17:25	9.84	9.43	10.15	9.05	9.62	4	75
11/05/2015 17:30	11.83	9.73	11.06	8.52	10.29	4	75
11/05/2015 17:35	12.1	11.38	13.07	11.48	12.01	4	75
11/05/2015 17:40	10.09	8.47	11.25	9.53	9.84	4	75
11/05/2015 17:45	10.76	8.65	11.2	8.89	9.87	4	75
11/05/2015 17:50	7.66	7.68	13.39	10.41	9.78	4	75
11/05/2015 17:55	7.22	8.31	12.17	6.09	8.45	4	75
11/05/2015 18:00	8.29	8.2	14.66	8.62	9.94	4	75
11/05/2015 18:05	7.34	7.5	12.93	6.45	8.55	4	75
11/05/2015 18:10	10.9	10.5	13.02	8.78	10.8	4	75
11/05/2015 18:15	13.17	13.03	12.42	8.63	11.81	4	75
11/05/2015 18:20	12.58	10.47	11.44	9.71	11.05	4	75
11/05/2015 18:25	12.37	10.31	10.99	9.27	10.73	4	75
11/05/2015 18:30	11.03	9.81	10.07	10.44	10.34	4	75
11/05/2015 18:35	8.95	8.03	8.75	7.73	8.37	4	75
11/05/2015 18:40	9.98	8.82	9.61	7.62	9.01	4	75
11/05/2015 18:45	8.02	7.63	8.98	8.35	8.24	4	75
11/05/2015 18:50	9.6	8.04	8.73	6.64	8.25	4	75
11/05/2015 18:55	7.57	8.34	8.33	6.74	7.75	4	75
11/05/2015 19:00	7.38	7.49	8.35	6.58	7.45	4	75
11/05/2015 19:05	7.48	8.16	8.4	6.7	7.69	4	75
11/05/2015 19:10	6.73	7.1	8.03	7.49	7.34	4	75
11/05/2015 19:15	8.27	8.14	8.65	6.49	7.89	4	75
11/05/2015 19:20	5.69	6.32	7.56	6.98	6.64	4	75
11/05/2015 19:25	6.79	7.44	7.83	5.99	7.01	4	75
11/05/2015 19:30	5.83	6.56	7.52	6.6	6.63	4	75
11/05/2015 19:35	5.41	6.69	7.68	6.23	6.5	4	75
11/05/2015 19:40	5.29	6.34	6.94	5.52	6.02	4	75
11/05/2015 19:45	6.76	6.63	7.57	5.4	6.59	4	75
11/05/2015 19:50	6.11	7.08	7.57	5.61	6.59	4	75
11/05/2015 19:55	4.73	4.96	6.35	6.27	5.58	4	75
11/05/2015 20:00	5.06	5.14	6.3	4.77	5.32	4	75
11/05/2015 20:05	5.17	6.08	7.36	6.12	6.18	4	75
11/05/2015 20:10	5.27	5.64	6.91	7.87	6.42	4	75
11/05/2015 20:15	3.86	5.7	6.69	5.74	5.5	4	75
11/05/2015 20:20	5.36	5.37	6.75	5.28	5.69	4	75
11/05/2015 20:25	4.88	5.02	6.32	4.67	5.22	4	75
11/05/2015 20:30	4.97	4.54	6.11	6	5.41	4	75
11/05/2015 20:35	5.37	5.58	6.63	4.92	5.63	4	75
11/05/2015 20:40	3.85	4.58	5.85	4.54	4.71	4	75
11/05/2015 20:45	5.56	5.87	7.15	5.72	6.07	4	75
11/05/2015 20:50	3.75	5.24	6.39	5.53	5.23	4	75
11/05/2015 20:55	4.84	5.48	6.83	5.56	5.68	4	75
11/05/2015 21:00	4.57	5.87	6.64	5.39	5.62	4	75
11/05/2015 21:05	3.12	5.29	6.67	6.55	5.41	4	75
11/05/2015 21:10	4.74	5.89	6.12	4.07	5.2	4	75
11/05/2015 21:15	3.92	5.24	6.48	5.79	5.36	4	75
11/05/2015 21:20	6.04	4.39	6.13	5.34	5.48	4	75
11/05/2015 21:25	4.69	6.02	6.91	5.67	5.82	4	75
11/05/2015 21:30	5.17	5.03	6.22	3.97	5.1	4	75
11/05/2015 21:35	5.26	5.63	6.89	5.54	5.83	4	75
11/05/2015 21:40	4.88	4.99	6.07	5.4	5.34	4	75
11/05/2015 21:45	4.82	5.08	6.17	4.04	5.03	4	75
11/05/2015 21:50	4.93	4.78	5.93	4.35	5	4	75
11/05/2015 21:55	3.68	4.85	5.27	3.04	4.21	4	75
11/05/2015 22:00	4.28	3.77	5.88	4.31	4.56	4	75
11/05/2015 22:05	3.87	4.42	5.75	5	4.76	4	75
11/05/2015 22:10	4.06	4.41	5.6	3.92	4.5	4	75
11/05/2015 22:15	4.57	4.08	5.47	4.58	4.68	4	75
11/05/2015 22:20	5.06	4.94	6.46	6.02	5.62	4	75
11/05/2015 22:25	3.23	3.82	5	3.76	3.95	4	75
11/05/2015 22:30	2.66	4.01	4.92	2.08	3.42	4	75
11/05/2015 22:35	4.2	4.09	5.62	4.69	4.65	4	75
11/05/2015 22:40	3	3.99	5.35	3.58	3.98	4	75
11/05/2015 22:45	3.03	3.99	5.41	4.33	4.19	4	75
11/05/2015 22:50	2.68	3.21	4.97	3.79	3.66	4	75
11/05/2015 22:55	2.53	3.13	4.6	3.23	3.37	4	75
11/05/2015 23:00	2.57	3.17	4.39	1.79	2.98	4	75
11/05/2015 23:05	1.98	4.34	5.21	2.73	3.56	4	75
11/05/2015 23:10	2.65	3.03	4.51	2.74	3.23	4	75
11/05/2015 23:15	1.83	2.82	4.14	2.05	2.71	4	75
11/05/2015 23:20	2.29	3.17	4.19	1.22	2.72	4	75
11/05/2015 23:25	1.72	2.71	3.89	2.1	2.61	4	75
11/05/2015 23:30	1.77	2.71	4.32	3.16	2.99	4	75
11/05/2015 23:35	1.81	2.31	4.08	2.47	2.67	4	75
11/05/2015 23:40	1.7	2.47	3.98	2.71	2.72	4	75
11/05/2015 23:45	1.31	2.97	4.01	1.18	2.37	4	75
11/05/2015 23:50	1.28	1.84	3.75	2.42	2.32	4	75
11/05/2015 23:55	1.75	2.3	3.55	1.81	2.35	4	75
11/06/2015 00:00	1.75	1.81	3.44	1.74	2.19	4	75
11/06/2015 00:05	.91	2.62	3.55	1.17	2.06	4	75
11/06/2015 00:10	1.21	2.25	3.64	1.68	2.2	4	75
11/06/2015 00:15	1.18	2.17	3.64	2.23	2.31	4	75
11/06/2015 00:20	1.1	1.72	3.17	1.28	1.82	4	75
11/06/2015 00:25	.7	1.63	3.1	1.04	1.62	4	75
11/06/2015 00:30	1.15	1.68	3.21	1.48	1.88	4	75
11/06/2015 00:35	.59	1.53	3.01	1.76	1.72	4	75
11/06/2015 00:40	.73	1.78	3.23	1.06	1.7	4	75
11/06/2015 00:45	1.24	1.49	2.97	1.41	1.78	4	75
11/06/2015 00:50	.75	1.08	3.11	.83	1.44	4	75
11/06/2015 00:55	.92	1.55	3.27	1.53	1.82	4	75
11/06/2015 01:00	.44	1.32	3.16	1.7	1.65	4	75
11/06/2015 01:05	.86	1.99	3.41	1.41	1.92	4	75
11/06/2015 01:10	.41	1.03	3.08	1.51	1.51	4	75
11/06/2015 01:15	.49	1.52	3	.62	1.41	4	75
11/06/2015 01:20	.82	1.66	3.12	1.01	1.65	4	75
11/06/2015 01:25	.77	1.02	3.12	1.57	1.62	4	75
11/06/2015 01:30	.93	1.15	2.67	1.17	1.48	4	75
11/06/2015 01:35	.33	1.15	2.67	1.18	1.33	4	75
11/06/2015 01:40	.82	1.99	3.21	.54	1.64	4	75
11/06/2015 01:45	.37	.69	2.71	1.15	1.23	4	75
11/06/2015 01:50	.52	1.07	2.6	.71	1.23	4	75
11/06/2015 01:55	.69	1.43	2.92	1.26	1.57	4	75
11/06/2015 02:00	.89	1.4	3.22	1.18	1.67	4	75
11/06/2015 02:05	.24	.82	2.55	1.2	1.2	4	75
11/06/2015 02:10	.73	.53	2.88	1.06	1.3	4	75
11/06/2015 02:15	1.09	1.33	2.83	.96	1.55	4	75
11/06/2015 02:20	.37	1.15	2.93	1.3	1.44	4	75
11/06/2015 02:25	.93	1.43	3.24	1.99	1.9	4	75
11/06/2015 02:30	.72	1.41	3.22	.99	1.58	4	75
11/06/2015 02:35	.52	1.11	2.81	1.21	1.41	4	75
11/06/2015 02:40	.38	.99	2.95	1.33	1.41	4	75
11/06/2015 02:45	.91	1.09	3.16	1.86	1.75	4	75
11/06/2015 02:50	.5	.87	3.06	1.75	1.55	4	75
11/06/2015 02:55	.43	.82	2.38	.73	1.09	4	75
11/06/2015 03:00	.6	1.79	3.24	.87	1.62	4	75
11/06/2015 03:05	.97	1.76	3.21	.67	1.65	4	75
11/06/2015 03:10	.99	2.13	3.54	1.82	2.12	4	75
11/06/2015 03:15	1.63	1.7	3.16	1.35	1.96	4	75
11/06/2015 03:20	1.21	2.87	3.49	1.77	2.34	4	75
11/06/2015 03:25	1.31	1.43	3.18	2.12	2.01	4	75
11/06/2015 03:30	1.37	1.93	3.5	2.53	2.33	4	75
11/06/2015 03:35	1.4	1.99	3.7	1.91	2.25	4	75
11/06/2015 03:40	2.23	2.03	3.64	1.58	2.37	4	75
11/06/2015 03:45	.77	2.11	3.64	1.89	2.1	4	75
11/06/2015 03:50	1.69	3.31	4.48	3.52	3.25	4	75
11/06/2015 03:55	1.59	2.66	4	2.61	2.72	4	75
11/06/2015 04:00	2.63	3.01	3.94	1.98	2.89	4	75
11/06/2015 04:05	2.18	2.93	4.02	1.32	2.61	4	75
11/06/2015 04:10	2.83	3.75	3.94	1.71	3.06	4	75
11/06/2015 04:15	3.57	3.72	4.17	2.63	3.52	4	75
11/06/2015 04:20	4.71	3.84	4.22	2.98	3.94	4	75
11/06/2015 04:25	4.12	4.44	4.6	2.72	3.97	4	75
11/06/2015 04:30	5.39	5.3	5.98	4.46	5.28	4	75
11/06/2015 04:35	6.1	6.25	5.69	4.8	5.71	4	75
11/06/2015 04:40	6.36	6.36	7.26	6.19	6.54	4	75
11/06/2015 04:45	5.32	5.34	6.15	4.58	5.35	4	75
11/06/2015 04:50	5.69	5.99	5.76	4.97	5.6	4	75
11/06/2015 04:55	7.18	6.71	6.48	5.47	6.46	4	75
11/06/2015 05:00	7.63	6.4	6.73	6.3	6.77	4	75
11/06/2015 05:05	9.17	8.1	8.39	7.5	8.29	4	75
11/06/2015 05:10	12.06	11.17	7.23	7.92	9.6	4	75
11/06/2015 05:15	14.95	12.6	8.69	8.53	11.19	4	75
11/06/2015 05:20	15.22	14.22	11.34	10.42	12.8	4	75
11/06/2015 05:25	17.53	15.59	12.08	13.46	14.67	4	75
11/06/2015 05:30	24.08	21.1	13.55	18.78	19.38	4	75
11/06/2015 05:35	26.47	23.43	14	19.25	20.79	4	75
11/06/2015 05:40	38.22	31.78	15.31	22.91	27.05	4	75
11/06/2015 05:45	30.87	32.58	17.95	26.85	27.06	4	75
11/06/2015 05:50	34.79	33.86	18.74	28.06	28.86	4	75
11/06/2015 05:55	35.46	37.18	23.26	30	31.47	4	75
11/06/2015 06:00	42.42	44.56	17.68	24.92	32.4	4	75
11/06/2015 06:05	40.72	36.54	20.28	30.05	31.9	4	75
11/06/2015 06:10	45.82	45.78	21.49	37.18	37.57	4	75
11/06/2015 06:15	48.74	50.83	21.19	34.51	38.82	4	75
11/06/2015 06:20	46.5	50.83	23.07	25.94	36.59	4	75
11/06/2015 06:25	47.02	52.98	26.66	28.3	38.74	4	75
11/06/2015 06:30	53.09	62.13	21.83	35.71	43.19	4	75
11/06/2015 06:35	54.31	54.63	21.96	28.4	39.83	4	75
11/06/2015 06:40	54.84	50.8	24.38	25.93	38.99	4	75
11/06/2015 06:45	55.44	53.36	37.06	32.52	44.59	4	75
11/06/2015 06:50	52.77	60.9	29.44	40.77	45.97	4	75
11/06/2015 06:55	60.64	59.93	30.92	27.01	44.62	4	75
11/06/2015 07:00	60.31	60.58	28.95	33.26	45.78	4	75
11/06/2015 07:05	61.17	67.88	33	30.4	48.11	4	75
11/06/2015 07:10	62.03	65.96	32.25	20.64	45.22	4	75
11/06/2015 07:15	56.41	58.99	26.52	21.8	40.93	4	75
11/06/2015 07:20	62.11	58.09	23.99	24.82	42.25	4	75
11/06/2015 07:25	62.78	70.83	26.13	32.84	48.14	4	75
11/06/2015 07:30	59.89	63.27	26.67	31.1	45.23	4	75
11/06/2015 07:35	65.36	67.22	23.25	24.45	45.07	4	75
11/06/2015 07:40	58.06	67.07	27.36	29.49	45.49	4	75
11/06/2015 07:45	60.23	76.68	28.06	21.21	46.54	4	75
11/06/2015 07:50	65.18	73.28	28.78	26.74	48.5	4	75
11/06/2015 07:55	61.49	62.67	28.26	26.61	44.76	4	75
11/06/2015 08:00	62.9	65.21	26.7	23.51	44.58	4	75
11/06/2015 08:05	63.84	71.09	26.46	19.8	45.3	4	75
11/06/2015 08:10	59.97	68.81	25.15	20.97	43.73	4	75
11/06/2015 08:15	63.78	70.12	27.78	30.32	48	4	75
11/06/2015 08:20	73.8	62.72	28.31	30.91	48.93	4	75
11/06/2015 08:25	59.48	63.5	26.85	23.79	43.41	4	75
11/06/2015 08:30	59.65	62.22	24.55	24.45	42.72	4	75
11/06/2015 08:35	73.17	70.38	30.87	52.66	56.77	4	75
11/06/2015 08:40	64.13	65.34	29.9	41.73	50.28	4	75
11/06/2015 08:45	53.23	62.3	30.81	31.96	44.57	4	75
11/06/2015 08:50	53.04	63.55	21.72	33.37	42.92	4	75
11/06/2015 08:55	62.36	58.48	25.76	29.43	44.01	4	75
11/06/2015 09:00	49.65	65.94	25.22	25.57	41.59	4	75
11/06/2015 09:05	52.27	61.4	23.91	38.05	43.91	4	75
11/06/2015 09:10	66.52	83.06	28.62	52.52	57.68	4	75
11/06/2015 09:15	58.07	66.04	23.8	31.81	44.93	4	75
11/06/2015 09:20	54.74	57.63	34.32	27.86	43.64	4	75
11/06/2015 09:25	44.65	51.17	23.78	24.64	36.06	4	75
11/06/2015 09:30	61.78	59.03	23.17	31.57	43.89	4	75
11/06/2015 09:35	57.73	57.4	22.17	37.02	43.58	4	75
11/06/2015 09:40	53.69	52.04	18.41	36.62	40.19	4	75
11/06/2015 09:45	57.53	48.48	11.67	28.77	36.61	4	75
11/06/2015 09:50	52.67	51.48	12.66	29.13	36.49	4	75
11/06/2015 09:55	49.01	47.12	13.01	31.42	35.14	4	75
11/06/2015 10:00	49.49	39.9	11.53	39.77	35.17	4	75
11/06/2015 10:05	41.16	29.41	10.65	29.39	27.65	4	75
11/06/2015 10:10	30.97	21.8	12.08	28.56	23.35	4	75
11/06/2015 10:15	8.48	8.4	9.06	10.13	9.02	4	75
11/06/2015 10:20	7.79	7.85	9.02	12.74	9.35	4	75
11/06/2015 10:25	8.77	9.21	9.77	13.15	10.23	4	75
11/06/2015 10:30	11.53	10.42	10.84	13.17	11.49	4	75
11/06/2015 10:35	7.5	7.24	8.58	9.49	8.2	4	75
11/06/2015 10:40	8.22	7.92	8.99	13.32	9.61	4	75
11/06/2015 10:45	8.22	8.35	9.02	12.64	9.56	4	75
11/06/2015 10:50	8.37	8.01	8.72	11.01	9.03	4	75
11/06/2015 10:55	9.14	8.48	9.13	11.58	9.58	4	75
11/06/2015 11:00	8.95	8.44	9.1	12.87	9.84	4	75
11/06/2015 11:05	10.62	9.81	10.3	13.25	11	4	75
11/06/2015 11:10	11.79	11.52	11.81	12.23	11.84	4	75
11/06/2015 11:15	11.19	10.17	10.62	14.67	11.66	4	75
11/06/2015 11:20	11.52	9.8	10.29	13.79	11.35	4	75
11/06/2015 11:25	11.2	9.07	9.65	13.41	10.83	4	75
11/06/2015 11:30	12.81	10.81	11.18	12.78	11.9	4	75
11/06/2015 11:35	10.46	9.57	10.09	14.06	11.05	4	75
11/06/2015 11:40	10.72	10.43	10.85	12.85	11.21	4	75
11/06/2015 11:45	11.07	8.07	10.58	13.03	10.69	4	75
11/06/2015 11:50	10.21	10.54	10.95	13.71	11.35	4	75
11/06/2015 11:55	9.4	8.63	9.65	12.28	9.99	4	75
11/06/2015 12:00	9.1	9.82	10.31	10.5	9.93	4	75
11/06/2015 12:05	9.01	10.74	11.12	10.59	10.37	4	75
11/06/2015 12:10	10.83	9.27	9.83	12.99	10.73	4	75
11/06/2015 12:15	11.48	9.45	9.99	12.71	10.91	4	75
11/06/2015 12:20	10.25	9.01	9.73	12.34	10.33	4	75
11/06/2015 12:25	9.97	8.64	10.47	11.5	10.14	4	75
11/06/2015 12:30	12.02	9.02	9.86	12.57	10.87	4	75
11/06/2015 12:35	10.11	8.67	9.84	12.8	10.35	4	75
11/06/2015 12:40	9.19	9.43	9.97	11.69	10.07	4	75
11/06/2015 12:45	9.49	9.14	9.71	12.22	10.14	4	75
11/06/2015 12:50	9.17	9.21	9.77	12.76	10.23	4	75
11/06/2015 12:55	9.12	8.56	9.89	13.14	10.18	4	75
11/06/2015 13:00	10.59	9.16	9.73	10	9.87	4	75
11/06/2015 13:05	8.3	8.42	9.08	9.23	8.76	4	75
11/06/2015 13:10	10.08	7.99	8.7	10.62	9.35	4	75
11/06/2015 13:15	9.59	8.84	9.45	10.35	9.56	4	75
11/06/2015 13:20	10.46	11.1	11.44	11.3	11.07	4	75
11/06/2015 13:25	8.8	8.67	9.3	10.04	9.2	4	75
11/06/2015 13:30	10.66	9.33	9.88	9.69	9.89	4	75
11/06/2015 13:35	9.7	8.61	9.25	11.07	9.66	4	75
11/06/2015 13:40	8.86	8.28	9.18	10.82	9.28	4	75
11/06/2015 13:45	8.77	7.77	9.22	10.73	9.12	4	75
11/06/2015 13:50	8.49	7.94	8.66	10.09	8.79	4	75
11/06/2015 13:55	8.54	7.81	8.54	8.4	8.32	4	75
11/06/2015 14:00	9.01	9.12	9.7	9.72	9.39	4	75
11/06/2015 14:05	9.33	8.22	8.9	9.42	8.97	4	75
11/06/2015 14:10	10.18	9.66	10.17	10.93	10.24	4	75
11/06/2015 14:15	9.59	10	10.47	9.25	9.83	4	75
11/06/2015 14:20	8.49	8.53	9.18	10.6	9.2	4	75
11/06/2015 14:25	10.47	10.91	11.27	11.63	11.07	4	75
11/06/2015 14:30	9.35	8.7	9.33	9.91	9.32	4	75
11/06/2015 14:35	10.01	9.3	9.85	10.39	9.89	4	75
11/06/2015 14:40	8.83	9.66	10.17	8.21	9.22	4	75
11/06/2015 14:45	8.97	7.79	9.95	10.12	9.21	4	75
11/06/2015 14:50	7.93	7.95	9.31	9.87	8.76	4	75
11/06/2015 14:55	8.5	6.72	8.2	7.16	7.65	4	75
11/06/2015 15:00	8.2	7.83	8.56	7.91	8.12	4	75
11/06/2015 15:05	8.28	7.96	8.67	8.29	8.3	4	75
11/06/2015 15:10	9.21	8.18	8.87	10.44	9.17	4	75
11/06/2015 15:15	7.17	7.41	8.19	7.18	7.49	4	75
11/06/2015 15:20	8.23	7.02	7.84	7.4	7.62	4	75
11/06/2015 15:25	9.15	8.13	8.82	7.92	8.51	4	75
11/06/2015 15:30	8.66	7.22	8.02	8.21	8.03	4	75
11/06/2015 15:35	8.95	7.29	8.53	8.7	8.37	4	75
11/06/2015 15:40	10.21	8.83	9.44	8.52	9.25	4	75
11/06/2015 15:45	9.1	8.32	8.99	8.17	8.65	4	75
11/06/2015 15:50	9.5	8.21	8.89	7.78	8.6	4	75
11/06/2015 15:55	8.27	7.77	8.51	8.5	8.26	4	75
11/06/2015 16:00	10.02	9.37	9.92	8.54	9.46	4	75
11/06/2015 16:05	7.8	8.79	9.4	8.14	8.53	4	75
11/06/2015 16:10	7.61	6.99	7.82	8.39	7.7	4	75
11/06/2015 16:15	9.11	8.24	8.92	9.51	8.94	4	75
11/06/2015 16:20	9.44	7.7	8.55	10.08	8.94	4	75
11/06/2015 16:25	9.17	7.96	8.67	7.71	8.38	4	75
11/06/2015 16:30	8.28	7.79	8.52	7.6	8.05	4	75
11/06/2015 16:35	10.03	9.01	8.6	7.23	8.72	4	75
11/06/2015 16:40	9.48	8.33	9	9.16	8.99	4	75
11/06/2015 16:45	11.23	8.62	9.25	8.49	9.4	4	75
11/06/2015 16:50	8.8	7.29	8.08	7.45	7.91	4	75
11/06/2015 16:55	7.99	7.22	8.02	6.27	7.38	4	75
11/06/2015 17:00	9.56	8.08	8.78	8.19	8.65	4	75
11/06/2015 17:05	8.2	7.64	8.39	7.71	7.99	4	75
11/06/2015 17:10	7.34	6.76	7.79	9.09	7.75	4	75
11/06/2015 17:15	9.33	8.9	9.17	7.63	8.76	4	75
11/06/2015 17:20	10.21	9.18	10.35	10.61	10.09	4	75
11/06/2015 17:25	10.06	10.94	11.3	9.02	10.33	4	75
11/06/2015 17:30	18.87	25.68	8.04	24.95	19.39	4	75
11/06/2015 17:35	46.93	58.3	7.29	60.1	43.16	4	75
11/06/2015 17:40	71.34	77.18	16.77	64.93	57.55	4	75
11/06/2015 17:45	70.6	77.48	30.79	62.79	60.41	4	75
11/06/2015 17:50	54.17	57.8	29.74	71.47	53.3	4	75
11/06/2015 17:55	50.38	63.61	31.3	70.29	53.89	4	75
11/06/2015 18:00	54.22	64.4	30.59	76.01	56.3	4	75
11/06/2015 18:05	50.68	62.18	29.53	66.58	52.24	4	75
11/06/2015 18:10	45.39	61.21	30.52	78.67	53.95	4	75
11/06/2015 18:15	35.49	57.56	24.39	61.86	44.83	4	75
11/06/2015 18:20	40.38	59.91	28.36	80.33	52.25	4	75
11/06/2015 18:25	36.96	46.82	33.77	74.88	48.11	4	75
11/06/2015 18:30	31.08	31.58	25.7	80.39	42.19	4	75
11/06/2015 18:35	31.81	34.56	23.62	67.38	39.34	4	75
11/06/2015 18:40	49.29	37.62	27.04	43.36	39.33	4	75
11/06/2015 18:45	71.96	57.47	23.97	40.91	48.58	4	75
11/06/2015 18:50	30.72	28.34	21.43	20.08	25.14	4	75
11/06/2015 18:55	21.62	13.58	13.63	9.03	14.46	4	75
11/06/2015 19:00	6.19	5.44	6.76	7.1	6.37	4	75
11/06/2015 19:05	6.88	6.35	7.25	7.44	6.98	4	75
11/06/2015 19:10	7.38	7.14	7.95	6.41	7.22	4	75
11/06/2015 19:15	7.33	7.08	7.54	6.07	7	4	75
11/06/2015 19:20	7.33	6.87	7.71	9.26	7.79	4	75
11/06/2015 19:25	6.17	6.83	7.68	7.48	7.04	4	75
11/06/2015 19:30	6.9	8.4	9.06	8.51	8.22	4	75
11/06/2015 19:35	6.38	6.64	7.51	7.39	6.98	4	75
11/06/2015 19:40	6.04	6.33	7.24	6.57	6.54	4	75
11/06/2015 19:45	6.74	5.91	6.87	6.93	6.61	4	75
11/06/2015 19:50	6.7	5.94	6.89	6.81	6.59	4	75
11/06/2015 19:55	5.39	5.89	6.85	5.51	5.91	4	75
11/06/2015 20:00	6.04	5.61	6.6	7.56	6.45	4	75
11/06/2015 20:05	6.79	5.78	6.75	7.4	6.68	4	75
11/06/2015 20:10	5.05	4.86	5.94	6.52	5.59	4	75
11/06/2015 20:15	5.93	6.71	7.57	7.68	6.97	4	75
11/06/2015 20:20	4.67	4.63	6.03	6.66	5.5	4	75
11/06/2015 20:25	4.93	5.63	6.62	6.24	5.85	4	75
11/06/2015 20:30	6.1	6.03	6.67	5.59	6.1	4	75
11/06/2015 20:35	5.72	6.22	7.14	6	6.27	4	75
11/06/2015 20:40	5.47	5.98	6.93	6.91	6.32	4	75
11/06/2015 20:45	5.44	6.13	7.06	8.05	6.67	4	75
11/06/2015 20:50	4.35	5.49	6.5	5.83	5.54	4	75
11/06/2015 20:55	4.69	4.23	5.39	6.41	5.18	4	75
11/06/2015 21:00	5.79	7.03	6.78	6.19	6.45	4	75
11/06/2015 21:05	6.03	5.29	6.32	6.77	6.1	4	75
11/06/2015 21:10	4.71	6.7	7.56	7.55	6.63	4	75
11/06/2015 21:15	6.34	5.85	6.81	6.06	6.27	4	75
11/06/2015 21:20	4.31	5.42	6.43	5.66	5.46	4	75
11/06/2015 21:25	5.44	5.11	6.16	5.6	5.58	4	75
11/06/2015 21:30	5.31	5.27	6.3	6.38	5.82	4	75
11/06/2015 21:35	5.26	5.22	6.26	6.02	5.69	4	75
11/06/2015 21:40	4.38	5	6.06	6.51	5.49	4	75
11/06/2015 21:45	5.43	5.25	6.29	5.46	5.61	4	75
11/06/2015 21:50	4.43	4.72	5.82	6.99	5.49	4	75
11/06/2015 21:55	4.98	5.2	6.24	4.61	5.26	4	75
11/06/2015 22:00	4.6	5.39	6.41	5.8	5.55	4	75
11/06/2015 22:05	4.92	5.23	6.27	5.59	5.5	4	75
11/06/2015 22:10	4.69	4.98	6.05	5.62	5.33	4	75
11/06/2015 22:15	4.08	4.41	5.62	4.71	4.7	4	75
11/06/2015 22:20	4.03	5.92	5.85	4.93	5.18	4	75
11/06/2015 22:25	4.01	4.23	5.39	5.71	4.83	4	75
11/06/2015 22:30	5.11	5.47	6.29	4.73	5.4	4	75
11/06/2015 22:35	4.87	5.76	6.73	6.1	5.87	4	75
11/06/2015 22:40	4.02	5.06	6.12	6.29	5.37	4	75
11/06/2015 22:45	4.13	5.16	5.79	4.88	4.99	4	75
11/06/2015 22:50	3.88	4.16	5.32	4.99	4.59	4	75
11/06/2015 22:55	3.58	3.71	4.93	4.59	4.2	4	75
11/06/2015 23:00	2.86	3.89	4.58	3.1	3.61	4	75
11/06/2015 23:05	3.64	4.17	5.33	4.3	4.36	4	75
11/06/2015 23:10	3.34	3.83	5.03	3.3	3.88	4	75
11/06/2015 23:15	2.64	3.38	4.64	3.21	3.47	4	75
11/06/2015 23:20	2.58	3.62	4.85	3.31	3.59	4	75
11/06/2015 23:25	2.38	2.9	4.21	3.86	3.34	4	75
11/06/2015 23:30	3.08	3.37	4.54	2.78	3.44	4	75
11/06/2015 23:35	3.28	4.64	5.57	4.02	4.38	4	75
11/06/2015 23:40	2.49	2.92	4.17	2.07	2.91	4	75
11/06/2015 23:45	1.75	3.21	4.45	2.92	3.08	4	75
11/06/2015 23:50	2.31	3.23	4.1	2.88	3.13	4	75
11/06/2015 23:55	2.12	3.06	3.7	2.07	2.74	4	75
11/07/2015 00:00	1.91	2.47	2.3	2.19	2.22	4	100
11/07/2015 00:05	2.43	3.24	2.72	2.68	2.77	4	100
11/07/2015 00:10	1.81	2.54	2.81	2.52	2.42	4	100
11/07/2015 00:15	1.3	2.27	1.34	2.79	1.93	4	100
11/07/2015 00:20	1.3	2.5	2.76	2.24	2.2	4	100
11/07/2015 00:25	1.47	2.08	2.03	3.29	2.22	4	100
11/07/2015 00:30	1.53	1.8	2.6	2.11	2.01	4	100
11/07/2015 00:35	1.23	2.54	2.08	2.48	2.08	4	100
11/07/2015 00:40	1.4	2.21	1.61	2.11	1.83	4	100
11/07/2015 00:45	1.03	2.13	2.49	2.25	1.98	4	100
11/07/2015 00:50	1.35	2.26	1.09	1.67	1.59	4	100
11/07/2015 00:55	.7	1.67	1.99	1.22	1.4	4	100
11/07/2015 01:00	1.74	3	2.29	1.25	2.07	4	100
11/07/2015 01:05	.81	3.02	2.88	1.55	2.06	4	100
11/07/2015 01:10	.91	1.87	2.13	1.51	1.61	4	100
11/07/2015 01:15	1.02	1.73	2.1	1.92	1.69	4	100
11/07/2015 01:20	.72	1.99	1.87	2.07	1.66	4	100
11/07/2015 01:25	.48	1.59	1.51	1.23	1.2	4	100
11/07/2015 01:30	1.12	1.63	2.44	1.16	1.59	4	100
11/07/2015 01:35	.93	1.84	1.5	1.5	1.44	4	100
11/07/2015 01:40	.87	1.23	1.81	1.42	1.33	4	100
11/07/2015 01:45	1.41	1.51	1.73	2.27	1.73	4	100
11/07/2015 01:50	.77	1.68	1.69	.69	1.21	4	100
11/07/2015 01:55	.54	1.41	2.08	1.14	1.29	4	100
11/07/2015 02:00	.34	1.34	2.18	.96	1.2	4	100
11/07/2015 02:05	1.19	1.56	1.94	1.28	1.49	4	100
11/07/2015 02:10	1.17	1.13	1.38	1.39	1.27	4	100
11/07/2015 02:15	.46	.59	1.46	1.05	.89	4	100
11/07/2015 02:20	1.25	1.75	2.15	1.36	1.63	4	100
11/07/2015 02:25	.87	1.82	1.78	1.42	1.47	4	100
11/07/2015 02:30	.39	1.35	1.18	1.03	.99	4	100
11/07/2015 02:35	.89	1.63	2.77	2.75	2.01	4	100
11/07/2015 02:40	.89	1.15	1.87	1.5	1.35	4	100
11/07/2015 02:45	.83	1.51	2.12	2.03	1.62	4	100
11/07/2015 02:50	.63	1.42	1.75	2.15	1.49	4	100
11/07/2015 02:55	.62	2.04	2.37	1.48	1.63	4	100
11/07/2015 03:00	1.1	1.69	1.9	.92	1.4	4	100
11/07/2015 03:05	.59	1.09	1.58	1.7	1.24	4	100
11/07/2015 03:10	1.13	1.5	2.59	2	1.81	4	100
11/07/2015 03:15	1.26	1.6	1.78	.8	1.36	4	100
11/07/2015 03:20	1.1	1.91	1.73	.99	1.43	4	100
11/07/2015 03:25	.83	1.39	1.88	1.96	1.51	4	100
11/07/2015 03:30	.92	2.02	1.79	1.43	1.54	4	100
11/07/2015 03:35	1.22	2.63	3.14	1.32	2.08	4	100
11/07/2015 03:40	1.04	1.53	1.81	1.73	1.53	4	100
11/07/2015 03:45	1.09	1.16	1.38	3.2	1.71	4	100
11/07/2015 03:50	1.21	2.05	1.69	.9	1.46	4	100
11/07/2015 03:55	.88	2.28	2.17	1.43	1.69	4	100
11/07/2015 04:00	1.52	1.62	3.2	1.7	2.01	4	100
11/07/2015 04:05	.89	2.67	1.12	1.01	1.42	4	100
11/07/2015 04:10	.97	2.28	3.23	1.54	2	4	100
11/07/2015 04:15	1.59	2.24	2.29	1.74	1.97	4	100
11/07/2015 04:20	1.51	3.16	1.72	2.24	2.16	4	100
11/07/2015 04:25	1.71	2.11	1.62	2.43	1.97	4	100
11/07/2015 04:30	1.71	3.05	2.05	3.52	2.58	4	100
11/07/2015 04:35	2.03	2.32	2.42	1.9	2.17	4	100
11/07/2015 04:40	2.18	2.84	3.5	4.71	3.31	4	100
11/07/2015 04:45	1.92	3.14	2.46	2.79	2.58	4	100
11/07/2015 04:50	2.51	2.89	3.3	2.71	2.85	4	100
11/07/2015 04:55	2.41	2.5	2.23	2.27	2.35	4	100
11/07/2015 05:00	2.34	3.29	1.99	3.33	2.74	4	100
11/07/2015 05:05	3.14	3.4	3.04	2.9	3.12	4	100
11/07/2015 05:10	2.48	3.68	3.06	2.59	2.95	4	100
11/07/2015 05:15	4.08	5.19	4.91	3.49	4.42	4	100
11/07/2015 05:20	4.41	4.66	3.62	3.21	3.98	4	100
11/07/2015 05:25	4.23	3.85	4.77	5.21	4.52	4	100
11/07/2015 05:30	5.5	5.7	3.67	4.92	4.95	4	100
11/07/2015 05:35	4.91	5.77	4.22	4.33	4.81	4	100
11/07/2015 05:40	4.83	6.05	4.46	5.69	5.26	4	100
11/07/2015 05:45	4.88	4.71	5.77	6	5.34	4	100
11/07/2015 05:50	4.37	4.68	5.03	6.03	5.03	4	100
11/07/2015 05:55	5.02	5.48	4.29	6.21	5.25	4	100
11/07/2015 06:00	5.27	4.7	5.54	5.28	5.2	4	100
11/07/2015 06:05	6.5	6	5.91	8	6.6	4	100
11/07/2015 06:10	5.97	6.71	5.69	7.53	6.48	4	100
11/07/2015 06:15	6.9	7.08	6.41	8.68	7.27	4	100
11/07/2015 06:20	5.61	7.07	5.05	7.37	6.28	4	100
11/07/2015 06:25	9.09	7.88	7.81	8.49	8.32	4	100
11/07/2015 06:30	8.96	8.79	7.02	12.69	9.36	4	100
11/07/2015 06:35	8.98	9.09	7.7	12.18	9.49	4	100
11/07/2015 06:40	10.59	8.2	7.88	13.59	10.06	4	100
11/07/2015 06:45	10.23	10.62	9.65	12.28	10.7	4	100
11/07/2015 06:50	9.34	9.29	7.44	11.53	9.4	4	100
11/07/2015 06:55	8.88	9.11	8.78	12.34	9.78	4	100
11/07/2015 07:00	8.44	9.49	8.2	12.77	9.73	4	100
11/07/2015 07:05	10.9	9.56	9.23	12.37	10.51	4	100
11/07/2015 07:10	10.23	9.41	8.68	15.47	10.95	4	100
11/07/2015 07:15	11.23	11.66	8.88	11.64	10.85	4	100
11/07/2015 07:20	10.24	10.24	9.53	15.4	11.35	4	100
11/07/2015 07:25	13.29	12.78	11.31	18.75	14.03	4	100
11/07/2015 07:30	11.15	9.88	9.2	14.95	11.29	4	100
11/07/2015 07:35	8.17	8.41	9.09	13.05	9.68	4	100
11/07/2015 07:40	10.58	10.56	10.01	18.51	12.41	4	100
11/07/2015 07:45	12.39	12.2	14.69	24.34	15.91	4	100
11/07/2015 07:50	13.96	12.77	14.89	34.5	19.03	4	100
11/07/2015 07:55	15.04	12.9	17.64	39.11	21.17	4	100
11/07/2015 08:00	12.08	11.79	16.53	31.7	18.03	4	100
11/07/2015 08:05	10.65	9.26	10.55	12.19	10.66	4	100
11/07/2015 08:10	12.23	8.86	9.75	11.04	10.47	4	100
11/07/2015 08:15	10.73	11.2	9.42	14.16	11.38	4	100
11/07/2015 08:20	11.77	9.04	10.2	12.79	10.95	4	100
11/07/2015 08:25	12.65	9.79	10.94	14.04	11.85	4	100
11/07/2015 08:30	11.19	9.99	9.79	14.51	11.37	4	100
11/07/2015 08:35	12.87	10.54	11.71	15.58	12.68	4	100
11/07/2015 08:40	12.4	10.61	10.36	16.06	12.36	4	100
11/07/2015 08:45	11.13	9.8	10.34	14.02	11.32	4	100
11/07/2015 08:50	10.35	10.45	11.86	14.19	11.71	4	100
11/07/2015 08:55	11.99	10.62	12.1	14.16	12.22	4	100
11/07/2015 09:00	10.47	10.53	8.1	11.41	10.13	4	100
11/07/2015 09:05	9.63	8.8	9.23	14.17	10.46	4	100
11/07/2015 09:10	9.92	9.33	9.96	11.51	10.18	4	100
11/07/2015 09:15	10.79	8.5	10.37	12.59	10.56	4	100
11/07/2015 09:20	10.85	8.79	9.42	11.81	10.22	4	100
11/07/2015 09:25	12.4	11.71	8.98	13.15	11.56	4	100
11/07/2015 09:30	12.37	10.3	11.11	16.27	12.51	4	100
11/07/2015 09:35	12.36	11.01	10.11	13.58	11.77	4	100
11/07/2015 09:40	11.07	9.91	9.93	13.28	11.05	4	100
11/07/2015 09:45	11.61	10.48	10.31	16.23	12.16	4	100
11/07/2015 09:50	10.94	9.93	11.18	12.4	11.11	4	100
11/07/2015 09:55	11.03	10.18	10.54	14.3	11.51	4	100
11/07/2015 10:00	10.39	9.02	10.27	11.94	10.41	4	100
11/07/2015 10:05	11.39	9.05	9.05	12.49	10.5	4	100
11/07/2015 10:10	10.67	8.68	7.78	12.44	9.89	4	100
11/07/2015 10:15	10.77	10.59	9.61	11.47	10.61	4	100
11/07/2015 10:20	8.9	9.74	10.61	10.82	10.02	4	100
11/07/2015 10:25	11.75	10.59	9.73	14.02	11.52	4	100
11/07/2015 10:30	9.38	8.96	9.31	12.48	10.03	4	100
11/07/2015 10:35	12.54	10.7	8.69	12.68	11.15	4	100
11/07/2015 10:40	9.09	8.46	10.54	10.93	9.75	4	100
11/07/2015 10:45	9.83	9.34	9.85	12.27	10.32	4	100
11/07/2015 10:50	10.26	8.96	10.12	13.16	10.62	4	100
11/07/2015 10:55	11.04	10.04	10.03	13.09	11.05	4	100
11/07/2015 11:00	9.12	8.56	9.54	9.02	9.06	4	100
11/07/2015 11:05	8.43	7.38	8.14	9.46	8.35	4	100
11/07/2015 11:10	13.18	9.75	10.62	11.83	11.35	4	100
11/07/2015 11:15	10.37	10.35	9.75	12.01	10.62	4	100
11/07/2015 11:20	10.59	9.22	9.65	11.39	10.21	4	100
11/07/2015 11:25	9.87	8.58	8.7	11.97	9.78	4	100
11/07/2015 11:30	10.89	10.23	10.23	10.8	10.54	4	100
11/07/2015 11:35	10.27	8.72	8.1	10.06	9.29	4	100
11/07/2015 11:40	11.14	9.92	8.72	10.61	10.1	4	100
11/07/2015 11:45	10.05	8.28	9.85	13.13	10.33	4	100
11/07/2015 11:50	9.91	9.22	9.59	11.5	10.06	4	100
11/07/2015 11:55	9.49	9.77	8.57	9.95	9.45	4	100
11/07/2015 12:00	10.23	9.37	8.87	10.88	9.84	4	100
11/07/2015 12:05	8.93	8.34	8.28	9.62	8.79	4	100
11/07/2015 12:10	9.09	8.08	7.71	9	8.47	4	100
11/07/2015 12:15	9.74	9.23	9.24	8.5	9.18	4	100
11/07/2015 12:20	9.81	9.7	8.22	9.34	9.27	4	100
11/07/2015 12:25	12.18	8.87	7.83	7.99	9.22	4	100
11/07/2015 12:30	9.42	8.17	8.31	9.04	8.73	4	100
11/07/2015 12:35	11.27	9.18	8.86	12.9	10.55	4	100
11/07/2015 12:40	10.47	9.52	8.53	12.16	10.17	4	100
11/07/2015 12:45	9.94	9.76	8.88	10.18	9.69	4	100
11/07/2015 12:50	10.4	9.6	8.47	10.84	9.83	4	100
11/07/2015 12:55	9.48	8.08	9.78	11.5	9.71	4	100
11/07/2015 13:00	9.12	9.38	8.59	9.23	9.08	4	100
11/07/2015 13:05	9.19	7.97	8.31	8.44	8.48	4	100
11/07/2015 13:10	10.16	10.51	7.36	9.02	9.26	4	100
11/07/2015 13:15	16.35	16.59	11.99	12.36	14.32	4	100
11/07/2015 13:20	39.27	35.53	18.45	18.6	27.96	4	100
11/07/2015 13:25	15.99	13.22	10.75	12.86	13.21	4	100
11/07/2015 13:30	8.86	8.4	8.71	10.58	9.14	4	100
11/07/2015 13:35	9.36	8.54	7.89	9.49	8.82	4	100
11/07/2015 13:40	8.73	8.71	7.46	10.1	8.75	4	100
11/07/2015 13:45	9.92	9.68	8.31	9.78	9.42	4	100
11/07/2015 13:50	9.2	8.72	7.63	9.3	8.71	4	100
11/07/2015 13:55	9.13	8.88	8.37	9.94	9.08	4	100
11/07/2015 14:00	10.18	8.96	7.94	9.36	9.11	4	100
11/07/2015 14:05	8.4	7.68	7.51	8.38	7.99	4	100
11/07/2015 14:10	10.75	10.04	8.66	9.45	9.73	4	100
11/07/2015 14:15	8.67	9.3	7.66	9.43	8.76	4	100
11/07/2015 14:20	10	8.6	8.95	11.42	9.74	4	100
11/07/2015 14:25	8.82	9.89	7.98	8.75	8.86	4	100
11/07/2015 14:30	9.57	9.78	8.54	10.12	9.5	4	100
11/07/2015 14:35	9.79	8.81	8.78	10.39	9.44	4	100
11/07/2015 14:40	8.9	8.46	7.75	7.74	8.21	4	100
11/07/2015 14:45	9.05	7.74	8.07	8.67	8.38	4	100
11/07/2015 14:50	8.16	8.51	8.33	9.13	8.53	4	100
11/07/2015 14:55	8.41	7.58	7.62	8.78	8.1	4	100
11/07/2015 15:00	10.44	9.28	7.02	9.2	8.98	4	100
11/07/2015 15:05	8.73	8.76	7.88	9.01	8.59	4	100
11/07/2015 15:10	10.91	8.49	9.07	11.77	10.06	4	100
11/07/2015 15:15	9.38	8.53	8.2	10.21	9.08	4	100
11/07/2015 15:20	8.09	8.84	8.14	9.02	8.52	4	100
11/07/2015 15:25	8.92	9.06	8.25	9.42	8.91	4	100
11/07/2015 15:30	9.91	7.34	7.04	9.21	8.38	4	100
11/07/2015 15:35	8.03	8.06	7.31	8.53	7.98	4	100
11/07/2015 15:40	9.44	8.82	8.16	9.03	8.86	4	100
11/07/2015 15:45	9.11	7.96	7.74	10	8.7	4	100
11/07/2015 15:50	8.99	9.62	6.19	9.42	8.56	4	100
11/07/2015 15:55	8.52	7.69	7.24	8.54	8	4	100
11/07/2015 16:00	8.02	7.83	7.87	8.71	8.11	4	100
11/07/2015 16:05	10.38	9.86	8.14	7.99	9.09	4	100
11/07/2015 16:10	27.72	27.34	11.41	14.18	20.16	4	100
11/07/2015 16:15	10.44	9.21	7.37	9.69	9.18	4	100
11/07/2015 16:20	8.83	8.78	8.02	9.04	8.67	4	100
11/07/2015 16:25	7.36	7.12	6.57	7.58	7.16	4	100
11/07/2015 16:30	9.41	8.67	7.29	8.29	8.42	4	100
11/07/2015 16:35	9.19	8.3	8.34	9.06	8.72	4	100
11/07/2015 16:40	9.29	8.72	8.25	9.42	8.92	4	100
11/07/2015 16:45	8.79	7.02	7.21	8.99	8	4	100
11/07/2015 16:50	7.6	7.73	7.45	7.92	7.67	4	100
11/07/2015 16:55	8.75	8.46	7.52	9.17	8.47	4	100
11/07/2015 17:00	7.37	7.04	5.83	8.06	7.08	4	100
11/07/2015 17:05	6.18	7.23	5.53	6.27	6.3	4	100
11/07/2015 17:10	10.57	9.89	6.92	8.82	9.05	4	100
11/07/2015 17:15	7.94	9.34	8.14	7.17	8.15	4	100
11/07/2015 17:20	8.16	8.06	6.9	8.02	7.79	4	100
11/07/2015 17:25	7.78	8.61	7.88	8.74	8.25	4	100
11/07/2015 17:30	8.43	9.15	5.8	7.35	7.68	4	100
11/07/2015 17:35	9.63	9.01	7.82	8.02	8.62	4	100
11/07/2015 17:40	7.78	8.12	6.57	8.18	7.66	4	100
11/07/2015 17:45	8.64	9.61	6.61	7.29	8.04	4	100
11/07/2015 17:50	8.44	8.17	7.87	9.5	8.49	4	100
11/07/2015 17:55	7.62	8.37	8.1	8.06	8.04	4	100
11/07/2015 18:00	8.39	9.02	5.63	6.91	7.49	4	100
11/07/2015 18:05	9.26	8.65	6.46	8.03	8.1	4	100
11/07/2015 18:10	9.16	8.27	7.39	7.48	8.08	4	100
11/07/2015 18:15	8.19	8.78	7.83	7.61	8.1	4	100
11/07/2015 18:20	9.19	10.1	6.21	8.17	8.42	4	100
11/07/2015 18:25	8.27	7.79	6.28	8.69	7.76	4	100
11/07/2015 18:30	8.2	8.18	6.46	8.48	7.83	4	100
11/07/2015 18:35	8.24	7.87	6.46	8.28	7.71	4	100
11/07/2015 18:40	9.04	8.27	6.54	7.34	7.8	4	100
11/07/2015 18:45	8.22	8.99	6.6	7.73	7.88	4	100
11/07/2015 18:50	6.63	8.22	6.29	8.31	7.36	4	100
11/07/2015 18:55	8.86	7.96	6.19	7.14	7.54	4	100
11/07/2015 19:00	7.17	8.08	5.62	6.1	6.74	4	100
11/07/2015 19:05	9.03	9	6.73	5.52	7.57	4	100
11/07/2015 19:10	6.33	7.57	5.75	6.06	6.43	4	100
11/07/2015 19:15	6.67	9.3	6.35	7.79	7.53	4	100
11/07/2015 19:20	7.74	8.3	5.27	7.54	7.21	4	100
11/07/2015 19:25	7.76	7.08	6.09	8.16	7.27	4	100
11/07/2015 19:30	8.2	8.07	6.38	6.17	7.21	4	100
11/07/2015 19:35	6.09	6.32	6.36	7.09	6.47	4	100
11/07/2015 19:40	6.88	7.79	6.19	6.74	6.9	4	100
11/07/2015 19:45	5.96	6.84	5.4	6.45	6.16	4	100
11/07/2015 19:50	5.28	6.82	5.49	6.1	5.92	4	100
11/07/2015 19:55	4.66	5.53	5.47	5.2	5.22	4	100
11/07/2015 20:00	6.76	6.23	4.1	5.51	5.65	4	100
11/07/2015 20:05	5.44	6.15	5.51	6.53	5.91	4	100
11/07/2015 20:10	5.45	6.93	5.74	5.97	6.02	4	100
11/07/2015 20:15	5.22	5.37	5.05	6.64	5.57	4	100
11/07/2015 20:20	6.58	7.14	5.09	6.16	6.24	4	100
11/07/2015 20:25	5.34	6.33	6.54	7.39	6.4	4	100
11/07/2015 20:30	6.64	6.82	5.13	6.83	6.35	4	100
11/07/2015 20:35	4.6	6.83	4.9	5.08	5.35	4	100
11/07/2015 20:40	6.06	6.29	5.15	6.05	5.89	4	100
11/07/2015 20:45	6	6.6	7.63	5.51	6.44	4	100
11/07/2015 20:50	5.68	6.6	5.32	5.09	5.67	4	100
11/07/2015 20:55	5.31	6.78	5.02	3.95	5.27	4	100
11/07/2015 21:00	4.89	6.72	5.29	5.58	5.62	4	100
11/07/2015 21:05	6.53	6.68	5.95	5.63	6.2	4	100
11/07/2015 21:10	5.95	5.83	5.67	7.99	6.36	4	100
11/07/2015 21:15	5.69	6.07	6.1	5.52	5.84	4	100
11/07/2015 21:20	5.82	6.28	7	5.94	6.26	4	100
11/07/2015 21:25	6.2	5.84	4.98	5.12	5.54	4	100
11/07/2015 21:30	5.33	6.28	6.2	6.45	6.06	4	100
11/07/2015 21:35	5.78	7.05	5.32	5.61	5.94	4	100
11/07/2015 21:40	4.97	6.45	5.24	5.99	5.66	4	100
11/07/2015 21:45	4.61	5.91	5.27	6.73	5.63	4	100
11/07/2015 21:50	6.4	6.88	5.25	4.4	5.73	4	100
11/07/2015 21:55	5.6	6.37	5.42	4.9	5.57	4	100
11/07/2015 22:00	4.42	5.82	5.11	4.63	5	4	100
11/07/2015 22:05	5.83	6.19	5.83	5.84	5.92	4	100
11/07/2015 22:10	3.37	4.9	4.94	5.04	4.56	4	100
11/07/2015 22:15	4.27	5.61	5.7	5.72	5.32	4	100
11/07/2015 22:20	3.27	5.56	4.89	4.03	4.44	4	100
11/07/2015 22:25	3.84	4.9	4.6	5.02	4.59	4	100
11/07/2015 22:30	4.62	4.58	4.62	4.41	4.56	4	100
11/07/2015 22:35	3.7	5.28	5.11	5.58	4.92	4	100
11/07/2015 22:40	5.61	5.59	5.08	4.35	5.16	4	100
11/07/2015 22:45	4.69	5.53	4.53	6	5.19	4	100
11/07/2015 22:50	2.64	3.62	4.41	4.4	3.77	4	100
11/07/2015 22:55	3.09	4.2	4.8	5.44	4.38	4	100
11/07/2015 23:00	3.2	4.49	3.56	3.75	3.75	4	100
11/07/2015 23:05	3.24	4.07	3.35	5.07	3.93	4	100
11/07/2015 23:10	3.56	4.28	4.49	3.51	3.96	4	100
11/07/2015 23:15	4.04	4.93	3.47	4.03	4.12	4	100
11/07/2015 23:20	2.07	3.77	3.67	2.98	3.12	4	100
11/07/2015 23:25	2.51	4.17	4.05	3.61	3.58	4	100
11/07/2015 23:30	3.86	4.23	3.17	2.93	3.55	4	100
11/07/2015 23:35	3.11	3.24	2.72	2.38	2.86	4	100
11/07/2015 23:40	1.9	3.52	3.01	2.11	2.63	4	100
11/07/2015 23:45	2.58	3.06	2.78	3.43	2.96	4	100
11/07/2015 23:50	1.87	3.57	3.71	3.31	3.11	4	100
11/07/2015 23:55	2.83	3.99	3.67	3.63	3.53	4	100
11/08/2015 00:00	2.22	3.44	1.99	2.08	2.43	4	100
11/08/2015 00:05	1.86	3.91	4.12	3.23	3.28	4	100
11/08/2015 00:10	1.57	2.51	2.94	2.52	2.38	4	100
11/08/2015 00:15	2.08	3.69	2.61	2.07	2.61	4	100
11/08/2015 00:20	1.63	2.89	3.11	2.65	2.57	4	100
11/08/2015 00:25	1.64	2.83	2.92	2.27	2.42	4	100
11/08/2015 00:30	1.53	3.1	2.59	1.91	2.28	4	100
11/08/2015 00:35	2.01	3.01	2.15	2.13	2.32	4	100
11/08/2015 00:40	2.1	2.2	2.1	2.1	2.13	4	100
11/08/2015 00:45	2.29	2.01	2.76	2.37	2.36	4	100
11/08/2015 00:50	1.37	2.76	2.63	.89	1.91	4	100
11/08/2015 00:55	1.69	3.01	2.1	1.99	2.2	4	100
11/08/2015 01:00	1.3	2.28	2.11	1.34	1.76	4	100
11/08/2015 01:05	.63	1.72	1.22	1.6	1.29	4	100
11/08/2015 01:10	1.48	1.71	2.59	1.6	1.85	4	100
11/08/2015 01:15	.75	1.72	1.52	1.41	1.35	4	100
11/08/2015 01:20	1.15	1.67	1.82	2.51	1.79	4	100
11/08/2015 01:25	.78	1.69	1.4	1.99	1.46	4	100
11/08/2015 01:30	1.06	2.32	1.32	1.4	1.52	4	100
11/08/2015 01:35	.87	2.37	1.58	1.63	1.61	4	100
11/08/2015 01:40	1.13	1.77	1.36	.73	1.25	4	100
11/08/2015 01:45	.51	1.75	1.98	1.1	1.34	4	100
11/08/2015 01:50	1.06	1.69	1.51	1.52	1.44	4	100
11/08/2015 01:55	.59	1.87	1.23	.96	1.16	4	100
11/08/2015 02:00	.98	1.62	1.93	1.1	1.41	4	100
11/08/2015 02:05	.81	2.17	1.29	1.27	1.39	4	100
11/08/2015 02:10	.65	1.86	2.07	1.32	1.47	4	100
11/08/2015 02:15	1.17	2.1	1.16	.91	1.34	4	100
11/08/2015 02:20	1.09	1.48	1.6	.72	1.22	4	100
11/08/2015 02:25	.77	1.51	2.24	.75	1.32	4	100
11/08/2015 02:30	.89	1.36	1.17	1.13	1.14	4	100
11/08/2015 02:35	1.12	1.94	1.53	.82	1.35	4	100
11/08/2015 02:40	.5	1.44	1.71	1.58	1.31	4	100
11/08/2015 02:45	.67	1.63	1.63	.85	1.2	4	100
11/08/2015 02:50	.37	1.51	2.02	1.48	1.35	4	100
11/08/2015 02:55	.3	.68	2.08	.29	.84	4	100
11/08/2015 03:00	.56	1.4	1.79	1.73	1.37	4	100
11/08/2015 03:05	.65	1.02	2.07	1.07	1.2	4	100
11/08/2015 03:10	.53	1.67	2.34	1.12	1.41	4	100
11/08/2015 03:15	.76	1.21	2.07	.82	1.21	4	100
11/08/2015 03:20	.28	1.65	1.08	.57	.89	4	100
11/08/2015 03:25	.75	1.59	2.41	1.22	1.49	4	100
11/08/2015 03:30	.61	1.61	1.18	1.95	1.34	4	100
11/08/2015 03:35	1.12	1.82	1.3	1.15	1.35	4	100
11/08/2015 03:40	.76	1.6	2.18	.69	1.31	4	100
11/08/2015 03:45	.88	1.93	.96	1.59	1.34	4	100
11/08/2015 03:50	.62	1.75	1.57	1.28	1.31	4	100
11/08/2015 03:55	.61	1.37	1.27	1.65	1.23	4	100
11/08/2015 04:00	.37	.8	2.03	1.01	1.05	4	100
11/08/2015 04:05	.99	1.5	.89	.73	1.03	4	100
11/08/2015 04:10	.76	1.8	1.02	.91	1.12	4	100
11/08/2015 04:15	1.21	1.79	.67	1.43	1.27	4	100
11/08/2015 04:20	.98	1.66	1.49	.73	1.22	4	100
11/08/2015 04:25	1.32	1.68	.89	1.35	1.31	4	100
11/08/2015 04:30	1.41	2.05	1.64	1.72	1.71	4	100
11/08/2015 04:35	1.4	1.98	1.18	1.6	1.54	4	100
11/08/2015 04:40	2.01	2.47	2.11	1.12	1.93	4	100
11/08/2015 04:45	1.06	2.21	1.53	1.5	1.58	4	100
11/08/2015 04:50	1.11	1.63	2.15	2.06	1.74	4	100
11/08/2015 04:55	1.32	2.71	1.34	.97	1.59	4	100
11/08/2015 05:00	1.64	2.32	1.09	2.18	1.81	4	100
11/08/2015 05:05	1.61	2.69	2.3	1.62	2.05	4	100
11/08/2015 05:10	1.61	2.13	1.79	1.73	1.81	4	100
11/08/2015 05:15	2.28	3.1	2.77	2.22	2.59	4	100
11/08/2015 05:20	3	3.26	2.07	1.79	2.53	4	100
11/08/2015 05:25	3.55	3.53	2.71	2.17	2.99	4	100
11/08/2015 05:30	2.8	3	3.3	2.62	2.93	4	100
11/08/2015 05:35	2.63	3.88	2.41	3.99	3.23	4	100
11/08/2015 05:40	2.91	3.29	2.44	3.62	3.07	4	100
11/08/2015 05:45	3.12	3.63	3.35	4	3.53	4	100
11/08/2015 05:50	2.27	3.71	2.55	4.15	3.17	4	100
11/08/2015 05:55	2.19	3.01	2.26	3.69	2.79	4	100
11/08/2015 06:00	2.42	3.09	3.33	3.2	3.01	4	100
11/08/2015 06:05	2.33	3.66	2.3	1.67	2.49	4	100
11/08/2015 06:10	2.97	3.84	2.98	1.83	2.9	4	100
11/08/2015 06:15	3.53	4.53	3.59	3.42	3.77	4	100
11/08/2015 06:20	3.91	4.7	3.59	4.41	4.15	4	100
11/08/2015 06:25	3.59	3.95	3.06	4.69	3.82	4	100
11/08/2015 06:30	3.88	5.27	2.97	4.87	4.25	4	100
11/08/2015 06:35	5.03	5.09	4.42	5.7	5.06	4	100
11/08/2015 06:40	4.27	5.34	3.29	6.22	4.78	4	100
11/08/2015 06:45	5.22	5.18	3.79	5.07	4.82	4	100
11/08/2015 06:50	4.72	3.94	4.57	5.08	4.58	4	100
11/08/2015 06:55	3.88	4.77	3.71	5.25	4.4	4	100
11/08/2015 07:00	3.99	5.09	3.36	5.48	4.48	4	100
11/08/2015 07:05	5.33	5.09	4.99	5.66	5.27	4	100
11/08/2015 07:10	3.97	4.08	4.6	5.99	4.66	4	100
11/08/2015 07:15	3.37	5.92	2.84	4.59	4.18	4	100
11/08/2015 07:20	5.05	6.16	4.04	5.75	5.25	4	100
11/08/2015 07:25	5.92	5.07	5.34	7.19	5.88	4	100
11/08/2015 07:30	4.3	5.1	4.72	6.47	5.15	4	100
11/08/2015 07:35	5.72	5.98	4.42	8.93	6.26	4	100
11/08/2015 07:40	5.1	6.77	6.6	9.02	6.87	4	100
11/08/2015 07:45	5.61	5.59	4.84	7.8	5.96	4	100
11/08/2015 07:50	5.38	5.5	4.73	9.68	6.32	4	100
11/08/2015 07:55	3.71	5.09	4.86	7.71	5.34	4	100
11/08/2015 08:00	4.63	5.59	4.39	5.28	4.97	4	100
11/08/2015 08:05	5.05	5.5	4.4	4.89	4.96	4	100
11/08/2015 08:10	7.95	7.37	6.41	7.75	7.37	4	100
11/08/2015 08:15	5.97	6.01	5.41	7.18	6.14	4	100
11/08/2015 08:20	7.31	7.07	6.06	7.23	6.92	4	100
11/08/2015 08:25	6.61	5.83	5.48	6.63	6.14	4	100
11/08/2015 08:30	6.99	6.94	5.69	8.91	7.13	4	100
11/08/2015 08:35	7.02	6.97	6.54	7.03	6.89	4	100
11/08/2015 08:40	7.25	7.04	6.91	8.51	7.43	4	100
11/08/2015 08:45	6.86	6.92	6.47	9.7	7.49	4	100
11/08/2015 08:50	7.13	7.55	7.92	10.66	8.32	4	100
11/08/2015 08:55	6.47	7.08	6.02	9.23	7.2	4	100
11/08/2015 09:00	7.93	7.39	5.68	8.1	7.28	4	100
11/08/2015 09:05	6.94	7.71	5.04	7.8	6.87	4	100
11/08/2015 09:10	7.39	6.38	6.33	8.57	7.17	4	100
11/08/2015 09:15	6.82	8.13	6.61	9.22	7.7	4	100
11/08/2015 09:20	7.43	6.65	5.62	8.63	7.08	4	100
11/08/2015 09:25	8.5	8.44	6.62	8.91	8.12	4	100
11/08/2015 09:30	7.95	6.66	7.68	10.41	8.17	4	100
11/08/2015 09:35	10.04	8.47	7.6	11.11	9.3	4	100
11/08/2015 09:40	8.7	7.94	7.88	11.27	8.95	4	100
11/08/2015 09:45	8.47	8.09	6.98	10.75	8.57	4	100
11/08/2015 09:50	7.74	7.71	8.49	9.69	8.41	4	100
11/08/2015 09:55	8.13	7.92	6.61	8.1	7.69	4	100
11/08/2015 10:00	7.82	6.9	6.21	9.25	7.54	4	100
11/08/2015 10:05	7.55	7.88	6.63	8.32	7.59	4	100
11/08/2015 10:10	8.76	8.5	7.36	7.35	7.99	4	100
11/08/2015 10:15	7.77	7.51	6.85	9.8	7.98	4	100
11/08/2015 10:20	8.79	8.66	9.13	10.12	9.17	4	100
11/08/2015 10:25	8.96	7.79	7.79	11.32	8.96	4	100
11/08/2015 10:30	7.67	8.62	8.49	10.73	8.88	4	100
11/08/2015 10:35	10.36	9.4	7.71	10.59	9.51	4	100
11/08/2015 10:40	8.97	8.71	7.46	9.92	8.77	4	100
11/08/2015 10:45	8.83	8.98	7.08	11.46	9.09	4	100
11/08/2015 10:50	8.98	8.95	8.58	11.83	9.59	4	100
11/08/2015 10:55	7.01	8.77	8.04	10.5	8.58	4	100
11/08/2015 11:00	8.31	7.84	8	10.53	8.67	4	100
11/08/2015 11:05	9.61	8.13	7.23	9.71	8.67	4	100
11/08/2015 11:10	8.88	7.6	9.3	10.52	9.08	4	100
11/08/2015 11:15	9.44	8.92	8.42	10.16	9.23	4	100
11/08/2015 11:20	8.9	8.5	6.99	10.72	8.78	4	100
11/08/2015 11:25	8.62	7.48	8.01	10.22	8.58	4	100
11/08/2015 11:30	10.19	8.81	7.64	10.22	9.21	4	100
11/08/2015 11:35	8.76	8.52	7.38	10.5	8.79	4	100
11/08/2015 11:40	9.06	9.57	8.3	11.07	9.5	4	100
11/08/2015 11:45	8.75	8.11	9.88	10.75	9.37	4	100
11/08/2015 11:50	7.89	7.97	7.81	10.59	8.57	4	100
11/08/2015 11:55	8.4	7.14	7.74	10.38	8.42	4	100
11/08/2015 12:00	8.15	9.01	9.18	9.65	9	4	100
11/08/2015 12:05	8.83	8.27	7.46	9.48	8.51	4	100
11/08/2015 12:10	8.64	8.08	7.84	9.94	8.63	4	100
11/08/2015 12:15	8.22	7.62	7.57	8.85	8.06	4	100
11/08/2015 12:20	8.14	8.68	8.11	9.28	8.55	4	100
11/08/2015 12:25	9.7	8.84	8.08	8.59	8.8	4	100
11/08/2015 12:30	8.92	7.49	7.03	10.62	8.52	4	100
11/08/2015 12:35	11.42	10.74	9.61	11.01	10.69	4	100
11/08/2015 12:40	8.24	8.69	8.34	9.8	8.77	4	100
11/08/2015 12:45	9.51	9.92	7.32	10.83	9.4	4	100
11/08/2015 12:50	9.58	8.74	8.07	10.29	9.17	4	100
11/08/2015 12:55	10.69	8.6	6.83	9.49	8.9	4	100
11/08/2015 13:00	8.13	8.39	8.09	10.72	8.83	4	100
11/08/2015 13:05	8.7	7.93	8.15	8.94	8.43	4	100
11/08/2015 13:10	8.64	9.26	7.78	8.17	8.46	4	100
11/08/2015 13:15	8.37	8.54	7.79	9.6	8.57	4	100
11/08/2015 13:20	9.1	8.66	7.84	9.57	8.79	4	100
11/08/2015 13:25	8.6	8.38	7.46	9.72	8.54	4	100
11/08/2015 13:30	8.23	8.74	8.86	8.41	8.56	4	100
11/08/2015 13:35	5.88	6.65	6.6	7.38	6.63	4	100
11/08/2015 13:40	9.75	8.51	7.27	9.69	8.8	4	100
11/08/2015 13:45	10.19	9.9	8.93	12.84	10.46	4	100
11/08/2015 13:50	8.14	8.82	6.82	8.8	8.14	4	100
11/08/2015 13:55	8.24	8.59	6.74	8.79	8.09	4	100
11/08/2015 14:00	8.05	8.23	6.73	8.79	7.95	4	100
11/08/2015 14:05	8.81	9.72	7.89	8.44	8.72	4	100
11/08/2015 14:10	10.2	9.62	6.39	7.62	8.46	4	100
11/08/2015 14:15	8.32	7.47	7.02	7.95	7.69	4	100
11/08/2015 14:20	9.62	9.53	7	9.39	8.88	4	100
11/08/2015 14:25	8.23	8.31	7.3	8.41	8.06	4	100
11/08/2015 14:30	10.75	9.5	7.3	10.23	9.45	4	100
11/08/2015 14:35	10.45	10.97	9.11	10.53	10.27	4	100
11/08/2015 14:40	9.03	8.09	7.11	10.78	8.75	4	100
11/08/2015 14:45	10.56	10.3	7.8	10.36	9.75	4	100
11/08/2015 14:50	8.07	7.29	7.02	8.39	7.69	4	100
11/08/2015 14:55	9.18	8.68	7.73	9.53	8.78	4	100
11/08/2015 15:00	9.18	8.98	5.52	8.82	8.13	4	100
11/08/2015 15:05	8.93	8.31	6.98	7.94	8.04	4	100
11/08/2015 15:10	7.66	7.96	6.89	8.6	7.78	4	100
11/08/2015 15:15	9.32	9.59	7.69	8.5	8.78	4	100
11/08/2015 15:20	9.3	9.29	8.24	9.83	9.16	4	100
11/08/2015 15:25	9.27	9.34	7.98	8.54	8.78	4	100
11/08/2015 15:30	10.28	9.83	7.84	7.9	8.96	4	100
11/08/2015 15:35	10.2	10.56	7.57	7.82	9.04	4	100
11/08/2015 15:40	9.4	10.61	8.72	8.89	9.4	4	100
11/08/2015 15:45	8.87	8.33	8	8.69	8.47	4	100
11/08/2015 15:50	9.52	9.7	7.74	10.14	9.27	4	100
11/08/2015 15:55	8.76	9.04	7.79	6.89	8.12	4	100
11/08/2015 16:00	9.13	8.12	7.82	8.8	8.47	4	100
11/08/2015 16:05	8.73	9.4	7.93	7.18	8.31	4	100
11/08/2015 16:10	7.52	8.71	6.49	6.2	7.23	4	100
11/08/2015 16:15	9.79	8.58	7.93	8.3	8.65	4	100
11/08/2015 16:20	7.46	6.83	6.56	7.58	7.11	4	100
11/08/2015 16:25	8.68	6.28	6.57	6.78	7.08	4	100
11/08/2015 16:30	13.06	11.41	10	10.62	11.27	4	100
11/08/2015 16:35	9	8.95	8.34	8.4	8.67	4	100
11/08/2015 16:40	7.86	7.76	8.4	7.26	7.82	4	100
11/08/2015 16:45	9.53	9.05	8.61	7.6	8.7	4	100
11/08/2015 16:50	10.24	10.12	8.67	8.32	9.34	4	100
11/08/2015 16:55	9.31	8.72	5.37	6.51	7.48	4	100
11/08/2015 17:00	10.2	8.57	9.03	8.19	9	4	100
11/08/2015 17:05	9.21	10.07	8.13	7.33	8.69	4	100
11/08/2015 17:10	9.73	10.08	7.29	6.9	8.5	4	100
11/08/2015 17:15	9.81	9.86	8.68	9.58	9.48	4	100
11/08/2015 17:20	9.47	9.26	8.73	10.42	9.47	4	100
11/08/2015 17:25	8.97	9.45	6.8	8.82	8.51	4	100
11/08/2015 17:30	10.09	10.16	8.41	7.58	9.06	4	100
11/08/2015 17:35	8.24	8.49	7.78	8.54	8.26	4	100
11/08/2015 17:40	10.01	9.71	8.71	7.92	9.09	4	100
11/08/2015 17:45	8.92	8.7	7.08	7.97	8.17	4	100
11/08/2015 17:50	10.06	8.98	6.2	8.8	8.51	4	100
11/08/2015 17:55	10.84	10.33	6.32	6.51	8.5	4	100
11/08/2015 18:00	8.89	8.97	6.78	5.21	7.46	4	100
11/08/2015 18:05	8.24	8.23	5.3	6.87	7.16	4	100
11/08/2015 18:10	8.73	7.92	5.85	6.45	7.24	4	100
11/08/2015 18:15	9.15	9.15	7.92	7.35	8.39	4	100
11/08/2015 18:20	8	8.57	6.12	5.99	7.17	4	100
11/08/2015 18:25	8.32	9.34	6.71	6.49	7.71	4	100
11/08/2015 18:30	8.53	8.34	5.89	6.31	7.27	4	100
11/08/2015 18:35	8.2	8.43	6.33	8.18	7.79	4	100
11/08/2015 18:40	8.79	10.03	7.15	7.43	8.35	4	100
11/08/2015 18:45	7.21	7.23	6.52	7.46	7.11	4	100
11/08/2015 18:50	7.23	8.72	6.83	7.69	7.62	4	100
11/08/2015 18:55	7.95	8.91	5.81	5.57	7.06	4	100
11/08/2015 19:00	9.36	8.67	4.15	6.8	7.25	4	100
11/08/2015 19:05	9.78	9.03	7.16	7.48	8.36	4	100
11/08/2015 19:10	7.69	9.17	6.2	6.8	7.46	4	100
11/08/2015 19:15	8.9	8.74	6.53	7.69	7.96	4	100
11/08/2015 19:20	9.13	8.68	5.68	6.32	7.45	4	100
11/08/2015 19:25	6.43	7.12	6.46	6.8	6.7	4	100
11/08/2015 19:30	7.59	8.29	5.61	7.32	7.2	4	100
11/08/2015 19:35	8.88	8.34	6.07	5.7	7.25	4	100
11/08/2015 19:40	8.51	9.18	6.13	6.49	7.58	4	100
11/08/2015 19:45	8.46	8.91	5.06	6.03	7.12	4	100
11/08/2015 19:50	9.45	8.96	5.92	6.6	7.73	4	100
11/08/2015 19:55	7.83	8.57	5.01	5.3	6.68	4	100
11/08/2015 20:00	8.04	8.47	5.33	6.53	7.09	4	100
11/08/2015 20:05	7.07	6.69	5.08	6.34	6.3	4	100
11/08/2015 20:10	8.22	8.67	6.19	6.15	7.31	4	100
11/08/2015 20:15	7.92	8.13	5.08	6.47	6.9	4	100
11/08/2015 20:20	7.04	7.6	5.53	5.43	6.4	4	100
11/08/2015 20:25	6.58	6.4	6.27	5.93	6.3	4	100
11/08/2015 20:30	8.12	8.14	4.97	4.18	6.35	4	100
11/08/2015 20:35	8.17	7.56	5.54	5.4	6.67	4	100
11/08/2015 20:40	7.93	7.13	5.73	4.73	6.38	4	100
11/08/2015 20:45	6.95	7	5.34	5.46	6.19	4	100
11/08/2015 20:50	6	6.78	5.21	3.54	5.38	4	100
11/08/2015 20:55	6.78	7.43	4.07	4.88	5.79	4	100
11/08/2015 21:00	5.77	6.51	5.21	5.06	5.64	4	100
11/08/2015 21:05	6.59	6.88	4.21	4.61	5.57	4	100
11/08/2015 21:10	5.17	6.42	4.56	4.13	5.07	4	100
11/08/2015 21:15	5.76	5.88	6.07	4.54	5.56	4	100
11/08/2015 21:20	4.6	6.65	4.12	3.26	4.66	4	100
11/08/2015 21:25	6.22	6.87	4.96	5.07	5.78	4	100
11/08/2015 21:30	7.4	7.36	5.39	5.31	6.36	4	100
11/08/2015 21:35	6.11	5.89	4.2	4.1	5.08	4	100
11/08/2015 21:40	7.01	5.77	5.88	4.93	5.9	4	100
11/08/2015 21:45	5.92	6.2	3.48	3.97	4.89	4	100
11/08/2015 21:50	4.5	3.54	4.2	3.7	3.99	4	100
11/08/2015 21:55	4.43	6.01	4.14	3.66	4.56	4	100
11/08/2015 22:00	5.6	5.8	2.74	2.85	4.25	4	100
11/08/2015 22:05	4.42	5.33	3.46	3.11	4.08	4	100
11/08/2015 22:10	4.15	5.04	3.21	3.06	3.86	4	100
11/08/2015 22:15	4.9	5.29	4.48	3.81	4.62	4	100
11/08/2015 22:20	3.59	4.13	3.06	3.39	3.54	4	100
11/08/2015 22:25	4.02	4.92	3.56	3.82	4.08	4	100
11/08/2015 22:30	3.27	4.32	3.3	2.79	3.42	4	100
11/08/2015 22:35	3.29	5.06	2.98	2.61	3.48	4	100
11/08/2015 22:40	2.91	3.59	2.9	1.78	2.79	4	100
11/08/2015 22:45	3.09	4.36	2.73	3.54	3.43	4	100
11/08/2015 22:50	3.77	4.74	3.39	1.92	3.45	4	100
11/08/2015 22:55	2.43	3.43	3.42	2.63	2.98	4	100
11/08/2015 23:00	3.1	2.97	2.89	1.79	2.69	4	100
11/08/2015 23:05	2.27	3.74	1.89	2.67	2.64	4	100
11/08/2015 23:10	2.01	2.7	2.59	2.06	2.34	4	100
11/08/2015 23:15	1.84	2.9	1.48	1.67	1.97	4	100
11/08/2015 23:20	1.56	3.35	3.16	2.49	2.64	4	100
11/08/2015 23:25	2.35	3.85	2.12	2.17	2.62	4	100
11/08/2015 23:30	1.84	3.05	2.72	1.67	2.32	4	100
11/08/2015 23:35	2.43	2.53	2.37	2.44	2.44	4	100
11/08/2015 23:40	1.6	2.6	2.14	2.41	2.19	4	100
11/08/2015 23:45	2.19	2.44	2.02	1.73	2.09	4	100
11/08/2015 23:50	1.8	2.11	2.79	2.12	2.21	4	100
11/08/2015 23:55	1.79	2.66	2.13	1.72	2.07	4	100
