5 Minutes	Lane 1 Occ (%)	Lane 2 Occ (%)	Lane 3 Occ (%)	Lane 4 Occ (%)	Occupancy (%)	# Lane Points	% Observed
11/02/2015 00:00	2.93	3.39	3.72	3.75	3.45	4	0
11/02/2015 00:05	2.44	2.98	3.28	3.28	2.99	4	0
11/02/2015 00:10	2.53	3.11	3.42	3.41	3.12	4	0
11/02/2015 00:15	2.77	3.26	3.58	3.6	3.3	4	0
11/02/2015 00:20	2.63	3.11	3.42	3.45	3.15	4	0
11/02/2015 00:25	2.42	2.9	3.19	3.18	2.92	4	0
11/02/2015 00:30	2.5	2.87	3.15	3.18	2.92	4	0
11/02/2015 00:35	2.41	3	3.3	3.29	3	4	0
11/02/2015 00:40	2.58	2.98	3.27	3.31	3.04	4	0
11/02/2015 00:45	2.12	2.73	3.01	2.99	2.71	4	0
11/02/2015 00:50	2.45	2.88	3.17	3.2	2.93	4	0
11/02/2015 00:55	2.13	2.75	3.02	3.01	2.73	4	0
11/02/2015 01:00	2.26	2.59	2.84	2.86	2.64	4	0
11/02/2015 01:05	2.12	2.72	2.99	2.98	2.7	4	0
11/02/2015 01:10	1.99	2.47	2.72	2.7	2.47	4	0
11/02/2015 01:15	1.99	2.62	2.89	2.87	2.59	4	0
11/02/2015 01:20	2.11	2.61	2.87	2.86	2.61	4	0
11/02/2015 01:25	2.05	2.54	2.79	2.8	2.54	4	0
11/02/2015 01:30	2.23	2.82	3.1	3.1	2.81	4	0
11/02/2015 01:35	2.07	2.68	2.95	2.92	2.66	4	0
11/02/2015 01:40	2.06	2.62	2.84	2.83	2.58	4	0
11/02/2015 01:45	2.07	2.74	3.01	3.01	2.71	4	0
11/02/2015 01:50	1.97	2.33	2.56	2.57	2.36	4	0
11/02/2015 01:55	2.07	2.59	2.85	2.87	2.6	4	0
11/02/2015 02:00	2.13	2.76	3.04	3.03	2.74	4	0
11/02/2015 02:05	2.25	2.84	3.12	3.13	2.83	4	0
11/02/2015 02:10	2.17	2.7	2.96	2.96	2.7	4	0
11/02/2015 02:15	2.08	2.82	3.09	3.1	2.77	4	0
11/02/2015 02:20	2.08	2.54	2.79	2.8	2.55	4	0
11/02/2015 02:25	2.03	2.48	2.72	2.73	2.49	4	0
11/02/2015 02:30	2.36	2.95	3.24	3.25	2.95	4	0
11/02/2015 02:35	2.17	2.68	2.95	2.97	2.69	4	0
11/02/2015 02:40	2.07	2.67	2.94	2.93	2.65	4	0
11/02/2015 02:45	2.18	2.8	2.98	3.01	2.74	4	0
11/02/2015 02:50	2.18	2.79	3.07	3.05	2.77	4	0
11/02/2015 02:55	2.11	2.67	2.93	2.96	2.67	4	0
11/02/2015 03:00	2.4	2.95	3.23	3.24	2.96	4	0
11/02/2015 03:05	2.38	3.02	3.31	3.33	3.01	4	0
11/02/2015 03:10	2.45	3.14	3.44	3.46	3.12	4	0
11/02/2015 03:15	2.49	3.02	3.32	3.33	3.04	4	0
11/02/2015 03:20	2.44	3	3.3	3.27	3	4	0
11/02/2015 03:25	2.45	3.01	3.31	3.3	3.02	4	0
11/02/2015 03:30	2.58	3.2	3.52	3.54	3.21	4	0
11/02/2015 03:35	2.64	3.22	3.54	3.54	3.24	4	0
11/02/2015 03:40	2.91	3.4	3.73	3.76	3.45	4	0
11/02/2015 03:45	2.79	3.5	3.84	3.88	3.5	4	0
11/02/2015 03:50	2.91	3.49	3.83	3.84	3.52	4	0
11/02/2015 03:55	2.6	3.14	3.44	3.45	3.15	4	0
11/02/2015 04:00	2.95	3.44	3.77	3.8	3.49	4	0
11/02/2015 04:05	3.01	3.5	3.84	3.87	3.56	4	0
11/02/2015 04:10	3.53	4.07	4.45	4.52	4.14	4	0
11/02/2015 04:15	3.46	3.91	4.28	4.34	4	4	0
11/02/2015 04:20	3.63	4.13	4.53	4.57	4.22	4	0
11/02/2015 04:25	4.22	4.77	5.24	5.26	4.87	4	0
11/02/2015 04:30	4.21	4.63	5.08	5.14	4.77	4	0
11/02/2015 04:35	5.03	5.48	6.02	6.03	5.64	4	0
11/02/2015 04:40	4.82	5.23	5.72	5.78	5.39	4	0
11/02/2015 04:45	4.57	5.01	5.48	5.55	5.15	4	0
11/02/2015 04:50	5.37	5.77	6.33	6.35	5.95	4	0
11/02/2015 04:55	5.21	5.59	6.11	6.18	5.77	4	0
11/02/2015 05:00	5.24	5.63	6.16	6.27	5.82	4	0
11/02/2015 05:05	6.06	6.38	6.96	7.06	6.61	4	0
11/02/2015 05:10	6.78	7.03	7.67	7.8	7.32	4	0
11/02/2015 05:15	7.49	7.67	8.36	8.5	8.01	4	0
11/02/2015 05:20	8.28	8.44	9.19	9.38	8.82	4	0
11/02/2015 05:25	10.12	10.18	11.06	11.24	10.65	4	0
11/02/2015 05:30	10.12	9.97	10.97	10.94	10.5	4	0
11/02/2015 05:35	9.98	10.03	11.03	11	10.51	4	0
11/02/2015 05:40	10.88	11.14	12.16	12.58	11.69	4	0
11/02/2015 05:45	16.06	16.1	17.92	17.87	16.99	4	0
11/02/2015 05:50	17.71	16.95	18.92	19.11	18.17	4	0
11/02/2015 05:55	17.74	16.59	18.24	18.12	17.67	4	0
11/02/2015 06:00	21.13	20.81	23.06	22.63	21.91	4	0
11/02/2015 06:05	19.77	19.02	21.19	21.1	20.27	4	0
11/02/2015 06:10	20.94	20.22	21.94	22.49	21.4	4	0
11/02/2015 06:15	19.57	18.4	19.99	20.36	19.58	4	0
11/02/2015 06:20	23.02	21.83	23.7	24.23	23.2	4	0
11/02/2015 06:25	24.27	23.24	25.19	25.91	24.65	4	0
11/02/2015 06:30	25.72	24.4	26.47	27.13	25.93	4	0
11/02/2015 06:35	25.63	25.93	28.7	30.41	27.67	4	0
11/02/2015 06:40	26.19	24.92	27.02	28.59	26.68	4	0
11/02/2015 06:45	26.57	26.28	28.51	29.21	27.64	4	0
11/02/2015 06:50	22.58	21.35	23.58	23.12	22.66	4	0
11/02/2015 06:55	29.7	28.17	31.01	30.79	29.92	4	0
11/02/2015 07:00	20.66	20.5	22.54	22.34	21.51	4	0
11/02/2015 07:05	19.84	18.88	20.6	20.56	19.97	4	0
11/02/2015 07:10	25.48	26.02	28.33	28.99	27.21	4	0
11/02/2015 07:15	26.41	24.59	26.73	27.13	26.22	4	0
11/02/2015 07:20	23.47	22.57	24.8	24.52	23.84	4	0
11/02/2015 07:25	25.28	24.13	26.54	26.29	25.56	4	0
11/02/2015 07:30	19.41	19.61	21.96	21.75	20.68	4	0
11/02/2015 07:35	21.27	19.26	21.09	20.83	20.61	4	0
11/02/2015 07:40	18.63	16.98	18.62	18.36	18.15	4	0
11/02/2015 07:45	11.1	11.49	12.67	12.8	12.01	4	0
11/02/2015 07:50	18.95	17.73	19.46	19.2	18.83	4	0
11/02/2015 07:55	18.68	16.98	18.62	18.36	18.16	4	0
11/02/2015 08:00	9.09	9.43	10.45	10.4	9.84	4	0
11/02/2015 08:05	7.19	7.42	8.08	8.22	7.73	4	0
11/02/2015 08:10	7.61	7.88	8.57	8.77	8.21	4	0
11/02/2015 08:15	7.63	7.97	8.71	8.98	8.32	4	0
11/02/2015 08:20	6.96	7.31	7.99	8.22	7.62	4	0
11/02/2015 08:25	11.81	11.24	12.33	12.22	11.9	4	0
11/02/2015 08:30	6.7	7.05	7.71	7.92	7.34	4	0
11/02/2015 08:35	6.28	6.65	7.28	7.47	6.92	4	0
11/02/2015 08:40	6.05	6.45	7.05	7.2	6.69	4	0
11/02/2015 08:45	5.88	6.26	6.88	6.91	6.48	4	0
11/02/2015 08:50	6.63	6.95	7.57	7.68	7.21	4	0
11/02/2015 08:55	6.69	7.06	7.71	7.94	7.35	4	0
11/02/2015 09:00	7.64	7.7	8.45	8.47	8.06	4	0
11/02/2015 09:05	6.05	6.41	6.99	7.07	6.63	4	0
11/02/2015 09:10	5.19	5.53	6.09	6.07	5.72	4	0
11/02/2015 09:15	5.15	5.59	6.1	6.18	5.75	4	0
11/02/2015 09:20	5.61	6.02	6.56	6.69	6.22	4	0
11/02/2015 09:25	5.84	6.22	6.84	6.86	6.44	4	0
11/02/2015 09:30	6.29	6.62	7.28	7.29	6.87	4	0
11/02/2015 09:35	5.71	6.09	6.69	6.7	6.3	4	0
11/02/2015 09:40	6.4	6.71	7.38	7.39	6.97	4	0
11/02/2015 09:45	6.65	6.93	7.63	7.63	7.21	4	0
11/02/2015 09:50	6.63	6.91	7.6	7.61	7.19	4	0
11/02/2015 09:55	6.21	6.52	7.17	7.18	6.77	4	0
11/02/2015 10:00	6.47	6.77	7.45	7.46	7.04	4	0
11/02/2015 10:05	4.34	4.8	5.23	5.24	4.9	4	0
11/02/2015 10:10	5.96	6.3	6.95	6.94	6.54	4	0
11/02/2015 10:15	7.18	7.41	8.15	8.16	7.73	4	0
11/02/2015 10:20	7.11	7.32	8.05	8.05	7.63	4	0
11/02/2015 10:25	5.86	6.21	6.83	6.84	6.43	4	0
11/02/2015 10:30	6.63	6.91	7.6	7.6	7.18	4	0
11/02/2015 10:35	6.63	6.91	7.6	7.61	7.19	4	0
11/02/2015 10:40	6.88	7.13	7.85	7.85	7.43	4	0
11/02/2015 10:45	6.25	6.55	7.17	7.16	6.78	4	0
11/02/2015 10:50	5.69	6.05	6.65	6.66	6.26	4	0
11/02/2015 10:55	6.53	6.86	7.48	7.58	7.11	4	0
11/02/2015 11:00	6.49	6.76	7.44	7.44	7.03	4	0
11/02/2015 11:05	6.69	6.95	7.64	7.64	7.23	4	0
11/02/2015 11:10	6.91	7.13	7.84	7.84	7.43	4	0
11/02/2015 11:15	6.73	6.96	7.65	7.65	7.25	4	0
11/02/2015 11:20	6.23	6.55	7.2	7.21	6.8	4	0
11/02/2015 11:25	7.01	7.23	7.95	7.95	7.53	4	0
11/02/2015 11:30	6.39	6.67	7.34	7.34	6.93	4	0
11/02/2015 11:35	7.06	7.29	8.02	8.02	7.6	4	0
11/02/2015 11:40	6.87	7.19	7.9	7.9	7.47	4	0
11/02/2015 11:45	6.67	6.93	7.61	7.61	7.21	4	0
11/02/2015 11:50	6.26	6.57	7.22	7.23	6.82	4	0
11/02/2015 11:55	6.29	6.59	7.25	7.26	6.85	4	0
11/02/2015 12:00	6.24	6.57	7.23	7.25	6.82	4	0
11/02/2015 12:05	7.02	7.24	7.96	7.96	7.55	4	0
11/02/2015 12:10	6.59	6.9	7.52	7.62	7.16	4	0
11/02/2015 12:15	6.56	6.84	7.52	7.53	7.11	4	0
11/02/2015 12:20	7.26	7.44	8.18	8.17	7.76	4	0
11/02/2015 12:25	7.26	7.44	8.18	8.18	7.77	4	0
11/02/2015 12:30	7.11	7.3	8.03	8.02	7.62	4	0
11/02/2015 12:35	7.17	7.36	8.09	8.09	7.68	4	0
11/02/2015 12:40	7.06	7.26	7.99	7.98	7.57	4	0
11/02/2015 12:45	7.34	7.52	8.27	8.27	7.85	4	0
11/02/2015 12:50	6.98	7.18	7.89	7.88	7.48	4	0
11/02/2015 12:55	5.99	6.34	6.94	6.88	6.54	4	0
11/02/2015 13:00	5.85	6.21	6.82	6.83	6.43	4	0
11/02/2015 13:05	6.06	6.4	7.03	7.04	6.63	4	0
11/02/2015 13:10	6.53	6.81	7.49	7.49	7.08	4	0
11/02/2015 13:15	6.37	6.67	7.33	7.34	6.93	4	0
11/02/2015 13:20	6.52	6.8	7.47	7.47	7.07	4	0
11/02/2015 13:25	6.82	7.13	7.77	7.86	7.4	4	0
11/02/2015 13:30	6.13	6.45	7.04	7.16	6.69	4	0
11/02/2015 13:35	6.14	6.52	7.13	7.2	6.75	4	0
11/02/2015 13:40	6.35	6.65	7.31	7.31	6.9	4	0
11/02/2015 13:45	6.13	6.45	7.06	7.1	6.69	4	0
11/02/2015 13:50	6.5	6.77	7.44	7.44	7.03	4	0
11/02/2015 13:55	5.98	6.31	6.94	6.94	6.54	4	0
11/02/2015 14:00	5.96	6.32	6.89	7.01	6.54	4	0
11/02/2015 14:05	6.42	6.72	7.39	7.4	6.99	4	0
11/02/2015 14:10	10.22	10.55	11.5	11.95	11.05	4	0
11/02/2015 14:15	6.91	7.12	7.82	7.82	7.42	4	0
11/02/2015 14:20	6.1	6.44	7.08	7.09	6.68	4	0
11/02/2015 14:25	6.82	7.1	7.8	7.8	7.38	4	0
11/02/2015 14:30	6.57	6.84	7.52	7.52	7.11	4	0
11/02/2015 14:35	6.43	6.72	7.39	7.4	6.99	4	0
11/02/2015 14:40	6.22	6.53	7.17	7.18	6.78	4	0
11/02/2015 14:45	6.32	6.62	7.28	7.29	6.88	4	0
11/02/2015 14:50	6.37	6.66	7.32	7.33	6.92	4	0
11/02/2015 14:55	6.79	7.1	7.73	7.85	7.37	4	0
11/02/2015 15:00	6.49	6.77	7.44	7.45	7.04	4	0
11/02/2015 15:05	6.52	6.79	7.46	7.46	7.06	4	0
11/02/2015 15:10	5.72	6.1	6.71	6.72	6.31	4	0
11/02/2015 15:15	5.84	6.2	6.81	6.82	6.42	4	0
11/02/2015 15:20	5.69	6.07	6.67	6.68	6.28	4	0
11/02/2015 15:25	6.96	7.19	7.9	7.9	7.49	4	0
11/02/2015 15:30	6.65	6.96	7.59	7.66	7.21	4	0
11/02/2015 15:35	6.31	6.61	7.27	7.27	6.87	4	0
11/02/2015 15:40	6.43	6.72	7.39	7.4	6.98	4	0
11/02/2015 15:45	6.93	7.21	7.86	7.99	7.49	4	0
11/02/2015 15:50	6.94	7.18	7.89	7.9	7.48	4	0
11/02/2015 15:55	6.43	6.72	7.32	7.44	6.98	4	0
11/02/2015 16:00	5.92	6.26	6.83	6.94	6.49	4	0
11/02/2015 16:05	6.8	7.09	7.72	7.81	7.36	4	0
11/02/2015 16:10	6.41	6.69	7.36	7.36	6.95	4	0
11/02/2015 16:15	6.27	6.56	7.21	7.21	6.81	4	0
11/02/2015 16:20	5.99	6.35	6.92	7.05	6.58	4	0
11/02/2015 16:25	6.35	6.68	7.28	7.43	6.94	4	0
11/02/2015 16:30	5.93	6.32	6.9	7.04	6.55	4	0
11/02/2015 16:35	6.05	6.39	6.97	7.09	6.62	4	0
11/02/2015 16:40	5.97	6.31	6.88	6.99	6.54	4	0
11/02/2015 16:45	6.16	6.49	7.13	7.14	6.73	4	0
11/02/2015 16:50	6.32	6.64	7.24	7.36	6.89	4	0
11/02/2015 16:55	6.46	6.74	7.41	7.41	7	4	0
11/02/2015 17:00	6.73	6.99	7.69	7.69	7.27	4	0
11/02/2015 17:05	6.51	6.81	7.48	7.49	7.07	4	0
11/02/2015 17:10	6.34	6.66	7.29	7.33	6.91	4	0
11/02/2015 17:15	6.39	6.69	7.29	7.41	6.94	4	0
11/02/2015 17:20	7.06	7.36	8.05	8.11	7.65	4	0
11/02/2015 17:25	6.88	7.09	7.79	7.79	7.39	4	0
11/02/2015 17:30	6.96	7.24	7.88	8.04	7.53	4	0
11/02/2015 17:35	7.1	7.36	8.02	8.27	7.69	4	0
11/02/2015 17:40	6.67	6.96	7.58	7.66	7.22	4	0
11/02/2015 17:45	5.75	6.12	6.73	6.74	6.34	4	0
11/02/2015 17:50	6.35	6.65	7.25	7.37	6.9	4	0
11/02/2015 17:55	6.51	6.8	7.48	7.49	7.07	4	0
11/02/2015 18:00	6.82	7.17	7.81	7.94	7.44	4	0
11/02/2015 18:05	6.33	6.64	7.31	7.32	6.9	4	0
11/02/2015 18:10	6.48	6.79	7.4	7.54	7.06	4	0
11/02/2015 18:15	6.63	6.9	7.52	7.64	7.17	4	0
11/02/2015 18:20	6.37	6.75	7.38	7.48	7	4	0
11/02/2015 18:25	7.06	7.27	7.99	7.99	7.58	4	0
11/02/2015 18:30	6.64	6.92	7.61	7.6	7.19	4	0
11/02/2015 18:35	6.58	6.88	7.5	7.65	7.15	4	0
11/02/2015 18:40	6.34	6.65	7.25	7.37	6.9	4	0
11/02/2015 18:45	6.21	6.55	7.2	7.22	6.8	4	0
11/02/2015 18:50	6.09	6.42	7.05	7.06	6.66	4	0
11/02/2015 18:55	5.52	5.91	6.5	6.51	6.11	4	0
11/02/2015 19:00	6.12	6.46	7.04	7.13	6.69	4	0
11/02/2015 19:05	5.22	5.66	6.22	6.24	5.84	4	0
11/02/2015 19:10	5.02	5.47	6.01	6.03	5.63	4	0
11/02/2015 19:15	5.32	5.72	6.24	6.32	5.9	4	0
11/02/2015 19:20	5.23	5.66	6.22	6.23	5.84	4	0
11/02/2015 19:25	4.79	5.23	5.71	5.79	5.38	4	0
11/02/2015 19:30	5.3	5.72	6.28	6.3	5.9	4	0
11/02/2015 19:35	4.71	5.18	5.69	5.7	5.32	4	0
11/02/2015 19:40	4.85	5.29	5.79	5.86	5.45	4	0
11/02/2015 19:45	4.59	5.1	5.6	5.62	5.23	4	0
11/02/2015 19:50	4.31	4.76	5.21	5.26	4.89	4	0
11/02/2015 19:55	4.73	5.22	5.73	5.75	5.36	4	0
11/02/2015 20:00	4.65	5.08	5.55	5.62	5.23	4	0
11/02/2015 20:05	4.17	4.65	5.09	5.19	4.78	4	0
11/02/2015 20:10	4.19	4.63	5.07	5.11	4.75	4	0
11/02/2015 20:15	4.33	4.87	5.35	5.37	4.98	4	0
11/02/2015 20:20	4.44	4.95	5.44	5.46	5.07	4	0
11/02/2015 20:25	4.58	5.01	5.48	5.55	5.15	4	0
11/02/2015 20:30	4.31	4.76	5.2	5.25	4.88	4	0
11/02/2015 20:35	4.25	4.8	5.27	5.29	4.9	4	0
11/02/2015 20:40	4.54	5.04	5.54	5.56	5.17	4	0
11/02/2015 20:45	4.41	4.93	5.39	5.44	5.04	4	0
11/02/2015 20:50	4.09	4.65	5.1	5.12	4.74	4	0
11/02/2015 20:55	4.46	4.98	5.47	5.49	5.1	4	0
11/02/2015 21:00	3.74	4.35	4.78	4.8	4.42	4	0
11/02/2015 21:05	3.94	4.39	4.8	4.9	4.51	4	0
11/02/2015 21:10	4.16	4.64	5.07	5.13	4.75	4	0
11/02/2015 21:15	4.02	4.49	4.92	4.96	4.6	4	0
11/02/2015 21:20	4.23	4.66	5.1	5.2	4.8	4	0
11/02/2015 21:25	3.96	4.45	4.87	4.92	4.55	4	0
11/02/2015 21:30	4.13	4.56	4.99	5.08	4.69	4	0
11/02/2015 21:35	4.01	4.5	4.92	4.98	4.6	4	0
11/02/2015 21:40	4.43	4.92	5.37	5.44	5.04	4	0
11/02/2015 21:45	4.16	4.62	5.05	5.09	4.73	4	0
11/02/2015 21:50	3.86	4.45	4.89	4.91	4.53	4	0
11/02/2015 21:55	4.03	4.59	5.04	5.06	4.68	4	0
11/02/2015 22:00	3.86	4.45	4.89	4.91	4.53	4	0
11/02/2015 22:05	3.96	4.4	4.81	4.9	4.52	4	0
11/02/2015 22:10	3.84	4.43	4.87	4.89	4.51	4	0
11/02/2015 22:15	4.04	4.48	4.9	4.99	4.6	4	0
11/02/2015 22:20	3.75	4.25	4.66	4.7	4.34	4	0
11/02/2015 22:25	3.49	4.1	4.49	4.53	4.15	4	0
11/02/2015 22:30	3.33	3.84	4.2	4.27	3.91	4	0
11/02/2015 22:35	2.97	3.51	3.86	3.86	3.55	4	0
11/02/2015 22:40	3.17	3.69	4.04	4.09	3.75	4	0
11/02/2015 22:45	3.45	3.92	4.3	4.35	4.01	4	0
11/02/2015 22:50	3.01	3.56	3.91	3.92	3.6	4	0
11/02/2015 22:55	2.85	3.41	3.75	3.75	3.44	4	0
11/02/2015 23:00	2.89	3.5	3.84	3.88	3.53	4	0
11/02/2015 23:05	2.73	3.4	3.73	3.77	3.41	4	0
11/02/2015 23:10	3.05	3.73	4.09	4.13	3.75	4	0
11/02/2015 23:15	2.88	3.38	3.71	3.74	3.43	4	0
11/02/2015 23:20	2.6	3.27	3.59	3.6	3.27	4	0
11/02/2015 23:25	2.65	3.15	3.45	3.48	3.18	4	0
11/02/2015 23:30	2.59	3.31	3.63	3.67	3.3	4	0
11/02/2015 23:35	2.56	3.1	3.41	3.42	3.12	4	0
11/02/2015 23:40	2.79	3.33	3.66	3.68	3.37	4	0
11/02/2015 23:45	2.51	3.12	3.43	3.43	3.12	4	0
11/02/2015 23:50	2.42	2.96	3.21	3.21	2.95	4	0
11/02/2015 23:55	2.31	3.09	3.38	3.42	3.05	4	0
11/03/2015 00:00	2.37	2.96	3.25	3.26	2.96	4	0
11/03/2015 00:05	2.39	3.15	3.46	3.5	3.12	4	0
11/03/2015 00:10	2.52	3.1	3.37	3.4	3.1	4	0
11/03/2015 00:15	2.19	2.96	3.25	3.29	2.92	4	0
11/03/2015 00:20	2.26	3.03	3.32	3.36	2.99	4	0
11/03/2015 00:25	2.23	2.94	3.23	3.24	2.91	4	0
11/03/2015 00:30	2.16	2.86	3.14	3.15	2.83	4	0
11/03/2015 00:35	2.1	2.89	3.17	3.21	2.84	4	0
11/03/2015 00:40	2.29	2.87	3.15	3.16	2.87	4	0
11/03/2015 00:45	2.19	2.82	3.09	3.1	2.8	4	0
11/03/2015 00:50	2.17	2.79	3.06	3.06	2.77	4	0
11/03/2015 00:55	2.11	2.63	2.89	2.9	2.63	4	0
11/03/2015 01:00	2.11	2.87	3.15	3.16	2.82	4	0
11/03/2015 01:05	2.12	2.64	2.88	2.87	2.63	4	0
11/03/2015 01:10	1.91	2.53	2.79	2.77	2.5	4	0
11/03/2015 01:15	2.18	2.72	2.99	2.99	2.72	4	0
11/03/2015 01:20	1.94	2.52	2.77	2.79	2.51	4	0
11/03/2015 01:25	2.04	2.63	2.89	2.88	2.61	4	0
11/03/2015 01:30	2.03	2.61	2.87	2.87	2.6	4	0
11/03/2015 01:35	1.92	2.35	2.58	2.6	2.36	4	0
11/03/2015 01:40	2.06	2.64	2.9	2.89	2.62	4	0
11/03/2015 01:45	2.19	2.73	2.97	2.95	2.71	4	0
11/03/2015 01:50	2.03	2.67	2.94	2.96	2.65	4	0
11/03/2015 01:55	2.21	2.82	3.09	3.1	2.81	4	0
11/03/2015 02:00	2.3	2.85	3.12	3.13	2.85	4	0
11/03/2015 02:05	2.08	2.71	2.99	2.97	2.69	4	0
11/03/2015 02:10	1.98	2.61	2.87	2.86	2.58	4	0
11/03/2015 02:15	2.09	2.7	2.97	2.97	2.68	4	0
11/03/2015 02:20	1.95	2.53	2.78	2.77	2.51	4	0
11/03/2015 02:25	2.14	2.76	3.03	3.03	2.74	4	0
11/03/2015 02:30	1.96	2.57	2.82	2.82	2.54	4	0
11/03/2015 02:35	2.32	2.76	3.03	3.07	2.8	4	0
11/03/2015 02:40	2.16	2.94	3.23	3.27	2.9	4	0
11/03/2015 02:45	2.11	2.73	3.01	3	2.71	4	0
11/03/2015 02:50	2.13	2.77	2.98	2.98	2.71	4	0
11/03/2015 02:55	2.24	2.82	3.09	3.1	2.81	4	0
11/03/2015 03:00	2.16	2.89	3.17	3.19	2.85	4	0
11/03/2015 03:05	2.09	2.85	3.13	3.14	2.8	4	0
11/03/2015 03:10	2.26	3.04	3.33	3.37	3	4	0
11/03/2015 03:15	2.29	2.89	3.18	3.17	2.88	4	0
11/03/2015 03:20	2.2	2.99	3.27	3.31	2.94	4	0
11/03/2015 03:25	2.68	3.41	3.74	3.78	3.4	4	0
11/03/2015 03:30	2.65	3.13	3.43	3.45	3.16	4	0
11/03/2015 03:35	2.68	3.14	3.45	3.46	3.18	4	0
11/03/2015 03:40	2.48	2.82	3.09	3.13	2.88	4	0
11/03/2015 03:45	3.14	3.59	3.94	3.97	3.66	4	0
11/03/2015 03:50	2.9	3.47	3.81	3.83	3.5	4	0
11/03/2015 03:55	2.82	3.44	3.77	3.79	3.46	4	0
11/03/2015 04:00	2.75	3.25	3.57	3.59	3.29	4	0
11/03/2015 04:05	2.78	3.27	3.59	3.62	3.32	4	0
11/03/2015 04:10	3.58	4.11	4.5	4.57	4.19	4	0
11/03/2015 04:15	3.47	3.92	4.3	4.35	4.01	4	0
11/03/2015 04:20	3.58	4.08	4.47	4.51	4.16	4	0
11/03/2015 04:25	3.66	4.17	4.57	4.61	4.25	4	0
11/03/2015 04:30	4.58	5.01	5.48	5.54	5.15	4	0
11/03/2015 04:35	4.54	5.05	5.54	5.56	5.17	4	0
11/03/2015 04:40	4.17	4.61	5.05	5.09	4.73	4	0
11/03/2015 04:45	4.9	5.36	5.89	5.91	5.52	4	0
11/03/2015 04:50	5.27	5.65	6.17	6.26	5.84	4	0
11/03/2015 04:55	4.81	5.21	5.69	5.75	5.36	4	0
11/03/2015 05:00	5.92	6.27	6.89	6.9	6.49	4	0
11/03/2015 05:05	6.38	6.66	7.26	7.37	6.92	4	0
11/03/2015 05:10	6.89	7.14	7.85	7.86	7.44	4	0
11/03/2015 05:15	7.84	8.16	8.94	8.96	8.48	4	0
11/03/2015 05:20	8.6	8.88	9.64	9.93	9.26	4	0
11/03/2015 05:25	16.05	16.36	18.48	18.85	17.44	4	0
11/03/2015 05:30	9.94	10.06	10.94	11.17	10.53	4	0
11/03/2015 05:35	9.98	9.93	10.93	10.91	10.44	4	0
11/03/2015 05:40	10.16	10.13	11.14	11.11	10.63	4	0
11/03/2015 05:45	11.16	11.59	12.7	12.98	12.11	4	0
11/03/2015 05:50	13.21	12.99	14.24	14.32	13.69	4	0
11/03/2015 05:55	21.67	20.76	22.52	23.12	22.02	4	0
11/03/2015 06:00	18.05	17.97	19.94	19.86	18.95	4	0
11/03/2015 06:05	20.84	20.12	22.46	22.33	21.44	4	0
11/03/2015 06:10	23.17	21.96	23.84	24.36	23.33	4	0
11/03/2015 06:15	25.07	25.61	28.35	30.04	27.27	4	0
11/03/2015 06:20	24.58	23.37	25.48	26.53	24.99	4	0
11/03/2015 06:25	26.58	25.44	27.62	28.17	26.95	4	0
11/03/2015 06:30	31.07	29.71	32.33	33.82	31.73	4	0
11/03/2015 06:35	29.46	28.45	31.47	33.39	30.69	4	0
11/03/2015 06:40	30.96	31.51	35.08	37.16	33.68	4	0
11/03/2015 06:45	27.52	26.19	28.88	30.59	28.3	4	0
11/03/2015 06:50	30.19	28.7	31.1	32.01	30.5	4	0
11/03/2015 06:55	33.54	31.52	34.19	35.04	33.57	4	0
11/03/2015 07:00	29.85	28.14	31.36	31.2	30.14	4	0
11/03/2015 07:05	30.96	29.2	32.47	31.84	31.12	4	0
11/03/2015 07:10	30.45	28.34	30.8	31.24	30.21	4	0
11/03/2015 07:15	29.65	27.63	30.36	30	29.41	4	0
11/03/2015 07:20	32.77	31.37	34.87	36.96	33.99	4	0
11/03/2015 07:25	31.77	29.95	33.52	34.11	32.34	4	0
11/03/2015 07:30	34.89	32.86	35.62	36.57	34.99	4	0
11/03/2015 07:35	34.88	32.86	35.63	36.59	34.99	4	0
11/03/2015 07:40	36.64	34.23	38.05	37.29	36.55	4	0
11/03/2015 07:45	33.99	30.98	34.11	34.98	33.52	4	0
11/03/2015 07:50	33.56	31.45	34.12	34.91	33.51	4	0
11/03/2015 07:55	31.52	30.56	33.14	34	32.31	4	0
11/03/2015 08:00	33.28	31.9	35.41	37.56	34.54	4	0
11/03/2015 08:05	31.68	30.55	33.87	35.93	33.01	4	0
11/03/2015 08:10	31.92	30.61	33.61	34.69	32.71	4	0
11/03/2015 08:15	30.78	29.22	31.66	32.58	31.06	4	0
11/03/2015 08:20	26.73	27.05	30.72	31.12	28.91	4	0
11/03/2015 08:25	34.04	32.28	34.97	36.03	34.33	4	0
11/03/2015 08:30	35.01	33.6	37.36	36.62	35.65	4	0
11/03/2015 08:35	32.15	30.63	33.18	34.23	32.55	4	0
11/03/2015 08:40	30.74	29.39	31.88	32.68	31.17	4	0
11/03/2015 08:45	31.07	31.59	34.27	35.11	33.01	4	0
11/03/2015 08:50	27.62	25.99	28.26	28.82	27.67	4	0
11/03/2015 08:55	18.51	18.96	20.98	21.26	19.93	4	0
11/03/2015 09:00	20.84	19.31	21.03	21.16	20.59	4	0
11/03/2015 09:05	17	15.51	16.95	16.8	16.57	4	0
11/03/2015 09:10	15	13.85	15.19	14.98	14.75	4	0
11/03/2015 09:15	14.39	13.36	14.6	14.53	14.22	4	0
11/03/2015 09:20	8.69	8.58	9.37	9.42	9.01	4	0
11/03/2015 09:25	5.84	6.21	6.83	6.85	6.43	4	0
11/03/2015 09:30	6.68	6.92	7.6	7.6	7.2	4	0
11/03/2015 09:35	6.17	6.48	7.12	7.13	6.73	4	0
11/03/2015 09:40	5.9	6.25	6.86	6.87	6.47	4	0
11/03/2015 09:45	6.2	6.51	7.16	7.16	6.76	4	0
11/03/2015 09:50	5.66	6.06	6.67	6.69	6.27	4	0
11/03/2015 09:55	5.83	6.2	6.81	6.83	6.42	4	0
11/03/2015 10:00	6.23	6.57	7.22	7.23	6.81	4	0
11/03/2015 10:05	6.17	6.51	7.15	7.25	6.77	4	0
11/03/2015 10:10	6.04	6.42	7.04	7.05	6.64	4	0
11/03/2015 10:15	5.84	6.21	6.77	6.89	6.43	4	0
11/03/2015 10:20	6.4	6.71	7.37	7.38	6.97	4	0
11/03/2015 10:25	6.41	6.7	7.36	7.36	6.96	4	0
11/03/2015 10:30	5.55	5.96	6.55	6.57	6.16	4	0
11/03/2015 10:35	6.95	7.25	7.89	8.07	7.54	4	0
11/03/2015 10:40	6.09	6.41	7.05	7.06	6.65	4	0
11/03/2015 10:45	6.71	6.97	7.66	7.67	7.25	4	0
11/03/2015 10:50	6.71	6.96	7.65	7.65	7.25	4	0
11/03/2015 10:55	6.84	7.08	7.79	7.79	7.37	4	0
11/03/2015 11:00	6.7	6.94	7.62	7.62	7.22	4	0
11/03/2015 11:05	6.67	6.93	7.61	7.61	7.21	4	0
11/03/2015 11:10	6.92	7.14	7.85	7.85	7.44	4	0
11/03/2015 11:15	6.63	6.89	7.57	7.58	7.17	4	0
11/03/2015 11:20	6.96	7.19	7.91	7.91	7.5	4	0
11/03/2015 11:25	6.87	7.12	7.83	7.83	7.41	4	0
11/03/2015 11:30	6.59	6.85	7.53	7.54	7.13	4	0
11/03/2015 11:35	7.22	7.41	8.15	8.14	7.73	4	0
11/03/2015 11:40	5.92	6.26	6.89	6.89	6.49	4	0
11/03/2015 11:45	7.24	7.42	8.16	8.16	7.74	4	0
11/03/2015 11:50	6.7	6.95	7.64	7.64	7.23	4	0
11/03/2015 11:55	6.65	6.91	7.6	7.6	7.19	4	0
11/03/2015 12:00	6.75	7.02	7.72	7.73	7.31	4	0
11/03/2015 12:05	6.15	6.46	7.09	7.1	6.7	4	0
11/03/2015 12:10	6.41	6.77	7.42	7.44	7.01	4	0
11/03/2015 12:15	6.57	6.84	7.52	7.53	7.12	4	0
11/03/2015 12:20	6.13	6.46	7.1	7.11	6.7	4	0
11/03/2015 12:25	6.87	7.11	7.81	7.81	7.4	4	0
11/03/2015 12:30	6.21	6.52	7.16	7.17	6.76	4	0
11/03/2015 12:35	7.1	7.32	8.05	8.06	7.63	4	0
11/03/2015 12:40	6.95	7.18	7.9	7.9	7.48	4	0
11/03/2015 12:45	6.67	6.93	7.62	7.62	7.21	4	0
11/03/2015 12:50	7.25	7.42	8.16	8.15	7.75	4	0
11/03/2015 12:55	6.66	6.93	7.62	7.63	7.21	4	0
11/03/2015 13:00	7.3	7.49	8.24	8.24	7.82	4	0
11/03/2015 13:05	6.91	7.14	7.85	7.84	7.43	4	0
11/03/2015 13:10	5.85	6.21	6.82	6.83	6.43	4	0
11/03/2015 13:15	5.99	6.33	6.95	6.96	6.56	4	0
11/03/2015 13:20	6.49	6.77	7.44	7.44	7.03	4	0
11/03/2015 13:25	7.22	7.41	8.15	8.15	7.73	4	0
11/03/2015 13:30	6.6	6.86	7.55	7.55	7.14	4	0
11/03/2015 13:35	6.55	6.81	7.49	7.49	7.08	4	0
11/03/2015 13:40	6.56	6.83	7.5	7.5	7.1	4	0
11/03/2015 13:45	6.5	6.78	7.46	7.46	7.05	4	0
11/03/2015 13:50	6.51	6.78	7.45	7.46	7.05	4	0
11/03/2015 13:55	6.4	6.69	7.34	7.25	6.92	4	0
11/03/2015 14:00	6.38	6.68	7.34	7.35	6.93	4	0
11/03/2015 14:05	6.87	7.09	7.79	7.79	7.39	4	0
11/03/2015 14:10	6.62	6.87	7.55	7.55	7.15	4	0
11/03/2015 14:15	6.45	6.74	7.41	7.41	7	4	0
11/03/2015 14:20	6.53	6.81	7.49	7.5	7.08	4	0
11/03/2015 14:25	6.83	7.09	7.79	7.79	7.37	4	0
11/03/2015 14:30	6.51	6.8	7.48	7.48	7.07	4	0
11/03/2015 14:35	6.65	6.93	7.62	7.63	7.21	4	0
11/03/2015 14:40	6.61	6.87	7.55	7.55	7.15	4	0
11/03/2015 14:45	7.23	7.43	8.17	8.17	7.75	4	0
11/03/2015 14:50	6.55	6.82	7.5	7.51	7.1	4	0
11/03/2015 14:55	6.44	6.72	7.39	7.4	6.99	4	0
11/03/2015 15:00	5.87	6.23	6.85	6.85	6.45	4	0
11/03/2015 15:05	5.68	6.06	6.66	6.67	6.27	4	0
11/03/2015 15:10	6.26	6.57	7.22	7.23	6.82	4	0
11/03/2015 15:15	6.28	6.6	7.24	7.27	6.85	4	0
11/03/2015 15:20	6.81	7.08	7.72	7.79	7.35	4	0
11/03/2015 15:25	6.52	6.83	7.51	7.52	7.09	4	0
11/03/2015 15:30	6.26	6.57	7.22	7.23	6.82	4	0
11/03/2015 15:35	6.62	6.9	7.59	7.6	7.18	4	0
11/03/2015 15:40	6.59	6.89	7.5	7.64	7.15	4	0
11/03/2015 15:45	6.73	6.99	7.64	7.69	7.26	4	0
11/03/2015 15:50	6.48	6.79	7.47	7.44	7.04	4	0
11/03/2015 15:55	6.48	6.79	7.4	7.53	7.05	4	0
11/03/2015 16:00	6.64	6.92	7.58	7.62	7.19	4	0
11/03/2015 16:05	6.17	6.52	7.11	7.25	6.76	4	0
11/03/2015 16:10	6.16	6.49	7.14	7.15	6.73	4	0
11/03/2015 16:15	7.02	7.24	7.96	7.96	7.55	4	0
11/03/2015 16:20	6.82	7.08	7.72	7.82	7.36	4	0
11/03/2015 16:25	6.39	6.68	7.34	7.34	6.94	4	0
11/03/2015 16:30	6.63	6.94	7.56	7.63	7.19	4	0
11/03/2015 16:35	6.76	7.01	7.64	7.77	7.29	4	0
11/03/2015 16:40	6.74	7.02	7.65	7.79	7.3	4	0
11/03/2015 16:45	6.74	7.01	7.67	7.72	7.28	4	0
11/03/2015 16:50	6.45	6.75	7.36	7.48	7.01	4	0
11/03/2015 16:55	6.57	6.89	7.51	7.59	7.14	4	0
11/03/2015 17:00	6.68	6.94	7.63	7.63	7.22	4	0
11/03/2015 17:05	6.86	7.14	7.78	7.93	7.43	4	0
11/03/2015 17:10	6.75	7.02	7.74	7.68	7.3	4	0
11/03/2015 17:15	6.99	7.22	7.94	7.94	7.52	4	0
11/03/2015 17:20	7.49	7.71	8.43	8.48	8.03	4	0
11/03/2015 17:25	7.36	7.63	8.31	8.58	7.97	4	0
11/03/2015 17:30	7.58	7.75	8.53	8.53	8.1	4	0
11/03/2015 17:35	7.05	7.41	8.1	8.15	7.68	4	0
11/03/2015 17:40	7.61	7.75	8.52	8.51	8.1	4	0
11/03/2015 17:45	6.9	7.14	7.85	7.85	7.44	4	0
11/03/2015 17:50	6.81	7.12	7.75	7.91	7.4	4	0
11/03/2015 17:55	6.93	7.17	7.89	7.89	7.47	4	0
11/03/2015 18:00	6.16	6.5	7.09	7.23	6.74	4	0
11/03/2015 18:05	6.84	7.07	7.77	7.77	7.36	4	0
11/03/2015 18:10	6.75	7.11	7.77	7.87	7.37	4	0
11/03/2015 18:15	6.88	7.15	7.79	7.93	7.44	4	0
11/03/2015 18:20	7.45	7.77	8.46	8.61	8.07	4	0
11/03/2015 18:25	7.31	7.57	8.25	8.39	7.88	4	0
11/03/2015 18:30	6.13	6.45	7.09	7.09	6.69	4	0
11/03/2015 18:35	6.47	6.76	7.43	7.44	7.03	4	0
11/03/2015 18:40	6.52	6.79	7.47	7.47	7.06	4	0
11/03/2015 18:45	6.72	6.99	7.66	7.7	7.27	4	0
11/03/2015 18:50	6.28	6.6	7.26	7.27	6.85	4	0
11/03/2015 18:55	5.57	5.95	6.54	6.55	6.15	4	0
11/03/2015 19:00	5.81	6.17	6.73	6.84	6.39	4	0
11/03/2015 19:05	5.86	6.22	6.83	6.84	6.44	4	0
11/03/2015 19:10	5.61	6	6.59	6.6	6.2	4	0
11/03/2015 19:15	5.47	5.88	6.42	6.5	6.07	4	0
11/03/2015 19:20	5.89	6.24	6.85	6.86	6.46	4	0
11/03/2015 19:25	5.29	5.71	6.24	6.29	5.88	4	0
11/03/2015 19:30	5.28	5.7	6.22	6.29	5.87	4	0
11/03/2015 19:35	5.15	5.59	6.14	6.16	5.76	4	0
11/03/2015 19:40	4.87	5.34	5.86	5.88	5.49	4	0
11/03/2015 19:45	5.58	5.97	6.56	6.58	6.17	4	0
11/03/2015 19:50	4.57	4.99	5.46	5.58	5.15	4	0
11/03/2015 19:55	4.82	5.3	5.82	5.84	5.44	4	0
11/03/2015 20:00	4.79	5.26	5.78	5.79	5.41	4	0
11/03/2015 20:05	4.51	5.02	5.51	5.53	5.14	4	0
11/03/2015 20:10	4.24	4.78	5.25	5.28	4.89	4	0
11/03/2015 20:15	4.96	5.39	5.88	5.97	5.55	4	0
11/03/2015 20:20	3.93	4.37	4.78	4.86	4.49	4	0
11/03/2015 20:25	4.28	4.82	5.29	5.31	4.92	4	0
11/03/2015 20:30	4.73	5.21	5.72	5.73	5.35	4	0
11/03/2015 20:35	4.82	5.28	5.8	5.82	5.43	4	0
11/03/2015 20:40	4.28	4.81	5.29	5.31	4.92	4	0
11/03/2015 20:45	4.44	4.97	5.46	5.49	5.09	4	0
11/03/2015 20:50	4.99	5.43	5.97	5.98	5.59	4	0
11/03/2015 20:55	4.3	4.83	5.3	5.32	4.94	4	0
11/03/2015 21:00	4.95	5.42	5.92	5.97	5.56	4	0
11/03/2015 21:05	3.91	4.49	4.93	4.95	4.57	4	0
11/03/2015 21:10	4.2	4.65	5.08	5.19	4.78	4	0
11/03/2015 21:15	4.16	4.66	5.1	5.15	4.77	4	0
11/03/2015 21:20	4.26	4.81	5.29	5.31	4.92	4	0
11/03/2015 21:25	4.74	5.22	5.74	5.76	5.37	4	0
11/03/2015 21:30	4.19	4.62	5.06	5.16	4.76	4	0
11/03/2015 21:35	4.14	4.6	5.04	5.08	4.71	4	0
11/03/2015 21:40	4.11	4.66	5.12	5.14	4.76	4	0
11/03/2015 21:45	4.07	4.62	5.08	5.1	4.72	4	0
11/03/2015 21:50	3.88	4.32	4.73	4.81	4.44	4	0
11/03/2015 21:55	4.18	4.67	5.1	5.16	4.78	4	0
11/03/2015 22:00	4.32	4.84	5.31	5.33	4.95	4	0
11/03/2015 22:05	3.89	4.33	4.74	4.83	4.45	4	0
11/03/2015 22:10	4.53	5.05	5.54	5.56	5.17	4	0
11/03/2015 22:15	4.14	4.51	4.93	5.04	4.65	4	0
11/03/2015 22:20	4.19	4.66	5.1	5.16	4.78	4	0
11/03/2015 22:25	3.5	4.07	4.46	4.54	4.14	4	0
11/03/2015 22:30	3.37	4.02	4.41	4.44	4.06	4	0
11/03/2015 22:35	3.69	4.14	4.53	4.61	4.24	4	0
11/03/2015 22:40	3.25	3.77	4.13	4.19	3.84	4	0
11/03/2015 22:45	3.26	3.8	4.16	4.22	3.86	4	0
11/03/2015 22:50	3.11	3.65	3.94	3.94	3.66	4	0
11/03/2015 22:55	2.82	3.38	3.71	3.71	3.4	4	0
11/03/2015 23:00	2.91	3.61	3.96	3.99	3.62	4	0
11/03/2015 23:05	2.98	3.6	3.95	3.97	3.62	4	0
11/03/2015 23:10	3	3.69	4.05	4.09	3.71	4	0
11/03/2015 23:15	3.19	3.77	4.12	4.18	3.81	4	0
11/03/2015 23:20	2.86	3.54	3.88	3.91	3.55	4	0
11/03/2015 23:25	2.73	3.32	3.65	3.66	3.34	4	0
11/03/2015 23:30	3.01	3.51	3.85	3.89	3.56	4	0
11/03/2015 23:35	2.67	3.4	3.73	3.76	3.39	4	0
11/03/2015 23:40	2.53	3.09	3.39	3.41	3.11	4	0
11/03/2015 23:45	2.83	3.37	3.69	3.73	3.4	4	0
11/03/2015 23:50	2.38	3.14	3.45	3.49	3.11	4	0
11/03/2015 23:55	2.58	3.32	3.64	3.68	3.31	4	0
11/04/2015 00:00	2.24	2.84	3.13	3.11	2.83	4	0
11/04/2015 00:05	2.33	2.92	3.2	3.21	2.91	4	0
11/04/2015 00:10	2.69	3.16	3.47	3.48	3.2	4	0
11/04/2015 00:15	2.28	3.06	3.35	3.39	3.02	4	0
11/04/2015 00:20	2.36	2.92	3.21	3.21	2.92	4	0
11/04/2015 00:25	2.27	3.05	3.34	3.38	3.01	4	0
11/04/2015 00:30	2.27	3.04	3.33	3.37	3	4	0
11/04/2015 00:35	2.26	2.86	3.15	3.14	2.85	4	0
11/04/2015 00:40	2.11	2.73	3.01	2.99	2.71	4	0
11/04/2015 00:45	2.06	2.58	2.84	2.83	2.58	4	0
11/04/2015 00:50	2.28	2.79	3.05	3.05	2.79	4	0
11/04/2015 00:55	2.16	2.75	3.02	3.02	2.74	4	0
11/04/2015 01:00	2.09	2.55	2.8	2.82	2.56	4	0
11/04/2015 01:05	2.06	2.6	2.86	2.85	2.59	4	0
11/04/2015 01:10	2.13	2.43	2.68	2.69	2.48	4	0
11/04/2015 01:15	2.17	2.64	2.9	2.93	2.66	4	0
11/04/2015 01:20	2.21	2.81	3.09	3.09	2.8	4	0
11/04/2015 01:25	2.17	2.66	2.93	2.94	2.67	4	0
11/04/2015 01:30	2.04	2.72	2.99	2.99	2.69	4	0
11/04/2015 01:35	2.14	2.71	2.98	3	2.71	4	0
11/04/2015 01:40	1.97	2.52	2.78	2.76	2.51	4	0
11/04/2015 01:45	2.11	2.57	2.82	2.84	2.59	4	0
11/04/2015 01:50	1.99	2.75	3.01	3.05	2.7	4	0
11/04/2015 01:55	2.02	2.82	3.1	3.14	2.77	4	0
11/04/2015 02:00	2.12	2.83	3.11	3.11	2.79	4	0
11/04/2015 02:05	2.09	2.72	3	2.98	2.7	4	0
11/04/2015 02:10	1.96	2.59	2.84	2.83	2.55	4	0
11/04/2015 02:15	2.22	2.82	3.09	3.12	2.81	4	0
11/04/2015 02:20	1.96	2.46	2.66	2.66	2.43	4	0
11/04/2015 02:25	2.13	2.57	2.82	2.84	2.59	4	0
11/04/2015 02:30	2.21	2.87	3.15	3.19	2.86	4	0
11/04/2015 02:35	2.17	2.79	3.06	3.07	2.77	4	0
11/04/2015 02:40	2.17	2.77	3.04	3.04	2.76	4	0
11/04/2015 02:45	2.16	2.91	3.19	3.21	2.87	4	0
11/04/2015 02:50	1.99	2.56	2.82	2.8	2.54	4	0
11/04/2015 02:55	2.25	2.86	3.15	3.14	2.85	4	0
11/04/2015 03:00	2.2	2.9	3.19	3.2	2.87	4	0
11/04/2015 03:05	2.1	2.68	2.95	2.94	2.67	4	0
11/04/2015 03:10	2.24	2.63	2.89	2.92	2.67	4	0
11/04/2015 03:15	2.38	3.11	3.41	3.44	3.09	4	0
11/04/2015 03:20	2.24	2.85	3.13	3.13	2.84	4	0
11/04/2015 03:25	2.38	2.93	3.21	3.22	2.93	4	0
11/04/2015 03:30	2.8	3.26	3.58	3.6	3.31	4	0
11/04/2015 03:35	2.84	3.24	3.55	3.59	3.31	4	0
11/04/2015 03:40	3	3.7	4.06	4.1	3.72	4	0
11/04/2015 03:45	2.83	3.54	3.89	3.92	3.55	4	0
11/04/2015 03:50	2.74	3.46	3.79	3.83	3.45	4	0
11/04/2015 03:55	2.74	3.47	3.81	3.84	3.46	4	0
11/04/2015 04:00	3.09	3.77	4.13	4.17	3.79	4	0
11/04/2015 04:05	3.23	3.68	4.04	4.08	3.76	4	0
11/04/2015 04:10	3.3	3.86	4.23	4.3	3.92	4	0
11/04/2015 04:15	3.69	4.21	4.61	4.64	4.29	4	0
11/04/2015 04:20	3.81	4.25	4.66	4.73	4.36	4	0
11/04/2015 04:25	3.83	4.31	4.72	4.75	4.4	4	0
11/04/2015 04:30	4.28	4.74	5.18	5.24	4.86	4	0
11/04/2015 04:35	4.96	5.41	5.94	5.95	5.57	4	0
11/04/2015 04:40	4.33	4.86	5.34	5.36	4.97	4	0
11/04/2015 04:45	4.33	4.76	5.21	5.32	4.91	4	0
11/04/2015 04:50	5.1	5.55	6.09	6.11	5.71	4	0
11/04/2015 04:55	5.16	5.58	6.13	6.14	5.75	4	0
11/04/2015 05:00	5.18	5.58	6.09	6.18	5.76	4	0
11/04/2015 05:05	6.27	6.55	7.15	7.25	6.81	4	0
11/04/2015 05:10	6.74	7.02	7.65	7.79	7.3	4	0
11/04/2015 05:15	7.92	8.23	8.97	9.04	8.54	4	0
11/04/2015 05:20	8.62	8.75	9.52	9.71	9.15	4	0
11/04/2015 05:25	10.89	10.68	11.75	11.72	11.26	4	0
11/04/2015 05:30	11.52	11.53	12.54	12.68	12.07	4	0
11/04/2015 05:35	11.47	11.24	12.38	12.4	11.87	4	0
11/04/2015 05:40	13.49	13.42	14.55	14.77	14.06	4	0
11/04/2015 05:45	18.38	17.11	18.82	18.68	18.25	4	0
11/04/2015 05:50	26.76	25.37	27.52	28.22	26.97	4	0
11/04/2015 05:55	27.06	27.6	30.63	31.57	29.22	4	0
11/04/2015 06:00	28.38	27.03	29.29	30.27	28.74	4	0
11/04/2015 06:05	30.66	29.06	31.5	32.38	30.9	4	0
11/04/2015 06:10	31.8	30.28	32.8	33.98	32.22	4	0
11/04/2015 06:15	35.55	33.84	37.55	39.86	36.7	4	0
11/04/2015 06:20	34.05	34.56	38.82	39.16	36.65	4	0
11/04/2015 06:25	37.11	36.38	40.56	40.14	38.54	4	0
11/04/2015 06:30	30.93	29.31	32.13	34.07	31.61	4	0
11/04/2015 06:35	36.62	34.67	37.56	39.01	36.97	4	0
11/04/2015 06:40	33.54	32.53	36.09	38.3	35.12	4	0
11/04/2015 06:45	33.86	34.06	37.85	37.64	35.85	4	0
11/04/2015 06:50	32.79	32.48	36.03	37.89	34.8	4	0
11/04/2015 06:55	29.51	29.09	31.54	32.26	30.6	4	0
11/04/2015 07:00	30.86	29.03	32.26	31.85	31	4	0
11/04/2015 07:05	31.98	31.06	35.28	35.65	33.49	4	0
11/04/2015 07:10	29.37	27.98	30.31	31.22	29.72	4	0
11/04/2015 07:15	32.41	30.74	33.31	34.29	32.69	4	0
11/04/2015 07:20	33.1	32.63	35.39	36.25	34.34	4	0
11/04/2015 07:25	38.61	36.51	39.56	40.68	38.84	4	0
11/04/2015 07:30	35.2	33.86	36.76	38.09	35.98	4	0
11/04/2015 07:35	36.84	37.48	41.6	44.18	40.03	4	0
11/04/2015 07:40	36.06	34.18	37.15	38.88	36.57	4	0
11/04/2015 07:45	37.1	36.34	41.02	42.43	39.22	4	0
11/04/2015 07:50	37.22	35.39	39.58	39.36	37.89	4	0
11/04/2015 07:55	31.18	30.8	33.91	34.84	32.68	4	0
11/04/2015 08:00	33.42	33.73	38.39	38.98	36.13	4	0
11/04/2015 08:05	32.71	30.93	34.88	35.89	33.6	4	0
11/04/2015 08:10	27.66	25.42	28.24	28.96	27.57	4	0
11/04/2015 08:15	30.53	28.11	30.98	30.82	30.11	4	0
11/04/2015 08:20	34.99	33.04	36.11	37.32	35.36	4	0
11/04/2015 08:25	29.4	28.92	32.6	33.32	31.06	4	0
11/04/2015 08:30	37.64	37.93	42.94	43.45	40.49	4	0
11/04/2015 08:35	39.05	39.72	43.72	44.84	41.83	4	0
11/04/2015 08:40	32.66	32	35.56	35.35	33.9	4	0
11/04/2015 08:45	32.36	30.75	33.32	35.21	32.91	4	0
11/04/2015 08:50	34.22	33.01	37.52	37.95	35.67	4	0
11/04/2015 08:55	27.67	26.59	29.26	30.19	28.43	4	0
11/04/2015 09:00	32.4	31.85	34.53	35.47	33.56	4	0
11/04/2015 09:05	29.84	28.41	31.19	32.18	30.4	4	0
11/04/2015 09:10	34.81	35.41	39.37	41.62	37.8	4	0
11/04/2015 09:15	30.22	29.58	32.53	33.47	31.45	4	0
11/04/2015 09:20	24.66	23.23	25.99	26.27	25.04	4	0
11/04/2015 09:25	21.03	19.29	21.11	21.06	20.62	4	0
11/04/2015 09:30	15.48	14.29	15.61	15.52	15.22	4	0
11/04/2015 09:35	17.07	15.65	17.09	16.99	16.7	4	0
11/04/2015 09:40	17.12	15.67	17.12	17.01	16.73	4	0
11/04/2015 09:45	13.26	12.42	13.56	13.52	13.19	4	0
11/04/2015 09:50	11.3	10.82	11.81	11.84	11.44	4	0
11/04/2015 09:55	9.83	9.6	10.47	10.53	10.11	4	0
11/04/2015 10:00	6.59	6.85	7.52	7.52	7.12	4	0
11/04/2015 10:05	6.21	6.59	7.24	7.24	6.82	4	0
11/04/2015 10:10	5.72	6.09	6.7	6.71	6.3	4	0
11/04/2015 10:15	7.11	7.29	8.01	8	7.6	4	0
11/04/2015 10:20	6.23	6.55	7.14	7.26	6.79	4	0
11/04/2015 10:25	6.22	6.55	7.2	7.21	6.79	4	0
11/04/2015 10:30	7.05	7.31	8.03	8.01	7.6	4	0
11/04/2015 10:35	5.83	6.19	6.81	6.82	6.41	4	0
11/04/2015 10:40	6.77	7.02	7.72	7.72	7.31	4	0
11/04/2015 10:45	6.34	6.64	7.3	7.31	6.9	4	0
11/04/2015 10:50	6.33	6.64	7.31	7.32	6.9	4	0
11/04/2015 10:55	6.3	6.61	7.26	7.27	6.86	4	0
11/04/2015 11:00	6.85	7.07	7.77	7.76	7.36	4	0
11/04/2015 11:05	6.45	6.74	7.41	7.41	7	4	0
11/04/2015 11:10	6.54	6.83	7.51	7.51	7.1	4	0
11/04/2015 11:15	6.64	7.02	7.66	7.82	7.29	4	0
11/04/2015 11:20	6.7	6.93	7.61	7.61	7.21	4	0
11/04/2015 11:25	7.01	7.23	7.95	7.95	7.54	4	0
11/04/2015 11:30	6.51	6.78	7.45	7.45	7.05	4	0
11/04/2015 11:35	6.82	7.06	7.76	7.76	7.35	4	0
11/04/2015 11:40	6.62	6.89	7.58	7.58	7.17	4	0
11/04/2015 11:45	6.71	6.97	7.66	7.66	7.25	4	0
11/04/2015 11:50	6.65	6.91	7.6	7.6	7.19	4	0
11/04/2015 11:55	6.17	6.47	7.11	7.11	6.71	4	0
11/04/2015 12:00	6.47	6.75	7.42	7.42	7.01	4	0
11/04/2015 12:05	6.61	6.88	7.57	7.57	7.16	4	0
11/04/2015 12:10	6.54	6.79	7.47	7.46	7.06	4	0
11/04/2015 12:15	7.28	7.48	8.22	8.22	7.8	4	0
11/04/2015 12:20	6.66	6.92	7.61	7.61	7.2	4	0
11/04/2015 12:25	6.88	7.11	7.82	7.82	7.41	4	0
11/04/2015 12:30	7	7.21	7.93	7.92	7.51	4	0
11/04/2015 12:35	6.68	6.94	7.63	7.63	7.22	4	0
11/04/2015 12:40	7.3	7.55	8.22	8.32	7.85	4	0
11/04/2015 12:45	7.33	7.52	8.27	8.27	7.85	4	0
11/04/2015 12:50	6.27	6.58	7.23	7.24	6.83	4	0
11/04/2015 12:55	6.46	6.75	7.42	7.43	7.01	4	0
11/04/2015 13:00	6.35	6.64	7.3	7.31	6.9	4	0
11/04/2015 13:05	6.33	6.64	7.29	7.3	6.89	4	0
11/04/2015 13:10	6.96	7.19	7.9	7.91	7.49	4	0
11/04/2015 13:15	6.3	6.59	7.24	7.24	6.84	4	0
11/04/2015 13:20	6.32	6.62	7.27	7.28	6.87	4	0
11/04/2015 13:25	6.68	6.94	7.63	7.63	7.22	4	0
11/04/2015 13:30	7.17	7.37	8.11	8.11	7.69	4	0
11/04/2015 13:35	6.15	6.54	7.15	7.21	6.76	4	0
11/04/2015 13:40	7.23	7.42	8.16	8.16	7.74	4	0
11/04/2015 13:45	6.2	6.51	7.16	7.16	6.76	4	0
11/04/2015 13:50	6.52	6.8	7.47	7.48	7.07	4	0
11/04/2015 13:55	6.6	6.85	7.53	7.53	7.13	4	0
11/04/2015 14:00	6.78	7.02	7.72	7.72	7.31	4	0
11/04/2015 14:05	6.81	7.04	7.74	7.74	7.33	4	0
11/04/2015 14:10	6.78	7.02	7.72	7.72	7.31	4	0
11/04/2015 14:15	6.69	6.93	7.62	7.62	7.22	4	0
11/04/2015 14:20	7.27	7.51	8.22	8.27	7.82	4	0
11/04/2015 14:25	6.7	7	7.63	7.78	7.28	4	0
11/04/2015 14:30	6.73	6.98	7.68	7.67	7.26	4	0
11/04/2015 14:35	6.62	6.9	7.56	7.6	7.17	4	0
11/04/2015 14:40	6.29	6.6	7.25	7.26	6.85	4	0
11/04/2015 14:45	6.4	6.71	7.31	7.44	6.96	4	0
11/04/2015 14:50	6.6	6.87	7.56	7.56	7.15	4	0
11/04/2015 14:55	7.05	7.28	8.01	8.01	7.59	4	0
11/04/2015 15:00	6.54	6.82	7.49	7.49	7.08	4	0
11/04/2015 15:05	6.33	6.66	7.26	7.4	6.91	4	0
11/04/2015 15:10	6.26	6.57	7.17	7.29	6.82	4	0
11/04/2015 15:15	6.05	6.39	7.02	7.03	6.62	4	0
11/04/2015 15:20	6.3	6.61	7.27	7.27	6.86	4	0
11/04/2015 15:25	6.87	7.12	7.83	7.84	7.42	4	0
11/04/2015 15:30	6.66	6.95	7.57	7.69	7.22	4	0
11/04/2015 15:35	6.44	6.73	7.4	7.4	6.99	4	0
11/04/2015 15:40	6.88	7.12	7.83	7.84	7.42	4	0
11/04/2015 15:45	6.87	7.15	7.79	7.9	7.42	4	0
11/04/2015 15:50	6.87	7.1	7.81	7.81	7.4	4	0
11/04/2015 15:55	7	7.22	7.94	7.94	7.52	4	0
11/04/2015 16:00	6.69	6.99	7.62	7.7	7.25	4	0
11/04/2015 16:05	6.85	7.09	7.79	7.8	7.38	4	0
11/04/2015 16:10	6.45	6.74	7.38	7.41	7	4	0
11/04/2015 16:15	6.64	6.89	7.57	7.57	7.17	4	0
11/04/2015 16:20	6.39	6.73	7.33	7.48	6.98	4	0
11/04/2015 16:25	6.24	6.57	7.16	7.29	6.82	4	0
11/04/2015 16:30	6.86	7.12	7.8	7.84	7.4	4	0
11/04/2015 16:35	6.9	7.25	7.92	8.09	7.54	4	0
11/04/2015 16:40	6.49	6.81	7.42	7.57	7.07	4	0
11/04/2015 16:45	7.04	7.27	8	8	7.58	4	0
11/04/2015 16:50	7.22	7.41	8.15	8.14	7.73	4	0
11/04/2015 16:55	6.77	7.03	7.71	7.74	7.31	4	0
11/04/2015 17:00	7.15	7.4	8.14	8.15	7.71	4	0
11/04/2015 17:05	6.98	7.26	7.98	7.97	7.55	4	0
11/04/2015 17:10	7.47	7.69	8.37	8.53	8.01	4	0
11/04/2015 17:15	6.81	7.07	7.71	7.84	7.36	4	0
11/04/2015 17:20	7.48	7.68	8.43	8.44	8.01	4	0
11/04/2015 17:25	7.31	7.5	8.25	8.25	7.83	4	0
11/04/2015 17:30	7.69	7.84	8.62	8.62	8.19	4	0
11/04/2015 17:35	7.99	8.1	8.9	8.9	8.47	4	0
11/04/2015 17:40	7.01	7.3	7.95	8.03	7.57	4	0
11/04/2015 17:45	7.71	7.86	8.65	8.64	8.22	4	0
11/04/2015 17:50	7.58	7.74	8.52	8.51	8.09	4	0
11/04/2015 17:55	7.85	7.99	8.79	8.79	8.35	4	0
11/04/2015 18:00	7.17	7.43	8.09	8.24	7.73	4	0
11/04/2015 18:05	6.91	7.14	7.85	7.85	7.44	4	0
11/04/2015 18:10	6.51	6.82	7.5	7.51	7.08	4	0
11/04/2015 18:15	6.44	6.75	7.42	7.43	7.01	4	0
11/04/2015 18:20	6.51	6.8	7.47	7.48	7.07	4	0
11/04/2015 18:25	6.98	7.21	7.92	7.92	7.51	4	0
11/04/2015 18:30	7.15	7.4	8.06	8.21	7.71	4	0
11/04/2015 18:35	7.06	7.27	7.97	8	7.57	4	0
11/04/2015 18:40	6.78	7.03	7.73	7.74	7.32	4	0
11/04/2015 18:45	6.05	6.37	7	7.01	6.61	4	0
11/04/2015 18:50	6.49	6.77	7.44	7.45	7.04	4	0
11/04/2015 18:55	5.87	6.24	6.86	6.87	6.46	4	0
11/04/2015 19:00	5.37	5.78	6.36	6.37	5.97	4	0
11/04/2015 19:05	6.09	6.43	7.06	7.07	6.66	4	0
11/04/2015 19:10	6.01	6.4	6.99	7.14	6.64	4	0
11/04/2015 19:15	5.6	6	6.54	6.66	6.2	4	0
11/04/2015 19:20	5.81	6.16	6.77	6.78	6.38	4	0
11/04/2015 19:25	5.1	5.52	6.03	6.12	5.69	4	0
11/04/2015 19:30	5.16	5.54	6.06	6.13	5.72	4	0
11/04/2015 19:35	5.15	5.56	6.08	6.16	5.74	4	0
11/04/2015 19:40	4.68	5.18	5.69	5.72	5.32	4	0
11/04/2015 19:45	4.47	4.91	5.37	5.43	5.04	4	0
11/04/2015 19:50	4.73	5.15	5.64	5.76	5.32	4	0
11/04/2015 19:55	4.53	5.05	5.54	5.56	5.17	4	0
11/04/2015 20:00	4.96	5.41	5.95	5.96	5.57	4	0
11/04/2015 20:05	4.44	4.96	5.44	5.46	5.08	4	0
11/04/2015 20:10	4.66	5.15	5.66	5.68	5.29	4	0
11/04/2015 20:15	4.54	4.99	5.45	5.52	5.13	4	0
11/04/2015 20:20	4.3	4.84	5.32	5.34	4.95	4	0
11/04/2015 20:25	4.43	4.89	5.35	5.41	5.02	4	0
11/04/2015 20:30	4.65	5.07	5.55	5.67	5.23	4	0
11/04/2015 20:35	4.47	4.98	5.47	5.49	5.11	4	0
11/04/2015 20:40	4.39	4.92	5.41	5.43	5.04	4	0
11/04/2015 20:45	4.44	4.96	5.45	5.47	5.08	4	0
11/04/2015 20:50	4.73	5.21	5.72	5.74	5.35	4	0
11/04/2015 20:55	4.59	5.03	5.5	5.57	5.17	4	0
11/04/2015 21:00	4.45	4.95	5.42	5.45	5.07	4	0
11/04/2015 21:05	4.48	4.99	5.48	5.5	5.11	4	0
11/04/2015 21:10	4.56	4.99	5.46	5.52	5.13	4	0
11/04/2015 21:15	4.35	4.78	5.23	5.34	4.92	4	0
11/04/2015 21:20	4.43	4.95	5.44	5.46	5.07	4	0
11/04/2015 21:25	4.51	5.02	5.52	5.54	5.15	4	0
11/04/2015 21:30	4.62	5.13	5.63	5.65	5.26	4	0
11/04/2015 21:35	4.17	4.72	5.19	5.21	4.82	4	0
11/04/2015 21:40	4.29	4.83	5.31	5.33	4.94	4	0
11/04/2015 21:45	4.57	4.99	5.46	5.56	5.14	4	0
11/04/2015 21:50	4.24	4.78	5.25	5.27	4.89	4	0
11/04/2015 21:55	4.46	4.95	5.42	5.48	5.08	4	0
11/04/2015 22:00	3.98	4.46	4.88	4.93	4.56	4	0
11/04/2015 22:05	4.53	5.03	5.53	5.54	5.16	4	0
11/04/2015 22:10	4.51	5.02	5.5	5.53	5.14	4	0
11/04/2015 22:15	4.39	4.86	5.31	5.38	4.98	4	0
11/04/2015 22:20	3.65	4.1	4.49	4.57	4.2	4	0
11/04/2015 22:25	3.89	4.48	4.92	4.95	4.56	4	0
11/04/2015 22:30	3.64	4.26	4.67	4.7	4.32	4	0
11/04/2015 22:35	3.72	4.31	4.73	4.76	4.38	4	0
11/04/2015 22:40	3.72	4.33	4.76	4.78	4.4	4	0
11/04/2015 22:45	3.94	4.46	4.88	4.97	4.56	4	0
11/04/2015 22:50	3.62	4.2	4.61	4.64	4.27	4	0
11/04/2015 22:55	3.16	3.78	4.14	4.2	3.82	4	0
11/04/2015 23:00	3.25	3.83	4.2	4.26	3.89	4	0
11/04/2015 23:05	2.97	3.51	3.85	3.89	3.56	4	0
11/04/2015 23:10	3.01	3.59	3.94	3.96	3.63	4	0
11/04/2015 23:15	2.9	3.36	3.68	3.71	3.41	4	0
11/04/2015 23:20	3	3.56	3.91	3.92	3.6	4	0
11/04/2015 23:25	2.97	3.65	4	4.05	3.67	4	0
11/04/2015 23:30	2.87	3.49	3.82	3.86	3.51	4	0
11/04/2015 23:35	2.67	3.4	3.73	3.77	3.39	4	0
11/04/2015 23:40	2.68	3.42	3.75	3.78	3.41	4	0
11/04/2015 23:45	2.91	3.41	3.67	3.69	3.42	4	0
11/04/2015 23:50	2.79	3.51	3.85	3.88	3.51	4	0
11/04/2015 23:55	2.67	3.19	3.5	3.53	3.22	4	0
11/05/2015 00:00	2.58	3.18	3.5	3.5	3.19	4	0
11/05/2015 00:05	2.71	3.29	3.61	3.62	3.31	4	0
11/05/2015 00:10	2.43	2.91	3.19	3.2	2.93	4	0
11/05/2015 00:15	2.44	3.19	3.5	3.54	3.17	4	0
11/05/2015 00:20	2.18	2.9	3.19	3.19	2.87	4	0
11/05/2015 00:25	2.44	3.16	3.47	3.49	3.14	4	0
11/05/2015 00:30	2.49	2.98	3.27	3.28	3	4	0
11/05/2015 00:35	2.4	2.95	3.24	3.25	2.96	4	0
11/05/2015 00:40	2.55	3.02	3.31	3.35	3.06	4	0
11/05/2015 00:45	2.32	2.79	3.07	3.07	2.81	4	0
11/05/2015 00:50	2.29	2.92	3.21	3.21	2.91	4	0
11/05/2015 00:55	2.23	2.71	2.98	2.98	2.72	4	0
11/05/2015 01:00	2.4	3.1	3.4	3.42	3.08	4	0
11/05/2015 01:05	2.05	2.85	3.13	3.17	2.8	4	0
11/05/2015 01:10	2.18	2.92	3.2	3.21	2.88	4	0
11/05/2015 01:15	2.15	2.83	3.11	3.12	2.8	4	0
11/05/2015 01:20	2.03	2.64	2.89	2.89	2.61	4	0
11/05/2015 01:25	2.13	2.8	3.08	3.08	2.77	4	0
11/05/2015 01:30	2.23	2.92	3.21	3.22	2.9	4	0
11/05/2015 01:35	2.25	2.82	3.1	3.1	2.82	4	0
11/05/2015 01:40	2.1	2.7	2.96	2.95	2.68	4	0
11/05/2015 01:45	2.1	2.56	2.81	2.83	2.57	4	0
11/05/2015 01:50	1.95	2.67	2.93	2.93	2.62	4	0
11/05/2015 01:55	2.16	2.82	3.11	3.1	2.8	4	0
11/05/2015 02:00	2.07	2.87	3.15	3.19	2.82	4	0
11/05/2015 02:05	2.16	2.84	3.11	3.14	2.81	4	0
11/05/2015 02:10	1.96	2.54	2.79	2.78	2.52	4	0
11/05/2015 02:15	2.1	2.82	3.1	3.11	2.78	4	0
11/05/2015 02:20	2.2	2.72	2.99	2.98	2.72	4	0
11/05/2015 02:25	2.11	2.72	2.98	2.98	2.7	4	0
11/05/2015 02:30	2.18	2.7	2.95	2.96	2.7	4	0
11/05/2015 02:35	2.15	2.86	3.15	3.15	2.83	4	0
11/05/2015 02:40	2.15	2.78	3.04	3.11	2.77	4	0
11/05/2015 02:45	2.43	2.97	3.26	3.27	2.98	4	0
11/05/2015 02:50	2.32	2.92	3.21	3.21	2.92	4	0
11/05/2015 02:55	2.13	2.79	3.07	3.07	2.77	4	0
11/05/2015 03:00	2.49	3.21	3.52	3.56	3.19	4	0
11/05/2015 03:05	2.18	2.77	3.04	3.04	2.76	4	0
11/05/2015 03:10	2.28	2.86	3.16	3.13	2.86	4	0
11/05/2015 03:15	2.45	2.93	3.21	3.22	2.95	4	0
11/05/2015 03:20	2.43	3.15	3.46	3.48	3.13	4	0
11/05/2015 03:25	2.64	3.26	3.51	3.52	3.23	4	0
11/05/2015 03:30	2.78	3.35	3.67	3.7	3.38	4	0
11/05/2015 03:35	2.78	3.34	3.66	3.68	3.36	4	0
11/05/2015 03:40	2.78	3.44	3.78	3.8	3.45	4	0
11/05/2015 03:45	2.6	3.08	3.38	3.39	3.11	4	0
11/05/2015 03:50	2.61	3.13	3.44	3.45	3.16	4	0
11/05/2015 03:55	2.85	3.43	3.75	3.79	3.46	4	0
11/05/2015 04:00	3.05	3.61	3.96	3.98	3.65	4	0
11/05/2015 04:05	2.87	3.4	3.73	3.76	3.44	4	0
11/05/2015 04:10	3.34	3.79	4.15	4.2	3.87	4	0
11/05/2015 04:15	3.37	3.91	4.29	4.32	3.97	4	0
11/05/2015 04:20	3.81	4.25	4.66	4.73	4.36	4	0
11/05/2015 04:25	3.8	4.24	4.64	4.71	4.35	4	0
11/05/2015 04:30	4.47	4.89	5.36	5.47	5.05	4	0
11/05/2015 04:35	4.82	5.27	5.77	5.82	5.42	4	0
11/05/2015 04:40	4.59	5.09	5.59	5.61	5.22	4	0
11/05/2015 04:45	4.79	5.21	5.7	5.77	5.37	4	0
11/05/2015 04:50	5.25	5.69	6.24	6.26	5.86	4	0
11/05/2015 04:55	5.09	5.48	6	6.12	5.67	4	0
11/05/2015 05:00	5.83	6.2	6.77	6.83	6.41	4	0
11/05/2015 05:05	6.38	6.67	7.27	7.38	6.92	4	0
11/05/2015 05:10	7.21	7.49	8.16	8.25	7.78	4	0
11/05/2015 05:15	8.1	8.41	9.15	9.26	8.73	4	0
11/05/2015 05:20	8.91	9.13	9.94	10.06	9.51	4	0
11/05/2015 05:25	9.22	9.3	10.23	10.21	9.74	4	0
11/05/2015 05:30	10.24	10.24	11.25	11.23	10.74	4	0
11/05/2015 05:35	10.43	10.49	11.4	11.7	11	4	0
11/05/2015 05:40	11.5	11.85	13.02	13.27	12.41	4	0
11/05/2015 05:45	12.78	12.87	14.04	14.64	13.58	4	0
11/05/2015 05:50	16.85	17.31	19.05	19.47	18.17	4	0
11/05/2015 05:55	16.69	16.41	18.26	18.19	17.39	4	0
11/05/2015 06:00	12.32	12.15	13.47	13.44	12.84	4	0
11/05/2015 06:05	19.21	18.74	20.33	20.86	19.78	4	0
11/05/2015 06:10	24.84	23.77	25.77	26.69	25.27	4	0
11/05/2015 06:15	25.3	24.46	27.12	28.7	26.39	4	0
11/05/2015 06:20	27.89	26.65	28.87	29.81	28.31	4	0
11/05/2015 06:25	26.69	24.56	27.04	26.98	26.32	4	0
11/05/2015 06:30	29.9	28.36	30.74	31.6	30.15	4	0
11/05/2015 06:35	28.22	27.2	29.61	31.43	29.12	4	0
11/05/2015 06:40	30.38	28.92	32.66	33.37	31.33	4	0
11/05/2015 06:45	32.15	31.63	35.09	36.69	33.89	4	0
11/05/2015 06:50	30.85	30.45	33.82	35.72	32.71	4	0
11/05/2015 06:55	31.26	31.7	35.34	36.55	33.72	4	0
11/05/2015 07:00	29.91	29.27	32.84	33.66	31.42	4	0
11/05/2015 07:05	29.7	28	31.12	30.52	29.83	4	0
11/05/2015 07:10	32.57	30.62	33.21	34.04	32.61	4	0
11/05/2015 07:15	17.4	17.83	19.75	19.96	18.73	4	0
11/05/2015 07:20	19.94	20.36	22.64	22.77	21.43	4	0
11/05/2015 07:25	24.65	23.92	26.27	25.95	25.2	4	0
11/05/2015 07:30	25.11	24.8	26.96	27.36	26.06	4	0
11/05/2015 07:35	29.63	28.46	31.56	30.94	30.15	4	0
11/05/2015 07:40	32.47	30.47	33.85	33.19	32.5	4	0
11/05/2015 07:45	28.04	27.75	31.04	30.84	29.42	4	0
11/05/2015 07:50	22.49	22.5	24.51	25.15	23.66	4	0
11/05/2015 07:55	20.34	20.3	22.67	22.53	21.46	4	0
11/05/2015 08:00	27.48	25.11	27.62	27.39	26.9	4	0
11/05/2015 08:05	28.45	27.57	30.81	30.63	29.36	4	0
11/05/2015 08:10	32.77	30.69	33.3	34.06	32.71	4	0
11/05/2015 08:15	33.31	32.73	36.34	38.39	35.19	4	0
11/05/2015 08:20	30.65	29.05	31.49	33.27	31.12	4	0
11/05/2015 08:25	28.76	27.38	29.67	31.45	29.31	4	0
11/05/2015 08:30	30.97	29.09	31.56	32.3	30.98	4	0
11/05/2015 08:35	29.41	29.97	33.28	35.27	31.98	4	0
11/05/2015 08:40	32.01	30.26	33.46	35.48	32.8	4	0
11/05/2015 08:45	32.05	30.03	33.68	34.11	32.47	4	0
11/05/2015 08:50	17.47	16.75	18.2	18.58	17.75	4	0
11/05/2015 08:55	14.43	14.06	15.54	15.28	14.83	4	0
11/05/2015 09:00	20.65	19.16	20.91	20.83	20.39	4	0
11/05/2015 09:05	9.71	9.41	10.28	10.29	9.92	4	0
11/05/2015 09:10	11.91	11.24	12.32	12.18	11.91	4	0
11/05/2015 09:15	6.93	7.11	7.75	7.84	7.41	4	0
11/05/2015 09:20	6.41	6.69	7.36	7.36	6.95	4	0
11/05/2015 09:25	5.22	5.65	6.21	6.23	5.83	4	0
11/05/2015 09:30	6.11	6.45	7.1	7.11	6.69	4	0
11/05/2015 09:35	6.05	6.41	7.05	7.07	6.65	4	0
11/05/2015 09:40	5.81	6.18	6.79	6.8	6.4	4	0
11/05/2015 09:45	5.77	6.15	6.77	6.78	6.37	4	0
11/05/2015 09:50	6.14	6.5	7.08	7.22	6.74	4	0
11/05/2015 09:55	6.39	6.72	7.39	7.4	6.97	4	0
11/05/2015 10:00	5.76	6.13	6.74	6.75	6.35	4	0
11/05/2015 10:05	6.01	6.36	7	7.01	6.6	4	0
11/05/2015 10:10	6.86	7.12	7.83	7.83	7.41	4	0
11/05/2015 10:15	6.9	7.14	7.85	7.85	7.44	4	0
11/05/2015 10:20	5.9	6.26	6.88	6.89	6.48	4	0
11/05/2015 10:25	6.2	6.56	7.22	7.33	6.83	4	0
11/05/2015 10:30	6.48	6.77	7.45	7.45	7.04	4	0
11/05/2015 10:35	6.55	6.83	7.51	7.51	7.1	4	0
11/05/2015 10:40	6.72	6.98	7.68	7.68	7.26	4	0
11/05/2015 10:45	6.5	6.84	7.51	7.51	7.09	4	0
11/05/2015 10:50	6.67	6.93	7.61	7.61	7.21	4	0
11/05/2015 10:55	6.17	6.47	7.12	7.12	6.72	4	0
11/05/2015 11:00	6.76	7.06	7.69	7.84	7.34	4	0
11/05/2015 11:05	6.45	6.73	7.4	7.4	7	4	0
11/05/2015 11:10	7.11	7.33	8.06	8.06	7.64	4	0
11/05/2015 11:15	7.04	7.34	8	8.07	7.61	4	0
11/05/2015 11:20	6.75	7.01	7.71	7.72	7.3	4	0
11/05/2015 11:25	7.26	7.44	8.19	8.18	7.77	4	0
11/05/2015 11:30	7.17	7.36	8.1	8.09	7.68	4	0
11/05/2015 11:35	6.98	7.21	7.92	7.93	7.51	4	0
11/05/2015 11:40	7.12	7.32	8.04	8.04	7.63	4	0
11/05/2015 11:45	7.1	7.36	8.01	8.1	7.64	4	0
11/05/2015 11:50	7.35	7.52	8.27	8.27	7.85	4	0
11/05/2015 11:55	5.52	5.91	6.49	6.5	6.11	4	0
11/05/2015 12:00	6.4	6.68	7.34	7.34	6.94	4	0
11/05/2015 12:05	6.36	6.66	7.33	7.33	6.92	4	0
11/05/2015 12:10	7.05	7.37	8.1	8.09	7.65	4	0
11/05/2015 12:15	7.37	7.54	8.3	8.29	7.88	4	0
11/05/2015 12:20	6.64	6.91	7.6	7.6	7.19	4	0
11/05/2015 12:25	6.75	7.01	7.7	7.71	7.29	4	0
11/05/2015 12:30	6.97	7.22	7.87	8	7.52	4	0
11/05/2015 12:35	6.48	6.76	7.43	7.43	7.02	4	0
11/05/2015 12:40	7.01	7.36	8.03	8.16	7.64	4	0
11/05/2015 12:45	6.81	7.13	7.84	7.83	7.4	4	0
11/05/2015 12:50	6.93	7.18	7.9	7.9	7.48	4	0
11/05/2015 12:55	6.94	7.16	7.87	7.87	7.46	4	0
11/05/2015 13:00	6.19	6.51	7.15	7.16	6.75	4	0
11/05/2015 13:05	6.35	6.64	7.3	7.3	6.9	4	0
11/05/2015 13:10	6.77	7.03	7.73	7.74	7.32	4	0
11/05/2015 13:15	6.5	6.81	7.48	7.48	7.07	4	0
11/05/2015 13:20	6.87	7.11	7.82	7.82	7.41	4	0
11/05/2015 13:25	7.03	7.25	7.98	7.98	7.56	4	0
11/05/2015 13:30	6.55	6.8	7.47	7.47	7.07	4	0
11/05/2015 13:35	6.69	6.94	7.63	7.63	7.22	4	0
11/05/2015 13:40	6.97	7.19	7.91	7.91	7.5	4	0
11/05/2015 13:45	6.77	7.02	7.71	7.72	7.3	4	0
11/05/2015 13:50	6.89	7.14	7.85	7.85	7.43	4	0
11/05/2015 13:55	6.39	6.69	7.35	7.36	6.95	4	0
11/05/2015 14:00	6.72	6.97	7.67	7.67	7.26	4	0
11/05/2015 14:05	6.7	6.98	7.67	7.67	7.26	4	0
11/05/2015 14:10	6.58	6.84	7.51	7.51	7.11	4	0
11/05/2015 14:15	7.35	7.57	8.25	8.4	7.89	4	0
11/05/2015 14:20	6.59	6.86	7.54	7.55	7.14	4	0
11/05/2015 14:25	6.08	6.41	7.05	7.06	6.65	4	0
11/05/2015 14:30	6.32	6.7	7.32	7.42	6.94	4	0
11/05/2015 14:35	6.27	6.58	7.24	7.24	6.83	4	0
11/05/2015 14:40	5.94	6.26	6.83	6.93	6.49	4	0
11/05/2015 14:45	6.34	6.64	7.3	7.3	6.89	4	0
11/05/2015 14:50	6.23	6.53	7.18	7.18	6.78	4	0
11/05/2015 14:55	6.22	6.54	7.19	7.19	6.78	4	0
11/05/2015 15:00	6.39	6.67	7.33	7.33	6.93	4	0
11/05/2015 15:05	5.8	6.17	6.78	6.79	6.38	4	0
11/05/2015 15:10	5.99	6.34	6.95	6.99	6.57	4	0
11/05/2015 15:15	6.57	6.88	7.49	7.59	7.13	4	0
11/05/2015 15:20	6.86	7.15	7.79	7.92	7.43	4	0
11/05/2015 15:25	6.71	6.96	7.65	7.65	7.24	4	0
11/05/2015 15:30	6.29	6.65	7.24	7.39	6.89	4	0
11/05/2015 15:35	6.31	6.62	7.21	7.34	6.87	4	0
11/05/2015 15:40	6.65	6.91	7.59	7.6	7.19	4	0
11/05/2015 15:45	7.28	7.51	8.18	8.33	7.82	4	0
11/05/2015 15:50	6.78	7.03	7.73	7.73	7.31	4	0
11/05/2015 15:55	6.8	7.04	7.73	7.75	7.33	4	0
11/05/2015 16:00	6.7	6.98	7.67	7.67	7.26	4	0
11/05/2015 16:05	6.49	6.8	7.42	7.48	7.05	4	0
11/05/2015 16:10	6.89	7.12	7.83	7.83	7.42	4	0
11/05/2015 16:15	6.68	6.94	7.62	7.63	7.22	4	0
11/05/2015 16:20	7.04	7.32	7.97	8.14	7.62	4	0
11/05/2015 16:25	7.06	7.29	8.02	8.02	7.6	4	0
11/05/2015 16:30	7.52	7.67	8.43	8.43	8.01	4	0
11/05/2015 16:35	6.97	7.33	7.98	8.07	7.59	4	0
11/05/2015 16:40	7.24	7.52	8.19	8.34	7.82	4	0
11/05/2015 16:45	6.99	7.25	7.9	8.05	7.55	4	0
11/05/2015 16:50	6.69	6.98	7.61	7.71	7.25	4	0
11/05/2015 16:55	6.91	7.19	7.84	7.99	7.48	4	0
11/05/2015 17:00	6.81	7.07	7.77	7.78	7.36	4	0
11/05/2015 17:05	7.09	7.31	8.04	8.05	7.62	4	0
11/05/2015 17:10	7.23	7.52	8.19	8.33	7.82	4	0
11/05/2015 17:15	6.82	7.11	7.75	7.9	7.39	4	0
11/05/2015 17:20	7.29	7.45	8.19	8.19	7.78	4	0
11/05/2015 17:25	7.4	7.6	8.28	8.43	7.93	4	0
11/05/2015 17:30	7.35	7.58	8.33	8.33	7.9	4	0
11/05/2015 17:35	6.85	7.12	7.76	7.91	7.41	4	0
11/05/2015 17:40	6.7	6.94	7.63	7.63	7.23	4	0
11/05/2015 17:45	6.57	6.89	7.51	7.65	7.16	4	0
11/05/2015 17:50	7.32	7.51	8.26	8.25	7.84	4	0
11/05/2015 17:55	6.25	6.56	7.21	7.21	6.81	4	0
11/05/2015 18:00	6.35	6.65	7.31	7.32	6.91	4	0
11/05/2015 18:05	7.08	7.3	8.02	8.03	7.61	4	0
11/05/2015 18:10	7.78	7.92	8.71	8.71	8.28	4	0
11/05/2015 18:15	7.82	8.15	8.91	9.18	8.52	4	0
11/05/2015 18:20	7.68	7.94	8.64	8.8	8.27	4	0
11/05/2015 18:25	7.53	7.79	8.48	8.67	8.12	4	0
11/05/2015 18:30	7.09	7.28	8.01	8	7.6	4	0
11/05/2015 18:35	6.85	7.1	7.81	7.82	7.4	4	0
11/05/2015 18:40	7.05	7.25	7.97	7.96	7.56	4	0
11/05/2015 18:45	6.53	6.82	7.48	7.5	7.08	4	0
11/05/2015 18:50	6.49	6.76	7.43	7.43	7.03	4	0
11/05/2015 18:55	5.86	6.22	6.84	6.85	6.44	4	0
11/05/2015 19:00	5.86	6.21	6.78	6.89	6.44	4	0
11/05/2015 19:05	6.09	6.41	7.05	7.06	6.65	4	0
11/05/2015 19:10	6.15	6.49	7.14	7.15	6.73	4	0
11/05/2015 19:15	5.79	6.15	6.76	6.77	6.37	4	0
11/05/2015 19:20	5.48	5.88	6.46	6.47	6.07	4	0
11/05/2015 19:25	5.77	6.13	6.69	6.79	6.35	4	0
11/05/2015 19:30	5.43	5.83	6.4	6.42	6.02	4	0
11/05/2015 19:35	5.08	5.54	6.09	6.11	5.71	4	0
11/05/2015 19:40	5.22	5.65	6.2	6.23	5.82	4	0
11/05/2015 19:45	5.15	5.6	6.16	6.17	5.77	4	0
11/05/2015 19:50	4.94	5.34	5.84	5.91	5.51	4	0
11/05/2015 19:55	4.8	5.28	5.8	5.82	5.42	4	0
11/05/2015 20:00	4.48	5.01	5.5	5.52	5.13	4	0
11/05/2015 20:05	5	5.45	5.99	6.01	5.61	4	0
11/05/2015 20:10	4.32	4.83	5.28	5.35	4.95	4	0
11/05/2015 20:15	4.34	4.8	5.25	5.32	4.93	4	0
11/05/2015 20:20	4.47	4.98	5.47	5.49	5.1	4	0
11/05/2015 20:25	4.47	4.92	5.38	5.44	5.05	4	0
11/05/2015 20:30	4.77	5.21	5.69	5.77	5.36	4	0
11/05/2015 20:35	4.31	4.77	5.22	5.27	4.89	4	0
11/05/2015 20:40	5.11	5.55	6.1	6.11	5.72	4	0
11/05/2015 20:45	4.87	5.29	5.78	5.87	5.45	4	0
11/05/2015 20:50	4.47	4.99	5.48	5.5	5.11	4	0
11/05/2015 20:55	4.57	5.07	5.57	5.59	5.2	4	0
11/05/2015 21:00	4.67	5.1	5.58	5.65	5.25	4	0
11/05/2015 21:05	4.34	4.78	5.23	5.28	4.91	4	0
11/05/2015 21:10	4.56	5.06	5.56	5.58	5.19	4	0
11/05/2015 21:15	4.9	5.37	5.86	5.92	5.51	4	0
11/05/2015 21:20	4.4	4.85	5.31	5.37	4.98	4	0
11/05/2015 21:25	4.76	5.24	5.76	5.78	5.39	4	0
11/05/2015 21:30	4.74	5.17	5.65	5.73	5.32	4	0
11/05/2015 21:35	4.39	4.89	5.35	5.42	5.01	4	0
11/05/2015 21:40	4.58	5.09	5.56	5.64	5.22	4	0
11/05/2015 21:45	4.19	4.62	5.06	5.16	4.76	4	0
11/05/2015 21:50	4.47	4.99	5.48	5.5	5.11	4	0
11/05/2015 21:55	4.01	4.57	5.02	5.04	4.66	4	0
11/05/2015 22:00	4.21	4.77	5.24	5.26	4.87	4	0
11/05/2015 22:05	4.43	4.86	5.32	5.42	5.01	4	0
11/05/2015 22:10	4.36	4.9	5.38	5.4	5.01	4	0
11/05/2015 22:15	4.33	4.85	5.33	5.35	4.96	4	0
11/05/2015 22:20	4.11	4.59	5.02	5.08	4.7	4	0
11/05/2015 22:25	3.54	4.04	4.43	4.45	4.11	4	0
11/05/2015 22:30	3.42	3.86	4.23	4.29	3.95	4	0
11/05/2015 22:35	3.72	4.32	4.73	4.77	4.39	4	0
11/05/2015 22:40	3.55	4.17	4.58	4.61	4.23	4	0
11/05/2015 22:45	3.62	4.14	4.53	4.57	4.21	4	0
11/05/2015 22:50	3.48	4.12	4.53	4.56	4.17	4	0
11/05/2015 22:55	3.24	3.69	4.05	4.1	3.77	4	0
11/05/2015 23:00	3.34	3.99	4.38	4.41	4.03	4	0
11/05/2015 23:05	3.47	4.1	4.5	4.53	4.15	4	0
11/05/2015 23:10	3.09	3.76	4.13	4.16	3.79	4	0
11/05/2015 23:15	3	3.53	3.86	3.91	3.57	4	0
11/05/2015 23:20	3.11	3.79	4.16	4.19	3.81	4	0
11/05/2015 23:25	2.81	3.28	3.59	3.62	3.33	4	0
11/05/2015 23:30	3.06	3.74	4.1	4.14	3.76	4	0
11/05/2015 23:35	2.9	3.42	3.75	3.78	3.46	4	0
11/05/2015 23:40	2.86	3.41	3.74	3.75	3.44	4	0
11/05/2015 23:45	2.7	3.43	3.76	3.8	3.42	4	0
11/05/2015 23:50	2.68	3.26	3.58	3.59	3.28	4	0
11/05/2015 23:55	2.65	3.31	3.63	3.65	3.31	4	0
11/06/2015 00:00	2.76	3.47	3.81	3.84	3.47	4	0
11/06/2015 00:05	2.56	3.16	3.47	3.47	3.17	4	0
11/06/2015 00:10	2.53	3.03	3.33	3.34	3.06	4	0
11/06/2015 00:15	2.54	3.28	3.6	3.63	3.26	4	0
11/06/2015 00:20	2.37	3.08	3.38	3.4	3.06	4	0
11/06/2015 00:25	2.36	2.95	3.24	3.25	2.95	4	0
11/06/2015 00:30	2.48	3.05	3.35	3.36	3.06	4	0
11/06/2015 00:35	2.46	3.1	3.4	3.44	3.1	4	0
11/06/2015 00:40	2.3	2.88	3.16	3.17	2.87	4	0
11/06/2015 00:45	2.35	2.9	3.18	3.19	2.9	4	0
11/06/2015 00:50	2.44	3.11	3.41	3.46	3.11	4	0
11/06/2015 00:55	2.3	2.82	3.1	3.1	2.83	4	0
11/06/2015 01:00	2.3	2.89	3.17	3.19	2.89	4	0
11/06/2015 01:05	2.15	2.73	2.99	2.99	2.72	4	0
11/06/2015 01:10	2.31	2.93	3.22	3.21	2.92	4	0
11/06/2015 01:15	2.34	2.9	3.18	3.19	2.9	4	0
11/06/2015 01:20	2.2	2.82	3.1	3.09	2.8	4	0
11/06/2015 01:25	1.94	2.57	2.73	2.76	2.5	4	0
11/06/2015 01:30	2.3	3.08	3.37	3.41	3.04	4	0
11/06/2015 01:35	2.3	3.07	3.37	3.41	3.04	4	0
11/06/2015 01:40	2.16	2.92	3.2	3.22	2.88	4	0
11/06/2015 01:45	2.54	3.01	3.24	3.25	3.01	4	0
11/06/2015 01:50	2.1	2.65	2.91	2.92	2.65	4	0
11/06/2015 01:55	2.39	3.15	3.45	3.49	3.12	4	0
11/06/2015 02:00	2.24	2.86	3.14	3.14	2.85	4	0
11/06/2015 02:05	2.31	2.79	3.07	3.09	2.82	4	0
11/06/2015 02:10	2.19	2.82	3.1	3.1	2.8	4	0
11/06/2015 02:15	2.4	2.97	3.25	3.27	2.97	4	0
11/06/2015 02:20	2.32	3.09	3.39	3.42	3.05	4	0
11/06/2015 02:25	2.36	2.85	3.13	3.15	2.87	4	0
11/06/2015 02:30	2.28	3.06	3.35	3.38	3.02	4	0
11/06/2015 02:35	2.4	2.95	3.24	3.25	2.96	4	0
11/06/2015 02:40	2.19	2.95	3.24	3.26	2.91	4	0
11/06/2015 02:45	2.23	2.83	3.11	3.11	2.82	4	0
11/06/2015 02:50	2.38	3.01	3.3	3.32	3	4	0
11/06/2015 02:55	2.2	2.93	3.2	3.27	2.9	4	0
11/06/2015 03:00	2.28	2.99	3.29	3.29	2.96	4	0
11/06/2015 03:05	2.64	3.22	3.53	3.56	3.24	4	0
11/06/2015 03:10	2.52	3.02	3.31	3.32	3.04	4	0
11/06/2015 03:15	2.43	2.91	3.2	3.22	2.94	4	0
11/06/2015 03:20	2.61	3.35	3.67	3.71	3.34	4	0
11/06/2015 03:25	2.51	3.25	3.57	3.6	3.23	4	0
11/06/2015 03:30	2.44	3.04	3.35	3.34	3.04	4	0
11/06/2015 03:35	2.41	2.95	3.24	3.25	2.96	4	0
11/06/2015 03:40	2.81	3.45	3.79	3.81	3.46	4	0
11/06/2015 03:45	2.76	3.47	3.8	3.84	3.47	4	0
11/06/2015 03:50	2.97	3.44	3.77	3.8	3.49	4	0
11/06/2015 03:55	3.31	3.82	4.18	4.24	3.89	4	0
11/06/2015 04:00	3.05	3.51	3.85	3.89	3.58	4	0
11/06/2015 04:05	3.06	3.58	3.93	3.98	3.64	4	0
11/06/2015 04:10	3.25	3.78	4.15	4.16	3.84	4	0
11/06/2015 04:15	3.36	3.88	4.26	4.28	3.95	4	0
11/06/2015 04:20	3.23	3.78	4.14	4.16	3.83	4	0
11/06/2015 04:25	4.2	4.74	5.18	5.24	4.84	4	0
11/06/2015 04:30	4.36	4.81	5.27	5.38	4.95	4	0
11/06/2015 04:35	4.41	4.83	5.29	5.39	4.98	4	0
11/06/2015 04:40	4.57	5	5.47	5.58	5.15	4	0
11/06/2015 04:45	4.63	5.13	5.63	5.65	5.26	4	0
11/06/2015 04:50	4.56	5.01	5.48	5.55	5.15	4	0
11/06/2015 04:55	4.88	5.35	5.87	5.89	5.5	4	0
11/06/2015 05:00	5.2	5.61	6.13	6.22	5.79	4	0
11/06/2015 05:05	5.42	5.76	6.29	6.36	5.96	4	0
11/06/2015 05:10	7.52	7.69	8.46	8.45	8.03	4	0
11/06/2015 05:15	7.67	8.01	8.75	9.01	8.36	4	0
11/06/2015 05:20	7.94	8.13	8.85	9.03	8.49	4	0
11/06/2015 05:25	9.42	9.36	10.29	10.27	9.84	4	0
11/06/2015 05:30	9.55	9.62	10.58	10.56	10.08	4	0
11/06/2015 05:35	10.38	10.27	11.3	11.28	10.81	4	0
11/06/2015 05:40	10.6	10.41	11.45	11.43	10.97	4	0
11/06/2015 05:45	10.74	10.53	11.59	11.57	11.11	4	0
11/06/2015 05:50	9.83	9.85	10.8	10.8	10.32	4	0
11/06/2015 05:55	11.31	11.57	12.77	12.95	12.15	4	0
11/06/2015 06:00	11.43	11.57	12.88	13.14	12.25	4	0
11/06/2015 06:05	15.43	15.42	17.26	17.65	16.44	4	0
11/06/2015 06:10	15.06	14.4	15.84	15.74	15.26	4	0
11/06/2015 06:15	16.8	16.08	17.73	17.84	17.11	4	0
11/06/2015 06:20	16.88	16.16	17.8	18.13	17.24	4	0
11/06/2015 06:25	9.43	9.76	10.79	10.87	10.21	4	0
11/06/2015 06:30	10.65	11.05	12.18	12.32	11.55	4	0
11/06/2015 06:35	14.33	14.71	16.37	16.37	15.45	4	0
11/06/2015 06:40	12.2	11.68	12.74	12.82	12.36	4	0
11/06/2015 06:45	7.4	7.79	8.51	8.67	8.09	4	0
11/06/2015 06:50	8.56	8.63	9.4	9.55	9.04	4	0
11/06/2015 06:55	6.41	6.79	7.42	7.63	7.06	4	0
11/06/2015 07:00	6.66	6.92	7.6	7.6	7.2	4	0
11/06/2015 07:05	6.31	6.7	7.32	7.36	6.92	4	0
11/06/2015 07:10	6.71	6.98	7.67	7.68	7.26	4	0
11/06/2015 07:15	6.64	6.96	7.58	7.72	7.23	4	0
11/06/2015 07:20	6.64	6.91	7.55	7.6	7.17	4	0
11/06/2015 07:25	6.82	7.17	7.84	8.05	7.47	4	0
11/06/2015 07:30	5.94	6.32	6.91	7.09	6.57	4	0
11/06/2015 07:35	7.14	7.39	8.05	8.2	7.69	4	0
11/06/2015 07:40	6.82	7.08	7.78	7.79	7.37	4	0
11/06/2015 07:45	6.41	6.72	7.33	7.4	6.97	4	0
11/06/2015 07:50	6.24	6.56	7.22	7.23	6.81	4	0
11/06/2015 07:55	6.47	6.8	7.41	7.55	7.06	4	0
11/06/2015 08:00	6.6	6.93	7.55	7.71	7.2	4	0
11/06/2015 08:05	7.26	7.62	8.32	8.41	7.9	4	0
11/06/2015 08:10	6.91	7.13	7.84	7.84	7.43	4	0
11/06/2015 08:15	6.57	6.86	7.48	7.61	7.13	4	0
11/06/2015 08:20	6.64	7.01	7.66	7.88	7.3	4	0
11/06/2015 08:25	6.56	6.84	7.52	7.53	7.11	4	0
11/06/2015 08:30	5.83	6.18	6.74	6.85	6.4	4	0
11/06/2015 08:35	5.79	6.2	6.75	6.9	6.41	4	0
11/06/2015 08:40	5.72	6.11	6.68	6.73	6.31	4	0
11/06/2015 08:45	5.83	6.22	6.78	6.88	6.43	4	0
11/06/2015 08:50	5.52	5.93	6.51	6.53	6.12	4	0
11/06/2015 08:55	5.69	6.09	6.69	6.71	6.29	4	0
11/06/2015 09:00	5.58	5.98	6.57	6.59	6.18	4	0
11/06/2015 09:05	5.73	6.12	6.73	6.75	6.33	4	0
11/06/2015 09:10	6.32	6.64	7.3	7.31	6.89	4	0
11/06/2015 09:15	6.43	6.72	7.39	7.39	6.98	4	0
11/06/2015 09:20	6.04	6.4	7.04	7.05	6.63	4	0
11/06/2015 09:25	6.54	6.85	7.53	7.58	7.13	4	0
11/06/2015 09:30	6.27	6.59	7.25	7.26	6.84	4	0
11/06/2015 09:35	6.96	7.2	7.92	7.93	7.5	4	0
11/06/2015 09:40	5.78	6.15	6.75	6.77	6.36	4	0
11/06/2015 09:45	7.08	7.32	8.06	8.07	7.63	4	0
11/06/2015 09:50	6.98	7.19	7.91	7.9	7.49	4	0
11/06/2015 09:55	6.71	6.97	7.67	7.67	7.25	4	0
11/06/2015 10:00	6.01	6.34	6.92	7.03	6.58	4	0
11/06/2015 10:05	6.5	6.77	7.45	7.45	7.04	4	0
11/06/2015 10:10	6.43	6.72	7.39	7.4	6.99	4	0
11/06/2015 10:15	6.43	6.74	7.41	7.42	7	4	0
11/06/2015 10:20	7.31	7.49	8.24	8.24	7.82	4	0
11/06/2015 10:25	7.81	7.92	8.71	8.7	8.28	4	0
11/06/2015 10:30	6.89	7.14	7.85	7.85	7.43	4	0
11/06/2015 10:35	6.61	6.91	7.55	7.61	7.17	4	0
11/06/2015 10:40	6.64	6.9	7.59	7.59	7.18	4	0
11/06/2015 10:45	6.98	7.2	7.91	7.91	7.5	4	0
11/06/2015 10:50	7.17	7.36	8.09	8.09	7.68	4	0
11/06/2015 10:55	7.65	7.77	8.54	8.53	8.12	4	0
11/06/2015 11:00	6.96	7.2	7.92	7.92	7.5	4	0
11/06/2015 11:05	7.03	7.25	7.97	7.97	7.56	4	0
11/06/2015 11:10	7.5	7.73	8.41	8.5	8.04	4	0
11/06/2015 11:15	7.54	7.69	8.45	8.45	8.03	4	0
11/06/2015 11:20	7.34	7.51	8.26	8.26	7.84	4	0
11/06/2015 11:25	7.31	7.48	8.22	8.21	7.8	4	0
11/06/2015 11:30	6.28	6.57	7.22	7.22	6.82	4	0
11/06/2015 11:35	7.19	7.38	8.12	8.11	7.7	4	0
11/06/2015 11:40	7.2	7.4	8.14	8.14	7.72	4	0
11/06/2015 11:45	6.56	6.83	7.5	7.51	7.1	4	0
11/06/2015 11:50	7.26	7.45	8.2	8.19	7.78	4	0
11/06/2015 11:55	6.28	6.63	7.28	7.28	6.87	4	0
11/06/2015 12:00	7.02	7.29	7.94	8.02	7.57	4	0
11/06/2015 12:05	6.67	6.92	7.61	7.61	7.2	4	0
11/06/2015 12:10	7.13	7.35	8.08	8.08	7.66	4	0
11/06/2015 12:15	6.97	7.2	7.92	7.92	7.5	4	0
11/06/2015 12:20	7.29	7.47	8.21	8.21	7.79	4	0
11/06/2015 12:25	7.17	7.38	8.11	8.12	7.69	4	0
11/06/2015 12:30	7.15	7.35	8.09	8.08	7.67	4	0
11/06/2015 12:35	7.22	7.4	8.14	8.13	7.72	4	0
11/06/2015 12:40	6.98	7.21	7.93	7.94	7.52	4	0
11/06/2015 12:45	6.85	7.08	7.78	7.78	7.37	4	0
11/06/2015 12:50	7.06	7.27	8	8	7.58	4	0
11/06/2015 12:55	7.2	7.39	8.12	8.12	7.71	4	0
11/06/2015 13:00	6.32	6.63	7.29	7.29	6.88	4	0
11/06/2015 13:05	6.21	6.53	7.18	7.19	6.78	4	0
11/06/2015 13:10	6.67	6.96	7.59	7.71	7.23	4	0
11/06/2015 13:15	7.23	7.43	8.17	8.16	7.75	4	0
11/06/2015 13:20	6.77	7.03	7.73	7.74	7.32	4	0
11/06/2015 13:25	6.84	7.08	7.78	7.78	7.37	4	0
11/06/2015 13:30	7.01	7.22	7.94	7.94	7.53	4	0
11/06/2015 13:35	6.65	6.99	7.63	7.69	7.24	4	0
11/06/2015 13:40	6.36	6.66	7.26	7.38	6.92	4	0
11/06/2015 13:45	6.29	6.63	7.29	7.39	6.9	4	0
11/06/2015 13:50	6.58	6.87	7.55	7.56	7.14	4	0
11/06/2015 13:55	6.19	6.51	7.15	7.16	6.75	4	0
11/06/2015 14:00	6.5	6.78	7.45	7.46	7.05	4	0
11/06/2015 14:05	7.17	7.39	8.12	8.13	7.7	4	0
11/06/2015 14:10	7.25	7.52	8.2	8.34	7.83	4	0
11/06/2015 14:15	6.87	7.1	7.81	7.81	7.4	4	0
11/06/2015 14:20	7.22	7.46	8.13	8.28	7.77	4	0
11/06/2015 14:25	6.91	7.14	7.85	7.84	7.43	4	0
11/06/2015 14:30	6.73	7.03	7.66	7.74	7.29	4	0
11/06/2015 14:35	6.81	7.18	7.84	7.9	7.44	4	0
11/06/2015 14:40	6.95	7.19	7.86	7.91	7.48	4	0
11/06/2015 14:45	6.71	6.97	7.66	7.66	7.25	4	0
11/06/2015 14:50	6.15	6.5	7.12	7.16	6.73	4	0
11/06/2015 14:55	6.6	6.88	7.57	7.58	7.16	4	0
11/06/2015 15:00	6.47	6.76	7.37	7.49	7.02	4	0
11/06/2015 15:05	6.58	6.85	7.53	7.54	7.13	4	0
11/06/2015 15:10	6.54	6.86	7.54	7.54	7.12	4	0
11/06/2015 15:15	6.38	6.67	7.34	7.34	6.93	4	0
11/06/2015 15:20	6.94	7.17	7.88	7.88	7.47	4	0
11/06/2015 15:25	6.8	7.1	7.75	7.82	7.37	4	0
11/06/2015 15:30	6.87	7.1	7.8	7.8	7.39	4	0
11/06/2015 15:35	7.34	7.53	8.28	8.28	7.86	4	0
11/06/2015 15:40	6.22	6.52	7.17	7.18	6.77	4	0
11/06/2015 15:45	7.42	7.6	8.35	8.35	7.93	4	0
11/06/2015 15:50	6.31	6.69	7.31	7.51	6.96	4	0
11/06/2015 15:55	6.59	6.86	7.54	7.55	7.13	4	0
11/06/2015 16:00	6.51	6.88	7.52	7.7	7.15	4	0
11/06/2015 16:05	6.75	7.01	7.71	7.71	7.29	4	0
11/06/2015 16:10	6.48	6.77	7.44	7.45	7.03	4	0
11/06/2015 16:15	6.6	6.88	7.54	7.57	7.15	4	0
11/06/2015 16:20	6.92	7.18	7.82	7.96	7.47	4	0
11/06/2015 16:25	5.92	6.27	6.9	6.91	6.5	4	0
11/06/2015 16:30	6.69	7.02	7.64	7.73	7.27	4	0
11/06/2015 16:35	6.51	6.82	7.44	7.58	7.09	4	0
11/06/2015 16:40	7	7.29	7.93	8.03	7.56	4	0
11/06/2015 16:45	6.58	6.84	7.46	7.57	7.11	4	0
11/06/2015 16:50	7.07	7.3	8.02	8.03	7.6	4	0
11/06/2015 16:55	6.41	6.78	7.41	7.55	7.04	4	0
11/06/2015 17:00	6.72	7	7.7	7.71	7.28	4	0
11/06/2015 17:05	7.5	7.69	8.42	8.44	8.01	4	0
11/06/2015 17:10	7.42	7.7	8.39	8.47	7.99	4	0
11/06/2015 17:15	7.13	7.48	8.18	8.41	7.8	4	0
11/06/2015 17:20	7.08	7.28	8	8	7.59	4	0
11/06/2015 17:25	6.85	7.21	7.89	7.92	7.47	4	0
11/06/2015 17:30	7.2	7.39	8.13	8.12	7.71	4	0
11/06/2015 17:35	7.31	7.51	8.25	8.21	7.82	4	0
11/06/2015 17:40	7.46	7.68	8.36	8.53	8.01	4	0
11/06/2015 17:45	6.99	7.26	7.9	8.06	7.55	4	0
11/06/2015 17:50	6.91	7.16	7.83	7.87	7.44	4	0
11/06/2015 17:55	6.83	7.07	7.78	7.78	7.36	4	0
11/06/2015 18:00	12.79	12.14	13.25	13.29	12.87	4	0
11/06/2015 18:05	14.54	13.65	14.89	14.92	14.5	4	0
11/06/2015 18:10	16.24	15.22	16.58	16.67	16.18	4	0
11/06/2015 18:15	15.47	14.38	15.77	15.72	15.34	4	0
11/06/2015 18:20	22.15	20.79	23.17	23.33	22.36	4	0
11/06/2015 18:25	22.44	20.96	22.79	23.09	22.32	4	0
11/06/2015 18:30	21.41	20.28	22.65	22.94	21.82	4	0
11/06/2015 18:35	16.67	15.66	17.06	17.18	16.64	4	0
11/06/2015 18:40	7.71	7.75	8.49	8.53	8.12	4	0
11/06/2015 18:45	5.67	6.05	6.65	6.66	6.26	4	0
11/06/2015 18:50	5.53	5.94	6.53	6.54	6.14	4	0
11/06/2015 18:55	5.53	5.91	6.5	6.51	6.11	4	0
11/06/2015 19:00	5.48	5.88	6.41	6.52	6.07	4	0
11/06/2015 19:05	5.5	5.89	6.47	6.48	6.09	4	0
11/06/2015 19:10	6.04	6.42	6.99	7.13	6.65	4	0
11/06/2015 19:15	6.29	6.61	7.24	7.27	6.85	4	0
11/06/2015 19:20	5.74	6.13	6.7	6.87	6.36	4	0
11/06/2015 19:25	6.38	6.68	7.34	7.35	6.94	4	0
11/06/2015 19:30	5.63	6.01	6.61	6.62	6.22	4	0
11/06/2015 19:35	5.19	5.63	6.19	6.21	5.81	4	0
11/06/2015 19:40	5.52	5.92	6.48	6.53	6.11	4	0
11/06/2015 19:45	5.45	5.83	6.37	6.47	6.03	4	0
11/06/2015 19:50	5.3	5.73	6.3	6.31	5.91	4	0
11/06/2015 19:55	5.18	5.58	6.09	6.19	5.76	4	0
11/06/2015 20:00	5.1	5.54	6.09	6.11	5.71	4	0
11/06/2015 20:05	5.05	5.5	6.04	6.06	5.66	4	0
11/06/2015 20:10	5.13	5.59	6.15	6.17	5.76	4	0
11/06/2015 20:15	4.49	4.92	5.38	5.49	5.07	4	0
11/06/2015 20:20	4.8	5.28	5.8	5.82	5.43	4	0
11/06/2015 20:25	5.29	5.67	6.2	6.28	5.86	4	0
11/06/2015 20:30	4.52	5.04	5.54	5.56	5.16	4	0
11/06/2015 20:35	4.69	5.12	5.6	5.67	5.27	4	0
11/06/2015 20:40	5.3	5.69	6.21	6.31	5.88	4	0
11/06/2015 20:45	4.95	5.4	5.93	5.94	5.56	4	0
11/06/2015 20:50	4.49	4.91	5.38	5.44	5.06	4	0
11/06/2015 20:55	4.81	5.24	5.73	5.8	5.4	4	0
11/06/2015 21:00	5.18	5.62	6.16	6.2	5.79	4	0
11/06/2015 21:05	4.55	4.96	5.43	5.48	5.1	4	0
11/06/2015 21:10	5.19	5.61	6.17	6.18	5.79	4	0
11/06/2015 21:15	4.8	5.23	5.71	5.85	5.4	4	0
11/06/2015 21:20	4.29	4.78	5.23	5.3	4.9	4	0
11/06/2015 21:25	4.53	5.03	5.53	5.55	5.16	4	0
11/06/2015 21:30	5.07	5.48	6	6.14	5.67	4	0
11/06/2015 21:35	4.61	5.04	5.51	5.57	5.18	4	0
11/06/2015 21:40	4.94	5.36	5.86	5.94	5.52	4	0
11/06/2015 21:45	4.64	5.11	5.58	5.67	5.25	4	0
11/06/2015 21:50	4.64	5.13	5.61	5.67	5.26	4	0
11/06/2015 21:55	4.87	5.34	5.86	5.88	5.49	4	0
11/06/2015 22:00	5.27	5.69	6.25	6.26	5.87	4	0
11/06/2015 22:05	5.1	5.51	6.02	6.16	5.7	4	0
11/06/2015 22:10	4.76	5.19	5.67	5.76	5.34	4	0
11/06/2015 22:15	4.22	4.76	5.23	5.25	4.86	4	0
11/06/2015 22:20	4.49	4.99	5.48	5.5	5.12	4	0
11/06/2015 22:25	4.58	4.99	5.47	5.55	5.15	4	0
11/06/2015 22:30	4.64	5.06	5.54	5.66	5.22	4	0
11/06/2015 22:35	4.29	4.72	5.17	5.27	4.86	4	0
11/06/2015 22:40	4.68	5.1	5.58	5.67	5.26	4	0
11/06/2015 22:45	4.23	4.66	5.1	5.21	4.8	4	0
11/06/2015 22:50	4	4.5	4.93	5.02	4.61	4	0
11/06/2015 22:55	4.09	4.65	5.1	5.14	4.74	4	0
11/06/2015 23:00	3.61	4.17	4.56	4.6	4.24	4	0
11/06/2015 23:05	3.55	4.18	4.59	4.62	4.23	4	0
11/06/2015 23:10	3.68	4.29	4.71	4.73	4.35	4	0
11/06/2015 23:15	3.71	4.32	4.74	4.77	4.39	4	0
11/06/2015 23:20	3.25	3.7	4.06	4.11	3.78	4	0
11/06/2015 23:25	3.34	3.78	4.15	4.19	3.87	4	0
11/06/2015 23:30	3.25	3.78	4.15	4.17	3.84	4	0
11/06/2015 23:35	3.47	3.91	4.28	4.33	4	4	0
11/06/2015 23:40	3.22	3.88	4.26	4.29	3.91	4	0
11/06/2015 23:45	3.22	3.67	4.02	4.07	3.74	4	0
11/06/2015 23:50	3.34	3.79	4.15	4.2	3.87	4	0
11/06/2015 23:55	2.96	3.55	3.9	3.91	3.58	4	0
11/07/2015 00:00	2.95	3.51	3.86	3.87	3.55	4	0
11/07/2015 00:05	3.22	3.76	4.12	4.14	3.81	4	0
11/07/2015 00:10	2.76	3.31	3.63	3.67	3.34	4	0
11/07/2015 00:15	2.93	3.59	3.94	3.97	3.61	4	0
11/07/2015 00:20	2.85	3.56	3.91	3.94	3.56	4	0
11/07/2015 00:25	2.85	3.51	3.85	3.9	3.53	4	0
11/07/2015 00:30	2.89	3.46	3.79	3.81	3.49	4	0
11/07/2015 00:35	2.76	3.24	3.56	3.58	3.29	4	0
11/07/2015 00:40	2.91	3.47	3.81	3.82	3.51	4	0
11/07/2015 00:45	2.72	3.3	3.62	3.65	3.32	4	0
11/07/2015 00:50	2.34	2.87	3.15	3.15	2.88	4	0
11/07/2015 00:55	2.5	3.09	3.39	3.39	3.09	4	0
11/07/2015 01:00	2.67	3.4	3.72	3.76	3.39	4	0
11/07/2015 01:05	2.63	3.1	3.4	3.41	3.13	4	0
11/07/2015 01:10	2.38	2.92	3.21	3.21	2.93	4	0
11/07/2015 01:15	2.29	2.97	3.26	3.27	2.95	4	0
11/07/2015 01:20	2.46	3.12	3.42	3.45	3.11	4	0
11/07/2015 01:25	2.3	2.79	3.07	3.07	2.81	4	0
11/07/2015 01:30	2.54	3.01	3.31	3.32	3.05	4	0
11/07/2015 01:35	2.35	2.94	3.24	3.23	2.94	4	0
11/07/2015 01:40	2.45	3.06	3.36	3.36	3.06	4	0
11/07/2015 01:45	2.47	3.07	3.37	3.39	3.08	4	0
11/07/2015 01:50	2.22	2.84	3.13	3.12	2.83	4	0
11/07/2015 01:55	2.49	3.04	3.34	3.38	3.06	4	0
11/07/2015 02:00	2.19	2.98	3.26	3.3	2.93	4	0
11/07/2015 02:05	2.25	2.81	3.09	3.11	2.81	4	0
11/07/2015 02:10	2.08	2.6	2.85	2.84	2.59	4	0
11/07/2015 02:15	2.43	3.03	3.33	3.34	3.03	4	0
11/07/2015 02:20	2.47	3.09	3.39	3.41	3.09	4	0
11/07/2015 02:25	2.4	2.85	3.13	3.15	2.88	4	0
11/07/2015 02:30	2.27	2.91	3.19	3.2	2.89	4	0
11/07/2015 02:35	2.38	2.95	3.24	3.25	2.96	4	0
11/07/2015 02:40	2.43	2.95	3.24	3.27	2.97	4	0
11/07/2015 02:45	2.38	2.96	3.25	3.27	2.96	4	0
11/07/2015 02:50	2.32	2.97	3.26	3.28	2.96	4	0
11/07/2015 02:55	2.48	3.02	3.32	3.33	3.04	4	0
11/07/2015 03:00	2.35	2.9	3.18	3.18	2.9	4	0
11/07/2015 03:05	2.22	3	3.29	3.33	2.96	4	0
11/07/2015 03:10	2.24	2.8	3.08	3.08	2.8	4	0
11/07/2015 03:15	2.55	3.13	3.43	3.45	3.14	4	0
11/07/2015 03:20	2.23	2.86	3.14	3.15	2.84	4	0
11/07/2015 03:25	2.26	2.89	3.17	3.17	2.87	4	0
11/07/2015 03:30	2.5	3.09	3.39	3.41	3.1	4	0
11/07/2015 03:35	2.5	2.99	3.28	3.29	3.02	4	0
11/07/2015 03:40	2.49	3.12	3.42	3.46	3.12	4	0
11/07/2015 03:45	2.41	3.11	3.41	3.42	3.09	4	0
11/07/2015 03:50	2.37	2.96	3.26	3.25	2.96	4	0
11/07/2015 03:55	2.54	3.23	3.55	3.56	3.22	4	0
11/07/2015 04:00	2.23	2.8	3	3.01	2.76	4	0
11/07/2015 04:05	2.54	3.28	3.6	3.64	3.27	4	0
11/07/2015 04:10	2.58	3.16	3.47	3.48	3.17	4	0
11/07/2015 04:15	2.53	3.01	3.3	3.32	3.04	4	0
11/07/2015 04:20	2.59	3.14	3.44	3.46	3.16	4	0
11/07/2015 04:25	2.77	3.32	3.65	3.64	3.34	4	0
11/07/2015 04:30	2.62	3.24	3.55	3.58	3.25	4	0
11/07/2015 04:35	2.93	3.57	3.91	3.96	3.59	4	0
11/07/2015 04:40	3.16	3.68	4.04	4.05	3.73	4	0
11/07/2015 04:45	3.07	3.71	4.06	4.1	3.73	4	0
11/07/2015 04:50	2.87	3.42	3.75	3.75	3.45	4	0
11/07/2015 04:55	3.02	3.54	3.89	3.9	3.59	4	0
11/07/2015 05:00	3	3.41	3.75	3.79	3.49	4	0
11/07/2015 05:05	3.17	3.69	4.04	4.09	3.75	4	0
11/07/2015 05:10	3.57	4.09	4.48	4.52	4.17	4	0
11/07/2015 05:15	3.87	4.45	4.89	4.91	4.53	4	0
11/07/2015 05:20	3.74	4.34	4.76	4.78	4.4	4	0
11/07/2015 05:25	4.08	4.61	5.05	5.1	4.71	4	0
11/07/2015 05:30	4.02	4.45	4.87	4.96	4.57	4	0
11/07/2015 05:35	4.27	4.74	5.19	5.29	4.87	4	0
11/07/2015 05:40	4.49	5.01	5.5	5.52	5.13	4	0
11/07/2015 05:45	4.7	5.19	5.71	5.72	5.33	4	0
11/07/2015 05:50	4.35	4.79	5.24	5.29	4.92	4	0
11/07/2015 05:55	4.61	5.07	5.54	5.62	5.21	4	0
11/07/2015 06:00	4.26	4.8	5.27	5.29	4.9	4	0
11/07/2015 06:05	4.8	5.28	5.8	5.82	5.42	4	0
11/07/2015 06:10	4.88	5.29	5.79	5.92	5.47	4	0
11/07/2015 06:15	4.58	4.99	5.47	5.57	5.15	4	0
11/07/2015 06:20	5.21	5.62	6.14	6.24	5.8	4	0
11/07/2015 06:25	6.05	6.4	7	7.05	6.63	4	0
11/07/2015 06:30	6.38	6.65	7.31	7.31	6.91	4	0
11/07/2015 06:35	6.7	7.01	7.71	7.71	7.28	4	0
11/07/2015 06:40	6.74	6.99	7.69	7.69	7.28	4	0
11/07/2015 06:45	6.93	7.29	7.98	8.01	7.55	4	0
11/07/2015 06:50	6.58	6.83	7.5	7.5	7.1	4	0
11/07/2015 06:55	6.57	6.84	7.52	7.53	7.12	4	0
11/07/2015 07:00	6.69	6.95	7.64	7.65	7.23	4	0
11/07/2015 07:05	7.09	7.28	8.01	8	7.6	4	0
11/07/2015 07:10	6.89	7.27	7.93	7.98	7.52	4	0
11/07/2015 07:15	6.73	6.98	7.67	7.67	7.26	4	0
11/07/2015 07:20	7.68	7.82	8.6	8.6	8.18	4	0
11/07/2015 07:25	6.98	7.33	8.01	8.23	7.64	4	0
11/07/2015 07:30	7.37	7.65	8.33	8.42	7.94	4	0
11/07/2015 07:35	11.58	11.67	12.92	12.93	12.28	4	0
11/07/2015 07:40	10.29	10.46	11.63	11.84	11.06	4	0
11/07/2015 07:45	8.13	8.33	9.16	9.14	8.69	4	0
11/07/2015 07:50	7.72	7.83	8.61	8.6	8.19	4	0
11/07/2015 07:55	7.02	7.21	7.93	7.92	7.52	4	0
11/07/2015 08:00	6.85	7.07	7.77	7.77	7.37	4	0
11/07/2015 08:05	6.86	7.22	7.9	8.12	7.53	4	0
11/07/2015 08:10	7.41	7.57	8.33	8.32	7.91	4	0
11/07/2015 08:15	6.71	7.08	7.74	7.79	7.33	4	0
11/07/2015 08:20	7.2	7.38	8.11	8.1	7.7	4	0
11/07/2015 08:25	7.39	7.58	8.34	8.33	7.91	4	0
11/07/2015 08:30	7.83	8	8.72	8.88	8.36	4	0
11/07/2015 08:35	7.85	7.96	8.75	8.73	8.32	4	0
11/07/2015 08:40	7.66	8.01	8.74	8.8	8.3	4	0
11/07/2015 08:45	7.42	7.63	8.38	8.37	7.95	4	0
11/07/2015 08:50	7.81	7.95	8.75	8.74	8.31	4	0
11/07/2015 08:55	8.08	8.19	9.01	9	8.57	4	0
11/07/2015 09:00	7.66	7.81	8.58	8.58	8.16	4	0
11/07/2015 09:05	6.84	7.11	7.82	7.82	7.4	4	0
11/07/2015 09:10	7.23	7.42	8.16	8.16	7.74	4	0
11/07/2015 09:15	6.87	7.11	7.82	7.81	7.4	4	0
11/07/2015 09:20	7.12	7.37	8.03	8.11	7.66	4	0
11/07/2015 09:25	7.78	8.12	8.87	9	8.44	4	0
11/07/2015 09:30	7.58	7.92	8.63	8.73	8.21	4	0
11/07/2015 09:35	7.34	7.51	8.26	8.26	7.84	4	0
11/07/2015 09:40	7.83	8	8.75	8.8	8.34	4	0
11/07/2015 09:45	8.18	8.26	9.08	9.07	8.65	4	0
11/07/2015 09:50	7.93	8.11	8.92	8.9	8.47	4	0
11/07/2015 09:55	7.02	7.22	7.94	7.94	7.53	4	0
11/07/2015 10:00	7.32	7.51	8.26	8.26	7.84	4	0
11/07/2015 10:05	6.57	6.84	7.52	7.52	7.11	4	0
11/07/2015 10:10	7.01	7.22	7.94	7.93	7.53	4	0
11/07/2015 10:15	7.01	7.37	8.05	8.28	7.68	4	0
11/07/2015 10:20	7.03	7.25	7.98	7.98	7.56	4	0
11/07/2015 10:25	7.27	7.51	8.18	8.32	7.82	4	0
11/07/2015 10:30	7.08	7.33	7.99	8.14	7.63	4	0
11/07/2015 10:35	6.85	7.21	7.88	8	7.48	4	0
11/07/2015 10:40	7.23	7.43	8.17	8.17	7.75	4	0
11/07/2015 10:45	7.63	7.78	8.55	8.55	8.13	4	0
11/07/2015 10:50	7.37	7.54	8.29	8.29	7.87	4	0
11/07/2015 10:55	6.62	6.88	7.56	7.56	7.16	4	0
11/07/2015 11:00	5.37	5.75	6.26	6.34	5.93	4	0
11/07/2015 11:05	7.08	7.38	8.03	8.21	7.67	4	0
11/07/2015 11:10	7.8	7.96	8.74	8.75	8.31	4	0
11/07/2015 11:15	7.33	7.51	8.25	8.25	7.83	4	0
11/07/2015 11:20	7.32	7.56	8.23	8.33	7.86	4	0
11/07/2015 11:25	7.06	7.42	8.11	8.26	7.71	4	0
11/07/2015 11:30	7.05	7.42	8.1	8.16	7.68	4	0
11/07/2015 11:35	6.98	7.2	7.92	7.92	7.5	4	0
11/07/2015 11:40	7.18	7.54	8.23	8.33	7.82	4	0
11/07/2015 11:45	6.75	7.02	7.65	7.79	7.3	4	0
11/07/2015 11:50	6.67	6.94	7.64	7.64	7.22	4	0
11/07/2015 11:55	6.96	7.2	7.91	7.92	7.5	4	0
11/07/2015 12:00	7.43	7.58	8.34	8.33	7.92	4	0
11/07/2015 12:05	6.63	6.92	7.54	7.68	7.19	4	0
11/07/2015 12:10	6.75	7	7.7	7.7	7.29	4	0
11/07/2015 12:15	6.54	6.82	7.5	7.51	7.09	4	0
11/07/2015 12:20	7.23	7.46	8.15	8.21	7.76	4	0
11/07/2015 12:25	6.28	6.58	7.23	7.24	6.83	4	0
11/07/2015 12:30	7.27	7.54	8.22	8.29	7.83	4	0
11/07/2015 12:35	7.14	7.37	8.1	8.1	7.68	4	0
11/07/2015 12:40	7.13	7.34	8.07	8.07	7.65	4	0
11/07/2015 12:45	6.93	7.3	7.97	8.09	7.57	4	0
11/07/2015 12:50	7.07	7.28	8.01	8.01	7.59	4	0
11/07/2015 12:55	6.87	7.11	7.82	7.82	7.4	4	0
11/07/2015 13:00	6.46	6.81	7.48	7.49	7.06	4	0
11/07/2015 13:05	6.22	6.53	7.18	7.18	6.78	4	0
11/07/2015 13:10	6.64	6.93	7.56	7.66	7.2	4	0
11/07/2015 13:15	7.16	7.35	8.08	8.07	7.67	4	0
11/07/2015 13:20	6.81	7.05	7.75	7.75	7.34	4	0
11/07/2015 13:25	7.12	7.45	8.16	8.19	7.73	4	0
11/07/2015 13:30	6.54	6.91	7.53	7.6	7.15	4	0
11/07/2015 13:35	7.24	7.44	8.18	8.17	7.76	4	0
11/07/2015 13:40	7	7.23	7.95	7.95	7.53	4	0
11/07/2015 13:45	7.09	7.3	8.03	8.03	7.61	4	0
11/07/2015 13:50	6.62	6.89	7.57	7.57	7.16	4	0
11/07/2015 13:55	6.96	7.22	7.87	8.01	7.52	4	0
11/07/2015 14:00	6.33	6.64	7.24	7.33	6.88	4	0
11/07/2015 14:05	6.44	6.75	7.37	7.42	6.99	4	0
11/07/2015 14:10	6.74	7.11	7.77	7.82	7.36	4	0
11/07/2015 14:15	7.07	7.28	8.01	8.01	7.59	4	0
11/07/2015 14:20	6.93	7.18	7.82	7.96	7.47	4	0
11/07/2015 14:25	6.92	7.22	7.87	7.95	7.49	4	0
11/07/2015 14:30	6.85	7.08	7.78	7.78	7.37	4	0
11/07/2015 14:35	6.62	6.89	7.52	7.64	7.17	4	0
11/07/2015 14:40	6.42	6.72	7.39	7.4	6.98	4	0
11/07/2015 14:45	6.81	7.06	7.77	7.77	7.35	4	0
11/07/2015 14:50	6.76	7.05	7.69	7.75	7.31	4	0
11/07/2015 14:55	5.6	6	6.56	6.72	6.22	4	0
11/07/2015 15:00	6.36	6.73	7.36	7.56	7	4	0
11/07/2015 15:05	6.75	7.01	7.7	7.71	7.29	4	0
11/07/2015 15:10	6.83	7.19	7.86	8.07	7.49	4	0
11/07/2015 15:15	6.41	6.7	7.36	7.36	6.96	4	0
11/07/2015 15:20	6.98	7.22	7.92	7.95	7.52	4	0
11/07/2015 15:25	6.43	6.8	7.43	7.61	7.07	4	0
11/07/2015 15:30	6.82	7.06	7.76	7.75	7.35	4	0
11/07/2015 15:35	6.72	6.97	7.67	7.67	7.26	4	0
11/07/2015 15:40	6.03	6.35	6.93	7.03	6.58	4	0
11/07/2015 15:45	6.49	6.76	7.37	7.48	7.03	4	0
11/07/2015 15:50	6.39	6.68	7.28	7.4	6.94	4	0
11/07/2015 15:55	6.4	6.77	7.41	7.44	7.01	4	0
11/07/2015 16:00	6.37	6.68	7.28	7.38	6.93	4	0
11/07/2015 16:05	6.21	6.6	7.21	7.25	6.82	4	0
11/07/2015 16:10	6.2	6.51	7.16	7.17	6.76	4	0
11/07/2015 16:15	6.41	6.69	7.36	7.36	6.95	4	0
11/07/2015 16:20	6.39	6.71	7.31	7.45	6.96	4	0
11/07/2015 16:25	6.58	6.85	7.49	7.53	7.11	4	0
11/07/2015 16:30	6.49	6.79	7.4	7.53	7.05	4	0
11/07/2015 16:35	6.75	6.99	7.68	7.68	7.28	4	0
11/07/2015 16:40	5.95	6.29	6.86	6.98	6.52	4	0
11/07/2015 16:45	6.61	6.89	7.58	7.58	7.17	4	0
11/07/2015 16:50	6.48	6.76	7.37	7.49	7.02	4	0
11/07/2015 16:55	5.33	5.73	6.27	6.42	5.94	4	0
11/07/2015 17:00	6.04	6.43	7	7.1	6.64	4	0
11/07/2015 17:05	6.47	6.79	7.46	7.46	7.04	4	0
11/07/2015 17:10	6.94	7.21	7.88	7.93	7.49	4	0
11/07/2015 17:15	6.37	6.68	7.28	7.37	6.92	4	0
11/07/2015 17:20	6.29	6.61	7.21	7.34	6.86	4	0
11/07/2015 17:25	6.68	6.95	7.61	7.64	7.22	4	0
11/07/2015 17:30	6.59	6.87	7.56	7.57	7.15	4	0
11/07/2015 17:35	6.29	6.61	7.2	7.32	6.86	4	0
11/07/2015 17:40	6.44	6.71	7.38	7.38	6.98	4	0
11/07/2015 17:45	6.68	6.96	7.66	7.66	7.24	4	0
11/07/2015 17:50	6.68	6.95	7.64	7.65	7.23	4	0
11/07/2015 17:55	6.32	6.67	7.26	7.41	6.92	4	0
11/07/2015 18:00	5.84	6.22	6.84	6.86	6.44	4	0
11/07/2015 18:05	6.43	6.81	7.44	7.5	7.04	4	0
11/07/2015 18:10	6.62	6.87	7.55	7.55	7.15	4	0
11/07/2015 18:15	6.52	6.84	7.46	7.61	7.11	4	0
11/07/2015 18:20	6.27	6.63	7.26	7.44	6.9	4	0
11/07/2015 18:25	6.02	6.36	6.99	7	6.59	4	0
11/07/2015 18:30	6.41	6.7	7.37	7.37	6.96	4	0
11/07/2015 18:35	6.25	6.56	7.21	7.22	6.81	4	0
11/07/2015 18:40	6.75	7.01	7.71	7.71	7.29	4	0
11/07/2015 18:45	5.98	6.36	6.95	7.13	6.6	4	0
11/07/2015 18:50	5.76	6.15	6.7	6.83	6.36	4	0
11/07/2015 18:55	5.68	6.07	6.64	6.7	6.27	4	0
11/07/2015 19:00	5.51	5.9	6.49	6.5	6.1	4	0
11/07/2015 19:05	5.85	6.24	6.82	6.99	6.48	4	0
11/07/2015 19:10	6.16	6.47	7.11	7.12	6.72	4	0
11/07/2015 19:15	5.52	5.92	6.51	6.52	6.12	4	0
11/07/2015 19:20	5.75	6.11	6.72	6.73	6.33	4	0
11/07/2015 19:25	5.75	6.1	6.7	6.7	6.31	4	0
11/07/2015 19:30	5.35	5.73	6.26	6.35	5.92	4	0
11/07/2015 19:35	5.7	6.07	6.66	6.68	6.28	4	0
11/07/2015 19:40	5.31	5.73	6.3	6.31	5.91	4	0
11/07/2015 19:45	5.3	5.68	6.2	6.28	5.87	4	0
11/07/2015 19:50	4.92	5.38	5.91	5.93	5.54	4	0
11/07/2015 19:55	4.97	5.44	5.98	5.99	5.59	4	0
11/07/2015 20:00	4.75	5.23	5.75	5.76	5.37	4	0
11/07/2015 20:05	5.37	5.77	6.34	6.35	5.96	4	0
11/07/2015 20:10	4.87	5.3	5.8	5.87	5.46	4	0
11/07/2015 20:15	5.35	5.76	6.33	6.34	5.94	4	0
11/07/2015 20:20	5.08	5.49	6	6.11	5.67	4	0
11/07/2015 20:25	5.07	5.48	5.99	6.07	5.65	4	0
11/07/2015 20:30	4.81	5.23	5.72	5.85	5.4	4	0
11/07/2015 20:35	4.75	5.23	5.75	5.77	5.38	4	0
11/07/2015 20:40	5.18	5.59	6.11	6.2	5.77	4	0
11/07/2015 20:45	5.18	5.58	6.1	6.2	5.77	4	0
11/07/2015 20:50	4.87	5.35	5.88	5.9	5.5	4	0
11/07/2015 20:55	5.27	5.67	6.2	6.29	5.86	4	0
11/07/2015 21:00	4.69	5.16	5.65	5.71	5.3	4	0
11/07/2015 21:05	4.94	5.38	5.88	5.95	5.54	4	0
11/07/2015 21:10	5.06	5.45	5.95	6.03	5.62	4	0
11/07/2015 21:15	4.91	5.38	5.91	5.93	5.53	4	0
11/07/2015 21:20	4.58	5.01	5.48	5.54	5.16	4	0
11/07/2015 21:25	4.79	5.21	5.7	5.82	5.38	4	0
11/07/2015 21:30	5.18	5.6	6.16	6.17	5.78	4	0
11/07/2015 21:35	5.15	5.59	6.14	6.16	5.76	4	0
11/07/2015 21:40	4.76	5.25	5.76	5.78	5.39	4	0
11/07/2015 21:45	4.63	5.06	5.53	5.6	5.21	4	0
11/07/2015 21:50	5.18	5.6	6.15	6.16	5.77	4	0
11/07/2015 21:55	4.72	5.15	5.62	5.69	5.29	4	0
11/07/2015 22:00	4.39	4.84	5.29	5.35	4.97	4	0
11/07/2015 22:05	4.56	4.98	5.45	5.5	5.13	4	0
11/07/2015 22:10	4.75	5.17	5.65	5.78	5.34	4	0
11/07/2015 22:15	4.48	4.9	5.36	5.48	5.05	4	0
11/07/2015 22:20	4.35	4.8	5.25	5.31	4.93	4	0
11/07/2015 22:25	4.13	4.56	4.99	5.08	4.69	4	0
11/07/2015 22:30	4.29	4.76	5.2	5.27	4.88	4	0
11/07/2015 22:35	4.76	5.25	5.76	5.78	5.39	4	0
11/07/2015 22:40	4.59	5.02	5.49	5.56	5.17	4	0
11/07/2015 22:45	4.28	4.72	5.17	5.28	4.86	4	0
11/07/2015 22:50	3.61	4.23	4.65	4.67	4.29	4	0
11/07/2015 22:55	3.93	4.5	4.94	4.97	4.59	4	0
11/07/2015 23:00	3.87	4.3	4.71	4.78	4.41	4	0
11/07/2015 23:05	3.31	3.76	4.12	4.16	3.84	4	0
11/07/2015 23:10	3.59	3.91	4.29	4.36	4.04	4	0
11/07/2015 23:15	3.82	4.26	4.67	4.74	4.37	4	0
11/07/2015 23:20	3.85	4.45	4.89	4.92	4.53	4	0
11/07/2015 23:25	3.56	4	4.39	4.45	4.1	4	0
11/07/2015 23:30	3.6	4.22	4.64	4.66	4.28	4	0
11/07/2015 23:35	3.4	4.05	4.44	4.47	4.09	4	0
11/07/2015 23:40	3.34	3.88	4.25	4.28	3.94	4	0
11/07/2015 23:45	3.56	4.19	4.6	4.63	4.25	4	0
11/07/2015 23:50	3.73	4.21	4.61	4.67	4.31	4	0
11/07/2015 23:55	3.46	3.91	4.29	4.34	4	4	0
11/08/2015 00:00	3.16	3.69	4.04	4.09	3.75	4	0
11/08/2015 00:05	3.36	3.81	4.17	4.23	3.89	4	0
11/08/2015 00:10	3.13	3.59	3.94	3.98	3.66	4	0
11/08/2015 00:15	3.08	3.63	3.98	4.03	3.68	4	0
11/08/2015 00:20	3.51	4.03	4.41	4.48	4.11	4	0
11/08/2015 00:25	2.93	3.54	3.89	3.91	3.57	4	0
11/08/2015 00:30	3.21	3.67	4.02	4.07	3.74	4	0
11/08/2015 00:35	2.94	3.52	3.86	3.9	3.56	4	0
11/08/2015 00:40	2.88	3.34	3.67	3.69	3.4	4	0
11/08/2015 00:45	2.82	3.41	3.75	3.76	3.44	4	0
11/08/2015 00:50	2.68	3.09	3.39	3.44	3.15	4	0
11/08/2015 00:55	3.04	3.56	3.9	3.94	3.61	4	0
11/08/2015 01:00	2.66	3.23	3.54	3.56	3.25	4	0
11/08/2015 01:05	2.59	3.19	3.51	3.52	3.2	4	0
11/08/2015 01:10	2.55	3.08	3.38	3.39	3.1	4	0
11/08/2015 01:15	2.66	3.26	3.57	3.59	3.27	4	0
11/08/2015 01:20	2.38	3.06	3.36	3.38	3.04	4	0
11/08/2015 01:25	2.39	2.99	3.29	3.28	2.99	4	0
11/08/2015 01:30	2.65	3.15	3.46	3.49	3.18	4	0
11/08/2015 01:35	2.36	2.95	3.24	3.22	2.94	4	0
11/08/2015 01:40	2.42	2.95	3.24	3.24	2.96	4	0
11/08/2015 01:45	2.65	3.11	3.42	3.43	3.15	4	0
11/08/2015 01:50	2.42	2.89	3.18	3.18	2.92	4	0
11/08/2015 01:55	2.26	3.04	3.33	3.37	3	4	0
11/08/2015 02:00	2.32	2.8	3.08	3.1	2.82	4	0
11/08/2015 02:05	2.52	3.05	3.35	3.36	3.07	4	0
11/08/2015 02:10	2.33	2.88	3.16	3.17	2.89	4	0
11/08/2015 02:15	2.37	3.01	3.31	3.32	3.01	4	0
11/08/2015 02:20	2.35	3.07	3.37	3.38	3.04	4	0
11/08/2015 02:25	2.17	2.78	3.05	3.05	2.76	4	0
11/08/2015 02:30	2.43	3.08	3.38	3.4	3.08	4	0
11/08/2015 02:35	2.27	2.76	3.03	3.03	2.77	4	0
11/08/2015 02:40	2.25	2.92	3.21	3.21	2.9	4	0
11/08/2015 02:45	2.2	2.92	3.2	3.22	2.89	4	0
11/08/2015 02:50	2.24	2.85	3.14	3.13	2.84	4	0
11/08/2015 02:55	2.07	2.72	2.99	2.99	2.69	4	0
11/08/2015 03:00	2.28	3.03	3.32	3.35	2.99	4	0
11/08/2015 03:05	2.22	2.8	3.07	3.07	2.79	4	0
11/08/2015 03:10	2.11	2.54	2.8	2.81	2.57	4	0
11/08/2015 03:15	2.12	2.72	2.89	2.92	2.66	4	0
11/08/2015 03:20	2.22	2.93	3.21	3.22	2.9	4	0
11/08/2015 03:25	2.43	3.08	3.38	3.4	3.07	4	0
11/08/2015 03:30	2.24	2.77	3.05	3.07	2.78	4	0
11/08/2015 03:35	2.21	2.8	3.07	3.08	2.79	4	0
11/08/2015 03:40	2.34	2.81	3.09	3.09	2.83	4	0
11/08/2015 03:45	2.24	2.85	3.14	3.13	2.84	4	0
11/08/2015 03:50	2.55	3.15	3.45	3.47	3.16	4	0
11/08/2015 03:55	2.22	2.96	3.25	3.26	2.92	4	0
11/08/2015 04:00	2.11	2.71	2.99	2.97	2.7	4	0
11/08/2015 04:05	2.25	2.8	3.07	3.07	2.8	4	0
11/08/2015 04:10	2.04	2.58	2.83	2.82	2.57	4	0
11/08/2015 04:15	2.19	2.79	3.08	3.05	2.78	4	0
11/08/2015 04:20	2.09	2.43	2.63	2.64	2.45	4	0
11/08/2015 04:25	2.32	2.67	2.94	2.95	2.72	4	0
11/08/2015 04:30	2.38	2.96	3.26	3.23	2.96	4	0
11/08/2015 04:35	2.55	3.13	3.43	3.45	3.14	4	0
11/08/2015 04:40	2.39	2.91	3.2	3.2	2.93	4	0
11/08/2015 04:45	2.55	3.08	3.39	3.4	3.1	4	0
11/08/2015 04:50	2.56	3.12	3.43	3.43	3.14	4	0
11/08/2015 04:55	2.54	3.13	3.44	3.44	3.14	4	0
11/08/2015 05:00	2.31	2.61	2.87	2.89	2.67	4	0
11/08/2015 05:05	2.51	3	3.26	3.26	3.01	4	0
11/08/2015 05:10	3	3.49	3.83	3.86	3.55	4	0
11/08/2015 05:15	2.97	3.53	3.87	3.88	3.56	4	0
11/08/2015 05:20	3.06	3.52	3.86	3.89	3.58	4	0
11/08/2015 05:25	3.24	3.82	4.19	4.24	3.87	4	0
11/08/2015 05:30	3.14	3.59	3.94	3.98	3.66	4	0
11/08/2015 05:35	3.23	3.68	4.04	4.08	3.76	4	0
11/08/2015 05:40	3.27	3.8	4.17	4.18	3.86	4	0
11/08/2015 05:45	3.38	3.91	4.29	4.31	3.97	4	0
11/08/2015 05:50	3.1	3.57	3.91	3.95	3.63	4	0
11/08/2015 05:55	3.25	3.84	4.21	4.26	3.89	4	0
11/08/2015 06:00	3.16	3.65	4	4.05	3.71	4	0
11/08/2015 06:05	3.34	3.79	4.16	4.21	3.88	4	0
11/08/2015 06:10	3.32	3.97	4.36	4.39	4.01	4	0
11/08/2015 06:15	3.77	4.21	4.61	4.68	4.31	4	0
11/08/2015 06:20	3.74	4.18	4.58	4.65	4.29	4	0
11/08/2015 06:25	3.75	4.19	4.59	4.66	4.3	4	0
11/08/2015 06:30	3.97	4.42	4.83	4.92	4.54	4	0
11/08/2015 06:35	3.88	4.37	4.79	4.86	4.48	4	0
11/08/2015 06:40	4.76	5.2	5.68	5.76	5.35	4	0
11/08/2015 06:45	3.8	4.26	4.63	4.69	4.35	4	0
11/08/2015 06:50	3.94	4.37	4.79	4.87	4.49	4	0
11/08/2015 06:55	3.73	4.23	4.63	4.71	4.32	4	0
11/08/2015 07:00	4.33	4.8	5.25	5.31	4.92	4	0
11/08/2015 07:05	4.53	4.96	5.43	5.55	5.12	4	0
11/08/2015 07:10	3.69	4.14	4.53	4.61	4.24	4	0
11/08/2015 07:15	3.79	4.38	4.81	4.83	4.45	4	0
11/08/2015 07:20	4.63	5.1	5.58	5.65	5.24	4	0
11/08/2015 07:25	4.2	4.64	5.08	5.18	4.77	4	0
11/08/2015 07:30	4.05	4.48	4.91	4.99	4.61	4	0
11/08/2015 07:35	5.23	5.65	6.21	6.23	5.83	4	0
11/08/2015 07:40	4.83	5.29	5.79	5.83	5.43	4	0
11/08/2015 07:45	4.83	5.26	5.74	5.82	5.41	4	0
11/08/2015 07:50	4.68	5.09	5.57	5.63	5.24	4	0
11/08/2015 07:55	4.76	5.18	5.66	5.73	5.33	4	0
11/08/2015 08:00	4.1	4.62	5.06	5.11	4.72	4	0
11/08/2015 08:05	5.05	5.44	5.94	6.01	5.61	4	0
11/08/2015 08:10	5.45	5.85	6.4	6.53	6.06	4	0
11/08/2015 08:15	4.95	5.35	5.86	5.99	5.54	4	0
11/08/2015 08:20	4.66	5.08	5.55	5.61	5.22	4	0
11/08/2015 08:25	4.97	5.39	5.89	6.03	5.57	4	0
11/08/2015 08:30	5.44	5.79	6.33	6.4	5.99	4	0
11/08/2015 08:35	5.64	6.01	6.55	6.64	6.21	4	0
11/08/2015 08:40	5.5	5.84	6.38	6.45	6.04	4	0
11/08/2015 08:45	5.74	6.13	6.71	6.87	6.36	4	0
11/08/2015 08:50	5.83	6.19	6.8	6.81	6.41	4	0
11/08/2015 08:55	5.51	5.83	6.37	6.44	6.04	4	0
11/08/2015 09:00	5.51	5.87	6.41	6.5	6.07	4	0
11/08/2015 09:05	5.45	5.85	6.43	6.45	6.05	4	0
11/08/2015 09:10	5.4	5.77	6.37	6.38	5.98	4	0
11/08/2015 09:15	5.92	6.27	6.85	6.95	6.5	4	0
11/08/2015 09:20	5.32	5.71	6.23	6.32	5.89	4	0
11/08/2015 09:25	5.71	6.1	6.67	6.85	6.33	4	0
11/08/2015 09:30	6.32	6.62	7.28	7.28	6.87	4	0
11/08/2015 09:35	6.3	6.61	7.2	7.32	6.86	4	0
11/08/2015 09:40	5.8	6.17	6.78	6.8	6.39	4	0
11/08/2015 09:45	5.94	6.29	6.86	6.97	6.52	4	0
11/08/2015 09:50	6.17	6.55	7.16	7.33	6.8	4	0
11/08/2015 09:55	5.79	6.14	6.7	6.81	6.36	4	0
11/08/2015 10:00	6.12	6.44	7.08	7.08	6.68	4	0
11/08/2015 10:05	6.03	6.32	6.9	6.99	6.56	4	0
11/08/2015 10:10	5.76	6.09	6.64	6.73	6.31	4	0
11/08/2015 10:15	6.34	6.63	7.29	7.29	6.89	4	0
11/08/2015 10:20	6.22	6.57	7.17	7.28	6.81	4	0
11/08/2015 10:25	6.37	6.68	7.28	7.39	6.93	4	0
11/08/2015 10:30	6.41	6.71	7.32	7.44	6.97	4	0
11/08/2015 10:35	6.38	6.75	7.38	7.56	7.02	4	0
11/08/2015 10:40	6.4	6.69	7.3	7.42	6.95	4	0
11/08/2015 10:45	6.88	7.12	7.82	7.82	7.41	4	0
11/08/2015 10:50	6.61	6.89	7.51	7.65	7.17	4	0
11/08/2015 10:55	6.14	6.46	7.1	7.1	6.7	4	0
11/08/2015 11:00	6.2	6.53	7.18	7.18	6.77	4	0
11/08/2015 11:05	6.1	6.41	6.99	7.09	6.65	4	0
11/08/2015 11:10	6.05	6.44	7.04	7.08	6.65	4	0
11/08/2015 11:15	6.36	6.67	7.27	7.4	6.93	4	0
11/08/2015 11:20	6.27	6.56	7.16	7.27	6.81	4	0
11/08/2015 11:25	6.47	6.84	7.47	7.53	7.08	4	0
11/08/2015 11:30	6.51	6.84	7.45	7.54	7.09	4	0
11/08/2015 11:35	6.7	6.95	7.63	7.63	7.23	4	0
11/08/2015 11:40	5.91	6.26	6.88	6.89	6.49	4	0
11/08/2015 11:45	6.58	6.93	7.6	7.62	7.18	4	0
11/08/2015 11:50	6.12	6.5	7.1	7.29	6.75	4	0
11/08/2015 11:55	6.62	6.89	7.58	7.59	7.17	4	0
11/08/2015 12:00	6.16	6.53	7.15	7.33	6.79	4	0
11/08/2015 12:05	6.11	6.43	7.07	7.07	6.67	4	0
11/08/2015 12:10	6.15	6.52	7.12	7.22	6.75	4	0
11/08/2015 12:15	6.33	6.64	7.24	7.36	6.89	4	0
11/08/2015 12:20	5.91	6.3	6.87	6.98	6.51	4	0
11/08/2015 12:25	6.64	6.89	7.57	7.57	7.17	4	0
11/08/2015 12:30	6.59	6.97	7.61	7.83	7.25	4	0
11/08/2015 12:35	6.82	7.08	7.72	7.85	7.37	4	0
11/08/2015 12:40	6.58	6.87	7.49	7.63	7.14	4	0
11/08/2015 12:45	6.93	7.16	7.88	7.88	7.46	4	0
11/08/2015 12:50	6.34	6.64	7.3	7.3	6.89	4	0
11/08/2015 12:55	6.33	6.65	7.25	7.38	6.9	4	0
11/08/2015 13:00	6.55	6.82	7.5	7.51	7.1	4	0
11/08/2015 13:05	5.98	6.37	6.96	7.02	6.58	4	0
11/08/2015 13:10	6.37	6.71	7.32	7.44	6.96	4	0
11/08/2015 13:15	6.96	7.18	7.89	7.89	7.48	4	0
11/08/2015 13:20	6.51	6.79	7.4	7.52	7.06	4	0
11/08/2015 13:25	6.71	6.95	7.58	7.7	7.24	4	0
11/08/2015 13:30	6.03	6.42	7.01	7.2	6.67	4	0
11/08/2015 13:35	4.15	4.65	5.08	5.18	4.76	4	0
11/08/2015 13:40	7.08	7.36	8.01	8.11	7.64	4	0
11/08/2015 13:45	6.8	7.03	7.73	7.73	7.32	4	0
11/08/2015 13:50	5.68	6.06	6.62	6.71	6.27	4	0
11/08/2015 13:55	6.5	6.78	7.45	7.45	7.04	4	0
11/08/2015 14:00	5.92	6.28	6.9	6.91	6.5	4	0
11/08/2015 14:05	6.44	6.81	7.44	7.64	7.08	4	0
11/08/2015 14:10	5.97	6.36	6.95	7.04	6.58	4	0
11/08/2015 14:15	6.28	6.57	7.17	7.28	6.83	4	0
11/08/2015 14:20	6.64	6.97	7.59	7.71	7.23	4	0
11/08/2015 14:25	5.94	6.32	6.9	7	6.54	4	0
11/08/2015 14:30	6.86	7.22	7.9	8.12	7.53	4	0
11/08/2015 14:35	6.84	7.08	7.78	7.78	7.37	4	0
11/08/2015 14:40	7.07	7.28	8.01	8.01	7.59	4	0
11/08/2015 14:45	6.43	6.72	7.34	7.4	6.97	4	0
11/08/2015 14:50	6.37	6.74	7.36	7.47	6.99	4	0
11/08/2015 14:55	5.99	6.39	6.98	7.05	6.6	4	0
11/08/2015 15:00	6.59	6.88	7.52	7.57	7.14	4	0
11/08/2015 15:05	6.39	6.68	7.35	7.35	6.94	4	0
11/08/2015 15:10	6.83	7.1	7.76	7.81	7.38	4	0
11/08/2015 15:15	6.13	6.52	7.12	7.18	6.73	4	0
11/08/2015 15:20	6.91	7.16	7.81	7.95	7.46	4	0
11/08/2015 15:25	6.4	6.71	7.32	7.45	6.97	4	0
11/08/2015 15:30	6.64	6.9	7.59	7.59	7.18	4	0
11/08/2015 15:35	6.76	7.01	7.7	7.71	7.29	4	0
11/08/2015 15:40	6.48	6.78	7.46	7.46	7.04	4	0
11/08/2015 15:45	6.86	7.12	7.78	7.83	7.4	4	0
11/08/2015 15:50	6.67	6.96	7.59	7.72	7.23	4	0
11/08/2015 15:55	6.71	7.02	7.68	7.72	7.28	4	0
11/08/2015 16:00	6.57	6.94	7.59	7.73	7.21	4	0
11/08/2015 16:05	6.21	6.57	7.19	7.31	6.82	4	0
11/08/2015 16:10	6.39	6.68	7.32	7.35	6.94	4	0
11/08/2015 16:15	6.31	6.63	7.29	7.29	6.88	4	0
11/08/2015 16:20	11.54	11.98	13.01	13.59	12.53	4	0
11/08/2015 16:25	13.05	13.12	14.55	14.52	13.81	4	0
11/08/2015 16:30	6.94	7.29	7.97	8.2	7.6	4	0
11/08/2015 16:35	6.47	6.76	7.44	7.44	7.03	4	0
11/08/2015 16:40	6.67	6.93	7.62	7.62	7.21	4	0
11/08/2015 16:45	6.71	6.97	7.67	7.67	7.25	4	0
11/08/2015 16:50	6.38	6.67	7.27	7.39	6.93	4	0
11/08/2015 16:55	7	7.21	7.93	7.93	7.52	4	0
11/08/2015 17:00	6.5	6.82	7.43	7.55	7.08	4	0
11/08/2015 17:05	6.68	7.05	7.71	7.79	7.31	4	0
11/08/2015 17:10	6.38	6.71	7.41	7.44	6.99	4	0
11/08/2015 17:15	7.11	7.38	8.03	8.2	7.68	4	0
11/08/2015 17:20	6.64	6.93	7.57	7.63	7.19	4	0
11/08/2015 17:25	6.48	6.75	7.36	7.48	7.02	4	0
11/08/2015 17:30	6.64	6.92	7.54	7.67	7.19	4	0
11/08/2015 17:35	6.48	6.78	7.39	7.52	7.04	4	0
11/08/2015 17:40	6.74	6.99	7.68	7.68	7.27	4	0
11/08/2015 17:45	6.72	7.02	7.65	7.74	7.28	4	0
11/08/2015 17:50	6.51	6.79	7.46	7.46	7.06	4	0
11/08/2015 17:55	6.44	6.81	7.44	7.59	7.07	4	0
11/08/2015 18:00	5.54	5.93	6.48	6.56	6.13	4	0
11/08/2015 18:05	5.92	6.27	6.89	6.9	6.49	4	0
11/08/2015 18:10	6.59	6.86	7.54	7.54	7.13	4	0
11/08/2015 18:15	6.22	6.52	7.17	7.17	6.77	4	0
11/08/2015 18:20	6.57	6.88	7.49	7.63	7.14	4	0
11/08/2015 18:25	6.06	6.4	7.03	7.04	6.63	4	0
11/08/2015 18:30	6.26	6.57	7.22	7.22	6.82	4	0
11/08/2015 18:35	6.29	6.66	7.28	7.43	6.92	4	0
11/08/2015 18:40	5.77	6.13	6.73	6.74	6.34	4	0
11/08/2015 18:45	5.67	6.02	6.57	6.66	6.23	4	0
11/08/2015 18:50	5.51	5.91	6.5	6.51	6.11	4	0
11/08/2015 18:55	5.29	5.71	6.27	6.29	5.89	4	0
11/08/2015 19:00	5.51	5.9	6.44	6.55	6.1	4	0
11/08/2015 19:05	6.3	6.6	7.2	7.31	6.85	4	0
11/08/2015 19:10	6.18	6.49	7.08	7.2	6.74	4	0
11/08/2015 19:15	5.69	6.01	6.57	6.65	6.23	4	0
11/08/2015 19:20	5.7	6.04	6.6	6.69	6.26	4	0
11/08/2015 19:25	5.53	5.9	6.44	6.54	6.1	4	0
11/08/2015 19:30	5.69	6.06	6.61	6.72	6.27	4	0
11/08/2015 19:35	6.1	6.48	7.09	7.22	6.72	4	0
11/08/2015 19:40	6.06	6.45	7.05	7.24	6.7	4	0
11/08/2015 19:45	6.07	6.39	7.03	7.03	6.63	4	0
11/08/2015 19:50	5.9	6.29	6.88	7.06	6.53	4	0
11/08/2015 19:55	5.23	5.64	6.17	6.32	5.84	4	0
11/08/2015 20:00	5.46	5.86	6.41	6.56	6.07	4	0
11/08/2015 20:05	5.29	5.71	6.26	6.29	5.89	4	0
11/08/2015 20:10	5.76	6.15	6.72	6.9	6.38	4	0
11/08/2015 20:15	4.8	5.24	5.72	5.8	5.39	4	0
11/08/2015 20:20	5.11	5.52	6.03	6.12	5.69	4	0
11/08/2015 20:25	5.18	5.58	6.11	6.25	5.78	4	0
11/08/2015 20:30	5.32	5.72	6.26	6.37	5.92	4	0
11/08/2015 20:35	5.19	5.57	6.09	6.16	5.75	4	0
11/08/2015 20:40	5.21	5.65	6.21	6.23	5.83	4	0
11/08/2015 20:45	5.18	5.59	6.11	6.26	5.79	4	0
11/08/2015 20:50	4.56	4.98	5.44	5.49	5.12	4	0
11/08/2015 20:55	5.51	5.89	6.42	6.53	6.09	4	0
11/08/2015 21:00	4.93	5.31	5.81	5.86	5.48	4	0
11/08/2015 21:05	4.95	5.37	5.87	5.98	5.54	4	0
11/08/2015 21:10	4.72	5.18	5.66	5.74	5.32	4	0
11/08/2015 21:15	4.3	4.73	5.18	5.28	4.87	4	0
11/08/2015 21:20	4.93	5.39	5.92	5.93	5.54	4	0
11/08/2015 21:25	5.32	5.73	6.26	6.42	5.93	4	0
11/08/2015 21:30	4.46	4.88	5.35	5.45	5.04	4	0
11/08/2015 21:35	4.61	5.03	5.51	5.62	5.19	4	0
11/08/2015 21:40	4.61	5.12	5.61	5.64	5.25	4	0
11/08/2015 21:45	4.19	4.62	5.06	5.15	4.75	4	0
11/08/2015 21:50	4.11	4.53	4.96	5.05	4.66	4	0
11/08/2015 21:55	4.23	4.7	5.14	5.21	4.82	4	0
11/08/2015 22:00	4.29	4.71	5.16	5.2	4.84	4	0
11/08/2015 22:05	3.85	4.45	4.88	4.91	4.52	4	0
11/08/2015 22:10	4.17	4.7	5.14	5.2	4.8	4	0
11/08/2015 22:15	3.73	4.17	4.57	4.63	4.27	4	0
11/08/2015 22:20	3.72	4.16	4.56	4.63	4.27	4	0
11/08/2015 22:25	3.69	4.27	4.68	4.74	4.35	4	0
11/08/2015 22:30	3.48	3.93	4.31	4.36	4.02	4	0
11/08/2015 22:35	3.6	4.05	4.43	4.5	4.15	4	0
11/08/2015 22:40	3.36	3.8	4.17	4.21	3.89	4	0
11/08/2015 22:45	3.55	3.99	4.38	4.43	4.09	4	0
11/08/2015 22:50	3.89	4.32	4.73	4.81	4.44	4	0
11/08/2015 22:55	3.23	3.64	3.99	4.05	3.73	4	0
11/08/2015 23:00	3.1	3.7	4.05	4.1	3.74	4	0
11/08/2015 23:05	3.24	3.69	4.05	4.08	3.77	4	0
11/08/2015 23:10	3.23	3.72	4.08	4.13	3.79	4	0
11/08/2015 23:15	3.1	3.78	4.15	4.18	3.8	4	0
11/08/2015 23:20	3.13	3.69	4.05	4.07	3.73	4	0
11/08/2015 23:25	3.21	3.66	4.02	4.06	3.74	4	0
11/08/2015 23:30	2.96	3.49	3.83	3.86	3.53	4	0
11/08/2015 23:35	2.8	3.29	3.61	3.63	3.33	4	0
11/08/2015 23:40	2.88	3.39	3.71	3.75	3.43	4	0
11/08/2015 23:45	2.81	3.28	3.6	3.62	3.33	4	0
11/08/2015 23:50	2.68	3.4	3.73	3.76	3.39	4	0
11/08/2015 23:55	2.88	3.41	3.74	3.78	3.45	4	0
