5 Minutes	Lane 1 Occ (%)	Lane 2 Occ (%)	Lane 3 Occ (%)	Lane 4 Occ (%)	Occupancy (%)	# Lane Points	% Observed
11/02/2015 00:00	2.21	2.25	2.17	1.55	2.04	4	100
11/02/2015 00:05	1.99	2.06	2.35	1.44	1.96	4	100
11/02/2015 00:10	2.55	2.5	2.54	1.38	2.24	4	100
11/02/2015 00:15	1.69	2.41	2.19	1.15	1.86	4	100
11/02/2015 00:20	.91	1.59	1.48	1.53	1.38	4	100
11/02/2015 00:25	1.39	2.76	2.12	1.29	1.89	4	100
11/02/2015 00:30	1.62	2.19	2.32	1.36	1.87	4	100
11/02/2015 00:35	1.27	2.21	1.76	1.2	1.61	4	100
11/02/2015 00:40	.81	1.02	1.12	.94	.97	4	100
11/02/2015 00:45	1.16	1.55	1.58	.84	1.28	4	100
11/02/2015 00:50	1.5	1.49	1.6	1.05	1.41	4	100
11/02/2015 00:55	1.12	1.14	1.82	1.57	1.41	4	100
11/02/2015 01:00	1.08	1.18	1.24	1.17	1.17	4	100
11/02/2015 01:05	1.03	1.14	1.07	.98	1.06	4	100
11/02/2015 01:10	.87	.93	1.77	1.11	1.17	4	100
11/02/2015 01:15	.76	1.06	.94	.63	.85	4	100
11/02/2015 01:20	.58	.91	.77	.31	.64	4	100
11/02/2015 01:25	.31	1.08	.79	1.01	.8	4	100
11/02/2015 01:30	.88	.58	1.2	1.37	1.01	4	100
11/02/2015 01:35	.69	1.18	.81	.79	.87	4	100
11/02/2015 01:40	.79	1.02	1.18	.32	.83	4	100
11/02/2015 01:45	.3	1.03	.92	.66	.73	4	100
11/02/2015 01:50	.45	.57	1.05	.47	.64	4	100
11/02/2015 01:55	.48	.75	.39	.79	.6	4	100
11/02/2015 02:00	.53	.55	.72	.61	.6	4	100
11/02/2015 02:05	.44	.7	1.37	.8	.83	4	100
11/02/2015 02:10	.39	.62	.58	.48	.52	4	100
11/02/2015 02:15	.53	.61	1.01	.51	.66	4	100
11/02/2015 02:20	.4	.7	1.5	.83	.86	4	100
11/02/2015 02:25	.35	.59	.98	1.31	.81	4	100
11/02/2015 02:30	.59	.66	.63	.91	.7	4	100
11/02/2015 02:35	.33	.72	1.2	1.16	.85	4	100
11/02/2015 02:40	.35	.79	1.26	.5	.73	4	100
11/02/2015 02:45	.19	.98	1.92	.88	.99	4	100
11/02/2015 02:50	.32	.5	.79	.95	.64	4	100
11/02/2015 02:55	.38	.91	1.17	.72	.8	4	100
11/02/2015 03:00	.52	.98	2.23	.95	1.17	4	100
11/02/2015 03:05	.7	.89	1.58	1.48	1.16	4	100
11/02/2015 03:10	.34	.58	.53	1.39	.71	4	100
11/02/2015 03:15	.2	.76	1.24	.68	.72	4	100
11/02/2015 03:20	.52	.86	.95	.5	.71	4	100
11/02/2015 03:25	.49	.98	1.57	1.71	1.19	4	100
11/02/2015 03:30	.65	1.21	.68	1.67	1.05	4	100
11/02/2015 03:35	.59	.88	1.06	.81	.83	4	100
11/02/2015 03:40	.95	1.14	1.59	1.38	1.26	4	100
11/02/2015 03:45	.7	.94	.95	1.22	.95	4	100
11/02/2015 03:50	.39	1.63	1.37	1.3	1.17	4	100
11/02/2015 03:55	.57	1.07	1.46	1.18	1.07	4	100
11/02/2015 04:00	.58	1.31	1.88	1	1.19	4	100
11/02/2015 04:05	1.09	1.26	1.66	1.14	1.29	4	100
11/02/2015 04:10	.69	1.94	1.94	1.07	1.41	4	100
11/02/2015 04:15	1.15	2.32	1.85	1.64	1.74	4	100
11/02/2015 04:20	1.18	1.93	2.57	2.37	2.01	4	100
11/02/2015 04:25	1.79	2.04	1.93	1.45	1.8	4	100
11/02/2015 04:30	1.93	2.05	2.07	1.58	1.91	4	100
11/02/2015 04:35	2.28	2.82	3.66	2.86	2.91	4	100
11/02/2015 04:40	2.51	2.97	3.23	2.55	2.82	4	100
11/02/2015 04:45	1.78	2.43	3.32	3.18	2.68	4	100
11/02/2015 04:50	3.34	2.8	3.58	2.13	2.96	4	100
11/02/2015 04:55	3.1	3.09	3.28	2.37	2.96	4	100
11/02/2015 05:00	2.37	3.12	3.44	3.23	3.04	4	100
11/02/2015 05:05	3.5	3.21	4.26	3	3.49	4	100
11/02/2015 05:10	4.5	4.34	5.09	4	4.48	4	100
11/02/2015 05:15	4.05	4.53	5.59	3.69	4.46	4	100
11/02/2015 05:20	5.15	5.46	5.53	3.09	4.81	4	100
11/02/2015 05:25	6.22	6.18	5.29	3.48	5.29	4	100
11/02/2015 05:30	7.85	6.12	6.26	4.9	6.28	4	100
11/02/2015 05:35	7.51	6.48	6.37	5.23	6.4	4	100
11/02/2015 05:40	8.94	8.02	7.37	6.02	7.59	4	100
11/02/2015 05:45	8.99	7.11	6.93	4.79	6.96	4	100
11/02/2015 05:50	8.32	7.63	7.65	4.81	7.1	4	100
11/02/2015 05:55	12.38	9.82	10.02	6.43	9.66	4	100
11/02/2015 06:00	10.75	8.24	8.26	6.81	8.52	4	100
11/02/2015 06:05	13.07	10.76	9.15	7.32	10.07	4	100
11/02/2015 06:10	12.83	11.79	10.21	7.91	10.69	4	100
11/02/2015 06:15	12.86	10.87	10.93	8.44	10.78	4	100
11/02/2015 06:20	13.77	12.1	10.32	7.59	10.94	4	100
11/02/2015 06:25	24.29	18.2	21.11	24.63	22.06	4	100
11/02/2015 06:30	36.06	33.21	41.84	37.78	37.22	4	100
11/02/2015 06:35	44.8	43.11	50.63	44.51	45.76	4	100
11/02/2015 06:40	41.79	40.92	43.29	49.01	43.75	4	100
11/02/2015 06:45	48.57	43.9	43.86	45.4	45.43	4	100
11/02/2015 06:50	34.83	35.79	44.5	43.2	39.58	4	100
11/02/2015 06:55	13.22	12.98	13.73	12.73	13.16	4	100
11/02/2015 07:00	14.81	17.19	16.68	15.77	16.11	4	100
11/02/2015 07:05	22.22	17.68	19.89	17.01	19.2	4	100
11/02/2015 07:10	18.31	14.86	15.25	16.71	16.28	4	100
11/02/2015 07:15	11.52	10.28	11.2	10.71	10.93	4	100
11/02/2015 07:20	11.38	9.25	10.58	10.11	10.33	4	100
11/02/2015 07:25	11.48	10.48	11.26	11.27	11.12	4	100
11/02/2015 07:30	11.34	10.41	10.61	10.69	10.76	4	100
11/02/2015 07:35	11.6	10.18	9.94	10.81	10.63	4	100
11/02/2015 07:40	11.69	9.67	10.52	10.09	10.49	4	100
11/02/2015 07:45	10.38	10.75	9.21	10.58	10.23	4	100
11/02/2015 07:50	9.25	8.47	9.41	9.11	9.06	4	100
11/02/2015 07:55	10.3	9.2	10.11	8.93	9.64	4	100
11/02/2015 08:00	9.01	8.33	8.69	8.17	8.55	4	100
11/02/2015 08:05	9.37	8.52	10.13	9.33	9.34	4	100
11/02/2015 08:10	9.61	8.93	9.05	8.53	9.03	4	100
11/02/2015 08:15	11.13	8.64	9.5	10.19	9.86	4	100
11/02/2015 08:20	9.38	9.2	9.89	10.83	9.83	4	100
11/02/2015 08:25	9.53	8.69	8.71	8.89	8.95	4	100
11/02/2015 08:30	9.03	9.14	10.55	11.09	9.95	4	100
11/02/2015 08:35	10.48	9.18	10.65	10.85	10.29	4	100
11/02/2015 08:40	10.83	9.14	10.39	10.69	10.26	4	100
11/02/2015 08:45	9.64	8.85	11.11	11.18	10.2	4	100
11/02/2015 08:50	9.8	8.83	10.15	9.7	9.62	4	100
11/02/2015 08:55	9.52	8.87	10.48	9.14	9.5	4	100
11/02/2015 09:00	8.84	8.25	9.57	10.33	9.25	4	100
11/02/2015 09:05	8.03	7.68	8.31	8.4	8.1	4	100
11/02/2015 09:10	9.23	8.64	9.39	9.39	9.16	4	100
11/02/2015 09:15	8.86	8.32	8.51	10.01	8.92	4	100
11/02/2015 09:20	7.72	8.06	9.51	9.51	8.7	4	100
11/02/2015 09:25	9.73	8.43	10.31	9.77	9.56	4	100
11/02/2015 09:30	8.46	7.7	7.28	8.04	7.87	4	100
11/02/2015 09:35	10.38	9.93	8.97	9.17	9.61	4	100
11/02/2015 09:40	8.37	7.78	8.46	8.99	8.4	4	100
11/02/2015 09:45	10.42	8.34	7.77	7.72	8.56	4	100
11/02/2015 09:50	7.98	7.5	8.29	6.85	7.66	4	100
11/02/2015 09:55	8.7	7.78	9.43	7.42	8.33	4	100
11/02/2015 10:00	7.7	6.67	7.38	7.21	7.24	4	100
11/02/2015 10:05	9.05	8.22	9.14	8.36	8.69	4	100
11/02/2015 10:10	8.22	8.11	8.34	8.46	8.28	4	100
11/02/2015 10:15	8.72	8.82	9.99	9	9.13	4	100
11/02/2015 10:20	7.72	8.1	8.69	7.64	8.04	4	100
11/02/2015 10:25	9.23	8.11	8.1	8.2	8.41	4	100
11/02/2015 10:30	9.07	8.08	8.88	8.49	8.63	4	100
11/02/2015 10:35	8.53	7.74	9.5	9.48	8.81	4	100
11/02/2015 10:40	8	7.29	8.68	8.49	8.11	4	100
11/02/2015 10:45	8.22	7.93	8.11	8.67	8.23	4	100
11/02/2015 10:50	8.36	8.98	9.71	8.56	8.9	4	100
11/02/2015 10:55	8.04	8.62	9.23	9.59	8.87	4	100
11/02/2015 11:00	9.12	7.92	8.51	7.59	8.29	4	100
11/02/2015 11:05	7.49	7.11	7.07	6.06	6.93	4	100
11/02/2015 11:10	9.18	7.72	9.09	8.71	8.68	4	100
11/02/2015 11:15	9.94	8.78	10.19	9.78	9.67	4	100
11/02/2015 11:20	8.67	8.37	10.07	8.13	8.81	4	100
11/02/2015 11:25	7.86	7.87	8.27	8.63	8.16	4	100
11/02/2015 11:30	8.44	9.33	4	7	7.19	4	100
11/02/2015 11:35	8.74	7.48	6.33	5.93	7.12	4	100
11/02/2015 11:40	9.54	8.46	10	9.69	9.42	4	0
11/02/2015 11:45	9.73	9.04	10.25	8.05	9.27	4	0
11/02/2015 11:50	5.44	6.94	8.61	10.44	7.86	4	100
11/02/2015 11:55	8.33	7.85	8.55	5.41	7.54	4	100
11/02/2015 12:00	9.71	8.9	10.93	10.1	9.91	4	100
11/02/2015 12:05	8.12	8.12	9.85	10.21	9.07	4	100
11/02/2015 12:10	8.94	9.46	9.86	9.28	9.38	4	100
11/02/2015 12:15	9.8	8.54	9.32	9.49	9.29	4	100
11/02/2015 12:20	9.9	9.13	12.23	9.09	10.09	4	100
11/02/2015 12:25	10.11	8.52	10.16	8.56	9.34	4	0
11/02/2015 12:30	11.67	8.78	10.22	4.67	8.84	4	100
11/02/2015 12:35	10.46	9.46	10.11	8.78	9.7	4	0
11/02/2015 12:40	11.04	7.74	8.63	8.82	9.06	4	100
11/02/2015 12:45	9.63	7.88	10.3	8.64	9.11	4	100
11/02/2015 12:50	9.42	8.93	8.86	10.08	9.32	4	100
11/02/2015 12:55	8.62	7.56	11.27	7.16	8.65	4	100
11/02/2015 13:00	9.19	9.78	11.19	12.78	10.74	4	100
11/02/2015 13:05	10.3	10.2	10.18	9.28	9.99	4	0
11/02/2015 13:10	10.6	9.36	11	10.11	10.27	4	0
11/02/2015 13:15	9.85	8.97	10.27	9.49	9.64	4	0
11/02/2015 13:20	9.95	9.08	9.51	9	9.39	4	0
11/02/2015 13:25	11.03	9.97	9.58	10.45	10.26	4	0
11/02/2015 13:30	10.67	10.04	10.08	9.07	9.97	4	0
11/02/2015 13:35	12.36	11.1	11.29	9.73	11.12	4	0
11/02/2015 13:40	11.33	9.43	10.71	10.61	10.52	4	0
11/02/2015 13:45	9.41	9.48	9.4	9.46	9.44	4	100
11/02/2015 13:50	10.51	10.79	10.09	10.6	10.5	4	100
11/02/2015 13:55	10.48	10.15	10.18	9.08	9.97	4	0
11/02/2015 14:00	10.21	9.59	9.4	9.6	9.7	4	0
11/02/2015 14:05	10.8	10.17	10.81	9.74	10.38	4	0
11/02/2015 14:10	8.11	11.67	12.44	10.11	10.58	4	100
11/02/2015 14:15	12.3	11.38	11.41	10.4	11.37	4	0
11/02/2015 14:20	11.38	10.07	11.95	11	11.1	4	0
11/02/2015 14:25	12.67	11.55	12.73	10.73	11.92	4	0
11/02/2015 14:30	11.12	12.41	12.39	11.13	11.76	4	0
11/02/2015 14:35	12.31	11.27	13.59	12.49	12.42	4	0
11/02/2015 14:40	12.53	11.48	12.47	12.8	12.32	4	0
11/02/2015 14:45	13.31	11.64	15.11	13.69	13.44	4	0
11/02/2015 14:50	11.79	10.99	11.87	12.15	11.7	4	0
11/02/2015 14:55	12.23	11.52	12.71	12.4	12.21	4	0
11/02/2015 15:00	9.59	9.19	11.37	10.56	10.18	4	100
11/02/2015 15:05	12.05	11.72	13.86	11.89	12.38	4	100
11/02/2015 15:10	12.09	10.8	12.67	12.56	12.03	4	0
11/02/2015 15:15	19.41	20.04	26.93	22	22.09	4	100
11/02/2015 15:20	16.22	15.49	16.77	15.12	15.9	4	0
11/02/2015 15:25	9.89	8.35	11.43	9.9	9.89	4	100
11/02/2015 15:30	9.33	11.33	11.67	13.44	11.44	4	100
11/02/2015 15:35	13.31	13.07	15.06	12.31	13.44	4	0
11/02/2015 15:40	11.02	11.01	12.75	11.93	11.68	4	0
11/02/2015 15:45	20.77	23.73	23.69	20.57	22.19	4	0
11/02/2015 15:50	17.44	15.42	14.58	13.99	15.36	4	0
11/02/2015 15:55	11.51	11.05	11.24	11.02	11.2	4	100
11/02/2015 16:00	9.11	8.92	9.44	8.03	8.87	4	100
11/02/2015 16:05	9.53	9.17	9.95	9.12	9.44	4	100
11/02/2015 16:10	9.52	8.97	11.43	10.23	10.04	4	100
11/02/2015 16:15	17.32	16.39	17.36	15.32	16.6	4	100
11/02/2015 16:20	19.57	21.68	24.97	21.62	21.96	4	100
11/02/2015 16:25	20.44	25.51	24.89	21.97	23.2	4	100
11/02/2015 16:30	17.08	16.53	16.98	14.8	16.35	4	100
11/02/2015 16:35	23.71	20.18	22.4	19.82	21.53	4	100
11/02/2015 16:40	22.03	21.39	21.04	23.64	22.03	4	100
11/02/2015 16:45	28.36	26.33	22.43	25.34	25.61	4	100
11/02/2015 16:50	20.02	19.97	25.08	23.17	22.06	4	100
11/02/2015 16:55	19.4	19.52	19.88	20.24	19.76	4	100
11/02/2015 17:00	21.89	18.67	20.02	26.86	21.86	4	100
11/02/2015 17:05	26.15	23.62	23.2	24.04	24.25	4	100
11/02/2015 17:10	16.38	16.09	19.12	22.01	18.4	4	100
11/02/2015 17:15	17.54	18.29	18.94	21.83	19.15	4	100
11/02/2015 17:20	26.62	18.48	23.45	27.43	23.99	4	100
11/02/2015 17:25	19.11	22.37	20.57	20.84	20.72	4	100
11/02/2015 17:30	16.17	14.66	16.02	17.63	16.12	4	100
11/02/2015 17:35	20.81	19.87	19.89	24.72	21.32	4	100
11/02/2015 17:40	15.85	20.97	19.14	21.42	19.35	4	100
11/02/2015 17:45	21.28	20.54	23.89	26.09	22.95	4	100
11/02/2015 17:50	21.82	22.07	24.62	23.57	23.02	4	100
11/02/2015 17:55	19.74	20.61	21.99	21.11	20.86	4	100
11/02/2015 18:00	20.28	21.5	21.57	22.49	21.46	4	100
11/02/2015 18:05	19.72	22.52	27.88	23.76	23.47	4	100
11/02/2015 18:10	22.8	18.72	23.37	25.21	22.53	4	100
11/02/2015 18:15	20.47	19.23	20.72	24.72	21.29	4	100
11/02/2015 18:20	22.87	22.42	26.74	23.72	23.94	4	100
11/02/2015 18:25	19.27	14.68	13.41	13.06	15.11	4	100
11/02/2015 18:30	11.98	11.5	10.33	11.36	11.29	4	100
11/02/2015 18:35	9.83	9.47	9.39	10.67	9.84	4	100
11/02/2015 18:40	9.8	9.31	10	9.86	9.74	4	100
11/02/2015 18:45	10.68	9.02	10.2	9.86	9.94	4	100
11/02/2015 18:50	9.58	9.11	9.98	7.94	9.15	4	100
11/02/2015 18:55	10.05	9.59	10.21	9.57	9.85	4	100
11/02/2015 19:00	10.33	8.76	9.67	10.87	9.91	4	100
11/02/2015 19:05	9.44	8.77	9.62	9.04	9.22	4	100
11/02/2015 19:10	8.06	8.08	6.87	7.3	7.58	4	100
11/02/2015 19:15	10	9.58	9.71	9.14	9.61	4	100
11/02/2015 19:20	9.71	9.07	8	8.19	8.74	4	100
11/02/2015 19:25	8.3	7.71	8.16	7.31	7.87	4	100
11/02/2015 19:30	7.25	6.86	7.06	6.98	7.04	4	100
11/02/2015 19:35	7.73	6.97	7.72	7.07	7.37	4	100
11/02/2015 19:40	8.03	7.81	8.72	8.03	8.15	4	100
11/02/2015 19:45	7.38	6.65	7.09	6.44	6.89	4	100
11/02/2015 19:50	7.71	6.49	6.9	5.68	6.7	4	100
11/02/2015 19:55	8.19	7.36	7.29	5.92	7.19	4	100
11/02/2015 20:00	8.81	7.46	7.9	6.3	7.62	4	100
11/02/2015 20:05	8.81	7.59	7.22	6.62	7.56	4	100
11/02/2015 20:10	8.58	6.98	6.94	6.79	7.32	4	100
11/02/2015 20:15	7.86	7.17	7.47	5.81	7.08	4	100
11/02/2015 20:20	7.19	5.92	5.38	4.97	5.87	4	100
11/02/2015 20:25	6.49	6.74	6.22	5.13	6.15	4	100
11/02/2015 20:30	6.59	6.39	6.39	5.47	6.21	4	100
11/02/2015 20:35	6.83	5.83	5.68	5.12	5.87	4	100
11/02/2015 20:40	5.17	4.73	4.76	3.7	4.59	4	100
11/02/2015 20:45	4.54	5.14	3.66	3.83	4.29	4	100
11/02/2015 20:50	5.27	5.07	4.72	4.71	4.94	4	100
11/02/2015 20:55	5.11	4.99	4.27	4.22	4.65	4	100
11/02/2015 21:00	5.1	5.37	5.18	4.8	5.11	4	100
11/02/2015 21:05	4.29	4.35	4.57	4.33	4.39	4	100
11/02/2015 21:10	3.85	4.16	4.21	4.37	4.15	4	100
11/02/2015 21:15	5.57	5.39	5.06	4.19	5.05	4	100
11/02/2015 21:20	4.31	4.85	5.36	4.91	4.86	4	100
11/02/2015 21:25	4.83	4.38	4.18	5.3	4.67	4	100
11/02/2015 21:30	3.92	4.17	4.79	3.68	4.14	4	100
11/02/2015 21:35	4.25	4.07	3.63	3.06	3.75	4	100
11/02/2015 21:40	4.1	4.2	5.18	4.09	4.39	4	100
11/02/2015 21:45	4.47	5.39	5.09	4.36	4.83	4	100
11/02/2015 21:50	3.54	3.53	4.17	3.3	3.64	4	100
11/02/2015 21:55	4.44	3.88	3.69	2.82	3.71	4	100
11/02/2015 22:00	3.88	4.23	3.95	2.63	3.67	4	100
11/02/2015 22:05	4.11	4.33	3.76	4.4	4.15	4	100
11/02/2015 22:10	3.48	3.14	3.56	2.81	3.25	4	100
11/02/2015 22:15	4.07	3.61	3.2	3.7	3.65	4	100
11/02/2015 22:20	3.96	3.71	4.07	3.59	3.83	4	100
11/02/2015 22:25	3.4	3.54	3.76	3.35	3.51	4	100
11/02/2015 22:30	3.46	4.36	3.26	3.09	3.54	4	100
11/02/2015 22:35	3.84	3.54	3	2.86	3.31	4	100
11/02/2015 22:40	3.19	3.28	3.17	2.87	3.13	4	100
11/02/2015 22:45	3.33	3.94	3.01	2.84	3.28	4	100
11/02/2015 22:50	2.51	2.91	2.5	2.7	2.65	4	100
11/02/2015 22:55	2.39	2.78	3.45	2.37	2.75	4	100
11/02/2015 23:00	2.34	3.08	2.49	2.68	2.65	4	100
11/02/2015 23:05	2.69	3.11	3.08	2.09	2.74	4	100
11/02/2015 23:10	2.2	2.87	2.1	2.43	2.4	4	100
11/02/2015 23:15	2.39	2.34	2.55	2.18	2.37	4	100
11/02/2015 23:20	2.08	2.55	2.45	2.48	2.39	4	100
11/02/2015 23:25	2.02	2.21	2.63	1.78	2.16	4	100
11/02/2015 23:30	1.9	1.78	2.36	2.73	2.19	4	100
11/02/2015 23:35	1.78	1.94	2.17	2.24	2.03	4	100
11/02/2015 23:40	1.96	1.86	1.82	1.94	1.9	4	100
11/02/2015 23:45	1.61	1.81	2.89	1.81	2.03	4	100
11/02/2015 23:50	1.26	1.91	1.96	2.05	1.8	4	100
11/02/2015 23:55	1.12	1.57	1.96	1.54	1.55	4	100
11/03/2015 00:00	1.6	1.84	1.72	1.7	1.71	4	100
11/03/2015 00:05	.98	1.67	2.02	1.76	1.61	4	100
11/03/2015 00:10	1.26	2.15	1.75	1.39	1.64	4	100
11/03/2015 00:15	1.11	1.52	1.71	1.44	1.45	4	100
11/03/2015 00:20	1.16	1.87	1.81	1.62	1.61	4	100
11/03/2015 00:25	1.21	1.94	1.51	1.26	1.48	4	100
11/03/2015 00:30	.7	1.22	.83	1.84	1.15	4	100
11/03/2015 00:35	1.04	1.13	1.27	1.39	1.21	4	100
11/03/2015 00:40	.81	1.8	1.76	2.13	1.63	4	100
11/03/2015 00:45	1.33	1.53	2.14	1.67	1.67	4	100
11/03/2015 00:50	.97	1.24	2.16	1.39	1.44	4	100
11/03/2015 00:55	.68	1.23	1.53	2.8	1.56	4	100
11/03/2015 01:00	.52	1	1.8	1.45	1.19	4	100
11/03/2015 01:05	.76	1.17	1.16	.95	1.01	4	100
11/03/2015 01:10	.57	1.17	1.32	2.1	1.29	4	100
11/03/2015 01:15	.42	.96	1.54	1.07	1	4	100
11/03/2015 01:20	.4	.95	1.51	1.54	1.1	4	100
11/03/2015 01:25	.51	.56	1.65	1.78	1.12	4	100
11/03/2015 01:30	.48	.94	.87	1.19	.87	4	100
11/03/2015 01:35	.63	.69	.82	3.19	1.33	4	100
11/03/2015 01:40	.44	.86	1.53	1.23	1.01	4	100
11/03/2015 01:45	.32	.67	1.28	1.36	.91	4	100
11/03/2015 01:50	.21	1	.92	2.05	1.05	4	100
11/03/2015 01:55	.4	.89	1.11	1.42	.95	4	100
11/03/2015 02:00	.5	.87	1.27	1.85	1.12	4	100
11/03/2015 02:05	.27	.51	1.02	1.02	.71	4	100
11/03/2015 02:10	.28	.79	1.97	1.61	1.16	4	100
11/03/2015 02:15	.22	.75	1.17	1.23	.84	4	100
11/03/2015 02:20	.66	.92	1.01	1.08	.92	4	100
11/03/2015 02:25	.44	.76	.52	.58	.57	4	100
11/03/2015 02:30	.6	.68	.79	.61	.67	4	100
11/03/2015 02:35	.62	.82	1.73	.95	1.03	4	100
11/03/2015 02:40	.42	.84	.78	1.37	.85	4	100
11/03/2015 02:45	.51	.98	.83	1.66	1	4	100
11/03/2015 02:50	.58	.73	1.53	2.36	1.3	4	100
11/03/2015 02:55	.11	.52	.67	1.15	.61	4	100
11/03/2015 03:00	1.17	2.16	2.64	2.54	2.13	4	100
11/03/2015 03:05	.49	1.07	1.52	1.38	1.12	4	100
11/03/2015 03:10	.4	1.02	1.81	1.47	1.18	4	100
11/03/2015 03:15	.49	1.08	1.65	1.92	1.29	4	100
11/03/2015 03:20	.21	.92	1.02	.79	.73	4	100
11/03/2015 03:25	.56	.71	1.62	1.57	1.12	4	100
11/03/2015 03:30	.51	.78	2.02	.46	.94	4	100
11/03/2015 03:35	.84	1.04	1.48	1.85	1.3	4	100
11/03/2015 03:40	.64	1.08	1.24	2.47	1.36	4	100
11/03/2015 03:45	.61	.58	.76	1.64	.9	4	100
11/03/2015 03:50	.46	1.11	2.03	1.93	1.38	4	100
11/03/2015 03:55	.23	.87	.79	1.5	.85	4	100
11/03/2015 04:00	.63	.83	1.27	1.88	1.15	4	100
11/03/2015 04:05	.9	1.26	2.26	2.49	1.73	4	100
11/03/2015 04:10	.74	1.15	2.22	1.37	1.37	4	100
11/03/2015 04:15	.96	1.5	2.09	1.62	1.54	4	100
11/03/2015 04:20	1.34	1.59	2.79	2.16	1.97	4	100
11/03/2015 04:25	1.7	1.92	2.72	1.76	2.03	4	100
11/03/2015 04:30	1.68	2.11	3.24	2.47	2.38	4	100
11/03/2015 04:35	1.67	2.58	2.28	2.7	2.31	4	100
11/03/2015 04:40	2.21	3.16	3.38	2.67	2.85	4	100
11/03/2015 04:45	1.8	2.18	3.46	2.55	2.5	4	100
11/03/2015 04:50	2.62	2.83	3.4	2.87	2.93	4	100
11/03/2015 04:55	2.25	2.99	4.78	3.4	3.36	4	100
11/03/2015 05:00	3.27	2.7	3.77	2.7	3.11	4	100
11/03/2015 05:05	2.6	3.56	4.32	2.83	3.33	4	100
11/03/2015 05:10	3.47	3.65	3.73	3.08	3.48	4	100
11/03/2015 05:15	5.43	5.42	5.82	4.11	5.2	4	100
11/03/2015 05:20	4.85	5.52	5.18	4.38	4.98	4	100
11/03/2015 05:25	5.74	5.39	5.71	5.32	5.54	4	100
11/03/2015 05:30	6.38	6.42	5.9	5.47	6.04	4	100
11/03/2015 05:35	9.68	8.17	7.98	6.36	8.05	4	100
11/03/2015 05:40	9.13	8.66	8.36	5.78	7.98	4	100
11/03/2015 05:45	9.8	9.04	9.31	5.51	8.42	4	100
11/03/2015 05:50	9.28	8.58	8.33	6.4	8.15	4	100
11/03/2015 05:55	10.39	8.37	7.93	5.93	8.15	4	100
11/03/2015 06:00	10.84	8.77	9.38	6.15	8.78	4	100
11/03/2015 06:05	13.16	10.69	10.75	7.6	10.55	4	100
11/03/2015 06:10	13.71	11.87	11.6	6.69	10.97	4	100
11/03/2015 06:15	12.6	10.45	11.34	9.35	10.94	4	100
11/03/2015 06:20	13.03	12.17	11.71	9.2	11.53	4	100
11/03/2015 06:25	11.64	9.45	10.77	8.1	9.99	4	100
11/03/2015 06:30	11.11	10.02	10.15	9.19	10.12	4	100
11/03/2015 06:35	17.35	12.94	11.03	8.24	12.39	4	100
11/03/2015 06:40	10.92	9.72	9.99	7.33	9.49	4	100
11/03/2015 06:45	11.45	10.7	11.08	10.05	10.82	4	100
11/03/2015 06:50	9.4	8.32	7.93	7.38	8.26	4	100
11/03/2015 06:55	16.6	13.34	11.7	10.6	13.06	4	100
11/03/2015 07:00	9.97	9.03	9.64	8.55	9.3	4	100
11/03/2015 07:05	11.61	10.69	9.36	11.04	10.67	4	100
11/03/2015 07:10	10.23	9.49	10.9	12.08	10.67	4	100
11/03/2015 07:15	11.93	11.61	11.59	12.92	12.01	4	100
11/03/2015 07:20	11.39	10.73	11.03	12.07	11.31	4	100
11/03/2015 07:25	11.05	9.48	11.03	9.99	10.39	4	100
11/03/2015 07:30	10.91	9.77	10.9	12.43	11	4	100
11/03/2015 07:35	12.52	11.25	12.23	12.36	12.09	4	100
11/03/2015 07:40	12	10.68	10.07	11.33	11.02	4	100
11/03/2015 07:45	11.91	11.16	10.61	11.29	11.24	4	100
11/03/2015 07:50	9.08	10.32	9.51	8.96	9.47	4	100
11/03/2015 07:55	8.47	8.29	9.2	8.14	8.52	4	100
11/03/2015 08:00	10.51	9.58	9.07	9.1	9.56	4	100
11/03/2015 08:05	11.12	9.55	10.85	9.01	10.13	4	100
11/03/2015 08:10	10.59	9.29	8.92	9.42	9.55	4	100
11/03/2015 08:15	10.51	9.75	10.87	10.21	10.33	4	100
11/03/2015 08:20	9.9	8.21	8.59	8.36	8.77	4	100
11/03/2015 08:25	10.12	10.64	9.37	11	10.28	4	100
11/03/2015 08:30	10.22	9.08	10.38	8.92	9.65	4	100
11/03/2015 08:35	10.68	9.4	10.54	10.08	10.18	4	100
11/03/2015 08:40	9.63	9.63	9.59	10.78	9.91	4	100
11/03/2015 08:45	9.03	8.97	9.5	11.29	9.7	4	100
11/03/2015 08:50	9.4	8.19	10.46	10.42	9.62	4	100
11/03/2015 08:55	10.36	9.31	10.98	11.95	10.65	4	100
11/03/2015 09:00	8.41	7.59	8.59	9.79	8.59	4	100
11/03/2015 09:05	8.06	7.71	9.2	9.36	8.58	4	100
11/03/2015 09:10	10.76	8.78	11.31	9.77	10.16	4	100
11/03/2015 09:15	9.8	8.47	9.3	8.01	8.9	4	100
11/03/2015 09:20	9.5	8.74	8.94	9.19	9.09	4	100
11/03/2015 09:25	9.14	7.98	9.53	6.57	8.3	4	100
11/03/2015 09:30	8.33	7.38	9.1	8.73	8.39	4	100
11/03/2015 09:35	8.38	7.91	10.83	8.34	8.87	4	100
11/03/2015 09:40	7.8	7.25	8.11	7.67	7.71	4	100
11/03/2015 09:45	8.7	8.25	9.23	8.74	8.73	4	100
11/03/2015 09:50	8.89	8.03	9.14	9.42	8.87	4	100
11/03/2015 09:55	7.38	6.21	8.08	7.95	7.41	4	100
11/03/2015 10:00	6.86	6.64	7.94	6.81	7.06	4	100
11/03/2015 10:05	8.04	8.12	8.41	9.08	8.41	4	100
11/03/2015 10:10	8.5	7.78	9.6	9.47	8.84	4	100
11/03/2015 10:15	9.09	7.71	10.57	8.85	9.05	4	100
11/03/2015 10:20	7.1	6.6	8.43	8.23	7.59	4	100
11/03/2015 10:25	8.71	8.82	9.62	9.22	9.09	4	100
11/03/2015 10:30	8.85	8.79	11.77	9.51	9.73	4	100
11/03/2015 10:35	8.04	8.23	8.53	8.73	8.38	4	100
11/03/2015 10:40	10.93	9.73	10.41	10.92	10.5	4	100
11/03/2015 10:45	9.01	9.58	9.36	9.27	9.31	4	100
11/03/2015 10:50	8.69	8.55	9.38	8.88	8.87	4	100
11/03/2015 10:55	8.34	8.36	9.28	9.19	8.79	4	100
11/03/2015 11:00	7.5	7.83	8.19	7.55	7.77	4	100
11/03/2015 11:05	9.29	7.89	10.57	9.11	9.22	4	100
11/03/2015 11:10	8.27	8.4	9.8	8.12	8.65	4	100
11/03/2015 11:15	8.95	9.33	8.39	8.13	8.7	4	100
11/03/2015 11:20	9.63	8.63	10.39	9.76	9.6	4	100
11/03/2015 11:25	7.97	7.5	7.72	8.33	7.88	4	100
11/03/2015 11:30	9.86	8.54	9.76	7.72	8.97	4	100
11/03/2015 11:35	8.61	9.19	9.99	9.09	9.22	4	100
11/03/2015 11:40	8.2	8.41	9.33	8.47	8.6	4	100
11/03/2015 11:45	9.77	8.35	10.6	9.44	9.54	4	100
11/03/2015 11:50	9.96	8.77	10.18	8.43	9.34	4	100
11/03/2015 11:55	9.21	9.95	9.62	10.79	9.89	4	100
11/03/2015 12:00	9.11	8.43	9.09	7.68	8.58	4	100
11/03/2015 12:05	8.3	8.34	9.58	9.54	8.94	4	100
11/03/2015 12:10	9.22	9.38	10.56	9.94	9.77	4	100
11/03/2015 12:15	9.49	10	10.48	9.62	9.9	4	100
11/03/2015 12:20	9.52	8.05	10.55	8.68	9.2	4	100
11/03/2015 12:25	8.69	8.38	10.6	9.11	9.2	4	100
11/03/2015 12:30	6.6	7.09	9.01	7.37	7.52	4	100
11/03/2015 12:35	10.5	8.62	10.22	10.51	9.96	4	100
11/03/2015 12:40	10.87	9.73	10.6	10.44	10.41	4	100
11/03/2015 12:45	10.72	8.97	10.61	9.52	9.96	4	100
11/03/2015 12:50	8.8	7.99	9.13	8.8	8.68	4	100
11/03/2015 12:55	8.98	8.93	9.16	7.91	8.74	4	100
11/03/2015 13:00	8.27	9.26	10.51	8.61	9.16	4	100
11/03/2015 13:05	10.04	9.24	9.35	9.96	9.65	4	100
11/03/2015 13:10	9.68	9.21	10.23	9.12	9.56	4	100
11/03/2015 13:15	9.56	9.09	9.44	10.24	9.58	4	100
11/03/2015 13:20	9.8	9.61	10.62	9.87	9.98	4	100
11/03/2015 13:25	9.29	9.79	9.99	10.41	9.87	4	100
11/03/2015 13:30	10.85	9.07	10.98	9.95	10.21	4	100
11/03/2015 13:35	9.91	9.17	9.34	9.71	9.53	4	100
11/03/2015 13:40	11.58	9.91	10.68	10.75	10.73	4	100
11/03/2015 13:45	10.43	9.12	9.81	9	9.59	4	100
11/03/2015 13:50	10.48	8.8	9.74	10.02	9.76	4	100
11/03/2015 13:55	11.53	10.22	11.41	9.26	10.61	4	100
11/03/2015 14:00	10.91	9.6	10.61	8.61	9.93	4	100
11/03/2015 14:05	12.35	10.95	11.29	9.92	11.13	4	100
11/03/2015 14:10	10.32	9.22	10.33	8.56	9.61	4	100
11/03/2015 14:15	11.57	10.35	11.78	10.32	11.01	4	100
11/03/2015 14:20	11.3	10.76	10.91	10.93	10.98	4	100
11/03/2015 14:25	11.66	9.68	12.23	11.08	11.16	4	100
11/03/2015 14:30	12.03	11.41	11.76	10.63	11.46	4	100
11/03/2015 14:35	11.3	12.04	11.72	10.8	11.47	4	100
11/03/2015 14:40	12.92	10.86	11.76	12.82	12.09	4	100
11/03/2015 14:45	12.11	10.28	12.15	11.5	11.51	4	100
11/03/2015 14:50	10.84	9.99	9.71	12.41	10.74	4	100
11/03/2015 14:55	11.63	11.01	10.75	10.55	10.98	4	100
11/03/2015 15:00	11.06	10.87	12.15	9.56	10.91	4	100
11/03/2015 15:05	10.72	11.22	11.82	12.3	11.52	4	100
11/03/2015 15:10	11.27	10.3	11.3	11.17	11.01	4	100
11/03/2015 15:15	14.63	13.25	13.08	12.43	13.35	4	100
11/03/2015 15:20	17.31	19.41	20.48	18.27	18.87	4	100
11/03/2015 15:25	14.82	14.42	13.77	13.91	14.23	4	100
11/03/2015 15:30	15.59	13.55	12.63	13.06	13.71	4	100
11/03/2015 15:35	16.97	18.6	16.6	18.71	17.72	4	100
11/03/2015 15:40	20.99	17.26	19.79	31.2	22.31	4	100
11/03/2015 15:45	16.24	16.4	17.03	17.85	16.88	4	100
11/03/2015 15:50	28.1	27.05	30.92	25.11	27.8	4	100
11/03/2015 15:55	19.49	19.09	23.08	21.91	20.89	4	100
11/03/2015 16:00	21.47	23.12	21.51	17.45	20.89	4	100
11/03/2015 16:05	18.68	17.09	16.7	16.68	17.29	4	100
11/03/2015 16:10	28.69	26.66	25.74	25.9	26.75	4	100
11/03/2015 16:15	19.92	20.93	18.77	21.49	20.28	4	100
11/03/2015 16:20	20.27	23.6	23.99	22.39	22.56	4	100
11/03/2015 16:25	19.86	22.1	25.82	26.81	23.65	4	100
11/03/2015 16:30	20.4	24.59	25.33	26.49	24.2	4	100
11/03/2015 16:35	24.56	26.52	29.73	26.02	26.71	4	100
11/03/2015 16:40	21.66	23.63	28.18	28.42	25.47	4	100
11/03/2015 16:45	26.67	26.92	28.02	30.67	28.07	4	100
11/03/2015 16:50	19.14	21.01	26.63	21.3	22.02	4	100
11/03/2015 16:55	21.03	19.83	21.59	17.09	19.88	4	100
11/03/2015 17:00	24.53	25.77	23.17	23.8	24.32	4	100
11/03/2015 17:05	15.98	15.97	17.23	15.68	16.22	4	100
11/03/2015 17:10	18.4	18.47	16.5	15.68	17.26	4	100
11/03/2015 17:15	15.91	15.82	18.85	19.72	17.58	4	100
11/03/2015 17:20	14.72	16.66	18.48	17.22	16.77	4	100
11/03/2015 17:25	20.04	17.23	18.39	15.89	17.89	4	100
11/03/2015 17:30	21.6	21.78	18.79	22.06	21.06	4	100
11/03/2015 17:35	22.23	18.99	19.88	31.93	23.26	4	100
11/03/2015 17:40	15.33	17	19.29	20.4	18	4	100
11/03/2015 17:45	17.98	24.21	22.78	26.33	22.82	4	100
11/03/2015 17:50	17.33	19.66	20.19	19.99	19.29	4	100
11/03/2015 17:55	20.31	17.99	22.4	32.14	23.21	4	100
11/03/2015 18:00	20.08	18.57	20.34	23.29	20.57	4	100
11/03/2015 18:05	21.38	15.86	19.76	26.16	20.79	4	100
11/03/2015 18:10	17.6	15.22	15.92	15.77	16.13	4	100
11/03/2015 18:15	19.3	16.46	15.51	15.6	16.72	4	100
11/03/2015 18:20	16.66	15.63	16.14	16.61	16.26	4	100
11/03/2015 18:25	11.71	10.08	11.12	9.75	10.66	4	100
11/03/2015 18:30	10.4	9.77	9.78	12.13	10.52	4	100
11/03/2015 18:35	10.93	9.77	12.01	10.68	10.85	4	100
11/03/2015 18:40	10.48	11.18	12.2	12.91	11.69	4	100
11/03/2015 18:45	21.79	18.65	16.2	15.48	18.03	4	100
11/03/2015 18:50	11.67	10.3	12.11	12.78	11.72	4	100
11/03/2015 18:55	9.46	8.62	9.98	8.44	9.12	4	100
11/03/2015 19:00	10.28	10.19	10.07	10.91	10.36	4	100
11/03/2015 19:05	9.65	8.84	8.81	9.49	9.2	4	100
11/03/2015 19:10	9.56	9.56	10.17	9.79	9.77	4	100
11/03/2015 19:15	9.65	9.53	9.86	9.49	9.63	4	100
11/03/2015 19:20	9.34	8.2	8.24	8.7	8.62	4	100
11/03/2015 19:25	9.67	9.05	9.1	9.36	9.3	4	100
11/03/2015 19:30	10.01	9.12	9.58	7.91	9.16	4	100
11/03/2015 19:35	10.36	9.62	8.29	7.97	9.06	4	100
11/03/2015 19:40	9.87	9.61	9.73	8.53	9.44	4	100
11/03/2015 19:45	10.02	8.39	9.47	8.41	9.07	4	100
11/03/2015 19:50	10.03	9.22	8.64	8.19	9.02	4	100
11/03/2015 19:55	9.22	8.48	8.32	8.52	8.63	4	100
11/03/2015 20:00	9.88	7.58	8.98	7.51	8.49	4	100
11/03/2015 20:05	8.81	7.67	7.91	7.9	8.07	4	100
11/03/2015 20:10	8.2	7.02	7.04	6.28	7.13	4	100
11/03/2015 20:15	7.52	6.63	6.49	7.45	7.02	4	100
11/03/2015 20:20	7.5	6.91	5.93	5.36	6.43	4	100
11/03/2015 20:25	6.07	5.76	4.81	4.15	5.2	4	100
11/03/2015 20:30	7.58	6.46	5.77	6.22	6.51	4	100
11/03/2015 20:35	6.74	6.14	5.48	5.89	6.06	4	100
11/03/2015 20:40	7.33	6.63	6.2	6.42	6.64	4	100
11/03/2015 20:45	5.99	6.02	5.55	5.54	5.78	4	100
11/03/2015 20:50	5.89	5.22	5.75	5.73	5.65	4	100
11/03/2015 20:55	6.21	6.11	5.18	4.82	5.58	4	100
11/03/2015 21:00	6.52	5.91	4.29	4.54	5.31	4	100
11/03/2015 21:05	5.49	4.41	5.04	5.09	5.01	4	100
11/03/2015 21:10	5.81	5.17	5.52	4.58	5.27	4	100
11/03/2015 21:15	5.76	5.24	5.19	4.49	5.17	4	100
11/03/2015 21:20	4.87	5.06	5.3	5.19	5.1	4	100
11/03/2015 21:25	5.58	5.51	5.06	5.78	5.48	4	100
11/03/2015 21:30	4.26	4.03	5.32	4.81	4.61	4	100
11/03/2015 21:35	4.47	4.14	3.63	2.97	3.8	4	100
11/03/2015 21:40	5.03	4.82	5.5	4.53	4.97	4	100
11/03/2015 21:45	4.67	5.29	4.7	4.21	4.72	4	100
11/03/2015 21:50	3.81	3.82	4.34	3.63	3.9	4	100
11/03/2015 21:55	5.05	4.57	4.65	4.7	4.74	4	100
11/03/2015 22:00	3.11	3.77	3.26	4.05	3.55	4	100
11/03/2015 22:05	4.44	4.27	5.53	4.09	4.58	4	100
11/03/2015 22:10	4.75	3.75	3.51	3.92	3.98	4	100
11/03/2015 22:15	5.06	4.11	3.72	3.6	4.12	4	100
11/03/2015 22:20	5.38	5.26	4.87	2.8	4.58	4	100
11/03/2015 22:25	4.41	4.16	4.61	2.93	4.03	4	100
11/03/2015 22:30	3.59	4.1	2.88	2.77	3.33	4	100
11/03/2015 22:35	4.4	4.55	4.03	3.67	4.16	4	100
11/03/2015 22:40	3.35	2.88	2.85	3.04	3.03	4	100
11/03/2015 22:45	3.93	3.81	3.5	2.66	3.48	4	100
11/03/2015 22:50	2.87	3.6	3.41	2.72	3.15	4	100
11/03/2015 22:55	3.48	3.32	3.74	2.81	3.34	4	100
11/03/2015 23:00	2.7	2.55	2.9	3.12	2.82	4	100
11/03/2015 23:05	1.96	2.72	2.53	2.4	2.4	4	100
11/03/2015 23:10	2.63	2.77	2.57	2.27	2.56	4	100
11/03/2015 23:15	1.93	2.61	3.07	2.13	2.44	4	100
11/03/2015 23:20	2.17	2.64	2.78	2.33	2.48	4	100
11/03/2015 23:25	2.62	2.23	2.4	2.19	2.36	4	100
11/03/2015 23:30	2.09	2.01	2.03	2.03	2.04	4	100
11/03/2015 23:35	1.85	2.6	2.65	2.78	2.47	4	100
11/03/2015 23:40	1.68	2.16	2.63	3.13	2.4	4	100
11/03/2015 23:45	1.96	2.51	1.81	2.72	2.25	4	100
11/03/2015 23:50	1.64	2	1.9	1.22	1.69	4	100
11/03/2015 23:55	1.34	1.82	2.03	1.98	1.79	4	100
11/04/2015 00:00	1.22	2.03	2.18	1.62	1.76	4	100
11/04/2015 00:05	1.43	1.37	1.88	2.2	1.72	4	100
11/04/2015 00:10	1.39	1.58	1.63	2.55	1.79	4	100
11/04/2015 00:15	.94	1.73	1.89	2.5	1.76	4	100
11/04/2015 00:20	1.07	1.65	1.5	2.1	1.58	4	100
11/04/2015 00:25	1.14	1.53	1.62	2.37	1.66	4	100
11/04/2015 00:30	1.12	1.23	1.26	1.99	1.4	4	100
11/04/2015 00:35	1.28	2.24	1.91	2.47	1.98	4	100
11/04/2015 00:40	1.35	1.19	1.66	2.04	1.56	4	100
11/04/2015 00:45	1.19	1.59	1.86	1.27	1.48	4	100
11/04/2015 00:50	.9	1.02	2.23	1.23	1.35	4	100
11/04/2015 00:55	1.07	.99	1.72	1.3	1.27	4	100
11/04/2015 01:00	.69	1.32	1.79	1.52	1.33	4	100
11/04/2015 01:05	.29	.96	1.34	1.91	1.12	4	100
11/04/2015 01:10	.57	1.36	2.28	2.25	1.61	4	100
11/04/2015 01:15	.47	.83	.73	1.42	.86	4	100
11/04/2015 01:20	.57	.89	1.49	2.42	1.34	4	100
11/04/2015 01:25	.48	.66	.86	.72	.68	4	100
11/04/2015 01:30	.65	1.08	.99	2.26	1.24	4	100
11/04/2015 01:35	.34	.77	.75	.52	.59	4	100
11/04/2015 01:40	.7	.82	2.55	1.01	1.27	4	100
11/04/2015 01:45	.45	.7	.78	1.21	.78	4	100
11/04/2015 01:50	.65	.89	1.68	.38	.9	4	100
11/04/2015 01:55	.6	.66	1.14	.26	.66	4	100
11/04/2015 02:00	.35	.67	1.04	1.49	.89	4	100
11/04/2015 02:05	.46	.86	1.61	1.34	1.07	4	100
11/04/2015 02:10	.67	.86	1.44	1.37	1.09	4	100
11/04/2015 02:15	.77	.87	1.28	1.34	1.06	4	100
11/04/2015 02:20	.71	1.12	1.73	1.57	1.28	4	100
11/04/2015 02:25	.33	.91	1.48	.95	.92	4	100
11/04/2015 02:30	.28	.43	1	.52	.56	4	100
11/04/2015 02:35	.57	.56	1.7	1.94	1.19	4	100
11/04/2015 02:40	.36	.72	.41	.72	.55	4	100
11/04/2015 02:45	.6	.89	1.52	1.48	1.12	4	100
11/04/2015 02:50	.62	.72	2.06	2.38	1.45	4	100
11/04/2015 02:55	.8	.57	1.72	.82	.98	4	100
11/04/2015 03:00	.58	1.11	1.78	2.04	1.38	4	100
11/04/2015 03:05	.28	.91	1.9	1.19	1.07	4	100
11/04/2015 03:10	.56	.66	1.27	1.86	1.09	4	100
11/04/2015 03:15	.22	.8	.83	1.34	.8	4	100
11/04/2015 03:20	.29	.8	1.16	1.18	.86	4	100
11/04/2015 03:25	.7	.95	1.51	1.19	1.09	4	100
11/04/2015 03:30	.56	.84	.79	.68	.72	4	100
11/04/2015 03:35	.72	1.09	1.72	1.83	1.34	4	100
11/04/2015 03:40	.47	.96	1.28	1.42	1.03	4	100
11/04/2015 03:45	.58	1.13	1.46	1.17	1.09	4	100
11/04/2015 03:50	.48	.79	1.09	1.69	1.01	4	100
11/04/2015 03:55	.47	1.05	1.82	1.32	1.17	4	100
11/04/2015 04:00	.46	.99	1.24	1.39	1.02	4	100
11/04/2015 04:05	.88	1.02	1.54	1.22	1.17	4	100
11/04/2015 04:10	.87	1.57	3.41	1.29	1.78	4	100
11/04/2015 04:15	.9	1.09	1.82	2.23	1.51	4	100
11/04/2015 04:20	1.37	2.02	2.39	2.3	2.02	4	100
11/04/2015 04:25	1.33	1.72	2	1.17	1.56	4	100
11/04/2015 04:30	2.26	2.45	3.11	2.81	2.66	4	100
11/04/2015 04:35	1.93	2.57	3.31	2.79	2.65	4	100
11/04/2015 04:40	2.4	2.59	3.81	2.69	2.87	4	100
11/04/2015 04:45	2.23	2.58	4.01	2.39	2.8	4	100
11/04/2015 04:50	1.86	2.53	2.58	2.83	2.45	4	100
11/04/2015 04:55	2.37	2.22	3.07	2.79	2.61	4	100
11/04/2015 05:00	2.44	2.66	3.12	3.01	2.81	4	100
11/04/2015 05:05	3.19	3.68	4.42	3.06	3.59	4	100
11/04/2015 05:10	3.59	4.35	4.3	3.82	4.01	4	100
11/04/2015 05:15	4.31	4.67	5.98	3.72	4.67	4	100
11/04/2015 05:20	5.6	5.41	5.92	4.79	5.43	4	100
11/04/2015 05:25	6.35	6.59	5.5	4.91	5.84	4	100
11/04/2015 05:30	7.28	6.3	6.64	5.5	6.43	4	100
11/04/2015 05:35	7.9	7.07	6.36	6.13	6.87	4	100
11/04/2015 05:40	8.26	6.91	6.75	4.9	6.7	4	100
11/04/2015 05:45	9.11	8.19	6.78	6.9	7.74	4	100
11/04/2015 05:50	9.09	8.09	7.85	5.99	7.76	4	100
11/04/2015 05:55	11.96	9.69	9.5	6.84	9.5	4	100
11/04/2015 06:00	9.55	8.04	7.25	5.49	7.58	4	100
11/04/2015 06:05	12.58	10.04	9.96	7.42	10	4	100
11/04/2015 06:10	13.97	11.51	10.11	8.3	10.97	4	100
11/04/2015 06:15	13.54	10.77	10.42	7.29	10.51	4	100
11/04/2015 06:20	12.14	9.88	9.9	7.9	9.96	4	100
11/04/2015 06:25	11.07	9.44	9.91	8.24	9.67	4	100
11/04/2015 06:30	11.03	9.49	8.75	8.3	9.39	4	100
11/04/2015 06:35	11.06	9.48	8.99	7.24	9.19	4	100
11/04/2015 06:40	10.08	10.35	9.73	8.01	9.54	4	100
11/04/2015 06:45	8.16	8.13	7.8	7.05	7.79	4	100
11/04/2015 06:50	10.85	9.1	9.28	9.3	9.63	4	100
11/04/2015 06:55	8.24	8.58	7.85	7.81	8.12	4	100
11/04/2015 07:00	10.26	9.36	10.24	9.98	9.96	4	100
11/04/2015 07:05	11.2	9.92	10.28	10.28	10.42	4	100
11/04/2015 07:10	10.91	9.89	10.34	11.01	10.54	4	100
11/04/2015 07:15	11.21	11.84	12.06	12.29	11.85	4	100
11/04/2015 07:20	9.91	9.28	11.08	9.39	9.91	4	100
11/04/2015 07:25	12.42	10.9	12.26	13.27	12.21	4	100
11/04/2015 07:30	11.23	9.66	11.05	10.79	10.68	4	100
11/04/2015 07:35	11.33	11.25	12.3	13.02	11.97	4	100
11/04/2015 07:40	11.12	10.77	10.98	11.01	10.97	4	100
11/04/2015 07:45	11.4	11.29	11.49	11.81	11.5	4	100
11/04/2015 07:50	9.46	9.68	9.85	8.64	9.41	4	100
11/04/2015 07:55	10.54	8.63	9.39	9.31	9.47	4	100
11/04/2015 08:00	10.28	8.82	10.07	8.54	9.43	4	100
11/04/2015 08:05	10.86	9.54	11.74	10.23	10.59	4	100
11/04/2015 08:10	11.18	10.17	9.4	9.45	10.05	4	100
11/04/2015 08:15	10.52	9.49	11.26	11.33	10.65	4	100
11/04/2015 08:20	9.65	9.5	11.33	10.64	10.28	4	100
11/04/2015 08:25	10.61	9.68	9.58	10.33	10.05	4	100
11/04/2015 08:30	10.38	8.78	10.69	9.45	9.83	4	100
11/04/2015 08:35	9.38	9.49	9.55	8.9	9.33	4	100
11/04/2015 08:40	10.66	10.37	11.83	10.11	10.74	4	100
11/04/2015 08:45	10.68	9.29	10.27	11.03	10.32	4	100
11/04/2015 08:50	9.01	8.24	9.43	10.27	9.24	4	100
11/04/2015 08:55	10	7.51	9.93	8.97	9.1	4	100
11/04/2015 09:00	9.49	8.25	10.16	10.4	9.58	4	100
11/04/2015 09:05	9.19	9.28	9.87	10.04	9.59	4	100
11/04/2015 09:10	9.35	9.01	10.27	8.53	9.29	4	100
11/04/2015 09:15	9.5	9.52	8.72	8.6	9.08	4	100
11/04/2015 09:20	9.53	9.09	9.47	8.52	9.15	4	100
11/04/2015 09:25	9.15	8.5	9.28	8.45	8.85	4	100
11/04/2015 09:30	9.4	8.68	10.38	9.17	9.41	4	100
11/04/2015 09:35	9.2	8.88	8.47	9.02	8.89	4	100
11/04/2015 09:40	11.43	8.74	10.2	8.35	9.68	4	100
11/04/2015 09:45	8.58	8.35	9.51	8.39	8.71	4	100
11/04/2015 09:50	8.94	8.21	8.53	8.13	8.45	4	100
11/04/2015 09:55	7.14	7.64	9.9	9.12	8.45	4	100
11/04/2015 10:00	7.32	7.71	8.05	8.67	7.94	4	100
11/04/2015 10:05	8.27	8.6	9.76	9.05	8.92	4	100
11/04/2015 10:10	8.5	7.49	9.22	8.21	8.35	4	100
11/04/2015 10:15	9.57	7.86	8.92	9.14	8.87	4	100
11/04/2015 10:20	9.42	8.6	9.97	9.88	9.47	4	100
11/04/2015 10:25	8.8	8.14	9.07	9.23	8.81	4	100
11/04/2015 10:30	8.7	8.81	8.82	7.98	8.58	4	100
11/04/2015 10:35	9.35	9.06	10.57	7.83	9.2	4	100
11/04/2015 10:40	9.13	8.91	9.55	9.51	9.28	4	0
11/04/2015 10:45	8.58	8.98	9.15	7.85	8.64	4	100
11/04/2015 10:50	8.99	8.09	8.98	8.09	8.54	4	100
11/04/2015 10:55	9.21	8.61	9.26	8.67	8.94	4	100
11/04/2015 11:00	9.31	8.64	9.2	8.32	8.87	4	0
11/04/2015 11:05	8.89	8.69	9.16	8.66	8.85	4	0
11/04/2015 11:10	8.33	7.22	12.89	9.67	9.53	4	100
11/04/2015 11:15	8.74	8.25	9.99	8.99	8.99	4	0
11/04/2015 11:20	9.74	8.36	8.86	8.51	8.87	4	0
11/04/2015 11:25	9.26	8.91	10.6	9.23	9.5	4	0
11/04/2015 11:30	8.39	9.39	10.33	11.39	9.88	4	100
11/04/2015 11:35	9.41	9.2	9.24	8.38	9.06	4	100
11/04/2015 11:40	10.82	9.44	11.1	9.02	10.09	4	100
11/04/2015 11:45	9.22	8.92	10.16	10.49	9.7	4	100
11/04/2015 11:50	8.63	7.78	8.1	7.62	8.03	4	100
11/04/2015 11:55	8.5	8.4	9.62	8.39	8.73	4	100
11/04/2015 12:00	7.18	7.52	9.07	8.52	8.07	4	100
11/04/2015 12:05	10.07	7.88	9.16	8.84	8.99	4	100
11/04/2015 12:10	10.96	10.42	11.17	10.11	10.66	4	100
11/04/2015 12:15	9.12	8.96	10.17	9.32	9.39	4	100
11/04/2015 12:20	10.22	9.72	9.46	11.12	10.13	4	100
11/04/2015 12:25	9.83	9.16	10.72	10.28	10	4	100
11/04/2015 12:30	9.34	9.02	11.76	9.73	9.96	4	100
11/04/2015 12:35	7.86	7.48	9.69	8.63	8.42	4	100
11/04/2015 12:40	10.57	10	11.21	10.77	10.64	4	100
11/04/2015 12:45	9.42	8.09	9.58	9.55	9.16	4	100
11/04/2015 12:50	10.68	10.5	10.33	10.18	10.42	4	100
11/04/2015 12:55	10.31	9.45	10.42	9.48	9.92	4	100
11/04/2015 13:00	9.9	8.22	10.47	9.88	9.62	4	100
11/04/2015 13:05	10.74	9.5	10.03	8.99	9.81	4	100
11/04/2015 13:10	10.01	8.37	10.34	8.68	9.35	4	100
11/04/2015 13:15	9.9	9.65	10.34	10.92	10.2	4	100
11/04/2015 13:20	11.4	10.01	11.38	11.73	11.13	4	100
11/04/2015 13:25	6.92	6.83	8.26	9.26	7.82	4	100
11/04/2015 13:30	8.3	9.02	8.02	7.94	8.32	4	100
11/04/2015 13:35	11.09	9.72	10.41	9.25	10.12	4	100
11/04/2015 13:40	11.33	10.34	12.01	10.42	11.03	4	100
11/04/2015 13:45	11.45	10.81	11.86	10.33	11.11	4	100
11/04/2015 13:50	12.23	10.83	10.84	10.87	11.19	4	100
11/04/2015 13:55	11.75	10.41	11.57	10.43	11.04	4	100
11/04/2015 14:00	10.6	10.11	10.45	10.8	10.49	4	100
11/04/2015 14:05	11.11	9.51	11.28	9.88	10.45	4	100
11/04/2015 14:10	11.92	10.06	10.95	9.79	10.68	4	100
11/04/2015 14:15	10.6	10.36	11.48	9.87	10.58	4	100
11/04/2015 14:20	10.71	10.32	12.16	10.5	10.92	4	100
11/04/2015 14:25	10.98	9.6	11.24	11.51	10.83	4	100
11/04/2015 14:30	11.66	10.48	12.62	11.38	11.54	4	100
11/04/2015 14:35	18.87	16.01	16.31	13.49	16.17	4	100
11/04/2015 14:40	17.16	17.68	16.35	16.11	16.83	4	100
11/04/2015 14:45	18.57	19.4	19.65	17.46	18.77	4	100
11/04/2015 14:50	18.44	18.93	19.41	17.68	18.62	4	100
11/04/2015 14:55	18.15	16.08	17.33	17.18	17.19	4	100
11/04/2015 15:00	13.22	11.93	13.17	13.33	12.91	4	100
11/04/2015 15:05	9.87	9.08	9.87	9.57	9.6	4	100
11/04/2015 15:10	8.06	8.22	9.15	7.92	8.34	4	100
11/04/2015 15:15	10.06	8.67	10.3	9.71	9.69	4	100
11/04/2015 15:20	10.64	10.91	11.32	12.12	11.25	4	100
11/04/2015 15:25	11.34	10.67	10.43	11.66	11.03	4	100
11/04/2015 15:30	11.46	10.2	10.98	11.79	11.11	4	100
11/04/2015 15:35	10.73	10.32	11.83	11.8	11.17	4	100
11/04/2015 15:40	11.08	11.12	12.34	12.77	11.83	4	100
11/04/2015 15:45	12.83	11.62	12.06	13.2	12.43	4	100
11/04/2015 15:50	17.16	15.42	15.68	14.27	15.63	4	100
11/04/2015 15:55	16.4	14.71	15.03	15.39	15.38	4	100
11/04/2015 16:00	22.15	17.34	17.34	15.97	18.2	4	100
11/04/2015 16:05	18.43	17.73	17.67	21.39	18.8	4	100
11/04/2015 16:10	23.19	22.15	26.48	24.32	24.03	4	100
11/04/2015 16:15	23.01	23.4	19.72	17.3	20.86	4	100
11/04/2015 16:20	24.59	23.86	21.74	22.43	23.16	4	100
11/04/2015 16:25	20.52	22.71	21.75	21.82	21.7	4	100
11/04/2015 16:30	22.51	24.17	29.03	24.61	25.08	4	100
11/04/2015 16:35	17.01	19.44	23.34	21.92	20.43	4	100
11/04/2015 16:40	17.55	14.68	16.13	14.91	15.82	4	100
11/04/2015 16:45	24.95	23.89	18.45	17.16	21.11	4	100
11/04/2015 16:50	20.88	16.22	18.59	17.5	18.3	4	100
11/04/2015 16:55	24.73	19.35	25.11	21.92	22.78	4	100
11/04/2015 17:00	27.08	22.67	21.09	23.43	23.57	4	100
11/04/2015 17:05	14.15	14.04	15.32	13.64	14.29	4	100
11/04/2015 17:10	24.2	25.96	25.21	27.19	25.64	4	100
11/04/2015 17:15	19.66	20.73	20.72	20.45	20.39	4	100
11/04/2015 17:20	25.78	22.67	20.97	23.37	23.2	4	100
11/04/2015 17:25	17.36	17.46	20.27	22.75	19.46	4	100
11/04/2015 17:30	21.62	22.09	21.95	25.6	22.82	4	100
11/04/2015 17:35	15.52	14.8	16.76	16.9	16	4	100
11/04/2015 17:40	14.27	13.23	12.99	14.16	13.66	4	100
11/04/2015 17:45	22.12	17.51	18.19	19.71	19.38	4	100
11/04/2015 17:50	18	15.77	20.75	23.16	19.42	4	100
11/04/2015 17:55	15.48	17.74	16.62	14.93	16.19	4	100
11/04/2015 18:00	10.66	9.59	11.58	10.37	10.55	4	100
11/04/2015 18:05	10.23	10.46	11	11.32	10.75	4	100
11/04/2015 18:10	11.54	10.02	11.98	12.58	11.53	4	100
11/04/2015 18:15	12.38	10.1	10.5	12.38	11.34	4	100
11/04/2015 18:20	9.79	10.03	10.61	10.29	10.18	4	100
11/04/2015 18:25	11.53	10.32	11.12	11.55	11.13	4	100
11/04/2015 18:30	11.51	10.42	11.31	12.39	11.41	4	100
11/04/2015 18:35	9.57	9.37	10.26	10.34	9.89	4	100
11/04/2015 18:40	10.71	11.1	11.31	10.89	11	4	100
11/04/2015 18:45	10.31	10.07	11.07	10.48	10.48	4	100
11/04/2015 18:50	10.15	9.64	10.45	11.04	10.32	4	100
11/04/2015 18:55	9.57	8.97	10	9.78	9.58	4	100
11/04/2015 19:00	9.72	9.02	11.12	9.64	9.87	4	100
11/04/2015 19:05	11.26	9.58	10.31	10.52	10.42	4	100
11/04/2015 19:10	10.81	9.84	10.9	8.82	10.09	4	100
11/04/2015 19:15	11.08	9.18	10.31	7.71	9.57	4	100
11/04/2015 19:20	10.58	9.33	10.73	10.27	10.23	4	100
11/04/2015 19:25	10.39	9.32	9.61	8.53	9.46	4	100
11/04/2015 19:30	9.99	9.25	8.93	7.96	9.03	4	100
11/04/2015 19:35	9.97	9.83	10.9	10.28	10.24	4	100
11/04/2015 19:40	10.63	9.45	10.46	9.93	10.12	4	100
11/04/2015 19:45	9.94	9.01	10.62	9.23	9.7	4	100
11/04/2015 19:50	10.88	9.71	10.23	8.12	9.74	4	100
11/04/2015 19:55	9.54	7.68	7.52	8.27	8.25	4	100
11/04/2015 20:00	8.92	7.97	8.31	7.77	8.24	4	100
11/04/2015 20:05	11.17	10.31	9.02	8.11	9.65	4	100
11/04/2015 20:10	11	8.95	9.12	8.49	9.39	4	100
11/04/2015 20:15	9.68	8.42	8.44	8.31	8.71	4	100
11/04/2015 20:20	9.7	7.71	8.42	6.46	8.07	4	100
11/04/2015 20:25	7.74	7.06	8.02	6.79	7.4	4	100
11/04/2015 20:30	8.16	7.99	7.41	6.67	7.56	4	100
11/04/2015 20:35	7.57	6.47	5.93	5.79	6.44	4	100
11/04/2015 20:40	8.82	7.43	7.92	7.08	7.81	4	100
11/04/2015 20:45	7.05	5.86	5.56	4.26	5.68	4	100
11/04/2015 20:50	7.51	6.71	5.65	5.21	6.27	4	100
11/04/2015 20:55	6.7	5.5	5.24	4.93	5.59	4	100
11/04/2015 21:00	6.24	5.32	4.78	4.98	5.33	4	100
11/04/2015 21:05	6.86	6.74	5.4	5.42	6.11	4	100
11/04/2015 21:10	5.24	5.22	4.83	5.02	5.08	4	100
11/04/2015 21:15	5.31	5.1	5.57	4	5	4	100
11/04/2015 21:20	6.35	5.96	5.4	4.93	5.66	4	100
11/04/2015 21:25	5.41	6.3	5.48	5.42	5.65	4	100
11/04/2015 21:30	6.29	4.8	5.27	4.18	5.13	4	100
11/04/2015 21:35	6.22	5.87	5.81	4.36	5.56	4	100
11/04/2015 21:40	4.77	4.69	3.74	3.36	4.14	4	100
11/04/2015 21:45	5.3	5.54	4.99	4.29	5.03	4	100
11/04/2015 21:50	5.32	4.75	5.24	4.52	4.96	4	100
11/04/2015 21:55	4.64	4.77	4.39	4.69	4.62	4	100
11/04/2015 22:00	5.3	4.7	4.58	3.78	4.59	4	100
11/04/2015 22:05	4.58	4.43	4.28	3.58	4.22	4	100
11/04/2015 22:10	4.88	5.13	3.99	3.91	4.48	4	100
11/04/2015 22:15	4.26	5.24	4.58	4.13	4.55	4	100
11/04/2015 22:20	4.46	4.11	4.33	3.39	4.07	4	100
11/04/2015 22:25	4.21	4.31	3.79	3.19	3.87	4	100
11/04/2015 22:30	3.92	4	3.44	3.24	3.65	4	100
11/04/2015 22:35	3.78	4.15	3.51	2.92	3.59	4	100
11/04/2015 22:40	3.06	4.07	3.84	3.93	3.72	4	100
11/04/2015 22:45	2.73	2.99	3.13	2.65	2.87	4	100
11/04/2015 22:50	3.44	3.18	2.82	2.24	2.92	4	100
11/04/2015 22:55	2.81	2.7	2.73	2.11	2.59	4	100
11/04/2015 23:00	1.8	2.8	2.99	2.71	2.57	4	100
11/04/2015 23:05	2.69	2.2	2.61	2.34	2.46	4	100
11/04/2015 23:10	2.88	3.17	2.63	2.25	2.73	4	100
11/04/2015 23:15	3.13	3.14	2.6	2.89	2.94	4	100
11/04/2015 23:20	2.86	2.82	2.3	2.42	2.6	4	100
11/04/2015 23:25	2.01	2.7	2.76	2.94	2.6	4	100
11/04/2015 23:30	2.53	2.11	1.75	1.62	2	4	100
11/04/2015 23:35	2.44	3.02	2.9	2.78	2.78	4	100
11/04/2015 23:40	1.59	2.87	2.65	1.85	2.24	4	100
11/04/2015 23:45	1.67	2.33	2.53	1.86	2.1	4	100
11/04/2015 23:50	2.1	2.49	2.55	2.21	2.34	4	100
11/04/2015 23:55	1.7	2.03	2.21	1.51	1.86	4	100
11/05/2015 00:00	1.79	2.32	2.33	2.24	2.17	4	100
11/05/2015 00:05	1.78	2.27	2.07	2.18	2.08	4	100
11/05/2015 00:10	1.38	2	2.4	2.39	2.04	4	100
11/05/2015 00:15	1.78	1.63	2.38	1.4	1.8	4	100
11/05/2015 00:20	1.29	1.78	1.8	2.76	1.91	4	100
11/05/2015 00:25	1.11	1.52	2.18	2.69	1.88	4	100
11/05/2015 00:30	1.44	1.85	1.61	1.41	1.58	4	100
11/05/2015 00:35	1.31	1.88	2.89	1.58	1.92	4	100
11/05/2015 00:40	.97	1.41	1.82	2.18	1.59	4	100
11/05/2015 00:45	.87	1.45	1.53	1.82	1.42	4	100
11/05/2015 00:50	.98	1.53	1.51	1.87	1.47	4	100
11/05/2015 00:55	1.09	1.22	1.83	2.31	1.61	4	100
11/05/2015 01:00	.58	1.28	1.19	1.45	1.12	4	100
11/05/2015 01:05	.68	1.51	1.4	2.36	1.49	4	100
11/05/2015 01:10	.81	.83	2.08	1.62	1.33	4	100
11/05/2015 01:15	.74	.99	1.33	.88	.99	4	100
11/05/2015 01:20	.77	1.33	1.56	3.23	1.72	4	100
11/05/2015 01:25	.59	.96	1.19	1.22	.99	4	100
11/05/2015 01:30	.79	.76	1.39	1.77	1.18	4	100
11/05/2015 01:35	.52	.99	1.73	1.6	1.21	4	100
11/05/2015 01:40	.6	1.34	1.3	2.21	1.36	4	100
11/05/2015 01:45	.5	.64	1.29	2.05	1.12	4	100
11/05/2015 01:50	.39	1.06	1.12	1.06	.91	4	100
11/05/2015 01:55	.54	.95	1.23	.9	.91	4	100
11/05/2015 02:00	.46	.52	1.16	.67	.7	4	100
11/05/2015 02:05	.49	.86	1.87	1.87	1.27	4	100
11/05/2015 02:10	.8	1.02	1.28	1.36	1.12	4	100
11/05/2015 02:15	.8	.95	1.75	1.1	1.15	4	100
11/05/2015 02:20	.5	.52	.69	1.34	.76	4	100
11/05/2015 02:25	.54	.76	.99	1.2	.87	4	100
11/05/2015 02:30	.7	1.49	1.33	1.27	1.2	4	100
11/05/2015 02:35	.57	.63	2.16	2.47	1.46	4	100
11/05/2015 02:40	.52	1.11	.97	2.21	1.2	4	100
11/05/2015 02:45	.3	.91	2.08	1.08	1.09	4	100
11/05/2015 02:50	.7	.83	1.62	1.55	1.18	4	100
11/05/2015 02:55	.51	1.38	1.11	1.53	1.13	4	100
11/05/2015 03:00	.31	1	1.21	1.32	.96	4	100
11/05/2015 03:05	.39	1.34	1.22	2.11	1.26	4	100
11/05/2015 03:10	.57	1.31	1.68	1.51	1.27	4	100
11/05/2015 03:15	.41	.63	1.08	1.23	.84	4	100
11/05/2015 03:20	.51	.62	1.36	1.29	.95	4	100
11/05/2015 03:25	.85	1.32	2.36	.97	1.38	4	100
11/05/2015 03:30	.3	1.1	.89	.98	.82	4	100
11/05/2015 03:35	.73	1.71	2.42	2.09	1.74	4	100
11/05/2015 03:40	.68	1.59	1.55	1.37	1.3	4	100
11/05/2015 03:45	.67	1.03	1.42	1.75	1.22	4	100
11/05/2015 03:50	.75	1.27	1.18	1.18	1.09	4	100
11/05/2015 03:55	.55	.68	1.43	1.09	.94	4	100
11/05/2015 04:00	.26	.8	.79	1.54	.85	4	100
11/05/2015 04:05	.52	1.18	2.21	1.21	1.28	4	100
11/05/2015 04:10	1.27	1.92	2.58	2.66	2.11	4	100
11/05/2015 04:15	1.17	1.58	2.39	2.67	1.95	4	100
11/05/2015 04:20	1.23	2.02	1.64	1.52	1.6	4	100
11/05/2015 04:25	1.4	1.89	2.03	2.85	2.04	4	100
11/05/2015 04:30	1.82	2.48	3.48	2.71	2.62	4	100
11/05/2015 04:35	1.99	2.67	2.93	2.51	2.52	4	100
11/05/2015 04:40	2.92	2.87	3	2.78	2.89	4	100
11/05/2015 04:45	2.55	2.55	2.69	2.4	2.55	4	100
11/05/2015 04:50	2.17	2.24	3.43	3.03	2.72	4	100
11/05/2015 04:55	1.97	2.42	2.99	2.35	2.43	4	100
11/05/2015 05:00	2.78	2.89	4.5	2.27	3.11	4	100
11/05/2015 05:05	2.72	3.19	3.98	4.22	3.53	4	100
11/05/2015 05:10	3.32	4.08	5.12	2.86	3.84	4	100
11/05/2015 05:15	4.13	4.43	5.78	4.1	4.61	4	100
11/05/2015 05:20	4.85	5.23	6.43	4.67	5.29	4	100
11/05/2015 05:25	5.41	4.81	5.51	4.4	5.03	4	100
11/05/2015 05:30	6.96	6.3	6.26	4	5.88	4	100
11/05/2015 05:35	8.66	7.63	8.2	5.34	7.46	4	100
11/05/2015 05:40	9.68	7.81	7.94	5.49	7.73	4	100
11/05/2015 05:45	9.89	8.28	8.28	6.49	8.24	4	100
11/05/2015 05:50	9.11	7.49	7.17	5.02	7.2	4	100
11/05/2015 05:55	10.35	8.82	8.58	5.46	8.3	4	100
11/05/2015 06:00	11.91	8.8	8.43	6.09	8.81	4	100
11/05/2015 06:05	13.12	11.08	11.2	8.03	10.86	4	100
11/05/2015 06:10	13.85	12.07	12.18	8.83	11.73	4	100
11/05/2015 06:15	12.73	10.45	10.96	7.48	10.41	4	100
11/05/2015 06:20	10.89	10.52	9.33	7.33	9.52	4	100
11/05/2015 06:25	10.97	9.61	9.5	7.79	9.47	4	100
11/05/2015 06:30	10.19	8.67	9.44	9.21	9.38	4	100
11/05/2015 06:35	10.85	9.7	9.61	12.02	10.55	4	100
11/05/2015 06:40	11.37	10.94	11.06	9.73	10.77	4	100
11/05/2015 06:45	11.01	10.03	9.42	8.68	9.78	4	100
11/05/2015 06:50	9.44	8.84	9.27	9.16	9.18	4	100
11/05/2015 06:55	11.01	9.4	9.3	7.97	9.42	4	100
11/05/2015 07:00	8.62	9.04	7.88	9.1	8.66	4	100
11/05/2015 07:05	9.79	9.23	8.88	9.58	9.37	4	100
11/05/2015 07:10	11.72	10.59	10.66	11.02	11	4	100
11/05/2015 07:15	10.93	10.3	11.4	10.61	10.81	4	100
11/05/2015 07:20	11.08	9.95	11.01	9.99	10.51	4	100
11/05/2015 07:25	10.88	10.18	12	12.32	11.34	4	100
11/05/2015 07:30	11.2	10.02	11.56	10.32	10.77	4	100
11/05/2015 07:35	10.79	10.3	11.79	11.05	10.98	4	100
11/05/2015 07:40	11.17	10.49	11.61	11.88	11.29	4	100
11/05/2015 07:45	10.77	9.39	10.53	10.84	10.38	4	100
11/05/2015 07:50	8.69	8.79	8.8	10.3	9.15	4	100
11/05/2015 07:55	10.61	9.08	10.34	9.73	9.94	4	100
11/05/2015 08:00	11.12	10.32	11.25	9	10.42	4	100
11/05/2015 08:05	11.81	10.51	9.69	9.85	10.46	4	100
11/05/2015 08:10	10.19	9.44	10.42	9.25	9.83	4	100
11/05/2015 08:15	10.85	9.38	9.63	10.5	10.09	4	100
11/05/2015 08:20	9.02	8.66	7.93	8.49	8.52	4	100
11/05/2015 08:25	11.65	9.25	10.34	10.47	10.43	4	100
11/05/2015 08:30	9.88	9.31	10.83	11.32	10.33	4	100
11/05/2015 08:35	9.2	9.25	8.88	9.81	9.29	4	100
11/05/2015 08:40	10.34	9.07	9.36	10.54	9.83	4	100
11/05/2015 08:45	10.47	8.8	9.46	10.34	9.77	4	100
11/05/2015 08:50	9.75	8.41	9.72	11.29	9.79	4	100
11/05/2015 08:55	10.71	9.98	11.19	12.17	11.01	4	100
11/05/2015 09:00	9.38	9.15	9.88	9.01	9.36	4	100
11/05/2015 09:05	10.19	9.68	9.77	11.2	10.21	4	100
11/05/2015 09:10	9.49	9.49	10.73	10.83	10.14	4	100
11/05/2015 09:15	10.31	9.56	10.51	9.4	9.94	4	100
11/05/2015 09:20	9.05	7.99	9.37	9.88	9.07	4	100
11/05/2015 09:25	8.71	8.17	8.71	8.93	8.63	4	100
11/05/2015 09:30	7.73	8	9.94	7.91	8.39	4	100
11/05/2015 09:35	10.39	8.82	9.32	8.08	9.15	4	100
11/05/2015 09:40	9.49	9.3	9.05	7.86	8.92	4	100
11/05/2015 09:45	8.86	8.51	9.42	8.92	8.93	4	100
11/05/2015 09:50	8.87	7.64	9.83	8.3	8.66	4	100
11/05/2015 09:55	8.49	8.73	7.78	7.6	8.15	4	100
11/05/2015 10:00	9.39	8.18	8.17	8.17	8.48	4	100
11/05/2015 10:05	9.29	9.09	8.12	9.53	9.01	4	100
11/05/2015 10:10	7.71	7.41	8.74	8.51	8.09	4	100
11/05/2015 10:15	9.45	8.3	9.66	8.21	8.91	4	100
11/05/2015 10:20	8.62	7.76	9.67	9.64	8.92	4	100
11/05/2015 10:25	8.11	8.64	9.08	8.79	8.66	4	100
11/05/2015 10:30	9.53	9.33	8.39	8.6	8.96	4	100
11/05/2015 10:35	8.63	8.99	9.27	8.35	8.81	4	100
11/05/2015 10:40	8.09	8.9	10.89	8.46	9.09	4	100
11/05/2015 10:45	8.59	8.29	9.42	7.77	8.52	4	100
11/05/2015 10:50	8.04	7.98	8.83	7	7.96	4	100
11/05/2015 10:55	8.56	8	9.62	8.22	8.6	4	100
11/05/2015 11:00	8.31	7.58	9.81	7.58	8.32	4	100
11/05/2015 11:05	8.78	7.37	9.22	8.6	8.49	4	100
11/05/2015 11:10	9.09	8.5	9.38	8.87	8.96	4	100
11/05/2015 11:15	10.23	9.51	10.5	8.5	9.69	4	100
11/05/2015 11:20	9.66	8.87	9.95	7.68	9.04	4	100
11/05/2015 11:25	10.13	8.95	10.14	10.89	10.03	4	100
11/05/2015 11:30	8.57	8.23	9.73	7.88	8.6	4	100
11/05/2015 11:35	10.23	8.22	10.58	9.07	9.53	4	100
11/05/2015 11:40	9.41	8.07	9.72	9.41	9.15	4	100
11/05/2015 11:45	8.36	8.15	7.49	10.37	8.59	4	100
11/05/2015 11:50	9.26	8.39	9.25	7.63	8.63	4	100
11/05/2015 11:55	9.06	8.61	9.06	9.28	9	4	100
11/05/2015 12:00	8.28	9.45	10.13	8.63	9.12	4	100
11/05/2015 12:05	10.53	9.48	9.23	9.5	9.68	4	100
11/05/2015 12:10	9.32	8.14	9.55	9.63	9.16	4	100
11/05/2015 12:15	9.89	7.91	10.96	10.52	9.82	4	100
11/05/2015 12:20	10.1	9.39	10.89	9.33	9.93	4	100
11/05/2015 12:25	9.09	8.64	8.85	9.68	9.07	4	100
11/05/2015 12:30	9.59	8.77	9.81	9.96	9.53	4	100
11/05/2015 12:35	9.55	9.34	10.39	8.91	9.55	4	100
11/05/2015 12:40	9.83	9.96	10.33	11.08	10.3	4	100
11/05/2015 12:45	9.99	9.33	11.52	8.87	9.93	4	100
11/05/2015 12:50	9.99	8.41	10.07	9.73	9.55	4	100
11/05/2015 12:55	9.41	8.49	9.13	7.85	8.72	4	100
11/05/2015 13:00	8.46	7.33	9.77	8.02	8.39	4	100
11/05/2015 13:05	10.27	10.18	11.16	8.85	10.12	4	100
11/05/2015 13:10	10.79	10.27	10.43	9.15	10.16	4	100
11/05/2015 13:15	10.98	10.22	9.87	8.83	9.97	4	100
11/05/2015 13:20	10.33	9.22	8.8	9.73	9.52	4	100
11/05/2015 13:25	10.53	9.23	10.48	9.33	9.89	4	100
11/05/2015 13:30	8.89	8.44	11.23	9.75	9.58	4	100
11/05/2015 13:35	11.55	10.12	11.59	11.07	11.08	4	100
11/05/2015 13:40	11.52	10.27	10.46	9.47	10.43	4	100
11/05/2015 13:45	11.2	10.49	9.94	10.58	10.55	4	100
11/05/2015 13:50	11.02	10.71	12.05	9.28	10.76	4	100
11/05/2015 13:55	12.01	10.53	11.57	10.05	11.04	4	100
11/05/2015 14:00	12.17	10.73	11.86	10.68	11.36	4	100
11/05/2015 14:05	11.73	11.05	12.37	11.66	11.7	4	100
11/05/2015 14:10	15.48	14.02	15.12	13.72	14.58	4	100
11/05/2015 14:15	23.42	19.53	19.95	20.18	20.77	4	100
11/05/2015 14:20	12.29	11.06	13.57	11.58	12.12	4	100
11/05/2015 14:25	12.04	11.38	12.11	11.87	11.85	4	100
11/05/2015 14:30	11.7	11.25	11.98	12.71	11.91	4	100
11/05/2015 14:35	14.56	13.88	14.94	12.15	13.88	4	100
11/05/2015 14:40	19.57	19.9	17.67	18.49	18.91	4	100
11/05/2015 14:45	23.7	21.66	25.35	23.53	23.56	4	100
11/05/2015 14:50	16.29	17.12	18.7	19.36	17.87	4	100
11/05/2015 14:55	23.28	21	20.05	23.89	22.05	4	100
11/05/2015 15:00	22.19	21.02	22.31	23.33	22.21	4	100
11/05/2015 15:05	20.76	22.74	21.23	18.16	20.72	4	100
11/05/2015 15:10	21.54	18.8	21.63	19.51	20.37	4	100
11/05/2015 15:15	23.22	22.92	24.25	24.61	23.75	4	100
11/05/2015 15:20	20.62	18.21	21.63	25.42	21.47	4	100
11/05/2015 15:25	24.45	18.58	17.79	15.29	19.03	4	100
11/05/2015 15:30	19.2	19.51	20.67	20.7	20.02	4	100
11/05/2015 15:35	23.42	24.93	25.47	24.1	24.48	4	100
11/05/2015 15:40	21.64	25.34	22.6	20.44	22.51	4	100
11/05/2015 15:45	20.48	19.34	19.81	18.21	19.46	4	100
11/05/2015 15:50	23.93	22.34	23.72	24.01	23.5	4	100
11/05/2015 15:55	21.87	19.85	26.82	28	24.14	4	100
11/05/2015 16:00	17.3	17.67	19.19	18.99	18.29	4	100
11/05/2015 16:05	17.41	17.12	21.7	22.46	19.67	4	100
11/05/2015 16:10	21.95	18.47	22.28	23.41	21.53	4	100
11/05/2015 16:15	25.99	20.9	25.09	25.6	24.4	4	100
11/05/2015 16:20	21.14	19.6	25.66	23.37	22.44	4	100
11/05/2015 16:25	17.14	19.58	21.37	20.87	19.74	4	100
11/05/2015 16:30	24.19	22.53	26.14	24.91	24.44	4	100
11/05/2015 16:35	26.22	26.14	25.9	26.3	26.14	4	100
11/05/2015 16:40	29.03	30.97	32.71	27.73	30.11	4	100
11/05/2015 16:45	20.93	22.66	23.48	26.53	23.4	4	100
11/05/2015 16:50	17.47	17.23	20.24	16.29	17.81	4	100
11/05/2015 16:55	23.65	24.24	27.52	25.8	25.3	4	100
11/05/2015 17:00	30.48	28.29	35.84	31.51	31.53	4	100
11/05/2015 17:05	22.24	19.33	19.35	16.88	19.45	4	100
11/05/2015 17:10	17.38	18.99	18.74	15.04	17.54	4	100
11/05/2015 17:15	24.11	22.16	32.42	26.33	26.25	4	100
11/05/2015 17:20	20.48	22.33	22.49	24.27	22.39	4	100
11/05/2015 17:25	24.29	26.02	25.44	27.8	25.89	4	100
11/05/2015 17:30	23.41	21.68	29.2	24.65	24.73	4	100
11/05/2015 17:35	23.69	19.78	22.39	25.11	22.74	4	100
11/05/2015 17:40	24.06	25.03	29.13	26.34	26.14	4	100
11/05/2015 17:45	29.58	26.5	30.11	28.4	28.65	4	100
11/05/2015 17:50	21.63	22.06	22.07	23.43	22.3	4	100
11/05/2015 17:55	19.23	20.55	19.64	19.03	19.61	4	100
11/05/2015 18:00	17.99	21.42	18.96	18.73	19.28	4	100
11/05/2015 18:05	15.16	15.4	16.46	15.08	15.52	4	100
11/05/2015 18:10	22.87	20.2	21.62	18.41	20.78	4	100
11/05/2015 18:15	23.31	23.04	19.68	21.02	21.76	4	100
11/05/2015 18:20	22.07	21.92	24.86	28.77	24.4	4	100
11/05/2015 18:25	26.65	24.33	24.19	30.9	26.52	4	100
11/05/2015 18:30	15.77	15.09	14.57	14.31	14.93	4	100
11/05/2015 18:35	14.33	13.84	14.91	13.62	14.17	4	100
11/05/2015 18:40	16.78	11.89	14.89	17.67	15.31	4	100
11/05/2015 18:45	26.13	24.69	19.74	14.72	21.32	4	100
11/05/2015 18:50	13.75	16.17	15.18	14.46	14.89	4	100
11/05/2015 18:55	11.32	10.23	10.98	10.92	10.86	4	100
11/05/2015 19:00	10.29	9.03	11.08	9.16	9.89	4	100
11/05/2015 19:05	11.44	11.06	10.06	11.22	10.94	4	100
11/05/2015 19:10	10.32	8.61	10.28	9.22	9.61	4	100
11/05/2015 19:15	10.96	10.98	10.73	10.21	10.72	4	100
11/05/2015 19:20	9.91	10.49	10.2	9.84	10.11	4	100
11/05/2015 19:25	9.12	10.3	9.37	9.62	9.6	4	100
11/05/2015 19:30	11.81	10.39	9.81	8.85	10.21	4	100
11/05/2015 19:35	10.1	9.03	10.02	9.08	9.56	4	100
11/05/2015 19:40	10.8	10.2	10.42	9.83	10.31	4	100
11/05/2015 19:45	11.69	10.29	10.13	10.16	10.57	4	100
11/05/2015 19:50	10.75	9.53	10.28	10.61	10.29	4	100
11/05/2015 19:55	12.03	10.62	10.6	9.8	10.76	4	100
11/05/2015 20:00	10.38	9.86	8.37	8.29	9.22	4	100
11/05/2015 20:05	9.25	8.43	9.33	8.96	8.99	4	100
11/05/2015 20:10	12.38	10.07	9.21	9.23	10.22	4	100
11/05/2015 20:15	9.5	8.58	8.4	7.95	8.61	4	100
11/05/2015 20:20	10.67	10.13	8.95	7.93	9.42	4	100
11/05/2015 20:25	11.46	9.85	9.8	8.37	9.87	4	100
11/05/2015 20:30	9.51	9.01	8.48	6.04	8.26	4	100
11/05/2015 20:35	10.78	8.34	8.26	6.71	8.52	4	100
11/05/2015 20:40	9.69	9	8.04	7.41	8.53	4	100
11/05/2015 20:45	8.28	7.78	7.51	6.54	7.53	4	100
11/05/2015 20:50	10.14	8.63	8.14	6.37	8.32	4	100
11/05/2015 20:55	9.84	7.77	8.15	4.6	7.59	4	100
11/05/2015 21:00	7.93	6.37	6.28	6.39	6.74	4	100
11/05/2015 21:05	8.15	6.91	6.02	5.11	6.55	4	100
11/05/2015 21:10	6.41	6.05	6.05	4.73	5.81	4	100
11/05/2015 21:15	4.44	4.93	5.57	4.1	4.76	4	100
11/05/2015 21:20	6.51	5.17	4.82	4.64	5.29	4	100
11/05/2015 21:25	8.92	7.61	7.34	6.17	7.51	4	100
11/05/2015 21:30	7.78	6.31	4.69	5.36	6.04	4	100
11/05/2015 21:35	6.94	6.14	5.5	5.9	6.12	4	100
11/05/2015 21:40	5.76	5.23	5.31	3.69	5	4	100
11/05/2015 21:45	6.18	5.89	5.41	4.02	5.38	4	100
11/05/2015 21:50	6.44	5.67	5.03	3.7	5.21	4	100
11/05/2015 21:55	4.56	5.16	4.08	4.26	4.52	4	100
11/05/2015 22:00	6.36	5.53	4.83	3.81	5.13	4	100
11/05/2015 22:05	5.03	5.34	4.81	3.84	4.75	4	100
11/05/2015 22:10	5.58	5.14	5.04	4.21	4.99	4	100
11/05/2015 22:15	5.18	5.83	4.67	3.74	4.85	4	100
11/05/2015 22:20	5.49	3.77	3.75	3.41	4.1	4	100
11/05/2015 22:25	5.07	5.31	4.52	3.98	4.72	4	100
11/05/2015 22:30	4.14	4.43	3.42	2.92	3.73	4	100
11/05/2015 22:35	4.83	4.26	3.93	3.85	4.22	4	100
11/05/2015 22:40	5.31	4.42	4.87	5.22	4.95	4	100
11/05/2015 22:45	4.46	4.54	4.3	2.76	4.02	4	100
11/05/2015 22:50	3.95	4.27	3.7	3.68	3.9	4	100
11/05/2015 22:55	4.71	4.41	4.6	3.63	4.34	4	100
11/05/2015 23:00	4.17	4.2	4.03	2.99	3.85	4	100
11/05/2015 23:05	4.52	3.73	3.82	3.7	3.94	4	100
11/05/2015 23:10	3.62	3.48	4.57	3.26	3.73	4	100
11/05/2015 23:15	3.57	3.93	3.83	3.33	3.67	4	100
11/05/2015 23:20	2.83	2.49	2.19	1.93	2.36	4	100
11/05/2015 23:25	3.95	3.81	2.96	3.34	3.52	4	100
11/05/2015 23:30	2.72	2.88	3.3	1.91	2.7	4	100
11/05/2015 23:35	2.76	2.82	4.07	3.73	3.35	4	100
11/05/2015 23:40	2.44	2.2	2.83	1.73	2.3	4	100
11/05/2015 23:45	2.93	3.07	2.95	1.8	2.69	4	100
11/05/2015 23:50	2.03	3.03	2.04	1.72	2.21	4	100
11/05/2015 23:55	2.58	2.74	1.6	2.57	2.37	4	100
11/06/2015 00:00	1.68	2.05	2.18	2.45	2.09	4	100
11/06/2015 00:05	1.69	2	1.8	1.11	1.65	4	100
11/06/2015 00:10	1.88	2.26	1.88	1.7	1.93	4	100
11/06/2015 00:15	2.13	2.56	2.1	1.49	2.07	4	100
11/06/2015 00:20	1.67	2.16	1.98	1.71	1.88	4	100
11/06/2015 00:25	2.17	2.05	1.2	1.99	1.85	4	100
11/06/2015 00:30	1.42	1.64	1.4	1.74	1.55	4	100
11/06/2015 00:35	1.75	2.37	2.21	2.35	2.17	4	100
11/06/2015 00:40	1.76	1.88	1.84	1.7	1.8	4	100
11/06/2015 00:45	1.06	1.33	1.85	1.73	1.49	4	100
11/06/2015 00:50	1.43	2.19	1.61	1.63	1.71	4	100
11/06/2015 00:55	.95	1.93	1.92	.95	1.44	4	100
11/06/2015 01:00	1.27	1.63	1.24	1.68	1.46	4	100
11/06/2015 01:05	1.12	1.44	1.11	1.39	1.26	4	100
11/06/2015 01:10	.92	1.18	1.48	1.1	1.17	4	100
11/06/2015 01:15	.72	1.43	1.14	.74	1.01	4	100
11/06/2015 01:20	1.42	1.77	1.04	.99	1.3	4	100
11/06/2015 01:25	1.11	1.53	1.26	2.34	1.56	4	100
11/06/2015 01:30	.82	1.42	1.27	1.02	1.13	4	100
11/06/2015 01:35	1.29	1.36	1.44	.78	1.22	4	100
11/06/2015 01:40	.82	1.28	1.52	.87	1.12	4	100
11/06/2015 01:45	.94	1.3	.69	1.3	1.06	4	100
11/06/2015 01:50	1	1.28	1.6	1.05	1.23	4	100
11/06/2015 01:55	.89	1.17	.88	.83	.94	4	100
11/06/2015 02:00	.87	1.09	1.64	1.27	1.22	4	100
11/06/2015 02:05	.58	.9	1.66	.68	.95	4	100
11/06/2015 02:10	.38	.88	1.16	1.06	.87	4	100
11/06/2015 02:15	.72	1.25	1.69	.85	1.13	4	100
11/06/2015 02:20	.54	.9	1.18	.57	.8	4	100
11/06/2015 02:25	.28	1.1	1.42	1.5	1.07	4	100
11/06/2015 02:30	.58	1.08	1.02	1.67	1.09	4	100
11/06/2015 02:35	.43	.73	1.22	.97	.84	4	100
11/06/2015 02:40	.65	1.05	1.2	1.06	.99	4	100
11/06/2015 02:45	.52	1.01	1.45	1.52	1.12	4	100
11/06/2015 02:50	.57	.54	.48	.93	.63	4	100
11/06/2015 02:55	.29	1.09	1.17	.99	.89	4	100
11/06/2015 03:00	.22	.77	1.17	.84	.75	4	100
11/06/2015 03:05	.46	.88	1.11	1.55	1	4	100
11/06/2015 03:10	.48	.79	1.3	1.6	1.04	4	100
11/06/2015 03:15	.46	.78	.75	1	.75	4	100
11/06/2015 03:20	.58	1.03	2.47	1.24	1.33	4	100
11/06/2015 03:25	.46	.9	1.08	.73	.79	4	100
11/06/2015 03:30	.72	1.07	1.79	1.49	1.27	4	100
11/06/2015 03:35	.72	1.41	1.71	1.97	1.45	4	100
11/06/2015 03:40	1.14	1.23	1.93	.81	1.28	4	100
11/06/2015 03:45	.57	1.02	1.87	2.02	1.37	4	100
11/06/2015 03:50	.59	1.12	1.47	1.4	1.15	4	100
11/06/2015 03:55	.47	1.26	2.13	1.57	1.36	4	100
11/06/2015 04:00	.43	.91	1.45	1.84	1.16	4	100
11/06/2015 04:05	.42	1.39	1.78	2.57	1.54	4	100
11/06/2015 04:10	.78	1.18	2.14	2.02	1.53	4	100
11/06/2015 04:15	1.15	1.71	1.93	1.82	1.65	4	100
11/06/2015 04:20	1.35	2.43	2.68	2.41	2.22	4	100
11/06/2015 04:25	1.78	2.52	2.54	2.57	2.35	4	100
11/06/2015 04:30	1.92	2.17	3.22	2.6	2.48	4	100
11/06/2015 04:35	2.12	2.5	3.65	2.37	2.66	4	100
11/06/2015 04:40	1.88	2.5	2.7	1.7	2.2	4	100
11/06/2015 04:45	1.82	2.78	3.41	1.82	2.46	4	100
11/06/2015 04:50	2.09	2.49	4.11	2.15	2.71	4	100
11/06/2015 04:55	2.38	3.2	3.55	2.09	2.8	4	100
11/06/2015 05:00	2.36	2.91	3.36	2.78	2.85	4	100
11/06/2015 05:05	3	3.13	4.96	4.2	3.82	4	100
11/06/2015 05:10	3.28	4.16	4.46	3.77	3.92	4	100
11/06/2015 05:15	4.42	4.29	4.17	3.52	4.1	4	100
11/06/2015 05:20	3.88	4.21	6.01	3.58	4.42	4	100
11/06/2015 05:25	6.86	6.62	6.61	4.88	6.24	4	100
11/06/2015 05:30	5.9	6.27	6.67	6.32	6.29	4	100
11/06/2015 05:35	6.64	5.8	6.07	4.26	5.69	4	100
11/06/2015 05:40	8.22	6.72	6.59	5.14	6.67	4	100
11/06/2015 05:45	8.31	7.21	7.16	5.75	7.11	4	100
11/06/2015 05:50	9.69	8.43	7.56	6.5	8.05	4	100
11/06/2015 05:55	9.71	9.31	8.78	5.23	8.26	4	100
11/06/2015 06:00	11.37	9.78	8.85	5.65	8.91	4	100
11/06/2015 06:05	12.89	10.34	9.29	7.65	10.04	4	100
11/06/2015 06:10	11.59	10.4	10.27	7.34	9.9	4	100
11/06/2015 06:15	11.24	9.75	9.2	5.92	9.03	4	100
11/06/2015 06:20	11.72	9.84	9.79	8.23	9.89	4	100
11/06/2015 06:25	10.17	8.64	8.74	8.82	9.09	4	100
11/06/2015 06:30	10.3	8.39	9.12	7.54	8.84	4	100
11/06/2015 06:35	10.62	9.71	10.45	9.47	10.06	4	100
11/06/2015 06:40	9.69	8.98	9.19	7.22	8.77	4	100
11/06/2015 06:45	11	9.69	12.07	9.79	10.64	4	100
11/06/2015 06:50	10.13	9.08	8.6	8.07	8.97	4	100
11/06/2015 06:55	9.76	8.58	8.82	7.73	8.72	4	100
11/06/2015 07:00	10.49	8.98	8.41	8.36	9.06	4	100
11/06/2015 07:05	9.94	8.99	9.3	8.62	9.21	4	100
11/06/2015 07:10	10.98	10.19	11.39	10.01	10.64	4	100
11/06/2015 07:15	10.29	8.79	10.32	9.12	9.63	4	100
11/06/2015 07:20	10.52	9.32	10.44	9.96	10.06	4	100
11/06/2015 07:25	11.16	10.18	12.03	10.72	11.02	4	100
11/06/2015 07:30	10.4	10.19	10.53	8.62	9.94	4	100
11/06/2015 07:35	8.69	8.67	9.29	10.38	9.26	4	100
11/06/2015 07:40	10.36	9.4	8.74	10.07	9.64	4	100
11/06/2015 07:45	10.48	9.89	11.29	10.52	10.55	4	100
11/06/2015 07:50	7.93	8.19	8.3	8.72	8.29	4	100
11/06/2015 07:55	8.98	8.66	9.21	8.9	8.94	4	100
11/06/2015 08:00	9.03	8.11	9.22	7.43	8.45	4	100
11/06/2015 08:05	8.48	9.07	8.71	9.19	8.86	4	100
11/06/2015 08:10	10.23	8.69	9.53	9.44	9.47	4	100
11/06/2015 08:15	9.87	8.97	10.14	8.98	9.49	4	100
11/06/2015 08:20	9.61	9.01	8.59	8.98	9.05	4	100
11/06/2015 08:25	8.56	8.79	9.81	10.75	9.48	4	100
11/06/2015 08:30	9.52	8.63	9.38	8.02	8.89	4	100
11/06/2015 08:35	8.83	10.97	8.67	7.47	8.98	4	100
11/06/2015 08:40	9.87	8.99	10.09	10.04	9.75	4	0
11/06/2015 08:45	9.63	9.22	10.18	9.68	9.68	4	0
11/06/2015 08:50	9.51	8.72	10.51	8.98	9.43	4	0
11/06/2015 08:55	9.01	8.16	8.83	8.12	8.53	4	0
11/06/2015 09:00	6.67	7.11	7.33	6.22	6.83	4	100
11/06/2015 09:05	8.71	7.88	9.71	7.82	8.53	4	100
11/06/2015 09:10	8.59	7.76	7.79	7.21	7.84	4	100
11/06/2015 09:15	7.67	7.51	7.46	8.43	7.77	4	100
11/06/2015 09:20	8.5	8.19	8.46	8.74	8.47	4	100
11/06/2015 09:25	9.67	7.92	9.49	7.97	8.76	4	100
11/06/2015 09:30	8.66	8.05	8.71	8.7	8.53	4	0
11/06/2015 09:35	9.31	8.27	9.32	8.66	8.89	4	0
11/06/2015 09:40	9.65	8.63	10.08	8.87	9.31	4	0
11/06/2015 09:45	10.08	8.52	8.87	8.6	9.02	4	0
11/06/2015 09:50	11.63	11.26	14.07	10.41	11.84	4	100
11/06/2015 09:55	8.34	7.99	8.71	7.63	8.17	4	100
11/06/2015 10:00	8.43	8.78	8.26	8.49	8.49	4	100
11/06/2015 10:05	8.31	8.01	8.22	7.74	8.07	4	100
11/06/2015 10:10	8.57	8.56	9.38	7.72	8.56	4	100
11/06/2015 10:15	9.92	8.37	10.55	8.27	9.28	4	100
11/06/2015 10:20	9.07	8.91	9.66	10.34	9.5	4	100
11/06/2015 10:25	9.31	8.32	9.61	8.99	9.06	4	100
11/06/2015 10:30	9.85	7.93	11.21	7.29	9.07	4	100
11/06/2015 10:35	9.61	8.68	8.63	7.32	8.56	4	100
11/06/2015 10:40	9.21	8.88	8.99	9.8	9.22	4	100
11/06/2015 10:45	10.35	9.48	11.49	7.94	9.81	4	100
11/06/2015 10:50	10.07	8.87	9.42	9.53	9.47	4	100
11/06/2015 10:55	10.24	8.64	9.3	7.84	9.01	4	100
11/06/2015 11:00	11.34	11.26	12.55	12.13	11.82	4	100
11/06/2015 11:05	10.43	9.02	9.95	10.27	9.92	4	100
11/06/2015 11:10	10.28	8.91	10.92	8.25	9.59	4	100
11/06/2015 11:15	10.95	9.27	11.63	10.5	10.59	4	100
11/06/2015 11:20	10.14	9.56	11.56	9.01	10.07	4	100
11/06/2015 11:25	10.13	9.39	10.87	9.05	9.86	4	100
11/06/2015 11:30	11.35	9.73	12.47	10.38	10.98	4	100
11/06/2015 11:35	11.88	9.81	10.33	9.62	10.41	4	100
11/06/2015 11:40	10.69	9.6	10.28	10.67	10.31	4	100
11/06/2015 11:45	11.73	10.53	12.06	10.81	11.28	4	100
11/06/2015 11:50	11.47	9.69	10.06	8.68	9.98	4	100
11/06/2015 11:55	10.85	9.08	10.43	9.21	9.89	4	100
11/06/2015 12:00	11.78	9.84	10.38	9.93	10.48	4	100
11/06/2015 12:05	11.04	9.26	11.03	9.53	10.22	4	100
11/06/2015 12:10	12.52	11.41	12.13	11.16	11.81	4	0
11/06/2015 12:15	11.38	10.11	11.49	9.42	10.6	4	0
11/06/2015 12:20	11.51	10.34	12.2	10.1	11.04	4	0
11/06/2015 12:25	11.98	10.16	10.79	9.89	10.7	4	0
11/06/2015 12:30	10.57	9.67	10.4	9.77	10.1	4	0
11/06/2015 12:35	12.06	9.6	10.75	8.81	10.31	4	100
11/06/2015 12:40	10.29	9.58	10.51	10.95	10.33	4	100
11/06/2015 12:45	11.4	9.52	10.09	10.31	10.33	4	100
11/06/2015 12:50	11.31	10.52	10.6	10.18	10.65	4	100
11/06/2015 12:55	12.08	11.18	10.43	10.38	11.02	4	100
11/06/2015 13:00	11.23	11.11	11.53	9.33	10.8	4	0
11/06/2015 13:05	11.92	11.03	11.72	11.11	11.44	4	0
11/06/2015 13:10	14.67	9.22	13	10.22	11.78	4	100
11/06/2015 13:15	12.01	11.04	11.14	10.71	11.22	4	100
11/06/2015 13:20	13.67	12	13.42	10.97	12.52	4	0
11/06/2015 13:25	12.01	11.2	12.7	8.7	11.15	4	100
11/06/2015 13:30	12.78	12.53	11.86	10.56	11.93	4	100
11/06/2015 13:35	11.12	10.04	10.65	10.2	10.5	4	100
11/06/2015 13:40	11.75	11.98	12.24	11.52	11.87	4	100
11/06/2015 13:45	21.08	15.27	15.37	13.68	16.35	4	100
11/06/2015 13:50	13.19	11.44	14	12.47	12.78	4	100
11/06/2015 13:55	15.6	16.58	15.56	15.85	15.9	4	100
11/06/2015 14:00	15.47	14.91	15.02	16.09	15.37	4	100
11/06/2015 14:05	19.39	15.53	16.28	18.53	17.43	4	100
11/06/2015 14:10	13.79	12.54	14.77	12.33	13.36	4	100
11/06/2015 14:15	17.91	21.02	17.36	17.33	18.4	4	100
11/06/2015 14:20	17.62	14.28	14.04	13.72	14.92	4	100
11/06/2015 14:25	13.7	14.49	14.22	14.42	14.21	4	100
11/06/2015 14:30	17.66	14.2	15.11	14.46	15.36	4	100
11/06/2015 14:35	12.2	12.56	14.28	13.24	13.07	4	100
11/06/2015 14:40	15.49	14.77	15.47	13.58	14.83	4	100
11/06/2015 14:45	15.38	13.99	15.11	15.45	14.98	4	100
11/06/2015 14:50	14.21	13.16	13.64	14.88	13.97	4	100
11/06/2015 14:55	24.74	22.89	26.17	24.71	24.63	4	100
11/06/2015 15:00	13.82	12.74	14.64	14.01	13.8	4	100
11/06/2015 15:05	17.17	15.08	16.57	15.08	15.98	4	100
11/06/2015 15:10	19.46	16.09	16.91	16.08	17.14	4	100
11/06/2015 15:15	29.93	28.75	28.67	27.42	28.69	4	100
11/06/2015 15:20	15.56	15.89	19.3	18.56	17.33	4	100
11/06/2015 15:25	17.27	16.57	17.57	16.16	16.89	4	100
11/06/2015 15:30	17.71	20.52	19.9	16.47	18.65	4	100
11/06/2015 15:35	16.72	19.03	24.59	20.28	20.15	4	100
11/06/2015 15:40	21.88	28.47	33.14	27.49	27.74	4	100
11/06/2015 15:45	21.9	28.08	27.2	34	27.8	4	100
11/06/2015 15:50	28.95	29.41	30.74	27.31	29.1	4	100
11/06/2015 15:55	39.89	41.28	43.61	39.28	41.02	4	100
11/06/2015 16:00	23.74	31.52	32.07	29.72	29.26	4	100
11/06/2015 16:05	25.89	24	30.97	27.72	27.14	4	100
11/06/2015 16:10	30.49	28.4	33.76	29.31	30.49	4	100
11/06/2015 16:15	31.6	24.96	34.64	34.51	31.43	4	100
11/06/2015 16:20	30.42	33.8	34.33	26.52	31.27	4	100
11/06/2015 16:25	34.51	34.12	37.74	33.41	34.95	4	100
11/06/2015 16:30	38.16	32.19	36.14	33.38	34.97	4	100
11/06/2015 16:35	27.21	29.69	33.61	37.5	32	4	100
11/06/2015 16:40	36.83	38.37	45.42	49.46	42.52	4	100
11/06/2015 16:45	56.72	57.66	60.76	51.24	56.6	4	100
11/06/2015 16:50	22.58	20.56	23.44	21.88	22.11	4	100
11/06/2015 16:55	28.75	32.74	33.01	24.8	29.83	4	100
11/06/2015 17:00	27.62	31.74	39.77	24.3	30.86	4	100
11/06/2015 17:05	36.65	36.59	36	24.67	33.48	4	100
11/06/2015 17:10	27.08	30.24	33.23	36.58	31.78	4	100
11/06/2015 17:15	27.02	33.05	40.44	35.88	34.1	4	100
11/06/2015 17:20	28.29	29.84	33.56	29.34	30.26	4	100
11/06/2015 17:25	29.63	35.24	40.2	35.19	35.07	4	100
11/06/2015 17:30	28.99	24.82	26.43	26.19	26.61	4	100
11/06/2015 17:35	23.62	27.47	31.08	25.6	26.94	4	100
11/06/2015 17:40	21.09	23.31	21.58	20.73	21.68	4	100
11/06/2015 17:45	27.09	29.95	27.9	30.33	28.82	4	100
11/06/2015 17:50	23.74	27.51	29.28	27.84	27.09	4	100
11/06/2015 17:55	22.29	23.67	28.43	24.43	24.7	4	100
11/06/2015 18:00	24.1	32.52	31.97	30.12	29.68	4	100
11/06/2015 18:05	22.48	24.66	25.51	26.79	24.86	4	100
11/06/2015 18:10	23.82	23.31	26.92	28.15	25.55	4	100
11/06/2015 18:15	28.43	23.77	26.06	29	26.81	4	100
11/06/2015 18:20	23.31	19.62	22.22	19.36	21.13	4	100
11/06/2015 18:25	23.35	19.71	18.7	17.4	19.79	4	100
11/06/2015 18:30	29.38	23.92	26.01	29.92	27.31	4	100
11/06/2015 18:35	25.8	26.72	28.12	33.68	28.58	4	100
11/06/2015 18:40	18.99	17.37	18.8	18.69	18.46	4	100
11/06/2015 18:45	11.26	10.18	12.14	10.8	11.09	4	100
11/06/2015 18:50	10.38	10.29	10.09	10.55	10.33	4	100
11/06/2015 18:55	10.63	10.21	10.33	11.49	10.66	4	100
11/06/2015 19:00	11.93	11.7	11.62	9.62	11.22	4	100
11/06/2015 19:05	10.9	10.81	10.9	11.2	10.95	4	100
11/06/2015 19:10	11.91	10.78	10.92	9.8	10.85	4	100
11/06/2015 19:15	10.48	11.12	11.02	9.36	10.5	4	100
11/06/2015 19:20	11.05	9.73	9.7	10.92	10.35	4	100
11/06/2015 19:25	12.04	10.31	10.36	8.2	10.23	4	100
11/06/2015 19:30	11.7	10.37	11.42	9.55	10.76	4	100
11/06/2015 19:35	11.24	10.19	9.89	9.28	10.15	4	100
11/06/2015 19:40	11.63	11.47	10.43	11.33	11.21	4	100
11/06/2015 19:45	11.46	10.74	10.3	9.04	10.38	4	100
11/06/2015 19:50	12.19	9.54	10.71	9.12	10.39	4	100
11/06/2015 19:55	10.83	9.48	10.97	8.9	10.05	4	100
11/06/2015 20:00	10.49	9.83	10.25	8.23	9.7	4	100
11/06/2015 20:05	11.61	10.18	9.74	8.44	9.99	4	100
11/06/2015 20:10	10.42	9.98	9.29	8.04	9.43	4	100
11/06/2015 20:15	11.29	10.4	8.9	7.14	9.43	4	100
11/06/2015 20:20	10.16	9.11	8.88	5.89	8.51	4	100
11/06/2015 20:25	12.02	10.31	10.31	8.41	10.26	4	100
11/06/2015 20:30	9.39	7.91	9.5	6.59	8.35	4	100
11/06/2015 20:35	9.79	7.82	7.57	6.16	7.84	4	100
11/06/2015 20:40	9.16	7.94	6.84	6.68	7.66	4	100
11/06/2015 20:45	9.97	8.31	8.15	6.68	8.28	4	0
11/06/2015 20:50	9.99	7.87	7.97	6.61	8.11	4	0
11/06/2015 20:55	7.02	6	5.89	4.02	5.73	4	100
11/06/2015 21:00	9.72	8.69	7.25	6.31	7.99	4	100
11/06/2015 21:05	9.12	8.25	7.13	6.1	7.65	4	100
11/06/2015 21:10	10.14	8.24	7.94	6.21	8.13	4	100
11/06/2015 21:15	8.27	7.42	6.6	6.45	7.18	4	100
11/06/2015 21:20	6.08	5.72	5.66	4.1	5.39	4	100
11/06/2015 21:25	8.64	5.97	6.52	6.4	6.88	4	100
11/06/2015 21:30	6.22	5.48	4.22	4.83	5.19	4	100
11/06/2015 21:35	7.78	6.68	6.58	5.96	6.75	4	100
11/06/2015 21:40	5.83	5.59	5.18	4.89	5.37	4	100
11/06/2015 21:45	6.25	5.72	5.57	5.52	5.76	4	100
11/06/2015 21:50	6.16	5.88	5.03	4.42	5.37	4	100
11/06/2015 21:55	6.11	5.93	6.03	5.38	5.86	4	100
11/06/2015 22:00	5.28	5.22	4.58	3.81	4.72	4	100
11/06/2015 22:05	6.23	5	5.79	5.14	5.54	4	100
11/06/2015 22:10	5.22	5.05	4.1	4.51	4.72	4	100
11/06/2015 22:15	5.04	4.94	4.56	3.76	4.57	4	100
11/06/2015 22:20	5.58	4.76	4.37	4.73	4.86	4	100
11/06/2015 22:25	5.17	5.03	5.94	4.3	5.11	4	100
11/06/2015 22:30	5.6	5.26	5.1	4.09	5.01	4	100
11/06/2015 22:35	5.18	4.91	4.85	4.18	4.78	4	100
11/06/2015 22:40	5.14	5.56	4.49	4.47	4.91	4	100
11/06/2015 22:45	4.4	4.23	4.54	3.48	4.16	4	100
11/06/2015 22:50	4.87	4.34	3.96	3.62	4.2	4	100
11/06/2015 22:55	5.15	4.3	3.48	2.98	3.98	4	100
11/06/2015 23:00	4.34	4.3	3.8	3.12	3.89	4	100
11/06/2015 23:05	4.02	3.7	4.42	3.68	3.96	4	100
11/06/2015 23:10	4.6	4.29	4.17	3.51	4.14	4	100
11/06/2015 23:15	3.86	4.87	3.6	3.77	4.02	4	100
11/06/2015 23:20	3.7	3.68	3.43	2.61	3.36	4	100
11/06/2015 23:25	3.71	3.41	3.48	3.34	3.48	4	100
11/06/2015 23:30	3.3	3.57	3	2.69	3.14	4	100
11/06/2015 23:35	3.09	3.41	2.98	2.25	2.93	4	100
11/06/2015 23:40	2.97	3.02	3.04	3.17	3.05	4	100
11/06/2015 23:45	3.41	3.55	3.87	2.77	3.4	4	100
11/06/2015 23:50	3.28	3.21	3.17	2.04	2.92	4	100
11/06/2015 23:55	2.73	3.4	3.24	3.27	3.16	4	100
11/07/2015 00:00	2.15	2.56	3.04	2.12	2.47	4	100
11/07/2015 00:05	2.25	3.06	3.47	2.99	2.94	4	100
11/07/2015 00:10	2.25	2.24	2.5	1.74	2.18	4	100
11/07/2015 00:15	2.27	2.35	1.78	2.27	2.17	4	100
11/07/2015 00:20	2.57	2.82	3.23	2.17	2.7	4	100
11/07/2015 00:25	1.98	2.52	1.99	2.06	2.14	4	100
11/07/2015 00:30	2.04	1.8	2.53	2.61	2.25	4	100
11/07/2015 00:35	2.18	2.33	2.04	1.82	2.09	4	100
11/07/2015 00:40	1.67	2.66	2.59	2.46	2.34	4	100
11/07/2015 00:45	2.27	2.4	2.19	2.58	2.36	4	100
11/07/2015 00:50	1.52	2.22	2.33	2.22	2.07	4	100
11/07/2015 00:55	1.58	2.02	1.85	1.03	1.62	4	100
11/07/2015 01:00	1.41	2.22	2.09	1.63	1.84	4	100
11/07/2015 01:05	2.17	2.43	2.03	1.71	2.09	4	100
11/07/2015 01:10	1.19	1.33	1.75	1.48	1.44	4	100
11/07/2015 01:15	1.75	1.91	2.05	1.37	1.77	4	100
11/07/2015 01:20	1.17	1.83	2.06	1.74	1.7	4	100
11/07/2015 01:25	1.42	2.12	1.9	1.8	1.81	4	100
11/07/2015 01:30	1.67	1.83	1.76	.99	1.56	4	100
11/07/2015 01:35	1.14	1.77	1.82	1.59	1.58	4	100
11/07/2015 01:40	1	1.53	1.69	1.23	1.36	4	100
11/07/2015 01:45	1.36	1.68	1.19	1.59	1.46	4	100
11/07/2015 01:50	.98	1.61	1.89	1.61	1.52	4	100
11/07/2015 01:55	1.02	1.75	1.36	1.02	1.29	4	100
11/07/2015 02:00	.86	1.23	.92	1.76	1.19	4	100
11/07/2015 02:05	1.28	1.16	1.83	1.16	1.36	4	100
11/07/2015 02:10	1.06	1.34	1.78	1.22	1.35	4	100
11/07/2015 02:15	.88	1.8	.96	1.67	1.33	4	100
11/07/2015 02:20	1.13	1.01	2.31	1.2	1.41	4	100
11/07/2015 02:25	.78	1.34	1.84	1.4	1.34	4	100
11/07/2015 02:30	1.04	1.24	1.52	1.8	1.4	4	100
11/07/2015 02:35	.63	.98	1.22	.58	.85	4	100
11/07/2015 02:40	.95	1.45	1.56	1.64	1.4	4	100
11/07/2015 02:45	.67	1.08	1.98	1.14	1.22	4	100
11/07/2015 02:50	.81	1.31	1.25	1.37	1.18	4	100
11/07/2015 02:55	.93	1.31	1.49	1.24	1.24	4	100
11/07/2015 03:00	.53	1.8	1.76	1.61	1.42	4	100
11/07/2015 03:05	1	1.5	1.41	1.44	1.34	4	100
11/07/2015 03:10	1.1	.97	1.2	1.46	1.18	4	100
11/07/2015 03:15	.5	.91	1.11	1.19	.93	4	100
11/07/2015 03:20	.77	1.01	1.7	1.36	1.21	4	100
11/07/2015 03:25	.87	1.32	1.86	.93	1.24	4	100
11/07/2015 03:30	.72	1.8	1.68	1.52	1.43	4	100
11/07/2015 03:35	.81	1.12	1.58	.86	1.09	4	100
11/07/2015 03:40	.92	1.13	1.92	.81	1.19	4	100
11/07/2015 03:45	.57	.92	1.38	1.28	1.04	4	100
11/07/2015 03:50	.44	.83	.92	.38	.64	4	100
11/07/2015 03:55	.46	.76	1.34	.99	.89	4	100
11/07/2015 04:00	.43	.7	1.42	1.2	.94	4	100
11/07/2015 04:05	.71	1.3	1.28	1.21	1.12	4	100
11/07/2015 04:10	.61	1.29	1.55	1.61	1.27	4	100
11/07/2015 04:15	.55	1.07	1.61	1.61	1.21	4	100
11/07/2015 04:20	.24	.68	1.1	1.36	.84	4	100
11/07/2015 04:25	.99	1.06	2.19	1.1	1.34	4	100
11/07/2015 04:30	1.24	1.59	2.33	1.49	1.66	4	100
11/07/2015 04:35	1.52	1.8	1.84	1.47	1.66	4	100
11/07/2015 04:40	1.46	1.71	1.42	1.39	1.49	4	100
11/07/2015 04:45	1.28	1.63	1.87	1.79	1.64	4	100
11/07/2015 04:50	1.1	2.02	1.69	1.99	1.7	4	100
11/07/2015 04:55	.89	1.67	3.46	1.29	1.83	4	100
11/07/2015 05:00	1.35	1.83	1.8	1.35	1.58	4	100
11/07/2015 05:05	1.28	2.25	2.05	1.27	1.71	4	100
11/07/2015 05:10	1.64	2.05	1.77	1.7	1.79	4	100
11/07/2015 05:15	1.61	2.41	2.53	2.15	2.17	4	100
11/07/2015 05:20	2.01	2.51	2.33	2.93	2.44	4	100
11/07/2015 05:25	2.13	2.53	3.2	1.33	2.3	4	100
11/07/2015 05:30	2.68	2.99	2.86	2.06	2.65	4	100
11/07/2015 05:35	2.75	3.32	3.82	2.34	3.06	4	100
11/07/2015 05:40	3.5	3.86	3.57	2.09	3.26	4	100
11/07/2015 05:45	2.43	2.92	3.8	2.61	2.94	4	100
11/07/2015 05:50	3.23	3.36	3.7	2.67	3.24	4	100
11/07/2015 05:55	3	3.87	2.7	2.83	3.1	4	100
11/07/2015 06:00	3.54	3.95	4.19	2.77	3.61	4	100
11/07/2015 06:05	3.37	3.4	3.19	2.23	3.05	4	100
11/07/2015 06:10	4.05	3.92	4.63	2.92	3.88	4	100
11/07/2015 06:15	4.29	4.73	4.4	4.03	4.36	4	100
11/07/2015 06:20	5.11	4.5	3.97	2.76	4.08	4	100
11/07/2015 06:25	4.72	5.54	6.11	3.67	5.01	4	100
11/07/2015 06:30	5.58	5	5.49	3.06	4.78	4	100
11/07/2015 06:35	4.78	5.67	4.54	2.9	4.47	4	100
11/07/2015 06:40	6.45	5.9	7.84	3.61	5.95	4	100
11/07/2015 06:45	5.94	6.11	5.75	4.63	5.61	4	100
11/07/2015 06:50	4.77	5.36	4.4	4.14	4.67	4	100
11/07/2015 06:55	4.9	6.11	5.98	4.43	5.36	4	100
11/07/2015 07:00	6.55	6.87	5.5	4.87	5.95	4	100
11/07/2015 07:05	7.41	6.36	6.57	5.77	6.53	4	100
11/07/2015 07:10	7.45	6.62	7.06	5.93	6.77	4	100
11/07/2015 07:15	7.02	6.84	8.31	5.29	6.87	4	100
11/07/2015 07:20	9.54	10.6	8.68	6.95	8.94	4	100
11/07/2015 07:25	11.02	10.78	9.48	5.93	9.3	4	100
11/07/2015 07:30	7.69	6.61	5.91	4.24	6.11	4	100
11/07/2015 07:35	9.66	8.51	7.51	6.11	7.95	4	100
11/07/2015 07:40	8.54	7.71	7.08	7.04	7.59	4	100
11/07/2015 07:45	8.46	7.02	6.49	6.53	7.13	4	100
11/07/2015 07:50	6.91	6.39	6.21	6.49	6.5	4	100
11/07/2015 07:55	8.37	6.74	6.67	6.12	6.97	4	100
11/07/2015 08:00	7.5	7.64	7.34	5.96	7.11	4	100
11/07/2015 08:05	7.86	7.52	7.05	6.5	7.23	4	100
11/07/2015 08:10	8.35	7.82	6.74	6.8	7.43	4	100
11/07/2015 08:15	9.23	8.29	7.69	6.77	7.99	4	100
11/07/2015 08:20	8.94	8.12	7.41	6.08	7.64	4	100
11/07/2015 08:25	8.37	7.61	7.18	6.3	7.36	4	100
11/07/2015 08:30	8.51	7.84	7.62	6.57	7.63	4	100
11/07/2015 08:35	8.96	8.93	8.31	6.94	8.29	4	100
11/07/2015 08:40	9.13	7.81	7.98	7.64	8.14	4	100
11/07/2015 08:45	8.62	8.26	8.21	7.93	8.25	4	100
11/07/2015 08:50	8.22	7.83	8.26	6.8	7.78	4	100
11/07/2015 08:55	9.01	7.67	7.54	6.42	7.66	4	100
11/07/2015 09:00	8.19	8.32	6.71	6.22	7.36	4	100
11/07/2015 09:05	8.28	8.26	6.31	5.4	7.06	4	100
11/07/2015 09:10	9.36	8.42	7.99	6.25	8.01	4	100
11/07/2015 09:15	8.3	7.39	6.73	6.53	7.24	4	100
11/07/2015 09:20	8.56	8.22	6.5	6.78	7.51	4	100
11/07/2015 09:25	9.7	8.39	8.09	7.25	8.36	4	0
11/07/2015 09:30	10.41	8.63	8.9	6.63	8.64	4	0
11/07/2015 09:35	10.9	9.7	8.77	7.6	9.24	4	0
11/07/2015 09:40	11.59	9.39	8.69	7.87	9.38	4	0
11/07/2015 09:45	10.43	10.06	9.94	8.02	9.61	4	100
11/07/2015 09:50	9.99	8.62	8.78	8.65	9.01	4	100
11/07/2015 09:55	9.75	9.52	9.48	7	8.94	4	100
11/07/2015 10:00	9.93	9.25	8.81	7.39	8.85	4	100
11/07/2015 10:05	10.03	8.75	8.54	7.95	8.82	4	100
11/07/2015 10:10	10.11	7.98	8.49	7.39	8.49	4	100
11/07/2015 10:15	10.39	9.75	9.56	7.63	9.33	4	100
11/07/2015 10:20	11.6	9.93	9.07	7.93	9.63	4	100
11/07/2015 10:25	11.32	9.31	9.7	7.9	9.56	4	100
11/07/2015 10:30	10.51	9.2	9.73	7.83	9.32	4	100
11/07/2015 10:35	10.39	8.93	8.54	7.08	8.74	4	100
11/07/2015 10:40	12.61	11.05	9.98	8.88	10.63	4	100
11/07/2015 10:45	10.53	8.68	8.88	8.33	9.1	4	100
11/07/2015 10:50	11.22	9.75	9.87	8.97	9.95	4	100
11/07/2015 10:55	10.29	8.92	10.38	8	9.4	4	100
11/07/2015 11:00	9.99	9.8	9.45	8.82	9.51	4	100
11/07/2015 11:05	8.95	8.95	9.71	7.14	8.69	4	100
11/07/2015 11:10	10.58	9.32	9.63	7.01	9.14	4	100
11/07/2015 11:15	11.08	10.21	9.81	9.64	10.18	4	100
11/07/2015 11:20	12.7	10.52	11.04	9.74	11	4	100
11/07/2015 11:25	10.31	9.02	8.78	8.3	9.1	4	0
11/07/2015 11:30	10.95	9.6	9.93	8.47	9.74	4	0
11/07/2015 11:35	10.26	8.95	9.33	8.34	9.22	4	0
11/07/2015 11:40	24.72	17.72	17	23	20.61	4	100
11/07/2015 11:45	16.19	15.61	14.96	15.61	15.59	4	100
11/07/2015 11:50	22.78	23.22	17.05	17.32	20.09	4	100
11/07/2015 11:55	14.87	15.05	14.07	13.52	14.38	4	100
11/07/2015 12:00	12.34	11.43	10.31	9.52	10.9	4	100
11/07/2015 12:05	9.46	7.37	7.29	7.25	7.84	4	100
11/07/2015 12:10	8.72	7.56	8.11	8.25	8.16	4	100
11/07/2015 12:15	10.31	9.99	8.81	8.82	9.48	4	100
11/07/2015 12:20	9.48	8.39	9.2	8.14	8.8	4	100
11/07/2015 12:25	10.06	8.85	9.54	9.07	9.38	4	100
11/07/2015 12:30	10.18	9.49	10.42	12.27	10.59	4	100
11/07/2015 12:35	10.02	8.9	8.67	8.54	9.03	4	100
11/07/2015 12:40	10.25	9.22	8.54	6.72	8.68	4	100
11/07/2015 12:45	10.15	9.85	8.87	9.37	9.56	4	100
11/07/2015 12:50	10.31	9.52	8.32	8.52	9.17	4	100
11/07/2015 12:55	9.37	8.68	8.98	7.7	8.68	4	100
11/07/2015 13:00	9.1	9.02	8.29	7.39	8.45	4	100
11/07/2015 13:05	10.88	9.64	9.05	8.16	9.43	4	100
11/07/2015 13:10	8.03	7.64	10.25	5.95	7.97	4	100
11/07/2015 13:15	9.18	8.89	9.01	8.52	8.9	4	100
11/07/2015 13:20	10.76	7.93	6.95	8.62	8.57	4	100
11/07/2015 13:25	12	11.39	8.42	9.03	10.21	4	100
11/07/2015 13:30	9.55	8.79	8.85	9.12	9.08	4	100
11/07/2015 13:35	11.08	10.82	9.41	9.72	10.26	4	100
11/07/2015 13:40	10.78	9.71	10.09	9.98	10.14	4	100
11/07/2015 13:45	10.22	9.14	9.07	6.81	8.81	4	100
11/07/2015 13:50	9.75	9.16	8.58	9.25	9.18	4	100
11/07/2015 13:55	10.63	8.55	9.79	8.56	9.38	4	100
11/07/2015 14:00	9.88	8.29	8.6	8.05	8.71	4	100
11/07/2015 14:05	9.09	9.09	9.14	8.67	9	4	100
11/07/2015 14:10	10.47	9.36	11.72	7.75	9.83	4	100
11/07/2015 14:15	9.68	9.11	9.36	9.09	9.31	4	100
11/07/2015 14:20	11.7	9.98	10.27	8.72	10.17	4	100
11/07/2015 14:25	10.21	8.58	9.08	10.04	9.48	4	100
11/07/2015 14:30	10.52	10.09	8.82	8.3	9.43	4	100
11/07/2015 14:35	9.76	10.21	9.5	10.48	9.99	4	100
11/07/2015 14:40	10.7	10.12	9.41	8.72	9.74	4	100
11/07/2015 14:45	10.07	9.84	8.77	7.71	9.1	4	100
11/07/2015 14:50	10.77	9.52	10.07	8.99	9.84	4	100
11/07/2015 14:55	10.18	9.05	9.13	8.19	9.14	4	100
11/07/2015 15:00	10.58	10.65	9.74	7.54	9.63	4	100
11/07/2015 15:05	9.89	8.99	9.46	8.07	9.1	4	100
11/07/2015 15:10	10.33	10.11	9.58	8.4	9.61	4	100
11/07/2015 15:15	10.27	9.34	9.81	8.38	9.45	4	100
11/07/2015 15:20	10.7	8.48	9.71	8.52	9.35	4	100
11/07/2015 15:25	11.4	9.83	8.75	8.69	9.67	4	100
11/07/2015 15:30	10.16	9.35	7.84	7.89	8.81	4	100
11/07/2015 15:35	11.37	10.04	8.89	7.45	9.44	4	100
11/07/2015 15:40	10.82	10.36	10.14	10.16	10.37	4	100
11/07/2015 15:45	10.74	9.64	10.59	9.37	10.08	4	100
11/07/2015 15:50	11.63	10.62	9.7	8.79	10.18	4	100
11/07/2015 15:55	9.82	9.01	9.62	7.71	9.04	4	100
11/07/2015 16:00	11.02	9.88	9.58	8.15	9.66	4	100
11/07/2015 16:05	11.17	9.45	9.84	7.87	9.58	4	100
11/07/2015 16:10	10.23	9.41	9.3	7.6	9.14	4	100
11/07/2015 16:15	11.85	11	10.01	10.38	10.81	4	100
11/07/2015 16:20	11.59	10.75	9.55	9.17	10.26	4	100
11/07/2015 16:25	10.64	9.85	10.06	8.38	9.73	4	100
11/07/2015 16:30	11.32	9.63	9.75	7.67	9.59	4	100
11/07/2015 16:35	10.54	9.64	8.27	7.11	8.89	4	100
11/07/2015 16:40	12.32	9.53	11	9.15	10.5	4	100
11/07/2015 16:45	10.6	9.76	8.71	9.16	9.56	4	100
11/07/2015 16:50	11.07	10.1	9.26	8.33	9.69	4	100
11/07/2015 16:55	8.48	8.38	8.81	7.56	8.31	4	100
11/07/2015 17:00	12.11	11	10.22	9.9	10.81	4	100
11/07/2015 17:05	10.63	9.78	10.76	9.55	10.18	4	100
11/07/2015 17:10	15.75	11.81	11.7	9.93	12.3	4	100
11/07/2015 17:15	14.93	12.97	12.51	11.98	13.1	4	100
11/07/2015 17:20	11.57	10.82	10.53	9.52	10.61	4	100
11/07/2015 17:25	11.17	10.06	10.94	8.42	10.15	4	100
11/07/2015 17:30	10.23	9.74	9.78	8.16	9.48	4	100
11/07/2015 17:35	11.93	10.55	9.74	8.5	10.18	4	100
11/07/2015 17:40	11.48	9.79	10.05	8.51	9.96	4	100
11/07/2015 17:45	10.4	9.42	9.18	9.81	9.7	4	100
11/07/2015 17:50	10.74	9.53	9.34	8.85	9.61	4	100
11/07/2015 17:55	11.59	10.61	9.4	8.77	10.09	4	100
11/07/2015 18:00	10.14	8.78	8.8	8.37	9.02	4	100
11/07/2015 18:05	9.99	7.7	7.73	7.15	8.14	4	100
11/07/2015 18:10	10.71	9	10.66	7.61	9.49	4	100
11/07/2015 18:15	10.97	9.63	9.76	8.02	9.6	4	100
11/07/2015 18:20	10.73	9.03	9	7.94	9.17	4	100
11/07/2015 18:25	10.76	9.62	8.97	7.62	9.24	4	100
11/07/2015 18:30	8.94	9.04	7.73	7.01	8.18	4	100
11/07/2015 18:35	10.58	8.42	9.4	7.74	9.04	4	100
11/07/2015 18:40	10.44	9.52	10.09	8.34	9.6	4	100
11/07/2015 18:45	8.89	7.72	7.83	7.43	7.97	4	100
11/07/2015 18:50	9.14	8.25	7.95	7.68	8.25	4	100
11/07/2015 18:55	8.43	7.94	7.76	6.06	7.55	4	100
11/07/2015 19:00	9.08	8.58	7.38	7.2	8.06	4	100
11/07/2015 19:05	9	7.72	8.22	7.81	8.19	4	100
11/07/2015 19:10	9.39	7.58	8.44	7.03	8.11	4	100
11/07/2015 19:15	7.82	6.72	6.84	5.71	6.77	4	100
11/07/2015 19:20	9.07	8.09	6.91	6.14	7.55	4	100
11/07/2015 19:25	9.67	7.5	7.51	6.3	7.74	4	100
11/07/2015 19:30	8.52	7.91	7.83	6.7	7.74	4	100
11/07/2015 19:35	8.39	7.83	7.35	6.52	7.52	4	100
11/07/2015 19:40	8.52	7.47	8.07	5.12	7.3	4	100
11/07/2015 19:45	8.25	6.97	6.48	7.24	7.23	4	100
11/07/2015 19:50	7.87	6.69	7.32	6.28	7.04	4	100
11/07/2015 19:55	7.48	6.9	6.39	5.11	6.47	4	100
11/07/2015 20:00	7.5	7.37	6.31	5.36	6.63	4	100
11/07/2015 20:05	7.7	6.72	6	5.53	6.49	4	100
11/07/2015 20:10	8.25	7.59	6.46	6.38	7.17	4	100
11/07/2015 20:15	7.57	7.07	6.39	5.39	6.6	4	100
11/07/2015 20:20	7.71	7.07	6.06	5.68	6.63	4	100
11/07/2015 20:25	7.27	6.12	5.01	4.09	5.62	4	100
11/07/2015 20:30	6.95	6.2	6.14	5.22	6.13	4	100
11/07/2015 20:35	5.68	5.73	5.12	4.7	5.31	4	100
11/07/2015 20:40	7.18	6.95	5.18	4.59	5.97	4	100
11/07/2015 20:45	5.67	5.55	5.2	4.28	5.17	4	100
11/07/2015 20:50	6.01	5.46	4.29	3.6	4.84	4	100
11/07/2015 20:55	6.48	5.65	5.2	4.62	5.49	4	100
11/07/2015 21:00	5.68	4.92	4.69	4.69	5	4	100
11/07/2015 21:05	5.68	5.56	5.52	3.91	5.17	4	100
11/07/2015 21:10	6.36	5.78	5.5	4.61	5.56	4	100
11/07/2015 21:15	5.17	5.28	4.71	3.98	4.79	4	100
11/07/2015 21:20	5.61	5.29	5.36	4.67	5.23	4	100
11/07/2015 21:25	4.68	4.67	4.29	3.79	4.36	4	100
11/07/2015 21:30	5.68	5.36	4.69	3.72	4.86	4	100
11/07/2015 21:35	5.33	5.43	5.07	4.74	5.14	4	100
11/07/2015 21:40	5.12	5.16	4.47	4	4.69	4	100
11/07/2015 21:45	6.7	5.68	5.41	4.88	5.67	4	100
11/07/2015 21:50	5.83	5.89	5.01	3.97	5.18	4	100
11/07/2015 21:55	5.8	4.98	4.93	4.19	4.98	4	100
11/07/2015 22:00	5.59	5.57	4.82	3.61	4.9	4	100
11/07/2015 22:05	6.29	5.89	5.48	3.84	5.37	4	100
11/07/2015 22:10	5.68	6.29	5.6	5.1	5.67	4	100
11/07/2015 22:15	5.99	6.12	5.34	3.76	5.3	4	100
11/07/2015 22:20	5.81	5.78	4.52	4.55	5.17	4	100
11/07/2015 22:25	6.92	6.01	4.13	4.18	5.31	4	100
11/07/2015 22:30	5.24	5.61	4.58	4.8	5.06	4	100
11/07/2015 22:35	5.76	5.4	4.99	3.5	4.91	4	100
11/07/2015 22:40	4.82	5.59	4.49	3.17	4.52	4	100
11/07/2015 22:45	5.99	6.35	4.85	4.08	5.32	4	100
11/07/2015 22:50	5.54	4.77	4.11	4.33	4.69	4	100
11/07/2015 22:55	6.23	5	4.76	3.13	4.78	4	100
11/07/2015 23:00	6.24	5.12	4.52	2.81	4.67	4	100
11/07/2015 23:05	6.23	5.33	5.01	4.18	5.19	4	100
11/07/2015 23:10	6.12	5.54	4.91	3.79	5.09	4	100
11/07/2015 23:15	7.28	6.29	4.95	3.93	5.61	4	100
11/07/2015 23:20	7.23	6.42	4.91	4.3	5.72	4	100
11/07/2015 23:25	6.92	6.28	5.36	3.98	5.64	4	100
11/07/2015 23:30	6.53	6.26	5.74	4.71	5.81	4	100
11/07/2015 23:35	6.95	6.01	5.68	3.57	5.55	4	100
11/07/2015 23:40	5.97	5.69	4.86	3.55	5.02	4	100
11/07/2015 23:45	5.62	5.83	4.33	3.52	4.83	4	100
11/07/2015 23:50	5.93	5.77	3.91	3.16	4.69	4	100
11/07/2015 23:55	5.14	6.18	4.98	3.54	4.96	4	100
11/08/2015 00:00	5.98	5.82	4.39	4.1	5.07	4	100
11/08/2015 00:05	4.09	4.48	3.69	2.9	3.79	4	100
11/08/2015 00:10	5.87	4.63	3.89	3.48	4.47	4	100
11/08/2015 00:15	3.81	4.31	2.77	2.81	3.43	4	100
11/08/2015 00:20	4.45	4.77	3.64	2.09	3.74	4	100
11/08/2015 00:25	4.02	3.87	3.32	2.63	3.46	4	100
11/08/2015 00:30	3.45	3.92	3.28	2.4	3.26	4	100
11/08/2015 00:35	3.03	3.4	3.33	2.58	3.08	4	100
11/08/2015 00:40	2.33	2.74	3.23	2.42	2.68	4	100
11/08/2015 00:45	3.14	2.84	2.56	1.75	2.57	4	100
11/08/2015 00:50	2.75	3.33	2.1	2.42	2.65	4	100
11/08/2015 00:55	1.81	1.94	2.14	1.83	1.93	4	100
11/08/2015 01:00	2.41	2.41	1.97	1.53	2.08	4	100
11/08/2015 01:05	1.95	2.24	1.99	1.31	1.87	4	100
11/08/2015 01:10	2.09	2.33	2.2	1.67	2.07	4	100
11/08/2015 01:15	2.1	2.3	2.02	1.97	2.1	4	100
11/08/2015 01:20	1.47	1.83	2.05	1.38	1.68	4	100
11/08/2015 01:25	1.47	1.88	1.85	1.19	1.6	4	100
11/08/2015 01:30	1.42	2.11	1.26	.82	1.4	4	100
11/08/2015 01:35	1.46	1.8	1.62	.91	1.45	4	100
11/08/2015 01:40	1.28	1.12	2.52	1.29	1.55	4	100
11/08/2015 01:45	1.19	1.71	1.95	1.05	1.48	4	100
11/08/2015 01:50	1.31	1.73	1.55	.87	1.36	4	100
11/08/2015 01:55	1.39	1.43	1.54	1.02	1.35	4	100
11/08/2015 02:00	1.02	1.25	1.32	.97	1.14	4	100
11/08/2015 02:05	.72	1.2	.96	1.19	1.02	4	100
11/08/2015 02:10	1.01	1.46	1.23	1.24	1.23	4	100
11/08/2015 02:15	.92	1.28	1.58	.88	1.17	4	100
11/08/2015 02:20	1.23	1.42	1.69	1.72	1.52	4	100
11/08/2015 02:25	.98	1.45	1.43	.86	1.18	4	100
11/08/2015 02:30	1.07	1.63	1.27	1.11	1.27	4	100
11/08/2015 02:35	1.4	1.08	1.5	.84	1.2	4	100
11/08/2015 02:40	.98	1.41	1.12	1.25	1.19	4	100
11/08/2015 02:45	1.22	1.04	1.81	.86	1.23	4	100
11/08/2015 02:50	.78	.98	1.66	.98	1.1	4	100
11/08/2015 02:55	.47	.99	.93	1.21	.9	4	100
11/08/2015 03:00	.59	.97	1.28	.92	.94	4	100
11/08/2015 03:05	.92	1.64	1.55	1.57	1.42	4	100
11/08/2015 03:10	.59	.95	1	.72	.81	4	100
11/08/2015 03:15	.85	1.07	1.58	.89	1.1	4	100
11/08/2015 03:20	.88	1.37	1.36	.99	1.15	4	100
11/08/2015 03:25	.65	.93	.83	.97	.84	4	100
11/08/2015 03:30	.58	.79	1.27	.95	.9	4	100
11/08/2015 03:35	.97	1.23	1.04	.56	.95	4	100
11/08/2015 03:40	.31	.79	1.04	1.1	.81	4	100
11/08/2015 03:45	.51	.78	.89	.78	.74	4	100
11/08/2015 03:50	.69	.87	1.32	.34	.8	4	100
11/08/2015 03:55	.39	.89	.62	1.01	.73	4	100
11/08/2015 04:00	.46	.74	.22	.95	.59	4	100
11/08/2015 04:05	.47	.9	.74	1.17	.82	4	100
11/08/2015 04:10	.84	1.09	1.08	.56	.89	4	100
11/08/2015 04:15	.45	.67	1.26	.91	.82	4	100
11/08/2015 04:20	.69	.89	1.68	.98	1.06	4	100
11/08/2015 04:25	.64	.8	1.1	1.09	.91	4	100
11/08/2015 04:30	.71	.78	1.12	.62	.81	4	100
11/08/2015 04:35	.46	1.29	1.28	.87	.97	4	100
11/08/2015 04:40	.48	1.23	1.17	.53	.85	4	100
11/08/2015 04:45	.61	1.07	1.24	.67	.9	4	100
11/08/2015 04:50	.83	1.37	.79	.92	.98	4	100
11/08/2015 04:55	.47	1.2	1.12	1.08	.97	4	100
11/08/2015 05:00	.77	1.13	1.37	.7	.99	4	100
11/08/2015 05:05	.81	.97	1.72	.93	1.11	4	100
11/08/2015 05:10	1.26	1.2	1.23	1.14	1.21	4	100
11/08/2015 05:15	1.48	1.87	1.42	1.69	1.62	4	100
11/08/2015 05:20	.8	1.71	1.28	.96	1.19	4	100
11/08/2015 05:25	.82	1.13	1.71	1.43	1.27	4	100
11/08/2015 05:30	1.32	1.71	1.68	1.22	1.48	4	100
11/08/2015 05:35	1.71	1.67	1.63	1.41	1.6	4	100
11/08/2015 05:40	1.24	1.76	2.16	1.36	1.63	4	100
11/08/2015 05:45	2.11	1.8	1.75	1.7	1.84	4	100
11/08/2015 05:50	1.33	1.73	1.98	1.6	1.66	4	100
11/08/2015 05:55	2.2	2.61	1.78	.93	1.88	4	100
11/08/2015 06:00	1.54	1.71	2.79	1.01	1.76	4	100
11/08/2015 06:05	1.25	2.5	1.86	.96	1.64	4	100
11/08/2015 06:10	1.92	2.19	2.12	1.9	2.03	4	100
11/08/2015 06:15	2.11	2.53	2.4	1.19	2.06	4	100
11/08/2015 06:20	2.37	2.27	3.08	1.32	2.26	4	100
11/08/2015 06:25	1.96	2.89	2.66	1.57	2.27	4	100
11/08/2015 06:30	3.24	2.43	3.04	1.18	2.47	4	100
11/08/2015 06:35	2.9	3.42	2.59	1.36	2.57	4	100
11/08/2015 06:40	2.9	3.1	2.89	1.81	2.67	4	100
11/08/2015 06:45	2.93	3.35	2.14	1.33	2.44	4	100
11/08/2015 06:50	2.55	3.69	3.4	2.5	3.04	4	100
11/08/2015 06:55	2.39	2.91	2.71	1.81	2.46	4	100
11/08/2015 07:00	3.41	2.9	3.48	2.2	3	4	100
11/08/2015 07:05	3.75	3.31	3.55	2.41	3.26	4	100
11/08/2015 07:10	2.79	3.77	1.98	2.48	2.75	4	100
11/08/2015 07:15	2.98	3.68	3.36	2.59	3.15	4	100
11/08/2015 07:20	3.59	4.29	3.43	2.82	3.53	4	100
11/08/2015 07:25	2.91	3.79	3	2.22	2.98	4	100
11/08/2015 07:30	4.27	4.9	3.86	3.88	4.23	4	100
11/08/2015 07:35	4.39	4.3	3.9	2.99	3.9	4	100
11/08/2015 07:40	4.68	4.91	5.45	3.97	4.75	4	100
11/08/2015 07:45	4.95	4.94	3.89	4.02	4.45	4	100
11/08/2015 07:50	4.45	4.98	4.35	3.94	4.43	4	100
11/08/2015 07:55	5.03	4.51	4.47	3.78	4.45	4	100
11/08/2015 08:00	4.3	4.53	4.99	3.52	4.33	4	100
11/08/2015 08:05	5.11	5.11	5.22	4.47	4.98	4	100
11/08/2015 08:10	5.37	5.7	5.24	4	5.08	4	100
11/08/2015 08:15	4.18	4.39	5.07	3.82	4.36	4	100
11/08/2015 08:20	5.02	5.05	4.61	4.13	4.7	4	100
11/08/2015 08:25	6.99	6.52	5.56	4.76	5.96	4	100
11/08/2015 08:30	6.15	6.2	6.17	5.16	5.92	4	100
11/08/2015 08:35	5.27	6.1	4.64	3.84	4.96	4	100
11/08/2015 08:40	5.27	5.4	6	4.58	5.31	4	100
11/08/2015 08:45	6.11	5.31	6.31	5.81	5.88	4	100
11/08/2015 08:50	5.87	5.58	5.58	5.12	5.54	4	100
11/08/2015 08:55	5.04	5.91	5.37	4.9	5.3	4	100
11/08/2015 09:00	7.53	6.73	5.34	6.11	6.43	4	100
11/08/2015 09:05	6.15	6.41	4.24	3.59	5.1	4	100
11/08/2015 09:10	5.81	5.3	5.19	4.34	5.16	4	100
11/08/2015 09:15	7.28	7.13	7.1	5.04	6.64	4	100
11/08/2015 09:20	7.49	6.49	5.15	4.82	5.99	4	100
11/08/2015 09:25	6.76	6.3	6.01	4.93	6	4	100
11/08/2015 09:30	7.74	9.7	8.3	6.48	8.06	4	100
11/08/2015 09:35	7.28	7.01	7.09	5.5	6.72	4	0
11/08/2015 09:40	12.22	7.89	10.78	5.11	9	4	100
11/08/2015 09:45	7.99	7.73	7.9	6.59	7.55	4	100
11/08/2015 09:50	8.53	7.47	7.58	5.17	7.19	4	100
11/08/2015 09:55	7.77	8.03	7.32	6.02	7.28	4	100
11/08/2015 10:00	8.9	7.86	7.38	5.6	7.43	4	100
11/08/2015 10:05	7.21	7.58	7.07	4.45	6.58	4	100
11/08/2015 10:10	7.4	7.49	6	5.51	6.6	4	100
11/08/2015 10:15	7.76	7.9	7.42	5.75	7.21	4	100
11/08/2015 10:20	8.25	8.09	7.18	6.31	7.46	4	100
11/08/2015 10:25	8.42	8.32	8.07	6.16	7.74	4	100
11/08/2015 10:30	8.58	7.8	8.2	5.88	7.62	4	100
11/08/2015 10:35	8.2	8.19	7.82	7.1	7.83	4	100
11/08/2015 10:40	8.59	7.92	8.39	7.64	8.14	4	100
11/08/2015 10:45	9.64	9.97	8.9	7.04	8.89	4	100
11/08/2015 10:50	8.13	7.67	8.33	6.4	7.63	4	100
11/08/2015 10:55	9.74	7.84	7.43	6.2	7.8	4	100
11/08/2015 11:00	7.77	7.27	7.07	6.92	7.26	4	100
11/08/2015 11:05	3.83	4.97	5.17	4.78	4.69	4	100
11/08/2015 11:10	7.92	7.36	6.37	5.77	6.85	4	100
11/08/2015 11:15	9.83	8.36	8.24	7.08	8.38	4	100
11/08/2015 11:20	11.19	8.83	9.35	8.02	9.35	4	100
11/08/2015 11:25	10.66	9.72	8.77	6.55	8.92	4	100
11/08/2015 11:30	10.39	9.05	8.52	7.3	8.82	4	100
11/08/2015 11:35	9.58	8.88	8.55	8.16	8.79	4	100
11/08/2015 11:40	8.4	8.29	7.52	6.78	7.75	4	100
11/08/2015 11:45	8.76	8.99	8.09	7.07	8.23	4	100
11/08/2015 11:50	7.57	7.67	7.37	7.31	7.48	4	100
11/08/2015 11:55	5.98	7.7	7.44	6.51	6.91	4	100
11/08/2015 12:00	6.31	5.61	6.35	4.95	5.81	4	100
11/08/2015 12:05	8.73	8.3	8.66	7	8.17	4	100
11/08/2015 12:10	9.12	7.38	7.27	6.03	7.45	4	100
11/08/2015 12:15	9.76	10.3	7.88	7.89	8.96	4	100
11/08/2015 12:20	9.97	8.18	8.53	7.67	8.59	4	100
11/08/2015 12:25	8.41	9.1	7.59	6.64	7.94	4	100
11/08/2015 12:30	10.27	8.2	9.23	7.62	8.83	4	100
11/08/2015 12:35	8.36	7.73	8.82	6.97	7.97	4	100
11/08/2015 12:40	8.34	7.68	8.12	5.77	7.48	4	100
11/08/2015 12:45	9.08	8.09	7.96	7.02	8.04	4	100
11/08/2015 12:50	8.01	6.71	6.78	6.26	6.94	4	100
11/08/2015 12:55	7.83	7.67	7.63	7.51	7.66	4	100
11/08/2015 13:00	9.07	8.03	7.49	7.23	7.95	4	100
11/08/2015 13:05	8.92	8.85	8.5	7.78	8.51	4	100
11/08/2015 13:10	9.32	8.08	7.63	7.26	8.07	4	100
11/08/2015 13:15	8.19	7.49	9.15	8.23	8.27	4	100
11/08/2015 13:20	9.91	8.06	8.86	7.68	8.63	4	100
11/08/2015 13:25	9.3	8.78	7.72	8.54	8.59	4	100
11/08/2015 13:30	9.6	8.22	6.97	7.59	8.09	4	100
11/08/2015 13:35	9.28	8.29	7.51	6.77	7.96	4	100
11/08/2015 13:40	10.56	9.29	9.17	7.27	9.07	4	100
11/08/2015 13:45	8.92	7.27	8.54	7.38	8.03	4	100
11/08/2015 13:50	9.03	8.36	8.23	6.33	7.99	4	100
11/08/2015 13:55	10.04	8.5	8.83	7.79	8.79	4	100
11/08/2015 14:00	9.79	9.38	8.91	7.02	8.77	4	100
11/08/2015 14:05	9.34	9.32	9.45	7.43	8.89	4	100
11/08/2015 14:10	9.77	8.68	8.21	7.55	8.55	4	100
11/08/2015 14:15	10.58	9.22	8.97	7.7	9.12	4	100
11/08/2015 14:20	10.29	9.03	7.91	7.73	8.74	4	100
11/08/2015 14:25	8.76	8.47	8.28	5.93	7.86	4	100
11/08/2015 14:30	9.76	8.85	9.2	7.32	8.78	4	100
11/08/2015 14:35	9.3	9.29	8.11	8.21	8.73	4	100
11/08/2015 14:40	10.86	9.43	8.92	7.99	9.3	4	100
11/08/2015 14:45	9.49	8.28	8.63	7.73	8.53	4	100
11/08/2015 14:50	8.59	7.82	7.73	6.86	7.75	4	100
11/08/2015 14:55	8.77	8.65	7.69	6.91	8	4	100
11/08/2015 15:00	9.07	9.02	7.32	7.12	8.13	4	100
11/08/2015 15:05	8.69	8.61	7.09	6.82	7.8	4	100
11/08/2015 15:10	9.89	8.78	8.28	8.12	8.77	4	100
11/08/2015 15:15	8.5	8.54	7.5	7.24	7.95	4	100
11/08/2015 15:20	9.97	8.32	8.33	6.38	8.25	4	100
11/08/2015 15:25	9.51	8.52	8.49	6.98	8.37	4	100
11/08/2015 15:30	9.53	9.03	9.1	7.92	8.89	4	100
11/08/2015 15:35	9.96	9.41	7.69	8.18	8.81	4	100
11/08/2015 15:40	9.45	8.48	8.31	7.39	8.41	4	100
11/08/2015 15:45	11.5	8.69	9.32	8.38	9.47	4	100
11/08/2015 15:50	9.69	9	7.61	7.25	8.39	4	100
11/08/2015 15:55	9.42	9.25	8.43	7.8	8.73	4	100
11/08/2015 16:00	10.29	9.58	8.64	7.26	8.94	4	100
11/08/2015 16:05	11.07	9.4	9.22	7.93	9.4	4	100
11/08/2015 16:10	10.51	8.71	8.33	6.31	8.46	4	100
11/08/2015 16:15	9.3	8.54	6.9	6.04	7.7	4	100
11/08/2015 16:20	10.69	9.53	9.3	6.96	9.12	4	100
11/08/2015 16:25	9.9	9.09	8.29	7.4	8.67	4	100
11/08/2015 16:30	9.61	9.13	8.23	8.04	8.75	4	100
11/08/2015 16:35	10.14	9.11	7.82	6.15	8.3	4	100
11/08/2015 16:40	8.87	8.55	8.27	7.09	8.2	4	100
11/08/2015 16:45	10.36	9.2	7.63	8.59	8.95	4	100
11/08/2015 16:50	10.09	9.07	8.16	7.18	8.62	4	100
11/08/2015 16:55	9.58	7.76	7.32	6.5	7.79	4	100
11/08/2015 17:00	8.97	8.18	7.56	7.58	8.07	4	100
11/08/2015 17:05	10.02	9.6	9.32	7.74	9.17	4	100
11/08/2015 17:10	9.31	9.13	7.92	7.99	8.59	4	100
11/08/2015 17:15	9.26	8.63	8.46	6.81	8.29	4	100
11/08/2015 17:20	8.81	8.27	8.19	7.85	8.28	4	100
11/08/2015 17:25	10.14	9.02	9.24	7.02	8.85	4	100
11/08/2015 17:30	9.11	8.43	9.83	7.7	8.77	4	100
11/08/2015 17:35	9.62	7.89	7.48	7.29	8.07	4	100
11/08/2015 17:40	10.81	9.34	8.21	7.99	9.09	4	100
11/08/2015 17:45	7.38	7.59	6.64	5.8	6.85	4	100
11/08/2015 17:50	9.5	8.71	8.16	7.7	8.52	4	100
11/08/2015 17:55	8.31	7.8	7	6.82	7.48	4	100
11/08/2015 18:00	9.17	8.53	8.07	6.72	8.12	4	100
11/08/2015 18:05	7.76	7.59	7.11	6.21	7.17	4	100
11/08/2015 18:10	6.49	7.2	6.32	6.41	6.6	4	100
11/08/2015 18:15	7.48	6.7	5.69	5.26	6.28	4	100
11/08/2015 18:20	9.05	7.98	8.11	6.18	7.83	4	100
11/08/2015 18:25	7.87	7.27	6.29	5.52	6.74	4	100
11/08/2015 18:30	8.95	8.1	6.39	5.82	7.31	4	100
11/08/2015 18:35	8.69	7.43	6.48	5.66	7.07	4	100
11/08/2015 18:40	9.23	7.03	6.94	5.18	7.09	4	100
11/08/2015 18:45	9.6	9.22	8.27	6.98	8.52	4	100
11/08/2015 18:50	9.64	8.48	7.29	6.44	7.96	4	100
11/08/2015 18:55	7.83	6.91	6.6	5.44	6.69	4	100
11/08/2015 19:00	9.83	8.78	6.52	6.42	7.89	4	100
11/08/2015 19:05	8.5	6.86	6.96	5.81	7.03	4	100
11/08/2015 19:10	7.38	6.29	7.16	6.07	6.72	4	100
11/08/2015 19:15	8	7.28	7.09	6.53	7.23	4	100
11/08/2015 19:20	7.45	7.11	5.74	4.32	6.16	4	100
11/08/2015 19:25	8.13	6.98	6.62	5.49	6.8	4	100
11/08/2015 19:30	7.76	7.38	7.31	4.56	6.75	4	100
11/08/2015 19:35	7.98	7.58	7.13	5.38	7.02	4	100
11/08/2015 19:40	8.64	7.41	8.28	6.04	7.59	4	100
11/08/2015 19:45	8.83	7.59	7.28	6.24	7.48	4	100
11/08/2015 19:50	7.84	6.93	5.58	5.5	6.46	4	100
11/08/2015 19:55	7.37	6.78	5.29	4.13	5.89	4	100
11/08/2015 20:00	8.19	7.16	5.85	5.92	6.78	4	100
11/08/2015 20:05	8.19	7.62	6.63	4.57	6.75	4	100
11/08/2015 20:10	7.23	6.81	6.73	4.48	6.31	4	100
11/08/2015 20:15	7.1	6.33	5.8	5.19	6.1	4	100
11/08/2015 20:20	6.86	5.74	5.1	4.71	5.6	4	100
11/08/2015 20:25	7.14	6.99	6.18	4.31	6.16	4	100
11/08/2015 20:30	7.19	5.97	6.04	4.44	5.91	4	100
11/08/2015 20:35	7.13	5.56	6.1	3.89	5.67	4	100
11/08/2015 20:40	7	6.44	4.9	5.38	5.93	4	100
11/08/2015 20:45	7.17	7.14	5.62	4.14	6.02	4	100
11/08/2015 20:50	6.5	5.99	5.47	4.76	5.68	4	100
11/08/2015 20:55	6.69	5.61	4.49	4	5.2	4	100
11/08/2015 21:00	6.71	6.11	4.72	4.17	5.43	4	100
11/08/2015 21:05	6.92	5.99	5.24	4.25	5.6	4	100
11/08/2015 21:10	5.37	5.07	4.62	4.02	4.77	4	100
11/08/2015 21:15	6.48	5.25	5.48	4.14	5.34	4	100
11/08/2015 21:20	4.77	4.43	3.75	3.22	4.04	4	100
11/08/2015 21:25	7.56	5.66	4.89	3.52	5.41	4	100
11/08/2015 21:30	5.97	5.05	4.15	2.73	4.47	4	100
11/08/2015 21:35	6.08	5.07	4.37	3.13	4.66	4	100
11/08/2015 21:40	6.48	5.33	5.34	3.96	5.28	4	100
11/08/2015 21:45	5.7	4.96	4.03	4.2	4.72	4	100
11/08/2015 21:50	5.23	5.04	4.05	3.55	4.47	4	100
11/08/2015 21:55	5.61	4.87	3.76	2.91	4.29	4	100
11/08/2015 22:00	5.24	4.34	4.21	3.18	4.24	4	100
11/08/2015 22:05	5.26	5.01	4.57	3.2	4.51	4	100
11/08/2015 22:10	5.3	4.47	4.13	2.76	4.17	4	100
11/08/2015 22:15	4.11	4.41	3.65	2.87	3.76	4	100
11/08/2015 22:20	4.84	4.2	3.82	2.66	3.88	4	100
11/08/2015 22:25	3.87	3.76	3.97	2.42	3.5	4	100
11/08/2015 22:30	4.55	4.05	3.21	3.06	3.72	4	100
11/08/2015 22:35	3.09	3	2.88	2.97	2.99	4	100
11/08/2015 22:40	4.55	4.16	3.7	2.07	3.62	4	100
11/08/2015 22:45	3.77	3.88	3.53	2.73	3.48	4	100
11/08/2015 22:50	3.28	3.6	3.58	2.09	3.14	4	100
11/08/2015 22:55	3.1	2.82	3.11	2.01	2.76	4	100
11/08/2015 23:00	3.17	3.21	2.4	2.18	2.74	4	100
11/08/2015 23:05	3.49	2.67	2.71	2	2.72	4	100
11/08/2015 23:10	2.38	2.88	2.23	2.48	2.49	4	100
11/08/2015 23:15	3.23	2.89	2.32	2.11	2.64	4	100
11/08/2015 23:20	3.27	3.37	2.63	1.9	2.79	4	100
11/08/2015 23:25	2.66	2.41	2.95	1.71	2.43	4	100
11/08/2015 23:30	3.19	2.93	2.89	1.92	2.73	4	100
11/08/2015 23:35	2.94	2.39	2.77	1.71	2.45	4	100
11/08/2015 23:40	2.71	2.72	2.59	1.64	2.41	4	100
11/08/2015 23:45	2.02	2.67	2.11	1.52	2.08	4	100
11/08/2015 23:50	2.37	2.14	1.96	1.6	2.02	4	100
11/08/2015 23:55	2.62	3.16	2.46	1.23	2.37	4	100
