5 Minutes	Lane 1 Occ (%)	Lane 2 Occ (%)	Lane 3 Occ (%)	Lane 4 Occ (%)	Occupancy (%)	# Lane Points	% Observed
11/02/2015 00:00	3.53	3.86	4.22	4.29	3.98	4	0
11/02/2015 00:05	3.59	3.82	4.27	4.16	3.96	4	0
11/02/2015 00:10	3.32	3.71	3.99	4.04	3.76	4	0
11/02/2015 00:15	3.55	4.03	4.44	4.49	4.13	4	0
11/02/2015 00:20	3.13	3.45	3.79	3.81	3.55	4	0
11/02/2015 00:25	3.26	3.89	4.26	4.32	3.93	4	0
11/02/2015 00:30	3.68	4.13	4.55	4.61	4.24	4	0
11/02/2015 00:35	3.35	3.74	4.1	4.08	3.81	4	0
11/02/2015 00:40	2.88	3.18	3.49	3.57	3.28	4	0
11/02/2015 00:45	2.72	3.02	3.3	3.39	3.11	4	0
11/02/2015 00:50	2.83	3.13	3.43	3.52	3.23	4	0
11/02/2015 00:55	2.88	3.2	3.52	3.52	3.28	4	0
11/02/2015 01:00	3.18	3.51	3.85	3.88	3.61	4	0
11/02/2015 01:05	2.56	3.02	3.31	3.4	3.07	4	0
11/02/2015 01:10	3.26	3.59	3.93	3.97	3.69	4	0
11/02/2015 01:15	2.98	3.53	3.87	3.9	3.57	4	0
11/02/2015 01:20	2.95	3.3	3.68	3.47	3.35	4	0
11/02/2015 01:25	2.84	3.26	3.57	3.65	3.33	4	0
11/02/2015 01:30	2.91	3.21	3.52	3.6	3.31	4	0
11/02/2015 01:35	2.48	2.8	3.05	3	2.83	4	0
11/02/2015 01:40	2.87	3.13	3.48	3.25	3.18	4	0
11/02/2015 01:45	2.89	3.4	3.73	3.81	3.46	4	0
11/02/2015 01:50	2.59	2.93	3.17	3.14	2.96	4	0
11/02/2015 01:55	2.63	3.04	3.34	3.33	3.09	4	0
11/02/2015 02:00	2.5	2.8	3.09	3.15	2.89	4	0
11/02/2015 02:05	2.52	3.11	3.42	3.49	3.13	4	0
11/02/2015 02:10	2.67	3.24	3.55	3.63	3.27	4	0
11/02/2015 02:15	2.47	2.82	2.93	2.82	2.76	4	0
11/02/2015 02:20	2.89	3.3	3.62	3.7	3.38	4	0
11/02/2015 02:25	2.97	3.29	3.61	3.62	3.37	4	0
11/02/2015 02:30	2.65	3.23	3.58	3.38	3.21	4	0
11/02/2015 02:35	2.6	3.04	3.32	3.38	3.09	4	0
11/02/2015 02:40	2.71	3.11	3.47	3.28	3.14	4	0
11/02/2015 02:45	2.83	3.22	3.4	3.43	3.22	4	0
11/02/2015 02:50	2.58	2.85	3.16	2.92	2.88	4	0
11/02/2015 02:55	2.64	3.09	3.38	3.39	3.12	4	0
11/02/2015 03:00	2.26	2.66	2.91	2.86	2.67	4	0
11/02/2015 03:05	2.73	3.16	3.47	3.47	3.21	4	0
11/02/2015 03:10	2.4	3.03	3.32	3.37	3.03	4	0
11/02/2015 03:15	3.38	3.61	4.04	3.94	3.74	4	0
11/02/2015 03:20	2.98	3.58	3.92	3.98	3.62	4	0
11/02/2015 03:25	2.62	3.18	3.49	3.49	3.19	4	0
11/02/2015 03:30	2.69	3.09	3.24	3.24	3.07	4	0
11/02/2015 03:35	3.09	3.51	3.85	3.89	3.58	4	0
11/02/2015 03:40	3.17	3.47	3.81	3.85	3.57	4	0
11/02/2015 03:45	3.43	3.76	4.12	4.17	3.87	4	0
11/02/2015 03:50	2.79	3.4	3.73	3.69	3.4	4	0
11/02/2015 03:55	3.18	3.57	3.79	3.78	3.58	4	0
11/02/2015 04:00	3.25	3.6	3.89	3.85	3.65	4	0
11/02/2015 04:05	3.09	3.55	3.89	3.94	3.62	4	0
11/02/2015 04:10	3.28	3.86	4.23	4.29	3.91	4	0
11/02/2015 04:15	3.73	3.96	4.42	4.3	4.1	4	0
11/02/2015 04:20	3.53	3.96	4.23	4.21	3.98	4	0
11/02/2015 04:25	3.82	4.36	4.79	4.86	4.46	4	0
11/02/2015 04:30	3.74	4.09	4.49	4.51	4.2	4	0
11/02/2015 04:35	4.99	5.19	5.82	5.73	5.43	4	0
11/02/2015 04:40	4.55	4.75	5.33	5.21	4.96	4	0
11/02/2015 04:45	4.72	5.13	5.64	5.71	5.3	4	0
11/02/2015 04:50	4.7	5.09	5.52	5.47	5.19	4	0
11/02/2015 04:55	4.75	4.95	5.55	5.47	5.18	4	0
11/02/2015 05:00	4.56	5.05	5.55	5.62	5.19	4	0
11/02/2015 05:05	5.44	5.85	6.38	6.32	6	4	0
11/02/2015 05:10	6.28	6.46	7.27	7.22	6.81	4	0
11/02/2015 05:15	6.02	6.29	6.95	7.01	6.57	4	0
11/02/2015 05:20	6.66	7.05	7.64	8	7.34	4	0
11/02/2015 05:25	7.95	8.06	9.09	9.2	8.58	4	0
11/02/2015 05:30	7.41	7.54	8.5	8.56	8	4	0
11/02/2015 05:35	9.56	9.63	10.88	11.08	10.29	4	0
11/02/2015 05:40	9.31	9.38	10.59	10.78	10.01	4	0
11/02/2015 05:45	8.55	8.64	9.75	9.89	9.21	4	0
11/02/2015 05:50	12.27	12.25	13.86	14.24	13.16	4	0
11/02/2015 05:55	11.08	11.1	12.55	12.85	11.9	4	0
11/02/2015 06:00	10.1	10.18	11.46	11.7	10.86	4	0
11/02/2015 06:05	11.75	11.75	13.29	13.64	12.61	4	0
11/02/2015 06:10	10.96	10.99	12.42	12.72	11.77	4	0
11/02/2015 06:15	13.2	13.16	14.89	15.33	14.15	4	0
11/02/2015 06:20	11.4	11.41	12.9	13.22	12.23	4	0
11/02/2015 06:25	16.31	16.18	18.33	18.97	17.45	4	0
11/02/2015 06:30	13.2	13.16	14.89	15.33	14.15	4	0
11/02/2015 06:35	14.98	14.89	16.86	17.41	16.03	4	0
11/02/2015 06:40	17.64	17.48	19.8	20	18.73	4	0
11/02/2015 06:45	15.99	15.87	17.97	18.59	17.1	4	0
11/02/2015 06:50	10.96	11.44	12.34	13.09	11.96	4	0
11/02/2015 06:55	10.42	10.46	11.83	12.08	11.2	4	0
11/02/2015 07:00	12.5	12.48	14.12	14.51	13.4	4	0
11/02/2015 07:05	16.29	16.16	18.3	18.94	17.42	4	0
11/02/2015 07:10	11.16	11.19	12.36	12.76	11.87	4	0
11/02/2015 07:15	11.9	11.88	13.13	13.25	12.54	4	0
11/02/2015 07:20	12.19	12.69	13.68	14.55	13.28	4	0
11/02/2015 07:25	13.3	13.26	15.01	15.45	14.25	4	0
11/02/2015 07:30	11.13	11.16	12.33	12.44	11.76	4	0
11/02/2015 07:35	12.2	12.19	13.79	14.17	13.09	4	0
11/02/2015 07:40	15.98	15.86	17.96	18.58	17.1	4	0
11/02/2015 07:45	10.93	11.39	12.58	12.72	11.91	4	0
11/02/2015 07:50	9.82	9.73	10.9	11.23	10.42	4	0
11/02/2015 07:55	9.42	9.87	10.65	10.95	10.22	4	0
11/02/2015 08:00	11.51	11.89	12.9	13.05	12.34	4	0
11/02/2015 08:05	10.88	11.18	12.26	12.47	11.7	4	0
11/02/2015 08:10	10.87	11.35	12.24	12.99	11.86	4	0
11/02/2015 08:15	12.12	12.09	13.35	13.48	12.76	4	0
11/02/2015 08:20	12.08	12.59	13.57	14.43	13.17	4	0
11/02/2015 08:25	11.72	12.1	13.37	13.49	12.67	4	0
11/02/2015 08:30	13.16	13.02	14.53	14.31	13.75	4	0
11/02/2015 08:35	11.11	11.19	12.3	12.8	11.85	4	0
11/02/2015 08:40	11.05	11.09	12.25	12.37	11.69	4	0
11/02/2015 08:45	12.02	12.14	13.42	13.54	12.78	4	0
11/02/2015 08:50	9.74	9.87	10.9	11.01	10.38	4	0
11/02/2015 08:55	10.64	10.71	11.82	11.94	11.28	4	0
11/02/2015 09:00	11.2	11.22	12.68	12.99	12.02	4	0
11/02/2015 09:05	16.31	16.68	18.67	18.38	17.51	4	0
11/02/2015 09:10	12.83	12.8	14.49	14.9	13.76	4	0
11/02/2015 09:15	10.6	10.67	11.95	12.22	11.36	4	0
11/02/2015 09:20	9.08	9.25	10.21	10.31	9.71	4	0
11/02/2015 09:25	9.64	9.78	10.79	10.9	10.28	4	0
11/02/2015 09:30	8.9	9.34	10.09	10.65	9.74	4	0
11/02/2015 09:35	9.35	9.5	10.49	10.72	10.02	4	0
11/02/2015 09:40	8.78	9.22	9.96	10.51	9.61	4	0
11/02/2015 09:45	9.56	9.84	10.71	11.23	10.34	4	0
11/02/2015 09:50	8.72	9.1	10.07	10.05	9.49	4	0
11/02/2015 09:55	9.72	10.02	10.98	11.17	10.47	4	0
11/02/2015 10:00	8.58	8.96	9.91	9.78	9.31	4	0
11/02/2015 10:05	9.42	9.8	10.87	10.97	10.26	4	0
11/02/2015 10:10	9.23	9.4	10.37	10.47	9.87	4	0
11/02/2015 10:15	8.85	9.23	10.22	10.13	9.61	4	0
11/02/2015 10:20	9.16	9.55	10.58	10.83	10.03	4	0
11/02/2015 10:25	9.38	9.54	10.53	10.63	10.02	4	0
11/02/2015 10:30	9.53	9.68	10.68	10.79	10.17	4	0
11/02/2015 10:35	9.56	9.62	10.87	11.07	10.28	4	0
11/02/2015 10:40	8.85	9.29	10.03	10.36	9.63	4	0
11/02/2015 10:45	9.63	10.01	11.1	11.24	10.5	4	0
11/02/2015 10:50	9.21	9.65	10.42	11.02	10.07	4	0
11/02/2015 10:55	9.69	9.82	10.84	10.95	10.33	4	0
11/02/2015 11:00	8.95	9.39	10.24	10.72	9.83	4	0
11/02/2015 11:05	9.43	9.88	10.67	11.28	10.32	4	0
11/02/2015 11:10	9.45	9.6	10.59	10.7	10.08	4	0
11/02/2015 11:15	9.45	9.9	10.69	11.24	10.32	4	0
11/02/2015 11:20	9.27	9.72	10.49	11.09	10.14	4	0
11/02/2015 11:25	9.77	9.9	10.93	10.86	10.36	4	0
11/02/2015 11:30	8.95	9.14	10.09	10.19	9.59	4	0
11/02/2015 11:35	9.97	10.08	11.13	10.97	10.54	4	0
11/02/2015 11:40	10.13	10.13	11.1	10.93	10.57	4	0
11/02/2015 11:45	9.73	9.86	10.89	10.99	10.37	4	0
11/02/2015 11:50	9.56	9.61	10.53	10.37	10.01	4	0
11/02/2015 11:55	10.2	10.51	11.56	11.37	10.91	4	0
11/02/2015 12:00	9.41	9.55	10.47	10.31	9.93	4	0
11/02/2015 12:05	10.16	9.89	10.84	10.67	10.39	4	0
11/02/2015 12:10	9.23	9.63	10.45	10.74	10.01	4	0
11/02/2015 12:15	9.98	9.77	10.71	10.55	10.25	4	0
11/02/2015 12:20	9.52	9.97	10.77	11.16	10.36	4	0
11/02/2015 12:25	9.37	9.52	10.51	10.61	10	4	0
11/02/2015 12:30	9.72	9.85	10.88	10.99	10.36	4	0
11/02/2015 12:35	10	10.31	11.45	11.33	10.77	4	0
11/02/2015 12:40	11.3	11.55	12.65	12.44	11.99	4	0
11/02/2015 12:45	9.99	10.45	11.27	11.27	10.74	4	0
11/02/2015 12:50	10.27	10.57	11.64	11.46	10.99	4	0
11/02/2015 12:55	10	9.65	10.57	10.41	10.16	4	0
11/02/2015 13:00	9.32	9.48	10.46	10.41	9.92	4	0
11/02/2015 13:05	9.15	9.32	10.29	10.39	9.79	4	0
11/02/2015 13:10	8.81	9.24	9.99	10.33	9.59	4	0
11/02/2015 13:15	9.63	9.77	10.78	10.89	10.27	4	0
11/02/2015 13:20	10.03	10.03	10.99	10.82	10.47	4	0
11/02/2015 13:25	10.01	10.47	11.3	11.52	10.82	4	0
11/02/2015 13:30	10.18	10.49	11.61	11.52	10.95	4	0
11/02/2015 13:35	9.75	9.98	10.94	10.77	10.36	4	0
11/02/2015 13:40	9.51	9.85	10.76	11.35	10.37	4	0
11/02/2015 13:45	9.71	10.02	11.01	10.84	10.4	4	0
11/02/2015 13:50	10.09	10.32	11.31	11.14	10.72	4	0
11/02/2015 13:55	9.27	9.57	10.63	10.53	10	4	0
11/02/2015 14:00	9.91	9.94	10.9	10.73	10.37	4	0
11/02/2015 14:05	9.94	10.24	11.25	11.08	10.63	4	0
11/02/2015 14:10	9.55	9.85	10.94	10.83	10.29	4	0
11/02/2015 14:15	10.79	11.26	12.15	12.89	11.77	4	0
11/02/2015 14:20	10.81	10.83	12.18	12.21	11.51	4	0
11/02/2015 14:25	10.86	10.71	11.74	11.55	11.21	4	0
11/02/2015 14:30	11.48	10.86	11.9	11.71	11.49	4	0
11/02/2015 14:35	11.6	11.25	12.51	12.36	11.93	4	0
11/02/2015 14:40	11.32	11.63	12.93	12.77	12.16	4	0
11/02/2015 14:45	12.06	11.48	12.76	12.6	12.23	4	0
11/02/2015 14:50	10.87	11.2	12.48	12.27	11.71	4	0
11/02/2015 14:55	10.13	10.44	11.6	11.47	10.91	4	0
11/02/2015 15:00	10.19	10.03	11.14	11.03	10.6	4	0
11/02/2015 15:05	12.05	11.34	12.42	12.22	12.01	4	0
11/02/2015 15:10	12.49	11.91	13.24	13.07	12.68	4	0
11/02/2015 15:15	11.99	11.55	12.84	12.68	12.27	4	0
11/02/2015 15:20	11.51	10.88	11.99	11.85	11.56	4	0
11/02/2015 15:25	12.47	11.69	12.81	12.59	12.39	4	0
11/02/2015 15:30	11.6	11.66	12.96	12.8	12.26	4	0
11/02/2015 15:35	11.38	10.78	11.82	11.69	11.42	4	0
11/02/2015 15:40	11.54	11.17	12.42	12.27	11.85	4	0
11/02/2015 15:45	11.8	11.17	12.41	12.26	11.91	4	0
11/02/2015 15:50	12.21	12.51	13.91	13.73	13.09	4	0
11/02/2015 15:55	16.97	17.46	19	19.48	18.23	4	0
11/02/2015 16:00	17.66	17.98	20.4	20.04	19.02	4	0
11/02/2015 16:05	17.43	17.31	19.27	18.95	18.24	4	0
11/02/2015 16:10	16.43	15.78	17.57	17.29	16.77	4	0
11/02/2015 16:15	16.86	16.06	18.24	18.9	17.51	4	0
11/02/2015 16:20	15.95	14.6	16.02	15.78	15.59	4	0
11/02/2015 16:25	12.36	12.66	14.08	13.89	13.25	4	0
11/02/2015 16:30	12.21	12.51	13.91	13.73	13.09	4	0
11/02/2015 16:35	13.36	13.67	15.21	14.99	14.31	4	0
11/02/2015 16:40	13.44	12.5	13.72	13.54	13.3	4	0
11/02/2015 16:45	14.74	14.66	16.32	16.07	15.45	4	0
11/02/2015 16:50	17.14	17.12	19.06	18.74	18.02	4	0
11/02/2015 16:55	15.72	16.02	17.84	17.55	16.78	4	0
11/02/2015 17:00	17.57	17.87	19.9	19.56	18.73	4	0
11/02/2015 17:05	20.27	19.59	22.34	22.82	21.25	4	0
11/02/2015 17:10	17.98	18.17	19.57	20.91	19.16	4	0
11/02/2015 17:15	16.3	15.97	18.06	18.13	17.11	4	0
11/02/2015 17:20	18.2	18.37	20.12	19.72	19.1	4	0
11/02/2015 17:25	15.73	16.3	17.54	18.11	16.92	4	0
11/02/2015 17:30	14.47	15.02	16.17	17.25	15.73	4	0
11/02/2015 17:35	18.93	18.87	21.45	21.65	20.23	4	0
11/02/2015 17:40	16.25	16.62	17.99	18.31	17.29	4	0
11/02/2015 17:45	14.19	13.81	15.37	15.14	14.63	4	0
11/02/2015 17:50	15.52	14.6	16.48	17.09	15.92	4	0
11/02/2015 17:55	14.34	14.88	16.03	17.09	15.59	4	0
11/02/2015 18:00	14.02	13.69	15	15.45	14.54	4	0
11/02/2015 18:05	17.33	17.93	19.29	20.03	18.65	4	0
11/02/2015 18:10	14.17	14.71	15.84	16.82	15.39	4	0
11/02/2015 18:15	17.65	17.93	19.63	19.24	18.61	4	0
11/02/2015 18:20	14.04	13.14	14.61	14.41	14.05	4	0
11/02/2015 18:25	10.04	10.34	11.49	11.37	10.81	4	0
11/02/2015 18:30	11.92	11.47	12.75	12.6	12.18	4	0
11/02/2015 18:35	10.56	10.87	12.08	11.94	11.36	4	0
11/02/2015 18:40	10.04	10.34	11.49	11.37	10.81	4	0
11/02/2015 18:45	10.71	11.02	12.24	12.1	11.52	4	0
11/02/2015 18:50	9.84	9.49	10.4	10.24	9.99	4	0
11/02/2015 18:55	10.04	9.72	10.79	10.68	10.31	4	0
11/02/2015 19:00	9.2	8.95	9.81	9.67	9.41	4	0
11/02/2015 19:05	9.47	9.18	10.06	9.92	9.66	4	0
11/02/2015 19:10	8.71	9.02	10.01	9.92	9.41	4	0
11/02/2015 19:15	9.03	9.33	10.36	10.26	9.74	4	0
11/02/2015 19:20	9.03	9.21	10.16	10.02	9.6	4	0
11/02/2015 19:25	8.36	8.66	9.61	9.54	9.04	4	0
11/02/2015 19:30	9.09	8.99	9.85	9.71	9.41	4	0
11/02/2015 19:35	7.29	7.7	8.33	8.74	8.02	4	0
11/02/2015 19:40	8.11	8.35	9.22	9.31	8.75	4	0
11/02/2015 19:45	8.36	8.52	9.34	9.21	8.86	4	0
11/02/2015 19:50	7.2	7.55	8.37	8.57	7.92	4	0
11/02/2015 19:55	7.94	7.93	8.79	8.74	8.35	4	0
11/02/2015 20:00	7.69	7.79	8.54	8.43	8.11	4	0
11/02/2015 20:05	7.38	7.64	8.38	8.27	7.92	4	0
11/02/2015 20:10	7.32	7.39	8.1	8	7.7	4	0
11/02/2015 20:15	6.37	6.68	7.39	7.37	6.95	4	0
11/02/2015 20:20	6.88	7.19	7.89	7.8	7.44	4	0
11/02/2015 20:25	6.79	7.09	7.86	7.83	7.39	4	0
11/02/2015 20:30	6.38	6.6	7.24	7.16	6.85	4	0
11/02/2015 20:35	6.45	6.85	7.42	7.76	7.12	4	0
11/02/2015 20:40	6.5	6.81	7.54	7.52	7.09	4	0
11/02/2015 20:45	6.65	6.82	7.48	7.4	7.09	4	0
11/02/2015 20:50	5.84	6.14	6.75	6.69	6.35	4	0
11/02/2015 20:55	6.23	6.48	7.11	7.03	6.71	4	0
11/02/2015 21:00	6.33	6.73	7.29	7.5	6.96	4	0
11/02/2015 21:05	6.01	6.31	6.98	6.97	6.57	4	0
11/02/2015 21:10	6.24	6.54	7.24	7.23	6.81	4	0
11/02/2015 21:15	6.87	7.01	7.68	7.6	7.29	4	0
11/02/2015 21:20	6.59	6.77	7.43	7.35	7.03	4	0
11/02/2015 21:25	5.98	6.36	6.9	7.18	6.61	4	0
11/02/2015 21:30	5.7	6.07	6.59	6.83	6.3	4	0
11/02/2015 21:35	6.54	6.85	7.58	7.56	7.13	4	0
11/02/2015 21:40	6.06	6.45	6.99	7.29	6.7	4	0
11/02/2015 21:45	5.99	6.33	6.97	6.96	6.56	4	0
11/02/2015 21:50	6.1	6.4	7.09	7.08	6.67	4	0
11/02/2015 21:55	6.14	6.41	7.03	6.96	6.64	4	0
11/02/2015 22:00	5.67	6.05	6.57	6.83	6.28	4	0
11/02/2015 22:05	5.37	5.74	6.24	6.31	5.92	4	0
11/02/2015 22:10	6.17	6.55	7.11	7.41	6.81	4	0
11/02/2015 22:15	5.12	5.54	6.08	6.04	5.7	4	0
11/02/2015 22:20	4.78	5.09	5.61	5.64	5.28	4	0
11/02/2015 22:25	5.47	5.84	6.35	6.48	6.04	4	0
11/02/2015 22:30	5.12	5.43	5.99	6.01	5.64	4	0
11/02/2015 22:35	4.54	4.84	5.34	5.38	5.02	4	0
11/02/2015 22:40	4.45	4.75	5.24	5.28	4.93	4	0
11/02/2015 22:45	4.33	4.64	5.11	5.15	4.81	4	0
11/02/2015 22:50	4.36	4.66	5.14	5.18	4.84	4	0
11/02/2015 22:55	4.39	4.69	5.17	5.21	4.87	4	0
11/02/2015 23:00	4.53	4.92	5.33	5.29	5.02	4	0
11/02/2015 23:05	4.36	4.66	5.14	5.18	4.84	4	0
11/02/2015 23:10	4.12	4.42	4.87	4.92	4.58	4	0
11/02/2015 23:15	4.31	4.87	5.34	5.32	4.96	4	0
11/02/2015 23:20	4.05	4.35	4.79	4.84	4.51	4	0
11/02/2015 23:25	3.47	3.71	4.14	4.15	3.87	4	0
11/02/2015 23:30	3.74	4.04	4.44	4.5	4.18	4	0
11/02/2015 23:35	3.73	4.03	4.44	4.49	4.17	4	0
11/02/2015 23:40	3.73	4.11	4.52	4.51	4.22	4	0
11/02/2015 23:45	3.46	3.75	4.14	4.01	3.84	4	0
11/02/2015 23:50	3.51	3.85	4.21	4.27	3.96	4	0
11/02/2015 23:55	3.48	4.01	4.39	4.46	4.09	4	0
11/03/2015 00:00	3.64	4.23	4.62	4.72	4.3	4	0
11/03/2015 00:05	3.55	3.98	4.35	4.42	4.07	4	0
11/03/2015 00:10	3.66	4.33	4.75	4.74	4.37	4	0
11/03/2015 00:15	3.72	4.12	4.54	4.52	4.22	4	0
11/03/2015 00:20	3.43	3.92	4.39	4.22	3.99	4	0
11/03/2015 00:25	3.29	3.6	3.95	4.02	3.71	4	0
11/03/2015 00:30	2.9	3.32	3.64	3.66	3.38	4	0
11/03/2015 00:35	3.35	3.92	4.3	4.36	3.98	4	0
11/03/2015 00:40	3.42	3.95	4.35	4.36	4.02	4	0
11/03/2015 00:45	3.11	3.48	3.82	3.84	3.56	4	0
11/03/2015 00:50	2.9	3.22	3.53	3.54	3.3	4	0
11/03/2015 00:55	2.8	3.21	3.53	3.53	3.27	4	0
11/03/2015 01:00	3.16	3.53	3.87	3.95	3.63	4	0
11/03/2015 01:05	3.04	3.59	3.82	3.87	3.58	4	0
11/03/2015 01:10	2.66	2.98	3.28	3.26	3.05	4	0
11/03/2015 01:15	3.06	3.39	3.69	3.77	3.48	4	0
11/03/2015 01:20	2.83	3.34	3.65	3.71	3.38	4	0
11/03/2015 01:25	2.5	3	3.28	3.37	3.04	4	0
11/03/2015 01:30	2.74	3.29	3.67	3.45	3.29	4	0
11/03/2015 01:35	2.86	3.4	3.72	3.74	3.43	4	0
11/03/2015 01:40	2.57	2.83	3.15	2.9	2.86	4	0
11/03/2015 01:45	2.8	3.28	3.61	3.64	3.33	4	0
11/03/2015 01:50	3.04	3.38	3.7	3.71	3.46	4	0
11/03/2015 01:55	2.56	2.87	3.17	3.22	2.96	4	0
11/03/2015 02:00	2.68	3.3	3.61	3.66	3.31	4	0
11/03/2015 02:05	2.64	3.24	3.55	3.63	3.27	4	0
11/03/2015 02:10	2.59	3.13	3.42	3.48	3.15	4	0
11/03/2015 02:15	2.76	3.32	3.5	3.49	3.27	4	0
11/03/2015 02:20	2.55	2.94	3.08	3.07	2.91	4	0
11/03/2015 02:25	2.8	3.12	3.38	3.43	3.18	4	0
11/03/2015 02:30	2.91	3.21	3.52	3.53	3.3	4	0
11/03/2015 02:35	2.57	3.18	3.48	3.54	3.19	4	0
11/03/2015 02:40	2.88	3.33	3.64	3.7	3.39	4	0
11/03/2015 02:45	2.68	3.3	3.61	3.66	3.31	4	0
11/03/2015 02:50	2.51	2.98	3.25	3.31	3.01	4	0
11/03/2015 02:55	2.8	3.41	3.73	3.79	3.43	4	0
11/03/2015 03:00	2.62	3.05	3.36	3.35	3.1	4	0
11/03/2015 03:05	2.88	3.6	3.96	4.03	3.62	4	0
11/03/2015 03:10	2.57	2.87	3.16	3.13	2.93	4	0
11/03/2015 03:15	2.85	3.24	3.42	3.43	3.23	4	0
11/03/2015 03:20	2.81	3.25	3.56	3.62	3.31	4	0
11/03/2015 03:25	2.67	3.05	3.34	3.39	3.11	4	0
11/03/2015 03:30	2.72	3.15	3.44	3.5	3.2	4	0
11/03/2015 03:35	2.77	3.14	3.39	3.29	3.15	4	0
11/03/2015 03:40	3.62	4.01	4.29	4.27	4.05	4	0
11/03/2015 03:45	3.13	3.46	3.8	3.76	3.54	4	0
11/03/2015 03:50	3.71	4.11	4.4	4.37	4.15	4	0
11/03/2015 03:55	2.87	3.48	3.81	3.87	3.51	4	0
11/03/2015 04:00	3.4	3.76	4.05	4.02	3.81	4	0
11/03/2015 04:05	3.98	4.2	4.7	4.55	4.36	4	0
11/03/2015 04:10	3.97	4.25	4.69	4.61	4.38	4	0
11/03/2015 04:15	3.44	3.87	4.25	4.16	3.93	4	0
11/03/2015 04:20	3.37	3.87	4.24	4.3	3.95	4	0
11/03/2015 04:25	3.57	4.13	4.53	4.6	4.21	4	0
11/03/2015 04:30	4.14	4.5	4.88	4.84	4.59	4	0
11/03/2015 04:35	4.67	5.06	5.48	5.63	5.21	4	0
11/03/2015 04:40	5.04	5.23	5.87	5.78	5.48	4	0
11/03/2015 04:45	5.62	5.8	6.52	6.47	6.1	4	0
11/03/2015 04:50	5.27	5.66	6.16	6.11	5.8	4	0
11/03/2015 04:55	4.82	5.29	5.82	5.89	5.46	4	0
11/03/2015 05:00	4.8	5	5.62	5.51	5.23	4	0
11/03/2015 05:05	5.23	5.67	6.24	6.31	5.86	4	0
11/03/2015 05:10	6.15	6.54	7.09	7.19	6.74	4	0
11/03/2015 05:15	8.19	8.58	9.47	9.35	8.9	4	0
11/03/2015 05:20	6.53	6.89	7.59	7.67	7.17	4	0
11/03/2015 05:25	6.16	6.55	7.13	7.41	6.81	4	0
11/03/2015 05:30	8.51	8.94	9.67	10.19	9.33	4	0
11/03/2015 05:35	8.23	8.33	9.4	9.52	8.87	4	0
11/03/2015 05:40	10.46	10.5	11.87	12.13	11.24	4	0
11/03/2015 05:45	10.57	10.6	11.98	12.25	11.35	4	0
11/03/2015 05:50	12.32	12.31	13.92	14.31	13.22	4	0
11/03/2015 05:55	11.71	11.71	13.25	13.59	12.56	4	0
11/03/2015 06:00	10.05	10.1	11.42	11.65	10.81	4	0
11/03/2015 06:05	10.56	10.63	11.74	11.85	11.2	4	0
11/03/2015 06:10	14.37	14.3	16.18	16.7	15.39	4	0
11/03/2015 06:15	13.92	13.86	15.69	16.18	14.91	4	0
11/03/2015 06:20	13.43	13.38	15.14	15.6	14.39	4	0
11/03/2015 06:25	14.51	14.44	16.34	16.87	15.54	4	0
11/03/2015 06:30	12.93	12.89	14.59	15.01	13.86	4	0
11/03/2015 06:35	11.04	11.48	12.48	12.99	12	4	0
11/03/2015 06:40	11.16	11.18	12.64	12.95	11.98	4	0
11/03/2015 06:45	12.9	12.87	14.56	14.98	13.83	4	0
11/03/2015 06:50	11.82	11.8	13.04	13.24	12.48	4	0
11/03/2015 06:55	13.73	13.67	15.48	15.95	14.71	4	0
11/03/2015 07:00	10.58	11.02	11.89	12.6	11.52	4	0
11/03/2015 07:05	10.53	10.91	11.85	11.97	11.31	4	0
11/03/2015 07:10	11.95	12.45	13.42	14.27	13.02	4	0
11/03/2015 07:15	15.26	15.3	16.59	17.58	16.18	4	0
11/03/2015 07:20	13.4	13.41	14.69	14.42	13.98	4	0
11/03/2015 07:25	13.55	13.93	15.55	15.39	14.61	4	0
11/03/2015 07:30	13.38	13.9	14.98	15.96	14.55	4	0
11/03/2015 07:35	11.29	11.31	12.5	12.62	11.93	4	0
11/03/2015 07:40	12.33	12.79	13.78	14.66	13.39	4	0
11/03/2015 07:45	12.54	12.52	14.16	14.56	13.44	4	0
11/03/2015 07:50	11.75	11.74	12.97	13.44	12.48	4	0
11/03/2015 07:55	11.14	11.32	12.34	12.95	11.94	4	0
11/03/2015 08:00	12.43	12.41	14.04	14.43	13.33	4	0
11/03/2015 08:05	11.5	11.5	12.71	12.83	12.13	4	0
11/03/2015 08:10	11.08	11.1	12.55	12.85	11.9	4	0
11/03/2015 08:15	11.56	11.56	12.77	13.13	12.25	4	0
11/03/2015 08:20	11.66	12.15	13.12	13.92	12.71	4	0
11/03/2015 08:25	10.98	11.02	12.17	12.29	11.61	4	0
11/03/2015 08:30	11.85	12.34	13.38	13.68	12.81	4	0
11/03/2015 08:35	14.66	14.45	15.98	16.12	15.3	4	0
11/03/2015 08:40	10.94	10.99	12.14	12.25	11.58	4	0
11/03/2015 08:45	14.14	14.08	15.93	16.43	15.15	4	0
11/03/2015 08:50	10.45	10.49	11.85	12.11	11.23	4	0
11/03/2015 08:55	12.25	12.24	13.85	14.23	13.14	4	0
11/03/2015 09:00	10.53	10.6	11.71	11.99	11.2	4	0
11/03/2015 09:05	12.88	12.85	14.53	14.95	13.8	4	0
11/03/2015 09:10	11.47	11.48	12.98	13.31	12.31	4	0
11/03/2015 09:15	9.41	9.56	10.56	10.66	10.05	4	0
11/03/2015 09:20	9.98	10.09	11.14	11.25	10.62	4	0
11/03/2015 09:25	9.65	9.78	10.8	11.04	10.32	4	0
11/03/2015 09:30	9.55	9.62	10.86	11.07	10.27	4	0
11/03/2015 09:35	10.64	10.67	12.06	12.33	11.43	4	0
11/03/2015 09:40	10.08	10.13	11.44	11.68	10.83	4	0
11/03/2015 09:45	14.28	14.21	16.09	16.59	15.29	4	0
11/03/2015 09:50	12.76	12.74	14.41	14.82	13.68	4	0
11/03/2015 09:55	9.36	9.43	10.65	10.84	10.07	4	0
11/03/2015 10:00	10.84	10.89	12.03	12.15	11.48	4	0
11/03/2015 10:05	8.48	8.86	9.6	10.09	9.26	4	0
11/03/2015 10:10	9.49	9.94	10.73	11.35	10.38	4	0
11/03/2015 10:15	9.73	9.79	11.06	11.28	10.47	4	0
11/03/2015 10:20	9.8	10.26	11.08	11.72	10.72	4	0
11/03/2015 10:25	9.68	10.13	10.94	11.57	10.58	4	0
11/03/2015 10:30	9.82	10	11.04	11.15	10.5	4	0
11/03/2015 10:35	9.63	9.43	10.36	10.66	10.02	4	0
11/03/2015 10:40	9.11	9.22	10.1	9.96	9.6	4	0
11/03/2015 10:45	8.98	8.82	9.67	9.53	9.25	4	0
11/03/2015 10:50	9.14	9.31	10.22	10.07	9.69	4	0
11/03/2015 10:55	9.53	9.67	10.68	10.78	10.16	4	0
11/03/2015 11:00	8.12	8.06	8.83	8.72	8.43	4	0
11/03/2015 11:05	8.81	8.97	10.02	10.03	9.46	4	0
11/03/2015 11:10	9.36	9.51	10.5	10.61	10	4	0
11/03/2015 11:15	9.28	9.6	10.5	10.7	10.02	4	0
11/03/2015 11:20	9.29	9.74	10.52	10.89	10.11	4	0
11/03/2015 11:25	10.32	10.41	11.5	11.61	10.96	4	0
11/03/2015 11:30	9.91	10.37	11.19	11.85	10.83	4	0
11/03/2015 11:35	10.07	10.41	11.24	11.9	10.91	4	0
11/03/2015 11:40	10.36	10.44	11.53	11.64	10.99	4	0
11/03/2015 11:45	9.5	9.7	10.65	11.07	10.23	4	0
11/03/2015 11:50	9.18	9.56	10.32	10.91	9.99	4	0
11/03/2015 11:55	9.2	9.5	10.55	10.45	9.92	4	0
11/03/2015 12:00	9.62	9.85	10.8	10.63	10.22	4	0
11/03/2015 12:05	9.89	10.08	11.09	10.91	10.49	4	0
11/03/2015 12:10	9.5	9.65	10.65	10.75	10.14	4	0
11/03/2015 12:15	10.3	10.41	11.5	11.61	10.96	4	0
11/03/2015 12:20	9.23	9.4	10.37	10.47	9.87	4	0
11/03/2015 12:25	8.65	8.86	9.79	10.06	9.34	4	0
11/03/2015 12:30	9.65	9.38	10.41	10.31	9.94	4	0
11/03/2015 12:35	10.32	9.89	10.84	10.68	10.43	4	0
11/03/2015 12:40	11.64	11.95	13.25	13.02	12.47	4	0
11/03/2015 12:45	9.96	9.98	10.94	10.77	10.41	4	0
11/03/2015 12:50	9.52	9.97	10.77	10.93	10.3	4	0
11/03/2015 12:55	9.47	9.18	10.06	10.26	9.74	4	0
11/03/2015 13:00	8.39	8.82	9.54	10.05	9.2	4	0
11/03/2015 13:05	10.06	10.44	11.36	11.43	10.82	4	0
11/03/2015 13:10	8.59	8.87	9.72	9.58	9.19	4	0
11/03/2015 13:15	9.46	9.76	10.84	10.74	10.2	4	0
11/03/2015 13:20	10.76	10.83	11.87	11.68	11.29	4	0
11/03/2015 13:25	9.41	9.72	10.79	10.74	10.16	4	0
11/03/2015 13:30	9.69	9.37	10.27	10.56	9.97	4	0
11/03/2015 13:35	10.38	9.95	10.9	10.99	10.55	4	0
11/03/2015 13:40	10.3	10.61	11.79	11.65	11.09	4	0
11/03/2015 13:45	10.87	10.35	11.34	11.16	10.93	4	0
11/03/2015 13:50	10.25	10.54	11.55	11.36	10.93	4	0
11/03/2015 13:55	11.47	11.11	12.17	11.97	11.68	4	0
11/03/2015 14:00	10.53	10.84	12.04	11.91	11.33	4	0
11/03/2015 14:05	9.31	9.62	10.68	10.57	10.04	4	0
11/03/2015 14:10	11.39	11.06	12.12	11.92	11.62	4	0
11/03/2015 14:15	11.06	10.51	11.52	11.34	11.11	4	0
11/03/2015 14:20	11.13	11.43	12.71	12.55	11.95	4	0
11/03/2015 14:25	10.85	10.59	11.76	11.63	11.21	4	0
11/03/2015 14:30	10.37	10.68	11.86	11.73	11.16	4	0
11/03/2015 14:35	11.55	10.92	11.97	11.77	11.55	4	0
11/03/2015 14:40	12.32	11.56	12.67	12.45	12.25	4	0
11/03/2015 14:45	11.93	11.23	12.46	12.31	11.98	4	0
11/03/2015 14:50	10.49	10.52	11.69	11.56	11.06	4	0
11/03/2015 14:55	12.26	11.51	12.74	12.59	12.28	4	0
11/03/2015 15:00	11.44	10.83	11.87	11.67	11.45	4	0
11/03/2015 15:05	12.46	11.89	13.22	13.05	12.66	4	0
11/03/2015 15:10	11.05	10.74	11.94	11.8	11.38	4	0
11/03/2015 15:15	11.6	11.5	12.78	12.62	12.13	4	0
11/03/2015 15:20	11.52	11.78	13.1	12.94	12.33	4	0
11/03/2015 15:25	10.58	10.11	11.08	10.95	10.68	4	0
11/03/2015 15:30	12.02	11.31	12.4	12.19	11.98	4	0
11/03/2015 15:35	11.66	11.97	13.31	13.14	12.52	4	0
11/03/2015 15:40	11.92	11.68	12.98	12.82	12.35	4	0
11/03/2015 15:45	11.43	11.67	12.97	12.81	12.22	4	0
11/03/2015 15:50	11.25	11.55	12.84	12.68	12.08	4	0
11/03/2015 15:55	10.76	11.06	12.3	12.15	11.57	4	0
11/03/2015 16:00	11.67	11.02	12.2	12.05	11.74	4	0
11/03/2015 16:05	12.31	12.3	13.68	13.5	12.95	4	0
11/03/2015 16:10	11.92	11.84	13.16	12.99	12.48	4	0
11/03/2015 16:15	12.62	12.1	13.45	13.28	12.86	4	0
11/03/2015 16:20	13.24	12.42	13.82	13.63	13.28	4	0
11/03/2015 16:25	11.86	11.68	12.99	12.82	12.34	4	0
11/03/2015 16:30	14.61	13.48	14.76	14.51	14.34	4	0
11/03/2015 16:35	12.47	12.52	13.92	13.74	13.16	4	0
11/03/2015 16:40	13	12.17	13.53	13.36	13.02	4	0
11/03/2015 16:45	13.34	12.41	13.6	13.36	13.18	4	0
11/03/2015 16:50	12.27	12.27	13.65	13.47	12.92	4	0
11/03/2015 16:55	16.56	16.61	18.49	18.19	17.46	4	0
11/03/2015 17:00	18.14	18.44	20.54	20.19	19.33	4	0
11/03/2015 17:05	20.56	19.94	22.06	22.25	21.2	4	0
11/03/2015 17:10	21.86	21.87	23.5	25.21	23.11	4	0
11/03/2015 17:15	21.41	22.1	23.75	24.93	23.05	4	0
11/03/2015 17:20	19.03	18.19	20.25	19.9	19.34	4	0
11/03/2015 17:25	18.81	19.44	20.91	22.39	20.39	4	0
11/03/2015 17:30	21.69	21.99	24.6	24.3	23.14	4	0
11/03/2015 17:35	19.9	19.08	21.38	21.56	20.48	4	0
11/03/2015 17:40	16.42	17	18.29	19.56	17.82	4	0
11/03/2015 17:45	21.5	21.81	24.91	25.44	23.41	4	0
11/03/2015 17:50	20.22	19.14	20.96	20.53	20.21	4	0
11/03/2015 17:55	22.22	21.25	24.26	25.02	23.19	4	0
11/03/2015 18:00	20.99	21.4	23.69	23.88	22.49	4	0
11/03/2015 18:05	15.04	14.85	16.53	16.28	15.67	4	0
11/03/2015 18:10	17.51	17.82	20.29	21.04	19.17	4	0
11/03/2015 18:15	12.62	12.93	14.38	14.18	13.53	4	0
11/03/2015 18:20	9.33	9.55	10.6	10.5	9.99	4	0
11/03/2015 18:25	11.86	12.17	13.53	13.35	12.73	4	0
11/03/2015 18:30	11.95	11.85	13.18	13.01	12.5	4	0
11/03/2015 18:35	11.8	11.78	13.09	12.93	12.4	4	0
11/03/2015 18:40	10.41	9.96	10.92	10.75	10.51	4	0
11/03/2015 18:45	6.16	6.46	7.15	7.14	6.73	4	0
11/03/2015 18:50	6.79	7.09	7.86	7.83	7.39	4	0
11/03/2015 18:55	6.28	6.58	7.29	7.27	6.85	4	0
11/03/2015 19:00	8.91	9.02	10.01	9.92	9.46	4	0
11/03/2015 19:05	9.33	9.07	9.95	9.86	9.55	4	0
11/03/2015 19:10	10.48	10.02	10.98	10.81	10.58	4	0
11/03/2015 19:15	11.46	10.87	12.08	11.94	11.59	4	0
11/03/2015 19:20	9.85	9.5	10.41	10.26	10.01	4	0
11/03/2015 19:25	9.88	10.18	11.31	11.19	10.64	4	0
11/03/2015 19:30	8.9	8.87	9.84	9.76	9.34	4	0
11/03/2015 19:35	8.97	8.76	9.61	9.47	9.2	4	0
11/03/2015 19:40	7.84	7.82	8.57	8.46	8.17	4	0
11/03/2015 19:45	10.4	10.7	11.89	11.76	11.19	4	0
11/03/2015 19:50	10.22	10.54	11.71	11.58	11.01	4	0
11/03/2015 19:55	8.54	8.41	9.22	9.09	8.81	4	0
11/03/2015 20:00	8.45	8.68	9.51	9.38	9.01	4	0
11/03/2015 20:05	9.22	9.48	10.39	10.23	9.83	4	0
11/03/2015 20:10	7.84	8.15	9.04	8.97	8.5	4	0
11/03/2015 20:15	8.67	8.51	9.33	9.2	8.93	4	0
11/03/2015 20:20	7.92	8.08	8.85	8.74	8.4	4	0
11/03/2015 20:25	6.92	7.22	8	7.97	7.53	4	0
11/03/2015 20:30	6.23	6.53	7.23	7.22	6.8	4	0
11/03/2015 20:35	6.92	7.22	8	7.97	7.53	4	0
11/03/2015 20:40	6.9	7.2	7.98	7.94	7.51	4	0
11/03/2015 20:45	6.16	6.46	7.15	7.14	6.73	4	0
11/03/2015 20:50	7.6	7.84	8.6	8.49	8.13	4	0
11/03/2015 20:55	6.5	6.81	7.54	7.52	7.09	4	0
11/03/2015 21:00	6.75	6.98	7.65	7.56	7.24	4	0
11/03/2015 21:05	6.94	7.24	8.02	7.99	7.55	4	0
11/03/2015 21:10	7.4	7.45	8.17	8.07	7.77	4	0
11/03/2015 21:15	6.63	6.93	7.67	7.65	7.22	4	0
11/03/2015 21:20	7.11	7.21	7.91	7.81	7.51	4	0
11/03/2015 21:25	6.8	7.14	7.87	7.95	7.44	4	0
11/03/2015 21:30	6.5	6.81	7.54	7.52	7.09	4	0
11/03/2015 21:35	6.2	6.59	7.14	7.45	6.85	4	0
11/03/2015 21:40	6.29	6.53	7.17	7.09	6.77	4	0
11/03/2015 21:45	6.22	6.38	7.18	7.17	6.74	4	0
11/03/2015 21:50	5.68	5.98	6.62	6.62	6.23	4	0
11/03/2015 21:55	5.46	5.84	6.34	6.58	6.06	4	0
11/03/2015 22:00	5.22	5.53	6.11	6.12	5.75	4	0
11/03/2015 22:05	5.65	5.96	6.59	6.59	6.2	4	0
11/03/2015 22:10	5.76	6.06	6.7	6.66	6.29	4	0
11/03/2015 22:15	5.76	6.06	6.7	6.7	6.3	4	0
11/03/2015 22:20	5.38	5.77	6.32	6.27	5.94	4	0
11/03/2015 22:25	5.88	6.18	6.81	6.83	6.43	4	0
11/03/2015 22:30	5.78	6.1	6.69	6.63	6.3	4	0
11/03/2015 22:35	4.85	5.15	5.69	5.72	5.35	4	0
11/03/2015 22:40	5.69	5.87	6.59	6.55	6.17	4	0
11/03/2015 22:45	5.43	5.81	6.37	6.32	5.98	4	0
11/03/2015 22:50	4.89	5.22	5.73	5.7	5.39	4	0
11/03/2015 22:55	4.2	4.5	4.96	5.01	4.67	4	0
11/03/2015 23:00	4.69	5.05	5.5	5.67	5.23	4	0
11/03/2015 23:05	3.96	4.58	5.03	5.01	4.64	4	0
11/03/2015 23:10	4.95	5.25	5.8	5.82	5.45	4	0
11/03/2015 23:15	4.44	4.74	5.23	5.26	4.92	4	0
11/03/2015 23:20	3.9	4.53	4.97	4.96	4.59	4	0
11/03/2015 23:25	4.17	4.47	4.93	4.98	4.64	4	0
11/03/2015 23:30	3.77	4.07	4.48	4.54	4.22	4	0
11/03/2015 23:35	3.68	4.35	4.77	4.76	4.39	4	0
11/03/2015 23:40	4.09	4.4	4.84	4.9	4.56	4	0
11/03/2015 23:45	3.69	4	4.4	4.46	4.14	4	0
11/03/2015 23:50	3.47	3.81	4.16	4.22	3.92	4	0
11/03/2015 23:55	3.88	4.4	4.83	4.9	4.5	4	0
11/04/2015 00:00	3.65	4.2	4.61	4.67	4.28	4	0
11/04/2015 00:05	3.94	4.26	4.69	4.74	4.41	4	0
11/04/2015 00:10	3.54	4.03	4.51	4.35	4.11	4	0
11/04/2015 00:15	3.67	4.06	4.43	4.43	4.15	4	0
11/04/2015 00:20	3.26	3.62	3.91	3.83	3.66	4	0
11/04/2015 00:25	3.31	3.61	3.97	4.04	3.73	4	0
11/04/2015 00:30	3.03	3.46	3.8	3.78	3.52	4	0
11/04/2015 00:35	3.23	3.64	3.99	4.01	3.71	4	0
11/04/2015 00:40	3.17	3.92	4.3	4.3	3.92	4	0
11/04/2015 00:45	3.18	3.76	4.12	4.14	3.8	4	0
11/04/2015 00:50	2.95	3.58	3.92	3.95	3.6	4	0
11/04/2015 00:55	2.84	3.54	3.89	3.96	3.56	4	0
11/04/2015 01:00	3.19	3.59	3.93	3.99	3.67	4	0
11/04/2015 01:05	3.1	3.6	4.02	3.83	3.64	4	0
11/04/2015 01:10	3.23	3.56	3.9	3.94	3.66	4	0
11/04/2015 01:15	3.1	3.55	3.9	3.86	3.6	4	0
11/04/2015 01:20	2.99	3.67	4.02	4.06	3.68	4	0
11/04/2015 01:25	2.87	3.19	3.5	3.51	3.27	4	0
11/04/2015 01:30	3.04	3.46	3.79	3.85	3.53	4	0
11/04/2015 01:35	3.2	3.55	3.9	3.98	3.66	4	0
11/04/2015 01:40	3.03	3.4	3.72	3.78	3.48	4	0
11/04/2015 01:45	2.93	3.44	3.66	3.72	3.44	4	0
11/04/2015 01:50	2.61	3.15	3.47	3.46	3.17	4	0
11/04/2015 01:55	3.24	3.63	3.99	4	3.72	4	0
11/04/2015 02:00	3.29	3.79	4.24	4.05	3.84	4	0
11/04/2015 02:05	2.84	3.23	3.55	3.63	3.31	4	0
11/04/2015 02:10	2.95	3.55	3.89	3.95	3.59	4	0
11/04/2015 02:15	3.1	3.69	4.04	4.1	3.73	4	0
11/04/2015 02:20	2.67	3.34	3.66	3.66	3.33	4	0
11/04/2015 02:25	2.85	3.46	3.8	3.84	3.48	4	0
11/04/2015 02:30	3.07	3.32	3.7	3.63	3.43	4	0
11/04/2015 02:35	3.13	3.72	4.15	3.97	3.74	4	0
11/04/2015 02:40	2.94	3.3	3.62	3.69	3.39	4	0
11/04/2015 02:45	2.87	3.39	3.71	3.77	3.44	4	0
11/04/2015 02:50	2.82	3.53	3.74	3.72	3.45	4	0
11/04/2015 02:55	2.78	3.26	3.57	3.62	3.31	4	0
11/04/2015 03:00	2.96	3.41	3.61	3.6	3.4	4	0
11/04/2015 03:05	3.26	3.92	4.32	4.33	3.96	4	0
11/04/2015 03:10	3.01	3.34	3.67	3.68	3.43	4	0
11/04/2015 03:15	3.45	3.87	4.25	4.32	3.97	4	0
11/04/2015 03:20	3.11	3.75	4.12	4.18	3.79	4	0
11/04/2015 03:25	2.64	3.26	3.57	3.62	3.27	4	0
11/04/2015 03:30	2.92	3.23	3.5	3.48	3.28	4	0
11/04/2015 03:35	3.2	3.53	3.86	3.88	3.62	4	0
11/04/2015 03:40	2.94	3.5	3.83	3.89	3.54	4	0
11/04/2015 03:45	3.82	4.21	4.52	4.49	4.26	4	0
11/04/2015 03:50	2.97	3.3	3.62	3.66	3.39	4	0
11/04/2015 03:55	2.75	3.36	3.68	3.73	3.38	4	0
11/04/2015 04:00	3.39	3.73	4.08	4.13	3.83	4	0
11/04/2015 04:05	3.58	3.82	4.27	4.08	3.94	4	0
11/04/2015 04:10	3.14	3.49	3.82	3.88	3.58	4	0
11/04/2015 04:15	3.66	3.9	4.36	4.34	4.06	4	0
11/04/2015 04:20	3.99	4.21	4.72	4.56	4.37	4	0
11/04/2015 04:25	3.51	4.08	4.47	4.53	4.15	4	0
11/04/2015 04:30	4.43	4.64	5.2	5.07	4.84	4	0
11/04/2015 04:35	4.37	4.67	5.14	5.1	4.82	4	0
11/04/2015 04:40	4.57	4.92	5.36	5.52	5.09	4	0
11/04/2015 04:45	5.93	6.32	6.91	6.83	6.5	4	0
11/04/2015 04:50	5.95	6.34	6.93	6.86	6.52	4	0
11/04/2015 04:55	5.06	5.25	5.9	5.81	5.51	4	0
11/04/2015 05:00	4.55	5.04	5.54	5.61	5.19	4	0
11/04/2015 05:05	5.48	5.66	6.36	6.31	5.95	4	0
11/04/2015 05:10	5.59	5.98	6.53	6.47	6.14	4	0
11/04/2015 05:15	6.68	7.08	7.67	8.02	7.36	4	0
11/04/2015 05:20	6.04	6.43	7.04	6.96	6.62	4	0
11/04/2015 05:25	6.56	6.91	7.62	7.7	7.2	4	0
11/04/2015 05:30	6.68	7.02	7.73	7.9	7.33	4	0
11/04/2015 05:35	8.19	8.43	9.3	9.39	8.83	4	0
11/04/2015 05:40	9.29	9.37	10.58	10.76	10	4	0
11/04/2015 05:45	9.76	9.82	11.09	11.31	10.49	4	0
11/04/2015 05:50	8.46	8.87	9.59	10.11	9.26	4	0
11/04/2015 05:55	9.95	10	11.3	11.53	10.69	4	0
11/04/2015 06:00	9.88	9.93	11.22	11.45	10.62	4	0
11/04/2015 06:05	10.25	10.3	11.64	11.89	11.02	4	0
11/04/2015 06:10	10.37	10.41	11.76	12.02	11.14	4	0
11/04/2015 06:15	11.24	11.25	12.73	13.04	12.06	4	0
11/04/2015 06:20	10.69	10.72	12.12	12.4	11.49	4	0
11/04/2015 06:25	11.46	11.47	12.97	13.29	12.3	4	0
11/04/2015 06:30	11.25	11.27	12.74	13.05	12.08	4	0
11/04/2015 06:35	13.21	13.17	14.91	15.35	14.16	4	0
11/04/2015 06:40	10.36	10.73	11.57	12.26	11.23	4	0
11/04/2015 06:45	12.09	12.26	13.87	13.68	12.98	4	0
11/04/2015 06:50	14.02	12.99	14.23	13.97	13.8	4	0
11/04/2015 06:55	10.93	10.98	12.12	12.37	11.6	4	0
11/04/2015 07:00	12.16	12.67	13.65	14.52	13.25	4	0
11/04/2015 07:05	10.71	10.77	12.07	12.35	11.47	4	0
11/04/2015 07:10	11.28	11.72	12.64	13.32	12.24	4	0
11/04/2015 07:15	14.26	14.64	16.25	15.95	15.27	4	0
11/04/2015 07:20	11.16	11.65	12.56	13.34	12.18	4	0
11/04/2015 07:25	11.81	12.21	13.16	13.85	12.76	4	0
11/04/2015 07:30	11.36	11.85	12.78	13.57	12.39	4	0
11/04/2015 07:35	13.03	13.53	14.6	14.55	13.93	4	0
11/04/2015 07:40	13.69	13.54	14.97	14.75	14.24	4	0
11/04/2015 07:45	12.84	13.34	14.39	14.35	13.73	4	0
11/04/2015 07:50	11.25	11.27	12.45	12.82	11.95	4	0
11/04/2015 07:55	11.24	11.25	12.73	13.04	12.06	4	0
11/04/2015 08:00	11.68	11.96	13.22	13.34	12.55	4	0
11/04/2015 08:05	12.34	12.29	13.58	13.7	12.98	4	0
11/04/2015 08:10	11.56	11.7	12.77	13.39	12.36	4	0
11/04/2015 08:15	11.27	11.76	12.68	13.46	12.29	4	0
11/04/2015 08:20	11.79	11.79	13.34	13.68	12.65	4	0
11/04/2015 08:25	10.66	10.73	11.85	11.96	11.3	4	0
11/04/2015 08:30	10.94	11.1	12.14	12.7	11.72	4	0
11/04/2015 08:35	12.44	12.49	14.06	14.45	13.36	4	0
11/04/2015 08:40	11.48	11.49	12.99	13.32	12.32	4	0
11/04/2015 08:45	10.89	11.23	12.34	12.85	11.83	4	0
11/04/2015 08:50	10.77	10.89	11.96	12.45	11.52	4	0
11/04/2015 08:55	10.51	10.59	11.69	11.8	11.15	4	0
11/04/2015 09:00	10.39	10.47	11.57	11.68	11.03	4	0
11/04/2015 09:05	10.28	10.37	11.45	11.56	10.91	4	0
11/04/2015 09:10	9.91	9.96	11.26	11.48	10.65	4	0
11/04/2015 09:15	12.29	12.27	13.88	14.26	13.18	4	0
11/04/2015 09:20	11.4	11.41	12.91	13.23	12.24	4	0
11/04/2015 09:25	12.3	12.29	13.9	14.28	13.2	4	0
11/04/2015 09:30	10.52	10.67	11.79	12.2	11.29	4	0
11/04/2015 09:35	9.89	10.01	11.05	11.16	10.53	4	0
11/04/2015 09:40	10.09	10.19	11.25	11.36	10.72	4	0
11/04/2015 09:45	13.14	13.1	14.83	15.26	14.08	4	0
11/04/2015 09:50	9.18	9.55	10.45	10.9	10.02	4	0
11/04/2015 09:55	10.85	10.88	12.3	12.58	11.65	4	0
11/04/2015 10:00	8.77	9.21	9.95	10.5	9.61	4	0
11/04/2015 10:05	9.25	9.63	10.68	10.53	10.02	4	0
11/04/2015 10:10	8.91	9.29	10.29	10.15	9.66	4	0
11/04/2015 10:15	9.05	9.49	10.26	10.83	9.91	4	0
11/04/2015 10:20	8.33	8.72	9.63	9.88	9.14	4	0
11/04/2015 10:25	8.58	9.02	9.74	10.28	9.4	4	0
11/04/2015 10:30	9.66	9.8	10.82	10.92	10.3	4	0
11/04/2015 10:35	9.71	9.84	10.86	10.97	10.35	4	0
11/04/2015 10:40	8.76	9.19	10.05	10.48	9.62	4	0
11/04/2015 10:45	9.74	10.12	11.04	11.07	10.49	4	0
11/04/2015 10:50	9.49	9.7	10.7	10.81	10.18	4	0
11/04/2015 10:55	9.5	9.95	10.75	11.36	10.39	4	0
11/04/2015 11:00	9.23	9.68	10.45	11.05	10.1	4	0
11/04/2015 11:05	9.57	9.72	10.73	10.83	10.21	4	0
11/04/2015 11:10	9.92	10.37	11.2	11.86	10.84	4	0
11/04/2015 11:15	10.69	10.53	11.54	11.36	11.03	4	0
11/04/2015 11:20	9.41	9.18	10.06	9.92	9.64	4	0
11/04/2015 11:25	8.42	8.85	9.57	10.08	9.23	4	0
11/04/2015 11:30	10.65	10.71	11.83	11.94	11.28	4	0
11/04/2015 11:35	9.7	10.15	10.96	11.2	10.5	4	0
11/04/2015 11:40	10.06	10.3	11.35	11.39	10.77	4	0
11/04/2015 11:45	9.14	9.32	10.29	10.39	9.78	4	0
11/04/2015 11:50	10.56	10.09	11.06	10.89	10.65	4	0
11/04/2015 11:55	7.8	8.21	8.88	9.34	8.56	4	0
11/04/2015 12:00	10.41	10.47	11.63	11.5	11	4	0
11/04/2015 12:05	10.07	9.68	10.61	10.45	10.2	4	0
11/04/2015 12:10	10.33	10.09	11.05	10.88	10.59	4	0
11/04/2015 12:15	9.74	9.91	10.86	10.7	10.3	4	0
11/04/2015 12:20	10.91	10.38	11.37	11.19	10.96	4	0
11/04/2015 12:25	9.58	9.83	10.83	10.96	10.3	4	0
11/04/2015 12:30	9.05	9.18	10.06	9.92	9.55	4	0
11/04/2015 12:35	11.1	10.98	12.03	11.84	11.49	4	0
11/04/2015 12:40	9.13	9.3	10.27	10.37	9.77	4	0
11/04/2015 12:45	10.27	10.63	11.58	11.69	11.04	4	0
11/04/2015 12:50	10.24	10.54	11.71	11.58	11.02	4	0
11/04/2015 12:55	9.01	9.11	9.98	9.84	9.48	4	0
11/04/2015 13:00	9.44	9.89	10.68	11.29	10.32	4	0
11/04/2015 13:05	9.42	9.57	10.57	10.67	10.06	4	0
11/04/2015 13:10	9.52	9.86	11.05	11.26	10.42	4	0
11/04/2015 13:15	9.79	9.61	10.67	10.57	10.16	4	0
11/04/2015 13:20	6.23	6.6	7.19	7.46	6.87	4	0
11/04/2015 13:25	9.3	9.6	10.66	10.93	10.12	4	0
11/04/2015 13:30	10.51	10.53	11.83	11.88	11.19	4	0
11/04/2015 13:35	11.64	10.99	12.05	11.85	11.63	4	0
11/04/2015 13:40	10.47	10.39	11.4	11.75	11	4	0
11/04/2015 13:45	10.35	10.63	11.84	11.71	11.13	4	0
11/04/2015 13:50	10.29	9.87	10.82	10.65	10.41	4	0
11/04/2015 13:55	9.75	10.05	11.21	11.56	10.64	4	0
11/04/2015 14:00	10.66	10.74	11.77	11.58	11.19	4	0
11/04/2015 14:05	10.14	9.98	11.08	10.97	10.54	4	0
11/04/2015 14:10	11.51	10.97	12.19	12.05	11.68	4	0
11/04/2015 14:15	11.13	11.35	12.61	12.46	11.89	4	0
11/04/2015 14:20	11.49	11.49	12.77	12.61	12.09	4	0
11/04/2015 14:25	11.21	10.64	11.66	11.47	11.24	4	0
11/04/2015 14:30	10.89	11.19	12.44	12.29	11.7	4	0
11/04/2015 14:35	11.29	11.13	12.52	12.93	11.97	4	0
11/04/2015 14:40	12.39	11.62	12.73	12.52	12.32	4	0
11/04/2015 14:45	11.92	11.81	13.12	12.96	12.45	4	0
11/04/2015 14:50	11.39	10.79	11.82	11.63	11.41	4	0
11/04/2015 14:55	11.5	11.15	12.39	12.24	11.82	4	0
11/04/2015 15:00	12.04	11.33	12.41	12.2	11.99	4	0
11/04/2015 15:05	12.32	11.78	13.09	12.93	12.53	4	0
11/04/2015 15:10	12.13	11.41	12.5	12.29	12.08	4	0
11/04/2015 15:15	10.72	10.56	11.73	11.6	11.15	4	0
11/04/2015 15:20	11.94	11.25	12.32	12.12	11.91	4	0
11/04/2015 15:25	12.04	11.33	12.41	12.2	11.99	4	0
11/04/2015 15:30	12.27	11.52	12.63	12.41	12.21	4	0
11/04/2015 15:35	15.13	14.36	15.98	15.74	15.3	4	0
11/04/2015 15:40	16.43	16.8	18.71	18.51	17.61	4	0
11/04/2015 15:45	13.8	14.1	15.69	15.46	14.76	4	0
11/04/2015 15:50	12.56	12.17	13.53	13.36	12.91	4	0
11/04/2015 15:55	11.44	11.25	12.51	12.36	11.89	4	0
11/04/2015 16:00	11.5	10.88	11.92	11.73	11.51	4	0
11/04/2015 16:05	12.87	13.17	14.65	14.45	13.78	4	0
11/04/2015 16:10	12.67	12.98	14.43	14.23	13.58	4	0
11/04/2015 16:15	11.93	11.25	12.51	12.36	12.01	4	0
11/04/2015 16:20	13.57	13.81	15.36	15.13	14.47	4	0
11/04/2015 16:25	12.2	11.91	13.24	13.07	12.6	4	0
11/04/2015 16:30	12.73	13.04	14.5	14.3	13.64	4	0
11/04/2015 16:35	13.58	13.44	14.96	14.74	14.18	4	0
11/04/2015 16:40	13.74	13.78	15.34	15.11	14.49	4	0
11/04/2015 16:45	12.75	12.78	14.21	14.02	13.44	4	0
11/04/2015 16:50	14.17	13.85	15.41	15.19	14.66	4	0
11/04/2015 16:55	17.19	15.63	17.24	16.96	16.75	4	0
11/04/2015 17:00	14.19	14.52	16.45	16.33	15.37	4	0
11/04/2015 17:05	16.59	16.54	18.51	18.22	17.47	4	0
11/04/2015 17:10	18.78	18.26	20.46	20.31	19.45	4	0
11/04/2015 17:15	20.14	20.45	22.78	22.37	21.44	4	0
11/04/2015 17:20	18.33	18.64	20.67	20.4	19.51	4	0
11/04/2015 17:25	17.87	18.04	19.88	20.33	19.03	4	0
11/04/2015 17:30	20.6	19.85	22.12	21.72	21.07	4	0
11/04/2015 17:35	16.66	16.4	18.25	17.96	17.32	4	0
11/04/2015 17:40	20.86	19.66	21.53	21.09	20.78	4	0
11/04/2015 17:45	20.31	19.71	21.81	21.99	20.96	4	0
11/04/2015 17:50	20.49	20.8	23.22	22.79	21.82	4	0
11/04/2015 17:55	18.83	19.14	21.18	21.36	20.13	4	0
11/04/2015 18:00	19.31	18.79	20.57	20.16	19.71	4	0
11/04/2015 18:05	23.26	23.36	25.58	25.77	24.49	4	0
11/04/2015 18:10	15.05	14.28	15.93	15.68	15.24	4	0
11/04/2015 18:15	15.91	14.56	15.95	15.66	15.52	4	0
11/04/2015 18:20	15.63	15.93	17.74	17.45	16.69	4	0
11/04/2015 18:25	11.51	11.82	13.14	12.97	12.36	4	0
11/04/2015 18:30	11.91	11.22	12.46	12.31	11.97	4	0
11/04/2015 18:35	10.63	10.93	12.15	12.01	11.43	4	0
11/04/2015 18:40	10.21	9.81	10.89	10.78	10.42	4	0
11/04/2015 18:45	11.12	10.56	11.57	11.38	11.16	4	0
11/04/2015 18:50	10.18	10.49	11.65	11.52	10.96	4	0
11/04/2015 18:55	10.47	10.28	11.42	11.3	10.87	4	0
11/04/2015 19:00	9.07	8.95	9.93	9.85	9.45	4	0
11/04/2015 19:05	9.81	9.46	10.37	10.22	9.97	4	0
11/04/2015 19:10	9.58	9.57	10.63	10.53	10.08	4	0
11/04/2015 19:15	10.33	10.17	11.3	11.18	10.75	4	0
11/04/2015 19:20	10.57	10.1	11.07	10.89	10.66	4	0
11/04/2015 19:25	9.46	9.17	10.05	9.9	9.64	4	0
11/04/2015 19:30	10.24	9.83	10.77	10.6	10.36	4	0
11/04/2015 19:35	9.77	9.43	10.33	10.2	9.93	4	0
11/04/2015 19:40	9.58	9.27	10.24	10.14	9.81	4	0
11/04/2015 19:45	8.96	9.26	10.28	10.19	9.67	4	0
11/04/2015 19:50	8.86	8.67	9.51	9.37	9.1	4	0
11/04/2015 19:55	9.45	9.79	10.92	10.81	10.24	4	0
11/04/2015 20:00	7.92	7.89	8.64	8.53	8.25	4	0
11/04/2015 20:05	8.5	8.81	9.77	9.69	9.19	4	0
11/04/2015 20:10	8.48	8.35	9.16	9.03	8.75	4	0
11/04/2015 20:15	8.26	8.46	9.43	9.68	8.96	4	0
11/04/2015 20:20	7.02	7.32	8.12	8.08	7.63	4	0
11/04/2015 20:25	7.13	7.43	8.24	8.2	7.75	4	0
11/04/2015 20:30	7.39	7.7	8.53	8.49	8.03	4	0
11/04/2015 20:35	8.25	8.55	9.38	9.26	8.86	4	0
11/04/2015 20:40	7.56	7.87	8.72	8.67	8.21	4	0
11/04/2015 20:45	7.54	7.95	8.6	8.85	8.23	4	0
11/04/2015 20:50	6.71	7.09	7.7	7.83	7.33	4	0
11/04/2015 20:55	7.44	7.6	8.34	8.23	7.9	4	0
11/04/2015 21:00	7	7.3	8.09	8.06	7.61	4	0
11/04/2015 21:05	6.69	7.03	7.75	7.77	7.31	4	0
11/04/2015 21:10	6.87	7.27	7.87	8.25	7.56	4	0
11/04/2015 21:15	6.82	7.22	7.82	8.12	7.49	4	0
11/04/2015 21:20	7.22	7.57	8.33	8.38	7.87	4	0
11/04/2015 21:25	7.26	7.67	8.3	8.5	7.93	4	0
11/04/2015 21:30	6.03	6.33	7.01	7	6.59	4	0
11/04/2015 21:35	6.74	7.04	7.8	7.77	7.34	4	0
11/04/2015 21:40	6.11	6.5	7.04	7.35	6.75	4	0
11/04/2015 21:45	6.01	6.31	6.98	6.97	6.57	4	0
11/04/2015 21:50	6.14	6.44	7.13	7.12	6.7	4	0
11/04/2015 21:55	5.94	6.27	6.86	6.81	6.47	4	0
11/04/2015 22:00	5.84	6.15	6.8	6.8	6.4	4	0
11/04/2015 22:05	6.23	6.48	7.11	7.03	6.71	4	0
11/04/2015 22:10	5.82	6.2	6.72	7	6.43	4	0
11/04/2015 22:15	5.95	6.25	6.91	6.91	6.5	4	0
11/04/2015 22:20	5.7	6.08	6.6	6.76	6.29	4	0
11/04/2015 22:25	5.15	5.45	6.03	6.04	5.67	4	0
11/04/2015 22:30	5.79	6.17	6.7	6.97	6.41	4	0
11/04/2015 22:35	5.29	5.69	6.24	6.2	5.86	4	0
11/04/2015 22:40	5	5.37	5.83	5.97	5.54	4	0
11/04/2015 22:45	5.08	5.44	5.92	6.12	5.64	4	0
11/04/2015 22:50	4.54	4.84	5.34	5.38	5.02	4	0
11/04/2015 22:55	5.25	5.66	6.2	6.16	5.82	4	0
11/04/2015 23:00	4.33	4.63	5.11	5.15	4.8	4	0
11/04/2015 23:05	4.7	5.07	5.6	5.63	5.25	4	0
11/04/2015 23:10	4.51	5.04	5.53	5.5	5.15	4	0
11/04/2015 23:15	4.48	4.78	5.27	5.31	4.96	4	0
11/04/2015 23:20	4.12	4.43	4.88	4.92	4.59	4	0
11/04/2015 23:25	4.33	4.64	5.11	5.15	4.81	4	0
11/04/2015 23:30	4.1	4.55	5.02	5.04	4.68	4	0
11/04/2015 23:35	4.54	4.89	5.33	5.48	5.06	4	0
11/04/2015 23:40	4.3	4.78	5.26	5.32	4.92	4	0
11/04/2015 23:45	4.26	4.75	5.22	5.19	4.86	4	0
11/04/2015 23:50	4.16	4.5	4.92	4.97	4.64	4	0
11/04/2015 23:55	3.65	3.98	4.38	4.43	4.11	4	0
11/05/2015 00:00	4.18	4.49	4.95	4.99	4.65	4	0
11/05/2015 00:05	4.21	4.6	4.96	5.03	4.7	4	0
11/05/2015 00:10	3.72	4.11	4.41	4.41	4.16	4	0
11/05/2015 00:15	3.78	4.17	4.61	4.45	4.25	4	0
11/05/2015 00:20	3.63	4.3	4.72	4.71	4.34	4	0
11/05/2015 00:25	3.74	4.15	4.57	4.63	4.27	4	0
11/05/2015 00:30	3.25	3.55	3.9	3.98	3.67	4	0
11/05/2015 00:35	3.42	3.86	4.25	4.31	3.96	4	0
11/05/2015 00:40	3.73	4.07	4.55	4.48	4.21	4	0
11/05/2015 00:45	3.15	3.62	3.96	4	3.69	4	0
11/05/2015 00:50	2.73	3.23	3.54	3.62	3.28	4	0
11/05/2015 00:55	2.89	3.21	3.53	3.53	3.29	4	0
11/05/2015 01:00	3.02	3.67	4.03	4.08	3.7	4	0
11/05/2015 01:05	2.96	3.56	3.9	3.96	3.6	4	0
11/05/2015 01:10	2.97	3.3	3.62	3.63	3.38	4	0
11/05/2015 01:15	2.71	3.17	3.53	3.31	3.18	4	0
11/05/2015 01:20	2.96	3.56	3.9	3.96	3.6	4	0
11/05/2015 01:25	2.9	3.5	3.84	3.9	3.53	4	0
11/05/2015 01:30	2.94	3.35	3.68	3.7	3.42	4	0
11/05/2015 01:35	2.94	3.55	3.88	3.91	3.57	4	0
11/05/2015 01:40	3.05	3.39	3.71	3.72	3.47	4	0
11/05/2015 01:45	2.71	3.33	3.64	3.66	3.34	4	0
11/05/2015 01:50	2.8	3.22	3.53	3.61	3.29	4	0
11/05/2015 01:55	2.82	3.41	3.74	3.81	3.44	4	0
11/05/2015 02:00	2.71	3.28	3.53	3.51	3.26	4	0
11/05/2015 02:05	2.99	3.59	3.93	3.99	3.62	4	0
11/05/2015 02:10	3.08	3.55	3.89	3.92	3.61	4	0
11/05/2015 02:15	2.85	3.44	3.84	3.64	3.44	4	0
11/05/2015 02:20	3.08	3.48	3.84	3.89	3.57	4	0
11/05/2015 02:25	3.13	3.52	3.78	3.83	3.56	4	0
11/05/2015 02:30	2.99	3.38	3.66	3.71	3.43	4	0
11/05/2015 02:35	2.95	3.25	3.6	3.47	3.32	4	0
11/05/2015 02:40	3.01	3.78	4.15	4.16	3.77	4	0
11/05/2015 02:45	2.89	3.34	3.68	3.69	3.4	4	0
11/05/2015 02:50	2.89	3.49	3.82	3.69	3.47	4	0
11/05/2015 02:55	2.88	3.45	3.68	3.66	3.42	4	0
11/05/2015 03:00	2.88	3.26	3.57	3.65	3.34	4	0
11/05/2015 03:05	3.4	4.11	4.52	4.51	4.14	4	0
11/05/2015 03:10	3.02	3.32	3.64	3.72	3.42	4	0
11/05/2015 03:15	3.09	3.34	3.72	3.61	3.44	4	0
11/05/2015 03:20	3.1	3.49	3.81	3.78	3.55	4	0
11/05/2015 03:25	2.9	3.25	3.54	3.55	3.31	4	0
11/05/2015 03:30	3.06	3.42	3.74	3.8	3.5	4	0
11/05/2015 03:35	2.96	3.56	3.9	3.96	3.6	4	0
11/05/2015 03:40	3.71	4.1	4.39	4.36	4.14	4	0
11/05/2015 03:45	4	4.22	4.72	4.57	4.38	4	0
11/05/2015 03:50	3.07	3.46	3.66	3.65	3.46	4	0
11/05/2015 03:55	3.21	3.55	3.89	3.74	3.6	4	0
11/05/2015 04:00	3.22	3.61	3.84	3.82	3.62	4	0
11/05/2015 04:05	3.6	3.94	4.33	4.39	4.06	4	0
11/05/2015 04:10	3.42	3.81	4.06	4.04	3.83	4	0
11/05/2015 04:15	3.95	4.34	4.67	4.63	4.4	4	0
11/05/2015 04:20	4.73	4.93	5.53	5.43	5.15	4	0
11/05/2015 04:25	4.53	4.92	5.33	5.28	5.01	4	0
11/05/2015 04:30	4.7	5.09	5.52	5.47	5.19	4	0
11/05/2015 04:35	4.67	5.06	5.49	5.44	5.16	4	0
11/05/2015 04:40	4.88	5.08	5.7	5.6	5.31	4	0
11/05/2015 04:45	4.73	5.09	5.54	5.71	5.26	4	0
11/05/2015 04:50	4.39	4.74	5.17	5.31	4.9	4	0
11/05/2015 04:55	5.34	5.52	6.21	6.14	5.8	4	0
11/05/2015 05:00	4.76	5.24	5.7	5.65	5.34	4	0
11/05/2015 05:05	4.8	5.27	5.79	5.86	5.43	4	0
11/05/2015 05:10	5.75	6.13	6.65	6.92	6.37	4	0
11/05/2015 05:15	6.22	6.6	7.27	7.34	6.86	4	0
11/05/2015 05:20	7.31	7.43	8.38	8.44	7.89	4	0
11/05/2015 05:25	6.96	7.28	8.03	8.11	7.59	4	0
11/05/2015 05:30	7.32	7.61	8.39	8.48	7.95	4	0
11/05/2015 05:35	10.37	10.41	11.77	12.03	11.15	4	0
11/05/2015 05:40	9.75	9.81	11.08	11.3	10.49	4	0
11/05/2015 05:45	12.33	12.32	13.93	14.31	13.22	4	0
11/05/2015 05:50	11.51	11.52	13.03	13.36	12.36	4	0
11/05/2015 05:55	13.95	13.89	15.73	16.21	14.95	4	0
11/05/2015 06:00	9.86	9.98	11.02	11.13	10.49	4	0
11/05/2015 06:05	13.53	13.49	15.26	15.72	14.5	4	0
11/05/2015 06:10	10.27	10.31	11.65	11.9	11.03	4	0
11/05/2015 06:15	12.39	12.37	13.99	14.38	13.28	4	0
11/05/2015 06:20	11.09	11.11	12.57	12.87	11.91	4	0
11/05/2015 06:25	11.16	11.18	12.64	12.94	11.98	4	0
11/05/2015 06:30	16.96	16.81	19.05	19.73	18.14	4	0
11/05/2015 06:35	14.41	14.33	16.23	16.74	15.43	4	0
11/05/2015 06:40	13.1	13	14.36	14.49	13.74	4	0
11/05/2015 06:45	12.89	13.05	14.77	14.57	13.82	4	0
11/05/2015 06:50	10.73	10.79	12.13	12.41	11.51	4	0
11/05/2015 06:55	11.82	11.82	13.36	13.71	12.68	4	0
11/05/2015 07:00	12.32	12.42	13.92	14.31	13.24	4	0
11/05/2015 07:05	12.6	12.58	14.23	14.63	13.51	4	0
11/05/2015 07:10	11.63	11.63	12.85	12.97	12.27	4	0
11/05/2015 07:15	11.79	11.77	13.01	13.13	12.42	4	0
11/05/2015 07:20	12.77	12.69	14.02	14.15	13.41	4	0
11/05/2015 07:25	11.9	12.22	13.17	14	12.82	4	0
11/05/2015 07:30	15.22	15.59	17.43	17.16	16.35	4	0
11/05/2015 07:35	14.83	15.38	16.56	16.6	15.84	4	0
11/05/2015 07:40	11.66	12.15	13.14	13.92	12.72	4	0
11/05/2015 07:45	12.57	12.55	14.19	14.59	13.48	4	0
11/05/2015 07:50	14.14	13.48	14.77	14.5	14.22	4	0
11/05/2015 07:55	17.35	16.33	17.88	18.33	17.47	4	0
11/05/2015 08:00	16.71	16.18	17.73	17.89	17.13	4	0
11/05/2015 08:05	13.55	12.89	14.47	14.99	13.97	4	0
11/05/2015 08:10	12.2	12.7	13.69	14.56	13.29	4	0
11/05/2015 08:15	12.51	12.89	14.13	14.78	13.58	4	0
11/05/2015 08:20	12.39	12.34	13.63	13.76	13.03	4	0
11/05/2015 08:25	10.61	10.65	12.03	12.3	11.4	4	0
11/05/2015 08:30	10.57	10.61	11.99	12.26	11.36	4	0
11/05/2015 08:35	10.2	10.3	11.37	11.56	10.86	4	0
11/05/2015 08:40	12.16	12.12	13.39	13.51	12.79	4	0
11/05/2015 08:45	12.22	12.18	13.46	13.63	12.87	4	0
11/05/2015 08:50	11.55	11.55	12.76	12.88	12.19	4	0
11/05/2015 08:55	11.65	11.66	13.18	13.52	12.5	4	0
11/05/2015 09:00	11.65	12.11	13.05	13.87	12.67	4	0
11/05/2015 09:05	10.56	11.03	11.9	12.62	11.53	4	0
11/05/2015 09:10	9.98	10.03	11.33	11.56	10.73	4	0
11/05/2015 09:15	9.51	9.58	10.82	11.02	10.23	4	0
11/05/2015 09:20	10.3	10.39	11.48	11.59	10.94	4	0
11/05/2015 09:25	10.37	10.43	11.76	12.02	11.14	4	0
11/05/2015 09:30	10.63	11.01	11.88	12.6	11.53	4	0
11/05/2015 09:35	11.15	11.18	12.35	12.47	11.79	4	0
11/05/2015 09:40	9.78	9.84	11.11	11.33	10.51	4	0
11/05/2015 09:45	9.41	9.56	10.56	10.66	10.05	4	0
11/05/2015 09:50	10.17	10.27	11.34	11.45	10.81	4	0
11/05/2015 09:55	11.08	11.1	12.55	12.85	11.9	4	0
11/05/2015 10:00	9.96	10.07	11.12	11.23	10.6	4	0
11/05/2015 10:05	9.66	10.04	11.09	11.12	10.48	4	0
11/05/2015 10:10	10.16	10.26	11.34	11.44	10.8	4	0
11/05/2015 10:15	9.22	9.39	10.36	10.51	9.87	4	0
11/05/2015 10:20	10.37	10.61	11.71	11.78	11.12	4	0
11/05/2015 10:25	9.29	9.74	10.63	11.12	10.19	4	0
11/05/2015 10:30	9.87	9.99	11.03	11.14	10.51	4	0
11/05/2015 10:35	9.84	10.03	11.07	11.18	10.53	4	0
11/05/2015 10:40	10.88	11.05	12.2	12.32	11.61	4	0
11/05/2015 10:45	8.63	9.04	10.01	10.3	9.49	4	0
11/05/2015 10:50	10.01	10.12	11.17	11.28	10.64	4	0
11/05/2015 10:55	9.99	10.1	11.15	11.26	10.62	4	0
11/05/2015 11:00	9.09	9.36	10.29	10.44	9.8	4	0
11/05/2015 11:05	10.25	10.71	11.56	11.74	11.06	4	0
11/05/2015 11:10	9.92	10.17	11.21	11.34	10.66	4	0
11/05/2015 11:15	10.33	10.42	11.5	11.62	10.97	4	0
11/05/2015 11:20	9.29	9.46	10.37	10.22	9.84	4	0
11/05/2015 11:25	9.38	9.53	10.52	10.63	10.02	4	0
11/05/2015 11:30	10.41	9.96	10.92	10.75	10.51	4	0
11/05/2015 11:35	8.01	8.43	9.11	9.59	8.79	4	0
11/05/2015 11:40	9.21	8.96	9.82	9.68	9.42	4	0
11/05/2015 11:45	9.71	10.17	10.98	11.34	10.55	4	0
11/05/2015 11:50	10.03	9.7	10.81	11.14	10.42	4	0
11/05/2015 11:55	10.63	10.49	11.5	11.31	10.98	4	0
11/05/2015 12:00	10.28	10.69	11.6	11.52	11.02	4	0
11/05/2015 12:05	10.09	10.19	11.25	11.36	10.72	4	0
11/05/2015 12:10	9.77	10.14	11.04	11.02	10.49	4	0
11/05/2015 12:15	11.11	10.55	11.56	11.38	11.15	4	0
11/05/2015 12:20	10.51	10.59	11.69	11.64	11.11	4	0
11/05/2015 12:25	10.48	10.87	11.82	11.72	11.22	4	0
11/05/2015 12:30	10.41	10.72	11.79	11.6	11.13	4	0
11/05/2015 12:35	10.67	10.4	11.4	11.22	10.93	4	0
11/05/2015 12:40	11.37	10.77	11.8	12.15	11.52	4	0
11/05/2015 12:45	10.26	10.35	11.34	11.16	10.78	4	0
11/05/2015 12:50	10.59	10.53	11.54	11.35	11	4	0
11/05/2015 12:55	9.91	10.03	11.07	11.18	10.55	4	0
11/05/2015 13:00	10.2	10.51	11.67	11.54	10.98	4	0
11/05/2015 13:05	10.27	10.54	11.58	11.52	10.98	4	0
11/05/2015 13:10	9.65	9.58	10.49	10.34	10.01	4	0
11/05/2015 13:15	10.54	10.08	11.05	10.87	10.64	4	0
11/05/2015 13:20	11.05	10.65	11.67	11.48	11.21	4	0
11/05/2015 13:25	10.42	10.64	11.66	11.61	11.08	4	0
11/05/2015 13:30	10.55	10.62	11.73	11.84	11.18	4	0
11/05/2015 13:35	9.82	10.07	11.25	11.13	10.57	4	0
11/05/2015 13:40	11.06	10.74	11.86	11.73	11.35	4	0
11/05/2015 13:45	12.22	11.48	12.58	12.37	12.16	4	0
11/05/2015 13:50	11.97	11.7	13	12.84	12.38	4	0
11/05/2015 13:55	11.31	11.61	12.91	12.75	12.15	4	0
11/05/2015 14:00	11.21	11.44	12.71	12.56	11.98	4	0
11/05/2015 14:05	11.98	12.28	13.66	13.48	12.85	4	0
11/05/2015 14:10	10.01	10.12	11.19	11.08	10.6	4	0
11/05/2015 14:15	12.02	12	13.34	13.17	12.64	4	0
11/05/2015 14:20	11.74	11.57	12.86	12.7	12.22	4	0
11/05/2015 14:25	9.94	10.25	11.38	11.26	10.71	4	0
11/05/2015 14:30	11.49	10.96	12.18	12.04	11.67	4	0
11/05/2015 14:35	13.35	12.43	13.61	13.38	13.19	4	0
11/05/2015 14:40	13.93	14.24	15.85	15.61	14.91	4	0
11/05/2015 14:45	12.52	12.83	14.26	14.07	13.42	4	0
11/05/2015 14:50	12.8	12.09	13.44	13.27	12.9	4	0
11/05/2015 14:55	11.6	10.96	12.17	12.02	11.69	4	0
11/05/2015 15:00	12.68	12.32	13.7	13.52	13.06	4	0
11/05/2015 15:05	12.57	12.32	13.69	13.51	13.02	4	0
11/05/2015 15:10	11.55	11.55	12.84	12.68	12.15	4	0
11/05/2015 15:15	12.98	12.7	14.12	13.93	13.43	4	0
11/05/2015 15:20	12.8	11.97	13.11	12.89	12.69	4	0
11/05/2015 15:25	11.27	10.78	11.98	11.84	11.47	4	0
11/05/2015 15:30	11.15	11.45	12.73	12.57	11.98	4	0
11/05/2015 15:35	11.69	11.52	12.8	12.65	12.17	4	0
11/05/2015 15:40	13.65	12.67	13.88	13.64	13.46	4	0
11/05/2015 15:45	13.29	12.37	13.55	13.32	13.13	4	0
11/05/2015 15:50	12.11	12.42	13.81	13.62	12.99	4	0
11/05/2015 15:55	12.07	12.38	13.76	13.58	12.95	4	0
11/05/2015 16:00	13.01	12.37	13.76	13.57	13.18	4	0
11/05/2015 16:05	11.02	10.79	11.98	11.85	11.41	4	0
11/05/2015 16:10	13.97	12.94	14.18	13.93	13.75	4	0
11/05/2015 16:15	12.42	11.86	13.19	13.02	12.62	4	0
11/05/2015 16:20	13.32	12.88	14.33	14.13	13.66	4	0
11/05/2015 16:25	13.84	13.19	14.67	14.47	14.04	4	0
11/05/2015 16:30	11.55	10.91	11.96	11.78	11.55	4	0
11/05/2015 16:35	12.31	12.51	13.91	13.72	13.11	4	0
11/05/2015 16:40	12.36	12.66	14.08	13.89	13.25	4	0
11/05/2015 16:45	13.17	12.84	14.28	14.08	13.59	4	0
11/05/2015 16:50	13.49	13.42	14.93	14.71	14.14	4	0
11/05/2015 16:55	12.41	11.83	13.15	12.99	12.6	4	0
11/05/2015 17:00	13.77	13.15	14.62	14.42	13.99	4	0
11/05/2015 17:05	13.95	14.25	15.86	15.62	14.92	4	0
11/05/2015 17:10	14.1	13.06	14.52	14.32	14	4	0
11/05/2015 17:15	13.9	14.21	15.81	15.57	14.87	4	0
11/05/2015 17:20	13.52	13.83	15.38	15.16	14.47	4	0
11/05/2015 17:25	13	13.3	14.8	14.59	13.92	4	0
11/05/2015 17:30	11.83	12.14	13.5	13.32	12.7	4	0
11/05/2015 17:35	12.82	13.12	14.6	14.39	13.73	4	0
11/05/2015 17:40	13.85	13.95	15.53	15.3	14.66	4	0
11/05/2015 17:45	19.27	17.9	19.93	19.59	19.17	4	0
11/05/2015 17:50	15.29	15.59	17.36	17.08	16.33	4	0
11/05/2015 17:55	13.88	13.66	15.2	14.98	14.43	4	0
11/05/2015 18:00	18.95	18.82	21.11	20.77	19.91	4	0
11/05/2015 18:05	16.15	16.46	18.32	18.02	17.24	4	0
11/05/2015 18:10	16.71	15.89	17.68	17.4	16.92	4	0
11/05/2015 18:15	18.64	16.84	18.45	18.09	18.01	4	0
11/05/2015 18:20	16.82	17.4	18.72	20.01	18.24	4	0
11/05/2015 18:25	22.58	23.29	25.02	25.73	24.16	4	0
11/05/2015 18:30	20.71	20.84	23.07	23.26	21.97	4	0
11/05/2015 18:35	22.16	22.46	24.14	24.88	23.41	4	0
11/05/2015 18:40	24.1	22.9	25.07	24.89	24.24	4	0
11/05/2015 18:45	19.18	19.82	21.31	22.83	20.79	4	0
11/05/2015 18:50	18.59	19.01	21.54	22.42	20.39	4	0
11/05/2015 18:55	22.7	23.41	25.15	25.54	24.2	4	0
11/05/2015 19:00	22.52	23.23	24.96	26.68	24.35	4	0
11/05/2015 19:05	21.29	20.63	22.59	22.82	21.83	4	0
11/05/2015 19:10	17.99	18.1	19.82	19.57	18.87	4	0
11/05/2015 19:15	14.99	14.83	16.52	16.46	15.7	4	0
11/05/2015 19:20	9.63	9.69	10.76	10.66	10.18	4	0
11/05/2015 19:25	9.89	9.53	10.45	10.29	10.04	4	0
11/05/2015 19:30	10.74	10.24	11.23	11.05	10.82	4	0
11/05/2015 19:35	10.23	9.81	10.76	10.59	10.35	4	0
11/05/2015 19:40	9.5	9.21	10.09	9.94	9.69	4	0
11/05/2015 19:45	9.75	9.64	10.7	10.6	10.17	4	0
11/05/2015 19:50	9.63	9.31	10.2	10.05	9.8	4	0
11/05/2015 19:55	8.65	8.71	9.67	9.59	9.15	4	0
11/05/2015 20:00	8.66	8.96	9.94	9.86	9.36	4	0
11/05/2015 20:05	8.68	8.98	9.97	9.88	9.38	4	0
11/05/2015 20:10	9.18	9.3	10.33	10.23	9.76	4	0
11/05/2015 20:15	8.96	8.79	9.75	9.67	9.29	4	0
11/05/2015 20:20	8.06	8.36	9.28	9.21	8.73	4	0
11/05/2015 20:25	8.63	8.62	9.44	9.31	9	4	0
11/05/2015 20:30	9.16	9.05	9.92	9.77	9.47	4	0
11/05/2015 20:35	8.09	8.44	9.4	9.38	8.83	4	0
11/05/2015 20:40	8.51	8.38	9.18	9.06	8.78	4	0
11/05/2015 20:45	8.5	8.61	9.44	9.31	8.96	4	0
11/05/2015 20:50	8.13	8.35	9.15	9.03	8.66	4	0
11/05/2015 20:55	6.92	7.23	8.01	7.97	7.53	4	0
11/05/2015 21:00	7.32	7.62	8.45	8.38	7.94	4	0
11/05/2015 21:05	6.96	7.26	8.05	8.01	7.57	4	0
11/05/2015 21:10	6.44	6.74	7.47	7.45	7.03	4	0
11/05/2015 21:15	7.31	7.62	8.44	8.4	7.94	4	0
11/05/2015 21:20	6.8	6.95	7.62	7.54	7.23	4	0
11/05/2015 21:25	8.32	8.22	9.01	8.89	8.61	4	0
11/05/2015 21:30	7.39	7.7	8.53	8.49	8.03	4	0
11/05/2015 21:35	6.67	6.98	7.73	7.7	7.27	4	0
11/05/2015 21:40	7.5	7.81	8.66	8.6	8.14	4	0
11/05/2015 21:45	7.06	7.47	8.09	8.48	7.77	4	0
11/05/2015 21:50	6.3	6.6	7.31	7.29	6.88	4	0
11/05/2015 21:55	6.09	6.39	7.07	7.06	6.65	4	0
11/05/2015 22:00	5.41	5.71	6.31	6.32	5.94	4	0
11/05/2015 22:05	6.51	6.71	7.36	7.28	6.97	4	0
11/05/2015 22:10	6.18	6.48	7.17	7.16	6.75	4	0
11/05/2015 22:15	6.44	6.83	7.4	7.74	7.1	4	0
11/05/2015 22:20	6.05	6.35	7.03	7.02	6.61	4	0
11/05/2015 22:25	5.27	5.57	6.15	6.17	5.79	4	0
11/05/2015 22:30	6.57	6.87	7.61	7.59	7.16	4	0
11/05/2015 22:35	5.57	5.9	6.49	6.44	6.1	4	0
11/05/2015 22:40	5.87	6.17	6.83	6.83	6.43	4	0
11/05/2015 22:45	5.5	5.81	6.42	6.43	6.04	4	0
11/05/2015 22:50	4.67	4.97	5.49	5.52	5.16	4	0
11/05/2015 22:55	5.38	5.68	6.28	6.29	5.91	4	0
11/05/2015 23:00	4.7	5.19	5.7	5.66	5.31	4	0
11/05/2015 23:05	4.55	4.85	5.36	5.39	5.04	4	0
11/05/2015 23:10	5.49	5.86	6.36	6.61	6.08	4	0
11/05/2015 23:15	4.71	5.02	5.54	5.57	5.21	4	0
11/05/2015 23:20	5.36	5.66	6.26	6.27	5.89	4	0
11/05/2015 23:25	4.02	4.53	4.97	4.96	4.62	4	0
11/05/2015 23:30	4.82	5.22	5.73	5.82	5.4	4	0
11/05/2015 23:35	4.61	5.1	5.61	5.68	5.25	4	0
11/05/2015 23:40	4.93	5.23	5.77	5.8	5.43	4	0
11/05/2015 23:45	4	4.3	4.74	4.79	4.46	4	0
11/05/2015 23:50	4.08	4.38	4.82	4.87	4.54	4	0
11/05/2015 23:55	4.53	4.89	5.32	5.48	5.05	4	0
11/06/2015 00:00	3.57	3.96	4.29	4.35	4.04	4	0
11/06/2015 00:05	3.95	4.56	5.01	5	4.63	4	0
11/06/2015 00:10	3.44	3.79	4.16	4.16	3.89	4	0
11/06/2015 00:15	3.82	4.13	4.54	4.6	4.27	4	0
11/06/2015 00:20	3.94	4.23	4.67	4.61	4.36	4	0
11/06/2015 00:25	3.89	4.19	4.62	4.67	4.34	4	0
11/06/2015 00:30	3.64	4.31	4.73	4.72	4.35	4	0
11/06/2015 00:35	3.3	3.6	3.96	4.03	3.72	4	0
11/06/2015 00:40	3.33	3.69	4.06	4.12	3.8	4	0
11/06/2015 00:45	3.6	3.94	4.31	4.38	4.06	4	0
11/06/2015 00:50	3.3	3.64	3.99	4.03	3.74	4	0
11/06/2015 00:55	3.47	4.04	4.43	4.49	4.11	4	0
11/06/2015 01:00	3.5	3.89	4.28	4.34	4	4	0
11/06/2015 01:05	2.96	3.28	3.6	3.61	3.36	4	0
11/06/2015 01:10	3.04	3.81	4.19	4.19	3.81	4	0
11/06/2015 01:15	3.4	4	4.28	4.26	3.99	4	0
11/06/2015 01:20	3.08	3.65	4.01	4.08	3.71	4	0
11/06/2015 01:25	3.54	3.89	4.3	4.18	3.98	4	0
11/06/2015 01:30	3	3.49	3.84	3.91	3.56	4	0
11/06/2015 01:35	3.34	3.9	4.26	4.33	3.96	4	0
11/06/2015 01:40	3.46	3.77	4.14	4.21	3.89	4	0
11/06/2015 01:45	2.84	3.13	3.45	3.44	3.22	4	0
11/06/2015 01:50	2.75	3.07	3.37	3.36	3.14	4	0
11/06/2015 01:55	2.8	3.14	3.44	3.43	3.2	4	0
11/06/2015 02:00	3.19	3.62	3.98	4.05	3.71	4	0
11/06/2015 02:05	2.84	3.39	3.71	3.76	3.42	4	0
11/06/2015 02:10	2.93	3.3	3.62	3.56	3.35	4	0
11/06/2015 02:15	3.23	3.59	3.94	4.01	3.69	4	0
11/06/2015 02:20	2.81	3.45	3.78	3.84	3.47	4	0
11/06/2015 02:25	2.85	3.17	3.48	3.48	3.24	4	0
11/06/2015 02:30	2.5	3.13	3.43	3.48	3.14	4	0
11/06/2015 02:35	2.86	3.34	3.66	3.71	3.39	4	0
11/06/2015 02:40	2.84	3.26	3.57	3.62	3.32	4	0
11/06/2015 02:45	2.79	3.28	3.6	3.61	3.32	4	0
11/06/2015 02:50	2.98	3.54	3.88	3.93	3.58	4	0
11/06/2015 02:55	2.63	3.2	3.56	3.34	3.18	4	0
11/06/2015 03:00	2.87	3.17	3.48	3.56	3.27	4	0
11/06/2015 03:05	2.69	2.94	3.27	3.11	3	4	0
11/06/2015 03:10	3.54	3.92	4.22	4.2	3.97	4	0
11/06/2015 03:15	3.09	3.48	3.69	3.71	3.49	4	0
11/06/2015 03:20	3.53	3.92	4.19	4.17	3.95	4	0
11/06/2015 03:25	3.11	3.52	3.93	3.73	3.57	4	0
11/06/2015 03:30	3.16	3.7	4.05	4.1	3.75	4	0
11/06/2015 03:35	4.13	4.58	4.94	4.9	4.64	4	0
11/06/2015 03:40	3.19	3.59	3.81	3.82	3.6	4	0
11/06/2015 03:45	4	4.41	4.94	4.8	4.54	4	0
11/06/2015 03:50	3.36	3.75	4.11	4.17	3.85	4	0
11/06/2015 03:55	3.39	3.72	4.07	3.97	3.79	4	0
11/06/2015 04:00	3.48	3.77	4.17	4.18	3.9	4	0
11/06/2015 04:05	3.34	3.67	4.02	4.06	3.77	4	0
11/06/2015 04:10	3.11	3.48	3.8	3.67	3.52	4	0
11/06/2015 04:15	3.66	4.11	4.51	4.58	4.22	4	0
11/06/2015 04:20	3.7	4.25	4.67	4.73	4.34	4	0
11/06/2015 04:25	4.1	4.4	4.85	4.9	4.57	4	0
11/06/2015 04:30	3.6	4.11	4.4	4.37	4.12	4	0
11/06/2015 04:35	3.79	4.02	4.49	4.47	4.19	4	0
11/06/2015 04:40	5.54	5.72	6.43	6.37	6.01	4	0
11/06/2015 04:45	5.07	5.4	5.94	5.88	5.57	4	0
11/06/2015 04:50	4.91	5.27	5.73	5.93	5.46	4	0
11/06/2015 04:55	4.25	4.72	5.19	5.25	4.85	4	0
11/06/2015 05:00	4.78	5.25	5.78	5.85	5.42	4	0
11/06/2015 05:05	4.71	5.07	5.52	5.69	5.25	4	0
11/06/2015 05:10	6.76	7.11	7.85	7.76	7.37	4	0
11/06/2015 05:15	5.71	6.11	6.73	6.81	6.34	4	0
11/06/2015 05:20	6.95	7.35	7.96	8.34	7.65	4	0
11/06/2015 05:25	7.17	7.44	8.23	8.45	7.82	4	0
11/06/2015 05:30	7.61	7.73	8.72	8.8	8.22	4	0
11/06/2015 05:35	9.5	9.57	10.81	11.01	10.22	4	0
11/06/2015 05:40	9.03	9.11	10.29	10.46	9.72	4	0
11/06/2015 05:45	11.65	11.65	13.18	13.34	12.45	4	0
11/06/2015 05:50	10.96	11.34	12.61	12.43	11.84	4	0
11/06/2015 05:55	9.45	9.51	10.74	10.94	10.16	4	0
11/06/2015 06:00	8.3	8.53	9.41	9.51	8.94	4	0
11/06/2015 06:05	8.14	8.56	9.26	9.75	8.93	4	0
11/06/2015 06:10	8.31	8.74	9.45	9.96	9.12	4	0
11/06/2015 06:15	9.63	9.77	10.78	10.89	10.27	4	0
11/06/2015 06:20	9.77	10.23	11.04	11.69	10.69	4	0
11/06/2015 06:25	9.56	9.94	11.02	11.14	10.41	4	0
11/06/2015 06:30	10.56	11.03	11.9	12.62	11.53	4	0
11/06/2015 06:35	10.42	10.5	11.83	12.08	11.21	4	0
11/06/2015 06:40	9.73	10.18	10.99	11.63	10.63	4	0
11/06/2015 06:45	10.88	10.93	12.07	12.19	11.52	4	0
11/06/2015 06:50	10.33	10.33	11.32	11.14	10.78	4	0
11/06/2015 06:55	9.78	9.9	10.93	11.04	10.41	4	0
11/06/2015 07:00	9.78	10.15	11.21	11.12	10.57	4	0
11/06/2015 07:05	10.44	10.52	11.62	11.73	11.08	4	0
11/06/2015 07:10	11.24	11.73	12.65	13.43	12.26	4	0
11/06/2015 07:15	11.87	11.85	13.1	13.32	12.54	4	0
11/06/2015 07:20	11.74	11.73	12.96	13.34	12.44	4	0
11/06/2015 07:25	11.46	11.95	12.88	13.69	12.49	4	0
11/06/2015 07:30	12.39	12.77	14.03	14.02	13.3	4	0
11/06/2015 07:35	11.33	11.35	12.53	12.65	11.97	4	0
11/06/2015 07:40	12.01	12.26	13.63	13.45	12.84	4	0
11/06/2015 07:45	13.13	13.29	14.56	14.36	13.84	4	0
11/06/2015 07:50	13.25	12.69	14.33	14.65	13.73	4	0
11/06/2015 07:55	13.28	13.58	15.11	14.89	14.21	4	0
11/06/2015 08:00	12.43	12.74	14.17	13.97	13.33	4	0
11/06/2015 08:05	14.64	14.59	16.35	17.05	15.66	4	0
11/06/2015 08:10	15.13	15.44	17.18	16.91	16.17	4	0
11/06/2015 08:15	14.38	14.59	16.24	15.99	15.3	4	0
11/06/2015 08:20	13.31	13.51	14.8	14.75	14.1	4	0
11/06/2015 08:25	13.96	13.51	15.29	15.84	14.65	4	0
11/06/2015 08:30	13.55	13.02	14.26	14.01	13.71	4	0
11/06/2015 08:35	12.15	12.25	13.43	13.66	12.87	4	0
11/06/2015 08:40	13.13	12.24	13.41	13.18	12.99	4	0
11/06/2015 08:45	13.01	13.32	14.6	14.6	13.88	4	0
11/06/2015 08:50	10.81	11.18	12.44	12.26	11.67	4	0
11/06/2015 08:55	14.31	14.18	15.54	15.25	14.82	4	0
11/06/2015 09:00	16.22	14.82	16.24	15.93	15.8	4	0
11/06/2015 09:05	9.91	10.37	11.19	11.85	10.83	4	0
11/06/2015 09:10	10.6	10.63	12.02	12.29	11.39	4	0
11/06/2015 09:15	10.57	10.64	11.75	11.86	11.2	4	0
11/06/2015 09:20	10.38	10.47	11.56	11.67	11.02	4	0
11/06/2015 09:25	11.15	11.53	12.83	12.64	12.04	4	0
11/06/2015 09:30	13.02	12.99	14.69	14.77	13.87	4	0
11/06/2015 09:35	9.63	10.09	10.89	11.52	10.53	4	0
11/06/2015 09:40	9.2	9.5	10.49	10.59	9.95	4	0
11/06/2015 09:45	10.56	10.93	12.15	11.98	11.41	4	0
11/06/2015 09:50	9.53	9.98	10.78	11.39	10.42	4	0
11/06/2015 09:55	8.48	8.69	9.59	9.69	9.11	4	0
11/06/2015 10:00	8.1	8.53	9.22	9.49	8.84	4	0
11/06/2015 10:05	9.94	10.05	11.1	11.21	10.58	4	0
11/06/2015 10:10	9.27	9.72	10.49	11.09	10.14	4	0
11/06/2015 10:15	9.37	9.53	10.52	10.62	10.01	4	0
11/06/2015 10:20	9.63	10.09	10.89	11.52	10.53	4	0
11/06/2015 10:25	8.93	9.11	10.06	10.16	9.56	4	0
11/06/2015 10:30	9.75	10.21	11.02	11.38	10.59	4	0
11/06/2015 10:35	10.2	10.38	11.46	11.57	10.9	4	0
11/06/2015 10:40	11.56	11.57	12.78	12.71	12.16	4	0
11/06/2015 10:45	10.92	10.68	11.7	11.52	11.2	4	0
11/06/2015 10:50	10.32	10.77	11.64	12.01	11.19	4	0
11/06/2015 10:55	8.81	9.25	9.99	10.55	9.65	4	0
11/06/2015 11:00	10.23	10.68	11.54	11.51	10.99	4	0
11/06/2015 11:05	10.3	10.77	11.62	12.06	11.19	4	0
11/06/2015 11:10	10.82	10.88	12.01	12.13	11.46	4	0
11/06/2015 11:15	10.07	10.18	11.24	11.29	10.7	4	0
11/06/2015 11:20	10.51	10.82	12.02	11.88	11.31	4	0
11/06/2015 11:25	10.52	10.99	11.86	12.57	11.48	4	0
11/06/2015 11:30	10.64	11.04	11.99	12.31	11.49	4	0
11/06/2015 11:35	11.32	11.19	12.26	12.05	11.7	4	0
11/06/2015 11:40	12.28	11.84	12.97	12.75	12.46	4	0
11/06/2015 11:45	11.05	11.01	12.07	11.87	11.5	4	0
11/06/2015 11:50	10.83	11.12	12.18	12.23	11.59	4	0
11/06/2015 11:55	11.95	11.68	12.99	12.82	12.36	4	0
11/06/2015 12:00	11.01	10.56	11.57	11.38	11.13	4	0
11/06/2015 12:05	11.23	11.47	12.57	12.36	11.91	4	0
11/06/2015 12:10	10.91	10.38	11.37	11.19	10.96	4	0
11/06/2015 12:15	10.56	10.31	11.3	11.12	10.82	4	0
11/06/2015 12:20	11.33	11.79	12.75	12.91	12.19	4	0
11/06/2015 12:25	11.05	11.39	12.43	12.28	11.79	4	0
11/06/2015 12:30	10.67	10.72	11.75	11.56	11.18	4	0
11/06/2015 12:35	11.41	10.81	11.85	11.65	11.43	4	0
11/06/2015 12:40	10.28	10.51	11.6	11.69	11.02	4	0
11/06/2015 12:45	10.67	10.45	11.45	11.27	10.96	4	0
11/06/2015 12:50	10.54	10.18	11.15	10.98	10.71	4	0
11/06/2015 12:55	10.6	10.63	11.65	11.46	11.09	4	0
11/06/2015 13:00	10.6	10.74	11.76	11.57	11.17	4	0
11/06/2015 13:05	10.99	11.16	12.23	12.03	11.6	4	0
11/06/2015 13:10	10.25	10.72	11.57	12.18	11.18	4	0
11/06/2015 13:15	10.11	10.45	11.74	11.8	11.02	4	0
11/06/2015 13:20	11.85	11.17	12.24	12.23	11.87	4	0
11/06/2015 13:25	11.11	11.31	12.57	12.42	11.85	4	0
11/06/2015 13:30	10.98	11.22	12.29	12.4	11.72	4	0
11/06/2015 13:35	11.36	11.16	12.4	12.25	11.79	4	0
11/06/2015 13:40	12.11	12.23	13.6	13.42	12.84	4	0
11/06/2015 13:45	11.5	11.55	12.84	12.68	12.15	4	0
11/06/2015 13:50	11.31	11.61	12.91	12.75	12.15	4	0
11/06/2015 13:55	12.17	11.44	12.53	12.37	12.13	4	0
11/06/2015 14:00	12.34	11.58	12.69	12.47	12.27	4	0
11/06/2015 14:05	11	11.3	12.56	12.41	11.82	4	0
11/06/2015 14:10	12.74	12.16	13.52	13.34	12.94	4	0
11/06/2015 14:15	12.95	12.61	14.02	13.83	13.35	4	0
11/06/2015 14:20	13.59	12.8	14.23	14.04	13.67	4	0
11/06/2015 14:25	12.41	11.64	12.77	12.61	12.36	4	0
11/06/2015 14:30	12.24	12.5	13.9	13.71	13.09	4	0
11/06/2015 14:35	12.27	12.48	13.88	13.69	13.08	4	0
11/06/2015 14:40	12.22	12.53	13.93	13.74	13.11	4	0
11/06/2015 14:45	13.22	13.27	14.77	14.56	13.95	4	0
11/06/2015 14:50	12.78	12.14	13.5	13.32	12.93	4	0
11/06/2015 14:55	12.2	11.53	12.82	12.66	12.3	4	0
11/06/2015 15:00	11.36	11.07	12.3	12.16	11.72	4	0
11/06/2015 15:05	12.05	12.27	13.65	13.47	12.86	4	0
11/06/2015 15:10	10.44	10.74	11.94	11.8	11.23	4	0
11/06/2015 15:15	10.38	9.94	10.89	10.72	10.48	4	0
11/06/2015 15:20	12.05	11.33	12.42	12.21	12	4	0
11/06/2015 15:25	11.6	10.96	12.01	11.81	11.59	4	0
11/06/2015 15:30	11.86	11.18	12.39	12.24	11.92	4	0
11/06/2015 15:35	11.88	11.19	12.4	12.25	11.93	4	0
11/06/2015 15:40	12.89	13.2	14.68	14.48	13.81	4	0
11/06/2015 15:45	12.16	11.81	13.12	12.96	12.51	4	0
11/06/2015 15:50	12.69	12.2	13.57	13.39	12.96	4	0
11/06/2015 15:55	11.76	12.06	13.41	13.24	12.62	4	0
11/06/2015 16:00	11.76	11.36	12.63	12.48	12.06	4	0
11/06/2015 16:05	13.13	12.24	13.6	13.42	13.09	4	0
11/06/2015 16:10	13.03	12.16	13.32	13.09	12.9	4	0
11/06/2015 16:15	12.74	12.11	13.47	13.29	12.9	4	0
11/06/2015 16:20	12	12.25	13.62	13.44	12.83	4	0
11/06/2015 16:25	12.36	11.88	13.21	13.04	12.62	4	0
11/06/2015 16:30	12	11.3	12.46	12.31	12.02	4	0
11/06/2015 16:35	13.87	14.18	15.78	15.54	14.84	4	0
11/06/2015 16:40	14.11	14.42	16.04	15.8	15.09	4	0
11/06/2015 16:45	13.34	13.5	15.02	14.8	14.16	4	0
11/06/2015 16:50	13.44	13.4	14.9	14.69	14.11	4	0
11/06/2015 16:55	19.24	17.34	18.99	18.62	18.55	4	0
11/06/2015 17:00	15.09	14.01	15.59	15.36	15.01	4	0
11/06/2015 17:05	15.02	15.32	17.05	16.79	16.04	4	0
11/06/2015 17:10	20.07	20.38	22.71	22.3	21.37	4	0
11/06/2015 17:15	17.07	16.66	18.54	18.24	17.63	4	0
11/06/2015 17:20	21.43	20.76	23.13	22.7	22	4	0
11/06/2015 17:25	14.02	14.2	15.8	15.56	14.9	4	0
11/06/2015 17:30	19.41	18.5	21.07	21.57	20.14	4	0
11/06/2015 17:35	15.46	16.03	17.68	18.36	16.88	4	0
11/06/2015 17:40	20.28	19.98	22.26	21.86	21.1	4	0
11/06/2015 17:45	21.59	19.31	21.4	22.27	21.14	4	0
11/06/2015 17:50	14.02	14.32	15.94	15.7	14.99	4	0
11/06/2015 17:55	16.13	16.44	18.3	18	17.22	4	0
11/06/2015 18:00	24.46	21.7	23.77	23.27	23.3	4	0
11/06/2015 18:05	15.99	16.3	18.15	17.85	17.07	4	0
11/06/2015 18:10	16.2	15.89	17.68	17.4	16.79	4	0
11/06/2015 18:15	18.08	18.32	20.06	20.12	19.14	4	0
11/06/2015 18:20	11.92	12.23	13.6	13.42	12.79	4	0
11/06/2015 18:25	11.36	11.66	12.96	12.8	12.2	4	0
11/06/2015 18:30	10.35	10.48	11.64	11.51	11	4	0
11/06/2015 18:35	10.14	10.44	11.6	11.48	10.92	4	0
11/06/2015 18:40	11.53	10.92	12.14	12	11.65	4	0
11/06/2015 18:45	10.21	10.13	11.25	11.14	10.68	4	0
11/06/2015 18:50	11.18	11.49	12.77	12.61	12.01	4	0
11/06/2015 18:55	10.41	9.96	10.92	10.75	10.51	4	0
11/06/2015 19:00	10.69	10.2	11.18	11	10.77	4	0
11/06/2015 19:05	11.55	11.13	12.36	12.22	11.81	4	0
11/06/2015 19:10	10.57	10.2	11.33	11.21	10.83	4	0
11/06/2015 19:15	9.49	9.79	10.87	10.77	10.23	4	0
11/06/2015 19:20	10.6	10.13	11.1	10.93	10.69	4	0
11/06/2015 19:25	9.94	9.71	10.78	10.68	10.28	4	0
11/06/2015 19:30	11.09	10.53	11.54	11.41	11.14	4	0
11/06/2015 19:35	10.4	9.96	10.91	10.74	10.5	4	0
11/06/2015 19:40	11.8	11.13	12.19	11.99	11.78	4	0
11/06/2015 19:45	10.33	9.94	11.04	10.93	10.56	4	0
11/06/2015 19:50	9.35	9.53	10.59	10.48	9.99	4	0
11/06/2015 19:55	10.05	9.87	10.96	10.85	10.43	4	0
11/06/2015 20:00	10.13	9.73	10.66	10.5	10.25	4	0
11/06/2015 20:05	9.6	9.32	10.35	10.26	9.88	4	0
11/06/2015 20:10	8.85	8.67	9.5	9.37	9.1	4	0
11/06/2015 20:15	9.15	8.91	9.77	9.63	9.36	4	0
11/06/2015 20:20	8.73	8.56	9.38	9.26	8.98	4	0
11/06/2015 20:25	7.71	8.05	8.95	9.18	8.47	4	0
11/06/2015 20:30	7.38	7.6	8.33	8.23	7.88	4	0
11/06/2015 20:35	8.73	9.03	9.98	9.83	9.39	4	0
11/06/2015 20:40	7.55	7.67	8.5	8.4	8.03	4	0
11/06/2015 20:45	8.26	8.56	9.5	9.43	8.94	4	0
11/06/2015 20:50	8.55	8.41	9.22	9.1	8.82	4	0
11/06/2015 20:55	8.29	8.19	8.98	8.86	8.58	4	0
11/06/2015 21:00	8.05	8.16	9.07	9.2	8.62	4	0
11/06/2015 21:05	7.9	8.2	9.1	9.03	8.56	4	0
11/06/2015 21:10	7.31	7.61	8.43	8.39	7.93	4	0
11/06/2015 21:15	7.56	7.84	8.65	8.69	8.18	4	0
11/06/2015 21:20	7.8	8.11	8.99	8.93	8.46	4	0
11/06/2015 21:25	6.24	6.63	7.19	7.48	6.89	4	0
11/06/2015 21:30	7.43	7.73	8.57	8.52	8.06	4	0
11/06/2015 21:35	7.45	7.75	8.59	8.54	8.08	4	0
11/06/2015 21:40	7.06	7.36	8.16	8.12	7.68	4	0
11/06/2015 21:45	7.61	7.85	8.61	8.5	8.14	4	0
11/06/2015 21:50	6.77	7.08	7.84	7.81	7.38	4	0
11/06/2015 21:55	7.18	7.34	8.05	7.96	7.63	4	0
11/06/2015 22:00	6.72	6.88	7.55	7.47	7.15	4	0
11/06/2015 22:05	6.84	7.14	7.91	7.88	7.44	4	0
11/06/2015 22:10	6.32	6.71	7.27	7.6	6.98	4	0
11/06/2015 22:15	6.22	6.6	7.16	7.47	6.86	4	0
11/06/2015 22:20	6.24	6.54	7.24	7.23	6.81	4	0
11/06/2015 22:25	6.47	6.77	7.5	7.48	7.05	4	0
11/06/2015 22:30	6.19	6.49	7.19	7.15	6.76	4	0
11/06/2015 22:35	6.21	6.51	7.15	7.08	6.74	4	0
11/06/2015 22:40	5.86	6.16	6.82	6.81	6.41	4	0
11/06/2015 22:45	5.92	6.3	6.84	7.12	6.55	4	0
11/06/2015 22:50	6.1	6.4	7.08	7.07	6.66	4	0
11/06/2015 22:55	5.67	5.97	6.6	6.6	6.21	4	0
11/06/2015 23:00	5.87	6.06	6.77	6.71	6.35	4	0
11/06/2015 23:05	5.63	5.94	6.56	6.57	6.18	4	0
11/06/2015 23:10	5.79	6.09	6.74	6.74	6.34	4	0
11/06/2015 23:15	5.45	5.75	6.36	6.37	5.98	4	0
11/06/2015 23:20	5.7	6.03	6.61	6.56	6.22	4	0
11/06/2015 23:25	5.78	6.08	6.72	6.69	6.32	4	0
11/06/2015 23:30	4.45	4.75	5.24	5.28	4.93	4	0
11/06/2015 23:35	5.26	5.63	6.12	6.34	5.84	4	0
11/06/2015 23:40	4.98	5.28	5.84	5.86	5.49	4	0
11/06/2015 23:45	4.74	5.04	5.56	5.59	5.23	4	0
11/06/2015 23:50	5.27	5.45	6.13	6.06	5.73	4	0
11/06/2015 23:55	3.99	4.29	4.73	4.78	4.44	4	0
11/07/2015 00:00	4.52	4.83	5.33	5.36	5.01	4	0
11/07/2015 00:05	4.51	5.02	5.53	5.5	5.14	4	0
11/07/2015 00:10	3.81	4.45	4.89	4.87	4.5	4	0
11/07/2015 00:15	4.57	5.08	5.58	5.55	5.19	4	0
11/07/2015 00:20	4.4	4.83	5.33	5.36	4.98	4	0
11/07/2015 00:25	3.57	3.89	4.35	4.32	4.03	4	0
11/07/2015 00:30	4.37	4.68	5.16	5.2	4.85	4	0
11/07/2015 00:35	4.2	4.5	4.96	5.01	4.67	4	0
11/07/2015 00:40	4.24	4.54	5.01	5.05	4.71	4	0
11/07/2015 00:45	3.8	4.15	4.57	4.62	4.28	4	0
11/07/2015 00:50	3.45	3.78	4.14	4.2	3.89	4	0
11/07/2015 00:55	3.93	4.55	4.99	4.98	4.61	4	0
11/07/2015 01:00	3.59	4.2	4.58	4.67	4.26	4	0
11/07/2015 01:05	3.76	4.33	4.75	4.82	4.42	4	0
11/07/2015 01:10	3.65	4.07	4.45	4.53	4.17	4	0
11/07/2015 01:15	3.47	3.96	4.36	4.42	4.05	4	0
11/07/2015 01:20	3.38	3.68	4.05	4.12	3.81	4	0
11/07/2015 01:25	3.9	4.43	4.87	4.86	4.51	4	0
11/07/2015 01:30	3.83	4.22	4.6	4.66	4.33	4	0
11/07/2015 01:35	3.4	3.88	4.27	4.33	3.97	4	0
11/07/2015 01:40	3.59	3.82	4.27	4.09	3.94	4	0
11/07/2015 01:45	3.48	3.84	4.21	4.22	3.94	4	0
11/07/2015 01:50	3.13	3.47	3.8	3.83	3.56	4	0
11/07/2015 01:55	3.35	3.68	4.11	3.92	3.77	4	0
11/07/2015 02:00	3.23	3.81	4.18	4.24	3.87	4	0
11/07/2015 02:05	3.19	3.76	4.12	4.17	3.81	4	0
11/07/2015 02:10	3.53	4.09	4.49	4.55	4.16	4	0
11/07/2015 02:15	2.94	3.73	4.09	4.1	3.71	4	0
11/07/2015 02:20	3.37	4.08	4.48	4.48	4.1	4	0
11/07/2015 02:25	2.81	3.13	3.44	3.44	3.21	4	0
11/07/2015 02:30	2.89	3.51	3.85	3.92	3.54	4	0
11/07/2015 02:35	3.27	3.91	4.28	4.35	3.95	4	0
11/07/2015 02:40	3.35	3.77	4.13	4.05	3.83	4	0
11/07/2015 02:45	3.28	3.85	4.23	4.29	3.91	4	0
11/07/2015 02:50	2.91	3.23	3.55	3.56	3.31	4	0
11/07/2015 02:55	2.9	3.6	3.95	4.01	3.62	4	0
11/07/2015 03:00	3.11	3.41	3.74	3.65	3.48	4	0
11/07/2015 03:05	3.14	3.47	3.8	3.83	3.56	4	0
11/07/2015 03:10	2.97	3.28	3.59	3.67	3.38	4	0
11/07/2015 03:15	3.23	3.71	4.08	4.15	3.79	4	0
11/07/2015 03:20	2.82	3.58	3.93	3.99	3.58	4	0
11/07/2015 03:25	3.37	3.88	4.24	4.3	3.95	4	0
11/07/2015 03:30	3.2	3.76	4.12	4.18	3.81	4	0
11/07/2015 03:35	2.87	3.19	3.5	3.51	3.27	4	0
11/07/2015 03:40	2.96	3.28	3.6	3.61	3.36	4	0
11/07/2015 03:45	2.96	3.44	3.77	3.69	3.47	4	0
11/07/2015 03:50	3.18	3.57	3.79	3.78	3.58	4	0
11/07/2015 03:55	2.8	3.16	3.52	3.43	3.23	4	0
11/07/2015 04:00	2.85	3.1	3.45	3.23	3.16	4	0
11/07/2015 04:05	2.98	3.45	3.72	3.7	3.46	4	0
11/07/2015 04:10	3.1	3.69	4.05	4.11	3.74	4	0
11/07/2015 04:15	3.13	3.5	3.83	3.89	3.59	4	0
11/07/2015 04:20	3.03	3.59	3.94	3.99	3.64	4	0
11/07/2015 04:25	3.11	3.43	3.77	3.79	3.52	4	0
11/07/2015 04:30	3.26	3.65	3.91	3.97	3.69	4	0
11/07/2015 04:35	3.42	3.81	4.06	4.04	3.83	4	0
11/07/2015 04:40	3.22	3.55	3.9	3.94	3.66	4	0
11/07/2015 04:45	4.09	4.48	4.82	4.78	4.54	4	0
11/07/2015 04:50	3.21	3.54	3.88	3.91	3.64	4	0
11/07/2015 04:55	3.67	3.93	4.4	4.22	4.05	4	0
11/07/2015 05:00	3.51	4.02	4.41	4.47	4.1	4	0
11/07/2015 05:05	3.58	3.97	4.25	4.22	4	4	0
11/07/2015 05:10	3.89	4.42	4.76	4.72	4.45	4	0
11/07/2015 05:15	3.87	4.21	4.6	4.69	4.34	4	0
11/07/2015 05:20	4.22	4.67	5.09	5.23	4.8	4	0
11/07/2015 05:25	3.83	4.17	4.55	4.64	4.3	4	0
11/07/2015 05:30	4.78	5.16	5.67	5.78	5.35	4	0
11/07/2015 05:35	4.63	5.02	5.43	5.38	5.11	4	0
11/07/2015 05:40	4.63	5.02	5.43	5.38	5.11	4	0
11/07/2015 05:45	4.84	5.2	5.66	5.84	5.39	4	0
11/07/2015 05:50	4.4	4.75	5.18	5.32	4.91	4	0
11/07/2015 05:55	5.15	5.57	6.06	6.06	5.71	4	0
11/07/2015 06:00	4.4	4.9	5.34	5.46	5.03	4	0
11/07/2015 06:05	4.73	5.09	5.54	5.72	5.27	4	0
11/07/2015 06:10	5	5.37	5.83	6.03	5.56	4	0
11/07/2015 06:15	5.39	5.77	6.26	6.5	5.98	4	0
11/07/2015 06:20	5.3	5.67	6.16	6.39	5.88	4	0
11/07/2015 06:25	6	6.38	6.92	7.21	6.63	4	0
11/07/2015 06:30	4.86	5.22	5.68	5.87	5.41	4	0
11/07/2015 06:35	6.27	6.66	7.22	7.48	6.91	4	0
11/07/2015 06:40	6.03	6.42	6.96	7.26	6.67	4	0
11/07/2015 06:45	5.67	6.05	6.57	6.83	6.28	4	0
11/07/2015 06:50	6.13	6.52	7.07	7.37	6.77	4	0
11/07/2015 06:55	6.63	6.94	7.68	7.66	7.23	4	0
11/07/2015 07:00	6.37	6.52	7.34	7.34	6.89	4	0
11/07/2015 07:05	6.6	6.9	7.64	7.62	7.19	4	0
11/07/2015 07:10	7.13	7.44	8.21	8.3	7.77	4	0
11/07/2015 07:15	7.67	7.99	8.75	8.8	8.3	4	0
11/07/2015 07:20	7.48	7.56	8.29	8.19	7.88	4	0
11/07/2015 07:25	6.71	7.11	7.7	8.06	7.4	4	0
11/07/2015 07:30	7.34	7.75	8.39	8.8	8.07	4	0
11/07/2015 07:35	8.16	8.5	9.28	9.23	8.79	4	0
11/07/2015 07:40	7.45	7.86	8.51	8.94	8.19	4	0
11/07/2015 07:45	7.44	7.85	8.49	8.92	8.17	4	0
11/07/2015 07:50	7.29	7.59	8.42	8.37	7.92	4	0
11/07/2015 07:55	6.97	7.36	8.09	8.34	7.69	4	0
11/07/2015 08:00	6.58	6.98	7.56	7.9	7.25	4	0
11/07/2015 08:05	7.9	8.32	9	9	8.55	4	0
11/07/2015 08:10	6.55	6.94	7.52	7.86	7.22	4	0
11/07/2015 08:15	8.29	8.72	9.43	9.93	9.09	4	0
11/07/2015 08:20	7.61	8.03	8.68	9.13	8.36	4	0
11/07/2015 08:25	7.05	7.46	8.07	8.46	7.76	4	0
11/07/2015 08:30	8.28	8.71	9.41	9.92	9.08	4	0
11/07/2015 08:35	8.57	9.01	9.73	9.95	9.32	4	0
11/07/2015 08:40	8.32	8.75	9.46	9.97	9.12	4	0
11/07/2015 08:45	8.93	9.37	10.12	10.68	9.77	4	0
11/07/2015 08:50	8.14	8.56	9.26	9.75	8.93	4	0
11/07/2015 08:55	7.61	7.98	8.69	9.07	8.34	4	0
11/07/2015 09:00	8.83	9.27	10.01	10.28	9.6	4	0
11/07/2015 09:05	8.39	8.82	9.54	10.05	9.2	4	0
11/07/2015 09:10	7.67	8.08	8.75	9.19	8.42	4	0
11/07/2015 09:15	8.54	8.97	9.7	10.23	9.36	4	0
11/07/2015 09:20	8.65	9.09	9.82	10.31	9.47	4	0
11/07/2015 09:25	9.56	10.02	10.81	11.27	10.42	4	0
11/07/2015 09:30	9.47	9.92	10.72	11.15	10.32	4	0
11/07/2015 09:35	9.51	9.96	10.75	11.37	10.4	4	0
11/07/2015 09:40	9.16	9.6	10.37	10.96	10.02	4	0
11/07/2015 09:45	9.08	9.52	10.29	10.87	9.94	4	0
11/07/2015 09:50	9.4	9.45	10.36	10.21	9.85	4	0
11/07/2015 09:55	9.27	9.13	10	9.86	9.56	4	0
11/07/2015 10:00	8.58	9.02	9.74	10.28	9.4	4	0
11/07/2015 10:05	8.7	9.14	9.87	10.42	9.53	4	0
11/07/2015 10:10	9.36	9.66	10.73	10.63	10.09	4	0
11/07/2015 10:15	9.59	9.7	10.63	10.47	10.1	4	0
11/07/2015 10:20	9.14	9.58	10.35	10.48	9.89	4	0
11/07/2015 10:25	9.07	9.52	10.28	10.86	9.93	4	0
11/07/2015 10:30	9.32	9.76	10.55	10.74	10.09	4	0
11/07/2015 10:35	9.77	9.5	10.41	10.26	9.98	4	0
11/07/2015 10:40	9.37	9.82	10.6	10.72	10.13	4	0
11/07/2015 10:45	9.92	10.37	11.2	11.76	10.81	4	0
11/07/2015 10:50	9.99	10.15	11.13	10.95	10.55	4	0
11/07/2015 10:55	9.16	9.6	10.37	10.63	9.94	4	0
11/07/2015 11:00	9.86	9.86	10.8	10.64	10.29	4	0
11/07/2015 11:05	10.36	10.17	11.14	10.97	10.66	4	0
11/07/2015 11:10	9.98	9.65	10.57	10.41	10.16	4	0
11/07/2015 11:15	10.41	10.23	11.21	11.04	10.72	4	0
11/07/2015 11:20	10.1	10.57	11.4	12.08	11.04	4	0
11/07/2015 11:25	9.45	9.9	10.69	10.82	10.22	4	0
11/07/2015 11:30	8.96	9.26	10.28	10.19	9.67	4	0
11/07/2015 11:35	8.92	8.72	9.56	9.43	9.16	4	0
11/07/2015 11:40	9.98	10.28	11.39	11.21	10.71	4	0
11/07/2015 11:45	8.97	9.28	10.3	10.2	9.69	4	0
11/07/2015 11:50	9.6	9.54	10.45	10.3	9.97	4	0
11/07/2015 11:55	10.45	10.75	11.89	11.78	11.22	4	0
11/07/2015 12:00	8.55	8.98	9.7	10.23	9.37	4	0
11/07/2015 12:05	9.88	10.34	11.16	11.81	10.8	4	0
11/07/2015 12:10	9.86	10.32	11.14	11.61	10.73	4	0
11/07/2015 12:15	9.71	9.84	10.86	10.97	10.35	4	0
11/07/2015 12:20	9.21	9.66	10.43	11.02	10.08	4	0
11/07/2015 12:25	10.47	10.94	11.8	12.12	11.33	4	0
11/07/2015 12:30	10.39	10.78	11.72	11.62	11.13	4	0
11/07/2015 12:35	9.42	9.72	10.8	10.69	10.16	4	0
11/07/2015 12:40	9.84	10.3	11.12	11.77	10.76	4	0
11/07/2015 12:45	9.43	9.88	10.83	11.13	10.32	4	0
11/07/2015 12:50	9.23	9.48	10.45	10.54	9.93	4	0
11/07/2015 12:55	9.31	9.57	10.54	10.67	10.02	4	0
11/07/2015 13:00	9.97	10.08	11.13	11.24	10.6	4	0
11/07/2015 13:05	8.76	9.06	10.06	9.97	9.46	4	0
11/07/2015 13:10	9.96	10.07	11.12	11.23	10.6	4	0
11/07/2015 13:15	8.94	9.25	10.27	10.17	9.66	4	0
11/07/2015 13:20	10.85	11.16	12.25	12.25	11.63	4	0
11/07/2015 13:25	9.56	9.86	10.95	10.84	10.3	4	0
11/07/2015 13:30	9.9	10.21	11.33	11.16	10.65	4	0
11/07/2015 13:35	10.49	10.82	11.9	11.77	11.24	4	0
11/07/2015 13:40	9.91	9.76	10.84	10.74	10.31	4	0
11/07/2015 13:45	10.41	10.64	11.9	11.77	11.18	4	0
11/07/2015 13:50	10.66	10.41	11.57	11.44	11.02	4	0
11/07/2015 13:55	10.37	10.68	11.86	11.73	11.16	4	0
11/07/2015 14:00	11.56	10.93	11.97	11.78	11.56	4	0
11/07/2015 14:05	11.25	11.55	12.84	12.68	12.08	4	0
11/07/2015 14:10	11.59	11.93	13.45	13.36	12.58	4	0
11/07/2015 14:15	14.63	13.5	14.78	14.52	14.36	4	0
11/07/2015 14:20	13.66	12.72	14.14	13.95	13.62	4	0
11/07/2015 14:25	10.96	10.54	11.55	11.42	11.12	4	0
11/07/2015 14:30	11.41	11.34	12.6	12.45	11.95	4	0
11/07/2015 14:35	11.49	11.1	12.33	12.19	11.78	4	0
11/07/2015 14:40	11.19	10.75	11.95	11.81	11.42	4	0
11/07/2015 14:45	11.8	11.12	12.31	12.17	11.85	4	0
11/07/2015 14:50	11.13	10.7	11.89	11.76	11.37	4	0
11/07/2015 14:55	12.38	11.62	12.73	12.55	12.32	4	0
11/07/2015 15:00	11.52	10.9	11.99	11.85	11.57	4	0
11/07/2015 15:05	11.26	10.83	12.03	11.89	11.5	4	0
11/07/2015 15:10	11.43	11.68	12.84	12.68	12.15	4	0
11/07/2015 15:15	11.44	10.83	11.87	11.67	11.45	4	0
11/07/2015 15:20	11.64	11.68	12.98	12.82	12.28	4	0
11/07/2015 15:25	12.44	12.15	13.51	13.34	12.86	4	0
11/07/2015 15:30	12.66	11.85	12.98	12.76	12.56	4	0
11/07/2015 15:35	11.8	11.12	12.19	11.99	11.77	4	0
11/07/2015 15:40	12.23	11.59	12.88	12.72	12.35	4	0
11/07/2015 15:45	13.13	12.39	13.78	13.59	13.22	4	0
11/07/2015 15:50	12.16	12.03	13.38	13.2	12.69	4	0
11/07/2015 15:55	11.91	11.88	13.21	13.04	12.51	4	0
11/07/2015 16:00	12.91	13.06	14.31	14.49	13.69	4	0
11/07/2015 16:05	12.39	12.66	14.3	14.33	13.42	4	0
11/07/2015 16:10	13.19	12.28	13.46	13.23	13.04	4	0
11/07/2015 16:15	12.3	11.54	12.65	12.43	12.23	4	0
11/07/2015 16:20	11.68	11.9	13.23	13.06	12.47	4	0
11/07/2015 16:25	11.86	12.17	13.53	13.35	12.73	4	0
11/07/2015 16:30	11.8	12.1	13.46	13.28	12.66	4	0
11/07/2015 16:35	12.3	11.55	12.84	12.68	12.34	4	0
11/07/2015 16:40	12.07	11.36	12.44	12.24	12.03	4	0
11/07/2015 16:45	12.1	12.27	13.64	13.46	12.87	4	0
11/07/2015 16:50	13.3	12.93	14.39	14.19	13.7	4	0
11/07/2015 16:55	11.34	11.49	12.77	12.62	12.05	4	0
11/07/2015 17:00	13.53	12.7	14.12	13.93	13.57	4	0
11/07/2015 17:05	15.83	14.83	16.5	16.25	15.85	4	0
11/07/2015 17:10	14.55	14.8	16.21	16.28	15.46	4	0
11/07/2015 17:15	14.12	13.31	14.62	14.42	14.12	4	0
11/07/2015 17:20	11.65	12.07	13.09	13	12.45	4	0
11/07/2015 17:25	11.43	11.81	12.85	12.95	12.26	4	0
11/07/2015 17:30	11.66	11.25	12.33	12.29	11.88	4	0
11/07/2015 17:35	11.04	11.08	12.23	12.35	11.68	4	0
11/07/2015 17:40	11.27	11.36	12.45	12.24	11.83	4	0
11/07/2015 17:45	10.92	11.23	12.48	12.27	11.72	4	0
11/07/2015 17:50	10.67	11.15	12.03	12.67	11.63	4	0
11/07/2015 17:55	11.33	11.35	12.54	12.66	11.97	4	0
11/07/2015 18:00	11.89	12.15	13.26	13.46	12.69	4	0
11/07/2015 18:05	11.64	12.13	13.08	13.89	12.68	4	0
11/07/2015 18:10	11.74	11.83	12.96	13.55	12.52	4	0
11/07/2015 18:15	10.78	10.84	11.97	12.08	11.42	4	0
11/07/2015 18:20	11.78	12.27	13.23	14.06	12.83	4	0
11/07/2015 18:25	12.1	12.36	13.33	14.17	12.99	4	0
11/07/2015 18:30	11.33	11.35	12.53	12.79	12	4	0
11/07/2015 18:35	9.37	9.52	10.51	10.61	10	4	0
11/07/2015 18:40	10.71	10.78	11.9	12.01	11.35	4	0
11/07/2015 18:45	8.7	9.03	9.82	10.29	9.46	4	0
11/07/2015 18:50	10.6	10.67	11.78	11.9	11.24	4	0
11/07/2015 18:55	10.33	10.52	11.5	12.02	11.09	4	0
11/07/2015 19:00	10.74	11.21	12.09	12.83	11.72	4	0
11/07/2015 19:05	10.04	10.15	11.21	11.31	10.68	4	0
11/07/2015 19:10	10.01	10.12	11.17	11.28	10.64	4	0
11/07/2015 19:15	9.36	9.52	10.5	10.87	10.06	4	0
11/07/2015 19:20	9	9.38	10.39	10.25	9.76	4	0
11/07/2015 19:25	9.12	9.57	10.33	10.91	9.98	4	0
11/07/2015 19:30	8.48	8.64	9.47	9.34	8.98	4	0
11/07/2015 19:35	8.87	9.24	10.06	10.31	9.62	4	0
11/07/2015 19:40	8.49	8.79	9.76	9.68	9.18	4	0
11/07/2015 19:45	8.53	8.4	9.2	9.08	8.8	4	0
11/07/2015 19:50	8.27	8.58	9.4	9.27	8.88	4	0
11/07/2015 19:55	7.7	8	8.88	8.82	8.35	4	0
11/07/2015 20:00	6.76	7.06	7.82	7.73	7.34	4	0
11/07/2015 20:05	8.31	8.74	9.44	9.95	9.11	4	0
11/07/2015 20:10	7.36	7.66	8.5	8.45	7.99	4	0
11/07/2015 20:15	6.94	7.24	8.02	7.99	7.55	4	0
11/07/2015 20:20	7.11	7.29	7.99	7.9	7.57	4	0
11/07/2015 20:25	7.5	7.81	8.66	8.6	8.14	4	0
11/07/2015 20:30	7.64	7.94	8.81	8.75	8.28	4	0
11/07/2015 20:35	7.18	7.49	8.3	8.26	7.81	4	0
11/07/2015 20:40	7.26	7.67	8.3	8.71	7.99	4	0
11/07/2015 20:45	7.44	7.86	8.5	8.93	8.18	4	0
11/07/2015 20:50	7.52	7.89	8.58	8.54	8.13	4	0
11/07/2015 20:55	6.54	6.85	7.58	7.56	7.13	4	0
11/07/2015 21:00	6.75	7.06	7.82	7.79	7.36	4	0
11/07/2015 21:05	7.46	7.77	8.61	8.56	8.1	4	0
11/07/2015 21:10	7.3	7.64	8.35	8.42	7.93	4	0
11/07/2015 21:15	7.38	7.67	8.46	8.55	8.01	4	0
11/07/2015 21:20	6.62	7.01	7.6	7.95	7.29	4	0
11/07/2015 21:25	7.26	7.57	8.39	8.34	7.89	4	0
11/07/2015 21:30	6.89	7.22	7.96	8.04	7.53	4	0
11/07/2015 21:35	6.62	7.01	7.6	7.95	7.29	4	0
11/07/2015 21:40	6.68	6.98	7.74	7.71	7.28	4	0
11/07/2015 21:45	7.26	7.56	8.38	8.34	7.88	4	0
11/07/2015 21:50	6.65	6.9	7.57	7.49	7.15	4	0
11/07/2015 21:55	6.84	7.14	7.91	7.88	7.44	4	0
11/07/2015 22:00	6.97	7.38	7.99	8.37	7.68	4	0
11/07/2015 22:05	6.86	7.17	7.94	7.91	7.47	4	0
11/07/2015 22:10	6.54	6.84	7.58	7.55	7.13	4	0
11/07/2015 22:15	6.41	6.72	7.44	7.42	7	4	0
11/07/2015 22:20	6.57	6.87	7.61	7.59	7.16	4	0
11/07/2015 22:25	6.84	7.15	7.92	7.89	7.45	4	0
11/07/2015 22:30	7.37	7.72	8.42	8.4	7.98	4	0
11/07/2015 22:35	6.79	7.19	7.79	7.89	7.42	4	0
11/07/2015 22:40	6.14	6.45	7.13	7.12	6.71	4	0
11/07/2015 22:45	6.88	7.28	7.89	7.93	7.5	4	0
11/07/2015 22:50	6.34	6.64	7.31	7.34	6.91	4	0
11/07/2015 22:55	6.59	6.89	7.64	7.61	7.18	4	0
11/07/2015 23:00	6.24	6.55	7.25	7.23	6.82	4	0
11/07/2015 23:05	6.29	6.6	7.3	7.29	6.87	4	0
11/07/2015 23:10	5.61	5.91	6.53	6.54	6.15	4	0
11/07/2015 23:15	6.35	6.57	7.21	7.13	6.81	4	0
11/07/2015 23:20	5.73	6.03	6.67	6.63	6.27	4	0
11/07/2015 23:25	5.71	6.02	6.66	6.66	6.26	4	0
11/07/2015 23:30	5.07	5.37	5.93	5.95	5.58	4	0
11/07/2015 23:35	5.45	5.75	6.36	6.37	5.98	4	0
11/07/2015 23:40	5.74	6.07	6.65	6.59	6.26	4	0
11/07/2015 23:45	5.59	5.89	6.52	6.52	6.13	4	0
11/07/2015 23:50	5.39	5.7	6.3	6.31	5.92	4	0
11/07/2015 23:55	5.14	5.44	6.01	6.03	5.65	4	0
11/08/2015 00:00	4.74	5.04	5.57	5.6	5.24	4	0
11/08/2015 00:05	4.79	5.09	5.62	5.65	5.29	4	0
11/08/2015 00:10	4.98	5.43	5.96	5.92	5.58	4	0
11/08/2015 00:15	4.96	5.26	5.81	5.83	5.47	4	0
11/08/2015 00:20	4.63	4.94	5.45	5.48	5.12	4	0
11/08/2015 00:25	4.76	5.06	5.58	5.61	5.25	4	0
11/08/2015 00:30	4.17	4.47	4.93	4.98	4.64	4	0
11/08/2015 00:35	4.05	4.35	4.79	4.84	4.51	4	0
11/08/2015 00:40	4.14	4.45	4.9	4.95	4.61	4	0
11/08/2015 00:45	4.5	4.85	5.28	5.43	5.02	4	0
11/08/2015 00:50	4.23	4.53	4.99	5.03	4.69	4	0
11/08/2015 00:55	3.73	4.07	4.45	4.53	4.19	4	0
11/08/2015 01:00	3.75	4.05	4.46	4.52	4.19	4	0
11/08/2015 01:05	4.14	4.58	5.14	5.01	4.72	4	0
11/08/2015 01:10	3.8	4.14	4.52	4.61	4.27	4	0
11/08/2015 01:15	3.26	3.68	4.05	4.12	3.78	4	0
11/08/2015 01:20	3.4	3.96	4.35	4.41	4.03	4	0
11/08/2015 01:25	3.23	3.56	3.9	3.94	3.66	4	0
11/08/2015 01:30	3.46	3.77	4.14	4.21	3.89	4	0
11/08/2015 01:35	3.34	3.67	4.02	4.06	3.77	4	0
11/08/2015 01:40	3.2	3.95	4.33	4.33	3.96	4	0
11/08/2015 01:45	3.12	3.43	3.76	3.84	3.54	4	0
11/08/2015 01:50	3.36	3.91	4.3	4.36	3.98	4	0
11/08/2015 01:55	3.51	3.88	4.24	4.3	3.98	4	0
11/08/2015 02:00	3.3	3.63	3.97	4.01	3.73	4	0
11/08/2015 02:05	3.43	3.94	4.33	4.39	4.02	4	0
11/08/2015 02:10	3.07	3.7	4.07	4.14	3.75	4	0
11/08/2015 02:15	3.45	4.07	4.46	4.53	4.13	4	0
11/08/2015 02:20	3.26	3.8	4.05	4.02	3.78	4	0
11/08/2015 02:25	3.7	4.21	4.63	4.69	4.31	4	0
11/08/2015 02:30	3.34	3.66	4.03	4.09	3.78	4	0
11/08/2015 02:35	3.19	3.57	3.92	3.96	3.66	4	0
11/08/2015 02:40	3.25	3.58	3.92	3.95	3.67	4	0
11/08/2015 02:45	2.82	3.36	3.68	3.76	3.41	4	0
11/08/2015 02:50	3.09	3.39	3.72	3.79	3.5	4	0
11/08/2015 02:55	2.93	3.25	3.57	3.58	3.33	4	0
11/08/2015 03:00	3.09	3.5	3.88	3.77	3.56	4	0
11/08/2015 03:05	2.55	2.87	3.16	3.13	2.93	4	0
11/08/2015 03:10	2.66	3.43	3.76	3.78	3.41	4	0
11/08/2015 03:15	2.83	3.36	3.69	3.7	3.4	4	0
11/08/2015 03:20	2.82	3.13	3.43	3.51	3.22	4	0
11/08/2015 03:25	3.18	3.5	3.83	3.89	3.6	4	0
11/08/2015 03:30	2.67	2.96	3.25	3.28	3.04	4	0
11/08/2015 03:35	2.95	3.21	3.57	3.35	3.27	4	0
11/08/2015 03:40	3.1	3.35	3.73	3.56	3.43	4	0
11/08/2015 03:45	2.93	3.4	3.63	3.62	3.4	4	0
11/08/2015 03:50	2.86	3.28	3.59	3.67	3.35	4	0
11/08/2015 03:55	3.04	3.52	3.87	3.93	3.59	4	0
11/08/2015 04:00	2.58	2.85	3.16	3.04	2.91	4	0
11/08/2015 04:05	2.83	3.44	3.77	3.83	3.47	4	0
11/08/2015 04:10	2.24	2.55	2.82	2.77	2.6	4	0
11/08/2015 04:15	2.79	3.11	3.42	3.41	3.18	4	0
11/08/2015 04:20	3.16	3.41	3.8	3.59	3.49	4	0
11/08/2015 04:25	2.84	3.09	3.44	3.21	3.14	4	0
11/08/2015 04:30	3.02	3.43	3.63	3.61	3.42	4	0
11/08/2015 04:35	2.72	3.04	3.34	3.33	3.11	4	0
11/08/2015 04:40	3.22	3.59	3.93	3.97	3.68	4	0
11/08/2015 04:45	3.23	3.53	3.87	3.94	3.64	4	0
11/08/2015 04:50	2.8	3.2	3.54	3.36	3.22	4	0
11/08/2015 04:55	2.86	3.16	3.47	3.55	3.26	4	0
11/08/2015 05:00	2.9	3.5	3.84	3.9	3.53	4	0
11/08/2015 05:05	3.26	3.55	3.97	3.77	3.64	4	0
11/08/2015 05:10	3.09	3.34	3.72	3.61	3.44	4	0
11/08/2015 05:15	3.44	3.96	4.33	4.3	4.01	4	0
11/08/2015 05:20	3.18	3.77	4.13	4.19	3.82	4	0
11/08/2015 05:25	3.04	3.37	3.7	3.71	3.46	4	0
11/08/2015 05:30	3.47	3.93	4.31	4.37	4.02	4	0
11/08/2015 05:35	3.71	4.05	4.42	4.5	4.17	4	0
11/08/2015 05:40	3.72	4.23	4.54	4.51	4.25	4	0
11/08/2015 05:45	3.86	4.2	4.58	4.68	4.33	4	0
11/08/2015 05:50	3.71	4.05	4.42	4.5	4.17	4	0
11/08/2015 05:55	4.02	4.55	4.99	5.06	4.65	4	0
11/08/2015 06:00	3.37	3.7	4.05	4.1	3.8	4	0
11/08/2015 06:05	3.26	3.65	3.88	3.86	3.66	4	0
11/08/2015 06:10	4.36	4.85	5.3	5.39	4.98	4	0
11/08/2015 06:15	4.29	4.64	5.06	5.19	4.8	4	0
11/08/2015 06:20	3.99	4.29	4.73	4.78	4.44	4	0
11/08/2015 06:25	4	4.34	4.74	4.84	4.48	4	0
11/08/2015 06:30	4.31	4.66	5.08	5.22	4.82	4	0
11/08/2015 06:35	4.52	4.87	5.31	5.46	5.04	4	0
11/08/2015 06:40	4.66	5.02	5.47	5.63	5.2	4	0
11/08/2015 06:45	5.32	5.62	6.18	6.23	5.84	4	0
11/08/2015 06:50	4.23	4.53	4.99	5.03	4.69	4	0
11/08/2015 06:55	4.76	5.11	5.57	5.74	5.29	4	0
11/08/2015 07:00	4.57	4.93	5.37	5.53	5.1	4	0
11/08/2015 07:05	4.47	4.77	5.27	5.3	4.95	4	0
11/08/2015 07:10	4.55	4.91	5.34	5.5	5.08	4	0
11/08/2015 07:15	4.84	5.2	5.66	5.84	5.39	4	0
11/08/2015 07:20	5.07	5.27	5.91	5.83	5.52	4	0
11/08/2015 07:25	5.09	5.46	5.93	6.09	5.64	4	0
11/08/2015 07:30	4.63	4.99	5.43	5.59	5.16	4	0
11/08/2015 07:35	5.27	5.64	6.13	6.35	5.85	4	0
11/08/2015 07:40	5.76	6.14	6.66	6.93	6.37	4	0
11/08/2015 07:45	5.35	5.72	6.22	6.45	5.94	4	0
11/08/2015 07:50	4.59	4.95	5.39	5.55	5.12	4	0
11/08/2015 07:55	5.69	6.07	6.58	6.85	6.3	4	0
11/08/2015 08:00	5.62	6	6.51	6.77	6.22	4	0
11/08/2015 08:05	4.99	5.36	5.83	6.03	5.55	4	0
11/08/2015 08:10	5.32	5.7	6.21	6.25	5.87	4	0
11/08/2015 08:15	6.03	6.34	7.01	7	6.6	4	0
11/08/2015 08:20	5.63	6.01	6.52	6.78	6.24	4	0
11/08/2015 08:25	5.3	5.67	6.16	6.39	5.88	4	0
11/08/2015 08:30	5.77	6.15	6.68	6.95	6.39	4	0
11/08/2015 08:35	6.08	6.47	7.01	7.31	6.72	4	0
11/08/2015 08:40	6.62	7.01	7.6	7.95	7.29	4	0
11/08/2015 08:45	5.96	6.35	6.88	7.17	6.59	4	0
11/08/2015 08:50	6.48	6.87	7.44	7.78	7.14	4	0
11/08/2015 08:55	6.31	6.7	7.26	7.58	6.96	4	0
11/08/2015 09:00	6.24	6.63	7.19	7.51	6.89	4	0
11/08/2015 09:05	6.71	7.11	7.7	8.06	7.4	4	0
11/08/2015 09:10	6.81	7.2	7.8	8.17	7.5	4	0
11/08/2015 09:15	6.7	7.1	7.69	8.05	7.38	4	0
11/08/2015 09:20	6.68	7.08	7.67	8.02	7.36	4	0
11/08/2015 09:25	7.72	8.13	8.8	9.25	8.48	4	0
11/08/2015 09:30	7.16	7.56	8.19	8.59	7.87	4	0
11/08/2015 09:35	8.14	8.56	9.26	9.75	8.93	4	0
11/08/2015 09:40	8.07	8.49	9.18	9.67	8.85	4	0
11/08/2015 09:45	8.42	8.85	9.57	10.03	9.22	4	0
11/08/2015 09:50	7.84	8.26	8.94	9.4	8.61	4	0
11/08/2015 09:55	8.28	8.71	9.41	9.92	9.08	4	0
11/08/2015 10:00	6.66	7.05	7.64	8	7.34	4	0
11/08/2015 10:05	7.3	7.71	8.34	8.75	8.02	4	0
11/08/2015 10:10	7.45	7.86	8.51	8.94	8.19	4	0
11/08/2015 10:15	7.87	8.29	8.96	9.43	8.63	4	0
11/08/2015 10:20	7.66	8.08	8.74	9.19	8.42	4	0
11/08/2015 10:25	8.44	8.87	9.59	10.09	9.25	4	0
11/08/2015 10:30	8.34	8.77	9.48	9.99	9.15	4	0
11/08/2015 10:35	8.94	9.22	10.11	9.96	9.56	4	0
11/08/2015 10:40	7.64	8.06	8.72	9.16	8.39	4	0
11/08/2015 10:45	8.24	8.67	9.37	9.88	9.04	4	0
11/08/2015 10:50	8.33	8.76	9.47	9.98	9.13	4	0
11/08/2015 10:55	7.44	7.85	8.49	8.92	8.17	4	0
11/08/2015 11:00	5.62	6.04	6.65	6.73	6.26	4	0
11/08/2015 11:05	7.82	8.24	8.91	9.37	8.58	4	0
11/08/2015 11:10	8.94	8.74	9.58	9.45	9.18	4	0
11/08/2015 11:15	8.71	9.01	10	9.91	9.41	4	0
11/08/2015 11:20	8.18	8.49	9.42	9.34	8.86	4	0
11/08/2015 11:25	9.35	9.8	10.58	10.79	10.13	4	0
11/08/2015 11:30	8.73	9.16	9.9	10.21	9.5	4	0
11/08/2015 11:35	9.13	9.22	10.11	9.96	9.61	4	0
11/08/2015 11:40	8.98	9.42	10.18	10.75	9.83	4	0
11/08/2015 11:45	8.09	8.51	9.21	9.69	8.88	4	0
11/08/2015 11:50	6.4	6.79	7.45	7.61	7.06	4	0
11/08/2015 11:55	6.88	7.21	7.94	8.03	7.51	4	0
11/08/2015 12:00	9.54	9.89	10.78	10.81	10.25	4	0
11/08/2015 12:05	9.29	9.49	10.4	10.24	9.86	4	0
11/08/2015 12:10	8.94	9.25	10.27	10.17	9.66	4	0
11/08/2015 12:15	8.8	9.24	9.98	10.53	9.64	4	0
11/08/2015 12:20	9.22	9.35	10.24	10.09	9.73	4	0
11/08/2015 12:25	8.81	9.11	10.1	9.95	9.49	4	0
11/08/2015 12:30	8.72	9.16	9.9	10.44	9.55	4	0
11/08/2015 12:35	8.03	8.46	9.14	9.63	8.82	4	0
11/08/2015 12:40	8.7	9.14	9.87	10.42	9.53	4	0
11/08/2015 12:45	8.42	8.64	9.53	9.63	9.05	4	0
11/08/2015 12:50	9.43	9.58	10.58	10.68	10.07	4	0
11/08/2015 12:55	9.07	9.37	10.4	10.31	9.79	4	0
11/08/2015 13:00	8.68	9.12	9.85	10.39	9.51	4	0
11/08/2015 13:05	9.21	9.64	10.43	10.47	9.94	4	0
11/08/2015 13:10	8.79	9.23	9.97	10.52	9.63	4	0
11/08/2015 13:15	9.5	9.79	10.73	10.57	10.15	4	0
11/08/2015 13:20	9.26	9.56	10.61	10.51	9.98	4	0
11/08/2015 13:25	8.73	9.17	9.9	10.45	9.56	4	0
11/08/2015 13:30	9.37	9.67	10.74	10.63	10.1	4	0
11/08/2015 13:35	9.51	9.4	10.31	10.15	9.84	4	0
11/08/2015 13:40	8.67	8.97	9.95	9.87	9.36	4	0
11/08/2015 13:45	9.04	9.47	10.24	10.46	9.8	4	0
11/08/2015 13:50	7.77	8.08	8.96	8.9	8.43	4	0
11/08/2015 13:55	8.81	9.12	10.12	10.03	9.52	4	0
11/08/2015 14:00	8.13	8.55	9.24	9.73	8.91	4	0
11/08/2015 14:05	8.62	8.92	9.9	9.82	9.31	4	0
11/08/2015 14:10	9.09	9.54	10.3	10.8	9.93	4	0
11/08/2015 14:15	10.09	10.39	11.54	11.42	10.86	4	0
11/08/2015 14:20	9.35	9.8	10.58	11.19	10.23	4	0
11/08/2015 14:25	9.81	9.99	11.02	10.89	10.43	4	0
11/08/2015 14:30	9.1	9.4	10.44	10.34	9.82	4	0
11/08/2015 14:35	9.28	9.59	10.65	10.54	10.02	4	0
11/08/2015 14:40	9.97	10.39	11.26	11.42	10.76	4	0
11/08/2015 14:45	9.45	9.9	10.69	11.31	10.34	4	0
11/08/2015 14:50	9.21	9.66	10.43	10.76	10.02	4	0
11/08/2015 14:55	9.33	9.64	10.56	10.4	9.98	4	0
11/08/2015 15:00	7.49	7.91	8.55	8.99	8.23	4	0
11/08/2015 15:05	9.22	9.67	10.44	10.87	10.05	4	0
11/08/2015 15:10	10.05	10.35	11.5	11.33	10.8	4	0
11/08/2015 15:15	9.96	10.27	11.41	11.25	10.72	4	0
11/08/2015 15:20	9.7	10	11.11	11.07	10.47	4	0
11/08/2015 15:25	10.02	10.05	11.02	10.85	10.49	4	0
11/08/2015 15:30	8.9	9.26	10.09	10.33	9.65	4	0
11/08/2015 15:35	9.86	9.99	11.02	10.97	10.46	4	0
11/08/2015 15:40	9.44	9.89	10.68	10.67	10.17	4	0
11/08/2015 15:45	8.84	9.28	10.03	10.58	9.68	4	0
11/08/2015 15:50	9.27	9.68	10.49	10.62	10.02	4	0
11/08/2015 15:55	9.61	10.07	10.87	11.43	10.5	4	0
11/08/2015 16:00	8.4	8.7	9.66	9.58	9.09	4	0
11/08/2015 16:05	8.92	9.36	10.11	10.67	9.77	4	0
11/08/2015 16:10	10.09	9.7	10.63	10.47	10.22	4	0
11/08/2015 16:15	9.26	9.34	10.24	10.09	9.73	4	0
11/08/2015 16:20	9.39	9.69	10.76	10.66	10.12	4	0
11/08/2015 16:25	9.34	9.78	10.57	10.91	10.15	4	0
11/08/2015 16:30	8.59	9.02	9.75	10.28	9.41	4	0
11/08/2015 16:35	9.66	10.12	10.92	11.42	10.53	4	0
11/08/2015 16:40	9.02	9.46	10.22	10.77	9.87	4	0
11/08/2015 16:45	9.54	9.99	10.78	11.41	10.43	4	0
11/08/2015 16:50	8.86	9.29	10.04	10.37	9.64	4	0
11/08/2015 16:55	10.94	11.24	12.48	12.27	11.73	4	0
11/08/2015 17:00	10.53	10.38	11.37	11.19	10.87	4	0
11/08/2015 17:05	10.45	10.76	11.84	11.65	11.17	4	0
11/08/2015 17:10	11.02	10.69	11.77	12.14	11.4	4	0
11/08/2015 17:15	10.33	10.64	11.82	11.74	11.13	4	0
11/08/2015 17:20	10.5	10.76	11.79	11.6	11.16	4	0
11/08/2015 17:25	10.89	11.11	12.17	11.97	11.53	4	0
11/08/2015 17:30	9.2	9.64	10.42	11.01	10.07	4	0
11/08/2015 17:35	9.91	10.03	11.07	11.18	10.55	4	0
11/08/2015 17:40	9.62	10	11.09	11.29	10.5	4	0
11/08/2015 17:45	12.53	12.46	13.77	13.9	13.17	4	0
11/08/2015 17:50	15.29	15.19	17.2	17.78	16.36	4	0
11/08/2015 17:55	11.37	11.38	12.87	13.19	12.2	4	0
11/08/2015 18:00	14.93	14.84	16.8	17.35	15.98	4	0
11/08/2015 18:05	19.26	19.58	21.05	22.55	20.61	4	0
11/08/2015 18:10	21.93	22.29	25.04	24.63	23.47	4	0
11/08/2015 18:15	26.41	25	27.38	26.79	26.4	4	0
11/08/2015 18:20	22.11	22.47	25.25	24.9	23.68	4	0
11/08/2015 18:25	23.34	23.61	25.99	26.05	24.75	4	0
11/08/2015 18:30	21.77	22.46	24.14	25.9	23.57	4	0
11/08/2015 18:35	18.51	19.14	20.58	21.32	19.89	4	0
11/08/2015 18:40	11.19	11.21	12.39	12.51	11.82	4	0
11/08/2015 18:45	10.58	11.05	11.93	12.65	11.55	4	0
11/08/2015 18:50	8.62	9.05	9.78	10.32	9.44	4	0
11/08/2015 18:55	7.97	8.28	9.18	9.11	8.64	4	0
11/08/2015 19:00	8.14	8.45	9.37	9.3	8.81	4	0
11/08/2015 19:05	8.2	8.53	9.32	9.39	8.86	4	0
11/08/2015 19:10	7.96	8.39	9.07	9.43	8.71	4	0
11/08/2015 19:15	8.2	8.63	9.33	9.77	8.98	4	0
11/08/2015 19:20	8.13	8.44	9.36	9.29	8.81	4	0
11/08/2015 19:25	7.42	7.72	8.56	8.51	8.06	4	0
11/08/2015 19:30	8.05	8.47	9.16	9.64	8.83	4	0
11/08/2015 19:35	9.01	9.45	10.21	10.49	9.79	4	0
11/08/2015 19:40	8.35	8.78	9.49	9.89	9.13	4	0
11/08/2015 19:45	7.96	8.38	9.06	9.45	8.71	4	0
11/08/2015 19:50	7.92	8.34	9.02	9.49	8.69	4	0
11/08/2015 19:55	7.72	8.02	8.9	8.84	8.37	4	0
11/08/2015 20:00	7.56	7.87	8.72	8.67	8.21	4	0
11/08/2015 20:05	7.55	7.96	8.62	9.05	8.3	4	0
11/08/2015 20:10	8.31	8.21	9	8.88	8.6	4	0
11/08/2015 20:15	7.25	7.55	8.37	8.33	7.88	4	0
11/08/2015 20:20	8.25	8.42	9.23	9.1	8.75	4	0
11/08/2015 20:25	7.61	8.03	8.68	8.91	8.31	4	0
11/08/2015 20:30	8.2	8.63	9.33	9.56	8.93	4	0
11/08/2015 20:35	7.72	8.02	8.9	8.84	8.37	4	0
11/08/2015 20:40	7.29	7.7	8.33	8.7	8.01	4	0
11/08/2015 20:45	8.14	8.35	9.16	9.03	8.67	4	0
11/08/2015 20:50	6.59	6.98	7.57	7.91	7.26	4	0
11/08/2015 20:55	6.68	7.08	7.67	8.02	7.36	4	0
11/08/2015 21:00	6.71	7.1	7.7	8.05	7.39	4	0
11/08/2015 21:05	5.76	6.14	6.66	6.93	6.37	4	0
11/08/2015 21:10	6.65	7.05	7.63	7.99	7.33	4	0
11/08/2015 21:15	6.84	7.15	7.92	7.89	7.45	4	0
11/08/2015 21:20	6.61	6.91	7.66	7.63	7.2	4	0
11/08/2015 21:25	6.19	6.57	7.13	7.44	6.83	4	0
11/08/2015 21:30	6.27	6.66	7.22	7.54	6.92	4	0
11/08/2015 21:35	6.12	6.5	7.05	7.36	6.76	4	0
11/08/2015 21:40	6.26	6.65	7.21	7.53	6.92	4	0
11/08/2015 21:45	6.21	6.6	7.15	7.46	6.86	4	0
11/08/2015 21:50	5.95	6.33	6.87	7.16	6.58	4	0
11/08/2015 21:55	6.19	6.58	7.14	7.45	6.84	4	0
11/08/2015 22:00	6.45	6.84	7.41	7.63	7.08	4	0
11/08/2015 22:05	5.6	5.9	6.53	6.53	6.14	4	0
11/08/2015 22:10	6.22	6.37	7.18	7.16	6.73	4	0
11/08/2015 22:15	5.83	6.21	6.74	7.02	6.45	4	0
11/08/2015 22:20	6.2	6.5	7.2	7.18	6.77	4	0
11/08/2015 22:25	4.99	5.35	5.82	6.02	5.54	4	0
11/08/2015 22:30	4.78	5.14	5.6	5.78	5.32	4	0
11/08/2015 22:35	5.28	5.58	6.17	6.18	5.8	4	0
11/08/2015 22:40	5.04	5.41	5.88	6.08	5.6	4	0
11/08/2015 22:45	4.84	5.32	5.83	5.8	5.45	4	0
11/08/2015 22:50	4.6	4.9	5.41	5.44	5.09	4	0
11/08/2015 22:55	4.3	4.65	5.07	5.2	4.8	4	0
11/08/2015 23:00	4.63	4.94	5.45	5.48	5.12	4	0
11/08/2015 23:05	4.23	4.53	4.99	5.03	4.69	4	0
11/08/2015 23:10	4.48	4.82	5.27	5.31	4.97	4	0
11/08/2015 23:15	4.07	4.37	4.82	4.86	4.53	4	0
11/08/2015 23:20	3.91	4.21	4.63	4.69	4.36	4	0
11/08/2015 23:25	4.01	4.31	4.75	4.8	4.47	4	0
11/08/2015 23:30	3.91	4.21	4.64	4.69	4.37	4	0
11/08/2015 23:35	3.82	4.12	4.54	4.59	4.27	4	0
11/08/2015 23:40	3.86	4.17	4.59	4.64	4.32	4	0
11/08/2015 23:45	4.05	4.39	4.79	4.9	4.53	4	0
11/08/2015 23:50	3.87	4.43	4.83	4.93	4.52	4	0
11/08/2015 23:55	3.62	4.3	4.72	4.71	4.34	4	0
