5 Minutes	Lane 1 Occ (%)	Lane 2 Occ (%)	Lane 3 Occ (%)	Lane 4 Occ (%)	Occupancy (%)	# Lane Points	% Observed
11/02/2015 00:00	2.51	16.66	2.87	2.01	6.01	4	75
11/02/2015 00:05	2.63	13.76	2.44	2.1	5.23	4	75
11/02/2015 00:10	2.43	6.03	3.47	2.47	3.6	4	75
11/02/2015 00:15	2.28	6.29	3.24	2.25	3.51	4	75
11/02/2015 00:20	2.67	2.32	3.13	1.87	2.5	4	75
11/02/2015 00:25	2.27	20.94	3.47	2.32	7.25	4	75
11/02/2015 00:30	1.44	10.93	1.95	1.58	3.98	4	75
11/02/2015 00:35	1.64	17.38	2.56	1.82	5.85	4	75
11/02/2015 00:40	1.63	17.63	3.38	2.1	6.19	4	75
11/02/2015 00:45	1.27	23.8	2.97	2.05	7.52	4	75
11/02/2015 00:50	1.32	6.49	2.19	1.41	2.85	4	75
11/02/2015 00:55	1.67	1.23	2.15	1.3	1.59	4	75
11/02/2015 01:00	.97	27.71	2.62	1.78	8.27	4	75
11/02/2015 01:05	1.13	1.77	3.11	1.84	1.96	4	75
11/02/2015 01:10	1.06	15.49	1.24	1.05	4.71	4	75
11/02/2015 01:15	1.13	8.94	2.6	1.72	3.6	4	75
11/02/2015 01:20	1.14	16.89	1.45	1.12	5.15	4	75
11/02/2015 01:25	1.07	1.78	2	1.25	1.52	4	75
11/02/2015 01:30	.58	.99	1.4	.81	.94	4	75
11/02/2015 01:35	.82	1.31	1.91	1.04	1.27	4	75
11/02/2015 01:40	.71	19.97	2.06	1.3	6.01	4	75
11/02/2015 01:45	.81	6.97	1.6	1	2.59	4	75
11/02/2015 01:50	.47	14.09	1.57	.92	4.26	4	75
11/02/2015 01:55	.75	6.67	1.89	1.23	2.63	4	75
11/02/2015 02:00	.48	.56	2.42	.84	1.07	4	75
11/02/2015 02:05	.32	20.21	1.16	.78	5.62	4	75
11/02/2015 02:10	.61	1.01	1.66	.96	1.06	4	75
11/02/2015 02:15	.2	.74	2.19	1.07	1.05	4	75
11/02/2015 02:20	.65	8.7	2.07	1.22	3.16	4	75
11/02/2015 02:25	.59	.68	1.29	.67	.81	4	75
11/02/2015 02:30	.69	.95	1.39	.73	.94	4	75
11/02/2015 02:35	.18	.84	1	.56	.64	4	75
11/02/2015 02:40	.19	.69	.89	.46	.56	4	75
11/02/2015 02:45	.57	.89	1.08	.57	.78	4	75
11/02/2015 02:50	.43	3.44	2.04	1.27	1.79	4	75
11/02/2015 02:55	.39	.45	1.59	.73	.79	4	75
11/02/2015 03:00	.31	.5	1.02	.48	.58	4	75
11/02/2015 03:05	.27	7.35	1.03	.75	2.35	4	75
11/02/2015 03:10	.51	23.62	2.38	1.26	6.94	4	75
11/02/2015 03:15	.38	.96	1.29	.68	.83	4	75
11/02/2015 03:20	.39	.63	1.5	.72	.81	4	75
11/02/2015 03:25	.3	.6	2.86	1.1	1.22	4	75
11/02/2015 03:30	.62	31.26	1.9	1.18	8.74	4	75
11/02/2015 03:35	.31	6.69	2.84	1.86	2.92	4	75
11/02/2015 03:40	.52	.83	1.72	.8	.97	4	75
11/02/2015 03:45	.49	5.9	1.21	.95	2.14	4	75
11/02/2015 03:50	.95	1.21	1.92	1.02	1.27	4	75
11/02/2015 03:55	.64	.72	1.48	.71	.89	4	75
11/02/2015 04:00	.76	39.22	2.4	1.43	10.95	4	75
11/02/2015 04:05	.99	1.34	2.17	1.16	1.42	4	75
11/02/2015 04:10	1.07	1.07	1.61	1.03	1.19	4	75
11/02/2015 04:15	1.09	20.81	2.29	1.59	6.45	4	75
11/02/2015 04:20	1.2	11.05	2.79	1.93	4.24	4	75
11/02/2015 04:25	1.15	9.29	2.68	1.65	3.69	4	75
11/02/2015 04:30	1.48	2.11	2.24	1.46	1.82	4	75
11/02/2015 04:35	1.4	17.26	2.98	1.96	5.9	4	75
11/02/2015 04:40	2.7	16.49	3.48	2.23	6.23	4	75
11/02/2015 04:45	2.69	9.99	3.67	2.45	4.7	4	75
11/02/2015 04:50	2.97	15.64	4.29	3.14	6.51	4	75
11/02/2015 04:55	2.84	28.47	3.44	2.48	9.31	4	75
11/02/2015 05:00	2.42	18.2	3.39	2.37	6.6	4	75
11/02/2015 05:05	2.81	14.01	4.79	3.24	6.21	4	75
11/02/2015 05:10	4.04	18.02	4.3	3.09	7.36	4	75
11/02/2015 05:15	4.28	18.48	5.37	3.84	7.99	4	75
11/02/2015 05:20	4.63	12.41	4.64	3.48	6.29	4	75
11/02/2015 05:25	4.02	20.83	5.41	3.72	8.5	4	75
11/02/2015 05:30	6.6	14.64	6.06	4.52	7.96	4	75
11/02/2015 05:35	6.39	24.88	6.51	4.7	10.62	4	75
11/02/2015 05:40	7.04	4.89	6.73	4.61	5.82	4	75
11/02/2015 05:45	7.69	33.57	7.42	5.48	13.54	4	75
11/02/2015 05:50	8.93	12.87	7.73	5.89	8.85	4	75
11/02/2015 05:55	8.82	9.79	7.4	5.41	7.85	4	75
11/02/2015 06:00	7.47	15.48	8.06	5.94	9.24	4	75
11/02/2015 06:05	7.39	5.61	6.64	4.75	6.1	4	75
11/02/2015 06:10	7.97	15.68	8.27	5.72	9.41	4	75
11/02/2015 06:15	8.37	32.08	8.26	6	13.68	4	75
11/02/2015 06:20	7.3	15.68	6.82	5.03	8.71	4	75
11/02/2015 06:25	9.22	6.01	7.4	5.45	7.02	4	75
11/02/2015 06:30	9.17	16.92	7.76	5.72	9.89	4	75
11/02/2015 06:35	9.31	21.21	7.68	6.02	11.06	4	75
11/02/2015 06:40	9.35	22.97	8.5	6.56	11.84	4	75
11/02/2015 06:45	10.34	18.93	8.6	6.67	11.13	4	75
11/02/2015 06:50	9.97	29.65	8.85	6.58	13.76	4	75
11/02/2015 06:55	9	13.61	8.42	5.94	9.24	4	75
11/02/2015 07:00	9.49	28.23	7.6	6.13	12.86	4	75
11/02/2015 07:05	9.59	19.98	8.51	6.55	11.16	4	75
11/02/2015 07:10	11.86	25.25	10.16	7.74	13.75	4	75
11/02/2015 07:15	10.66	19.26	10.23	8.14	12.07	4	75
11/02/2015 07:20	12.81	10.89	10.24	7.81	10.44	4	75
11/02/2015 07:25	12.52	26.51	10.49	8.21	14.43	4	75
11/02/2015 07:30	12.05	19.43	11.11	8.85	12.86	4	75
11/02/2015 07:35	13.17	17.15	11.42	8.52	12.56	4	75
11/02/2015 07:40	11.96	21.23	10.44	8.38	13	4	75
11/02/2015 07:45	12.06	17.07	12.46	9.09	12.67	4	75
11/02/2015 07:50	12.99	11.74	11.05	8.05	10.96	4	75
11/02/2015 07:55	12.31	10.92	11.69	8.41	10.83	4	75
11/02/2015 08:00	11.32	17.54	10.15	7.72	11.68	4	75
11/02/2015 08:05	12.02	18.25	10.59	8.59	12.36	4	75
11/02/2015 08:10	12.5	15.73	13.06	10	12.82	4	75
11/02/2015 08:15	12.68	24.51	12.12	9.36	14.67	4	75
11/02/2015 08:20	12.48	23.27	13.22	9.91	14.72	4	75
11/02/2015 08:25	8.18	11.11	9.32	6.46	8.77	4	75
11/02/2015 08:30	8.7	20.7	10	7.36	11.69	4	75
11/02/2015 08:35	11.96	17.37	11.54	8.82	12.42	4	75
11/02/2015 08:40	10.99	10.24	11.52	8.55	10.33	4	75
11/02/2015 08:45	12.47	17.7	12.16	9.35	12.92	4	75
11/02/2015 08:50	11.12	23.15	10.44	7.64	13.09	4	75
11/02/2015 08:55	10.26	18.82	8.71	6.83	11.15	4	75
11/02/2015 09:00	10.34	37.33	8.2	6.34	15.55	4	75
11/02/2015 09:05	9.09	25.61	10.17	7.22	13.02	4	75
11/02/2015 09:10	9.52	17.1	9.45	7.19	10.82	4	75
11/02/2015 09:15	10.68	12.41	11.13	8.02	10.56	4	75
11/02/2015 09:20	9.81	25.1	9.06	6.88	12.71	4	75
11/02/2015 09:25	9.27	13.85	9.56	7.06	9.93	4	75
11/02/2015 09:30	9.36	14.93	10.59	7.52	10.6	4	75
11/02/2015 09:35	8.67	6.38	9.62	6.57	7.81	4	75
11/02/2015 09:40	9.62	7.65	9.8	6.73	8.45	4	75
11/02/2015 09:45	8.52	25.32	9.7	7.05	12.65	4	75
11/02/2015 09:50	9.52	21.22	9.87	7.36	11.99	4	75
11/02/2015 09:55	8.48	19.43	8.08	6.2	10.55	4	75
11/02/2015 10:00	9.23	9.59	9.69	6.54	8.76	4	75
11/02/2015 10:05	8.34	8.86	10.37	6.63	8.55	4	75
11/02/2015 10:10	7.86	16.68	10.07	7.41	10.51	4	75
11/02/2015 10:15	8.81	19.99	10.88	7.83	11.88	4	75
11/02/2015 10:20	8.36	14.65	9.3	6.68	9.75	4	75
11/02/2015 10:25	9.43	16.41	12.28	8.92	11.76	4	75
11/02/2015 10:30	9.19	16.79	10.49	7.44	10.98	4	75
11/02/2015 10:35	7.78	18.92	8.43	6.38	10.38	4	75
11/02/2015 10:40	10.12	11.49	12.36	8.15	10.53	4	75
11/02/2015 10:45	7.59	12.18	10.84	7.99	9.65	4	75
11/02/2015 10:50	8.51	11.18	9.27	6.78	8.94	4	75
11/02/2015 10:55	9.93	11.31	10.31	7.5	9.76	4	75
11/02/2015 11:00	9.75	18	10.42	7.85	11.51	4	75
11/02/2015 11:05	10.11	12.47	10.81	7.88	10.32	4	75
11/02/2015 11:10	9.17	7.29	8.8	6.25	7.88	4	75
11/02/2015 11:15	10	18.53	10.31	7.79	11.66	4	75
11/02/2015 11:20	9.28	12.92	10.79	7.63	10.15	4	75
11/02/2015 11:25	9.7	6.7	10.48	6.64	8.38	4	75
11/02/2015 11:30	9.83	7.21	10.11	7.17	8.58	4	75
11/02/2015 11:35	10.57	10.91	10.71	7.52	9.93	4	75
11/02/2015 11:40	8.91	11.56	9.68	6.77	9.23	4	75
11/02/2015 11:45	10.42	16.69	11.17	8.13	11.6	4	75
11/02/2015 11:50	8.89	13.3	9.97	7.49	9.91	4	75
11/02/2015 11:55	8.71	6.74	11.06	7.2	8.43	4	75
11/02/2015 12:00	9.07	9	9.35	7.02	8.61	4	75
11/02/2015 12:05	9.45	8.35	11.95	7.4	9.29	4	75
11/02/2015 12:10	10.58	16.3	11.56	8.17	11.65	4	75
11/02/2015 12:15	10.33	11.67	10.81	8.32	10.28	4	75
11/02/2015 12:20	10.66	15.48	11.8	8.33	11.57	4	75
11/02/2015 12:25	9.4	7.4	10.4	6.82	8.5	4	75
11/02/2015 12:30	10.07	6.78	11.04	7.35	8.81	4	75
11/02/2015 12:35	10.81	8.68	11.58	7.75	9.7	4	75
11/02/2015 12:40	10.51	11.66	12.17	8.06	10.6	4	75
11/02/2015 12:45	11.46	8.6	10.72	7.66	9.61	4	75
11/02/2015 12:50	9.59	15.13	10.83	8.08	10.91	4	75
11/02/2015 12:55	7.98	10.09	9.08	6.7	8.46	4	75
11/02/2015 13:00	8.34	10.13	9.57	7.01	8.76	4	75
11/02/2015 13:05	8.72	7.1	9.29	6.51	7.9	4	75
11/02/2015 13:10	10.14	8.16	9.95	7.32	8.89	4	75
11/02/2015 13:15	12.01	10.49	11.59	8.16	10.56	4	75
11/02/2015 13:20	10.62	10.64	12.43	7.99	10.42	4	75
11/02/2015 13:25	11.44	12.86	12.37	8.99	11.41	4	75
11/02/2015 13:30	11.42	9.52	11.68	8.2	10.21	4	75
11/02/2015 13:35	11.18	8.39	11.92	8.17	9.91	4	75
11/02/2015 13:40	12.41	9.58	10.84	7.8	10.16	4	75
11/02/2015 13:45	11.77	17.39	12.56	9.33	12.76	4	75
11/02/2015 13:50	12.79	22.85	13.12	9.88	14.66	4	75
11/02/2015 13:55	11.17	17.08	11.47	7.91	11.91	4	75
11/02/2015 14:00	13.91	15.98	14.28	10.38	13.64	4	75
11/02/2015 14:05	12.71	10.36	12.45	8.9	11.11	4	75
11/02/2015 14:10	13.01	14.51	13.06	10.06	12.66	4	75
11/02/2015 14:15	12.37	11.35	11.23	8.25	10.8	4	75
11/02/2015 14:20	11.24	13.74	11.95	8.61	11.39	4	75
11/02/2015 14:25	12.8	14.37	12.33	9.4	12.23	4	75
11/02/2015 14:30	11.64	9.76	11.5	8.11	10.25	4	75
11/02/2015 14:35	11.19	9.63	11.98	8.3	10.27	4	75
11/02/2015 14:40	11.4	9.07	11.5	8.37	10.09	4	75
11/02/2015 14:45	13.41	15.13	14.07	10.72	13.33	4	75
11/02/2015 14:50	12.7	15.81	13.45	9.83	12.95	4	75
11/02/2015 14:55	11.18	14.72	10.65	8.54	11.27	4	75
11/02/2015 15:00	11.32	16.42	12.31	8.83	12.22	4	75
11/02/2015 15:05	10.46	8.85	12.74	8.63	10.17	4	75
11/02/2015 15:10	10.36	8.84	11.98	8.23	9.85	4	75
11/02/2015 15:15	13.02	11.75	13.07	9.73	11.89	4	75
11/02/2015 15:20	12.23	9.21	12.22	8.8	10.62	4	75
11/02/2015 15:25	12.35	12.4	13.11	9.27	11.78	4	75
11/02/2015 15:30	12.12	12.1	13.66	8.83	11.68	4	75
11/02/2015 15:35	12.22	21.63	12.6	9.8	14.06	4	75
11/02/2015 15:40	13.4	14.24	13.58	9.92	12.78	4	75
11/02/2015 15:45	14.59	10.82	13.88	9.94	12.31	4	75
11/02/2015 15:50	11.85	25.5	12.09	9.45	14.72	4	75
11/02/2015 15:55	11.02	20.98	11.19	8.62	12.95	4	75
11/02/2015 16:00	11.17	11.21	11.57	7.64	10.4	4	75
11/02/2015 16:05	10.01	15.46	11.41	8.72	11.4	4	75
11/02/2015 16:10	11.6	20.04	11.36	8.91	12.98	4	75
11/02/2015 16:15	11	17.51	11.48	9.37	12.34	4	75
11/02/2015 16:20	12.28	12.64	13.76	9.24	11.98	4	75
11/02/2015 16:25	11.75	12.99	11.17	8.77	11.17	4	75
11/02/2015 16:30	11.27	18.54	12.25	9.53	12.9	4	75
11/02/2015 16:35	9.48	20.48	9.84	7.57	11.84	4	75
11/02/2015 16:40	11.9	20.87	12.7	9.75	13.81	4	75
11/02/2015 16:45	11.54	15.09	10.98	8.35	11.49	4	75
11/02/2015 16:50	13.28	17.11	11.84	8.9	12.78	4	75
11/02/2015 16:55	10.07	18.25	10.31	8.01	11.66	4	75
11/02/2015 17:00	8.89	14.43	9.55	8.07	10.23	4	75
11/02/2015 17:05	11.88	20.19	10.38	8.12	12.64	4	75
11/02/2015 17:10	11.05	22.76	11.52	8.9	13.56	4	75
11/02/2015 17:15	10.73	17.7	10.39	8.61	11.86	4	75
11/02/2015 17:20	10.52	10.25	12.37	9.2	10.59	4	75
11/02/2015 17:25	11.58	18.13	10.4	8.87	12.25	4	75
11/02/2015 17:30	10.87	16.24	11.21	9.18	11.88	4	75
11/02/2015 17:35	11.87	18.21	11.58	9.62	12.82	4	75
11/02/2015 17:40	12.45	12.37	10.98	8.64	11.11	4	75
11/02/2015 17:45	11.5	14.07	12.17	9.38	11.78	4	75
11/02/2015 17:50	10.77	10.8	13.06	8.93	10.89	4	75
11/02/2015 17:55	12.12	12.91	13.79	9.92	12.19	4	75
11/02/2015 18:00	11.48	17.21	12.03	9.7	12.61	4	75
11/02/2015 18:05	12.27	12.44	12.29	9.74	11.68	4	75
11/02/2015 18:10	26.1	15.88	15.15	11.44	17.14	4	75
11/02/2015 18:15	20.57	18.42	18.38	14.61	17.99	4	75
11/02/2015 18:20	14.24	17.5	12.35	11.98	14.02	4	75
11/02/2015 18:25	13.17	32.75	13.98	12.18	18.02	4	75
11/02/2015 18:30	14.71	19.72	13.22	11.23	14.72	4	75
11/02/2015 18:35	11.24	15.92	10.81	8.7	11.67	4	75
11/02/2015 18:40	10.57	17.18	11.67	9.02	12.11	4	75
11/02/2015 18:45	10.98	21.81	11.43	9.62	13.46	4	75
11/02/2015 18:50	10.09	14.75	9.54	8.48	10.71	4	75
11/02/2015 18:55	10.8	17.9	10.75	8.51	11.99	4	75
11/02/2015 19:00	10.71	13.85	11.04	8.78	11.09	4	75
11/02/2015 19:05	12.54	19.95	13	9.64	13.78	4	75
11/02/2015 19:10	10.91	18.25	12.13	8.03	12.33	4	75
11/02/2015 19:15	9.35	16.21	9.66	8.16	10.85	4	75
11/02/2015 19:20	10.05	13.5	10.03	7.76	10.33	4	75
11/02/2015 19:25	10.21	16.17	10.19	8.25	11.21	4	75
11/02/2015 19:30	12.01	24.3	13.03	9.79	14.78	4	75
11/02/2015 19:35	10.57	22.48	10.53	8.37	12.99	4	75
11/02/2015 19:40	9.56	16.79	10.35	8.18	11.22	4	75
11/02/2015 19:45	11.18	19.42	11.04	8.34	12.49	4	75
11/02/2015 19:50	10.73	22.5	12.13	8.51	13.47	4	75
11/02/2015 19:55	10.53	28.58	10.4	8.15	14.41	4	75
11/02/2015 20:00	10.29	22.99	10.11	7.42	12.7	4	75
11/02/2015 20:05	10.23	25.58	9.43	6.96	13.05	4	75
11/02/2015 20:10	10.87	27.24	11.72	8.49	14.58	4	75
11/02/2015 20:15	10.49	15.4	9.35	7.27	10.63	4	75
11/02/2015 20:20	9.23	11.46	8.01	5.84	8.63	4	75
11/02/2015 20:25	6.95	20.1	7.68	5.62	10.09	4	75
11/02/2015 20:30	7.13	21.33	6.44	4.93	9.96	4	75
11/02/2015 20:35	7.16	6.3	8.16	5.49	6.78	4	75
11/02/2015 20:40	6.75	19.47	6.25	5.02	9.37	4	75
11/02/2015 20:45	6.79	26.88	6.49	5.14	11.32	4	75
11/02/2015 20:50	5.83	25.26	5.7	4.63	10.35	4	75
11/02/2015 20:55	6.8	21.16	7.38	5.37	10.18	4	75
11/02/2015 21:00	5.46	16.55	6.09	4.73	8.21	4	75
11/02/2015 21:05	6.51	12.42	7.19	5.09	7.8	4	75
11/02/2015 21:10	6.4	23.57	7.61	5.48	10.77	4	75
11/02/2015 21:15	6.88	8.71	8.2	6.02	7.45	4	75
11/02/2015 21:20	5.15	9.57	7.01	5.14	6.72	4	75
11/02/2015 21:25	5.74	22.9	6.67	4.91	10.06	4	75
11/02/2015 21:30	6.15	26.3	7.04	4.79	11.07	4	75
11/02/2015 21:35	6.39	18.98	5.89	4.42	8.92	4	75
11/02/2015 21:40	5.95	15.97	5.93	4.34	8.05	4	75
11/02/2015 21:45	6.06	5.9	6.5	4.48	5.73	4	75
11/02/2015 21:50	6.71	33.8	6.62	4.99	13.03	4	75
11/02/2015 21:55	5.02	7.27	6.8	4.99	6.02	4	75
11/02/2015 22:00	5.13	21.36	4.33	3.29	8.53	4	75
11/02/2015 22:05	5.56	15.77	5.77	4.14	7.81	4	75
11/02/2015 22:10	6.08	23.04	6.04	4.38	9.89	4	75
11/02/2015 22:15	5.67	17.78	5.98	4.43	8.47	4	75
11/02/2015 22:20	5.69	5.62	7.42	4.13	5.72	4	75
11/02/2015 22:25	4.49	9.43	5.58	4.14	5.91	4	75
11/02/2015 22:30	4.89	26.07	4.97	3.72	9.91	4	75
11/02/2015 22:35	5.71	20.42	6.05	4.33	9.13	4	75
11/02/2015 22:40	4.04	16.34	5.68	3.83	7.47	4	75
11/02/2015 22:45	4.15	3.71	5.05	3.49	4.1	4	75
11/02/2015 22:50	3.31	3.7	4.51	3.2	3.68	4	75
11/02/2015 22:55	3.79	23.99	4.85	3.52	9.04	4	75
11/02/2015 23:00	3.79	8.31	4.47	3.46	5.01	4	75
11/02/2015 23:05	2.97	7.87	4.22	2.99	4.51	4	75
11/02/2015 23:10	3.68	18.05	5.7	3.89	7.83	4	75
11/02/2015 23:15	4.09	21.6	4.4	3.27	8.34	4	75
11/02/2015 23:20	2.92	2.33	3.99	2.49	2.93	4	75
11/02/2015 23:25	2.27	43.43	3.7	2.56	12.99	4	75
11/02/2015 23:30	2.76	12.13	3.39	2.52	5.2	4	75
11/02/2015 23:35	3.1	12.98	3.65	2.56	5.57	4	75
11/02/2015 23:40	2.07	2.63	2.65	1.82	2.29	4	75
11/02/2015 23:45	2.39	18.08	2.57	1.89	6.23	4	75
11/02/2015 23:50	2.37	25.43	4.01	2.79	8.65	4	75
11/02/2015 23:55	1.61	2.06	4.26	2.12	2.51	4	75
11/03/2015 00:00	1.7	2.3	3.09	2.23	2.33	4	75
11/03/2015 00:05	1.9	33.77	3.99	2.75	10.6	4	75
11/03/2015 00:10	2.12	2.07	2.78	1.72	2.17	4	75
11/03/2015 00:15	2.13	27.75	2.55	1.92	8.59	4	75
11/03/2015 00:20	1.51	2.41	3.92	2.41	2.56	4	75
11/03/2015 00:25	1.47	12.59	3.22	2.3	4.9	4	75
11/03/2015 00:30	1.49	6.44	2.89	1.96	3.2	4	75
11/03/2015 00:35	2.33	9.77	4.18	2.78	4.76	4	75
11/03/2015 00:40	1.37	16.65	1.99	1.42	5.36	4	75
11/03/2015 00:45	1.41	1.2	1.98	1.22	1.45	4	75
11/03/2015 00:50	.95	11.59	2.2	1.48	4.06	4	75
11/03/2015 00:55	.81	13.01	2.26	1.35	4.36	4	75
11/03/2015 01:00	.62	1.23	2.67	1.33	1.46	4	75
11/03/2015 01:05	.83	16.05	1.92	1.27	5.02	4	75
11/03/2015 01:10	1.27	28.2	2.77	1.84	8.52	4	75
11/03/2015 01:15	.31	.63	2.64	.87	1.11	4	75
11/03/2015 01:20	.98	.88	1.86	1.19	1.23	4	75
11/03/2015 01:25	.41	.72	2.06	1.23	1.11	4	75
11/03/2015 01:30	.6	26.07	1.68	1.11	7.37	4	75
11/03/2015 01:35	.83	.91	1.33	.84	.98	4	75
11/03/2015 01:40	.89	2.63	1.43	.95	1.47	4	75
11/03/2015 01:45	.67	8.03	2.33	1.59	3.16	4	75
11/03/2015 01:50	.92	1.23	1.11	.77	1.01	4	75
11/03/2015 01:55	.61	.6	.99	.58	.7	4	75
11/03/2015 02:00	.71	2.69	2.12	1.33	1.71	4	75
11/03/2015 02:05	.4	.62	.9	.47	.6	4	75
11/03/2015 02:10	.4	.89	1.61	.8	.92	4	75
11/03/2015 02:15	.51	.41	2.03	.94	.97	4	75
11/03/2015 02:20	.53	.5	1.88	1.07	1	4	75
11/03/2015 02:25	.39	15.89	1.23	.77	4.57	4	75
11/03/2015 02:30	.21	.91	1.5	.74	.84	4	75
11/03/2015 02:35	.63	2.67	1.42	.96	1.42	4	75
11/03/2015 02:40	.34	.78	1.9	.85	.97	4	75
11/03/2015 02:45	.5	.78	1.61	.74	.91	4	75
11/03/2015 02:50	.46	12.84	1.31	.79	3.85	4	75
11/03/2015 02:55	.07	18.05	.98	.68	4.94	4	75
11/03/2015 03:00	.47	.81	2.2	.99	1.12	4	75
11/03/2015 03:05	.4	.57	1.8	.74	.88	4	75
11/03/2015 03:10	.52	13.9	1.73	.98	4.28	4	75
11/03/2015 03:15	.3	.88	1.01	.58	.69	4	75
11/03/2015 03:20	.39	.58	1.57	.71	.81	4	75
11/03/2015 03:25	.3	.61	.93	.5	.58	4	75
11/03/2015 03:30	.44	.48	1.52	.49	.73	4	75
11/03/2015 03:35	.47	41.16	2.21	1.22	11.26	4	75
11/03/2015 03:40	.56	7.19	1.92	1.16	2.71	4	75
11/03/2015 03:45	.32	.61	1.22	.74	.72	4	75
11/03/2015 03:50	.75	1.04	2.39	1.17	1.34	4	75
11/03/2015 03:55	.48	8.71	2.17	1.35	3.18	4	75
11/03/2015 04:00	.7	1.15	2.17	1.11	1.28	4	75
11/03/2015 04:05	.19	.9	1.63	.82	.89	4	75
11/03/2015 04:10	.63	1.59	2.42	1.35	1.5	4	75
11/03/2015 04:15	.59	5.89	2.13	1.34	2.49	4	75
11/03/2015 04:20	.9	1.54	2.17	1.4	1.5	4	75
11/03/2015 04:25	.75	.77	2.27	1.13	1.23	4	75
11/03/2015 04:30	1.21	1.03	2.89	1.32	1.61	4	75
11/03/2015 04:35	1.15	1.6	2.55	1.43	1.68	4	75
11/03/2015 04:40	2.46	13.57	4.78	3.22	6.01	4	75
11/03/2015 04:45	1.89	5.97	3.82	2.45	3.53	4	75
11/03/2015 04:50	2.12	11.96	4.09	2.51	5.17	4	75
11/03/2015 04:55	1.9	1.94	3.2	1.97	2.25	4	75
11/03/2015 05:00	2.77	11	4.35	2.85	5.24	4	75
11/03/2015 05:05	2.08	2.48	3.32	2.19	2.52	4	75
11/03/2015 05:10	2.86	2.69	4.59	2.94	3.27	4	75
11/03/2015 05:15	3.46	3.81	5.56	3.46	4.07	4	75
11/03/2015 05:20	4.22	4.95	5.3	3.56	4.51	4	75
11/03/2015 05:25	4.78	8	6.08	4.45	5.83	4	75
11/03/2015 05:30	5.09	23.92	6.33	4.3	9.91	4	75
11/03/2015 05:35	5.92	19.74	6.29	4.52	9.12	4	75
11/03/2015 05:40	6.79	8.31	7.05	5.01	6.79	4	75
11/03/2015 05:45	7.93	32.79	9.06	6.35	14.03	4	75
11/03/2015 05:50	7.42	9.19	7.47	5.44	7.38	4	75
11/03/2015 05:55	7.46	33.51	6.41	4.67	13.01	4	75
11/03/2015 06:00	7.7	23.49	5.58	4.53	10.33	4	75
11/03/2015 06:05	7.08	6.09	6.67	4.71	6.14	4	75
11/03/2015 06:10	7.2	13.9	7.13	5.55	8.45	4	75
11/03/2015 06:15	7.67	22.36	7.26	5.39	10.67	4	75
11/03/2015 06:20	8.04	21.91	7.56	5.59	10.78	4	75
11/03/2015 06:25	8.58	20.06	7.78	5.58	10.5	4	75
11/03/2015 06:30	8.39	25.41	7.98	5.97	11.94	4	75
11/03/2015 06:35	9.33	34.58	7.39	5.48	14.19	4	75
11/03/2015 06:40	10.49	14.03	8.17	5.99	9.67	4	75
11/03/2015 06:45	10.14	15.74	8.99	6.73	10.4	4	75
11/03/2015 06:50	9.49	28.14	8.44	6.14	13.05	4	75
11/03/2015 06:55	10.16	26.97	9.81	7.46	13.6	4	75
11/03/2015 07:00	8.72	14.49	9.56	7.01	9.94	4	75
11/03/2015 07:05	10.13	28.55	9.03	6.94	13.66	4	75
11/03/2015 07:10	10.36	19.58	10.71	7.65	12.07	4	75
11/03/2015 07:15	13.12	18.19	10.69	8.15	12.54	4	75
11/03/2015 07:20	11.52	27.38	10.03	7.96	14.22	4	75
11/03/2015 07:25	11.26	15.45	11.3	8.35	11.59	4	75
11/03/2015 07:30	12.09	15.95	11.14	7.77	11.74	4	75
11/03/2015 07:35	12.63	19.84	11.39	9.05	13.23	4	75
11/03/2015 07:40	11.95	22.22	12.07	9.33	13.89	4	75
11/03/2015 07:45	11.57	10.13	14.52	9.25	11.37	4	75
11/03/2015 07:50	12.21	16.76	11.38	7.81	12.04	4	75
11/03/2015 07:55	11.22	28.03	10.71	8.18	14.53	4	75
11/03/2015 08:00	11.13	16.95	10.29	8.18	11.64	4	75
11/03/2015 08:05	11.05	19.91	11.76	8.95	12.92	4	75
11/03/2015 08:10	12.65	22.32	12.16	9.25	14.09	4	75
11/03/2015 08:15	12.39	21.97	12.38	8.85	13.9	4	75
11/03/2015 08:20	11.72	31.81	10.63	8.28	15.61	4	75
11/03/2015 08:25	10.92	14.79	10.64	8.42	11.19	4	75
11/03/2015 08:30	11.33	21.49	12.16	8.71	13.42	4	75
11/03/2015 08:35	12.97	15.19	11.38	8.61	12.04	4	75
11/03/2015 08:40	11.41	24.23	10.37	8.27	13.57	4	75
11/03/2015 08:45	12.5	17.79	12.59	9.49	13.09	4	75
11/03/2015 08:50	11.63	15.2	12.04	8.19	11.76	4	75
11/03/2015 08:55	11.57	9	10.41	7.88	9.71	4	75
11/03/2015 09:00	12.01	22.14	11.55	8.37	13.52	4	75
11/03/2015 09:05	9.46	11.57	10.53	7.55	9.78	4	75
11/03/2015 09:10	9.21	26.98	8.38	6.12	12.67	4	75
11/03/2015 09:15	8.3	21.81	7.75	6.08	10.99	4	75
11/03/2015 09:20	8.79	19.99	8.69	6.65	11.03	4	75
11/03/2015 09:25	8.16	9.24	9.15	6.46	8.25	4	75
11/03/2015 09:30	8.3	18.09	8.39	6.13	10.23	4	75
11/03/2015 09:35	8.78	32.57	8.59	6.55	14.12	4	75
11/03/2015 09:40	7.66	15.07	9.28	6.58	9.65	4	75
11/03/2015 09:45	8.17	9.09	9.83	6.69	8.44	4	75
11/03/2015 09:50	8.51	11.6	7.01	5.76	8.22	4	75
11/03/2015 09:55	8.65	13.5	8.29	6.21	9.16	4	75
11/03/2015 10:00	7.52	20.2	8.37	6.09	10.55	4	75
11/03/2015 10:05	8.46	14.5	8.92	6.53	9.6	4	75
11/03/2015 10:10	7.2	9.69	8.51	6.06	7.86	4	75
11/03/2015 10:15	8.58	14.04	9.45	6.81	9.72	4	75
11/03/2015 10:20	8.82	12.33	10.12	7.28	9.64	4	75
11/03/2015 10:25	9.72	20.38	10.51	7.59	12.05	4	75
11/03/2015 10:30	8.45	9.79	10.95	7.11	9.08	4	75
11/03/2015 10:35	9.8	10.5	11.38	7.52	9.8	4	75
11/03/2015 10:40	7.84	14.84	9.84	6.79	9.83	4	75
11/03/2015 10:45	9.74	20.28	10.16	7.38	11.89	4	75
11/03/2015 10:50	9.1	7.77	13.59	7.97	9.61	4	75
11/03/2015 10:55	9.43	6.57	10.87	7.21	8.52	4	75
11/03/2015 11:00	9.16	7.43	10.28	7.5	8.59	4	75
11/03/2015 11:05	8.97	7.99	10.33	7.08	8.59	4	75
11/03/2015 11:10	8.59	12.47	10.02	7.29	9.59	4	75
11/03/2015 11:15	9.39	16.57	10.14	7.53	10.91	4	75
11/03/2015 11:20	8.32	7.84	10.69	6.93	8.44	4	75
11/03/2015 11:25	8.29	7.01	10.11	6.45	7.96	4	75
11/03/2015 11:30	9.2	8.3	10.77	7.11	8.84	4	75
11/03/2015 11:35	9.79	9.09	10.97	7	9.21	4	75
11/03/2015 11:40	10.47	9.65	10.41	7.36	9.47	4	75
11/03/2015 11:45	9.21	10.97	10.84	7.66	9.67	4	75
11/03/2015 11:50	9.84	10.78	12.11	7.92	10.16	4	75
11/03/2015 11:55	9.66	10.86	12.01	7.71	10.06	4	75
11/03/2015 12:00	9.89	8.87	10.72	7.12	9.15	4	75
11/03/2015 12:05	9.96	20.29	11.78	7.7	12.43	4	75
11/03/2015 12:10	9.31	7.71	11.87	7.05	8.98	4	75
11/03/2015 12:15	10.99	7.11	11.75	7.59	9.36	4	75
11/03/2015 12:20	10.5	10.28	9.86	7.44	9.52	4	75
11/03/2015 12:25	10.47	13.28	11.72	8.63	11.02	4	75
11/03/2015 12:30	9.61	7.68	9.85	7.33	8.62	4	75
11/03/2015 12:35	12.05	12.58	10.8	7.94	10.84	4	75
11/03/2015 12:40	9.62	7.98	10.69	7.63	8.98	4	75
11/03/2015 12:45	10.7	11.3	9.17	7.3	9.62	4	75
11/03/2015 12:50	11.69	8.44	12.82	8.35	10.32	4	75
11/03/2015 12:55	11.11	16.84	12.84	9.07	12.47	4	75
11/03/2015 13:00	11.67	11.28	11.77	7.91	10.66	4	75
11/03/2015 13:05	8.8	12.22	10.94	7.83	9.95	4	75
11/03/2015 13:10	10.36	7.94	10.1	6.58	8.75	4	75
11/03/2015 13:15	11.7	8.35	11.99	8.24	10.07	4	75
11/03/2015 13:20	11.02	15.47	11.36	8.32	11.54	4	75
11/03/2015 13:25	11.57	9.52	11	7.87	9.99	4	75
11/03/2015 13:30	10.9	9.22	12.63	8	10.19	4	75
11/03/2015 13:35	13.16	9.31	13.03	8.64	11.03	4	75
11/03/2015 13:40	12.09	13.8	11.18	8.77	11.46	4	75
11/03/2015 13:45	12.79	9.06	12.67	8.86	10.85	4	75
11/03/2015 13:50	12.53	8.08	12.95	8.53	10.52	4	75
11/03/2015 13:55	12.61	12.49	11.72	8.76	11.39	4	75
11/03/2015 14:00	12.1	9.2	10.31	7.71	9.83	4	75
11/03/2015 14:05	11.82	11.74	10.55	8.24	10.59	4	75
11/03/2015 14:10	12.06	16.05	13.37	9.81	12.82	4	75
11/03/2015 14:15	13.39	10.31	12.1	8.57	11.09	4	75
11/03/2015 14:20	11.28	11.01	11.18	8.43	10.48	4	75
11/03/2015 14:25	12.75	8.5	12.36	8.49	10.52	4	75
11/03/2015 14:30	12.07	8.86	12.07	8.42	10.35	4	75
11/03/2015 14:35	11.86	11.16	10.89	8.17	10.52	4	75
11/03/2015 14:40	13.73	10.29	13.18	9.26	11.61	4	75
11/03/2015 14:45	13.51	12.9	14.99	10.77	13.04	4	75
11/03/2015 14:50	13.4	13.47	13.07	9.83	12.44	4	75
11/03/2015 14:55	12.11	13.86	13.03	9.72	12.18	4	75
11/03/2015 15:00	11.56	21.67	11.58	8.81	13.41	4	75
11/03/2015 15:05	12.44	9.59	11.62	8.43	10.52	4	75
11/03/2015 15:10	17.87	22.7	16.48	10.99	17.01	4	75
11/03/2015 15:15	13.3	14.78	14.98	10.48	13.38	4	75
11/03/2015 15:20	20.5	17.51	18.24	11.64	16.97	4	75
11/03/2015 15:25	29.56	25.41	19.91	16.61	22.87	4	75
11/03/2015 15:30	23.76	18.4	25.39	18.66	21.55	4	75
11/03/2015 15:35	20.25	19.01	20.5	13.2	18.24	4	75
11/03/2015 15:40	34.5	33.51	32.93	20.31	30.31	4	75
11/03/2015 15:45	24.85	19.79	21.93	19.03	21.4	4	75
11/03/2015 15:50	30.73	31.88	25.62	17.75	26.5	4	75
11/03/2015 15:55	19.08	22.82	19.5	17.34	19.69	4	75
11/03/2015 16:00	21.95	20.32	19.01	11.78	18.27	4	75
11/03/2015 16:05	20.6	22.98	16.27	10.99	17.71	4	75
11/03/2015 16:10	17.71	19.04	16.14	10.25	15.79	4	75
11/03/2015 16:15	12.76	14.41	13.1	9.34	12.4	4	75
11/03/2015 16:20	11.2	18.46	11.78	9.28	12.68	4	75
11/03/2015 16:25	14.41	14.43	14.25	9.86	13.24	4	75
11/03/2015 16:30	13.43	19.86	15.77	11.06	15.03	4	75
11/03/2015 16:35	20.47	21.94	21.93	13.17	19.38	4	75
11/03/2015 16:40	32.89	33.95	36.66	19.74	30.81	4	75
11/03/2015 16:45	36.37	29.03	34.43	23.98	30.95	4	75
11/03/2015 16:50	21.8	23.52	27.11	19.08	22.88	4	75
11/03/2015 16:55	24.95	24.77	20.56	15.76	21.51	4	75
11/03/2015 17:00	18.54	26.69	16.91	13.31	18.86	4	75
11/03/2015 17:05	23.03	28.61	21.67	14.6	21.98	4	75
11/03/2015 17:10	32.7	29.78	25.32	17.77	26.39	4	75
11/03/2015 17:15	36.82	29.31	28.58	20.65	28.84	4	75
11/03/2015 17:20	33.38	30.38	36.02	26.48	31.56	4	75
11/03/2015 17:25	24.85	25.31	25.15	20.01	23.83	4	75
11/03/2015 17:30	17	17.27	16.29	12.84	15.85	4	75
11/03/2015 17:35	17.5	23.28	15.82	12.27	17.22	4	75
11/03/2015 17:40	34.94	28.65	30.11	17.19	27.72	4	75
11/03/2015 17:45	40.64	31.55	33.99	20.36	31.64	4	75
11/03/2015 17:50	36.13	35.57	27.28	23.25	30.56	4	75
11/03/2015 17:55	29.76	33.32	19.21	15.35	24.41	4	75
11/03/2015 18:00	39.73	32.05	40.99	22.1	33.72	4	75
11/03/2015 18:05	41.4	39.19	33.84	27.39	35.46	4	75
11/03/2015 18:10	16.46	18.13	16.93	18.09	17.4	4	75
11/03/2015 18:15	13.86	15.27	15.4	11.25	13.95	4	75
11/03/2015 18:20	15.05	15.21	15.12	11.25	14.16	4	75
11/03/2015 18:25	25.23	22.58	22.26	13.42	20.87	4	75
11/03/2015 18:30	28.12	28.88	22.13	14.29	23.36	4	75
11/03/2015 18:35	23.85	23.61	21.14	16.29	21.22	4	75
11/03/2015 18:40	21.84	27.61	17.11	15.26	20.45	4	75
11/03/2015 18:45	10.22	19.22	22.15	16.78	17.09	4	75
11/03/2015 18:50	2.48	13.17	18.57	19.54	13.44	4	75
11/03/2015 18:55	11.4	23.27	16.3	20.75	17.93	4	75
11/03/2015 19:00	15.13	19.36	16.29	12.89	15.92	4	75
11/03/2015 19:05	26.17	28.02	22.99	14.74	22.98	4	75
11/03/2015 19:10	22.83	31.46	21.63	13.84	22.44	4	75
11/03/2015 19:15	15.14	15.89	13.23	9.77	13.51	4	75
11/03/2015 19:20	11.86	17.51	13.36	9.83	13.14	4	75
11/03/2015 19:25	11.48	21.93	10.43	8.93	13.19	4	75
11/03/2015 19:30	12.18	14.13	12.12	9.35	11.94	4	75
11/03/2015 19:35	12.07	21.95	11.91	9.16	13.77	4	75
11/03/2015 19:40	10.18	13.48	9.85	8.22	10.43	4	75
11/03/2015 19:45	12.18	21.29	13.89	9.94	14.32	4	75
11/03/2015 19:50	11.84	15.23	11.42	8.65	11.78	4	75
11/03/2015 19:55	11.89	16.91	11.05	8.92	12.19	4	75
11/03/2015 20:00	11.17	15.94	12.12	8.54	11.94	4	75
11/03/2015 20:05	12.22	17.89	11.67	9.3	12.77	4	75
11/03/2015 20:10	11.78	31.91	12.38	9.48	16.39	4	75
11/03/2015 20:15	11.13	18.87	11.99	8.36	12.59	4	75
11/03/2015 20:20	9.75	17.25	10.88	8.03	11.48	4	75
11/03/2015 20:25	10.13	19.52	10.01	7.41	11.77	4	75
11/03/2015 20:30	9.06	6.5	8.41	6.11	7.52	4	75
11/03/2015 20:35	6.35	14.87	7.46	5.5	8.54	4	75
11/03/2015 20:40	8.88	18.28	7.37	6.23	10.19	4	75
11/03/2015 20:45	9.08	24.85	8.26	6.22	12.1	4	75
11/03/2015 20:50	9.4	18.21	8.56	6.43	10.65	4	75
11/03/2015 20:55	8.54	26.43	8.69	6.33	12.5	4	75
11/03/2015 21:00	7.81	12.81	7.97	5.99	8.64	4	75
11/03/2015 21:05	8.12	28.07	7.79	5.57	12.39	4	75
11/03/2015 21:10	7.68	11.98	8.35	5.93	8.49	4	75
11/03/2015 21:15	6.19	10.95	5.99	4.84	6.99	4	75
11/03/2015 21:20	7	10.88	6.51	5.15	7.39	4	75
11/03/2015 21:25	6.99	16.51	7.36	5.75	9.15	4	75
11/03/2015 21:30	6.3	22.11	6.31	4.54	9.82	4	75
11/03/2015 21:35	7.38	4.63	7.59	4.82	6.11	4	75
11/03/2015 21:40	6.38	17.17	7.32	4.97	8.96	4	75
11/03/2015 21:45	6.1	12.06	5.96	4.76	7.22	4	75
11/03/2015 21:50	5.59	10	5.83	4.41	6.46	4	75
11/03/2015 21:55	6.85	14.6	6.15	4.62	8.05	4	75
11/03/2015 22:00	5.79	35.66	7.22	5.17	13.46	4	75
11/03/2015 22:05	6.34	20.75	7.48	5.69	10.06	4	75
11/03/2015 22:10	7.31	34.99	7.72	5.57	13.9	4	75
11/03/2015 22:15	5.98	20.37	6.45	4.77	9.39	4	75
11/03/2015 22:20	6.68	19.7	6.01	4.84	9.31	4	75
11/03/2015 22:25	5.7	18.36	6.18	4.36	8.65	4	75
11/03/2015 22:30	5.53	20.15	6.15	4.5	9.08	4	75
11/03/2015 22:35	5.27	19.62	6.8	4.66	9.09	4	75
11/03/2015 22:40	4.88	9.42	7.23	4.49	6.51	4	75
11/03/2015 22:45	4.96	12.11	4.37	3.26	6.17	4	75
11/03/2015 22:50	4.12	13.32	4.54	3.49	6.37	4	75
11/03/2015 22:55	3.64	22.96	4.55	3.52	8.67	4	75
11/03/2015 23:00	4.11	8.33	5.01	3.56	5.25	4	75
11/03/2015 23:05	2.65	3.31	4.02	2.83	3.2	4	75
11/03/2015 23:10	4.06	3.52	5.67	3.37	4.16	4	75
11/03/2015 23:15	3.48	20.44	5.18	3.54	8.16	4	75
11/03/2015 23:20	2.69	19.65	3.27	2.43	7.01	4	75
11/03/2015 23:25	2.82	17.89	4.16	2.97	6.96	4	75
11/03/2015 23:30	3.01	14.07	3.76	2.7	5.89	4	75
11/03/2015 23:35	1.83	2.37	3.47	2.34	2.5	4	75
11/03/2015 23:40	2.78	7.88	4.18	3.08	4.48	4	75
11/03/2015 23:45	2.54	12.33	3.22	2.22	5.08	4	75
11/03/2015 23:50	2.64	6.6	4.26	2.76	4.06	4	75
11/03/2015 23:55	2.21	13.83	4.32	2.85	5.8	4	75
11/04/2015 00:00	2.59	3.49	3.63	2.52	3.06	4	75
11/04/2015 00:05	2.2	18.36	3.39	2.54	6.62	4	75
11/04/2015 00:10	2.58	11.28	3.71	2.62	5.05	4	75
11/04/2015 00:15	1.55	2.39	4.73	2.48	2.79	4	75
11/04/2015 00:20	1.69	15.68	3.76	2.55	5.92	4	75
11/04/2015 00:25	2.03	15.33	3.15	2.17	5.67	4	75
11/04/2015 00:30	1.64	1.84	2.46	1.68	1.91	4	75
11/04/2015 00:35	1.8	10.98	2.8	1.94	4.38	4	75
11/04/2015 00:40	1.49	1.61	2.5	1.4	1.75	4	75
11/04/2015 00:45	1.27	11.64	2.59	1.69	4.3	4	75
11/04/2015 00:50	1.6	1.69	2.62	1.62	1.88	4	75
11/04/2015 00:55	1.16	1.16	2.95	1.55	1.71	4	75
11/04/2015 01:00	1.37	1.27	2.6	1.52	1.69	4	75
11/04/2015 01:05	.63	29.08	3.13	2.06	8.73	4	75
11/04/2015 01:10	.65	1.13	2.07	1.17	1.26	4	75
11/04/2015 01:15	1.11	29.54	1.75	1.17	8.39	4	75
11/04/2015 01:20	.9	1.67	1.74	1.19	1.37	4	75
11/04/2015 01:25	1.04	1.87	1.98	1.28	1.54	4	75
11/04/2015 01:30	1.13	1.1	2.16	1.11	1.38	4	75
11/04/2015 01:35	.86	1.4	1.98	1.2	1.36	4	75
11/04/2015 01:40	.81	1.37	2.38	1.28	1.46	4	75
11/04/2015 01:45	.68	8.62	2.26	1.45	3.25	4	75
11/04/2015 01:50	.46	1.71	2.26	1.33	1.44	4	75
11/04/2015 01:55	.65	1.19	2.72	1.29	1.46	4	75
11/04/2015 02:00	.5	.31	2.23	1.33	1.09	4	75
11/04/2015 02:05	.68	.73	1.66	.85	.98	4	75
11/04/2015 02:10	.62	1.07	2.28	1.11	1.27	4	75
11/04/2015 02:15	.27	.87	2.01	1.03	1.05	4	75
11/04/2015 02:20	.31	3.27	1.6	.95	1.53	4	75
11/04/2015 02:25	.12	37.59	1.56	.86	10.03	4	75
11/04/2015 02:30	.22	.86	2.21	.97	1.07	4	75
11/04/2015 02:35	.57	.95	1.45	.74	.93	4	75
11/04/2015 02:40	.37	15.7	1.57	.97	4.65	4	75
11/04/2015 02:45	.89	6.53	1.28	.82	2.38	4	75
11/04/2015 02:50	.41	37.89	1.18	.61	10.02	4	75
11/04/2015 02:55	.49	.57	.81	.36	.56	4	75
11/04/2015 03:00	.46	.47	1.52	.61	.77	4	75
11/04/2015 03:05	.12	11.28	1.21	.85	3.36	4	75
11/04/2015 03:10	.4	16.21	3.13	2.15	5.47	4	75
11/04/2015 03:15	.46	.64	2.6	1.4	1.28	4	75
11/04/2015 03:20	.43	21.97	1.78	1.05	6.31	4	75
11/04/2015 03:25	.24	.6	1.58	.91	.83	4	75
11/04/2015 03:30	.28	.52	1.51	.64	.74	4	75
11/04/2015 03:35	.37	14.13	1.42	.81	4.18	4	75
11/04/2015 03:40	.75	.96	2.09	1.06	1.22	4	75
11/04/2015 03:45	.79	.98	1.58	1.08	1.11	4	75
11/04/2015 03:50	.57	.61	1.93	1.05	1.04	4	75
11/04/2015 03:55	.69	33.35	1.79	1.21	9.26	4	75
11/04/2015 04:00	.42	1.52	2.57	1.19	1.42	4	75
11/04/2015 04:05	.53	.75	1.75	.88	.98	4	75
11/04/2015 04:10	.9	1.13	2.05	1.11	1.3	4	75
11/04/2015 04:15	.58	1.03	2.26	1.46	1.33	4	75
11/04/2015 04:20	1.36	36.61	2.82	1.92	10.68	4	75
11/04/2015 04:25	1	1.14	2.97	1.67	1.69	4	75
11/04/2015 04:30	1.06	1.57	3.79	2.08	2.12	4	75
11/04/2015 04:35	1.75	44.94	3.27	2.17	13.03	4	75
11/04/2015 04:40	2.03	2.5	2.83	1.89	2.31	4	75
11/04/2015 04:45	1.64	22.01	3.04	2.04	7.18	4	75
11/04/2015 04:50	1.95	2.66	4.02	2.12	2.69	4	75
11/04/2015 04:55	2.5	21.98	3.59	2.52	7.65	4	75
11/04/2015 05:00	1.99	5.92	5.41	3.53	4.21	4	75
11/04/2015 05:05	2.31	11.23	4.82	3.21	5.39	4	75
11/04/2015 05:10	2.81	4.67	4.3	3.16	3.74	4	75
11/04/2015 05:15	4.54	18.08	6.19	4.09	8.22	4	75
11/04/2015 05:20	4.61	5.53	4.92	3.66	4.68	4	75
11/04/2015 05:25	4.72	4.27	6.3	3.82	4.78	4	75
11/04/2015 05:30	4.85	16.75	6.18	4.38	8.04	4	75
11/04/2015 05:35	5.75	14.09	7.01	4.64	7.87	4	75
11/04/2015 05:40	6.76	14.39	6.57	4.96	8.17	4	75
11/04/2015 05:45	6.74	14.1	7.6	5.2	8.41	4	75
11/04/2015 05:50	6.62	4.97	7.91	5.19	6.17	4	75
11/04/2015 05:55	5.81	31.87	6.48	4.72	12.22	4	75
11/04/2015 06:00	6.87	28.22	5.72	4.24	11.26	4	75
11/04/2015 06:05	6.88	7.27	5.91	4.2	6.07	4	75
11/04/2015 06:10	6.83	34.23	6.71	4.98	13.19	4	75
11/04/2015 06:15	8.12	30.71	8.06	5.55	13.11	4	75
11/04/2015 06:20	8.43	11.23	7.59	5.44	8.17	4	75
11/04/2015 06:25	8.77	15.11	7.34	5.63	9.21	4	75
11/04/2015 06:30	9.18	26.88	7.8	5.79	12.41	4	75
11/04/2015 06:35	9.68	27.68	7.32	5.47	12.54	4	75
11/04/2015 06:40	10.9	27.96	10.82	7.39	14.27	4	75
11/04/2015 06:45	9.44	18	8.59	6.89	10.73	4	75
11/04/2015 06:50	10.39	21.2	11.21	7.62	12.6	4	75
11/04/2015 06:55	10.01	22.54	8.81	6.68	12.01	4	75
11/04/2015 07:00	7.95	31.54	8.3	5.7	13.37	4	75
11/04/2015 07:05	10.02	22.87	10.18	7.56	12.66	4	75
11/04/2015 07:10	9.67	6.8	9.97	6.15	8.15	4	75
11/04/2015 07:15	12.75	17.48	11.69	8.8	12.68	4	75
11/04/2015 07:20	10.93	14.59	10.09	7.22	10.71	4	75
11/04/2015 07:25	12.04	27.8	10.92	8.14	14.72	4	75
11/04/2015 07:30	11.96	16	11.96	9.45	12.34	4	75
11/04/2015 07:35	11.6	13.68	10.18	7.81	10.82	4	75
11/04/2015 07:40	10.97	21.73	10.99	8.24	12.98	4	75
11/04/2015 07:45	12.26	14.65	12.02	9.02	11.99	4	75
11/04/2015 07:50	11.05	32.48	11.45	8.59	15.89	4	75
11/04/2015 07:55	10.38	23.22	10.44	7.96	13	4	75
11/04/2015 08:00	11.58	19.73	9.87	7.87	12.26	4	75
11/04/2015 08:05	11.74	11.9	11.28	8.56	10.87	4	75
11/04/2015 08:10	12.21	21.09	12.3	9.22	13.7	4	75
11/04/2015 08:15	12.62	18.59	11	8.7	12.73	4	75
11/04/2015 08:20	12.26	16.9	11.74	8.83	12.43	4	75
11/04/2015 08:25	12.62	18.5	11.04	8.41	12.64	4	75
11/04/2015 08:30	10.79	16.34	10.71	8.22	11.51	4	75
11/04/2015 08:35	11.16	11.68	10.82	8.16	10.46	4	75
11/04/2015 08:40	12.83	19.32	11.77	8.59	13.13	4	75
11/04/2015 08:45	11.59	25.61	10.75	8.5	14.11	4	75
11/04/2015 08:50	10.5	13.15	9.75	7.72	10.28	4	75
11/04/2015 08:55	10.21	14.96	10.34	8.08	10.9	4	75
11/04/2015 09:00	11.16	16.25	9.62	7.33	11.09	4	75
11/04/2015 09:05	10.47	13.96	9.81	7.52	10.44	4	75
11/04/2015 09:10	8.32	15.97	8.49	6.45	9.81	4	75
11/04/2015 09:15	11.01	29.73	11.05	7.9	14.92	4	75
11/04/2015 09:20	7.64	24.9	7.57	5.85	11.49	4	75
11/04/2015 09:25	10.29	17.29	9.53	7.33	11.11	4	75
11/04/2015 09:30	9.37	22.27	8.97	6.48	11.77	4	75
11/04/2015 09:35	9.18	14.09	10.98	7.73	10.5	4	75
11/04/2015 09:40	8.82	11.74	8.59	6.33	8.87	4	75
11/04/2015 09:45	3.23	7.54	6.72	4.59	5.52	4	75
11/04/2015 09:50	10.28	10.73	8.77	6.93	9.18	4	75
11/04/2015 09:55	10.62	10.81	9.51	7.43	9.59	4	75
11/04/2015 10:00	9.46	8.8	9.15	6.6	8.5	4	75
11/04/2015 10:05	7.74	8.08	8.3	5.99	7.53	4	75
11/04/2015 10:10	8.12	15.27	9.48	6.94	9.95	4	75
11/04/2015 10:15	10.2	8.55	10.51	6.62	8.97	4	75
11/04/2015 10:20	8.02	12.5	9.53	7.04	9.27	4	75
11/04/2015 10:25	9.63	17.14	9.95	7.25	10.99	4	75
11/04/2015 10:30	8.28	8.07	10.79	6.96	8.52	4	75
11/04/2015 10:35	9.3	13.49	10.7	7.71	10.3	4	75
11/04/2015 10:40	9.81	10	10.38	7.24	9.36	4	75
11/04/2015 10:45	9.68	6.44	10.58	6.82	8.38	4	75
11/04/2015 10:50	10.58	7.46	10.83	6.8	8.92	4	75
11/04/2015 10:55	8.88	8.1	10.88	7.11	8.74	4	75
11/04/2015 11:00	8.83	7.46	10.72	6.8	8.45	4	75
11/04/2015 11:05	10.73	12.61	11.41	8.32	10.77	4	75
11/04/2015 11:10	9.8	17.88	12.38	8.81	12.22	4	75
11/04/2015 11:15	8.09	8.13	9.82	6.5	8.13	4	75
11/04/2015 11:20	8.77	12.57	9.9	7.24	9.62	4	75
11/04/2015 11:25	8.98	10.63	11.12	7.74	9.62	4	75
11/04/2015 11:30	9.32	7.37	10.42	6.59	8.43	4	75
11/04/2015 11:35	9.41	6.71	11.06	7.11	8.57	4	75
11/04/2015 11:40	8.63	15.07	10.04	7.33	10.27	4	75
11/04/2015 11:45	10.56	11.13	12.52	8.01	10.56	4	75
11/04/2015 11:50	9.84	10.55	10.61	7.46	9.62	4	75
11/04/2015 11:55	9.81	9.1	10.69	7.27	9.22	4	75
11/04/2015 12:00	9.93	10.38	10.61	7.46	9.6	4	75
11/04/2015 12:05	11.1	7.61	11.21	7.68	9.4	4	75
11/04/2015 12:10	11.86	8.84	11.91	8.19	10.2	4	75
11/04/2015 12:15	11.31	13.82	11.82	8.66	11.4	4	75
11/04/2015 12:20	10.68	8.26	10.35	7.5	9.2	4	75
11/04/2015 12:25	9.95	8.66	11.52	7.72	9.46	4	75
11/04/2015 12:30	11.01	7.89	10.84	7.71	9.36	4	75
11/04/2015 12:35	11.62	9.37	12.75	8.7	10.61	4	75
11/04/2015 12:40	10.67	8.27	12.09	8.29	9.83	4	75
11/04/2015 12:45	10.37	9.88	11.83	7.9	10	4	75
11/04/2015 12:50	11.81	7.42	13.86	8.57	10.42	4	75
11/04/2015 12:55	9.57	8.59	10.2	7.43	8.95	4	75
11/04/2015 13:00	11.38	7.81	12.43	8.04	9.91	4	75
11/04/2015 13:05	11.71	8.3	13.59	8.36	10.49	4	75
11/04/2015 13:10	11.19	8.74	10.78	7.63	9.58	4	75
11/04/2015 13:15	12.65	11.91	12.85	8.72	11.53	4	75
11/04/2015 13:20	13.61	9.3	12.92	9.15	11.24	4	75
11/04/2015 13:25	12.65	9.48	12	8.68	10.7	4	75
11/04/2015 13:30	12.21	9.32	12.25	8.11	10.47	4	75
11/04/2015 13:35	15.05	11.83	13.9	9.62	12.6	4	75
11/04/2015 13:40	12.33	10.37	11.06	8.77	10.63	4	75
11/04/2015 13:45	18.49	12.97	15	9.66	14.03	4	75
11/04/2015 13:50	13.12	8.83	11.82	8.38	10.54	4	75
11/04/2015 13:55	17.74	15.29	16.06	11	15.02	4	75
11/04/2015 14:00	24.37	19.22	18.96	13.24	18.95	4	75
11/04/2015 14:05	13.99	10.47	15.68	11	12.79	4	75
11/04/2015 14:10	14.99	14.03	14.95	11.1	13.77	4	75
11/04/2015 14:15	12.87	11.15	12.21	8.77	11.25	4	75
11/04/2015 14:20	11.81	9.67	11.24	9	10.43	4	75
11/04/2015 14:25	40.8	30.81	30.2	16.49	29.58	4	75
11/04/2015 14:30	31.19	27.03	25.35	19.69	25.82	4	75
11/04/2015 14:35	28.11	34.94	25.43	22.05	27.63	4	75
11/04/2015 14:40	29.55	23.89	23.6	17.82	23.71	4	75
11/04/2015 14:45	14.97	12.34	15.5	11.55	13.59	4	75
11/04/2015 14:50	11.43	9.71	12.77	9.45	10.84	4	75
11/04/2015 14:55	13.7	11.22	13.95	9.96	12.21	4	75
11/04/2015 15:00	22.86	13.15	17.6	10.24	15.96	4	75
11/04/2015 15:05	24.62	17.08	21.61	14.08	19.35	4	75
11/04/2015 15:10	35.06	24.47	33.09	21.65	28.57	4	75
11/04/2015 15:15	24.32	22.45	17.46	15.25	19.87	4	75
11/04/2015 15:20	37.65	32.67	27.63	14.93	28.22	4	75
11/04/2015 15:25	17.93	16.38	17.36	12.63	16.08	4	75
11/04/2015 15:30	25.84	14.98	18.81	13.49	18.28	4	75
11/04/2015 15:35	34.76	23.13	25.58	16.99	25.12	4	75
11/04/2015 15:40	27.8	28.29	29.82	23.14	27.26	4	75
11/04/2015 15:45	26.52	22.42	21.59	17.17	21.92	4	75
11/04/2015 15:50	37.08	28.42	36.39	23.11	31.25	4	75
11/04/2015 15:55	30.18	23.29	22.92	20.24	24.16	4	75
11/04/2015 16:00	45.94	37.83	43.59	27.06	38.6	4	75
11/04/2015 16:05	41.45	31.68	40.42	30.32	35.97	4	75
11/04/2015 16:10	26.04	18.38	27.24	22.12	23.44	4	75
11/04/2015 16:15	31.36	27.17	32.75	17.27	27.14	4	75
11/04/2015 16:20	29.38	20.02	23.58	18.4	22.85	4	75
11/04/2015 16:25	36.73	32.71	35.09	21.32	31.46	4	75
11/04/2015 16:30	42.18	39.51	29.71	24.53	33.98	4	75
11/04/2015 16:35	28.92	19.37	23.25	17.84	22.35	4	75
11/04/2015 16:40	32.81	29.39	26.16	16.76	26.28	4	75
11/04/2015 16:45	37.42	35.6	31.6	23.5	32.03	4	75
11/04/2015 16:50	42.38	37.51	43.66	29.76	38.33	4	75
11/04/2015 16:55	31.32	33.48	26.8	24.88	29.12	4	75
11/04/2015 17:00	31.33	24.08	29.69	17.79	25.72	4	75
11/04/2015 17:05	40.07	33.49	33.67	19.87	31.77	4	75
11/04/2015 17:10	25.37	31.03	18.88	23.94	24.8	4	75
11/04/2015 17:15	40.46	34.48	30.96	22.6	32.12	4	75
11/04/2015 17:20	25.52	31.78	34.77	28.53	30.15	4	75
11/04/2015 17:25	28.43	22.52	24.1	20.29	23.83	4	75
11/04/2015 17:30	38.12	29.93	30.58	22.41	30.26	4	75
11/04/2015 17:35	32.26	27.88	28.53	23.03	27.93	4	75
11/04/2015 17:40	35.27	28.65	28.02	22.08	28.51	4	75
11/04/2015 17:45	21.71	28.38	21.86	19.92	22.97	4	75
11/04/2015 17:50	30.53	35.86	25.8	17.8	27.5	4	75
11/04/2015 17:55	35.82	24.97	26.8	19.7	26.82	4	75
11/04/2015 18:00	22.02	23.79	23.4	18.55	21.94	4	75
11/04/2015 18:05	31.92	23.63	24.45	15.97	23.99	4	75
11/04/2015 18:10	29.09	26.06	22.07	18.11	23.83	4	75
11/04/2015 18:15	25.3	19.88	27.36	21.03	23.39	4	75
11/04/2015 18:20	35.06	26.16	25.5	21.26	27	4	75
11/04/2015 18:25	31.21	34.46	24.49	19.4	27.39	4	75
11/04/2015 18:30	24.36	26.84	23.07	18.34	23.15	4	75
11/04/2015 18:35	25.73	29.71	20.95	16.68	23.27	4	75
11/04/2015 18:40	35.48	34.65	36.34	24.71	32.8	4	75
11/04/2015 18:45	34.54	35.99	35.49	24.21	32.56	4	75
11/04/2015 18:50	21.59	27.09	19.18	19.8	21.91	4	75
11/04/2015 18:55	27	32.9	24.01	14.21	24.53	4	75
11/04/2015 19:00	15.12	22.21	14.26	11.76	15.84	4	75
11/04/2015 19:05	16.14	19.53	15.46	11.53	15.66	4	75
11/04/2015 19:10	31.54	32.19	26.38	16.44	26.64	4	75
11/04/2015 19:15	22.73	22.3	18.31	13.31	19.16	4	75
11/04/2015 19:20	23.12	22.4	19.82	13.16	19.62	4	75
11/04/2015 19:25	20.88	26.17	19.29	13.11	19.86	4	75
11/04/2015 19:30	23.48	22.71	17.01	11.29	18.62	4	75
11/04/2015 19:35	17.89	18.29	16.27	12.88	16.33	4	75
11/04/2015 19:40	14.82	13.22	12.38	9.51	12.48	4	75
11/04/2015 19:45	11.8	16.64	11.22	8.87	12.13	4	75
11/04/2015 19:50	11.72	8.5	10.93	7.31	9.61	4	75
11/04/2015 19:55	11.9	14.18	9.89	7.84	10.95	4	75
11/04/2015 20:00	11.5	18.71	10.27	8.35	12.21	4	75
11/04/2015 20:05	11.64	17.24	10.84	8.39	12.03	4	75
11/04/2015 20:10	11.23	7.28	10.86	7.73	9.27	4	75
11/04/2015 20:15	12.07	17.77	11.13	8.78	12.44	4	75
11/04/2015 20:20	9.62	15.18	8.77	7.26	10.21	4	75
11/04/2015 20:25	11.54	15.06	10.1	7.56	11.06	4	75
11/04/2015 20:30	10.88	22.15	9.22	7.29	12.38	4	75
11/04/2015 20:35	9	9.4	9.58	6.95	8.73	4	75
11/04/2015 20:40	9.73	12.52	9.31	6.9	9.61	4	75
11/04/2015 20:45	9.28	19.52	7.83	6.39	10.76	4	75
11/04/2015 20:50	9.18	20.68	10.88	7.43	12.04	4	75
11/04/2015 20:55	7.59	26.4	7.88	5.72	11.9	4	75
11/04/2015 21:00	7.26	16.11	7.84	5.66	9.22	4	75
11/04/2015 21:05	8.8	16.56	8.33	6.13	9.95	4	75
11/04/2015 21:10	6.86	18.78	8.2	6.15	10	4	75
11/04/2015 21:15	8.08	5.7	7.08	5.1	6.49	4	75
11/04/2015 21:20	8.21	8.96	7.92	5.79	7.72	4	75
11/04/2015 21:25	7.42	12.02	6.48	4.84	7.69	4	75
11/04/2015 21:30	7.2	15.41	6.31	5.43	8.59	4	75
11/04/2015 21:35	8.57	24.19	7.71	5.97	11.61	4	75
11/04/2015 21:40	7.3	31.94	6.38	4.64	12.56	4	75
11/04/2015 21:45	7.27	18.94	7.51	5.55	9.82	4	75
11/04/2015 21:50	7.14	19.47	8.21	6.04	10.22	4	75
11/04/2015 21:55	6.2	24.9	7.13	5.41	10.91	4	75
11/04/2015 22:00	6.78	10.64	7.02	5.1	7.39	4	75
11/04/2015 22:05	6.39	4.47	6.81	4.98	5.66	4	75
11/04/2015 22:10	7.14	21.45	5.66	4.51	9.69	4	75
11/04/2015 22:15	8.78	7.71	7.21	5.18	7.22	4	75
11/04/2015 22:20	5.73	19.49	6.8	5.17	9.3	4	75
11/04/2015 22:25	5.45	12.03	5.83	4.08	6.85	4	75
11/04/2015 22:30	5	15.02	6.66	4.73	7.85	4	75
11/04/2015 22:35	6.02	14.66	5.85	4.3	7.71	4	75
11/04/2015 22:40	5.26	24.3	6.52	4.52	10.15	4	75
11/04/2015 22:45	4.27	23.64	5	3.62	9.13	4	75
11/04/2015 22:50	4.62	36.91	4.97	3.73	12.56	4	75
11/04/2015 22:55	4.21	12.51	5.76	4.09	6.64	4	75
11/04/2015 23:00	3.85	9.47	4.79	3.36	5.37	4	75
11/04/2015 23:05	4.8	24.6	4.97	3.77	9.54	4	75
11/04/2015 23:10	4.12	23.42	5.34	3.81	9.17	4	75
11/04/2015 23:15	4.32	8.83	4.28	3.24	5.17	4	75
11/04/2015 23:20	3.66	8.37	4.6	3.11	4.94	4	75
11/04/2015 23:25	3.83	15.66	3.99	3.11	6.65	4	75
11/04/2015 23:30	2.69	14.99	4.78	3.42	6.47	4	75
11/04/2015 23:35	3.02	4.3	3.85	2.87	3.51	4	75
11/04/2015 23:40	3.11	19.38	3.57	2.61	7.17	4	75
11/04/2015 23:45	3.52	15.04	5.42	3.59	6.89	4	75
11/04/2015 23:50	3.4	6.13	4.39	3.05	4.24	4	75
11/04/2015 23:55	2.2	16.28	3.45	2.32	6.06	4	75
11/05/2015 00:00	2.15	11.8	3.83	2.67	5.11	4	75
11/05/2015 00:05	2.5	2.5	3.58	2.16	2.68	4	75
11/05/2015 00:10	2.6	7.2	4.33	2.98	4.28	4	75
11/05/2015 00:15	2.49	2.22	4.51	2.51	2.93	4	75
11/05/2015 00:20	2.38	20.89	3.36	2.53	7.29	4	75
11/05/2015 00:25	2.53	14.34	4.11	2.92	5.98	4	75
11/05/2015 00:30	2.15	6	3.63	2.53	3.58	4	75
11/05/2015 00:35	1.06	9.42	2.67	1.76	3.73	4	75
11/05/2015 00:40	2.05	1.74	3	1.85	2.16	4	75
11/05/2015 00:45	1.16	27.43	3.25	2.23	8.52	4	75
11/05/2015 00:50	1.12	2.24	2.82	1.71	1.97	4	75
11/05/2015 00:55	1.05	20.2	3.14	2.03	6.6	4	75
11/05/2015 01:00	.83	1.44	2.66	1.4	1.58	4	75
11/05/2015 01:05	1.08	1.11	2.69	1.44	1.58	4	75
11/05/2015 01:10	1.18	14.69	1.71	1.1	4.67	4	75
11/05/2015 01:15	.62	1.02	3.14	1.44	1.56	4	75
11/05/2015 01:20	.96	.95	2.06	1.27	1.31	4	75
11/05/2015 01:25	1.22	6.01	2.16	1.39	2.69	4	75
11/05/2015 01:30	.78	33.41	2.73	1.72	9.66	4	75
11/05/2015 01:35	1.1	1.07	1.95	1.02	1.29	4	75
11/05/2015 01:40	1.41	13.88	1.86	1.27	4.61	4	75
11/05/2015 01:45	.81	1.54	2.07	1.23	1.41	4	75
11/05/2015 01:50	.68	.92	1.49	.9	1	4	75
11/05/2015 01:55	1.14	9.5	1.93	1.25	3.46	4	75
11/05/2015 02:00	.41	.95	1.55	.96	.97	4	75
11/05/2015 02:05	.27	.78	2.17	1.11	1.08	4	75
11/05/2015 02:10	.2	5	1.49	1.01	1.92	4	75
11/05/2015 02:15	.83	23.71	1.9	1.24	6.92	4	75
11/05/2015 02:20	.68	.95	2.4	1.17	1.3	4	75
11/05/2015 02:25	.39	.82	2.43	1.16	1.2	4	75
11/05/2015 02:30	.49	33.19	1.98	1.05	9.18	4	75
11/05/2015 02:35	.67	1.01	1.88	.93	1.12	4	75
11/05/2015 02:40	.46	.72	1.98	1.02	1.04	4	75
11/05/2015 02:45	.43	.92	3.1	1.47	1.48	4	75
11/05/2015 02:50	.44	.73	1.29	.82	.82	4	75
11/05/2015 02:55	.66	11.85	1.7	1.12	3.83	4	75
11/05/2015 03:00	.39	2.03	1.64	.88	1.23	4	75
11/05/2015 03:05	.26	.65	1.64	.81	.84	4	75
11/05/2015 03:10	.47	.59	2.47	1.11	1.16	4	75
11/05/2015 03:15	.35	.6	1.71	.92	.9	4	75
11/05/2015 03:20	.46	.71	1.38	.84	.85	4	75
11/05/2015 03:25	.27	14.07	3.9	2.49	5.18	4	75
11/05/2015 03:30	.38	.72	2.13	.85	1.02	4	75
11/05/2015 03:35	.69	.87	2.74	1.35	1.41	4	75
11/05/2015 03:40	.66	33.53	1.64	.94	9.19	4	75
11/05/2015 03:45	.73	4.69	1.91	1.15	2.12	4	75
11/05/2015 03:50	.52	13.61	2.02	1.35	4.37	4	75
11/05/2015 03:55	.56	.98	1.83	1.06	1.11	4	75
11/05/2015 04:00	.75	1.14	1.85	.96	1.18	4	75
11/05/2015 04:05	.79	17.56	2.16	1.24	5.44	4	75
11/05/2015 04:10	.72	.91	2.06	1.11	1.2	4	75
11/05/2015 04:15	1.07	5.41	3.3	2.2	2.99	4	75
11/05/2015 04:20	.8	2.39	1.3	1.04	1.38	4	75
11/05/2015 04:25	1.36	1.44	3.93	1.71	2.11	4	75
11/05/2015 04:30	1.1	1.08	2.34	1.15	1.42	4	75
11/05/2015 04:35	1.94	15.04	2.84	2.01	5.46	4	75
11/05/2015 04:40	1.92	1.98	5.06	2.48	2.86	4	75
11/05/2015 04:45	1.75	2.38	3.49	2.06	2.42	4	75
11/05/2015 04:50	1.89	19.03	3.03	1.97	6.48	4	75
11/05/2015 04:55	2.74	13.41	3.02	2.26	5.36	4	75
11/05/2015 05:00	2.41	27.39	3.7	2.37	8.97	4	75
11/05/2015 05:05	2.46	24.35	4.35	3.01	8.54	4	75
11/05/2015 05:10	3.67	20.1	4.69	3.34	7.95	4	75
11/05/2015 05:15	3.98	21.41	4.77	3.36	8.38	4	75
11/05/2015 05:20	4.37	18.26	6.24	4.34	8.3	4	75
11/05/2015 05:25	4.49	14.19	5.66	3.91	7.06	4	75
11/05/2015 05:30	5.2	18.51	5.67	3.84	8.3	4	75
11/05/2015 05:35	5.76	25.63	6.98	4.96	10.83	4	75
11/05/2015 05:40	7.06	20.91	7.78	5.76	10.38	4	75
11/05/2015 05:45	7.18	9.83	7.45	5.23	7.42	4	75
11/05/2015 05:50	8.36	26.19	8.2	5.92	12.17	4	75
11/05/2015 05:55	6.34	8.39	6.71	4.92	6.59	4	75
11/05/2015 06:00	6.82	11.46	6	4.25	7.13	4	75
11/05/2015 06:05	8.37	32.37	6.09	4.79	12.91	4	75
11/05/2015 06:10	8.67	29.59	6.32	4.52	12.28	4	75
11/05/2015 06:15	7.79	19.18	8.36	5.59	10.23	4	75
11/05/2015 06:20	7.79	23.77	7.45	5.35	11.09	4	75
11/05/2015 06:25	7.98	22.61	8.16	6.01	11.19	4	75
11/05/2015 06:30	10.44	15.18	7.09	5.2	9.48	4	75
11/05/2015 06:35	9.29	12.95	7.79	6.07	9.02	4	75
11/05/2015 06:40	11.08	17.39	10.08	7.29	11.46	4	75
11/05/2015 06:45	10.79	9.47	9.72	6.97	9.24	4	75
11/05/2015 06:50	9.81	16.48	8.77	6.48	10.39	4	75
11/05/2015 06:55	8.6	18.02	9.16	6.25	10.51	4	75
11/05/2015 07:00	8.65	15.44	8.3	6.31	9.68	4	75
11/05/2015 07:05	10.17	25.61	9.87	6.99	13.16	4	75
11/05/2015 07:10	10.66	20.39	9.98	7.27	12.07	4	75
11/05/2015 07:15	12.69	30.18	10.86	8.22	15.49	4	75
11/05/2015 07:20	12.55	16.11	11.47	9.24	12.34	4	75
11/05/2015 07:25	12.89	20.87	12.25	9.47	13.87	4	75
11/05/2015 07:30	11.61	17.02	10.21	7.96	11.7	4	75
11/05/2015 07:35	13.44	13.5	12.04	9.47	12.11	4	75
11/05/2015 07:40	12.22	23.08	12.11	8.67	14.02	4	75
11/05/2015 07:45	11.22	22.79	10.19	8.02	13.06	4	75
11/05/2015 07:50	10.81	18.22	10.73	8.79	12.14	4	75
11/05/2015 07:55	11.93	23.93	11.08	8.6	13.89	4	75
11/05/2015 08:00	13.27	20.03	11.12	8.48	13.22	4	75
11/05/2015 08:05	11.36	12.51	10.61	7.86	10.58	4	75
11/05/2015 08:10	11.29	16.53	11.27	8.08	11.79	4	75
11/05/2015 08:15	11.93	16.76	11.54	8.43	12.16	4	75
11/05/2015 08:20	11.4	18.43	10.72	8.17	12.18	4	75
11/05/2015 08:25	12.91	13.66	11.74	9.41	11.93	4	75
11/05/2015 08:30	13.7	24.9	12.75	9.47	15.21	4	75
11/05/2015 08:35	12.67	20.31	11.39	9.19	13.39	4	75
11/05/2015 08:40	25.46	24.69	18.42	13.55	20.53	4	75
11/05/2015 08:45	14.61	21.17	16.11	11.24	15.78	4	75
11/05/2015 08:50	12.95	16.18	11.53	9.22	12.47	4	75
11/05/2015 08:55	16.4	25.18	13.99	9.85	16.36	4	75
11/05/2015 09:00	10.49	12.92	10.85	8.03	10.57	4	75
11/05/2015 09:05	9.7	17.97	9.13	6.77	10.89	4	75
11/05/2015 09:10	8.98	10.81	9.81	7.26	9.21	4	75
11/05/2015 09:15	10.12	11.21	9.89	7.46	9.67	4	75
11/05/2015 09:20	9.47	13.79	10.33	7.61	10.3	4	75
11/05/2015 09:25	8.58	15.66	9.09	6.71	10.01	4	75
11/05/2015 09:30	9.56	18.8	8.16	6.16	10.67	4	75
11/05/2015 09:35	8.74	14.57	9.41	6.74	9.86	4	75
11/05/2015 09:40	8.65	9.74	8.56	6.56	8.38	4	75
11/05/2015 09:45	9.16	7.79	9.69	6.87	8.38	4	75
11/05/2015 09:50	9.52	9.59	10.83	6.95	9.22	4	75
11/05/2015 09:55	8.15	24.45	7.73	5.99	11.58	4	75
11/05/2015 10:00	8.9	13.6	9.61	7.08	9.8	4	75
11/05/2015 10:05	9	18.97	8.92	6.62	10.88	4	75
11/05/2015 10:10	8.47	6.28	8.41	5.65	7.2	4	75
11/05/2015 10:15	8.82	21.81	9.98	7.39	12	4	75
11/05/2015 10:20	10.4	15.08	10.58	7.5	10.89	4	75
11/05/2015 10:25	10.82	20.91	9.29	7.4	12.11	4	75
11/05/2015 10:30	10.08	8.44	11.17	7.15	9.21	4	75
11/05/2015 10:35	9.26	7.78	9.24	6.37	8.16	4	75
11/05/2015 10:40	11.01	15.57	10.77	8	11.34	4	75
11/05/2015 10:45	9.37	12.76	11.78	8.12	10.51	4	75
11/05/2015 10:50	8.58	6.74	9.01	6.46	7.7	4	75
11/05/2015 10:55	9.23	14.34	9.39	6.97	9.98	4	75
11/05/2015 11:00	9.72	7.78	11.41	6.93	8.96	4	75
11/05/2015 11:05	9.8	9.15	10.88	7.48	9.33	4	75
11/05/2015 11:10	8.76	8.46	11.3	7.18	8.93	4	75
11/05/2015 11:15	10.53	17.04	12.05	8.44	12.01	4	75
11/05/2015 11:20	10.72	7.71	12.52	8.04	9.75	4	75
11/05/2015 11:25	9.86	11.15	11.09	7.53	9.91	4	75
11/05/2015 11:30	9.17	8.37	10.58	7.14	8.82	4	75
11/05/2015 11:35	10.45	9.34	10.98	8.09	9.72	4	75
11/05/2015 11:40	10.98	11.52	12.02	7.95	10.62	4	75
11/05/2015 11:45	9.56	12.89	11.51	8.49	10.61	4	75
11/05/2015 11:50	10.56	7.61	10.73	7.57	9.12	4	75
11/05/2015 11:55	11.73	13.2	11.42	8.39	11.19	4	75
11/05/2015 12:00	9.39	8.16	11.42	7.77	9.18	4	75
11/05/2015 12:05	12.14	8.42	12.51	9	10.52	4	75
11/05/2015 12:10	12.13	11.12	13.4	9.08	11.43	4	75
11/05/2015 12:15	10.3	10.61	10.23	7.81	9.74	4	75
11/05/2015 12:20	10.93	7.06	12.18	8.66	9.71	4	75
11/05/2015 12:25	11.68	8.9	11.93	8.22	10.18	4	75
11/05/2015 12:30	11.08	8.32	11.4	8.17	9.74	4	75
11/05/2015 12:35	10.67	9.68	12.22	8.83	10.35	4	75
11/05/2015 12:40	11.63	7.92	12.46	7.91	9.98	4	75
11/05/2015 12:45	11.96	15.9	10.83	8.19	11.72	4	75
11/05/2015 12:50	12.19	11.2	12	8.2	10.9	4	75
11/05/2015 12:55	11.17	6.81	11.59	7.6	9.29	4	75
11/05/2015 13:00	11.48	12.62	11.57	8.46	11.03	4	75
11/05/2015 13:05	13.32	12.32	13	9.31	11.99	4	75
11/05/2015 13:10	11.98	8.01	12.1	8.33	10.11	4	75
11/05/2015 13:15	13.92	9.28	15.01	9.87	12.02	4	75
11/05/2015 13:20	12.57	18.14	11.99	9.05	12.94	4	75
11/05/2015 13:25	12.59	8.57	12.4	8.79	10.59	4	75
11/05/2015 13:30	11.76	8.9	12.85	8.91	10.6	4	75
11/05/2015 13:35	13.19	8.65	12.95	9.71	11.13	4	75
11/05/2015 13:40	13.24	13.45	13.55	10.06	12.57	4	75
11/05/2015 13:45	26.31	20.85	16.61	11.57	18.84	4	75
11/05/2015 13:50	13.57	12.27	15.59	11.2	13.16	4	75
11/05/2015 13:55	12.49	9.09	13.22	9.75	11.14	4	75
11/05/2015 14:00	13.34	15.11	13.5	10.47	13.11	4	75
11/05/2015 14:05	13.94	11.64	15.05	10.33	12.74	4	75
11/05/2015 14:10	28.96	18.61	18.11	12.47	19.54	4	75
11/05/2015 14:15	19.38	13.32	18.95	14.13	16.44	4	75
11/05/2015 14:20	14.42	11.57	14.03	11.04	12.76	4	75
11/05/2015 14:25	19.51	14.86	17.82	10.8	15.75	4	75
11/05/2015 14:30	21.3	20.19	18.28	14.36	18.53	4	75
11/05/2015 14:35	29.69	17.32	20.62	13.75	20.34	4	75
11/05/2015 14:40	24.77	19.29	24.51	15.91	21.12	4	75
11/05/2015 14:45	20.13	17.5	18.09	14.83	17.64	4	75
11/05/2015 14:50	33.45	25.53	29.16	13.44	25.39	4	75
11/05/2015 14:55	27.26	18.07	20.04	11.7	19.27	4	75
11/05/2015 15:00	20.36	12.55	15.36	8.8	14.27	4	75
11/05/2015 15:05	35.37	25.11	16.52	10.66	21.92	4	75
11/05/2015 15:10	25.91	19.78	19.89	11.71	19.32	4	75
11/05/2015 15:15	39.59	29.42	31.22	15.59	28.95	4	75
11/05/2015 15:20	45.9	37.4	36.55	22.59	35.61	4	75
11/05/2015 15:25	32.8	32.44	36.55	29.84	32.91	4	75
11/05/2015 15:30	22.81	25.64	18.71	18.08	21.31	4	75
11/05/2015 15:35	33.3	30.25	24.19	16.7	26.11	4	75
11/05/2015 15:40	34.23	29.53	35.71	18.26	29.43	4	75
11/05/2015 15:45	33.54	26.73	20.45	18.37	24.77	4	75
11/05/2015 15:50	30.7	22.78	24.48	16.44	23.6	4	75
11/05/2015 15:55	32.33	34.5	34.87	19.05	30.19	4	75
11/05/2015 16:00	36.89	34.51	27.82	23.64	30.71	4	75
11/05/2015 16:05	49.38	36.73	33.81	25.29	36.3	4	75
11/05/2015 16:10	34.5	28.15	34.62	26.5	30.94	4	75
11/05/2015 16:15	31.33	31.03	28.72	23.45	28.63	4	75
11/05/2015 16:20	37.37	30.94	36.28	23.34	31.98	4	75
11/05/2015 16:25	41.72	36.49	46.9	30.55	38.92	4	75
11/05/2015 16:30	23.72	33.23	22.49	24.02	25.87	4	75
11/05/2015 16:35	38.01	33.5	34.99	20.8	31.82	4	75
11/05/2015 16:40	38.31	42.69	37.42	30.17	37.15	4	75
11/05/2015 16:45	43.03	43.79	37.39	29.64	38.46	4	75
11/05/2015 16:50	29	34.67	26.42	24.97	28.77	4	75
11/05/2015 16:55	36.54	43.73	39.8	26.87	36.73	4	75
11/05/2015 17:00	47.42	36.49	44.53	31.03	39.87	4	75
11/05/2015 17:05	34.69	36.04	36.99	25.59	33.33	4	75
11/05/2015 17:10	45.61	39.16	40.43	28.63	38.46	4	75
11/05/2015 17:15	41.89	36.97	40.31	32.35	37.88	4	75
11/05/2015 17:20	38.56	28.76	30.41	23.57	30.33	4	75
11/05/2015 17:25	37.23	42.07	36.5	29.43	36.31	4	75
11/05/2015 17:30	29.45	27.69	29.14	24.21	27.62	4	75
11/05/2015 17:35	30.22	25.71	22.14	18.08	24.04	4	75
11/05/2015 17:40	43.91	30.8	33.87	22.08	32.66	4	75
11/05/2015 17:45	42.75	33.82	40.38	28.74	36.42	4	75
11/05/2015 17:50	39.59	33.09	34.32	27.49	33.62	4	75
11/05/2015 17:55	37.61	40.03	37.86	29.3	36.2	4	75
11/05/2015 18:00	33.19	38.93	36.05	25.9	33.52	4	75
11/05/2015 18:05	42.88	33.68	41.06	22.4	35	4	75
11/05/2015 18:10	36.6	35.49	35.82	27.99	33.98	4	75
11/05/2015 18:15	27.75	24.81	20.05	20.72	23.33	4	75
11/05/2015 18:20	38.06	41.72	32.18	22.69	33.66	4	75
11/05/2015 18:25	33.82	33.17	27.42	23.7	29.53	4	75
11/05/2015 18:30	42.7	46.88	34.71	28.22	38.13	4	75
11/05/2015 18:35	33.98	34.66	37.76	29.65	34.01	4	75
11/05/2015 18:40	29.23	33.76	29.19	23.81	29	4	75
11/05/2015 18:45	37.15	28.4	25.97	21.54	28.26	4	75
11/05/2015 18:50	39.92	32.5	33.88	26.7	33.25	4	75
11/05/2015 18:55	28.69	27.8	25.21	21.36	25.77	4	75
11/05/2015 19:00	21.54	28.22	22.92	19.25	22.98	4	75
11/05/2015 19:05	31.19	33.6	21.8	18.19	26.19	4	75
11/05/2015 19:10	32.41	32.91	31.86	22.74	29.98	4	75
11/05/2015 19:15	30.94	28.89	33.36	22.19	28.85	4	75
11/05/2015 19:20	38.39	32.94	30.5	21.97	30.95	4	75
11/05/2015 19:25	21.47	24.97	20.43	18.37	21.31	4	75
11/05/2015 19:30	22.07	25.18	18.29	14.41	19.99	4	75
11/05/2015 19:35	32.74	38.79	28.97	18.63	29.78	4	75
11/05/2015 19:40	18.87	30.37	16.76	17.3	20.82	4	75
11/05/2015 19:45	13.86	14.37	13.21	10.25	12.92	4	75
11/05/2015 19:50	25.48	24.16	17.95	13.34	20.23	4	75
11/05/2015 19:55	22.33	32.53	19.92	13.72	22.12	4	75
11/05/2015 20:00	21.46	18.87	16.98	11.5	17.2	4	75
11/05/2015 20:05	11.33	10.9	9.86	7.63	9.93	4	75
11/05/2015 20:10	11.57	15.67	10.42	8.71	11.59	4	75
11/05/2015 20:15	13.86	19.86	12.04	9.45	13.8	4	75
11/05/2015 20:20	11.04	18.87	10.5	7.96	12.09	4	75
11/05/2015 20:25	11.96	26.6	11.28	8.48	14.58	4	75
11/05/2015 20:30	12	18.08	10.75	8.53	12.34	4	75
11/05/2015 20:35	12.91	26.52	11.16	8.82	14.85	4	75
11/05/2015 20:40	12.69	10.79	11.51	8.02	10.75	4	75
11/05/2015 20:45	12.73	11.6	10.47	8.16	10.74	4	75
11/05/2015 20:50	10.08	21.37	9.31	7.3	12.01	4	75
11/05/2015 20:55	9.72	6.87	8.39	5.89	7.72	4	75
11/05/2015 21:00	2.87	15.19	4.54	2.79	6.35	4	75
11/05/2015 21:05	8.67	5.69	8.09	5.99	7.11	4	75
11/05/2015 21:10	11.87	25.34	10.98	8.06	14.06	4	75
11/05/2015 21:15	11.72	11.73	9.41	7.41	10.07	4	75
11/05/2015 21:20	9.17	10.28	9.18	7.03	8.92	4	75
11/05/2015 21:25	7.69	18.36	8.78	6.27	10.27	4	75
11/05/2015 21:30	8.61	17.43	7.35	5.73	9.78	4	75
11/05/2015 21:35	8.1	28.69	7.52	5.63	12.49	4	75
11/05/2015 21:40	7.16	6.89	6.09	4.89	6.26	4	75
11/05/2015 21:45	7.35	9.55	9.02	6.52	8.11	4	75
11/05/2015 21:50	8.6	20.81	8.42	5.88	10.93	4	75
11/05/2015 21:55	7.72	16.01	7.96	5.86	9.39	4	75
11/05/2015 22:00	7.52	20.5	7.56	5.6	10.3	4	75
11/05/2015 22:05	7.66	24.92	7.41	5.26	11.31	4	75
11/05/2015 22:10	8.04	23.04	8.44	6.3	11.46	4	75
11/05/2015 22:15	7.75	8.75	7.13	5.38	7.25	4	75
11/05/2015 22:20	7.09	12.41	6.4	4.7	7.65	4	75
11/05/2015 22:25	6.92	8.95	7.32	5.45	7.16	4	75
11/05/2015 22:30	5.86	11.29	5.71	4.31	6.79	4	75
11/05/2015 22:35	6.98	19.2	7.82	5.3	9.82	4	75
11/05/2015 22:40	6.78	11.03	6.87	4.99	7.42	4	75
11/05/2015 22:45	6.56	7.32	6.01	4.47	6.09	4	75
11/05/2015 22:50	4.73	11.57	4.94	4.28	6.38	4	75
11/05/2015 22:55	5.97	25.91	5.02	3.75	10.16	4	75
11/05/2015 23:00	4.83	11.37	5.66	4.1	6.49	4	75
11/05/2015 23:05	5.02	21.3	4.91	3.77	8.75	4	75
11/05/2015 23:10	4.31	18.77	6.7	4.79	8.64	4	75
11/05/2015 23:15	5.59	10.32	5.33	3.97	6.3	4	75
11/05/2015 23:20	4.16	11.11	4.9	3.47	5.91	4	75
11/05/2015 23:25	3.38	22.27	5.63	3.46	8.69	4	75
11/05/2015 23:30	4.13	20.07	4.32	2.97	7.87	4	75
11/05/2015 23:35	3.7	39.34	4.03	3.31	12.6	4	75
11/05/2015 23:40	3.61	16.07	4.21	3.1	6.75	4	75
11/05/2015 23:45	2.73	6.49	3.31	2.52	3.76	4	75
11/05/2015 23:50	3.37	9.81	4.08	3.13	5.1	4	75
11/05/2015 23:55	2.74	7.85	4.18	2.96	4.43	4	75
11/06/2015 00:00	2.58	14.5	3.64	2.52	5.81	4	75
11/06/2015 00:05	2.41	17.63	3.78	2.99	6.7	4	75
11/06/2015 00:10	3.15	17.79	3.7	2.96	6.9	4	75
11/06/2015 00:15	4.33	3.99	4.6	3.09	4	4	75
11/06/2015 00:20	2.69	2.43	2.89	1.93	2.48	4	75
11/06/2015 00:25	2.81	24.4	4.4	2.99	8.65	4	75
11/06/2015 00:30	2.7	3.05	3.67	2.38	2.95	4	75
11/06/2015 00:35	2.29	23.62	3.04	2.14	7.77	4	75
11/06/2015 00:40	1.73	31.03	3.3	2.34	9.6	4	75
11/06/2015 00:45	1.69	2.01	3.01	2.01	2.18	4	75
11/06/2015 00:50	1.92	34.31	3.14	2.21	10.39	4	75
11/06/2015 00:55	1.37	1.91	1.97	1.4	1.66	4	75
11/06/2015 01:00	1.68	24.03	2.55	1.74	7.5	4	75
11/06/2015 01:05	2.48	1.44	4.29	2.26	2.62	4	75
11/06/2015 01:10	1.92	25.12	2.98	1.99	8	4	75
11/06/2015 01:15	1.13	1.9	3.27	2.02	2.08	4	75
11/06/2015 01:20	1.28	8.54	2.01	1.46	3.32	4	75
11/06/2015 01:25	2.02	7.91	3.74	2.2	3.97	4	75
11/06/2015 01:30	1.63	33.65	3.13	2.08	10.12	4	75
11/06/2015 01:35	1.21	1.4	3.26	1.88	1.94	4	75
11/06/2015 01:40	1.28	7.91	2.38	1.57	3.28	4	75
11/06/2015 01:45	1.62	24.19	2.17	1.48	7.37	4	75
11/06/2015 01:50	1.27	1.52	2.24	1.44	1.62	4	75
11/06/2015 01:55	1.02	.84	2.9	1.36	1.53	4	75
11/06/2015 02:00	.87	1.4	2.26	1.37	1.48	4	75
11/06/2015 02:05	.6	1.04	2.08	1.22	1.24	4	75
11/06/2015 02:10	.39	19.29	2.69	1.68	6.01	4	75
11/06/2015 02:15	1.13	1.07	1.89	1.02	1.28	4	75
11/06/2015 02:20	1.16	7.26	1.67	1.15	2.81	4	75
11/06/2015 02:25	.71	1.23	2.54	1.15	1.41	4	75
11/06/2015 02:30	.88	1.08	2.23	1.17	1.34	4	75
11/06/2015 02:35	.47	.94	1.8	1.04	1.06	4	75
11/06/2015 02:40	.69	5.28	2.85	1.85	2.67	4	75
11/06/2015 02:45	.71	5.83	1.5	1.19	2.31	4	75
11/06/2015 02:50	.8	1.12	1.78	.86	1.14	4	75
11/06/2015 02:55	.41	.62	1.85	.81	.92	4	75
11/06/2015 03:00	.52	1.82	1.62	1.09	1.26	4	75
11/06/2015 03:05	.39	15.65	1.85	1.11	4.75	4	75
11/06/2015 03:10	.19	.61	1.33	.76	.72	4	75
11/06/2015 03:15	.12	1.01	1.58	.83	.89	4	75
11/06/2015 03:20	.47	.93	1.71	.76	.97	4	75
11/06/2015 03:25	.44	11.74	1.22	.79	3.55	4	75
11/06/2015 03:30	.19	1.9	2.92	1.59	1.65	4	75
11/06/2015 03:35	.58	.84	1.85	.86	1.03	4	75
11/06/2015 03:40	.5	.96	1.88	1.05	1.1	4	75
11/06/2015 03:45	.67	3.19	2.33	1.45	1.91	4	75
11/06/2015 03:50	.83	16.67	2.38	1.61	5.37	4	75
11/06/2015 03:55	.69	.67	1.95	1.09	1.1	4	75
11/06/2015 04:00	.52	.63	1.41	.64	.8	4	75
11/06/2015 04:05	.96	.74	2.56	1.07	1.33	4	75
11/06/2015 04:10	.72	33.31	2.24	1.58	9.46	4	75
11/06/2015 04:15	.98	1.85	2.96	1.76	1.89	4	75
11/06/2015 04:20	.91	49.89	2.78	1.75	13.83	4	75
11/06/2015 04:25	1.13	27.37	1.4	1.11	7.75	4	75
11/06/2015 04:30	.99	1.61	2.63	1.36	1.65	4	75
11/06/2015 04:35	2	1.24	2.71	1.66	1.9	4	75
11/06/2015 04:40	1.99	4.33	4.03	2.78	3.28	4	75
11/06/2015 04:45	1.81	9.22	3.57	2.16	4.19	4	75
11/06/2015 04:50	2.14	8.53	3.33	2.2	4.05	4	75
11/06/2015 04:55	2.1	5.79	5.11	3.32	4.08	4	75
11/06/2015 05:00	1.86	7.15	3.57	2.43	3.75	4	75
11/06/2015 05:05	2.12	12.91	4.42	3.05	5.63	4	75
11/06/2015 05:10	3.18	4.34	4.43	3.14	3.77	4	75
11/06/2015 05:15	4.12	33.12	5.98	3.98	11.8	4	75
11/06/2015 05:20	4.04	14.5	5.11	3.52	6.79	4	75
11/06/2015 05:25	4.08	25.86	4.08	2.83	9.21	4	75
11/06/2015 05:30	4.63	4.07	6.26	3.92	4.72	4	75
11/06/2015 05:35	5.5	24.07	6.34	4.59	10.13	4	75
11/06/2015 05:40	7.23	17.82	7.98	5.27	9.58	4	75
11/06/2015 05:45	7.4	22.83	7.3	5.11	10.66	4	75
11/06/2015 05:50	7.61	13.91	6.91	5.25	8.42	4	75
11/06/2015 05:55	6.93	26.23	8.42	6.03	11.9	4	75
11/06/2015 06:00	5.66	9.41	6.22	4.11	6.35	4	75
11/06/2015 06:05	7.01	15.92	6.72	4.52	8.54	4	75
11/06/2015 06:10	5.37	26.29	5.64	4.31	10.4	4	75
11/06/2015 06:15	9.03	19.56	7.82	5.8	10.55	4	75
11/06/2015 06:20	7.27	17.5	8.71	6.08	9.89	4	75
11/06/2015 06:25	8.53	9.43	8.06	5.95	7.99	4	75
11/06/2015 06:30	7.39	6.98	6.07	4.74	6.3	4	75
11/06/2015 06:35	9.4	25.13	10.07	6.62	12.81	4	75
11/06/2015 06:40	10.59	18.16	9.9	6.68	11.33	4	75
11/06/2015 06:45	9.12	27.84	8.61	6.29	12.97	4	75
11/06/2015 06:50	8.89	18.67	8.47	6.57	10.65	4	75
11/06/2015 06:55	8.9	8.76	10.75	7.24	8.91	4	75
11/06/2015 07:00	8.49	12.48	9.4	7	9.34	4	75
11/06/2015 07:05	10.56	13.89	10.49	7.62	10.64	4	75
11/06/2015 07:10	11.22	25.54	9.51	6.96	13.31	4	75
11/06/2015 07:15	9.91	21.99	9.64	7.41	12.24	4	75
11/06/2015 07:20	12.98	29.85	11.43	8.74	15.75	4	75
11/06/2015 07:25	12.53	25.62	11.37	8.22	14.43	4	75
11/06/2015 07:30	12.5	22.7	11.91	8.94	14.01	4	75
11/06/2015 07:35	11.52	18.89	12.26	8.68	12.84	4	75
11/06/2015 07:40	12.29	25.03	10.58	7.83	13.93	4	75
11/06/2015 07:45	12.07	22.93	11.09	8.8	13.72	4	75
11/06/2015 07:50	13.3	19.93	11.51	8.98	13.43	4	75
11/06/2015 07:55	11.57	21.42	11.89	8.84	13.43	4	75
11/06/2015 08:00	9.79	21.84	10.13	6.99	12.19	4	75
11/06/2015 08:05	12.8	23.92	11.96	8.85	14.38	4	75
11/06/2015 08:10	12	11.09	11.47	7.89	10.61	4	75
11/06/2015 08:15	11.85	14.55	11.99	9.11	11.88	4	75
11/06/2015 08:20	11.42	27.08	11.64	8.4	14.63	4	75
11/06/2015 08:25	13.27	17.79	11.33	8.92	12.83	4	75
11/06/2015 08:30	10.37	14.77	9.96	7.73	10.71	4	75
11/06/2015 08:35	10.09	8.23	11.66	7.22	9.3	4	75
11/06/2015 08:40	10.84	13.89	10.77	7.79	10.82	4	75
11/06/2015 08:45	10.03	15.69	10.9	7.76	11.09	4	75
11/06/2015 08:50	10.72	15.85	9.61	7.35	10.88	4	75
11/06/2015 08:55	9.44	11.55	9.62	6.98	9.4	4	75
11/06/2015 09:00	9.84	24.37	9.56	7.02	12.7	4	75
11/06/2015 09:05	9.03	23.58	8.79	6.57	11.99	4	75
11/06/2015 09:10	9.88	22.14	9.03	7.19	12.06	4	75
11/06/2015 09:15	9.63	15.57	8.76	6.33	10.07	4	75
11/06/2015 09:20	10	23.98	10.62	8.2	13.2	4	75
11/06/2015 09:25	11.17	18.59	11.37	8.02	12.29	4	75
11/06/2015 09:30	8.38	22.21	10.02	7.54	12.04	4	75
11/06/2015 09:35	8.97	16.51	8.99	6.82	10.32	4	75
11/06/2015 09:40	8.88	21.85	8.81	6.98	11.63	4	75
11/06/2015 09:45	9.58	10.38	8.69	6.74	8.85	4	75
11/06/2015 09:50	11.09	15.66	10.16	7.42	11.08	4	75
11/06/2015 09:55	7.6	18.53	8.78	6.49	10.35	4	75
11/06/2015 10:00	8.31	18.94	10.38	7.66	11.32	4	75
11/06/2015 10:05	9.64	14.86	10.65	7.57	10.68	4	75
11/06/2015 10:10	10.4	6.88	9.35	6.9	8.38	4	75
11/06/2015 10:15	8.98	13.18	8.11	6.49	9.19	4	75
11/06/2015 10:20	9.79	7.08	9.77	6.61	8.31	4	75
11/06/2015 10:25	10.07	16.07	11.02	8.09	11.31	4	75
11/06/2015 10:30	31.72	10.71	12.3	7.77	15.62	4	75
11/06/2015 10:35	16.59	20.97	9.24	7.37	13.54	4	75
11/06/2015 10:40	10.48	8.43	12.08	7.37	9.59	4	75
11/06/2015 10:45	10.95	12.7	12.21	8.83	11.17	4	75
11/06/2015 10:50	11.06	8.22	13.33	8.12	10.18	4	75
11/06/2015 10:55	10.37	8.1	9.74	6.91	8.78	4	75
11/06/2015 11:00	10.28	6.97	12.72	8.02	9.5	4	75
11/06/2015 11:05	9.78	8.29	12.13	7.43	9.41	4	75
11/06/2015 11:10	9.6	16.32	12.57	8.54	11.76	4	75
11/06/2015 11:15	10.35	8.42	12.83	8.67	10.07	4	75
11/06/2015 11:20	11.13	11.94	10.06	7.63	10.19	4	75
11/06/2015 11:25	11.64	26.7	10.89	7.98	14.3	4	75
11/06/2015 11:30	10.9	12.42	11.72	8.45	10.87	4	75
11/06/2015 11:35	11.36	16.13	11.38	8.28	11.79	4	75
11/06/2015 11:40	11.87	8.09	12.59	7.99	10.14	4	75
11/06/2015 11:45	11.23	8.07	11.64	8.14	9.77	4	75
11/06/2015 11:50	9.3	8.07	11.28	7.28	8.98	4	75
11/06/2015 11:55	11.42	11.07	10.03	7.79	10.08	4	75
11/06/2015 12:00	11.37	12.97	11.89	8.76	11.25	4	75
11/06/2015 12:05	12.14	7.49	11	8.04	9.67	4	75
11/06/2015 12:10	11.82	11.64	11.88	8.74	11.02	4	75
11/06/2015 12:15	13.57	9.23	14.02	9.42	11.56	4	75
11/06/2015 12:20	13.98	13.49	11.25	8.89	11.9	4	75
11/06/2015 12:25	12.5	8.44	12.65	8.05	10.41	4	75
11/06/2015 12:30	11.39	12.26	10.87	8.37	10.72	4	75
11/06/2015 12:35	12.61	15.55	13.48	9.61	12.81	4	75
11/06/2015 12:40	14.13	10.7	14.54	8.14	11.88	4	75
11/06/2015 12:45	26.62	17.52	19.85	10.76	18.69	4	75
11/06/2015 12:50	29.01	19.15	18.06	11.84	19.52	4	75
11/06/2015 12:55	31.62	20.13	20.05	12.52	21.08	4	75
11/06/2015 13:00	29.5	22.9	17.8	13.56	20.94	4	75
11/06/2015 13:05	25.89	19.82	28	13	21.68	4	75
11/06/2015 13:10	24.56	25.48	20.78	15.78	21.65	4	75
11/06/2015 13:15	25.35	16.17	17.65	12.59	17.94	4	75
11/06/2015 13:20	23.9	16.78	18.16	13.09	17.98	4	75
11/06/2015 13:25	36.86	31.18	37.29	17	30.58	4	75
11/06/2015 13:30	22.09	15.97	20.73	15.28	18.52	4	75
11/06/2015 13:35	34.34	23.37	25.98	14.45	24.54	4	75
11/06/2015 13:40	28.38	23.27	22.03	16.97	22.66	4	75
11/06/2015 13:45	21.99	20.28	20.05	15.1	19.36	4	75
11/06/2015 13:50	16.29	12.41	14.01	10.78	13.37	4	75
11/06/2015 13:55	32.52	19.5	22.11	13.65	21.94	4	75
11/06/2015 14:00	18.64	15.72	18.35	13.61	16.58	4	75
11/06/2015 14:05	20.44	15.14	17.26	12.48	16.33	4	75
11/06/2015 14:10	22.28	16.38	20.4	13.17	18.06	4	75
11/06/2015 14:15	30.08	28.54	27.14	17.57	25.83	4	75
11/06/2015 14:20	25.6	24.75	23.16	16.32	22.46	4	75
11/06/2015 14:25	38.68	22.45	29.77	15.52	26.61	4	75
11/06/2015 14:30	35.07	22.4	28.86	21.32	26.91	4	75
11/06/2015 14:35	24.48	18.9	22.91	16.93	20.81	4	75
11/06/2015 14:40	34.2	30.45	29.5	15.06	27.3	4	75
11/06/2015 14:45	26.69	16.73	23.32	18.31	21.26	4	75
11/06/2015 14:50	34.02	21.32	23.44	17.29	24.02	4	75
11/06/2015 14:55	33.46	23.06	23.82	19.44	24.94	4	75
11/06/2015 15:00	39.68	25.82	27.15	22.3	28.74	4	75
11/06/2015 15:05	38.07	30.78	34.7	22.1	31.41	4	75
11/06/2015 15:10	30.81	21.65	25.49	20.85	24.7	4	75
11/06/2015 15:15	39.36	41.67	36.51	25.13	35.67	4	75
11/06/2015 15:20	33.81	21.92	28.04	21.95	26.43	4	75
11/06/2015 15:25	38.47	24.77	27.67	20.79	27.92	4	75
11/06/2015 15:30	40.28	31.15	39.16	28.77	34.84	4	75
11/06/2015 15:35	32.14	31.01	27.26	23.5	28.48	4	75
11/06/2015 15:40	33.91	29.36	29.9	23.82	29.25	4	75
11/06/2015 15:45	32.35	29.83	31.6	23.15	29.23	4	75
11/06/2015 15:50	26.18	19.25	23.63	19.54	22.15	4	75
11/06/2015 15:55	40.06	33.49	31.24	21.09	31.47	4	75
11/06/2015 16:00	33.39	26.19	25.58	21.1	26.56	4	75
11/06/2015 16:05	41.31	38.19	32.85	26.65	34.75	4	75
11/06/2015 16:10	31.29	19.74	24.85	19.28	23.79	4	75
11/06/2015 16:15	28.63	21.32	26.18	17.66	23.45	4	75
11/06/2015 16:20	39.07	31.68	30.81	19.18	30.18	4	75
11/06/2015 16:25	37.69	28.92	30.48	22.4	29.87	4	75
11/06/2015 16:30	33.47	30.18	24.27	18.83	26.69	4	75
11/06/2015 16:35	34.43	29.68	33.63	18.77	29.13	4	75
11/06/2015 16:40	39.61	30.39	29.13	22.76	30.47	4	75
11/06/2015 16:45	31.86	29.28	24.46	22.86	27.11	4	75
11/06/2015 16:50	26.19	31.81	23.22	17.42	24.66	4	75
11/06/2015 16:55	28.49	29.64	25.65	19.09	25.72	4	75
11/06/2015 17:00	21.72	23.58	17.3	16.64	19.81	4	75
11/06/2015 17:05	30.39	21.85	25.08	15.4	23.18	4	75
11/06/2015 17:10	23.53	20.41	20.71	15.65	20.07	4	75
11/06/2015 17:15	17.34	15.28	17.57	13.66	15.96	4	75
11/06/2015 17:20	16.09	17.33	13.3	13.39	15.03	4	75
11/06/2015 17:25	19.5	20.62	15.08	16.11	17.83	4	75
11/06/2015 17:30	16.26	23.73	16.89	16.85	18.43	4	75
11/06/2015 17:35	30.81	27.99	22.2	15.63	24.16	4	75
11/06/2015 17:40	49.07	37.28	35.34	23.75	36.36	4	75
11/06/2015 17:45	33.22	34.37	28.22	23.28	29.77	4	75
11/06/2015 17:50	33.68	33.38	37.11	24.16	32.08	4	75
11/06/2015 17:55	35	38.32	33.93	25.55	33.2	4	75
11/06/2015 18:00	24.3	42.12	35.71	26.05	32.05	4	75
11/06/2015 18:05	17.89	20.68	14.53	17.65	17.69	4	75
11/06/2015 18:10	19.52	27.46	17.59	13.63	19.55	4	75
11/06/2015 18:15	26.97	24.37	17.21	13.29	20.46	4	75
11/06/2015 18:20	41.52	27.05	31.28	16.43	29.07	4	75
11/06/2015 18:25	33.81	36.91	36.09	25.8	33.15	4	75
11/06/2015 18:30	29.18	25.62	23.4	21.3	24.87	4	75
11/06/2015 18:35	34.34	31.36	27.08	20.21	28.25	4	75
11/06/2015 18:40	29.28	34.26	18.79	18.13	25.12	4	75
11/06/2015 18:45	17.42	16.42	15.26	12.63	15.43	4	75
11/06/2015 18:50	24.92	27.26	19.96	15.37	21.88	4	75
11/06/2015 18:55	40.78	36.11	28.68	20.55	31.53	4	75
11/06/2015 19:00	23.87	29.35	18.14	17.79	22.29	4	75
11/06/2015 19:05	24.45	21.33	15.66	12.68	18.53	4	75
11/06/2015 19:10	18.8	23.82	17.01	13.73	18.34	4	75
11/06/2015 19:15	21.39	17.94	15.66	10.53	16.38	4	75
11/06/2015 19:20	28.43	22.52	23.56	11.67	21.55	4	75
11/06/2015 19:25	15.59	21.53	15.49	10.98	15.9	4	75
11/06/2015 19:30	24.11	20.57	17.63	11.25	18.39	4	75
11/06/2015 19:35	14.24	18.25	12.07	8.86	13.36	4	75
11/06/2015 19:40	10.74	17.85	11.07	8.51	12.04	4	75
11/06/2015 19:45	10.38	6.81	9.95	7.47	8.65	4	75
11/06/2015 19:50	10.74	22.66	9.77	7.86	12.76	4	75
11/06/2015 19:55	10.66	16.23	10.99	8.3	11.54	4	75
11/06/2015 20:00	11	7.17	10.83	7.46	9.12	4	75
11/06/2015 20:05	12.19	22.74	10.8	8.53	13.57	4	75
11/06/2015 20:10	12.1	20.22	12.34	8.39	13.26	4	75
11/06/2015 20:15	11.09	18.63	11.34	8.34	12.35	4	75
11/06/2015 20:20	13.29	18.57	10.24	7.98	12.52	4	75
11/06/2015 20:25	12.11	24.2	10.72	8.53	13.89	4	75
11/06/2015 20:30	10.93	17.58	9.38	7.05	11.23	4	75
11/06/2015 20:35	10.22	18.68	9.7	7.51	11.53	4	75
11/06/2015 20:40	11.32	18.3	9.59	7.44	11.66	4	75
11/06/2015 20:45	9.82	8.96	9.78	6.76	8.83	4	75
11/06/2015 20:50	11.2	15.78	9.45	7.23	10.91	4	75
11/06/2015 20:55	10.63	11.53	8.01	6.62	9.2	4	75
11/06/2015 21:00	8.94	6.01	10.46	6.1	7.88	4	75
11/06/2015 21:05	8.22	12.97	7.13	5.71	8.51	4	75
11/06/2015 21:10	9.79	10.9	8.53	6.94	9.04	4	75
11/06/2015 21:15	9.69	24.51	9.74	6.57	12.63	4	75
11/06/2015 21:20	6.77	12.52	6.28	5.35	7.73	4	75
11/06/2015 21:25	8.12	22.89	8.55	6.58	11.54	4	75
11/06/2015 21:30	8.86	18.87	7.61	5.89	10.31	4	75
11/06/2015 21:35	8.74	9.93	8.04	5.62	8.08	4	75
11/06/2015 21:40	8.2	26.76	8.21	6.21	12.35	4	75
11/06/2015 21:45	6.11	13.49	6.46	5.04	7.78	4	75
11/06/2015 21:50	7.46	30.87	7.31	5.33	12.74	4	75
11/06/2015 21:55	6.89	25.5	7.23	5.43	11.26	4	75
11/06/2015 22:00	7.27	7.63	7.57	5.58	7.01	4	75
11/06/2015 22:05	6.73	23.23	6.86	5.31	10.53	4	75
11/06/2015 22:10	8.94	14.6	8.16	5.61	9.33	4	75
11/06/2015 22:15	6.78	10.22	8.02	6	7.75	4	75
11/06/2015 22:20	7.68	25.33	7.74	5.31	11.52	4	75
11/06/2015 22:25	7.37	21.43	7.08	5.45	10.33	4	75
11/06/2015 22:30	6.39	9.36	6.49	4.9	6.78	4	75
11/06/2015 22:35	7.13	7.86	7.62	5.42	7.01	4	75
11/06/2015 22:40	5.62	21.7	5.99	4.73	9.51	4	75
11/06/2015 22:45	7	17.83	6.72	4.99	9.13	4	75
11/06/2015 22:50	6.19	11.43	6.16	4.43	7.05	4	75
11/06/2015 22:55	5.3	26.8	5.67	4.58	10.59	4	75
11/06/2015 23:00	5.2	13.98	7.12	5.12	7.85	4	75
11/06/2015 23:05	4.87	18.69	5.64	4.18	8.34	4	75
11/06/2015 23:10	6.75	17.29	7.3	5.03	9.09	4	75
11/06/2015 23:15	5.17	17.73	6.45	4.6	8.49	4	75
11/06/2015 23:20	4.97	23.77	6.37	4.79	9.97	4	75
11/06/2015 23:25	5.39	16.05	5.17	3.83	7.61	4	75
11/06/2015 23:30	5.28	18.38	5.66	3.78	8.27	4	75
11/06/2015 23:35	5.19	33.01	5.79	4.34	12.08	4	75
11/06/2015 23:40	4.53	14.92	5.31	3.85	7.15	4	75
11/06/2015 23:45	4.09	14.32	5.36	3.89	6.92	4	75
11/06/2015 23:50	4.03	14.82	4.03	3.31	6.55	4	75
11/06/2015 23:55	4.08	20	4.45	3.24	7.94	4	75
11/07/2015 00:00	3.21	10.49	4.76	3.47	5.48	4	75
11/07/2015 00:05	3.26	12.05	4.51	3.11	5.73	4	75
11/07/2015 00:10	3.82	3.19	3.64	2.61	3.31	4	75
11/07/2015 00:15	3.92	14.39	4.37	3.15	6.46	4	75
11/07/2015 00:20	2.99	3.4	4.59	3.11	3.52	4	75
11/07/2015 00:25	3.85	3.84	4.46	2.98	3.78	4	75
11/07/2015 00:30	3.13	2.62	4.41	2.63	3.2	4	75
11/07/2015 00:35	2.44	4.7	3.9	2.93	3.49	4	75
11/07/2015 00:40	2.91	6.14	3.91	2.63	3.9	4	75
11/07/2015 00:45	2.42	13.72	4.49	3.14	5.94	4	75
11/07/2015 00:50	3.11	19.36	3.8	2.55	7.2	4	75
11/07/2015 00:55	2.08	23.65	2.96	2.16	7.71	4	75
11/07/2015 01:00	2.21	2.67	3.32	2.21	2.6	4	75
11/07/2015 01:05	1.82	11.32	3.57	2.56	4.82	4	75
11/07/2015 01:10	2.41	2.33	3.38	1.9	2.51	4	75
11/07/2015 01:15	1.89	14.7	3.82	2.49	5.73	4	75
11/07/2015 01:20	1.96	19.38	3.64	2.57	6.89	4	75
11/07/2015 01:25	1.44	2.05	3.57	1.93	2.25	4	75
11/07/2015 01:30	1.68	1.4	2.67	1.53	1.82	4	75
11/07/2015 01:35	1.37	3.16	2.48	1.67	2.17	4	75
11/07/2015 01:40	1.64	11.94	2.75	1.81	4.53	4	75
11/07/2015 01:45	2.32	1.35	2.49	1.58	1.93	4	75
11/07/2015 01:50	1.23	11.37	2.72	1.85	4.29	4	75
11/07/2015 01:55	1.4	1.45	1.7	1.02	1.39	4	75
11/07/2015 02:00	.82	1.22	2.64	1.33	1.5	4	75
11/07/2015 02:05	1.61	15.18	2.48	1.63	5.22	4	75
11/07/2015 02:10	1.42	2.38	2.82	1.79	2.1	4	75
11/07/2015 02:15	2.01	1.59	2.98	1.91	2.12	4	75
11/07/2015 02:20	1.55	1.33	1.83	1.06	1.44	4	75
11/07/2015 02:25	1.36	21.3	2.45	1.67	6.7	4	75
11/07/2015 02:30	1.2	1.55	2.37	1.34	1.61	4	75
11/07/2015 02:35	1.14	24.52	1.96	1.28	7.23	4	75
11/07/2015 02:40	1.28	1.61	2.72	1.55	1.79	4	75
11/07/2015 02:45	.86	2.75	2.28	1.52	1.85	4	75
11/07/2015 02:50	1.16	24.77	3.11	1.86	7.72	4	75
11/07/2015 02:55	1.06	1.1	2.75	1.35	1.56	4	75
11/07/2015 03:00	1.01	11.34	2.22	1.36	3.98	4	75
11/07/2015 03:05	.79	1.3	2.91	1.37	1.59	4	75
11/07/2015 03:10	.81	1.33	2	1.09	1.31	4	75
11/07/2015 03:15	1.05	.99	2.28	1.03	1.34	4	75
11/07/2015 03:20	.83	28.34	2.71	1.64	8.38	4	75
11/07/2015 03:25	.7	.87	1.28	.64	.87	4	75
11/07/2015 03:30	.58	4.04	2.08	1.35	2.01	4	75
11/07/2015 03:35	.68	24.17	2.32	1.29	7.11	4	75
11/07/2015 03:40	.75	.86	2.02	1.1	1.18	4	75
11/07/2015 03:45	.44	.69	1.22	.73	.77	4	75
11/07/2015 03:50	.61	26.15	1.69	1.1	7.39	4	75
11/07/2015 03:55	.37	1.26	2.05	1.04	1.18	4	75
11/07/2015 04:00	.46	.69	2.26	.86	1.07	4	75
11/07/2015 04:05	.42	.62	1.35	.58	.74	4	75
11/07/2015 04:10	.47	11.73	2.08	1.21	3.87	4	75
11/07/2015 04:15	.48	1.16	1.3	.73	.92	4	75
11/07/2015 04:20	.53	1.44	1.52	.94	1.11	4	75
11/07/2015 04:25	.97	40.94	1.67	1.07	11.16	4	75
11/07/2015 04:30	1.1	1.3	1.81	1.3	1.38	4	75
11/07/2015 04:35	.9	1.15	2.13	1.35	1.38	4	75
11/07/2015 04:40	1.26	12.35	2.36	1.68	4.41	4	75
11/07/2015 04:45	1.24	14.01	3.32	2.01	5.14	4	75
11/07/2015 04:50	1.08	19.86	2.21	1.59	6.18	4	75
11/07/2015 04:55	.81	15.25	2.25	1.34	4.91	4	75
11/07/2015 05:00	1.07	17.77	2.57	1.83	5.81	4	75
11/07/2015 05:05	1.37	1.73	2.08	1.27	1.61	4	75
11/07/2015 05:10	.96	45.22	1.61	1.26	12.26	4	75
11/07/2015 05:15	1.85	6.69	2.66	1.79	3.25	4	75
11/07/2015 05:20	1.37	1.63	2.52	1.51	1.76	4	75
11/07/2015 05:25	2.11	37.2	3.33	2.26	11.23	4	75
11/07/2015 05:30	1.69	1.63	2.92	1.85	2.02	4	75
11/07/2015 05:35	1.98	1.8	3.42	2.08	2.32	4	75
11/07/2015 05:40	2.87	27.78	4.33	3.12	9.52	4	75
11/07/2015 05:45	2.75	10.32	4.57	3.23	5.22	4	75
11/07/2015 05:50	2.48	18.33	4.05	2.84	6.93	4	75
11/07/2015 05:55	2.53	2.66	3.53	2.26	2.74	4	75
11/07/2015 06:00	2.51	7.94	4.34	2.97	4.44	4	75
11/07/2015 06:05	2.11	11.37	3.96	2.65	5.02	4	75
11/07/2015 06:10	3.7	4.59	3.81	2.97	3.77	4	75
11/07/2015 06:15	3.41	18.71	4.44	3.09	7.41	4	75
11/07/2015 06:20	4.01	13.48	4.11	2.97	6.14	4	75
11/07/2015 06:25	4.76	6.28	4.92	3.59	4.89	4	75
11/07/2015 06:30	4.81	3.71	5.94	3.75	4.55	4	75
11/07/2015 06:35	4.84	3.43	4.8	3.34	4.1	4	75
11/07/2015 06:40	4.87	4.34	4.69	3.38	4.32	4	75
11/07/2015 06:45	4.5	11.84	6.33	4.5	6.79	4	75
11/07/2015 06:50	5.61	24.67	5.82	4.35	10.11	4	75
11/07/2015 06:55	6.15	4.97	5.7	3.64	5.12	4	75
11/07/2015 07:00	5.28	28.56	5.18	4.19	10.8	4	75
11/07/2015 07:05	5.74	22.41	5.06	3.88	9.27	4	75
11/07/2015 07:10	5.76	22.3	6.9	4.99	9.99	4	75
11/07/2015 07:15	5.81	35.96	7.16	5.61	13.63	4	75
11/07/2015 07:20	8.15	28.71	7.56	4.94	12.34	4	75
11/07/2015 07:25	7.63	25.23	7.93	5.66	11.61	4	75
11/07/2015 07:30	7.69	6.8	6.67	4.92	6.52	4	75
11/07/2015 07:35	9.56	7.33	10.22	6.94	8.51	4	75
11/07/2015 07:40	6.52	15.34	7.31	4.63	8.45	4	0
11/07/2015 07:45	7.57	21.68	7.35	5.62	10.55	4	75
11/07/2015 07:50	7.41	34.7	7.41	4.88	13.6	4	75
11/07/2015 07:55	6.86	21.93	7.12	5.42	10.33	4	75
11/07/2015 08:00	7.38	17.96	7.21	5.55	9.53	4	75
11/07/2015 08:05	6.53	21.68	7.34	5.6	10.29	4	75
11/07/2015 08:10	7.63	7.97	9.44	5.97	7.75	4	75
11/07/2015 08:15	9.14	20.89	7.99	6.24	11.06	4	75
11/07/2015 08:20	7.86	17.14	7.15	5.41	9.39	4	75
11/07/2015 08:25	7.52	16.36	7.92	5.58	9.35	4	75
11/07/2015 08:30	8.93	14.3	9.61	6.91	9.94	4	75
11/07/2015 08:35	7.68	17.1	8	5.99	9.69	4	75
11/07/2015 08:40	9.23	30.3	9.28	6.95	13.94	4	75
11/07/2015 08:45	8.3	19.3	8.03	6.48	10.53	4	75
11/07/2015 08:50	9.67	13.82	9.04	6.77	9.83	4	75
11/07/2015 08:55	8.86	8.4	7.99	6.02	7.82	4	75
11/07/2015 09:00	9.4	17.97	8.02	6.03	10.35	4	75
11/07/2015 09:05	8.8	21.55	8.8	6.98	11.53	4	75
11/07/2015 09:10	9.27	30.56	8.63	6	13.61	4	75
11/07/2015 09:15	9.77	22.89	10.47	7.64	12.69	4	75
11/07/2015 09:20	10.29	10.97	9.79	7.54	9.65	4	75
11/07/2015 09:25	11.06	8.85	9.62	6.84	9.09	4	75
11/07/2015 09:30	11.32	22.75	9.93	7.16	12.79	4	75
11/07/2015 09:35	10.09	14.8	10.09	7.55	10.63	4	75
11/07/2015 09:40	9.99	11.17	9.33	7.29	9.44	4	75
11/07/2015 09:45	10.72	27.32	10.87	8.05	14.24	4	75
11/07/2015 09:50	9.98	20.68	8.99	6.96	11.65	4	75
11/07/2015 09:55	11.15	10.34	8.8	6.77	9.27	4	75
11/07/2015 10:00	11.38	15.05	10.68	7.86	11.24	4	75
11/07/2015 10:05	11.16	14.28	9.89	7.91	10.81	4	75
11/07/2015 10:10	11.77	22.82	10.2	7.59	13.1	4	75
11/07/2015 10:15	10.63	10.81	9.63	7.46	9.63	4	75
11/07/2015 10:20	10.87	7.48	9.6	7.05	8.75	4	75
11/07/2015 10:25	12.1	11.43	11.59	8.16	10.82	4	75
11/07/2015 10:30	10.38	17.09	9.98	7.63	11.27	4	75
11/07/2015 10:35	12.32	8.65	10.45	7.31	9.68	4	75
11/07/2015 10:40	10.38	12.16	9.66	7.43	9.91	4	75
11/07/2015 10:45	12.37	14.9	10.12	7.87	11.31	4	75
11/07/2015 10:50	10.03	7.29	10.38	6.97	8.67	4	75
11/07/2015 10:55	10.16	7.94	11.42	8.34	9.46	4	75
11/07/2015 11:00	10.55	17.87	10.12	7.6	11.54	4	75
11/07/2015 11:05	10.55	15.69	10.02	7.84	11.03	4	75
11/07/2015 11:10	12.27	8.45	10.08	7.06	9.46	4	75
11/07/2015 11:15	12.66	8.71	11.96	8	10.33	4	75
11/07/2015 11:20	12.92	7.88	11.16	7.29	9.81	4	75
11/07/2015 11:25	10.47	7.32	10.57	7.57	8.98	4	75
11/07/2015 11:30	11.83	19.4	11.64	8.82	12.92	4	75
11/07/2015 11:35	11.28	9.41	11.23	7.58	9.88	4	75
11/07/2015 11:40	11.41	7.84	10.88	7.11	9.31	4	75
11/07/2015 11:45	10.32	7.73	9.48	6.85	8.6	4	75
11/07/2015 11:50	9.05	8.81	8.51	6.38	8.19	4	75
11/07/2015 11:55	9.91	8.91	8.96	6.59	8.59	4	75
11/07/2015 12:00	10.59	9.92	10.11	7.34	9.49	4	75
11/07/2015 12:05	11	8.56	10.79	7.6	9.49	4	75
11/07/2015 12:10	11.19	8.82	11.57	8.07	9.91	4	75
11/07/2015 12:15	11.65	8.23	11.23	7.83	9.73	4	75
11/07/2015 12:20	10.14	9.43	9.82	7.14	9.13	4	75
11/07/2015 12:25	10.08	9.04	11.37	7.71	9.55	4	75
11/07/2015 12:30	11.42	6.79	9.94	6.97	8.78	4	75
11/07/2015 12:35	9.46	8.13	9.45	6.62	8.42	4	75
11/07/2015 12:40	7.38	6.47	8.76	5.61	7.05	4	75
11/07/2015 12:45	7.72	8.73	7.47	5.56	7.37	4	75
11/07/2015 12:50	7.69	6.73	9.77	6.5	7.67	4	75
11/07/2015 12:55	7.58	6.01	8.66	6.27	7.13	4	75
11/07/2015 13:00	7.25	6.21	9.13	5.7	7.07	4	75
11/07/2015 13:05	8.84	8.47	8.01	6.06	7.84	4	75
11/07/2015 13:10	10.42	7.41	11.42	7.82	9.27	4	75
11/07/2015 13:15	11.37	14.99	11.48	8.74	11.64	4	75
11/07/2015 13:20	11.07	9.12	10.93	7.99	9.78	4	75
11/07/2015 13:25	11.66	9.94	9.62	7.23	9.61	4	75
11/07/2015 13:30	10.97	10.24	10.16	7.48	9.71	4	75
11/07/2015 13:35	10.72	7.67	9.89	7.13	8.85	4	75
11/07/2015 13:40	11.08	8.15	10.42	7.34	9.25	4	75
11/07/2015 13:45	10.66	8.33	10.17	6.96	9.03	4	75
11/07/2015 13:50	11.29	8	11.13	7.85	9.57	4	75
11/07/2015 13:55	10.71	12.38	9.56	7.8	10.11	4	75
11/07/2015 14:00	11.21	7.8	11.19	7.89	9.52	4	75
11/07/2015 14:05	10.66	7.99	10.59	7.61	9.21	4	75
11/07/2015 14:10	10.88	8.51	10.93	7.74	9.52	4	75
11/07/2015 14:15	10.59	10.43	11.74	8.07	10.21	4	75
11/07/2015 14:20	11.16	9.32	10.83	7.22	9.63	4	75
11/07/2015 14:25	11.2	12.73	10.43	8.46	10.7	4	75
11/07/2015 14:30	10.76	8.01	9.83	7.12	8.93	4	75
11/07/2015 14:35	11.02	8.22	9.43	6.88	8.89	4	75
11/07/2015 14:40	12.3	8.97	10.64	7.76	9.92	4	75
11/07/2015 14:45	11.19	10.56	10.16	7.66	9.89	4	75
11/07/2015 14:50	12.19	10.31	11.44	8.17	10.53	4	75
11/07/2015 14:55	10.71	7.7	8.9	6.88	8.55	4	75
11/07/2015 15:00	11.3	9.75	10.08	7.39	9.63	4	75
11/07/2015 15:05	10.73	12.43	11.18	8.3	10.66	4	75
11/07/2015 15:10	11.63	17.49	10.63	7.84	11.9	4	75
11/07/2015 15:15	11.58	12.84	10.75	8.42	10.9	4	75
11/07/2015 15:20	10.96	18.42	10.05	7.96	11.85	4	75
11/07/2015 15:25	11.62	12.38	9.49	7.56	10.26	4	75
11/07/2015 15:30	9.85	8.04	8.61	6.34	8.21	4	75
11/07/2015 15:35	11.47	9.51	11.59	8.54	10.28	4	75
11/07/2015 15:40	11.81	16.1	11.43	8.65	12	4	75
11/07/2015 15:45	12.08	11.88	11.43	8.54	10.98	4	75
11/07/2015 15:50	11.89	16.01	12.15	8.9	12.24	4	75
11/07/2015 15:55	10.29	20.18	9.08	7.16	11.68	4	75
11/07/2015 16:00	10.03	11.61	9.67	7.84	9.79	4	75
11/07/2015 16:05	11.51	13.8	11.42	8.46	11.3	4	75
11/07/2015 16:10	11.63	12.25	10.28	7.84	10.5	4	75
11/07/2015 16:15	10.29	8.4	10.14	7.03	8.96	4	75
11/07/2015 16:20	10.38	9.36	9.4	6.93	9.02	4	75
11/07/2015 16:25	11.17	14.17	10.51	8.34	11.05	4	75
11/07/2015 16:30	10.88	19.48	9.89	7.92	12.04	4	75
11/07/2015 16:35	11.53	23.97	11.12	8.39	13.75	4	75
11/07/2015 16:40	11.59	15.81	11.36	8.98	11.94	4	75
11/07/2015 16:45	11.32	16.16	10.09	8.57	11.53	4	75
11/07/2015 16:50	12.69	13.66	11.57	9.09	11.75	4	75
11/07/2015 16:55	11.83	9.69	11.93	8.4	10.46	4	75
11/07/2015 17:00	11.76	20.22	10.99	8.56	12.88	4	75
11/07/2015 17:05	10.49	12.78	10.58	8.54	10.6	4	75
11/07/2015 17:10	11.05	17.71	11.13	7.6	11.87	4	75
11/07/2015 17:15	11.07	9.63	10.54	7.54	9.69	4	75
11/07/2015 17:20	10.53	32.53	10.71	8.34	15.53	4	75
11/07/2015 17:25	12.38	20.54	11.18	8.2	13.07	4	75
11/07/2015 17:30	10.89	19.51	10.38	8.04	12.2	4	75
11/07/2015 17:35	11.43	14.45	11.05	8.25	11.3	4	75
11/07/2015 17:40	11.18	10.88	10.25	7.81	10.03	4	75
11/07/2015 17:45	11.28	20.07	8.78	7.37	11.87	4	75
11/07/2015 17:50	13.12	21.44	10.66	8.33	13.39	4	75
11/07/2015 17:55	10.42	9.32	9.57	6.98	9.07	4	75
11/07/2015 18:00	10.21	12.85	9.82	7.66	10.14	4	75
11/07/2015 18:05	11.11	22.53	10.83	8.03	13.13	4	75
11/07/2015 18:10	12.38	8.64	10.36	7.7	9.77	4	75
11/07/2015 18:15	11.37	26.49	10.76	8.36	14.25	4	75
11/07/2015 18:20	11.41	10.88	9.56	7.54	9.85	4	75
11/07/2015 18:25	12.32	17.98	11.14	8.3	12.44	4	75
11/07/2015 18:30	12.36	27.35	11.16	8.2	14.77	4	75
11/07/2015 18:35	10.88	13.37	9.41	7.31	10.24	4	75
11/07/2015 18:40	10.82	16.52	9.35	7.17	10.97	4	75
11/07/2015 18:45	10.7	25.27	8.9	7.07	12.98	4	75
11/07/2015 18:50	10.09	14.12	10.16	7.98	10.59	4	75
11/07/2015 18:55	9.7	19.79	10.03	7.18	11.67	4	75
11/07/2015 19:00	11.7	17.4	10.64	7.66	11.85	4	75
11/07/2015 19:05	9.12	21.35	7.58	6.13	11.04	4	75
11/07/2015 19:10	10.72	13.21	9.82	7.48	10.31	4	75
11/07/2015 19:15	10.51	29.49	8.69	6.53	13.81	4	75
11/07/2015 19:20	10.07	16.91	10.1	7.25	11.08	4	75
11/07/2015 19:25	9.02	17.13	8.83	7.03	10.5	4	75
11/07/2015 19:30	10.78	23.9	8.73	6.75	12.54	4	75
11/07/2015 19:35	9.47	16.57	8.47	6.25	10.19	4	75
11/07/2015 19:40	9.47	13.63	7.95	6.32	9.34	4	75
11/07/2015 19:45	10.34	26.85	8.74	6.73	13.16	4	75
11/07/2015 19:50	7.82	17.42	6.18	5.22	9.16	4	75
11/07/2015 19:55	9.82	20.03	8.19	6.52	11.14	4	75
11/07/2015 20:00	9.11	5.88	8.29	5.71	7.25	4	75
11/07/2015 20:05	8.57	10.09	8.25	6.11	8.25	4	75
11/07/2015 20:10	8.52	21.36	7.6	5.71	10.8	4	75
11/07/2015 20:15	8.59	15.35	8.31	6.41	9.66	4	75
11/07/2015 20:20	7.52	20.37	6.99	5.11	10	4	75
11/07/2015 20:25	7.54	16.72	7.66	5.22	9.28	4	75
11/07/2015 20:30	6.84	20.41	6.42	5.08	9.69	4	75
11/07/2015 20:35	6.72	11.21	8.16	5.97	8.02	4	75
11/07/2015 20:40	8.3	29.38	7.18	5.4	12.57	4	75
11/07/2015 20:45	6.79	21.8	6.27	4.84	9.92	4	75
11/07/2015 20:50	5.87	9.59	6.9	5.11	6.87	4	75
11/07/2015 20:55	6.4	23.16	7.17	5.24	10.49	4	75
11/07/2015 21:00	6.16	7.21	7.09	4.82	6.32	4	75
11/07/2015 21:05	6.88	6.85	6.6	4.91	6.31	4	75
11/07/2015 21:10	6.42	4.73	7.84	4.78	5.94	4	75
11/07/2015 21:15	4.83	14.43	6.1	4.73	7.52	4	75
11/07/2015 21:20	6.62	5.58	6.3	4.69	5.8	4	75
11/07/2015 21:25	7.29	21.37	8.47	5.34	10.62	4	75
11/07/2015 21:30	6.89	9.92	7.64	5.19	7.41	4	75
11/07/2015 21:35	6.17	12.74	7.08	5.28	7.82	4	75
11/07/2015 21:40	5.57	13.29	4.88	3.97	6.93	4	75
11/07/2015 21:45	6.9	32.77	7.76	5.42	13.21	4	75
11/07/2015 21:50	6.05	36.32	6.68	4.58	13.41	4	75
11/07/2015 21:55	6.68	9.24	5.45	4.01	6.35	4	75
11/07/2015 22:00	6.26	19.51	5.46	4.34	8.89	4	75
11/07/2015 22:05	7.33	31.61	7.19	5.4	12.88	4	75
11/07/2015 22:10	6.86	14.97	6.96	5.12	8.48	4	75
11/07/2015 22:15	7.84	18.19	7.25	5.71	9.75	4	75
11/07/2015 22:20	5.87	11.11	5.51	4.54	6.76	4	75
11/07/2015 22:25	5.97	7.65	6.58	4.44	6.16	4	75
11/07/2015 22:30	7.59	25.29	6.75	4.91	11.13	4	75
11/07/2015 22:35	5.63	22.68	6.91	4.49	9.93	4	75
11/07/2015 22:40	5.34	8.83	6.53	4.81	6.38	4	75
11/07/2015 22:45	5.94	18.59	6.12	4.33	8.74	4	75
11/07/2015 22:50	5.98	16.57	6.25	4.65	8.36	4	75
11/07/2015 22:55	4.71	14.44	5.26	4.53	7.23	4	75
11/07/2015 23:00	6.56	24.73	5.93	4.62	10.46	4	75
11/07/2015 23:05	5.96	23.64	6.51	4.73	10.21	4	75
11/07/2015 23:10	5.44	8.83	5.19	3.76	5.8	4	75
11/07/2015 23:15	5.87	9.6	6.17	4.46	6.53	4	75
11/07/2015 23:20	5.46	17.01	5.73	4.2	8.1	4	75
11/07/2015 23:25	5.46	12.11	5.95	4.35	6.97	4	75
11/07/2015 23:30	5.13	20.66	6.08	4.39	9.06	4	75
11/07/2015 23:35	4.52	18.06	4.51	3.76	7.71	4	75
11/07/2015 23:40	4.16	7.01	4.92	3.66	4.94	4	75
11/07/2015 23:45	4.77	10.42	5.65	3.96	6.2	4	75
11/07/2015 23:50	4.4	4.36	3.74	2.99	3.87	4	75
11/07/2015 23:55	3.69	14.86	4.28	3.12	6.49	4	75
11/08/2015 00:00	4.11	31.02	3.91	2.87	10.48	4	75
11/08/2015 00:05	3.11	2.85	4.35	2.85	3.29	4	75
11/08/2015 00:10	3.74	13	4.42	3.45	6.15	4	75
11/08/2015 00:15	4.29	19.47	4.35	3.15	7.81	4	75
11/08/2015 00:20	3.5	8.69	3.87	2.66	4.68	4	75
11/08/2015 00:25	3.24	16.9	4.03	2.86	6.76	4	75
11/08/2015 00:30	4.17	16.1	3.64	2.51	6.61	4	75
11/08/2015 00:35	3.46	12.07	3.02	2.28	5.21	4	75
11/08/2015 00:40	3.75	31.18	4.94	3.47	10.84	4	75
11/08/2015 00:45	2.87	11.07	2.98	2.49	4.85	4	75
11/08/2015 00:50	2.4	22.35	2.88	2.06	7.42	4	75
11/08/2015 00:55	2.93	17.02	2.48	2.13	6.14	4	75
11/08/2015 01:00	2.11	2.26	2.09	1.63	2.02	4	75
11/08/2015 01:05	2	2.54	3.97	2.54	2.76	4	75
11/08/2015 01:10	2.15	32.98	3.15	2.11	10.1	4	75
11/08/2015 01:15	1.91	1.83	2.23	1.52	1.87	4	75
11/08/2015 01:20	2.05	2.17	3.25	1.79	2.31	4	75
11/08/2015 01:25	1.58	2.66	3.71	2.25	2.55	4	75
11/08/2015 01:30	1.41	19.37	2.06	1.44	6.07	4	75
11/08/2015 01:35	1.29	1.93	2.4	1.48	1.78	4	75
11/08/2015 01:40	1.32	1.24	1.63	1.18	1.34	4	75
11/08/2015 01:45	2.03	14.78	2.03	1.53	5.09	4	75
11/08/2015 01:50	1.39	1.09	2.53	1.25	1.57	4	75
11/08/2015 01:55	1.57	20.89	2.39	1.54	6.6	4	75
11/08/2015 02:00	1.49	1.64	2.82	1.54	1.87	4	75
11/08/2015 02:05	1.19	29.21	2.63	1.67	8.67	4	75
11/08/2015 02:10	1.56	1.37	2.32	1.27	1.63	4	75
11/08/2015 02:15	1.36	16.84	1.99	1.11	5.33	4	75
11/08/2015 02:20	1.46	16.7	2.45	1.69	5.57	4	75
11/08/2015 02:25	1.53	1.68	2.79	1.47	1.87	4	75
11/08/2015 02:30	1.48	15.05	1.79	1.24	4.89	4	75
11/08/2015 02:35	1.18	1.79	2.29	1.37	1.66	4	75
11/08/2015 02:40	1.13	1.24	1.62	1.02	1.25	4	75
11/08/2015 02:45	.72	11.81	1.85	.93	3.83	4	75
11/08/2015 02:50	1.17	7.86	.96	.83	2.7	4	75
11/08/2015 02:55	1.02	15.52	2.11	1.36	5	4	75
11/08/2015 03:00	.99	.89	1.98	.84	1.18	4	75
11/08/2015 03:05	.87	1.02	1.67	.85	1.1	4	75
11/08/2015 03:10	.9	.75	1.78	.84	1.07	4	75
11/08/2015 03:15	1.07	39.87	1.37	.79	10.77	4	75
11/08/2015 03:20	.87	1.25	1.53	.88	1.13	4	75
11/08/2015 03:25	1.12	12.9	1.4	.91	4.08	4	75
11/08/2015 03:30	.5	1.17	1.71	.96	1.09	4	75
11/08/2015 03:35	.66	27.83	1.17	.71	7.59	4	75
11/08/2015 03:40	.9	1.01	2.06	1.04	1.25	4	75
11/08/2015 03:45	.28	.58	1.29	.65	.7	4	75
11/08/2015 03:50	.79	10.57	2.3	1.56	3.81	4	75
11/08/2015 03:55	1.03	46.38	.83	.49	12.18	4	75
11/08/2015 04:00	.75	1.37	1.11	.69	.98	4	75
11/08/2015 04:05	.51	.62	1.34	.71	.8	4	75
11/08/2015 04:10	.87	2.57	2.03	1.18	1.66	4	75
11/08/2015 04:15	1.11	23.12	1.16	.97	6.59	4	75
11/08/2015 04:20	.73	.91	1.41	.77	.96	4	75
11/08/2015 04:25	.91	22.7	1.44	.9	6.49	4	75
11/08/2015 04:30	.85	1.33	2.05	1.22	1.36	4	75
11/08/2015 04:35	.88	.91	2.21	1.08	1.27	4	75
11/08/2015 04:40	.93	12.7	1.89	1.12	4.16	4	75
11/08/2015 04:45	.75	1.38	2.2	1.08	1.35	4	75
11/08/2015 04:50	1.01	1.19	2.28	1.23	1.43	4	75
11/08/2015 04:55	.77	.99	1.78	.83	1.09	4	75
11/08/2015 05:00	.62	4.11	2.14	1.27	2.03	4	75
11/08/2015 05:05	1.1	14.93	2.72	1.87	5.15	4	75
11/08/2015 05:10	.57	27.58	1.61	.96	7.68	4	75
11/08/2015 05:15	.75	20.87	1.87	1.17	6.17	4	75
11/08/2015 05:20	1.32	1.7	1.53	1.12	1.42	4	75
11/08/2015 05:25	.89	26.15	1.5	1.01	7.39	4	75
11/08/2015 05:30	1.33	21.82	1.98	1.46	6.65	4	75
11/08/2015 05:35	1.1	34.78	2.61	1.77	10.06	4	75
11/08/2015 05:40	1.33	3.86	3.21	2.29	2.67	4	75
11/08/2015 05:45	1.82	24.1	2.95	2	7.72	4	75
11/08/2015 05:50	1.49	1.98	2.26	1.61	1.84	4	75
11/08/2015 05:55	1.12	22.26	1.76	1.29	6.61	4	75
11/08/2015 06:00	1.13	2.11	3.36	1.91	2.13	4	75
11/08/2015 06:05	1.97	19.74	3.03	2.19	6.73	4	75
11/08/2015 06:10	2.12	6.49	2.69	1.88	3.29	4	75
11/08/2015 06:15	2.28	24.79	2.79	2.07	7.98	4	75
11/08/2015 06:20	2.37	10.49	2.93	1.9	4.42	4	75
11/08/2015 06:25	2.94	18.52	4.03	2.92	7.1	4	75
11/08/2015 06:30	1.93	3	3.32	2.14	2.6	4	75
11/08/2015 06:35	3.08	6.5	4.1	3.06	4.19	4	75
11/08/2015 06:40	3.44	13.48	4.15	2.82	5.97	4	75
11/08/2015 06:45	2.8	11.56	4.15	2.72	5.31	4	75
11/08/2015 06:50	2.85	3.28	3.91	2.83	3.22	4	75
11/08/2015 06:55	3.04	11.65	3.31	2.38	5.09	4	75
11/08/2015 07:00	2.71	9.53	3.47	2.53	4.56	4	75
11/08/2015 07:05	3.19	15.8	4.02	2.84	6.46	4	75
11/08/2015 07:10	3.38	3.61	3.61	2.55	3.29	4	75
11/08/2015 07:15	3.07	3.41	4.95	3.15	3.65	4	75
11/08/2015 07:20	3.75	7.67	4.47	3.29	4.8	4	75
11/08/2015 07:25	3.66	18.02	5.01	3.47	7.54	4	75
11/08/2015 07:30	3.8	16.31	4.83	3.34	7.07	4	75
11/08/2015 07:35	4.53	12.15	5.17	3.85	6.42	4	75
11/08/2015 07:40	4.26	29.31	5.01	3.98	10.64	4	75
11/08/2015 07:45	4.56	24.43	4.93	3.6	9.38	4	75
11/08/2015 07:50	5.5	4.25	4.25	3.24	4.31	4	75
11/08/2015 07:55	4.33	21.66	5.12	3.51	8.66	4	75
11/08/2015 08:00	4.63	3.96	5.42	3.76	4.44	4	75
11/08/2015 08:05	5.01	24.01	6.11	4.09	9.81	4	75
11/08/2015 08:10	4.49	22.47	5.29	3.94	9.05	4	75
11/08/2015 08:15	5.13	27.37	6.21	4.47	10.8	4	75
11/08/2015 08:20	4.3	4.59	5.97	3.77	4.66	4	75
11/08/2015 08:25	6.02	47.41	5.66	4.32	15.85	4	75
11/08/2015 08:30	6.09	9.88	7.12	4.92	7	4	75
11/08/2015 08:35	5.66	14.21	6.93	5.04	7.96	4	75
11/08/2015 08:40	6.33	14.37	6.18	4.49	7.84	4	75
11/08/2015 08:45	6.8	17.7	6.49	4.87	8.97	4	75
11/08/2015 08:50	6.73	24.4	6.72	5.08	10.73	4	75
11/08/2015 08:55	5.7	17.14	6.47	4.84	8.54	4	75
11/08/2015 09:00	6.67	18.45	7	4.9	9.26	4	75
11/08/2015 09:05	6.46	10.67	6.18	4.61	6.98	4	75
11/08/2015 09:10	6.16	14.2	7.09	5.3	8.19	4	75
11/08/2015 09:15	7.84	22.19	7.28	5.42	10.68	4	75
11/08/2015 09:20	7.43	16.73	6.71	5.17	9.01	4	75
11/08/2015 09:25	7.56	29.69	8.35	6.05	12.91	4	75
11/08/2015 09:30	8.22	14.53	7.03	5.17	8.74	4	75
11/08/2015 09:35	7.2	10.68	7.04	5.51	7.61	4	75
11/08/2015 09:40	8.83	24.87	9	6.81	12.38	4	75
11/08/2015 09:45	7.61	16.68	7.69	5.95	9.48	4	75
11/08/2015 09:50	8.25	21.07	6.85	5.4	10.39	4	75
11/08/2015 09:55	9.27	17.84	8.11	6.27	10.37	4	75
11/08/2015 10:00	8.54	15.57	8.33	6.14	9.65	4	75
11/08/2015 10:05	7.37	25.85	7.01	5.79	11.5	4	75
11/08/2015 10:10	9.21	17.73	8.44	6.32	10.42	4	75
11/08/2015 10:15	9.25	8.29	9.13	6.34	8.25	4	75
11/08/2015 10:20	10.39	17.84	10.51	7.89	11.66	4	75
11/08/2015 10:25	10.63	17.05	9.31	6.84	10.96	4	75
11/08/2015 10:30	11.26	10.46	9.53	6.99	9.56	4	75
11/08/2015 10:35	8.63	6.94	8.41	5.87	7.46	4	75
11/08/2015 10:40	9.51	9.73	8.62	6.25	8.53	4	75
11/08/2015 10:45	9.48	19.04	10.32	7.57	11.6	4	75
11/08/2015 10:50	9.17	14.57	9.04	7.17	9.99	4	75
11/08/2015 10:55	10.04	8.48	8.5	6.25	8.32	4	75
11/08/2015 11:00	11.83	17.79	11.59	8.01	12.31	4	75
11/08/2015 11:05	41.78	27.83	28.62	12.86	27.77	4	75
11/08/2015 11:10	13.02	14.13	12.13	7.78	11.77	4	75
11/08/2015 11:15	10.59	14.63	10.05	8.01	10.82	4	75
11/08/2015 11:20	9.92	11.31	10.17	7.6	9.75	4	75
11/08/2015 11:25	8.77	6.61	7.24	5.19	6.95	4	75
11/08/2015 11:30	9.9	6.16	7.78	5.72	7.39	4	75
11/08/2015 11:35	8.99	6.82	7.82	5.97	7.4	4	75
11/08/2015 11:40	10.07	9.83	8.99	6.93	8.96	4	75
11/08/2015 11:45	10.21	7.48	9.32	6.73	8.43	4	75
11/08/2015 11:50	9.53	16.88	8.03	5.96	10.1	4	75
11/08/2015 11:55	9.54	6.91	8.45	6.17	7.77	4	75
11/08/2015 12:00	16.02	13.58	11.51	8.58	12.42	4	75
11/08/2015 12:05	9.05	10.16	7.43	5.97	8.15	4	75
11/08/2015 12:10	9.6	8.02	8.82	6.45	8.22	4	75
11/08/2015 12:15	10.05	7.52	9.49	6.38	8.36	4	75
11/08/2015 12:20	9.58	13.12	8.64	6.19	9.38	4	75
11/08/2015 12:25	8	7.71	9.12	6.5	7.83	4	75
11/08/2015 12:30	9	7.64	9.27	6.26	8.04	4	75
11/08/2015 12:35	10.82	8.83	8.27	6.29	8.55	4	75
11/08/2015 12:40	9.89	6.22	8.74	6.28	7.78	4	75
11/08/2015 12:45	8.77	7.32	9.65	6.59	8.08	4	75
11/08/2015 12:50	9.89	8.02	10.4	7.05	8.84	4	75
11/08/2015 12:55	9.54	7.18	9.29	6.42	8.11	4	75
11/08/2015 13:00	10.07	6.01	8.52	6	7.65	4	75
11/08/2015 13:05	9.86	7.09	9.07	6.55	8.14	4	75
11/08/2015 13:10	11.04	6.89	9.57	6.8	8.58	4	75
11/08/2015 13:15	9.68	7.13	9.52	6.78	8.28	4	75
11/08/2015 13:20	10.62	7.69	9.51	6.79	8.65	4	75
11/08/2015 13:25	10.6	8.43	11.86	8.02	9.73	4	75
11/08/2015 13:30	10.78	8.41	9.49	7.08	8.94	4	75
11/08/2015 13:35	10.23	7.09	8.81	6.47	8.15	4	75
11/08/2015 13:40	9.49	17.53	9.21	6.89	10.78	4	75
11/08/2015 13:45	11.08	11.91	8.62	7.04	9.66	4	75
11/08/2015 13:50	9.8	12.57	8.99	7.12	9.62	4	75
11/08/2015 13:55	10.79	11.68	8.81	7.24	9.63	4	75
11/08/2015 14:00	10.14	8.38	9.78	7.23	8.88	4	75
11/08/2015 14:05	10.66	11.55	9.64	7.53	9.85	4	75
11/08/2015 14:10	9.59	13.73	9.05	7.11	9.87	4	75
11/08/2015 14:15	10.85	17.4	9.7	7.6	11.39	4	75
11/08/2015 14:20	11.77	15.19	10.45	8.31	11.43	4	75
11/08/2015 14:25	11.46	11.72	10.49	7.73	10.35	4	75
11/08/2015 14:30	12.23	8.3	11.7	8.02	10.06	4	75
11/08/2015 14:35	10.12	7.18	9.14	6.57	8.25	4	75
11/08/2015 14:40	11.59	18.15	9.7	7.82	11.81	4	75
11/08/2015 14:45	9.01	18.88	9.47	7.06	11.1	4	75
11/08/2015 14:50	11.1	8.2	10.23	7.15	9.17	4	75
11/08/2015 14:55	10.51	7.04	8.7	6.47	8.18	4	75
11/08/2015 15:00	10.58	8.23	9.71	6.69	8.8	4	75
11/08/2015 15:05	10.82	7.74	9.14	6.72	8.61	4	75
11/08/2015 15:10	11.22	17.64	9.94	7.84	11.66	4	75
11/08/2015 15:15	10.27	8.18	9.45	6.65	8.64	4	75
11/08/2015 15:20	10.76	8.44	10.36	7.08	9.16	4	75
11/08/2015 15:25	9.46	11.31	10.02	7.56	9.59	4	75
11/08/2015 15:30	11.66	10.24	9.62	7.33	9.71	4	75
11/08/2015 15:35	10.51	10.08	10.09	7.31	9.5	4	75
11/08/2015 15:40	10.48	12.18	9.31	7.19	9.79	4	75
11/08/2015 15:45	9.76	11.08	9.07	7.25	9.29	4	75
11/08/2015 15:50	10.77	22.38	9.5	7.22	12.47	4	75
11/08/2015 15:55	9.87	12.11	8.86	7.1	9.49	4	75
11/08/2015 16:00	11.4	15.62	9.24	7.31	10.89	4	75
11/08/2015 16:05	11.13	17.81	10.57	8.21	11.93	4	75
11/08/2015 16:10	10.41	9.94	10.35	7.47	9.54	4	75
11/08/2015 16:15	10.1	13.64	8.1	6.18	9.5	4	75
11/08/2015 16:20	11.38	21.75	9.85	7.48	12.61	4	75
11/08/2015 16:25	9.75	13.5	9.24	7.38	9.97	4	75
11/08/2015 16:30	10.68	20.31	8.23	6.52	11.43	4	75
11/08/2015 16:35	10.72	19.38	9.65	7.62	11.84	4	75
11/08/2015 16:40	10.38	11.95	8.78	7.02	9.53	4	75
11/08/2015 16:45	11.79	18.5	10.34	8.07	12.17	4	75
11/08/2015 16:50	11.2	7.89	7.79	5.78	8.16	4	75
11/08/2015 16:55	11.11	8.11	8.89	6.53	8.66	4	75
11/08/2015 17:00	12.38	17.98	11.52	8.4	12.57	4	75
11/08/2015 17:05	10.83	13	9.92	7.64	10.35	4	75
11/08/2015 17:10	10.72	14.26	10	7.57	10.64	4	75
11/08/2015 17:15	11.22	21.19	9.99	7.85	12.56	4	75
11/08/2015 17:20	11	11.7	10.81	8.12	10.41	4	75
11/08/2015 17:25	11.27	21.75	9.6	7.85	12.62	4	75
11/08/2015 17:30	10.81	21.72	9.41	7.57	12.38	4	75
11/08/2015 17:35	10.53	20.13	9.51	7.81	11.99	4	75
11/08/2015 17:40	11.6	10.11	10.13	7.49	9.83	4	75
11/08/2015 17:45	10.47	11.67	9.98	7.53	9.91	4	75
11/08/2015 17:50	8.51	10.2	8.59	6.35	8.41	4	75
11/08/2015 17:55	11.2	22.09	9.93	7.33	12.64	4	75
11/08/2015 18:00	10.36	24.48	9.09	6.82	12.69	4	75
11/08/2015 18:05	10.87	14.06	8.5	6.77	10.05	4	75
11/08/2015 18:10	11.28	20.37	9.89	7.76	12.32	4	75
11/08/2015 18:15	10.31	19.69	9.9	6.74	11.66	4	75
11/08/2015 18:20	11.42	20.31	9.73	7.02	12.12	4	75
11/08/2015 18:25	10.41	24.5	9.21	7.18	12.82	4	75
11/08/2015 18:30	9.79	27.37	8.1	6.16	12.86	4	75
11/08/2015 18:35	9.92	16.43	8.01	6.49	10.21	4	75
11/08/2015 18:40	10.03	19.78	8.85	6.77	11.36	4	75
11/08/2015 18:45	10.27	16.51	9.42	7.39	10.9	4	75
11/08/2015 18:50	9.05	16.23	6.88	5.42	9.4	4	75
11/08/2015 18:55	9.71	16.22	9.65	6.75	10.58	4	75
11/08/2015 19:00	8.98	24.87	9.11	6.86	12.46	4	75
11/08/2015 19:05	8.44	15.46	7.6	5.82	9.33	4	75
11/08/2015 19:10	10.11	20.15	8.25	6.24	11.19	4	75
11/08/2015 19:15	8.82	14.62	7.08	5.47	9	4	75
11/08/2015 19:20	10.28	13.4	8.49	6.17	9.59	4	75
11/08/2015 19:25	9.07	18.29	7.19	5.49	10.01	4	75
11/08/2015 19:30	9.25	17.69	7.96	6.21	10.28	4	75
11/08/2015 19:35	9.1	9.46	8.46	6.39	8.35	4	75
11/08/2015 19:40	9.6	24.44	7.77	6.02	11.96	4	75
11/08/2015 19:45	9.01	26.52	7.1	5.5	12.03	4	75
11/08/2015 19:50	9.07	17.32	8.46	6.26	10.28	4	75
11/08/2015 19:55	10.28	25.69	8.48	6.47	12.73	4	75
11/08/2015 20:00	9.31	17.16	7.9	5.88	10.06	4	75
11/08/2015 20:05	8.5	35.63	8.08	6.2	14.6	4	75
11/08/2015 20:10	9.51	14.2	8.64	5.79	9.54	4	75
11/08/2015 20:15	8.07	11.34	8.2	6	8.4	4	75
11/08/2015 20:20	8.6	26.71	7.89	5.83	12.26	4	75
11/08/2015 20:25	8.23	15.72	7.14	5.6	9.17	4	75
11/08/2015 20:30	9.48	21.8	7.61	5.52	11.1	4	75
11/08/2015 20:35	7.96	27.63	7.52	5.57	12.17	4	75
11/08/2015 20:40	6.39	22.15	5.79	4.9	9.81	4	75
11/08/2015 20:45	7.89	19.57	6.82	5.04	9.83	4	75
11/08/2015 20:50	7.5	21.46	7	4.97	10.23	4	75
11/08/2015 20:55	7.29	19.34	6.38	4.89	9.47	4	75
11/08/2015 21:00	7.92	18.53	6.79	5.31	9.64	4	75
11/08/2015 21:05	7.83	5.66	5.77	4.22	5.87	4	75
11/08/2015 21:10	8.48	10.24	7.92	5.65	8.07	4	75
11/08/2015 21:15	7.4	15.29	7.02	5.38	8.77	4	75
11/08/2015 21:20	6.99	22.7	6.34	4.62	10.16	4	75
11/08/2015 21:25	7.6	29.71	6.82	5.37	12.38	4	75
11/08/2015 21:30	7.33	28.59	5.57	4.2	11.42	4	75
11/08/2015 21:35	7.17	12.73	6.3	4.69	7.72	4	75
11/08/2015 21:40	7.41	16.7	5.79	4.54	8.61	4	75
11/08/2015 21:45	5.9	16.19	6.97	5.13	8.55	4	75
11/08/2015 21:50	7.59	27.88	5.43	4.26	11.29	4	75
11/08/2015 21:55	6.8	13.59	6.14	4.49	7.76	4	75
11/08/2015 22:00	7.33	12.51	5.99	4.46	7.57	4	75
11/08/2015 22:05	6.2	16.28	6.21	4.71	8.35	4	75
11/08/2015 22:10	6.23	17.57	6.31	4.88	8.75	4	75
11/08/2015 22:15	6.25	8.54	6.31	4.11	6.3	4	75
11/08/2015 22:20	6.36	22.72	5.53	4.14	9.69	4	75
11/08/2015 22:25	5.16	12.06	5.02	3.95	6.55	4	75
11/08/2015 22:30	6.58	26.24	6.2	4.53	10.89	4	75
11/08/2015 22:35	5.17	20.74	5.83	4.2	8.98	4	75
11/08/2015 22:40	5.13	18.56	5.33	3.89	8.23	4	75
11/08/2015 22:45	4.79	20.43	5.36	3.87	8.61	4	75
11/08/2015 22:50	4.55	23.1	5.92	4.24	9.45	4	75
11/08/2015 22:55	4.86	14.72	5.09	3.57	7.06	4	75
11/08/2015 23:00	4.7	15.21	4.53	3.46	6.98	4	75
11/08/2015 23:05	3.82	9.48	3.62	2.52	4.86	4	75
11/08/2015 23:10	5.01	30.19	5.24	3.72	11.04	4	75
11/08/2015 23:15	4.05	25.51	4.32	3.12	9.25	4	75
11/08/2015 23:20	5.3	23	5.57	3.95	9.45	4	75
11/08/2015 23:25	4.96	7.99	4.82	3.11	5.22	4	75
11/08/2015 23:30	3.11	9.83	3.33	2.5	4.69	4	75
11/08/2015 23:35	3.43	14.72	3.81	2.75	6.18	4	75
11/08/2015 23:40	3.23	18.9	3.72	2.72	7.14	4	75
11/08/2015 23:45	3.8	8.16	4.27	3.01	4.81	4	75
11/08/2015 23:50	3.04	11.78	3.46	2.5	5.19	4	75
11/08/2015 23:55	3.41	15.83	4.03	2.82	6.52	4	75
