5 Minutes	Lane 1 Flow (Veh/5 Minutes)	Lane 2 Flow (Veh/5 Minutes)	Lane 3 Flow (Veh/5 Minutes)	Lane 4 Flow (Veh/5 Minutes)	Flow (Veh/5 Minutes)	# Lane Points	% Observed
11/02/2015 00:00	37	46	42	37	162	4	0
11/02/2015 00:05	32	41	38	34	145	4	0
11/02/2015 00:10	31	40	36	32	139	4	0
11/02/2015 00:15	29	39	35	31	134	4	0
11/02/2015 00:20	32	41	38	34	145	4	0
11/02/2015 00:25	27	38	35	31	131	4	0
11/02/2015 00:30	27	37	34	30	128	4	0
11/02/2015 00:35	26	36	34	30	126	4	0
11/02/2015 00:40	26	36	33	29	124	4	0
11/02/2015 00:45	27	37	34	30	128	4	0
11/02/2015 00:50	22	33	30	25	110	4	0
11/02/2015 00:55	24	35	31	27	117	4	0
11/02/2015 01:00	24	34	32	28	118	4	0
11/02/2015 01:05	24	34	31	27	116	4	0
11/02/2015 01:10	21	32	29	25	107	4	0
11/02/2015 01:15	23	33	31	27	114	4	0
11/02/2015 01:20	25	36	33	28	122	4	0
11/02/2015 01:25	22	32	29	25	108	4	0
11/02/2015 01:30	15	27	26	23	91	4	0
11/02/2015 01:35	18	30	27	23	98	4	0
11/02/2015 01:40	17	29	28	24	98	4	0
11/02/2015 01:45	20	31	28	23	102	4	0
11/02/2015 01:50	20	31	30	26	107	4	0
11/02/2015 01:55	21	32	29	24	106	4	0
11/02/2015 02:00	15	26	25	22	88	4	0
11/02/2015 02:05	17	28	26	23	94	4	0
11/02/2015 02:10	16	28	27	23	94	4	0
11/02/2015 02:15	16	27	25	21	89	4	0
11/02/2015 02:20	16	27	25	22	90	4	0
11/02/2015 02:25	17	28	26	23	94	4	0
11/02/2015 02:30	18	29	27	23	97	4	0
11/02/2015 02:35	12	26	24	20	82	4	0
11/02/2015 02:40	14	26	25	21	86	4	0
11/02/2015 02:45	18	29	26	22	95	4	0
11/02/2015 02:50	16	27	25	20	88	4	0
11/02/2015 02:55	16	27	25	21	89	4	0
11/02/2015 03:00	18	29	26	22	95	4	0
11/02/2015 03:05	20	31	28	24	103	4	0
11/02/2015 03:10	16	28	25	21	90	4	0
11/02/2015 03:15	16	28	26	22	92	4	0
11/02/2015 03:20	18	31	29	24	102	4	0
11/02/2015 03:25	19	30	27	23	99	4	0
11/02/2015 03:30	17	29	28	24	98	4	0
11/02/2015 03:35	17	29	26	23	95	4	0
11/02/2015 03:40	19	30	27	24	100	4	0
11/02/2015 03:45	21	32	29	25	107	4	0
11/02/2015 03:50	19	30	27	23	99	4	0
11/02/2015 03:55	23	34	30	27	114	4	0
11/02/2015 04:00	22	33	30	27	112	4	0
11/02/2015 04:05	19	31	29	26	105	4	0
11/02/2015 04:10	24	34	31	27	116	4	0
11/02/2015 04:15	26	36	33	30	125	4	0
11/02/2015 04:20	27	38	35	31	131	4	0
11/02/2015 04:25	30	39	35	31	135	4	0
11/02/2015 04:30	34	43	39	34	150	4	0
11/02/2015 04:35	32	41	37	32	142	4	0
11/02/2015 04:40	34	43	39	34	150	4	0
11/02/2015 04:45	44	52	47	42	185	4	0
11/02/2015 04:50	39	48	42	38	167	4	0
11/02/2015 04:55	39	47	43	38	167	4	0
11/02/2015 05:00	44	52	46	40	182	4	0
11/02/2015 05:05	45	53	48	43	189	4	0
11/02/2015 05:10	45	53	48	43	189	4	0
11/02/2015 05:15	49	57	50	44	200	4	0
11/02/2015 05:20	54	61	55	49	219	4	0
11/02/2015 05:25	64	69	62	56	251	4	0
11/02/2015 05:30	59	64	57	52	232	4	0
11/02/2015 05:35	69	73	65	59	266	4	0
11/02/2015 05:40	82	84	74	67	307	4	0
11/02/2015 05:45	83	85	75	68	311	4	0
11/02/2015 05:50	82	85	75	68	310	4	0
11/02/2015 05:55	76	80	70	64	290	4	0
11/02/2015 06:00	87	90	79	71	327	4	0
11/02/2015 06:05	69	74	65	59	267	4	0
11/02/2015 06:10	87	89	78	71	325	4	0
11/02/2015 06:15	80	83	73	66	302	4	0
11/02/2015 06:20	80	84	73	66	303	4	0
11/02/2015 06:25	93	95	83	76	347	4	0
11/02/2015 06:30	87	89	78	71	325	4	0
11/02/2015 06:35	95	97	85	77	354	4	0
11/02/2015 06:40	101	101	88	81	371	4	0
11/02/2015 06:45	94	96	84	76	350	4	0
11/02/2015 06:50	102	103	90	82	377	4	0
11/02/2015 06:55	100	101	88	80	369	4	0
11/02/2015 07:00	97	98	85	78	358	4	0
11/02/2015 07:05	113	112	98	89	412	4	0
11/02/2015 07:10	107	107	93	85	392	4	0
11/02/2015 07:15	124	123	107	98	452	4	0
11/02/2015 07:20	123	121	106	97	447	4	0
11/02/2015 07:25	123	121	106	97	447	4	0
11/02/2015 07:30	134	129	112	102	477	4	0
11/02/2015 07:35	130	127	110	101	468	4	0
11/02/2015 07:40	125	122	106	97	450	4	0
11/02/2015 07:45	124	122	106	97	449	4	0
11/02/2015 07:50	116	114	100	91	421	4	0
11/02/2015 07:55	120	118	103	94	435	4	0
11/02/2015 08:00	128	125	109	100	462	4	0
11/02/2015 08:05	114	113	99	90	416	4	0
11/02/2015 08:10	120	118	102	94	434	4	0
11/02/2015 08:15	124	121	106	97	448	4	0
11/02/2015 08:20	121	118	103	94	436	4	0
11/02/2015 08:25	117	115	100	91	423	4	0
11/02/2015 08:30	116	114	99	91	420	4	0
11/02/2015 08:35	113	112	97	89	411	4	0
11/02/2015 08:40	121	119	104	95	439	4	0
11/02/2015 08:45	123	121	105	97	446	4	0
11/02/2015 08:50	110	109	95	87	401	4	0
11/02/2015 08:55	106	106	93	84	389	4	0
11/02/2015 09:00	91	93	82	74	340	4	0
11/02/2015 09:05	103	104	91	84	382	4	0
11/02/2015 09:10	107	107	93	85	392	4	0
11/02/2015 09:15	107	107	93	85	392	4	0
11/02/2015 09:20	104	104	91	83	382	4	0
11/02/2015 09:25	106	105	92	84	387	4	0
11/02/2015 09:30	102	102	89	81	374	4	0
11/02/2015 09:35	106	106	93	84	389	4	0
11/02/2015 09:40	104	105	92	84	385	4	0
11/02/2015 09:45	107	108	94	87	396	4	0
11/02/2015 09:50	98	98	86	78	360	4	0
11/02/2015 09:55	100	101	88	81	370	4	0
11/02/2015 10:00	98	99	87	79	363	4	0
11/02/2015 10:05	94	95	84	76	349	4	0
11/02/2015 10:10	99	99	87	79	364	4	0
11/02/2015 10:15	103	104	91	83	381	4	0
11/02/2015 10:20	99	100	87	80	366	4	0
11/02/2015 10:25	96	98	85	78	357	4	0
11/02/2015 10:30	107	107	94	86	394	4	0
11/02/2015 10:35	103	104	91	83	381	4	0
11/02/2015 10:40	103	104	91	83	381	4	0
11/02/2015 10:45	97	98	86	78	359	4	0
11/02/2015 10:50	98	99	87	79	363	4	0
11/02/2015 10:55	104	105	92	84	385	4	0
11/02/2015 11:00	95	97	85	77	354	4	0
11/02/2015 11:05	113	113	98	90	414	4	0
11/02/2015 11:10	87	90	79	72	328	4	0
11/02/2015 11:15	86	88	77	70	321	4	0
11/02/2015 11:20	102	103	90	82	377	4	0
11/02/2015 11:25	107	107	93	85	392	4	0
11/02/2015 11:30	108	108	94	86	396	4	0
11/02/2015 11:35	98	99	86	79	362	4	0
11/02/2015 11:40	100	100	87	80	367	4	0
11/02/2015 11:45	94	96	84	76	350	4	0
11/02/2015 11:50	71	75	66	58	270	4	0
11/02/2015 11:55	94	96	84	76	350	4	0
11/02/2015 12:00	104	104	91	83	382	4	0
11/02/2015 12:05	100	101	89	81	371	4	0
11/02/2015 12:10	51	59	53	48	211	4	0
11/02/2015 12:15	96	97	85	77	355	4	0
11/02/2015 12:20	105	105	92	84	386	4	0
11/02/2015 12:25	107	107	93	85	392	4	0
11/02/2015 12:30	118	117	102	93	430	4	0
11/02/2015 12:35	116	115	101	93	425	4	0
11/02/2015 12:40	114	113	98	90	415	4	0
11/02/2015 12:45	95	97	85	77	354	4	0
11/02/2015 12:50	88	91	80	72	331	4	0
11/02/2015 12:55	71	75	66	59	271	4	0
11/02/2015 13:00	81	84	73	67	305	4	0
11/02/2015 13:05	102	102	89	81	374	4	0
11/02/2015 13:10	99	100	87	80	366	4	0
11/02/2015 13:15	96	98	86	78	358	4	0
11/02/2015 13:20	113	113	98	90	414	4	0
11/02/2015 13:25	100	100	88	80	368	4	0
11/02/2015 13:30	101	101	88	80	370	4	0
11/02/2015 13:35	112	111	97	88	408	4	0
11/02/2015 13:40	118	117	103	94	432	4	0
11/02/2015 13:45	107	107	93	85	392	4	0
11/02/2015 13:50	104	104	91	83	382	4	0
11/02/2015 13:55	113	113	98	90	414	4	0
11/02/2015 14:00	106	105	92	84	387	4	0
11/02/2015 14:05	120	119	103	95	437	4	0
11/02/2015 14:10	138	134	117	107	496	4	0
11/02/2015 14:15	148	142	123	113	526	4	0
11/02/2015 14:20	108	107	94	86	395	4	0
11/02/2015 14:25	117	116	101	93	427	4	0
11/02/2015 14:30	115	114	99	91	419	4	0
11/02/2015 14:35	119	117	102	93	431	4	0
11/02/2015 14:40	114	112	98	89	413	4	0
11/02/2015 14:45	107	107	93	85	392	4	0
11/02/2015 14:50	108	107	94	85	394	4	0
11/02/2015 14:55	104	104	91	83	382	4	0
11/02/2015 15:00	103	104	91	83	381	4	0
11/02/2015 15:05	104	104	91	83	382	4	0
11/02/2015 15:10	96	97	85	78	356	4	0
11/02/2015 15:15	90	92	80	73	335	4	0
11/02/2015 15:20	99	100	88	80	367	4	0
11/02/2015 15:25	99	99	87	79	364	4	0
11/02/2015 15:30	100	100	88	80	368	4	0
11/02/2015 15:35	94	95	83	76	348	4	0
11/02/2015 15:40	104	104	91	83	382	4	0
11/02/2015 15:45	102	102	89	81	374	4	0
11/02/2015 15:50	101	102	89	81	373	4	0
11/02/2015 15:55	107	107	93	85	392	4	0
11/02/2015 16:00	93	94	82	75	344	4	0
11/02/2015 16:05	99	100	87	79	365	4	0
11/02/2015 16:10	94	95	83	76	348	4	0
11/02/2015 16:15	94	95	83	76	348	4	0
11/02/2015 16:20	93	95	83	75	346	4	0
11/02/2015 16:25	100	101	88	80	369	4	0
11/02/2015 16:30	104	104	91	83	382	4	0
11/02/2015 16:35	96	97	85	78	356	4	0
11/02/2015 16:40	102	102	89	81	374	4	0
11/02/2015 16:45	95	96	84	77	352	4	0
11/02/2015 16:50	91	93	81	74	339	4	0
11/02/2015 16:55	89	91	80	73	333	4	0
11/02/2015 17:00	93	95	83	75	346	4	0
11/02/2015 17:05	96	97	85	77	355	4	0
11/02/2015 17:10	105	105	92	84	386	4	0
11/02/2015 17:15	94	95	83	76	348	4	0
11/02/2015 17:20	99	100	88	80	367	4	0
11/02/2015 17:25	88	90	79	72	329	4	0
11/02/2015 17:30	84	87	77	70	318	4	0
11/02/2015 17:35	87	90	79	72	328	4	0
11/02/2015 17:40	80	83	73	66	302	4	0
11/02/2015 17:45	85	88	77	70	320	4	0
11/02/2015 17:50	92	94	82	75	343	4	0
11/02/2015 17:55	84	86	76	69	315	4	0
11/02/2015 18:00	92	94	82	74	342	4	0
11/02/2015 18:05	81	84	74	67	306	4	0
11/02/2015 18:10	85	87	76	69	317	4	0
11/02/2015 18:15	96	98	85	78	357	4	0
11/02/2015 18:20	92	93	82	74	341	4	0
11/02/2015 18:25	93	95	83	75	346	4	0
11/02/2015 18:30	100	100	88	80	368	4	0
11/02/2015 18:35	90	92	81	73	336	4	0
11/02/2015 18:40	81	84	74	67	306	4	0
11/02/2015 18:45	91	93	82	74	340	4	0
11/02/2015 18:50	88	90	79	72	329	4	0
11/02/2015 18:55	93	94	82	75	344	4	0
11/02/2015 19:00	93	94	82	75	344	4	0
11/02/2015 19:05	94	96	84	76	350	4	0
11/02/2015 19:10	105	105	92	84	386	4	0
11/02/2015 19:15	95	96	84	77	352	4	0
11/02/2015 19:20	99	100	88	80	367	4	0
11/02/2015 19:25	89	92	80	73	334	4	0
11/02/2015 19:30	88	91	79	72	330	4	0
11/02/2015 19:35	89	91	80	73	333	4	0
11/02/2015 19:40	88	90	79	72	329	4	0
11/02/2015 19:45	92	94	83	75	344	4	0
11/02/2015 19:50	93	95	83	75	346	4	0
11/02/2015 19:55	102	102	89	81	374	4	0
11/02/2015 20:00	98	99	87	79	363	4	0
11/02/2015 20:05	92	94	82	74	342	4	0
11/02/2015 20:10	80	83	73	67	303	4	0
11/02/2015 20:15	76	80	70	63	289	4	0
11/02/2015 20:20	73	77	68	61	279	4	0
11/02/2015 20:25	83	86	75	68	312	4	0
11/02/2015 20:30	78	82	72	65	297	4	0
11/02/2015 20:35	73	77	68	62	280	4	0
11/02/2015 20:40	75	79	69	62	285	4	0
11/02/2015 20:45	74	78	69	63	284	4	0
11/02/2015 20:50	70	75	66	59	270	4	0
11/02/2015 20:55	69	74	65	59	267	4	0
11/02/2015 21:00	68	73	65	58	264	4	0
11/02/2015 21:05	72	76	67	61	276	4	0
11/02/2015 21:10	72	76	67	61	276	4	0
11/02/2015 21:15	67	73	65	58	263	4	0
11/02/2015 21:20	70	74	65	59	268	4	0
11/02/2015 21:25	70	75	67	60	272	4	0
11/02/2015 21:30	67	72	64	58	261	4	0
11/02/2015 21:35	60	65	58	52	235	4	0
11/02/2015 21:40	75	79	70	64	288	4	0
11/02/2015 21:45	70	74	65	59	268	4	0
11/02/2015 21:50	68	73	64	58	263	4	0
11/02/2015 21:55	64	69	60	54	247	4	0
11/02/2015 22:00	67	72	63	57	259	4	0
11/02/2015 22:05	68	73	64	58	263	4	0
11/02/2015 22:10	64	69	61	55	249	4	0
11/02/2015 22:15	70	75	67	60	272	4	0
11/02/2015 22:20	64	69	61	55	249	4	0
11/02/2015 22:25	65	70	62	56	253	4	0
11/02/2015 22:30	64	70	62	56	252	4	0
11/02/2015 22:35	51	58	52	47	208	4	0
11/02/2015 22:40	50	58	51	46	205	4	0
11/02/2015 22:45	46	54	49	44	193	4	0
11/02/2015 22:50	50	58	51	45	204	4	0
11/02/2015 22:55	47	55	49	44	195	4	0
11/02/2015 23:00	47	55	49	44	195	4	0
11/02/2015 23:05	38	47	43	38	166	4	0
11/02/2015 23:10	48	56	50	44	198	4	0
11/02/2015 23:15	43	51	47	42	183	4	0
11/02/2015 23:20	44	52	47	42	185	4	0
11/02/2015 23:25	36	45	41	37	159	4	0
11/02/2015 23:30	33	42	39	34	148	4	0
11/02/2015 23:35	37	46	42	38	163	4	0
11/02/2015 23:40	37	46	42	37	162	4	0
11/02/2015 23:45	42	50	45	40	177	4	0
11/02/2015 23:50	35	45	41	37	158	4	0
11/02/2015 23:55	31	41	36	32	140	4	0
11/03/2015 00:00	34	44	40	36	154	4	0
11/03/2015 00:05	23	34	32	28	117	4	0
11/03/2015 00:10	29	39	36	32	136	4	0
11/03/2015 00:15	26	36	34	30	126	4	0
11/03/2015 00:20	30	40	36	32	138	4	0
11/03/2015 00:25	25	36	33	29	123	4	0
11/03/2015 00:30	29	39	36	32	136	4	0
11/03/2015 00:35	25	36	33	29	123	4	0
11/03/2015 00:40	20	31	29	26	106	4	0
11/03/2015 00:45	20	32	30	26	108	4	0
11/03/2015 00:50	25	36	33	30	124	4	0
11/03/2015 00:55	24	35	32	29	120	4	0
11/03/2015 01:00	22	33	31	27	113	4	0
11/03/2015 01:05	23	34	32	28	117	4	0
11/03/2015 01:10	17	29	27	24	97	4	0
11/03/2015 01:15	19	31	29	25	104	4	0
11/03/2015 01:20	17	29	27	24	97	4	0
11/03/2015 01:25	18	30	28	24	100	4	0
11/03/2015 01:30	14	27	25	22	88	4	0
11/03/2015 01:35	18	30	28	25	101	4	0
11/03/2015 01:40	15	27	26	23	91	4	0
11/03/2015 01:45	15	27	26	23	91	4	0
11/03/2015 01:50	15	27	26	23	91	4	0
11/03/2015 01:55	17	28	27	24	96	4	0
11/03/2015 02:00	15	27	25	22	89	4	0
11/03/2015 02:05	18	30	28	25	101	4	0
11/03/2015 02:10	16	28	27	23	94	4	0
11/03/2015 02:15	15	27	25	22	89	4	0
11/03/2015 02:20	15	27	25	22	89	4	0
11/03/2015 02:25	15	27	25	22	89	4	0
11/03/2015 02:30	17	29	27	24	97	4	0
11/03/2015 02:35	13	25	24	21	83	4	0
11/03/2015 02:40	13	25	24	21	83	4	0
11/03/2015 02:45	18	30	28	24	100	4	0
11/03/2015 02:50	16	28	27	23	94	4	0
11/03/2015 02:55	16	28	26	23	93	4	0
11/03/2015 03:00	12	25	24	21	82	4	0
11/03/2015 03:05	11	24	23	20	78	4	0
11/03/2015 03:10	16	28	26	23	93	4	0
11/03/2015 03:15	11	24	23	20	78	4	0
11/03/2015 03:20	13	26	25	21	85	4	0
11/03/2015 03:25	13	26	24	21	84	4	0
11/03/2015 03:30	18	30	28	25	101	4	0
11/03/2015 03:35	17	28	27	24	96	4	0
11/03/2015 03:40	15	27	26	23	91	4	0
11/03/2015 03:45	14	27	25	22	88	4	0
11/03/2015 03:50	18	30	28	25	101	4	0
11/03/2015 03:55	19	31	29	26	105	4	0
11/03/2015 04:00	21	32	30	27	110	4	0
11/03/2015 04:05	15	27	26	23	91	4	0
11/03/2015 04:10	22	33	31	27	113	4	0
11/03/2015 04:15	23	34	31	28	116	4	0
11/03/2015 04:20	23	34	32	28	117	4	0
11/03/2015 04:25	20	31	29	26	106	4	0
11/03/2015 04:30	23	34	32	28	117	4	0
11/03/2015 04:35	32	42	38	34	146	4	0
11/03/2015 04:40	30	40	36	32	138	4	0
11/03/2015 04:45	32	42	38	34	146	4	0
11/03/2015 04:50	35	44	40	36	155	4	0
11/03/2015 04:55	36	45	41	37	159	4	0
11/03/2015 05:00	40	48	44	39	171	4	0
11/03/2015 05:05	36	45	41	37	159	4	0
11/03/2015 05:10	36	45	41	37	159	4	0
11/03/2015 05:15	44	52	47	42	185	4	0
11/03/2015 05:20	54	61	54	49	218	4	0
11/03/2015 05:25	58	65	57	52	232	4	0
11/03/2015 05:30	59	65	58	52	234	4	0
11/03/2015 05:35	64	69	61	55	249	4	0
11/03/2015 05:40	76	80	70	64	290	4	0
11/03/2015 05:45	78	81	72	65	296	4	0
11/03/2015 05:50	74	78	69	62	283	4	0
11/03/2015 05:55	68	72	64	58	262	4	0
11/03/2015 06:00	65	71	62	56	254	4	0
11/03/2015 06:05	78	81	71	65	295	4	0
11/03/2015 06:10	82	85	74	67	308	4	0
11/03/2015 06:15	83	85	75	68	311	4	0
11/03/2015 06:20	87	89	78	71	325	4	0
11/03/2015 06:25	83	86	76	69	314	4	0
11/03/2015 06:30	91	93	81	74	339	4	0
11/03/2015 06:35	91	93	81	74	339	4	0
11/03/2015 06:40	90	92	80	73	335	4	0
11/03/2015 06:45	99	100	87	79	365	4	0
11/03/2015 06:50	105	105	92	83	385	4	0
11/03/2015 06:55	97	98	86	78	359	4	0
11/03/2015 07:00	104	104	90	82	380	4	0
11/03/2015 07:05	107	107	93	85	392	4	0
11/03/2015 07:10	126	123	107	97	453	4	0
11/03/2015 07:15	120	118	102	93	433	4	0
11/03/2015 07:20	112	111	97	88	408	4	0
11/03/2015 07:25	125	122	106	97	450	4	0
11/03/2015 07:30	109	108	94	86	397	4	0
11/03/2015 07:35	118	116	101	92	427	4	0
11/03/2015 07:40	127	124	107	98	456	4	0
11/03/2015 07:45	121	119	103	94	437	4	0
11/03/2015 07:50	116	114	100	91	421	4	0
11/03/2015 07:55	115	113	98	90	416	4	0
11/03/2015 08:00	114	112	98	89	413	4	0
11/03/2015 08:05	107	106	93	84	390	4	0
11/03/2015 08:10	115	113	99	90	417	4	0
11/03/2015 08:15	112	111	97	88	408	4	0
11/03/2015 08:20	118	116	101	92	427	4	0
11/03/2015 08:25	106	106	92	84	388	4	0
11/03/2015 08:30	109	108	94	86	397	4	0
11/03/2015 08:35	115	113	99	90	417	4	0
11/03/2015 08:40	118	116	101	92	427	4	0
11/03/2015 08:45	109	108	94	86	397	4	0
11/03/2015 08:50	110	109	95	87	401	4	0
11/03/2015 08:55	110	109	95	87	401	4	0
11/03/2015 09:00	106	106	93	84	389	4	0
11/03/2015 09:05	94	96	84	76	350	4	0
11/03/2015 09:10	107	107	93	85	392	4	0
11/03/2015 09:15	92	94	82	75	343	4	0
11/03/2015 09:20	112	111	97	88	408	4	0
11/03/2015 09:25	91	93	81	74	339	4	0
11/03/2015 09:30	103	103	90	82	378	4	0
11/03/2015 09:35	95	96	84	76	351	4	0
11/03/2015 09:40	95	96	84	77	352	4	0
11/03/2015 09:45	98	98	86	78	360	4	0
11/03/2015 09:50	99	99	87	79	364	4	0
11/03/2015 09:55	96	97	85	77	355	4	0
11/03/2015 10:00	94	95	83	76	348	4	0
11/03/2015 10:05	88	90	79	72	329	4	0
11/03/2015 10:10	90	92	81	73	336	4	0
11/03/2015 10:15	98	99	86	79	362	4	0
11/03/2015 10:20	95	96	84	76	351	4	0
11/03/2015 10:25	100	101	88	80	369	4	0
11/03/2015 10:30	107	106	93	84	390	4	0
11/03/2015 10:35	99	99	87	79	364	4	0
11/03/2015 10:40	102	102	90	81	375	4	0
11/03/2015 10:45	106	106	92	84	388	4	0
11/03/2015 10:50	112	111	97	88	408	4	0
11/03/2015 10:55	86	89	78	71	324	4	0
11/03/2015 11:00	106	106	92	84	388	4	0
11/03/2015 11:05	104	104	91	82	381	4	0
11/03/2015 11:10	104	104	90	82	380	4	0
11/03/2015 11:15	93	94	83	75	345	4	0
11/03/2015 11:20	92	93	82	74	341	4	0
11/03/2015 11:25	101	102	89	81	373	4	0
11/03/2015 11:30	103	103	90	82	378	4	0
11/03/2015 11:35	106	106	92	84	388	4	0
11/03/2015 11:40	103	103	90	82	378	4	0
11/03/2015 11:45	105	105	91	83	384	4	0
11/03/2015 11:50	94	95	83	76	348	4	0
11/03/2015 11:55	95	96	84	77	352	4	0
11/03/2015 12:00	100	101	88	80	369	4	0
11/03/2015 12:05	103	103	90	82	378	4	0
11/03/2015 12:10	103	103	90	82	378	4	0
11/03/2015 12:15	115	113	99	90	417	4	0
11/03/2015 12:20	112	111	97	88	408	4	0
11/03/2015 12:25	102	102	90	81	375	4	0
11/03/2015 12:30	104	103	90	82	379	4	0
11/03/2015 12:35	109	109	95	86	399	4	0
11/03/2015 12:40	101	101	88	80	370	4	0
11/03/2015 12:45	110	109	95	86	400	4	0
11/03/2015 12:50	115	113	99	90	417	4	0
11/03/2015 12:55	111	110	96	87	404	4	0
11/03/2015 13:00	93	95	83	75	346	4	0
11/03/2015 13:05	105	104	91	83	383	4	0
11/03/2015 13:10	98	99	87	79	363	4	0
11/03/2015 13:15	107	106	93	84	390	4	0
11/03/2015 13:20	112	111	97	88	408	4	0
11/03/2015 13:25	101	101	88	80	370	4	0
11/03/2015 13:30	109	109	95	86	399	4	0
11/03/2015 13:35	103	103	90	82	378	4	0
11/03/2015 13:40	111	110	96	87	404	4	0
11/03/2015 13:45	103	103	90	82	378	4	0
11/03/2015 13:50	104	104	91	83	382	4	0
11/03/2015 13:55	92	94	82	75	343	4	0
11/03/2015 14:00	98	99	86	78	361	4	0
11/03/2015 14:05	92	94	82	75	343	4	0
11/03/2015 14:10	119	116	101	92	428	4	0
11/03/2015 14:15	122	119	104	95	440	4	0
11/03/2015 14:20	116	114	100	91	421	4	0
11/03/2015 14:25	129	125	109	99	462	4	0
11/03/2015 14:30	125	122	106	97	450	4	0
11/03/2015 14:35	114	113	98	89	414	4	0
11/03/2015 14:40	108	108	94	86	396	4	0
11/03/2015 14:45	107	106	93	85	391	4	0
11/03/2015 14:50	103	103	90	82	378	4	0
11/03/2015 14:55	109	109	95	86	399	4	0
11/03/2015 15:00	108	108	94	86	396	4	0
11/03/2015 15:05	87	89	78	71	325	4	0
11/03/2015 15:10	103	103	90	82	378	4	0
11/03/2015 15:15	83	85	75	68	311	4	0
11/03/2015 15:20	85	88	77	70	320	4	0
11/03/2015 15:25	90	92	81	73	336	4	0
11/03/2015 15:30	100	100	88	80	368	4	0
11/03/2015 15:35	108	108	94	85	395	4	0
11/03/2015 15:40	89	91	80	72	332	4	0
11/03/2015 15:45	89	91	80	72	332	4	0
11/03/2015 15:50	76	80	70	64	290	4	0
11/03/2015 15:55	72	77	68	61	278	4	0
11/03/2015 16:00	85	88	77	70	320	4	0
11/03/2015 16:05	82	85	75	68	310	4	0
11/03/2015 16:10	87	89	78	71	325	4	0
11/03/2015 16:15	89	91	80	72	332	4	0
11/03/2015 16:20	92	93	82	74	341	4	0
11/03/2015 16:25	96	97	85	77	355	4	0
11/03/2015 16:30	82	85	75	68	310	4	0
11/03/2015 16:35	89	91	80	73	333	4	0
11/03/2015 16:40	92	94	82	74	342	4	0
11/03/2015 16:45	93	95	83	75	346	4	0
11/03/2015 16:50	89	91	80	73	333	4	0
11/03/2015 16:55	91	92	81	73	337	4	0
11/03/2015 17:00	87	90	79	71	327	4	0
11/03/2015 17:05	90	92	80	73	335	4	0
11/03/2015 17:10	93	95	83	75	346	4	0
11/03/2015 17:15	93	94	82	75	344	4	0
11/03/2015 17:20	84	86	76	69	315	4	0
11/03/2015 17:25	86	89	78	71	324	4	0
11/03/2015 17:30	80	83	73	67	303	4	0
11/03/2015 17:35	85	88	77	70	320	4	0
11/03/2015 17:40	71	76	67	61	275	4	0
11/03/2015 17:45	64	69	61	55	249	4	0
11/03/2015 17:50	78	81	72	65	296	4	0
11/03/2015 17:55	78	81	71	65	295	4	0
11/03/2015 18:00	80	83	73	67	303	4	0
11/03/2015 18:05	76	80	70	64	290	4	0
11/03/2015 18:10	68	73	64	58	263	4	0
11/03/2015 18:15	67	72	64	58	261	4	0
11/03/2015 18:20	65	71	63	57	256	4	0
11/03/2015 18:25	50	57	51	46	204	4	0
11/03/2015 18:30	70	75	66	60	271	4	0
11/03/2015 18:35	76	80	71	64	291	4	0
11/03/2015 18:40	84	87	76	69	316	4	0
11/03/2015 18:45	76	80	71	64	291	4	0
11/03/2015 18:50	80	83	73	66	302	4	0
11/03/2015 18:55	90	92	81	73	336	4	0
11/03/2015 19:00	95	96	84	76	351	4	0
11/03/2015 19:05	80	83	73	67	303	4	0
11/03/2015 19:10	65	70	62	56	253	4	0
11/03/2015 19:15	66	71	63	57	257	4	0
11/03/2015 19:20	91	92	81	73	337	4	0
11/03/2015 19:25	91	93	81	74	339	4	0
11/03/2015 19:30	101	101	89	81	372	4	0
11/03/2015 19:35	100	100	88	80	368	4	0
11/03/2015 19:40	93	94	83	75	345	4	0
11/03/2015 19:45	95	96	84	76	351	4	0
11/03/2015 19:50	102	102	89	81	374	4	0
11/03/2015 19:55	104	104	90	82	380	4	0
11/03/2015 20:00	111	110	96	87	404	4	0
11/03/2015 20:05	112	111	97	88	408	4	0
11/03/2015 20:10	98	99	87	79	363	4	0
11/03/2015 20:15	100	100	88	80	368	4	0
11/03/2015 20:20	87	89	78	71	325	4	0
11/03/2015 20:25	90	92	81	73	336	4	0
11/03/2015 20:30	53	60	54	48	215	4	0
11/03/2015 20:35	84	86	76	69	315	4	0
11/03/2015 20:40	93	94	82	75	344	4	0
11/03/2015 20:45	102	102	89	81	374	4	0
11/03/2015 20:50	83	86	75	68	312	4	0
11/03/2015 20:55	93	95	83	75	346	4	0
11/03/2015 21:00	84	87	76	69	316	4	0
11/03/2015 21:05	61	67	59	54	241	4	0
11/03/2015 21:10	70	75	66	60	271	4	0
11/03/2015 21:15	78	81	71	65	295	4	0
11/03/2015 21:20	89	90	79	72	330	4	0
11/03/2015 21:25	76	79	70	63	288	4	0
11/03/2015 21:30	76	79	70	63	288	4	0
11/03/2015 21:35	76	79	70	63	288	4	0
11/03/2015 21:40	70	75	66	60	271	4	0
11/03/2015 21:45	70	75	66	60	271	4	0
11/03/2015 21:50	74	78	69	62	283	4	0
11/03/2015 21:55	72	77	68	61	278	4	0
11/03/2015 22:00	64	69	62	56	251	4	0
11/03/2015 22:05	82	85	75	68	310	4	0
11/03/2015 22:10	74	78	68	62	282	4	0
11/03/2015 22:15	76	80	70	64	290	4	0
11/03/2015 22:20	64	69	61	55	249	4	0
11/03/2015 22:25	72	76	67	61	276	4	0
11/03/2015 22:30	72	76	67	61	276	4	0
11/03/2015 22:35	60	65	58	53	236	4	0
11/03/2015 22:40	57	63	56	51	227	4	0
11/03/2015 22:45	59	65	58	52	234	4	0
11/03/2015 22:50	54	61	54	49	218	4	0
11/03/2015 22:55	54	61	54	49	218	4	0
11/03/2015 23:00	48	55	50	45	198	4	0
11/03/2015 23:05	45	52	47	42	186	4	0
11/03/2015 23:10	41	49	44	40	174	4	0
11/03/2015 23:15	44	52	47	42	185	4	0
11/03/2015 23:20	41	50	45	40	176	4	0
11/03/2015 23:25	43	51	46	41	181	4	0
11/03/2015 23:30	40	48	44	39	171	4	0
11/03/2015 23:35	38	47	42	38	165	4	0
11/03/2015 23:40	37	46	42	38	163	4	0
11/03/2015 23:45	42	50	45	40	177	4	0
11/03/2015 23:50	41	50	45	40	176	4	0
11/03/2015 23:55	41	50	45	40	176	4	0
11/04/2015 00:00	28	37	34	30	129	4	0
11/04/2015 00:05	35	43	39	35	152	4	0
11/04/2015 00:10	34	42	36	32	144	4	0
11/04/2015 00:15	34	43	37	31	145	4	0
11/04/2015 00:20	31	40	37	32	140	4	0
11/04/2015 00:25	24	33	31	27	115	4	0
11/04/2015 00:30	25	34	32	28	119	4	0
11/04/2015 00:35	22	31	27	23	103	4	0
11/04/2015 00:40	19	29	25	22	95	4	0
11/04/2015 00:45	26	36	33	29	124	4	0
11/04/2015 00:50	19	29	26	23	97	4	0
11/04/2015 00:55	20	32	29	24	105	4	0
11/04/2015 01:00	23	32	28	22	105	4	0
11/04/2015 01:05	18	31	28	23	100	4	0
11/04/2015 01:10	24	34	29	24	111	4	0
11/04/2015 01:15	22	31	29	25	107	4	0
11/04/2015 01:20	14	24	21	18	77	4	0
11/04/2015 01:25	21	31	27	23	102	4	0
11/04/2015 01:30	17	27	25	21	90	4	0
11/04/2015 01:35	16	27	25	22	90	4	0
11/04/2015 01:40	19	31	28	22	100	4	0
11/04/2015 01:45	20	30	26	20	96	4	0
11/04/2015 01:50	17	29	24	20	90	4	0
11/04/2015 01:55	15	26	25	21	87	4	0
11/04/2015 02:00	16	27	25	22	90	4	0
11/04/2015 02:05	17	27	23	19	86	4	0
11/04/2015 02:10	17	27	24	21	89	4	0
11/04/2015 02:15	15	25	24	21	85	4	0
11/04/2015 02:20	18	28	25	21	92	4	0
11/04/2015 02:25	19	29	24	19	91	4	0
11/04/2015 02:30	14	24	20	17	75	4	0
11/04/2015 02:35	13	23	22	19	77	4	0
11/04/2015 02:40	18	28	24	18	88	4	0
11/04/2015 02:45	15	25	24	21	85	4	0
11/04/2015 02:50	15	28	24	20	87	4	0
11/04/2015 02:55	15	27	23	17	82	4	0
11/04/2015 03:00	9	21	20	17	67	4	0
11/04/2015 03:05	20	29	25	20	94	4	0
11/04/2015 03:10	17	29	24	19	89	4	0
11/04/2015 03:15	15	27	23	17	82	4	0
11/04/2015 03:20	14	24	20	16	74	4	0
11/04/2015 03:25	16	27	23	18	84	4	0
11/04/2015 03:30	15	25	21	16	77	4	0
11/04/2015 03:35	15	26	25	21	87	4	0
11/04/2015 03:40	20	31	27	21	99	4	0
11/04/2015 03:45	16	29	27	21	93	4	0
11/04/2015 03:50	14	25	24	21	84	4	0
11/04/2015 03:55	14	24	23	20	81	4	0
11/04/2015 04:00	15	25	24	21	85	4	0
11/04/2015 04:05	19	29	25	22	95	4	0
11/04/2015 04:10	23	34	29	24	110	4	0
11/04/2015 04:15	25	34	32	28	119	4	0
11/04/2015 04:20	22	33	30	27	112	4	0
11/04/2015 04:25	21	31	29	25	106	4	0
11/04/2015 04:30	21	30	27	23	101	4	0
11/04/2015 04:35	33	41	36	30	140	4	0
11/04/2015 04:40	28	37	32	26	123	4	0
11/04/2015 04:45	33	41	36	30	140	4	0
11/04/2015 04:50	31	39	36	32	138	4	0
11/04/2015 04:55	34	42	38	34	148	4	0
11/04/2015 05:00	35	43	39	35	152	4	0
11/04/2015 05:05	32	41	37	33	143	4	0
11/04/2015 05:10	40	48	41	35	164	4	0
11/04/2015 05:15	48	56	50	45	199	4	0
11/04/2015 05:20	48	55	49	44	196	4	0
11/04/2015 05:25	47	55	49	44	195	4	0
11/04/2015 05:30	55	62	55	50	222	4	0
11/04/2015 05:35	66	71	63	57	257	4	0
11/04/2015 05:40	70	75	66	60	271	4	0
11/04/2015 05:45	64	70	62	56	252	4	0
11/04/2015 05:50	68	73	65	59	265	4	0
11/04/2015 05:55	62	68	60	54	244	4	0
11/04/2015 06:00	52	59	51	45	207	4	0
11/04/2015 06:05	58	64	57	52	231	4	0
11/04/2015 06:10	68	73	65	59	265	4	0
11/04/2015 06:15	63	69	61	55	248	4	0
11/04/2015 06:20	80	84	73	67	304	4	0
11/04/2015 06:25	85	89	78	71	323	4	0
11/04/2015 06:30	82	85	75	68	310	4	0
11/04/2015 06:35	88	90	79	71	328	4	0
11/04/2015 06:40	93	96	84	76	349	4	0
11/04/2015 06:45	104	105	92	84	385	4	0
11/04/2015 06:50	99	101	88	81	369	4	0
11/04/2015 06:55	86	90	79	72	327	4	0
11/04/2015 07:00	94	96	84	76	350	4	0
11/04/2015 07:05	95	98	85	78	356	4	0
11/04/2015 07:10	110	111	96	88	405	4	0
11/04/2015 07:15	115	115	100	92	422	4	0
11/04/2015 07:20	123	123	107	98	451	4	0
11/04/2015 07:25	104	105	92	84	385	4	0
11/04/2015 07:30	111	112	97	89	409	4	0
11/04/2015 07:35	116	115	100	91	422	4	0
11/04/2015 07:40	127	126	110	101	464	4	0
11/04/2015 07:45	118	118	103	95	434	4	0
11/04/2015 07:50	114	114	99	91	418	4	0
11/04/2015 07:55	117	116	102	93	428	4	0
11/04/2015 08:00	115	115	100	92	422	4	0
11/04/2015 08:05	119	119	104	96	438	4	0
11/04/2015 08:10	121	118	102	94	435	4	0
11/04/2015 08:15	126	126	109	100	461	4	0
11/04/2015 08:20	107	107	94	85	393	4	0
11/04/2015 08:25	109	109	95	86	399	4	0
11/04/2015 08:30	116	116	102	93	427	4	0
11/04/2015 08:35	112	111	97	88	408	4	0
11/04/2015 08:40	120	120	105	97	442	4	0
11/04/2015 08:45	92	94	82	75	343	4	0
11/04/2015 08:50	99	101	88	80	368	4	0
11/04/2015 08:55	104	105	92	84	385	4	0
11/04/2015 09:00	101	102	90	82	375	4	0
11/04/2015 09:05	103	104	91	83	381	4	0
11/04/2015 09:10	111	112	97	89	409	4	0
11/04/2015 09:15	107	107	93	85	392	4	0
11/04/2015 09:20	106	106	93	84	389	4	0
11/04/2015 09:25	108	109	95	87	399	4	0
11/04/2015 09:30	95	97	85	77	354	4	0
11/04/2015 09:35	96	98	86	78	358	4	0
11/04/2015 09:40	63	69	62	56	250	4	0
11/04/2015 09:45	58	64	58	52	232	4	0
11/04/2015 09:50	103	103	90	82	378	4	0
11/04/2015 09:55	92	94	83	75	344	4	0
11/04/2015 10:00	94	97	84	77	352	4	0
11/04/2015 10:05	84	87	76	70	317	4	0
11/04/2015 10:10	92	95	83	76	346	4	0
11/04/2015 10:15	91	93	82	74	340	4	0
11/04/2015 10:20	102	102	89	81	374	4	0
11/04/2015 10:25	96	97	85	77	355	4	0
11/04/2015 10:30	88	91	80	73	332	4	0
11/04/2015 10:35	86	90	79	72	327	4	0
11/04/2015 10:40	94	97	84	77	352	4	0
11/04/2015 10:45	96	98	86	78	358	4	0
11/04/2015 10:50	99	100	88	79	366	4	0
11/04/2015 10:55	95	97	85	77	354	4	0
11/04/2015 11:00	97	98	86	78	359	4	0
11/04/2015 11:05	94	96	84	76	350	4	0
11/04/2015 11:10	74	78	69	62	283	4	0
11/04/2015 11:15	93	95	83	75	346	4	0
11/04/2015 11:20	94	96	84	76	350	4	0
11/04/2015 11:25	95	98	85	78	356	4	0
11/04/2015 11:30	100	101	88	80	369	4	0
11/04/2015 11:35	103	104	91	82	380	4	0
11/04/2015 11:40	104	105	92	84	385	4	0
11/04/2015 11:45	95	98	85	78	356	4	0
11/04/2015 11:50	111	110	96	87	404	4	0
11/04/2015 11:55	100	101	89	81	371	4	0
11/04/2015 12:00	96	98	86	78	358	4	0
11/04/2015 12:05	106	106	93	84	389	4	0
11/04/2015 12:10	120	118	103	93	434	4	0
11/04/2015 12:15	99	101	88	81	369	4	0
11/04/2015 12:20	99	101	88	80	368	4	0
11/04/2015 12:25	96	98	86	77	357	4	0
11/04/2015 12:30	107	107	94	85	393	4	0
11/04/2015 12:35	99	101	88	80	368	4	0
11/04/2015 12:40	106	106	93	84	389	4	0
11/04/2015 12:45	111	112	97	89	409	4	0
11/04/2015 12:50	103	104	91	83	381	4	0
11/04/2015 12:55	100	101	89	81	371	4	0
11/04/2015 13:00	110	110	96	87	403	4	0
11/04/2015 13:05	94	96	84	76	350	4	0
11/04/2015 13:10	111	112	97	89	409	4	0
11/04/2015 13:15	109	109	95	86	399	4	0
11/04/2015 13:20	101	102	89	81	373	4	0
11/04/2015 13:25	106	107	94	86	393	4	0
11/04/2015 13:30	102	103	90	83	378	4	0
11/04/2015 13:35	91	94	82	75	342	4	0
11/04/2015 13:40	102	103	90	81	376	4	0
11/04/2015 13:45	120	118	103	93	434	4	0
11/04/2015 13:50	109	110	96	87	402	4	0
11/04/2015 13:55	108	109	95	87	399	4	0
11/04/2015 14:00	107	107	94	85	393	4	0
11/04/2015 14:05	111	112	97	89	409	4	0
11/04/2015 14:10	116	115	100	91	422	4	0
11/04/2015 14:15	107	107	94	85	393	4	0
11/04/2015 14:20	69	73	64	57	263	4	0
11/04/2015 14:25	108	107	94	85	394	4	0
11/04/2015 14:30	109	109	95	86	399	4	0
11/04/2015 14:35	99	100	87	80	366	4	0
11/04/2015 14:40	82	86	76	69	313	4	0
11/04/2015 14:45	78	81	72	65	296	4	0
11/04/2015 14:50	83	86	76	69	314	4	0
11/04/2015 14:55	91	93	82	74	340	4	0
11/04/2015 15:00	96	98	85	78	357	4	0
11/04/2015 15:05	101	102	89	81	373	4	0
11/04/2015 15:10	96	98	85	77	356	4	0
11/04/2015 15:15	87	90	78	71	326	4	0
11/04/2015 15:20	89	91	80	73	333	4	0
11/04/2015 15:25	89	91	80	72	332	4	0
11/04/2015 15:30	89	91	80	72	332	4	0
11/04/2015 15:35	86	90	79	72	327	4	0
11/04/2015 15:40	85	88	77	70	320	4	0
11/04/2015 15:45	95	97	85	77	354	4	0
11/04/2015 15:50	93	95	83	76	347	4	0
11/04/2015 15:55	91	94	82	75	342	4	0
11/04/2015 16:00	82	85	75	68	310	4	0
11/04/2015 16:05	95	96	84	77	352	4	0
11/04/2015 16:10	87	89	78	71	325	4	0
11/04/2015 16:15	85	89	78	71	323	4	0
11/04/2015 16:20	80	84	73	67	304	4	0
11/04/2015 16:25	79	82	72	65	298	4	0
11/04/2015 16:30	75	79	69	63	286	4	0
11/04/2015 16:35	89	91	80	72	332	4	0
11/04/2015 16:40	80	83	73	66	302	4	0
11/04/2015 16:45	85	89	78	71	323	4	0
11/04/2015 16:50	80	83	73	65	301	4	0
11/04/2015 16:55	89	91	80	72	332	4	0
11/04/2015 17:00	74	78	68	62	282	4	0
11/04/2015 17:05	71	76	67	61	275	4	0
11/04/2015 17:10	73	77	67	60	277	4	0
11/04/2015 17:15	77	81	71	64	293	4	0
11/04/2015 17:20	80	83	73	67	303	4	0
11/04/2015 17:25	68	72	63	56	259	4	0
11/04/2015 17:30	70	74	65	58	267	4	0
11/04/2015 17:35	74	78	69	63	284	4	0
11/04/2015 17:40	76	80	70	64	290	4	0
11/04/2015 17:45	74	78	69	63	284	4	0
11/04/2015 17:50	79	83	73	66	301	4	0
11/04/2015 17:55	73	77	68	62	280	4	0
11/04/2015 18:00	77	81	71	65	294	4	0
11/04/2015 18:05	73	77	67	61	278	4	0
11/04/2015 18:10	78	82	72	66	298	4	0
11/04/2015 18:15	72	77	67	61	277	4	0
11/04/2015 18:20	77	81	71	65	294	4	0
11/04/2015 18:25	80	83	73	65	301	4	0
11/04/2015 18:30	85	89	78	71	323	4	0
11/04/2015 18:35	88	91	80	73	332	4	0
11/04/2015 18:40	74	79	70	64	287	4	0
11/04/2015 18:45	89	92	81	74	336	4	0
11/04/2015 18:50	78	82	72	65	297	4	0
11/04/2015 18:55	87	90	79	72	328	4	0
11/04/2015 19:00	82	85	75	68	310	4	0
11/04/2015 19:05	84	88	77	70	319	4	0
11/04/2015 19:10	83	86	76	69	314	4	0
11/04/2015 19:15	85	88	77	69	319	4	0
11/04/2015 19:20	79	83	73	66	301	4	0
11/04/2015 19:25	92	94	82	75	343	4	0
11/04/2015 19:30	86	89	78	71	324	4	0
11/04/2015 19:35	92	95	83	76	346	4	0
11/04/2015 19:40	89	91	80	72	332	4	0
11/04/2015 19:45	92	95	83	76	346	4	0
11/04/2015 19:50	91	94	82	75	342	4	0
11/04/2015 19:55	93	95	83	76	347	4	0
11/04/2015 20:00	96	98	86	78	358	4	0
11/04/2015 20:05	101	103	90	82	376	4	0
11/04/2015 20:10	91	92	81	74	338	4	0
11/04/2015 20:15	91	94	82	75	342	4	0
11/04/2015 20:20	102	103	90	83	378	4	0
11/04/2015 20:25	97	98	86	78	359	4	0
11/04/2015 20:30	99	101	88	80	368	4	0
11/04/2015 20:35	84	87	76	70	317	4	0
11/04/2015 20:40	85	87	77	70	319	4	0
11/04/2015 20:45	91	94	82	75	342	4	0
11/04/2015 20:50	85	89	78	71	323	4	0
11/04/2015 20:55	79	82	73	65	299	4	0
11/04/2015 21:00	80	84	73	67	304	4	0
11/04/2015 21:05	70	74	65	58	267	4	0
11/04/2015 21:10	76	80	70	63	289	4	0
11/04/2015 21:15	78	82	72	65	297	4	0
11/04/2015 21:20	72	76	66	59	273	4	0
11/04/2015 21:25	80	84	73	67	304	4	0
11/04/2015 21:30	74	78	69	62	283	4	0
11/04/2015 21:35	70	75	66	60	271	4	0
11/04/2015 21:40	68	73	65	58	264	4	0
11/04/2015 21:45	65	70	62	56	253	4	0
11/04/2015 21:50	76	80	71	64	291	4	0
11/04/2015 21:55	68	73	65	58	264	4	0
11/04/2015 22:00	76	80	69	62	287	4	0
11/04/2015 22:05	70	74	66	59	269	4	0
11/04/2015 22:10	87	90	78	71	326	4	0
11/04/2015 22:15	69	74	65	59	267	4	0
11/04/2015 22:20	69	73	64	57	263	4	0
11/04/2015 22:25	67	72	64	58	261	4	0
11/04/2015 22:30	63	68	59	52	242	4	0
11/04/2015 22:35	54	60	54	48	216	4	0
11/04/2015 22:40	58	63	55	48	224	4	0
11/04/2015 22:45	47	55	49	44	195	4	0
11/04/2015 22:50	60	66	59	53	238	4	0
11/04/2015 22:55	58	63	57	51	229	4	0
11/04/2015 23:00	42	49	45	40	176	4	0
11/04/2015 23:05	50	57	51	45	203	4	0
11/04/2015 23:10	44	51	46	41	182	4	0
11/04/2015 23:15	51	58	50	44	203	4	0
11/04/2015 23:20	47	54	47	41	189	4	0
11/04/2015 23:25	37	45	41	36	159	4	0
11/04/2015 23:30	42	49	43	38	172	4	0
11/04/2015 23:35	39	47	41	36	163	4	0
11/04/2015 23:40	38	46	42	37	163	4	0
11/04/2015 23:45	46	53	46	40	185	4	0
11/04/2015 23:50	34	42	38	34	148	4	0
11/04/2015 23:55	31	40	37	32	140	4	0
11/05/2015 00:00	29	39	36	32	136	4	0
11/05/2015 00:05	40	48	44	39	171	4	0
11/05/2015 00:10	40	49	44	40	173	4	0
11/05/2015 00:15	37	46	41	37	161	4	0
11/05/2015 00:20	38	47	43	38	166	4	0
11/05/2015 00:25	33	43	39	35	150	4	0
11/05/2015 00:30	28	39	35	31	133	4	0
11/05/2015 00:35	26	37	34	30	127	4	0
11/05/2015 00:40	25	35	33	29	122	4	0
11/05/2015 00:45	26	37	34	30	127	4	0
11/05/2015 00:50	24	35	32	29	120	4	0
11/05/2015 00:55	26	37	34	30	127	4	0
11/05/2015 01:00	23	34	31	28	116	4	0
11/05/2015 01:05	23	34	32	28	117	4	0
11/05/2015 01:10	17	28	27	24	96	4	0
11/05/2015 01:15	22	33	31	27	113	4	0
11/05/2015 01:20	21	32	30	27	110	4	0
11/05/2015 01:25	19	31	29	26	105	4	0
11/05/2015 01:30	26	36	34	30	126	4	0
11/05/2015 01:35	24	35	32	29	120	4	0
11/05/2015 01:40	18	30	28	25	101	4	0
11/05/2015 01:45	20	31	29	26	106	4	0
11/05/2015 01:50	14	26	25	22	87	4	0
11/05/2015 01:55	18	30	28	25	101	4	0
11/05/2015 02:00	17	29	27	24	97	4	0
11/05/2015 02:05	16	28	26	23	93	4	0
11/05/2015 02:10	19	30	29	25	103	4	0
11/05/2015 02:15	22	33	31	27	113	4	0
11/05/2015 02:20	16	28	27	23	94	4	0
11/05/2015 02:25	19	30	28	25	102	4	0
11/05/2015 02:30	16	28	26	23	93	4	0
11/05/2015 02:35	14	26	25	22	87	4	0
11/05/2015 02:40	16	27	26	23	92	4	0
11/05/2015 02:45	20	31	29	26	106	4	0
11/05/2015 02:50	15	27	26	22	90	4	0
11/05/2015 02:55	13	25	24	21	83	4	0
11/05/2015 03:00	17	29	27	24	97	4	0
11/05/2015 03:05	15	27	26	23	91	4	0
11/05/2015 03:10	14	26	25	22	87	4	0
11/05/2015 03:15	14	26	25	22	87	4	0
11/05/2015 03:20	15	27	26	23	91	4	0
11/05/2015 03:25	18	29	28	24	99	4	0
11/05/2015 03:30	18	30	28	25	101	4	0
11/05/2015 03:35	16	28	26	23	93	4	0
11/05/2015 03:40	16	28	27	23	94	4	0
11/05/2015 03:45	18	29	28	24	99	4	0
11/05/2015 03:50	18	29	28	24	99	4	0
11/05/2015 03:55	16	27	26	23	92	4	0
11/05/2015 04:00	19	31	29	25	104	4	0
11/05/2015 04:05	20	32	30	26	108	4	0
11/05/2015 04:10	18	30	28	25	101	4	0
11/05/2015 04:15	20	31	29	26	106	4	0
11/05/2015 04:20	26	36	34	30	126	4	0
11/05/2015 04:25	21	32	30	26	109	4	0
11/05/2015 04:30	26	36	34	30	126	4	0
11/05/2015 04:35	27	38	35	31	131	4	0
11/05/2015 04:40	28	38	35	31	132	4	0
11/05/2015 04:45	37	46	41	37	161	4	0
11/05/2015 04:50	37	46	42	38	163	4	0
11/05/2015 04:55	36	45	41	36	158	4	0
11/05/2015 05:00	42	50	45	41	178	4	0
11/05/2015 05:05	37	46	42	37	162	4	0
11/05/2015 05:10	43	51	46	41	181	4	0
11/05/2015 05:15	46	53	48	43	190	4	0
11/05/2015 05:20	50	57	51	46	204	4	0
11/05/2015 05:25	56	62	55	50	223	4	0
11/05/2015 05:30	64	69	61	55	249	4	0
11/05/2015 05:35	62	68	60	54	244	4	0
11/05/2015 05:40	75	79	70	63	287	4	0
11/05/2015 05:45	75	79	69	63	286	4	0
11/05/2015 05:50	80	84	74	67	305	4	0
11/05/2015 05:55	65	70	62	56	253	4	0
11/05/2015 06:00	70	74	65	59	268	4	0
11/05/2015 06:05	74	78	69	62	283	4	0
11/05/2015 06:10	73	77	68	62	280	4	0
11/05/2015 06:15	89	91	80	73	333	4	0
11/05/2015 06:20	76	80	70	64	290	4	0
11/05/2015 06:25	88	90	79	72	329	4	0
11/05/2015 06:30	92	94	82	75	343	4	0
11/05/2015 06:35	87	89	78	71	325	4	0
11/05/2015 06:40	96	97	85	77	355	4	0
11/05/2015 06:45	97	98	86	78	359	4	0
11/05/2015 06:50	99	99	87	79	364	4	0
11/05/2015 06:55	104	104	91	82	381	4	0
11/05/2015 07:00	103	103	90	82	378	4	0
11/05/2015 07:05	94	95	83	76	348	4	0
11/05/2015 07:10	124	121	105	96	446	4	0
11/05/2015 07:15	121	119	104	94	438	4	0
11/05/2015 07:20	120	118	103	93	434	4	0
11/05/2015 07:25	132	128	111	101	472	4	0
11/05/2015 07:30	124	121	105	96	446	4	0
11/05/2015 07:35	124	121	105	96	446	4	0
11/05/2015 07:40	111	110	96	87	404	4	0
11/05/2015 07:45	121	118	103	94	436	4	0
11/05/2015 07:50	113	112	98	89	412	4	0
11/05/2015 07:55	118	116	101	92	427	4	0
11/05/2015 08:00	113	112	97	89	411	4	0
11/05/2015 08:05	119	117	102	93	431	4	0
11/05/2015 08:10	128	125	109	99	461	4	0
11/05/2015 08:15	120	118	103	94	435	4	0
11/05/2015 08:20	112	111	97	88	408	4	0
11/05/2015 08:25	99	100	87	79	365	4	0
11/05/2015 08:30	112	111	97	88	408	4	0
11/05/2015 08:35	118	116	101	92	427	4	0
11/05/2015 08:40	109	108	94	86	397	4	0
11/05/2015 08:45	112	111	96	88	407	4	0
11/05/2015 08:50	110	109	95	87	401	4	0
11/05/2015 08:55	105	105	92	83	385	4	0
11/05/2015 09:00	119	117	102	93	431	4	0
11/05/2015 09:05	99	100	87	79	365	4	0
11/05/2015 09:10	98	98	86	78	360	4	0
11/05/2015 09:15	100	101	88	80	369	4	0
11/05/2015 09:20	99	100	87	79	365	4	0
11/05/2015 09:25	107	106	93	84	390	4	0
11/05/2015 09:30	98	99	86	79	362	4	0
11/05/2015 09:35	92	94	82	75	343	4	0
11/05/2015 09:40	99	100	87	79	365	4	0
11/05/2015 09:45	105	104	91	83	383	4	0
11/05/2015 09:50	100	100	88	80	368	4	0
11/05/2015 09:55	97	98	85	78	358	4	0
11/05/2015 10:00	99	100	88	80	367	4	0
11/05/2015 10:05	94	95	83	76	348	4	0
11/05/2015 10:10	91	92	81	73	337	4	0
11/05/2015 10:15	108	108	94	85	395	4	0
11/05/2015 10:20	102	102	89	81	374	4	0
11/05/2015 10:25	110	109	95	87	401	4	0
11/05/2015 10:30	95	96	84	77	352	4	0
11/05/2015 10:35	105	105	92	84	386	4	0
11/05/2015 10:40	103	103	90	82	378	4	0
11/05/2015 10:45	108	107	94	85	394	4	0
11/05/2015 10:50	92	93	82	74	341	4	0
11/05/2015 10:55	99	100	87	79	365	4	0
11/05/2015 11:00	105	105	92	83	385	4	0
11/05/2015 11:05	91	93	81	74	339	4	0
11/05/2015 11:10	102	102	90	81	375	4	0
11/05/2015 11:15	111	110	96	87	404	4	0
11/05/2015 11:20	107	106	93	85	391	4	0
11/05/2015 11:25	98	99	87	79	363	4	0
11/05/2015 11:30	97	98	86	78	359	4	0
11/05/2015 11:35	102	102	89	81	374	4	0
11/05/2015 11:40	117	115	100	91	423	4	0
11/05/2015 11:45	116	114	99	91	420	4	0
11/05/2015 11:50	95	96	84	76	351	4	0
11/05/2015 11:55	102	102	89	81	374	4	0
11/05/2015 12:00	101	101	88	80	370	4	0
11/05/2015 12:05	112	111	97	88	408	4	0
11/05/2015 12:10	111	110	96	87	404	4	0
11/05/2015 12:15	99	100	87	79	365	4	0
11/05/2015 12:20	112	111	97	88	408	4	0
11/05/2015 12:25	117	115	100	91	423	4	0
11/05/2015 12:30	113	112	97	89	411	4	0
11/05/2015 12:35	98	98	86	78	360	4	0
11/05/2015 12:40	114	112	98	89	413	4	0
11/05/2015 12:45	115	113	98	90	416	4	0
11/05/2015 12:50	111	110	96	88	405	4	0
11/05/2015 12:55	106	105	92	83	386	4	0
11/05/2015 13:00	112	111	97	88	408	4	0
11/05/2015 13:05	99	100	87	79	365	4	0
11/05/2015 13:10	114	112	98	89	413	4	0
11/05/2015 13:15	104	104	90	82	380	4	0
11/05/2015 13:20	111	110	96	87	404	4	0
11/05/2015 13:25	113	111	97	88	409	4	0
11/05/2015 13:30	114	112	98	89	413	4	0
11/05/2015 13:35	122	120	104	95	441	4	0
11/05/2015 13:40	110	109	95	86	400	4	0
11/05/2015 13:45	123	120	104	95	442	4	0
11/05/2015 13:50	121	119	103	94	437	4	0
11/05/2015 13:55	111	110	96	87	404	4	0
11/05/2015 14:00	107	106	93	84	390	4	0
11/05/2015 14:05	111	110	96	88	405	4	0
11/05/2015 14:10	99	100	87	79	365	4	0
11/05/2015 14:15	108	108	94	85	395	4	0
11/05/2015 14:20	95	97	85	77	354	4	0
11/05/2015 14:25	103	103	90	82	378	4	0
11/05/2015 14:30	79	82	73	66	300	4	0
11/05/2015 14:35	101	101	88	80	370	4	0
11/05/2015 14:40	99	99	87	79	364	4	0
11/05/2015 14:45	98	99	86	78	361	4	0
11/05/2015 14:50	92	94	82	75	343	4	0
11/05/2015 14:55	87	90	79	71	327	4	0
11/05/2015 15:00	70	75	66	60	271	4	0
11/05/2015 15:05	69	74	65	59	267	4	0
11/05/2015 15:10	79	82	72	65	298	4	0
11/05/2015 15:15	72	76	67	61	276	4	0
11/05/2015 15:20	71	76	67	60	274	4	0
11/05/2015 15:25	72	76	67	61	276	4	0
11/05/2015 15:30	84	87	76	69	316	4	0
11/05/2015 15:35	86	89	78	71	324	4	0
11/05/2015 15:40	54	61	54	49	218	4	0
11/05/2015 15:45	49	56	50	45	200	4	0
11/05/2015 15:50	83	86	76	69	314	4	0
11/05/2015 15:55	72	76	67	61	276	4	0
11/05/2015 16:00	58	64	57	52	231	4	0
11/05/2015 16:05	68	73	64	58	263	4	0
11/05/2015 16:10	87	89	78	71	325	4	0
11/05/2015 16:15	73	77	68	62	280	4	0
11/05/2015 16:20	76	80	71	64	291	4	0
11/05/2015 16:25	52	59	53	48	212	4	0
11/05/2015 16:30	64	69	62	56	251	4	0
11/05/2015 16:35	77	81	71	64	293	4	0
11/05/2015 16:40	70	74	66	59	269	4	0
11/05/2015 16:45	55	61	55	49	220	4	0
11/05/2015 16:50	79	82	72	66	299	4	0
11/05/2015 16:55	68	73	65	59	265	4	0
11/05/2015 17:00	53	59	53	48	213	4	0
11/05/2015 17:05	52	59	53	48	212	4	0
11/05/2015 17:10	62	68	60	54	244	4	0
11/05/2015 17:15	72	76	67	61	276	4	0
11/05/2015 17:20	54	61	54	49	218	4	0
11/05/2015 17:25	58	65	57	52	232	4	0
11/05/2015 17:30	50	57	51	46	204	4	0
11/05/2015 17:35	41	49	44	40	174	4	0
11/05/2015 17:40	66	71	63	57	257	4	0
11/05/2015 17:45	60	66	59	53	238	4	0
11/05/2015 17:50	54	60	54	49	217	4	0
11/05/2015 17:55	64	69	61	56	250	4	0
11/05/2015 18:00	55	62	55	50	222	4	0
11/05/2015 18:05	47	55	49	44	195	4	0
11/05/2015 18:10	57	63	56	51	227	4	0
11/05/2015 18:15	49	56	50	45	200	4	0
11/05/2015 18:20	60	66	59	53	238	4	0
11/05/2015 18:25	59	65	58	52	234	4	0
11/05/2015 18:30	47	54	49	44	194	4	0
11/05/2015 18:35	72	76	67	61	276	4	0
11/05/2015 18:40	63	69	61	55	248	4	0
11/05/2015 18:45	58	64	57	52	231	4	0
11/05/2015 18:50	58	64	57	52	231	4	0
11/05/2015 18:55	52	59	53	48	212	4	0
11/05/2015 19:00	72	76	67	61	276	4	0
11/05/2015 19:05	81	84	74	67	306	4	0
11/05/2015 19:10	70	75	66	60	271	4	0
11/05/2015 19:15	73	77	68	61	279	4	0
11/05/2015 19:20	91	93	81	74	339	4	0
11/05/2015 19:25	77	81	71	65	294	4	0
11/05/2015 19:30	62	67	60	54	243	4	0
11/05/2015 19:35	72	76	67	61	276	4	0
11/05/2015 19:40	83	86	76	69	314	4	0
11/05/2015 19:45	90	92	81	73	336	4	0
11/05/2015 19:50	90	92	81	73	336	4	0
11/05/2015 19:55	81	84	74	67	306	4	0
11/05/2015 20:00	92	93	82	74	341	4	0
11/05/2015 20:05	97	98	86	78	359	4	0
11/05/2015 20:10	75	79	70	63	287	4	0
11/05/2015 20:15	87	90	79	71	327	4	0
11/05/2015 20:20	109	108	94	86	397	4	0
11/05/2015 20:25	102	102	89	81	374	4	0
11/05/2015 20:30	99	100	87	79	365	4	0
11/05/2015 20:35	101	101	88	80	370	4	0
11/05/2015 20:40	95	96	84	77	352	4	0
11/05/2015 20:45	96	97	85	77	355	4	0
11/05/2015 20:50	96	97	85	77	355	4	0
11/05/2015 20:55	80	84	73	67	304	4	0
11/05/2015 21:00	91	93	81	74	339	4	0
11/05/2015 21:05	89	91	80	72	332	4	0
11/05/2015 21:10	94	95	83	76	348	4	0
11/05/2015 21:15	101	101	88	80	370	4	0
11/05/2015 21:20	83	86	75	68	312	4	0
11/05/2015 21:25	80	83	73	66	302	4	0
11/05/2015 21:30	79	83	73	66	301	4	0
11/05/2015 21:35	85	87	77	70	319	4	0
11/05/2015 21:40	90	92	81	73	336	4	0
11/05/2015 21:45	87	89	78	71	325	4	0
11/05/2015 21:50	81	84	74	67	306	4	0
11/05/2015 21:55	78	81	72	65	296	4	0
11/05/2015 22:00	87	89	78	71	325	4	0
11/05/2015 22:05	80	83	73	66	302	4	0
11/05/2015 22:10	88	90	79	72	329	4	0
11/05/2015 22:15	72	76	67	61	276	4	0
11/05/2015 22:20	76	80	70	64	290	4	0
11/05/2015 22:25	73	77	68	62	280	4	0
11/05/2015 22:30	82	85	75	68	310	4	0
11/05/2015 22:35	62	68	60	54	244	4	0
11/05/2015 22:40	72	76	67	61	276	4	0
11/05/2015 22:45	66	71	63	57	257	4	0
11/05/2015 22:50	67	72	63	57	259	4	0
11/05/2015 22:55	53	60	54	48	215	4	0
11/05/2015 23:00	53	60	54	48	215	4	0
11/05/2015 23:05	59	65	58	52	234	4	0
11/05/2015 23:10	61	67	59	53	240	4	0
11/05/2015 23:15	54	61	54	49	218	4	0
11/05/2015 23:20	52	59	52	47	210	4	0
11/05/2015 23:25	55	62	55	50	222	4	0
11/05/2015 23:30	43	51	46	42	182	4	0
11/05/2015 23:35	55	62	55	49	221	4	0
11/05/2015 23:40	56	63	56	50	225	4	0
11/05/2015 23:45	43	51	46	41	181	4	0
11/05/2015 23:50	49	57	51	46	203	4	0
11/05/2015 23:55	44	52	47	42	185	4	0
11/06/2015 00:00	39	47	42	37	165	4	0
11/06/2015 00:05	42	51	45	40	178	4	0
11/06/2015 00:10	39	48	44	39	170	4	0
11/06/2015 00:15	37	46	41	36	160	4	0
11/06/2015 00:20	38	47	43	38	166	4	0
11/06/2015 00:25	38	47	43	38	166	4	0
11/06/2015 00:30	33	43	39	35	150	4	0
11/06/2015 00:35	27	38	33	29	127	4	0
11/06/2015 00:40	28	38	36	31	133	4	0
11/06/2015 00:45	31	40	36	32	139	4	0
11/06/2015 00:50	30	40	37	33	140	4	0
11/06/2015 00:55	28	38	35	30	131	4	0
11/06/2015 01:00	25	36	33	29	123	4	0
11/06/2015 01:05	27	37	34	30	128	4	0
11/06/2015 01:10	26	36	33	29	124	4	0
11/06/2015 01:15	26	38	33	30	127	4	0
11/06/2015 01:20	27	38	35	31	131	4	0
11/06/2015 01:25	29	39	36	32	136	4	0
11/06/2015 01:30	26	36	33	28	123	4	0
11/06/2015 01:35	21	32	30	26	109	4	0
11/06/2015 01:40	24	35	32	28	119	4	0
11/06/2015 01:45	26	36	32	28	122	4	0
11/06/2015 01:50	26	36	33	29	124	4	0
11/06/2015 01:55	23	34	31	27	115	4	0
11/06/2015 02:00	27	37	33	28	125	4	0
11/06/2015 02:05	21	32	28	24	105	4	0
11/06/2015 02:10	26	38	35	30	129	4	0
11/06/2015 02:15	21	32	29	25	107	4	0
11/06/2015 02:20	20	31	28	25	104	4	0
11/06/2015 02:25	21	32	29	25	107	4	0
11/06/2015 02:30	20	31	30	26	107	4	0
11/06/2015 02:35	20	31	29	26	106	4	0
11/06/2015 02:40	23	33	30	26	112	4	0
11/06/2015 02:45	18	29	28	24	99	4	0
11/06/2015 02:50	18	30	27	23	98	4	0
11/06/2015 02:55	20	31	28	24	103	4	0
11/06/2015 03:00	17	29	27	24	97	4	0
11/06/2015 03:05	16	28	26	23	93	4	0
11/06/2015 03:10	25	35	31	27	118	4	0
11/06/2015 03:15	19	29	28	24	100	4	0
11/06/2015 03:20	20	31	28	24	103	4	0
11/06/2015 03:25	22	34	30	26	112	4	0
11/06/2015 03:30	17	29	27	24	97	4	0
11/06/2015 03:35	20	31	28	24	103	4	0
11/06/2015 03:40	23	33	30	26	112	4	0
11/06/2015 03:45	21	32	30	26	109	4	0
11/06/2015 03:50	20	31	28	23	102	4	0
11/06/2015 03:55	17	28	26	21	92	4	0
11/06/2015 04:00	16	28	26	23	93	4	0
11/06/2015 04:05	22	33	30	27	112	4	0
11/06/2015 04:10	23	33	30	27	113	4	0
11/06/2015 04:15	25	35	32	28	120	4	0
11/06/2015 04:20	22	34	30	26	112	4	0
11/06/2015 04:25	21	32	30	26	109	4	0
11/06/2015 04:30	27	37	33	30	127	4	0
11/06/2015 04:35	36	44	40	35	155	4	0
11/06/2015 04:40	31	40	36	32	139	4	0
11/06/2015 04:45	33	44	40	35	152	4	0
11/06/2015 04:50	38	47	43	38	166	4	0
11/06/2015 04:55	30	40	37	32	139	4	0
11/06/2015 05:00	35	44	40	36	155	4	0
11/06/2015 05:05	32	42	37	32	143	4	0
11/06/2015 05:10	45	52	47	42	186	4	0
11/06/2015 05:15	47	55	49	44	195	4	0
11/06/2015 05:20	48	55	48	43	194	4	0
11/06/2015 05:25	58	64	58	52	232	4	0
11/06/2015 05:30	53	60	53	48	214	4	0
11/06/2015 05:35	70	74	66	60	270	4	0
11/06/2015 05:40	78	82	72	65	297	4	0
11/06/2015 05:45	70	75	66	60	271	4	0
11/06/2015 05:50	69	74	65	59	267	4	0
11/06/2015 05:55	66	71	62	56	255	4	0
11/06/2015 06:00	64	69	61	54	248	4	0
11/06/2015 06:05	58	64	56	50	228	4	0
11/06/2015 06:10	86	88	78	70	322	4	0
11/06/2015 06:15	76	80	70	63	289	4	0
11/06/2015 06:20	79	82	72	66	299	4	0
11/06/2015 06:25	73	77	68	62	280	4	0
11/06/2015 06:30	85	88	78	71	322	4	0
11/06/2015 06:35	92	94	83	75	344	4	0
11/06/2015 06:40	89	91	79	72	331	4	0
11/06/2015 06:45	92	93	82	74	341	4	0
11/06/2015 06:50	92	93	82	74	341	4	0
11/06/2015 06:55	98	100	87	79	364	4	0
11/06/2015 07:00	102	102	89	81	374	4	0
11/06/2015 07:05	106	107	93	85	391	4	0
11/06/2015 07:10	110	109	95	86	400	4	0
11/06/2015 07:15	114	113	99	90	416	4	0
11/06/2015 07:20	122	120	105	95	442	4	0
11/06/2015 07:25	120	118	103	94	435	4	0
11/06/2015 07:30	120	118	103	94	435	4	0
11/06/2015 07:35	123	121	106	97	447	4	0
11/06/2015 07:40	114	113	98	90	415	4	0
11/06/2015 07:45	120	118	102	93	433	4	0
11/06/2015 07:50	119	118	103	94	434	4	0
11/06/2015 07:55	114	114	99	91	418	4	0
11/06/2015 08:00	112	112	98	89	411	4	0
11/06/2015 08:05	119	117	102	93	431	4	0
11/06/2015 08:10	126	123	107	98	454	4	0
11/06/2015 08:15	112	112	97	89	410	4	0
11/06/2015 08:20	127	124	108	100	459	4	0
11/06/2015 08:25	107	107	93	85	392	4	0
11/06/2015 08:30	110	109	95	87	401	4	0
11/06/2015 08:35	99	100	87	79	365	4	0
11/06/2015 08:40	103	104	91	83	381	4	0
11/06/2015 08:45	112	111	96	88	407	4	0
11/06/2015 08:50	105	105	92	84	386	4	0
11/06/2015 08:55	106	106	93	85	390	4	0
11/06/2015 09:00	94	95	83	76	348	4	0
11/06/2015 09:05	102	102	90	82	376	4	0
11/06/2015 09:10	100	101	88	80	369	4	0
11/06/2015 09:15	103	103	90	82	378	4	0
11/06/2015 09:20	115	114	100	91	420	4	0
11/06/2015 09:25	106	106	92	84	388	4	0
11/06/2015 09:30	97	99	86	78	360	4	0
11/06/2015 09:35	105	105	91	83	384	4	0
11/06/2015 09:40	104	104	91	83	382	4	0
11/06/2015 09:45	102	102	89	81	374	4	0
11/06/2015 09:50	109	109	95	87	400	4	0
11/06/2015 09:55	101	101	88	81	371	4	0
11/06/2015 10:00	99	100	87	80	366	4	0
11/06/2015 10:05	97	98	86	78	359	4	0
11/06/2015 10:10	101	101	88	81	371	4	0
11/06/2015 10:15	58	64	58	52	232	4	0
11/06/2015 10:20	104	104	91	83	382	4	0
11/06/2015 10:25	95	96	84	77	352	4	0
11/06/2015 10:30	100	100	88	80	368	4	0
11/06/2015 10:35	109	109	95	87	400	4	0
11/06/2015 10:40	100	101	88	80	369	4	0
11/06/2015 10:45	95	96	84	77	352	4	0
11/06/2015 10:50	95	97	85	77	354	4	0
11/06/2015 10:55	114	114	99	91	418	4	0
11/06/2015 11:00	105	105	92	83	385	4	0
11/06/2015 11:05	97	98	86	78	359	4	0
11/06/2015 11:10	112	111	97	88	408	4	0
11/06/2015 11:15	110	109	95	87	401	4	0
11/06/2015 11:20	107	107	93	85	392	4	0
11/06/2015 11:25	107	107	94	85	393	4	0
11/06/2015 11:30	102	103	90	82	377	4	0
11/06/2015 11:35	108	107	94	86	395	4	0
11/06/2015 11:40	110	110	96	88	404	4	0
11/06/2015 11:45	101	102	89	81	373	4	0
11/06/2015 11:50	109	109	95	87	400	4	0
11/06/2015 11:55	111	110	96	88	405	4	0
11/06/2015 12:00	113	112	97	89	411	4	0
11/06/2015 12:05	110	109	95	87	401	4	0
11/06/2015 12:10	113	111	97	88	409	4	0
11/06/2015 12:15	115	114	99	90	418	4	0
11/06/2015 12:20	118	116	101	93	428	4	0
11/06/2015 12:25	114	113	98	90	415	4	0
11/06/2015 12:30	114	112	98	89	413	4	0
11/06/2015 12:35	118	116	101	92	427	4	0
11/06/2015 12:40	116	114	100	91	421	4	0
11/06/2015 12:45	113	112	98	90	413	4	0
11/06/2015 12:50	109	108	94	86	397	4	0
11/06/2015 12:55	107	107	94	86	394	4	0
11/06/2015 13:00	116	114	100	91	421	4	0
11/06/2015 13:05	114	113	98	90	415	4	0
11/06/2015 13:10	109	108	94	86	397	4	0
11/06/2015 13:15	104	104	91	83	382	4	0
11/06/2015 13:20	101	102	89	81	373	4	0
11/06/2015 13:25	113	111	97	89	410	4	0
11/06/2015 13:30	96	97	85	77	355	4	0
11/06/2015 13:35	96	97	85	78	356	4	0
11/06/2015 13:40	91	93	81	74	339	4	0
11/06/2015 13:45	93	95	84	76	348	4	0
11/06/2015 13:50	87	89	78	71	325	4	0
11/06/2015 13:55	90	93	81	74	338	4	0
11/06/2015 14:00	86	89	78	71	324	4	0
11/06/2015 14:05	84	87	77	70	318	4	0
11/06/2015 14:10	103	104	91	83	381	4	0
11/06/2015 14:15	100	101	88	81	370	4	0
11/06/2015 14:20	95	97	84	77	353	4	0
11/06/2015 14:25	96	97	85	77	355	4	0
11/06/2015 14:30	99	100	87	79	365	4	0
11/06/2015 14:35	88	91	80	73	332	4	0
11/06/2015 14:40	92	94	82	75	343	4	0
11/06/2015 14:45	81	85	74	67	307	4	0
11/06/2015 14:50	87	90	79	71	327	4	0
11/06/2015 14:55	86	88	78	70	322	4	0
11/06/2015 15:00	87	89	78	71	325	4	0
11/06/2015 15:05	83	86	75	68	312	4	0
11/06/2015 15:10	87	89	78	71	325	4	0
11/06/2015 15:15	82	85	74	67	308	4	0
11/06/2015 15:20	80	84	73	66	303	4	0
11/06/2015 15:25	81	85	74	67	307	4	0
11/06/2015 15:30	86	89	78	72	325	4	0
11/06/2015 15:35	67	72	64	57	260	4	0
11/06/2015 15:40	71	75	66	60	272	4	0
11/06/2015 15:45	81	84	74	67	306	4	0
11/06/2015 15:50	68	73	64	58	263	4	0
11/06/2015 15:55	90	92	81	74	337	4	0
11/06/2015 16:00	82	86	75	68	311	4	0
11/06/2015 16:05	93	95	83	75	346	4	0
11/06/2015 16:10	82	85	75	68	310	4	0
11/06/2015 16:15	85	88	76	69	318	4	0
11/06/2015 16:20	91	93	81	74	339	4	0
11/06/2015 16:25	85	87	76	69	317	4	0
11/06/2015 16:30	86	88	77	70	321	4	0
11/06/2015 16:35	98	99	87	79	363	4	0
11/06/2015 16:40	95	96	84	76	351	4	0
11/06/2015 16:45	94	95	83	76	348	4	0
11/06/2015 16:50	92	94	82	75	343	4	0
11/06/2015 16:55	90	93	81	74	338	4	0
11/06/2015 17:00	90	92	81	73	336	4	0
11/06/2015 17:05	101	102	89	82	374	4	0
11/06/2015 17:10	97	98	86	78	359	4	0
11/06/2015 17:15	92	94	83	75	344	4	0
11/06/2015 17:20	97	99	86	79	361	4	0
11/06/2015 17:25	92	94	82	75	343	4	0
11/06/2015 17:30	94	95	84	76	349	4	0
11/06/2015 17:35	86	89	78	71	324	4	0
11/06/2015 17:40	92	94	82	74	342	4	0
11/06/2015 17:45	99	99	87	79	364	4	0
11/06/2015 17:50	92	93	82	74	341	4	0
11/06/2015 17:55	94	95	83	76	348	4	0
11/06/2015 18:00	94	96	84	77	351	4	0
11/06/2015 18:05	96	97	85	77	355	4	0
11/06/2015 18:10	98	99	87	79	363	4	0
11/06/2015 18:15	92	95	83	76	346	4	0
11/06/2015 18:20	95	97	85	78	355	4	0
11/06/2015 18:25	92	94	82	74	342	4	0
11/06/2015 18:30	100	101	89	81	371	4	0
11/06/2015 18:35	95	96	85	77	353	4	0
11/06/2015 18:40	90	92	81	74	337	4	0
11/06/2015 18:45	100	101	88	80	369	4	0
11/06/2015 18:50	108	108	94	86	396	4	0
11/06/2015 18:55	95	96	84	77	352	4	0
11/06/2015 19:00	108	107	93	85	393	4	0
11/06/2015 19:05	92	94	83	75	344	4	0
11/06/2015 19:10	100	101	88	81	370	4	0
11/06/2015 19:15	103	103	90	82	378	4	0
11/06/2015 19:20	96	97	85	78	356	4	0
11/06/2015 19:25	102	102	89	81	374	4	0
11/06/2015 19:30	103	104	91	82	380	4	0
11/06/2015 19:35	98	100	87	79	364	4	0
11/06/2015 19:40	95	96	84	76	351	4	0
11/06/2015 19:45	100	101	88	81	370	4	0
11/06/2015 19:50	98	98	86	78	360	4	0
11/06/2015 19:55	94	95	83	75	347	4	0
11/06/2015 20:00	100	101	88	80	369	4	0
11/06/2015 20:05	103	104	90	82	379	4	0
11/06/2015 20:10	114	113	99	90	416	4	0
11/06/2015 20:15	105	105	92	83	385	4	0
11/06/2015 20:20	108	107	94	85	394	4	0
11/06/2015 20:25	91	93	82	74	340	4	0
11/06/2015 20:30	103	103	90	82	378	4	0
11/06/2015 20:35	97	99	86	78	360	4	0
11/06/2015 20:40	108	108	94	86	396	4	0
11/06/2015 20:45	99	100	87	80	366	4	0
11/06/2015 20:50	99	99	87	79	364	4	0
11/06/2015 20:55	89	91	80	73	333	4	0
11/06/2015 21:00	81	85	74	67	307	4	0
11/06/2015 21:05	89	91	80	73	333	4	0
11/06/2015 21:10	91	93	81	74	339	4	0
11/06/2015 21:15	97	99	86	79	361	4	0
11/06/2015 21:20	79	83	73	66	301	4	0
11/06/2015 21:25	92	94	83	75	344	4	0
11/06/2015 21:30	87	90	78	71	326	4	0
11/06/2015 21:35	82	85	75	68	310	4	0
11/06/2015 21:40	82	86	75	68	311	4	0
11/06/2015 21:45	82	86	75	68	311	4	0
11/06/2015 21:50	81	84	73	66	304	4	0
11/06/2015 21:55	74	78	69	63	284	4	0
11/06/2015 22:00	73	78	68	62	281	4	0
11/06/2015 22:05	81	84	74	67	306	4	0
11/06/2015 22:10	71	76	66	60	273	4	0
11/06/2015 22:15	78	82	72	65	297	4	0
11/06/2015 22:20	79	83	73	66	301	4	0
11/06/2015 22:25	69	74	65	59	267	4	0
11/06/2015 22:30	82	85	74	68	309	4	0
11/06/2015 22:35	76	80	70	63	289	4	0
11/06/2015 22:40	85	88	77	70	320	4	0
11/06/2015 22:45	68	73	64	58	263	4	0
11/06/2015 22:50	77	81	71	64	293	4	0
11/06/2015 22:55	76	80	70	64	290	4	0
11/06/2015 23:00	71	75	67	60	273	4	0
11/06/2015 23:05	62	68	60	54	244	4	0
11/06/2015 23:10	71	75	67	61	274	4	0
11/06/2015 23:15	67	72	63	57	259	4	0
11/06/2015 23:20	68	73	64	58	263	4	0
11/06/2015 23:25	66	71	63	56	256	4	0
11/06/2015 23:30	63	69	61	55	248	4	0
11/06/2015 23:35	70	75	65	59	269	4	0
11/06/2015 23:40	64	70	62	56	252	4	0
11/06/2015 23:45	56	62	54	49	221	4	0
11/06/2015 23:50	58	64	57	52	231	4	0
11/06/2015 23:55	60	66	58	52	236	4	0
11/07/2015 00:00	48	56	50	45	199	4	0
11/07/2015 00:05	58	64	57	52	231	4	0
11/07/2015 00:10	54	61	54	49	218	4	0
11/07/2015 00:15	44	52	47	42	185	4	0
11/07/2015 00:20	50	57	51	46	204	4	0
11/07/2015 00:25	43	51	46	41	181	4	0
11/07/2015 00:30	45	53	47	43	188	4	0
11/07/2015 00:35	40	49	44	40	173	4	0
11/07/2015 00:40	48	56	50	45	199	4	0
11/07/2015 00:45	40	48	44	39	171	4	0
11/07/2015 00:50	34	43	40	35	152	4	0
11/07/2015 00:55	33	43	39	35	150	4	0
11/07/2015 01:00	40	49	44	40	173	4	0
11/07/2015 01:05	38	47	42	38	165	4	0
11/07/2015 01:10	34	43	39	35	151	4	0
11/07/2015 01:15	39	48	44	39	170	4	0
11/07/2015 01:20	40	49	44	39	172	4	0
11/07/2015 01:25	24	35	32	29	120	4	0
11/07/2015 01:30	38	47	43	38	166	4	0
11/07/2015 01:35	32	41	38	34	145	4	0
11/07/2015 01:40	32	42	38	34	146	4	0
11/07/2015 01:45	32	41	38	34	145	4	0
11/07/2015 01:50	34	43	39	35	151	4	0
11/07/2015 01:55	22	33	30	27	112	4	0
11/07/2015 02:00	31	41	37	33	142	4	0
11/07/2015 02:05	35	44	40	36	155	4	0
11/07/2015 02:10	27	37	34	30	128	4	0
11/07/2015 02:15	30	40	37	33	140	4	0
11/07/2015 02:20	33	43	39	35	150	4	0
11/07/2015 02:25	30	40	37	33	140	4	0
11/07/2015 02:30	33	43	39	35	150	4	0
11/07/2015 02:35	30	40	37	33	140	4	0
11/07/2015 02:40	21	32	30	27	110	4	0
11/07/2015 02:45	34	43	40	35	152	4	0
11/07/2015 02:50	26	36	33	30	125	4	0
11/07/2015 02:55	23	34	32	28	117	4	0
11/07/2015 03:00	31	41	38	34	144	4	0
11/07/2015 03:05	23	34	31	28	116	4	0
11/07/2015 03:10	27	38	35	31	131	4	0
11/07/2015 03:15	23	34	32	28	117	4	0
11/07/2015 03:20	14	26	25	22	87	4	0
11/07/2015 03:25	17	29	27	24	97	4	0
11/07/2015 03:30	18	30	28	25	101	4	0
11/07/2015 03:35	21	32	30	26	109	4	0
11/07/2015 03:40	18	30	28	25	101	4	0
11/07/2015 03:45	18	30	28	25	101	4	0
11/07/2015 03:50	16	28	26	23	93	4	0
11/07/2015 03:55	23	34	31	28	116	4	0
11/07/2015 04:00	15	27	26	23	91	4	0
11/07/2015 04:05	11	24	23	20	78	4	0
11/07/2015 04:10	13	25	24	21	83	4	0
11/07/2015 04:15	19	31	29	25	104	4	0
11/07/2015 04:20	22	33	31	27	113	4	0
11/07/2015 04:25	19	31	29	25	104	4	0
11/07/2015 04:30	22	33	31	27	113	4	0
11/07/2015 04:35	19	30	28	25	102	4	0
11/07/2015 04:40	25	36	33	29	123	4	0
11/07/2015 04:45	23	34	32	28	117	4	0
11/07/2015 04:50	22	33	31	27	113	4	0
11/07/2015 04:55	23	34	31	28	116	4	0
11/07/2015 05:00	22	33	30	27	112	4	0
11/07/2015 05:05	20	32	30	26	108	4	0
11/07/2015 05:10	29	40	36	32	137	4	0
11/07/2015 05:15	29	39	36	32	136	4	0
11/07/2015 05:20	31	41	37	33	142	4	0
11/07/2015 05:25	29	39	36	32	136	4	0
11/07/2015 05:30	26	37	34	30	127	4	0
11/07/2015 05:35	40	49	44	39	172	4	0
11/07/2015 05:40	39	48	43	39	169	4	0
11/07/2015 05:45	35	44	40	36	155	4	0
11/07/2015 05:50	42	50	45	41	178	4	0
11/07/2015 05:55	34	44	40	36	154	4	0
11/07/2015 06:00	37	47	42	38	164	4	0
11/07/2015 06:05	42	51	46	41	180	4	0
11/07/2015 06:10	43	51	46	41	181	4	0
11/07/2015 06:15	44	52	47	42	185	4	0
11/07/2015 06:20	55	62	55	49	221	4	0
11/07/2015 06:25	56	62	56	50	224	4	0
11/07/2015 06:30	55	62	55	50	222	4	0
11/07/2015 06:35	59	65	58	52	234	4	0
11/07/2015 06:40	69	74	65	59	267	4	0
11/07/2015 06:45	70	74	66	59	269	4	0
11/07/2015 06:50	68	73	64	58	263	4	0
11/07/2015 06:55	57	63	56	51	227	4	0
11/07/2015 07:00	65	70	62	56	253	4	0
11/07/2015 07:05	64	69	61	55	249	4	0
11/07/2015 07:10	72	76	67	61	276	4	0
11/07/2015 07:15	74	78	69	62	283	4	0
11/07/2015 07:20	81	84	74	67	306	4	0
11/07/2015 07:25	77	81	71	65	294	4	0
11/07/2015 07:30	86	88	77	70	321	4	0
11/07/2015 07:35	90	91	80	73	334	4	0
11/07/2015 07:40	80	83	73	67	303	4	0
11/07/2015 07:45	87	89	79	71	326	4	0
11/07/2015 07:50	79	82	72	66	299	4	0
11/07/2015 07:55	95	96	84	77	352	4	0
11/07/2015 08:00	84	87	76	69	316	4	0
11/07/2015 08:05	87	89	78	71	325	4	0
11/07/2015 08:10	91	93	81	74	339	4	0
11/07/2015 08:15	95	97	85	77	354	4	0
11/07/2015 08:20	88	90	79	72	329	4	0
11/07/2015 08:25	91	93	81	74	339	4	0
11/07/2015 08:30	98	99	86	78	361	4	0
11/07/2015 08:35	102	102	89	81	374	4	0
11/07/2015 08:40	106	106	92	84	388	4	0
11/07/2015 08:45	108	108	94	85	395	4	0
11/07/2015 08:50	104	104	91	82	381	4	0
11/07/2015 08:55	100	101	88	80	369	4	0
11/07/2015 09:00	96	97	85	77	355	4	0
11/07/2015 09:05	91	92	81	74	338	4	0
11/07/2015 09:10	96	97	85	77	355	4	0
11/07/2015 09:15	98	98	86	78	360	4	0
11/07/2015 09:20	114	113	98	89	414	4	0
11/07/2015 09:25	105	105	91	83	384	4	0
11/07/2015 09:30	115	113	99	90	417	4	0
11/07/2015 09:35	118	116	101	92	427	4	0
11/07/2015 09:40	116	114	99	90	419	4	0
11/07/2015 09:45	105	105	92	84	386	4	0
11/07/2015 09:50	111	110	96	87	404	4	0
11/07/2015 09:55	120	118	102	93	433	4	0
11/07/2015 10:00	119	117	101	92	429	4	0
11/07/2015 10:05	123	120	104	95	442	4	0
11/07/2015 10:10	108	108	94	85	395	4	0
11/07/2015 10:15	121	118	103	94	436	4	0
11/07/2015 10:20	115	113	99	90	417	4	0
11/07/2015 10:25	116	114	100	91	421	4	0
11/07/2015 10:30	110	109	95	87	401	4	0
11/07/2015 10:35	112	111	97	88	408	4	0
11/07/2015 10:40	119	117	102	93	431	4	0
11/07/2015 10:45	119	117	102	92	430	4	0
11/07/2015 10:50	114	113	98	89	414	4	0
11/07/2015 10:55	119	117	102	93	431	4	0
11/07/2015 11:00	121	118	103	94	436	4	0
11/07/2015 11:05	121	119	103	94	437	4	0
11/07/2015 11:10	120	118	102	93	433	4	0
11/07/2015 11:15	121	118	103	94	436	4	0
11/07/2015 11:20	103	103	90	82	378	4	0
11/07/2015 11:25	121	119	103	94	437	4	0
11/07/2015 11:30	124	121	105	96	446	4	0
11/07/2015 11:35	120	118	103	93	434	4	0
11/07/2015 11:40	126	123	107	97	453	4	0
11/07/2015 11:45	117	115	100	91	423	4	0
11/07/2015 11:50	110	109	95	86	400	4	0
11/07/2015 11:55	116	114	100	91	421	4	0
11/07/2015 12:00	126	123	107	97	453	4	0
11/07/2015 12:05	119	117	102	93	431	4	0
11/07/2015 12:10	125	122	106	97	450	4	0
11/07/2015 12:15	121	119	103	94	437	4	0
11/07/2015 12:20	125	122	106	97	450	4	0
11/07/2015 12:25	119	117	102	93	431	4	0
11/07/2015 12:30	121	118	103	94	436	4	0
11/07/2015 12:35	119	117	102	93	431	4	0
11/07/2015 12:40	118	116	101	92	427	4	0
11/07/2015 12:45	100	100	88	80	368	4	0
11/07/2015 12:50	79	82	73	66	300	4	0
11/07/2015 12:55	72	76	67	61	276	4	0
11/07/2015 13:00	66	71	63	57	257	4	0
11/07/2015 13:05	74	78	69	62	283	4	0
11/07/2015 13:10	78	82	72	65	297	4	0
11/07/2015 13:15	93	95	83	75	346	4	0
11/07/2015 13:20	105	105	92	83	385	4	0
11/07/2015 13:25	112	111	97	88	408	4	0
11/07/2015 13:30	100	101	88	80	369	4	0
11/07/2015 13:35	115	113	99	90	417	4	0
11/07/2015 13:40	117	115	100	91	423	4	0
11/07/2015 13:45	112	111	97	88	408	4	0
11/07/2015 13:50	104	104	91	83	382	4	0
11/07/2015 13:55	120	117	102	93	432	4	0
11/07/2015 14:00	106	105	92	84	387	4	0
11/07/2015 14:05	116	115	100	91	422	4	0
11/07/2015 14:10	118	116	101	92	427	4	0
11/07/2015 14:15	115	114	99	90	418	4	0
11/07/2015 14:20	109	108	95	86	398	4	0
11/07/2015 14:25	113	112	97	89	411	4	0
11/07/2015 14:30	112	111	96	88	407	4	0
11/07/2015 14:35	115	113	99	90	417	4	0
11/07/2015 14:40	111	110	96	88	405	4	0
11/07/2015 14:45	120	118	102	93	433	4	0
11/07/2015 14:50	123	120	104	95	442	4	0
11/07/2015 14:55	113	112	97	89	411	4	0
11/07/2015 15:00	123	121	105	96	445	4	0
11/07/2015 15:05	114	113	98	90	415	4	0
11/07/2015 15:10	115	114	99	90	418	4	0
11/07/2015 15:15	122	120	104	95	441	4	0
11/07/2015 15:20	120	118	103	93	434	4	0
11/07/2015 15:25	114	112	98	89	413	4	0
11/07/2015 15:30	118	116	101	92	427	4	0
11/07/2015 15:35	116	114	99	90	419	4	0
11/07/2015 15:40	108	107	94	85	394	4	0
11/07/2015 15:45	116	114	100	91	421	4	0
11/07/2015 15:50	111	110	96	87	404	4	0
11/07/2015 15:55	111	110	96	87	404	4	0
11/07/2015 16:00	114	113	98	90	415	4	0
11/07/2015 16:05	114	112	98	89	413	4	0
11/07/2015 16:10	112	111	97	88	408	4	0
11/07/2015 16:15	107	107	93	85	392	4	0
11/07/2015 16:20	114	113	98	90	415	4	0
11/07/2015 16:25	110	109	95	86	400	4	0
11/07/2015 16:30	116	114	100	91	421	4	0
11/07/2015 16:35	112	111	97	88	408	4	0
11/07/2015 16:40	106	106	92	84	388	4	0
11/07/2015 16:45	102	103	90	82	377	4	0
11/07/2015 16:50	107	107	93	85	392	4	0
11/07/2015 16:55	109	108	94	86	397	4	0
11/07/2015 17:00	106	106	92	84	388	4	0
11/07/2015 17:05	99	99	87	79	364	4	0
11/07/2015 17:10	102	102	89	81	374	4	0
11/07/2015 17:15	104	104	91	83	382	4	0
11/07/2015 17:20	105	105	91	83	384	4	0
11/07/2015 17:25	106	105	92	84	387	4	0
11/07/2015 17:30	106	106	93	84	389	4	0
11/07/2015 17:35	98	99	86	78	361	4	0
11/07/2015 17:40	107	107	93	85	392	4	0
11/07/2015 17:45	111	110	96	87	404	4	0
11/07/2015 17:50	109	108	94	86	397	4	0
11/07/2015 17:55	103	103	90	82	378	4	0
11/07/2015 18:00	103	103	90	82	378	4	0
11/07/2015 18:05	113	111	97	88	409	4	0
11/07/2015 18:10	104	104	91	83	382	4	0
11/07/2015 18:15	102	102	89	81	374	4	0
11/07/2015 18:20	107	107	93	85	392	4	0
11/07/2015 18:25	109	108	94	86	397	4	0
11/07/2015 18:30	105	105	91	83	384	4	0
11/07/2015 18:35	100	101	88	80	369	4	0
11/07/2015 18:40	115	113	99	90	417	4	0
11/07/2015 18:45	105	105	92	83	385	4	0
11/07/2015 18:50	106	105	92	84	387	4	0
11/07/2015 18:55	107	106	92	84	389	4	0
11/07/2015 19:00	111	110	96	87	404	4	0
11/07/2015 19:05	106	106	92	84	388	4	0
11/07/2015 19:10	110	109	95	87	401	4	0
11/07/2015 19:15	100	101	88	80	369	4	0
11/07/2015 19:20	107	106	93	84	390	4	0
11/07/2015 19:25	99	100	87	79	365	4	0
11/07/2015 19:30	96	97	85	77	355	4	0
11/07/2015 19:35	100	101	88	80	369	4	0
11/07/2015 19:40	99	100	87	79	365	4	0
11/07/2015 19:45	100	101	88	80	369	4	0
11/07/2015 19:50	102	103	90	81	376	4	0
11/07/2015 19:55	96	97	85	77	355	4	0
11/07/2015 20:00	89	91	80	73	333	4	0
11/07/2015 20:05	86	88	77	70	321	4	0
11/07/2015 20:10	90	91	80	73	334	4	0
11/07/2015 20:15	100	100	88	80	368	4	0
11/07/2015 20:20	85	87	77	69	318	4	0
11/07/2015 20:25	92	93	82	74	341	4	0
11/07/2015 20:30	68	73	64	58	263	4	0
11/07/2015 20:35	78	81	72	65	296	4	0
11/07/2015 20:40	89	91	79	72	331	4	0
11/07/2015 20:45	74	78	69	63	284	4	0
11/07/2015 20:50	79	82	73	66	300	4	0
11/07/2015 20:55	66	71	63	57	257	4	0
11/07/2015 21:00	75	79	69	63	286	4	0
11/07/2015 21:05	77	81	71	65	294	4	0
11/07/2015 21:10	71	76	67	60	274	4	0
11/07/2015 21:15	81	84	74	67	306	4	0
11/07/2015 21:20	76	79	70	63	288	4	0
11/07/2015 21:25	64	69	61	55	249	4	0
11/07/2015 21:30	81	84	74	67	306	4	0
11/07/2015 21:35	82	85	74	68	309	4	0
11/07/2015 21:40	73	77	68	62	280	4	0
11/07/2015 21:45	75	78	69	63	285	4	0
11/07/2015 21:50	75	78	69	63	285	4	0
11/07/2015 21:55	75	79	70	63	287	4	0
11/07/2015 22:00	75	78	69	63	285	4	0
11/07/2015 22:05	74	78	69	62	283	4	0
11/07/2015 22:10	81	84	74	67	306	4	0
11/07/2015 22:15	73	77	68	61	279	4	0
11/07/2015 22:20	76	80	70	64	290	4	0
11/07/2015 22:25	81	84	74	67	306	4	0
11/07/2015 22:30	69	74	65	59	267	4	0
11/07/2015 22:35	71	76	67	61	275	4	0
11/07/2015 22:40	71	75	66	60	272	4	0
11/07/2015 22:45	79	83	73	66	301	4	0
11/07/2015 22:50	71	76	67	61	275	4	0
11/07/2015 22:55	78	81	72	65	296	4	0
11/07/2015 23:00	78	81	71	65	295	4	0
11/07/2015 23:05	80	83	73	67	303	4	0
11/07/2015 23:10	76	80	70	64	290	4	0
11/07/2015 23:15	67	72	64	58	261	4	0
11/07/2015 23:20	79	82	72	66	299	4	0
11/07/2015 23:25	74	78	68	62	282	4	0
11/07/2015 23:30	68	73	65	58	264	4	0
11/07/2015 23:35	65	70	62	56	253	4	0
11/07/2015 23:40	74	78	69	63	284	4	0
11/07/2015 23:45	66	71	63	57	257	4	0
11/07/2015 23:50	70	75	66	60	271	4	0
11/07/2015 23:55	59	65	57	52	233	4	0
11/08/2015 00:00	62	68	60	54	244	4	0
11/08/2015 00:05	63	68	61	55	247	4	0
11/08/2015 00:10	61	67	59	53	240	4	0
11/08/2015 00:15	64	69	62	56	251	4	0
11/08/2015 00:20	51	58	52	47	208	4	0
11/08/2015 00:25	55	62	54	48	219	4	0
11/08/2015 00:30	54	61	54	48	217	4	0
11/08/2015 00:35	52	59	52	47	210	4	0
11/08/2015 00:40	50	57	51	45	203	4	0
11/08/2015 00:45	50	57	51	46	204	4	0
11/08/2015 00:50	45	53	48	43	189	4	0
11/08/2015 00:55	41	49	45	40	175	4	0
11/08/2015 01:00	48	55	49	43	195	4	0
11/08/2015 01:05	43	51	46	42	182	4	0
11/08/2015 01:10	39	47	43	38	167	4	0
11/08/2015 01:15	36	45	42	37	160	4	0
11/08/2015 01:20	38	47	41	36	162	4	0
11/08/2015 01:25	40	49	43	38	170	4	0
11/08/2015 01:30	36	45	42	37	160	4	0
11/08/2015 01:35	32	42	39	34	147	4	0
11/08/2015 01:40	37	46	42	37	162	4	0
11/08/2015 01:45	32	42	39	34	147	4	0
11/08/2015 01:50	34	43	40	36	153	4	0
11/08/2015 01:55	38	47	42	38	165	4	0
11/08/2015 02:00	37	46	41	36	160	4	0
11/08/2015 02:05	38	47	43	39	167	4	0
11/08/2015 02:10	28	38	34	30	130	4	0
11/08/2015 02:15	36	45	41	37	159	4	0
11/08/2015 02:20	32	41	37	33	143	4	0
11/08/2015 02:25	35	44	40	35	154	4	0
11/08/2015 02:30	31	41	37	32	141	4	0
11/08/2015 02:35	30	40	35	31	136	4	0
11/08/2015 02:40	24	34	32	28	118	4	0
11/08/2015 02:45	20	31	28	23	102	4	0
11/08/2015 02:50	34	43	40	35	152	4	0
11/08/2015 02:55	22	34	31	26	113	4	0
11/08/2015 03:00	25	36	33	29	123	4	0
11/08/2015 03:05	23	34	32	28	117	4	0
11/08/2015 03:10	25	35	32	27	119	4	0
11/08/2015 03:15	26	36	32	28	122	4	0
11/08/2015 03:20	23	33	30	26	112	4	0
11/08/2015 03:25	25	36	33	29	123	4	0
11/08/2015 03:30	21	32	29	25	107	4	0
11/08/2015 03:35	23	34	31	28	116	4	0
11/08/2015 03:40	20	31	30	26	107	4	0
11/08/2015 03:45	22	33	29	26	110	4	0
11/08/2015 03:50	20	31	28	25	104	4	0
11/08/2015 03:55	21	32	30	27	110	4	0
11/08/2015 04:00	16	28	25	21	90	4	0
11/08/2015 04:05	19	30	28	24	101	4	0
11/08/2015 04:10	22	33	29	26	110	4	0
11/08/2015 04:15	20	32	30	26	108	4	0
11/08/2015 04:20	19	30	27	23	99	4	0
11/08/2015 04:25	18	29	28	25	100	4	0
11/08/2015 04:30	18	30	28	25	101	4	0
11/08/2015 04:35	18	30	27	24	99	4	0
11/08/2015 04:40	20	31	29	26	106	4	0
11/08/2015 04:45	19	30	28	25	102	4	0
11/08/2015 04:50	22	33	29	25	109	4	0
11/08/2015 04:55	18	30	28	25	101	4	0
11/08/2015 05:00	20	31	29	26	106	4	0
11/08/2015 05:05	17	28	26	22	93	4	0
11/08/2015 05:10	18	30	27	22	97	4	0
11/08/2015 05:15	21	32	30	27	110	4	0
11/08/2015 05:20	24	34	32	28	118	4	0
11/08/2015 05:25	24	35	32	29	120	4	0
11/08/2015 05:30	28	38	33	29	128	4	0
11/08/2015 05:35	27	38	35	31	131	4	0
11/08/2015 05:40	29	39	36	32	136	4	0
11/08/2015 05:45	35	44	40	35	154	4	0
11/08/2015 05:50	25	35	32	27	119	4	0
11/08/2015 05:55	30	40	36	32	138	4	0
11/08/2015 06:00	26	37	34	30	127	4	0
11/08/2015 06:05	30	40	35	31	136	4	0
11/08/2015 06:10	30	40	35	32	137	4	0
11/08/2015 06:15	35	44	40	36	155	4	0
11/08/2015 06:20	38	47	42	36	163	4	0
11/08/2015 06:25	37	46	41	35	159	4	0
11/08/2015 06:30	42	50	44	39	175	4	0
11/08/2015 06:35	37	46	42	37	162	4	0
11/08/2015 06:40	36	45	41	37	159	4	0
11/08/2015 06:45	47	54	48	42	191	4	0
11/08/2015 06:50	47	55	49	43	194	4	0
11/08/2015 06:55	42	51	46	41	180	4	0
11/08/2015 07:00	40	48	43	37	168	4	0
11/08/2015 07:05	44	52	46	41	183	4	0
11/08/2015 07:10	49	57	50	45	201	4	0
11/08/2015 07:15	62	68	60	54	244	4	0
11/08/2015 07:20	54	61	55	49	219	4	0
11/08/2015 07:25	49	57	51	46	203	4	0
11/08/2015 07:30	59	65	57	51	232	4	0
11/08/2015 07:35	52	59	52	46	209	4	0
11/08/2015 07:40	57	63	56	50	226	4	0
11/08/2015 07:45	58	64	57	51	230	4	0
11/08/2015 07:50	63	69	60	54	246	4	0
11/08/2015 07:55	62	67	60	53	242	4	0
11/08/2015 08:00	60	66	58	53	237	4	0
11/08/2015 08:05	63	68	61	55	247	4	0
11/08/2015 08:10	71	76	66	60	273	4	0
11/08/2015 08:15	65	71	63	57	256	4	0
11/08/2015 08:20	57	64	57	51	229	4	0
11/08/2015 08:25	70	74	66	59	269	4	0
11/08/2015 08:30	75	79	69	62	285	4	0
11/08/2015 08:35	86	88	77	70	321	4	0
11/08/2015 08:40	121	119	103	95	438	4	0
11/08/2015 08:45	85	88	77	70	320	4	0
11/08/2015 08:50	79	82	73	66	300	4	0
11/08/2015 08:55	92	94	82	75	343	4	0
11/08/2015 09:00	74	78	69	62	283	4	0
11/08/2015 09:05	76	80	70	64	290	4	0
11/08/2015 09:10	80	83	73	66	302	4	0
11/08/2015 09:15	88	90	79	71	328	4	0
11/08/2015 09:20	115	114	100	92	421	4	0
11/08/2015 09:25	59	64	56	50	229	4	0
11/08/2015 09:30	88	90	79	72	329	4	0
11/08/2015 09:35	102	102	90	81	375	4	0
11/08/2015 09:40	95	97	84	77	353	4	0
11/08/2015 09:45	92	94	82	75	343	4	0
11/08/2015 09:50	100	100	88	80	368	4	0
11/08/2015 09:55	99	100	87	80	366	4	0
11/08/2015 10:00	102	102	89	81	374	4	0
11/08/2015 10:05	93	94	83	75	345	4	0
11/08/2015 10:10	96	97	85	77	355	4	0
11/08/2015 10:15	115	114	99	90	418	4	0
11/08/2015 10:20	115	113	99	90	417	4	0
11/08/2015 10:25	106	106	92	84	388	4	0
11/08/2015 10:30	104	104	91	83	382	4	0
11/08/2015 10:35	107	107	93	85	392	4	0
11/08/2015 10:40	104	105	92	83	384	4	0
11/08/2015 10:45	111	110	96	87	404	4	0
11/08/2015 10:50	117	117	102	93	429	4	0
11/08/2015 10:55	109	108	95	86	398	4	0
11/08/2015 11:00	108	107	93	85	393	4	0
11/08/2015 11:05	103	103	90	82	378	4	0
11/08/2015 11:10	106	106	92	84	388	4	0
11/08/2015 11:15	112	110	96	88	406	4	0
11/08/2015 11:20	111	110	96	87	404	4	0
11/08/2015 11:25	119	118	103	94	434	4	0
11/08/2015 11:30	121	119	104	94	438	4	0
11/08/2015 11:35	111	110	96	87	404	4	0
11/08/2015 11:40	113	112	98	89	412	4	0
11/08/2015 11:45	98	100	88	80	366	4	0
11/08/2015 11:50	105	105	92	84	386	4	0
11/08/2015 11:55	105	105	92	83	385	4	0
11/08/2015 12:00	104	105	92	84	385	4	0
11/08/2015 12:05	108	108	94	86	396	4	0
11/08/2015 12:10	112	111	96	88	407	4	0
11/08/2015 12:15	102	102	89	81	374	4	0
11/08/2015 12:20	109	108	94	86	397	4	0
11/08/2015 12:25	101	102	89	81	373	4	0
11/08/2015 12:30	110	109	95	86	400	4	0
11/08/2015 12:35	108	108	95	86	397	4	0
11/08/2015 12:40	97	99	86	79	361	4	0
11/08/2015 12:45	94	95	83	76	348	4	0
11/08/2015 12:50	104	104	91	83	382	4	0
11/08/2015 12:55	109	108	94	86	397	4	0
11/08/2015 13:00	103	103	90	82	378	4	0
11/08/2015 13:05	106	106	92	84	388	4	0
11/08/2015 13:10	106	106	93	85	390	4	0
11/08/2015 13:15	124	121	105	96	446	4	0
11/08/2015 13:20	125	122	106	97	450	4	0
11/08/2015 13:25	122	120	105	95	442	4	0
11/08/2015 13:30	118	116	101	93	428	4	0
11/08/2015 13:35	119	117	102	93	431	4	0
11/08/2015 13:40	113	112	98	89	412	4	0
11/08/2015 13:45	124	121	105	96	446	4	0
11/08/2015 13:50	120	118	102	93	433	4	0
11/08/2015 13:55	105	105	92	84	386	4	0
11/08/2015 14:00	108	107	94	85	394	4	0
11/08/2015 14:05	100	100	88	80	368	4	0
11/08/2015 14:10	124	121	105	96	446	4	0
11/08/2015 14:15	115	114	99	90	418	4	0
11/08/2015 14:20	112	112	97	89	410	4	0
11/08/2015 14:25	121	118	103	94	436	4	0
11/08/2015 14:30	121	119	103	94	437	4	0
11/08/2015 14:35	117	115	101	92	425	4	0
11/08/2015 14:40	114	113	99	90	416	4	0
11/08/2015 14:45	110	109	95	87	401	4	0
11/08/2015 14:50	110	109	95	87	401	4	0
11/08/2015 14:55	120	117	102	93	432	4	0
11/08/2015 15:00	121	119	104	95	439	4	0
11/08/2015 15:05	120	118	103	94	435	4	0
11/08/2015 15:10	105	105	92	84	386	4	0
11/08/2015 15:15	110	109	95	87	401	4	0
11/08/2015 15:20	113	113	98	90	414	4	0
11/08/2015 15:25	125	122	106	97	450	4	0
11/08/2015 15:30	120	118	103	94	435	4	0
11/08/2015 15:35	123	120	105	95	443	4	0
11/08/2015 15:40	108	108	94	86	396	4	0
11/08/2015 15:45	113	112	98	89	412	4	0
11/08/2015 15:50	112	111	97	88	408	4	0
11/08/2015 15:55	112	111	96	88	407	4	0
11/08/2015 16:00	111	110	96	88	405	4	0
11/08/2015 16:05	111	111	96	88	406	4	0
11/08/2015 16:10	104	104	91	83	382	4	0
11/08/2015 16:15	102	103	90	82	377	4	0
11/08/2015 16:20	118	116	101	92	427	4	0
11/08/2015 16:25	109	108	94	86	397	4	0
11/08/2015 16:30	107	106	93	85	391	4	0
11/08/2015 16:35	108	108	94	86	396	4	0
11/08/2015 16:40	110	109	95	87	401	4	0
11/08/2015 16:45	106	105	92	84	387	4	0
11/08/2015 16:50	110	109	95	87	401	4	0
11/08/2015 16:55	110	109	95	87	401	4	0
11/08/2015 17:00	105	105	92	83	385	4	0
11/08/2015 17:05	115	114	99	90	418	4	0
11/08/2015 17:10	114	113	98	89	414	4	0
11/08/2015 17:15	109	108	95	86	398	4	0
11/08/2015 17:20	105	105	92	84	386	4	0
11/08/2015 17:25	111	110	96	87	404	4	0
11/08/2015 17:30	97	98	86	78	359	4	0
11/08/2015 17:35	110	109	95	87	401	4	0
11/08/2015 17:40	106	106	92	84	388	4	0
11/08/2015 17:45	96	98	85	78	357	4	0
11/08/2015 17:50	113	112	97	89	411	4	0
11/08/2015 17:55	98	99	87	79	363	4	0
11/08/2015 18:00	105	105	91	83	384	4	0
11/08/2015 18:05	106	106	93	85	390	4	0
11/08/2015 18:10	95	97	85	77	354	4	0
11/08/2015 18:15	97	97	85	77	356	4	0
11/08/2015 18:20	99	100	88	80	367	4	0
11/08/2015 18:25	93	95	83	75	346	4	0
11/08/2015 18:30	95	96	84	76	351	4	0
11/08/2015 18:35	102	103	90	82	377	4	0
11/08/2015 18:40	96	97	85	77	355	4	0
11/08/2015 18:45	94	95	84	76	349	4	0
11/08/2015 18:50	100	101	88	80	369	4	0
11/08/2015 18:55	99	99	87	79	364	4	0
11/08/2015 19:00	97	98	86	78	359	4	0
11/08/2015 19:05	94	95	83	76	348	4	0
11/08/2015 19:10	85	88	77	70	320	4	0
11/08/2015 19:15	92	94	82	74	342	4	0
11/08/2015 19:20	100	101	88	80	369	4	0
11/08/2015 19:25	93	95	84	76	348	4	0
11/08/2015 19:30	92	94	82	75	343	4	0
11/08/2015 19:35	92	94	82	75	343	4	0
11/08/2015 19:40	91	93	81	74	339	4	0
11/08/2015 19:45	88	90	79	72	329	4	0
11/08/2015 19:50	88	90	80	72	330	4	0
11/08/2015 19:55	98	99	87	79	363	4	0
11/08/2015 20:00	88	91	79	72	330	4	0
11/08/2015 20:05	88	90	79	71	328	4	0
11/08/2015 20:10	88	91	79	72	330	4	0
11/08/2015 20:15	86	88	77	70	321	4	0
11/08/2015 20:20	79	82	73	66	300	4	0
11/08/2015 20:25	87	90	79	72	328	4	0
11/08/2015 20:30	90	92	81	73	336	4	0
11/08/2015 20:35	81	84	74	67	306	4	0
11/08/2015 20:40	82	85	74	67	308	4	0
11/08/2015 20:45	81	85	75	68	309	4	0
11/08/2015 20:50	74	78	69	62	283	4	0
11/08/2015 20:55	73	78	68	62	281	4	0
11/08/2015 21:00	78	82	72	65	297	4	0
11/08/2015 21:05	80	83	73	66	302	4	0
11/08/2015 21:10	87	89	79	71	326	4	0
11/08/2015 21:15	85	87	76	69	317	4	0
11/08/2015 21:20	71	75	66	59	271	4	0
11/08/2015 21:25	77	81	71	65	294	4	0
11/08/2015 21:30	76	80	70	63	289	4	0
11/08/2015 21:35	70	75	66	60	271	4	0
11/08/2015 21:40	81	85	75	68	309	4	0
11/08/2015 21:45	71	76	67	60	274	4	0
11/08/2015 21:50	75	79	70	63	287	4	0
11/08/2015 21:55	68	73	65	59	265	4	0
11/08/2015 22:00	66	71	63	57	257	4	0
11/08/2015 22:05	63	68	61	55	247	4	0
11/08/2015 22:10	65	70	62	56	253	4	0
11/08/2015 22:15	64	70	62	56	252	4	0
11/08/2015 22:20	70	75	67	60	272	4	0
11/08/2015 22:25	63	69	61	55	248	4	0
11/08/2015 22:30	63	68	61	55	247	4	0
11/08/2015 22:35	60	66	59	53	238	4	0
11/08/2015 22:40	59	65	58	51	233	4	0
11/08/2015 22:45	51	59	53	47	210	4	0
11/08/2015 22:50	60	66	59	53	238	4	0
11/08/2015 22:55	51	58	52	47	208	4	0
11/08/2015 23:00	51	58	51	46	206	4	0
11/08/2015 23:05	54	61	54	49	218	4	0
11/08/2015 23:10	58	64	57	51	230	4	0
11/08/2015 23:15	53	60	53	47	213	4	0
11/08/2015 23:20	48	55	49	43	195	4	0
11/08/2015 23:25	44	52	47	42	185	4	0
11/08/2015 23:30	48	55	49	43	195	4	0
11/08/2015 23:35	45	53	47	42	187	4	0
11/08/2015 23:40	47	55	48	43	193	4	0
11/08/2015 23:45	40	48	43	38	169	4	0
11/08/2015 23:50	43	51	46	42	182	4	0
11/08/2015 23:55	32	41	38	34	145	4	0
