5 Minutes	Lane 1 Flow (Veh/5 Minutes)	Lane 2 Flow (Veh/5 Minutes)	Lane 3 Flow (Veh/5 Minutes)	Lane 4 Flow (Veh/5 Minutes)	Lane 5 Flow (Veh/5 Minutes)	Flow (Veh/5 Minutes)	# Lane Points	% Observed
11/02/2015 00:00	50	38	47	41	40	216	5	0
11/02/2015 00:05	39	25	37	34	34	169	5	0
11/02/2015 00:10	37	22	35	33	33	160	5	0
11/02/2015 00:15	49	37	46	40	40	212	5	0
11/02/2015 00:20	32	16	31	30	30	139	5	0
11/02/2015 00:25	25	13	24	25	26	113	5	0
11/02/2015 00:30	35	20	34	32	32	153	5	0
11/02/2015 00:35	32	15	31	30	30	138	5	0
11/02/2015 00:40	34	37	32	30	31	164	5	0
11/02/2015 00:45	23	17	23	24	24	111	5	0
11/02/2015 00:50	24	19	23	24	25	115	5	0
11/02/2015 00:55	24	20	24	24	25	117	5	0
11/02/2015 01:00	25	20	24	25	25	119	5	0
11/02/2015 01:05	22	19	22	23	24	110	5	0
11/02/2015 01:10	21	9	21	23	23	97	5	0
11/02/2015 01:15	20	14	20	22	23	99	5	0
11/02/2015 01:20	21	11	21	23	23	99	5	0
11/02/2015 01:25	16	6	16	19	20	77	5	0
11/02/2015 01:30	12	23	13	17	18	83	5	0
11/02/2015 01:35	18	7	19	21	22	87	5	0
11/02/2015 01:40	20	13	20	22	23	98	5	0
11/02/2015 01:45	18	13	18	20	21	90	5	0
11/02/2015 01:50	16	9	16	19	20	80	5	0
11/02/2015 01:55	17	3	17	20	21	78	5	0
11/02/2015 02:00	14	6	15	18	19	72	5	0
11/02/2015 02:05	21	11	21	22	23	98	5	0
11/02/2015 02:10	21	1	11	15	16	64	5	0
11/02/2015 02:15	16	9	16	19	20	80	5	0
11/02/2015 02:20	17	4	18	20	21	80	5	0
11/02/2015 02:25	16	7	17	19	20	79	5	0
11/02/2015 02:30	16	6	17	19	20	78	5	0
11/02/2015 02:35	12	23	13	16	18	82	5	0
11/02/2015 02:40	11	1	12	16	17	57	5	0
11/02/2015 02:45	12	23	13	17	18	83	5	0
11/02/2015 02:50	11	22	12	16	17	78	5	0
11/02/2015 02:55	13	3	14	17	19	66	5	0
11/02/2015 03:00	14	6	15	18	19	72	5	0
11/02/2015 03:05	17	9	18	20	21	85	5	0
11/02/2015 03:10	11	22	12	16	17	78	5	0
11/02/2015 03:15	21	14	21	23	23	102	5	0
11/02/2015 03:20	14	4	15	18	19	70	5	0
11/02/2015 03:25	16	10	16	19	20	81	5	0
11/02/2015 03:30	16	9	16	19	20	80	5	0
11/02/2015 03:35	12	1	13	17	18	61	5	0
11/02/2015 03:40	18	11	18	20	21	88	5	0
11/02/2015 03:45	23	16	23	24	25	111	5	0
11/02/2015 03:50	16	6	16	19	20	77	5	0
11/02/2015 03:55	31	32	30	29	29	151	5	0
11/02/2015 04:00	18	9	18	20	21	86	5	0
11/02/2015 04:05	23	17	23	24	25	112	5	0
11/02/2015 04:10	29	12	28	28	28	125	5	0
11/02/2015 04:15	31	30	30	29	29	149	5	0
11/02/2015 04:20	32	15	31	30	30	138	5	0
11/02/2015 04:25	33	17	32	30	30	142	5	0
11/02/2015 04:30	37	22	35	33	33	160	5	0
11/02/2015 04:35	45	32	43	38	38	196	5	0
11/02/2015 04:40	50	39	47	42	41	219	5	0
11/02/2015 04:45	65	58	61	52	50	286	5	0
11/02/2015 04:50	56	46	52	45	44	243	5	0
11/02/2015 04:55	66	58	61	52	50	287	5	0
11/02/2015 05:00	54	43	50	44	43	234	5	0
11/02/2015 05:05	66	58	61	52	50	287	5	0
11/02/2015 05:10	76	72	70	59	57	334	5	0
11/02/2015 05:15	77	73	71	60	58	339	5	0
11/02/2015 05:20	101	103	93	75	72	444	5	0
11/02/2015 05:25	118	124	108	87	83	520	5	0
11/02/2015 05:30	108	112	99	80	76	475	5	0
11/02/2015 05:35	118	125	108	87	82	520	5	0
11/02/2015 05:40	145	159	132	105	99	640	5	0
11/02/2015 05:45	143	156	130	104	98	631	5	0
11/02/2015 05:50	133	143	121	96	91	584	5	0
11/02/2015 05:55	120	127	110	88	84	529	5	0
11/02/2015 06:00	138	150	126	101	95	610	5	0
11/02/2015 06:05	143	156	130	104	98	631	5	0
11/02/2015 06:10	149	164	136	107	101	657	5	0
11/02/2015 06:15	140	153	128	102	96	619	5	0
11/02/2015 06:20	131	142	120	95	90	578	5	0
11/02/2015 06:25	141	154	129	102	97	623	5	0
11/02/2015 06:30	155	172	141	112	105	685	5	0
11/02/2015 06:35	137	149	126	99	94	605	5	0
11/02/2015 06:40	164	183	149	118	111	725	5	0
11/02/2015 06:45	162	180	147	116	109	714	5	0
11/02/2015 06:50	159	177	145	114	107	702	5	0
11/02/2015 06:55	160	177	145	114	108	704	5	0
11/02/2015 07:00	155	172	141	112	105	685	5	0
11/02/2015 07:05	169	189	154	121	114	747	5	0
11/02/2015 07:10	192	219	175	136	128	850	5	0
11/02/2015 07:15	148	163	135	107	101	654	5	0
11/02/2015 07:20	183	207	166	130	122	808	5	0
11/02/2015 07:25	202	232	184	142	134	894	5	0
11/02/2015 07:30	211	242	191	148	139	931	5	0
11/02/2015 07:35	202	231	184	142	133	892	5	0
11/02/2015 07:40	200	229	182	141	132	884	5	0
11/02/2015 07:45	194	222	177	138	129	860	5	0
11/02/2015 07:50	183	206	166	129	121	805	5	0
11/02/2015 07:55	192	218	174	136	127	847	5	0
11/02/2015 08:00	203	232	185	143	134	897	5	0
11/02/2015 08:05	191	218	174	135	127	845	5	0
11/02/2015 08:10	198	226	180	140	132	876	5	0
11/02/2015 08:15	197	225	179	139	130	870	5	0
11/02/2015 08:20	209	239	189	147	137	921	5	0
11/02/2015 08:25	198	226	180	140	131	875	5	0
11/02/2015 08:30	183	207	166	130	122	808	5	0
11/02/2015 08:35	197	225	179	139	130	870	5	0
11/02/2015 08:40	199	227	181	140	132	879	5	0
11/02/2015 08:45	194	221	176	137	129	857	5	0
11/02/2015 08:50	189	215	172	134	125	835	5	0
11/02/2015 08:55	189	215	172	134	126	836	5	0
11/02/2015 09:00	167	186	152	119	112	736	5	0
11/02/2015 09:05	176	198	160	125	118	777	5	0
11/02/2015 09:10	173	195	158	124	116	766	5	0
11/02/2015 09:15	168	188	153	120	113	742	5	0
11/02/2015 09:20	166	186	151	119	112	734	5	0
11/02/2015 09:25	168	188	153	120	113	742	5	0
11/02/2015 09:30	165	184	151	118	111	729	5	0
11/02/2015 09:35	167	186	152	119	112	736	5	0
11/02/2015 09:40	163	182	149	117	110	721	5	0
11/02/2015 09:45	171	191	155	122	115	754	5	0
11/02/2015 09:50	158	176	144	114	107	699	5	0
11/02/2015 09:55	145	159	132	105	99	640	5	0
11/02/2015 10:00	147	161	134	106	100	648	5	0
11/02/2015 10:05	149	164	136	107	101	657	5	0
11/02/2015 10:10	146	161	134	105	99	645	5	0
11/02/2015 10:15	147	162	134	106	100	649	5	0
11/02/2015 10:20	156	173	143	112	106	690	5	0
11/02/2015 10:25	156	173	143	112	106	690	5	0
11/02/2015 10:30	152	168	139	109	103	671	5	0
11/02/2015 10:35	141	153	129	102	96	621	5	0
11/02/2015 10:40	153	169	139	110	104	675	5	0
11/02/2015 10:45	161	179	146	115	108	709	5	0
11/02/2015 10:50	160	178	146	115	108	707	5	0
11/02/2015 10:55	150	165	137	108	102	662	5	0
11/02/2015 11:00	142	156	130	103	97	628	5	0
11/02/2015 11:05	150	165	137	108	102	662	5	0
11/02/2015 11:10	146	160	133	106	100	645	5	0
11/02/2015 11:15	159	177	145	114	107	702	5	0
11/02/2015 11:20	165	184	150	118	111	728	5	0
11/02/2015 11:25	161	180	147	115	109	712	5	0
11/02/2015 11:30	159	177	145	114	108	703	5	0
11/02/2015 11:35	135	146	123	98	93	595	5	0
11/02/2015 11:40	163	182	149	116	109	719	5	0
11/02/2015 11:45	143	156	131	103	97	630	5	0
11/02/2015 11:50	155	172	142	111	105	685	5	0
11/02/2015 11:55	153	170	140	110	104	677	5	0
11/02/2015 12:00	167	186	152	119	112	736	5	0
11/02/2015 12:05	159	177	145	115	108	704	5	0
11/02/2015 12:10	165	185	151	118	111	730	5	0
11/02/2015 12:15	164	183	150	117	110	724	5	0
11/02/2015 12:20	147	162	134	106	100	649	5	0
11/02/2015 12:25	170	191	155	121	114	751	5	0
11/02/2015 12:30	170	191	155	122	114	752	5	0
11/02/2015 12:35	170	190	154	121	114	749	5	0
11/02/2015 12:40	169	189	154	121	113	746	5	0
11/02/2015 12:45	114	119	104	84	80	501	5	0
11/02/2015 12:50	123	131	112	90	85	541	5	0
11/02/2015 12:55	108	111	99	79	75	472	5	0
11/02/2015 13:00	90	89	83	68	65	395	5	0
11/02/2015 13:05	136	147	124	98	93	598	5	0
11/02/2015 13:10	152	168	139	109	103	671	5	0
11/02/2015 13:15	154	171	141	111	105	682	5	0
11/02/2015 13:20	164	183	149	117	110	723	5	0
11/02/2015 13:25	166	185	151	118	111	731	5	0
11/02/2015 13:30	155	172	141	111	105	684	5	0
11/02/2015 13:35	161	180	147	115	109	712	5	0
11/02/2015 13:40	163	182	149	116	109	719	5	0
11/02/2015 13:45	171	192	156	122	115	756	5	0
11/02/2015 13:50	165	184	150	118	111	728	5	0
11/02/2015 13:55	177	199	161	126	118	781	5	0
11/02/2015 14:00	186	211	170	132	124	823	5	0
11/02/2015 14:05	175	197	159	124	117	772	5	0
11/02/2015 14:10	159	177	145	114	108	703	5	0
11/02/2015 14:15	166	185	151	118	111	731	5	0
11/02/2015 14:20	166	185	151	118	111	731	5	0
11/02/2015 14:25	175	197	159	124	116	771	5	0
11/02/2015 14:30	169	189	154	120	113	745	5	0
11/02/2015 14:35	187	213	171	132	124	827	5	0
11/02/2015 14:40	185	210	169	131	123	818	5	0
11/02/2015 14:45	184	208	167	130	123	812	5	0
11/02/2015 14:50	176	198	160	125	117	776	5	0
11/02/2015 14:55	173	194	158	123	116	764	5	0
11/02/2015 15:00	174	195	158	123	116	766	5	0
11/02/2015 15:05	169	190	154	120	113	746	5	0
11/02/2015 15:10	159	177	145	113	107	701	5	0
11/02/2015 15:15	171	192	156	122	115	756	5	0
11/02/2015 15:20	165	185	151	118	111	730	5	0
11/02/2015 15:25	176	199	161	125	118	779	5	0
11/02/2015 15:30	171	192	156	121	114	754	5	0
11/02/2015 15:35	166	185	151	118	111	731	5	0
11/02/2015 15:40	190	216	173	134	126	839	5	0
11/02/2015 15:45	170	190	155	121	114	750	5	0
11/02/2015 15:50	176	199	161	125	117	778	5	0
11/02/2015 15:55	189	214	172	133	125	833	5	0
11/02/2015 16:00	173	194	157	123	116	763	5	0
11/02/2015 16:05	129	139	118	94	89	569	5	0
11/02/2015 16:10	166	185	151	118	111	731	5	0
11/02/2015 16:15	175	197	160	124	117	773	5	0
11/02/2015 16:20	181	204	165	128	120	798	5	0
11/02/2015 16:25	175	197	159	124	117	772	5	0
11/02/2015 16:30	181	204	164	128	121	798	5	0
11/02/2015 16:35	177	199	161	126	118	781	5	0
11/02/2015 16:40	179	202	163	126	119	789	5	0
11/02/2015 16:45	166	185	151	118	111	731	5	0
11/02/2015 16:50	140	153	128	101	96	618	5	0
11/02/2015 16:55	139	151	127	100	95	612	5	0
11/02/2015 17:00	160	177	146	114	108	705	5	0
11/02/2015 17:05	178	201	162	127	119	787	5	0
11/02/2015 17:10	182	206	166	129	121	804	5	0
11/02/2015 17:15	168	188	153	119	112	740	5	0
11/02/2015 17:20	164	183	149	116	110	722	5	0
11/02/2015 17:25	175	196	159	124	117	771	5	0
11/02/2015 17:30	167	187	152	119	112	737	5	0
11/02/2015 17:35	169	189	154	120	113	745	5	0
11/02/2015 17:40	157	174	143	112	106	692	5	0
11/02/2015 17:45	172	193	157	122	115	759	5	0
11/02/2015 17:50	165	184	150	117	111	727	5	0
11/02/2015 17:55	169	189	154	120	113	745	5	0
11/02/2015 18:00	169	190	154	120	113	746	5	0
11/02/2015 18:05	169	190	154	120	113	746	5	0
11/02/2015 18:10	175	197	160	124	117	773	5	0
11/02/2015 18:15	185	210	169	131	123	818	5	0
11/02/2015 18:20	172	193	157	122	115	759	5	0
11/02/2015 18:25	168	188	153	119	112	740	5	0
11/02/2015 18:30	179	201	162	127	119	788	5	0
11/02/2015 18:35	152	168	139	109	103	671	5	0
11/02/2015 18:40	171	192	156	122	115	756	5	0
11/02/2015 18:45	176	198	160	125	117	776	5	0
11/02/2015 18:50	170	190	155	121	114	750	5	0
11/02/2015 18:55	141	154	129	101	96	621	5	0
11/02/2015 19:00	156	173	143	112	105	689	5	0
11/02/2015 19:05	151	167	138	109	102	667	5	0
11/02/2015 19:10	173	194	158	123	116	764	5	0
11/02/2015 19:15	176	198	160	125	117	776	5	0
11/02/2015 19:20	153	169	140	110	103	675	5	0
11/02/2015 19:25	175	196	159	124	117	771	5	0
11/02/2015 19:30	174	196	158	124	116	768	5	0
11/02/2015 19:35	188	214	171	133	125	831	5	0
11/02/2015 19:40	164	182	149	117	110	722	5	0
11/02/2015 19:45	171	191	155	122	114	753	5	0
11/02/2015 19:50	177	200	161	126	119	783	5	0
11/02/2015 19:55	179	201	163	127	119	789	5	0
11/02/2015 20:00	166	186	151	119	112	734	5	0
11/02/2015 20:05	142	155	130	102	97	626	5	0
11/02/2015 20:10	133	144	122	97	92	588	5	0
11/02/2015 20:15	126	134	115	92	87	554	5	0
11/02/2015 20:20	139	151	127	101	95	613	5	0
11/02/2015 20:25	126	135	115	92	87	555	5	0
11/02/2015 20:30	118	125	108	87	82	520	5	0
11/02/2015 20:35	114	119	104	84	80	501	5	0
11/02/2015 20:40	125	134	115	91	87	552	5	0
11/02/2015 20:45	117	123	107	86	82	515	5	0
11/02/2015 20:50	113	118	104	83	79	497	5	0
11/02/2015 20:55	103	105	94	76	73	451	5	0
11/02/2015 21:00	110	115	101	81	78	485	5	0
11/02/2015 21:05	125	134	115	91	87	552	5	0
11/02/2015 21:10	129	138	118	95	89	569	5	0
11/02/2015 21:15	108	112	99	79	75	473	5	0
11/02/2015 21:20	128	138	117	94	89	566	5	0
11/02/2015 21:25	116	122	106	85	81	510	5	0
11/02/2015 21:30	112	117	103	83	79	494	5	0
11/02/2015 21:35	126	134	115	92	87	554	5	0
11/02/2015 21:40	121	129	111	89	85	535	5	0
11/02/2015 21:45	123	132	113	91	86	545	5	0
11/02/2015 21:50	108	111	99	79	76	473	5	0
11/02/2015 21:55	98	99	90	73	70	430	5	0
11/02/2015 22:00	101	103	93	75	72	444	5	0
11/02/2015 22:05	104	107	96	77	74	458	5	0
11/02/2015 22:10	110	114	100	81	77	482	5	0
11/02/2015 22:15	105	108	96	78	74	461	5	0
11/02/2015 22:20	95	95	87	71	68	416	5	0
11/02/2015 22:25	91	91	84	69	66	401	5	0
11/02/2015 22:30	87	85	80	66	63	381	5	0
11/02/2015 22:35	85	83	79	65	62	374	5	0
11/02/2015 22:40	77	73	72	60	57	339	5	0
11/02/2015 22:45	63	55	59	50	49	276	5	0
11/02/2015 22:50	75	70	69	58	56	328	5	0
11/02/2015 22:55	67	60	62	53	51	293	5	0
11/02/2015 23:00	51	39	48	42	41	221	5	0
11/02/2015 23:05	75	70	69	58	56	328	5	0
11/02/2015 23:10	80	77	74	61	59	351	5	0
11/02/2015 23:15	57	47	53	46	45	248	5	0
11/02/2015 23:20	63	55	59	50	48	275	5	0
11/02/2015 23:25	47	35	44	39	39	204	5	0
11/02/2015 23:30	49	37	46	40	40	212	5	0
11/02/2015 23:35	48	35	45	39	39	206	5	0
11/02/2015 23:40	48	36	45	40	40	209	5	0
11/02/2015 23:45	49	37	46	41	40	213	5	0
11/02/2015 23:50	38	23	36	33	33	163	5	0
11/02/2015 23:55	40	26	38	35	35	174	5	0
11/03/2015 00:00	32	15	31	30	30	138	5	0
11/03/2015 00:05	40	26	38	35	35	174	5	0
11/03/2015 00:10	38	23	36	33	33	163	5	0
11/03/2015 00:15	36	21	35	32	32	156	5	0
11/03/2015 00:20	27	20	27	27	27	128	5	0
11/03/2015 00:25	39	24	37	34	34	168	5	0
11/03/2015 00:30	28	26	27	27	27	135	5	0
11/03/2015 00:35	24	19	24	24	25	116	5	0
11/03/2015 00:40	27	26	27	27	27	134	5	0
11/03/2015 00:45	22	16	22	23	24	107	5	0
11/03/2015 00:50	23	13	23	24	25	108	5	0
11/03/2015 00:55	20	14	20	22	23	99	5	0
11/03/2015 01:00	24	22	23	24	25	118	5	0
11/03/2015 01:05	23	22	23	24	24	116	5	0
11/03/2015 01:10	22	19	22	23	24	110	5	0
11/03/2015 01:15	21	13	21	22	23	100	5	0
11/03/2015 01:20	15	9	16	18	20	78	5	0
11/03/2015 01:25	19	14	19	21	22	95	5	0
11/03/2015 01:30	15	4	15	18	19	71	5	0
11/03/2015 01:35	14	3	15	18	19	69	5	0
11/03/2015 01:40	9	20	10	15	16	70	5	0
11/03/2015 01:45	15	7	15	18	19	74	5	0
11/03/2015 01:50	13	3	14	17	19	66	5	0
11/03/2015 01:55	14	6	14	17	19	70	5	0
11/03/2015 02:00	12	1	13	16	18	60	5	0
11/03/2015 02:05	15	4	16	19	20	74	5	0
11/03/2015 02:10	18	7	19	21	22	87	5	0
11/03/2015 02:15	15	3	16	19	20	73	5	0
11/03/2015 02:20	23	16	23	24	24	110	5	0
11/03/2015 02:25	10	21	11	15	16	73	5	0
11/03/2015 02:30	12	3	13	17	18	63	5	0
11/03/2015 02:35	10	21	11	15	16	73	5	0
11/03/2015 02:40	16	10	17	19	20	82	5	0
11/03/2015 02:45	13	7	14	17	18	69	5	0
11/03/2015 02:50	12	3	13	16	18	62	5	0
11/03/2015 02:55	13	3	14	17	19	66	5	0
11/03/2015 03:00	12	3	13	16	18	62	5	0
11/03/2015 03:05	13	24	14	17	18	86	5	0
11/03/2015 03:10	11	22	12	16	17	78	5	0
11/03/2015 03:15	11	1	12	16	17	57	5	0
11/03/2015 03:20	12	1	13	17	18	61	5	0
11/03/2015 03:25	10	21	11	15	17	74	5	0
11/03/2015 03:30	17	10	17	20	21	85	5	0
11/03/2015 03:35	15	7	16	19	20	77	5	0
11/03/2015 03:40	15	3	16	19	20	73	5	0
11/03/2015 03:45	19	9	19	21	22	90	5	0
11/03/2015 03:50	18	17	18	20	21	94	5	0
11/03/2015 03:55	21	6	21	23	24	95	5	0
11/03/2015 04:00	21	11	21	23	23	99	5	0
11/03/2015 04:05	15	6	16	19	20	76	5	0
11/03/2015 04:10	23	16	23	24	25	111	5	0
11/03/2015 04:15	30	32	29	28	28	147	5	0
11/03/2015 04:20	25	24	24	25	25	123	5	0
11/03/2015 04:25	28	11	28	27	28	122	5	0
11/03/2015 04:30	29	12	28	28	28	125	5	0
11/03/2015 04:35	45	32	42	39	38	196	5	0
11/03/2015 04:40	49	37	46	41	40	213	5	0
11/03/2015 04:45	52	41	49	43	42	227	5	0
11/03/2015 04:50	41	27	39	36	36	179	5	0
11/03/2015 04:55	55	45	52	45	44	241	5	0
11/03/2015 05:00	51	39	48	42	41	221	5	0
11/03/2015 05:05	64	56	59	50	49	278	5	0
11/03/2015 05:10	67	60	62	52	51	292	5	0
11/03/2015 05:15	84	82	78	64	61	369	5	0
11/03/2015 05:20	89	88	82	68	65	392	5	0
11/03/2015 05:25	97	98	89	73	69	426	5	0
11/03/2015 05:30	96	97	89	72	69	423	5	0
11/03/2015 05:35	126	134	115	92	87	554	5	0
11/03/2015 05:40	140	153	128	101	95	617	5	0
11/03/2015 05:45	123	131	112	90	85	541	5	0
11/03/2015 05:50	131	141	120	95	90	577	5	0
11/03/2015 05:55	120	127	110	88	84	529	5	0
11/03/2015 06:00	124	132	113	91	86	546	5	0
11/03/2015 06:05	129	139	118	94	89	569	5	0
11/03/2015 06:10	116	122	106	85	81	510	5	0
11/03/2015 06:15	120	127	109	88	83	527	5	0
11/03/2015 06:20	144	157	131	104	98	634	5	0
11/03/2015 06:25	128	138	117	94	89	566	5	0
11/03/2015 06:30	134	145	123	98	93	593	5	0
11/03/2015 06:35	150	165	137	108	102	662	5	0
11/03/2015 06:40	157	175	144	113	106	695	5	0
11/03/2015 06:45	162	181	148	116	109	716	5	0
11/03/2015 06:50	162	180	147	116	109	714	5	0
11/03/2015 06:55	155	172	142	111	105	685	5	0
11/03/2015 07:00	170	191	155	121	114	751	5	0
11/03/2015 07:05	178	201	162	126	119	786	5	0
11/03/2015 07:10	186	211	169	132	124	822	5	0
11/03/2015 07:15	187	212	170	132	124	825	5	0
11/03/2015 07:20	187	212	170	132	124	825	5	0
11/03/2015 07:25	186	210	169	132	124	821	5	0
11/03/2015 07:30	177	200	161	126	119	783	5	0
11/03/2015 07:35	189	214	172	133	125	833	5	0
11/03/2015 07:40	175	197	159	124	117	772	5	0
11/03/2015 07:45	190	215	172	134	126	837	5	0
11/03/2015 07:50	190	216	173	134	126	839	5	0
11/03/2015 07:55	199	227	180	140	131	877	5	0
11/03/2015 08:00	192	218	174	135	127	846	5	0
11/03/2015 08:05	194	221	176	137	129	857	5	0
11/03/2015 08:10	185	209	168	131	123	816	5	0
11/03/2015 08:15	197	225	179	139	130	870	5	0
11/03/2015 08:20	190	216	173	134	126	839	5	0
11/03/2015 08:25	196	224	178	139	130	867	5	0
11/03/2015 08:30	187	213	170	133	125	828	5	0
11/03/2015 08:35	201	230	183	142	133	889	5	0
11/03/2015 08:40	183	207	166	129	121	806	5	0
11/03/2015 08:45	195	222	177	137	129	860	5	0
11/03/2015 08:50	186	210	169	132	124	821	5	0
11/03/2015 08:55	193	220	175	136	128	852	5	0
11/03/2015 09:00	182	206	165	129	121	803	5	0
11/03/2015 09:05	188	214	171	134	126	833	5	0
11/03/2015 09:10	171	192	156	122	115	756	5	0
11/03/2015 09:15	160	177	145	114	108	704	5	0
11/03/2015 09:20	162	180	148	116	109	715	5	0
11/03/2015 09:25	161	179	146	115	109	710	5	0
11/03/2015 09:30	167	187	153	119	112	738	5	0
11/03/2015 09:35	158	175	144	113	107	697	5	0
11/03/2015 09:40	169	189	154	121	114	747	5	0
11/03/2015 09:45	162	180	147	116	109	714	5	0
11/03/2015 09:50	172	193	156	123	115	759	5	0
11/03/2015 09:55	146	160	133	106	100	645	5	0
11/03/2015 10:00	151	166	138	108	102	665	5	0
11/03/2015 10:05	131	141	119	95	90	576	5	0
11/03/2015 10:10	157	174	143	112	106	692	5	0
11/03/2015 10:15	144	158	132	104	98	636	5	0
11/03/2015 10:20	149	163	136	107	101	656	5	0
11/03/2015 10:25	158	175	144	113	107	697	5	0
11/03/2015 10:30	164	182	149	117	110	722	5	0
11/03/2015 10:35	150	165	137	108	102	662	5	0
11/03/2015 10:40	169	189	154	121	113	746	5	0
11/03/2015 10:45	163	182	149	117	110	721	5	0
11/03/2015 10:50	156	172	142	112	105	687	5	0
11/03/2015 10:55	170	191	155	121	114	751	5	0
11/03/2015 11:00	155	172	142	111	105	685	5	0
11/03/2015 11:05	156	172	142	112	105	687	5	0
11/03/2015 11:10	163	182	149	117	110	721	5	0
11/03/2015 11:15	140	152	128	101	95	616	5	0
11/03/2015 11:20	162	180	148	115	109	714	5	0
11/03/2015 11:25	166	185	151	118	111	731	5	0
11/03/2015 11:30	168	188	153	120	113	742	5	0
11/03/2015 11:35	167	186	152	119	112	736	5	0
11/03/2015 11:40	170	190	155	121	114	750	5	0
11/03/2015 11:45	155	171	141	111	105	683	5	0
11/03/2015 11:50	168	188	153	120	113	742	5	0
11/03/2015 11:55	161	179	147	116	109	712	5	0
11/03/2015 12:00	159	177	145	114	108	703	5	0
11/03/2015 12:05	174	196	159	124	116	769	5	0
11/03/2015 12:10	191	218	174	135	127	845	5	0
11/03/2015 12:15	170	191	155	121	114	751	5	0
11/03/2015 12:20	183	207	167	130	122	809	5	0
11/03/2015 12:25	159	176	145	113	107	700	5	0
11/03/2015 12:30	163	182	149	117	110	721	5	0
11/03/2015 12:35	165	185	151	118	111	730	5	0
11/03/2015 12:40	180	204	164	128	120	796	5	0
11/03/2015 12:45	164	183	149	117	110	723	5	0
11/03/2015 12:50	174	195	158	124	117	768	5	0
11/03/2015 12:55	173	195	158	124	116	766	5	0
11/03/2015 13:00	176	198	160	126	118	778	5	0
11/03/2015 13:05	134	145	123	97	92	591	5	0
11/03/2015 13:10	160	178	146	115	108	707	5	0
11/03/2015 13:15	170	191	155	121	114	751	5	0
11/03/2015 13:20	171	192	156	122	115	756	5	0
11/03/2015 13:25	169	189	154	120	113	745	5	0
11/03/2015 13:30	165	185	151	119	112	732	5	0
11/03/2015 13:35	164	183	150	117	110	724	5	0
11/03/2015 13:40	175	197	159	125	118	774	5	0
11/03/2015 13:45	184	208	167	131	123	813	5	0
11/03/2015 13:50	175	196	159	124	117	771	5	0
11/03/2015 13:55	181	205	165	129	121	801	5	0
11/03/2015 14:00	130	140	119	95	90	574	5	0
11/03/2015 14:05	137	149	125	100	94	605	5	0
11/03/2015 14:10	161	180	147	115	109	712	5	0
11/03/2015 14:15	166	186	152	119	112	735	5	0
11/03/2015 14:20	184	208	168	130	122	812	5	0
11/03/2015 14:25	188	213	171	132	124	828	5	0
11/03/2015 14:30	173	195	158	123	115	764	5	0
11/03/2015 14:35	178	200	162	126	118	784	5	0
11/03/2015 14:40	172	193	156	121	114	756	5	0
11/03/2015 14:45	186	211	170	132	124	823	5	0
11/03/2015 14:50	173	194	157	122	115	761	5	0
11/03/2015 14:55	182	206	166	129	122	805	5	0
11/03/2015 15:00	190	216	173	134	126	839	5	0
11/03/2015 15:05	173	195	158	123	115	764	5	0
11/03/2015 15:10	160	178	146	114	108	706	5	0
11/03/2015 15:15	184	208	167	129	122	810	5	0
11/03/2015 15:20	166	186	152	119	112	735	5	0
11/03/2015 15:25	184	209	168	130	122	813	5	0
11/03/2015 15:30	172	194	157	123	115	761	5	0
11/03/2015 15:35	178	201	162	126	119	786	5	0
11/03/2015 15:40	171	192	156	122	114	755	5	0
11/03/2015 15:45	141	154	129	102	96	622	5	0
11/03/2015 15:50	129	138	118	94	89	568	5	0
11/03/2015 15:55	130	139	119	94	89	571	5	0
11/03/2015 16:00	146	160	133	105	99	643	5	0
11/03/2015 16:05	132	143	121	95	90	581	5	0
11/03/2015 16:10	154	171	141	110	104	680	5	0
11/03/2015 16:15	155	171	141	111	105	683	5	0
11/03/2015 16:20	151	166	138	108	102	665	5	0
11/03/2015 16:25	165	185	151	118	111	730	5	0
11/03/2015 16:30	153	169	140	109	103	674	5	0
11/03/2015 16:35	160	177	146	114	108	705	5	0
11/03/2015 16:40	156	173	143	112	105	689	5	0
11/03/2015 16:45	165	184	150	117	110	726	5	0
11/03/2015 16:50	162	180	148	115	109	714	5	0
11/03/2015 16:55	180	204	164	128	120	796	5	0
11/03/2015 17:00	166	185	151	118	111	731	5	0
11/03/2015 17:05	176	199	161	125	118	779	5	0
11/03/2015 17:10	174	196	159	123	116	768	5	0
11/03/2015 17:15	184	209	168	130	122	813	5	0
11/03/2015 17:20	162	180	148	115	109	714	5	0
11/03/2015 17:25	168	188	153	120	113	742	5	0
11/03/2015 17:30	164	182	149	117	110	722	5	0
11/03/2015 17:35	175	197	160	124	117	773	5	0
11/03/2015 17:40	168	188	153	119	112	740	5	0
11/03/2015 17:45	172	194	157	123	115	761	5	0
11/03/2015 17:50	179	202	163	127	119	790	5	0
11/03/2015 17:55	166	186	152	118	112	734	5	0
11/03/2015 18:00	182	206	166	129	121	804	5	0
11/03/2015 18:05	173	195	158	124	116	766	5	0
11/03/2015 18:10	171	192	156	121	114	754	5	0
11/03/2015 18:15	169	189	154	120	113	745	5	0
11/03/2015 18:20	168	188	153	119	113	741	5	0
11/03/2015 18:25	172	193	157	122	115	759	5	0
11/03/2015 18:30	168	189	153	120	113	743	5	0
11/03/2015 18:35	175	197	159	124	116	771	5	0
11/03/2015 18:40	166	186	152	119	112	735	5	0
11/03/2015 18:45	168	187	153	119	112	739	5	0
11/03/2015 18:50	164	183	150	117	110	724	5	0
11/03/2015 18:55	159	176	145	113	107	700	5	0
11/03/2015 19:00	178	201	162	126	119	786	5	0
11/03/2015 19:05	173	194	157	122	115	761	5	0
11/03/2015 19:10	162	181	148	116	109	716	5	0
11/03/2015 19:15	168	188	153	119	112	740	5	0
11/03/2015 19:20	161	179	147	115	108	710	5	0
11/03/2015 19:25	167	187	152	119	112	737	5	0
11/03/2015 19:30	166	185	151	118	112	732	5	0
11/03/2015 19:35	166	185	151	118	111	731	5	0
11/03/2015 19:40	168	189	153	120	113	743	5	0
11/03/2015 19:45	166	185	151	118	111	731	5	0
11/03/2015 19:50	169	189	154	121	113	746	5	0
11/03/2015 19:55	156	173	142	112	106	689	5	0
11/03/2015 20:00	169	189	154	120	113	745	5	0
11/03/2015 20:05	171	192	156	121	114	754	5	0
11/03/2015 20:10	178	201	162	127	119	787	5	0
11/03/2015 20:15	136	147	124	98	93	598	5	0
11/03/2015 20:20	127	136	116	93	88	560	5	0
11/03/2015 20:25	78	74	72	60	58	342	5	0
11/03/2015 20:30	66	59	61	52	50	288	5	0
11/03/2015 20:35	148	162	135	106	100	651	5	0
11/03/2015 20:40	157	174	143	112	106	692	5	0
11/03/2015 20:45	159	176	145	113	107	700	5	0
11/03/2015 20:50	158	175	144	113	107	697	5	0
11/03/2015 20:55	136	148	124	99	94	601	5	0
11/03/2015 21:00	135	146	123	98	92	594	5	0
11/03/2015 21:05	108	112	99	81	77	477	5	0
11/03/2015 21:10	120	127	110	87	83	527	5	0
11/03/2015 21:15	138	150	126	100	95	609	5	0
11/03/2015 21:20	150	166	137	108	102	663	5	0
11/03/2015 21:25	130	140	119	95	90	574	5	0
11/03/2015 21:30	133	144	122	97	91	587	5	0
11/03/2015 21:35	121	129	111	89	84	534	5	0
11/03/2015 21:40	122	130	112	89	85	538	5	0
11/03/2015 21:45	125	134	115	91	87	552	5	0
11/03/2015 21:50	110	115	101	82	78	486	5	0
11/03/2015 21:55	115	121	106	85	80	507	5	0
11/03/2015 22:00	117	123	107	86	81	514	5	0
11/03/2015 22:05	121	129	111	89	84	534	5	0
11/03/2015 22:10	123	131	113	90	85	542	5	0
11/03/2015 22:15	106	110	98	79	75	468	5	0
11/03/2015 22:20	107	110	98	80	76	471	5	0
11/03/2015 22:25	129	138	118	94	89	568	5	0
11/03/2015 22:30	110	114	101	81	77	483	5	0
11/03/2015 22:35	104	106	95	77	73	455	5	0
11/03/2015 22:40	90	90	83	68	65	396	5	0
11/03/2015 22:45	84	82	78	65	62	371	5	0
11/03/2015 22:50	94	94	87	71	68	414	5	0
11/03/2015 22:55	72	66	67	56	54	315	5	0
11/03/2015 23:00	73	67	67	56	54	317	5	0
11/03/2015 23:05	72	67	67	57	55	318	5	0
11/03/2015 23:10	66	59	62	52	51	290	5	0
11/03/2015 23:15	67	61	63	53	51	295	5	0
11/03/2015 23:20	74	69	69	57	55	324	5	0
11/03/2015 23:25	66	59	62	52	51	290	5	0
11/03/2015 23:30	64	56	59	50	49	278	5	0
11/03/2015 23:35	56	46	52	45	44	243	5	0
11/03/2015 23:40	46	34	44	39	39	202	5	0
11/03/2015 23:45	55	45	51	44	43	238	5	0
11/03/2015 23:50	53	42	50	43	43	231	5	0
11/03/2015 23:55	48	37	46	41	40	212	5	0
11/04/2015 00:00	42	29	40	36	36	183	5	0
11/04/2015 00:05	38	23	36	34	34	165	5	0
11/04/2015 00:10	38	23	36	33	33	163	5	0
11/04/2015 00:15	42	29	40	36	36	183	5	0
11/04/2015 00:20	41	27	39	36	35	178	5	0
11/04/2015 00:25	31	14	30	29	29	133	5	0
11/04/2015 00:30	24	19	24	24	25	116	5	0
11/04/2015 00:35	28	23	27	27	27	132	5	0
11/04/2015 00:40	29	26	28	27	28	138	5	0
11/04/2015 00:45	27	22	27	27	27	130	5	0
11/04/2015 00:50	27	23	27	27	27	131	5	0
11/04/2015 00:55	24	14	24	25	25	112	5	0
11/04/2015 01:00	21	14	21	23	23	102	5	0
11/04/2015 01:05	23	14	23	24	25	109	5	0
11/04/2015 01:10	21	13	21	22	23	100	5	0
11/04/2015 01:15	20	13	20	21	22	96	5	0
11/04/2015 01:20	17	6	17	20	21	81	5	0
11/04/2015 01:25	22	11	22	23	24	102	5	0
11/04/2015 01:30	22	16	22	23	24	107	5	0
11/04/2015 01:35	19	13	19	21	22	94	5	0
11/04/2015 01:40	12	3	13	17	18	63	5	0
11/04/2015 01:45	13	24	14	17	18	86	5	0
11/04/2015 01:50	11	22	12	16	17	78	5	0
11/04/2015 01:55	13	3	14	17	18	65	5	0
11/04/2015 02:00	25	22	25	25	26	123	5	0
11/04/2015 02:05	18	4	18	21	21	82	5	0
11/04/2015 02:10	15	4	16	19	20	74	5	0
11/04/2015 02:15	19	10	19	21	22	91	5	0
11/04/2015 02:20	22	16	22	23	24	107	5	0
11/04/2015 02:25	11	1	12	16	17	57	5	0
11/04/2015 02:30	17	9	17	20	21	84	5	0
11/04/2015 02:35	16	4	17	19	20	76	5	0
11/04/2015 02:40	11	22	12	16	17	78	5	0
11/04/2015 02:45	13	3	14	17	18	65	5	0
11/04/2015 02:50	14	7	14	17	19	71	5	0
11/04/2015 02:55	10	21	11	15	16	73	5	0
11/04/2015 03:00	12	4	13	17	18	64	5	0
11/04/2015 03:05	16	3	16	19	20	74	5	0
11/04/2015 03:10	15	3	15	18	19	70	5	0
11/04/2015 03:15	16	7	17	19	20	79	5	0
11/04/2015 03:20	12	3	13	16	18	62	5	0
11/04/2015 03:25	12	6	13	17	18	66	5	0
11/04/2015 03:30	13	24	14	17	18	86	5	0
11/04/2015 03:35	15	25	16	19	20	95	5	0
11/04/2015 03:40	16	7	17	19	20	79	5	0
11/04/2015 03:45	13	1	14	18	19	65	5	0
11/04/2015 03:50	24	16	24	24	25	113	5	0
11/04/2015 03:55	19	19	19	21	22	100	5	0
11/04/2015 04:00	18	11	19	21	22	91	5	0
11/04/2015 04:05	29	12	28	28	28	125	5	0
11/04/2015 04:10	19	9	19	21	22	90	5	0
11/04/2015 04:15	28	23	27	27	27	132	5	0
11/04/2015 04:20	29	24	28	27	28	136	5	0
11/04/2015 04:25	26	22	26	26	26	126	5	0
11/04/2015 04:30	39	24	37	34	34	168	5	0
11/04/2015 04:35	47	35	44	39	39	204	5	0
11/04/2015 04:40	42	58	40	36	35	211	5	0
11/04/2015 04:45	40	25	38	35	35	173	5	0
11/04/2015 04:50	58	49	55	47	46	255	5	0
11/04/2015 04:55	47	35	45	40	39	206	5	0
11/04/2015 05:00	53	42	50	44	43	232	5	0
11/04/2015 05:05	62	54	58	50	48	272	5	0
11/04/2015 05:10	74	69	69	58	56	326	5	0
11/04/2015 05:15	81	77	74	62	60	354	5	0
11/04/2015 05:20	96	96	88	72	69	421	5	0
11/04/2015 05:25	88	87	82	67	64	388	5	0
11/04/2015 05:30	106	110	97	79	75	467	5	0
11/04/2015 05:35	128	137	117	93	88	563	5	0
11/04/2015 05:40	123	131	113	90	85	542	5	0
11/04/2015 05:45	120	127	110	88	84	529	5	0
11/04/2015 05:50	106	110	97	79	75	467	5	0
11/04/2015 05:55	117	124	107	87	82	517	5	0
11/04/2015 06:00	108	112	99	80	76	475	5	0
11/04/2015 06:05	105	108	96	78	75	462	5	0
11/04/2015 06:10	116	122	107	86	81	512	5	0
11/04/2015 06:15	138	150	126	100	95	609	5	0
11/04/2015 06:20	132	143	121	96	91	583	5	0
11/04/2015 06:25	145	159	132	105	99	640	5	0
11/04/2015 06:30	151	166	137	109	102	665	5	0
11/04/2015 06:35	156	172	142	112	106	688	5	0
11/04/2015 06:40	157	174	143	113	107	694	5	0
11/04/2015 06:45	152	168	139	110	103	672	5	0
11/04/2015 06:50	150	165	137	108	102	662	5	0
11/04/2015 06:55	170	190	155	121	114	750	5	0
11/04/2015 07:00	166	186	151	119	112	734	5	0
11/04/2015 07:05	147	162	134	106	100	649	5	0
11/04/2015 07:10	195	223	178	139	130	865	5	0
11/04/2015 07:15	186	211	169	132	124	822	5	0
11/04/2015 07:20	198	226	180	139	130	873	5	0
11/04/2015 07:25	201	229	182	142	133	887	5	0
11/04/2015 07:30	169	190	154	121	114	748	5	0
11/04/2015 07:35	179	202	163	127	120	791	5	0
11/04/2015 07:40	205	235	186	144	135	905	5	0
11/04/2015 07:45	195	223	178	138	129	863	5	0
11/04/2015 07:50	190	216	173	134	126	839	5	0
11/04/2015 07:55	188	213	171	133	125	830	5	0
11/04/2015 08:00	194	221	176	137	129	857	5	0
11/04/2015 08:05	175	196	159	124	117	771	5	0
11/04/2015 08:10	201	230	182	141	133	887	5	0
11/04/2015 08:15	187	212	170	133	125	827	5	0
11/04/2015 08:20	160	178	146	114	108	706	5	0
11/04/2015 08:25	174	196	158	124	117	769	5	0
11/04/2015 08:30	171	192	156	121	114	754	5	0
11/04/2015 08:35	193	220	175	136	128	852	5	0
11/04/2015 08:40	197	225	179	139	130	870	5	0
11/04/2015 08:45	186	211	169	131	123	820	5	0
11/04/2015 08:50	182	206	166	129	122	805	5	0
11/04/2015 08:55	165	184	150	118	111	728	5	0
11/04/2015 09:00	181	205	165	128	121	800	5	0
11/04/2015 09:05	179	201	163	127	119	789	5	0
11/04/2015 09:10	175	197	159	125	117	773	5	0
11/04/2015 09:15	178	200	162	127	119	786	5	0
11/04/2015 09:20	172	193	157	123	116	761	5	0
11/04/2015 09:25	169	189	154	121	113	746	5	0
11/04/2015 09:30	158	176	144	114	107	699	5	0
11/04/2015 09:35	172	193	157	123	116	761	5	0
11/04/2015 09:40	113	118	104	83	79	497	5	0
11/04/2015 09:45	193	220	175	136	128	852	5	0
11/04/2015 09:50	169	189	154	121	113	746	5	0
11/04/2015 09:55	151	166	138	108	102	665	5	0
11/04/2015 10:00	155	172	142	111	105	685	5	0
11/04/2015 10:05	132	142	120	96	91	581	5	0
11/04/2015 10:10	159	176	145	113	107	700	5	0
11/04/2015 10:15	149	164	136	107	101	657	5	0
11/04/2015 10:20	155	171	141	112	105	684	5	0
11/04/2015 10:25	141	154	129	102	97	623	5	0
11/04/2015 10:30	151	167	138	109	103	668	5	0
11/04/2015 10:35	156	173	142	112	106	689	5	0
11/04/2015 10:40	156	173	143	112	105	689	5	0
11/04/2015 10:45	170	191	155	122	115	753	5	0
11/04/2015 10:50	159	176	145	113	107	700	5	0
11/04/2015 10:55	161	179	147	115	109	711	5	0
11/04/2015 11:00	149	164	136	107	101	657	5	0
11/04/2015 11:05	160	178	146	115	108	707	5	0
11/04/2015 11:10	147	162	135	106	100	650	5	0
11/04/2015 11:15	167	187	152	119	112	737	5	0
11/04/2015 11:20	163	182	149	116	109	719	5	0
11/04/2015 11:25	142	155	129	103	97	626	5	0
11/04/2015 11:30	151	167	138	108	102	666	5	0
11/04/2015 11:35	159	177	145	114	107	702	5	0
11/04/2015 11:40	162	181	148	116	109	716	5	0
11/04/2015 11:45	152	167	138	109	103	669	5	0
11/04/2015 11:50	170	190	155	121	114	750	5	0
11/04/2015 11:55	163	182	149	116	109	719	5	0
11/04/2015 12:00	157	174	143	112	106	692	5	0
11/04/2015 12:05	174	196	159	124	116	769	5	0
11/04/2015 12:10	172	193	157	123	116	761	5	0
11/04/2015 12:15	166	185	151	118	111	731	5	0
11/04/2015 12:20	171	192	156	121	114	754	5	0
11/04/2015 12:25	177	199	161	126	118	781	5	0
11/04/2015 12:30	177	199	161	126	118	781	5	0
11/04/2015 12:35	183	208	167	130	122	810	5	0
11/04/2015 12:40	191	217	173	135	127	843	5	0
11/04/2015 12:45	177	200	162	126	118	783	5	0
11/04/2015 12:50	169	189	154	120	113	745	5	0
11/04/2015 12:55	181	205	165	129	121	801	5	0
11/04/2015 13:00	180	203	164	128	120	795	5	0
11/04/2015 13:05	161	179	146	115	108	709	5	0
11/04/2015 13:10	177	199	161	126	119	782	5	0
11/04/2015 13:15	175	197	159	125	117	773	5	0
11/04/2015 13:20	175	197	159	125	117	773	5	0
11/04/2015 13:25	170	191	155	121	114	751	5	0
11/04/2015 13:30	162	181	148	116	109	716	5	0
11/04/2015 13:35	169	189	154	120	113	745	5	0
11/04/2015 13:40	177	200	162	126	118	783	5	0
11/04/2015 13:45	170	191	155	121	114	751	5	0
11/04/2015 13:50	165	184	150	118	111	728	5	0
11/04/2015 13:55	160	178	146	114	107	705	5	0
11/04/2015 14:00	178	201	162	126	119	786	5	0
11/04/2015 14:05	172	193	157	122	115	759	5	0
11/04/2015 14:10	180	203	164	127	120	794	5	0
11/04/2015 14:15	171	191	155	122	115	754	5	0
11/04/2015 14:20	180	203	163	128	120	794	5	0
11/04/2015 14:25	184	209	168	130	122	813	5	0
11/04/2015 14:30	168	188	153	120	113	742	5	0
11/04/2015 14:35	162	180	148	116	109	715	5	0
11/04/2015 14:40	178	201	162	126	119	786	5	0
11/04/2015 14:45	155	171	141	111	104	682	5	0
11/04/2015 14:50	146	161	134	105	99	645	5	0
11/04/2015 14:55	169	189	154	120	113	745	5	0
11/04/2015 15:00	161	179	147	115	108	710	5	0
11/04/2015 15:05	156	173	143	112	105	689	5	0
11/04/2015 15:10	159	177	145	114	107	702	5	0
11/04/2015 15:15	156	173	142	111	105	687	5	0
11/04/2015 15:20	157	175	144	113	106	695	5	0
11/04/2015 15:25	158	175	144	112	106	695	5	0
11/04/2015 15:30	164	183	149	117	110	723	5	0
11/04/2015 15:35	155	172	142	111	105	685	5	0
11/04/2015 15:40	166	186	152	118	112	734	5	0
11/04/2015 15:45	166	185	151	117	110	729	5	0
11/04/2015 15:50	173	194	158	123	116	764	5	0
11/04/2015 15:55	174	195	158	123	116	766	5	0
11/04/2015 16:00	178	201	162	126	119	786	5	0
11/04/2015 16:05	181	205	165	128	121	800	5	0
11/04/2015 16:10	175	197	160	124	117	773	5	0
11/04/2015 16:15	180	204	164	128	120	796	5	0
11/04/2015 16:20	168	188	153	119	112	740	5	0
11/04/2015 16:25	172	193	157	122	115	759	5	0
11/04/2015 16:30	166	185	151	118	111	731	5	0
11/04/2015 16:35	170	190	155	121	114	750	5	0
11/04/2015 16:40	160	178	146	114	108	706	5	0
11/04/2015 16:45	177	199	161	125	118	780	5	0
11/04/2015 16:50	170	191	155	121	114	751	5	0
11/04/2015 16:55	165	184	150	117	111	727	5	0
11/04/2015 17:00	162	180	147	115	108	712	5	0
11/04/2015 17:05	173	194	158	123	116	764	5	0
11/04/2015 17:10	186	211	170	132	124	823	5	0
11/04/2015 17:15	169	189	154	120	113	745	5	0
11/04/2015 17:20	175	196	159	124	117	771	5	0
11/04/2015 17:25	152	168	139	109	103	671	5	0
11/04/2015 17:30	172	194	157	122	115	760	5	0
11/04/2015 17:35	162	180	148	115	109	714	5	0
11/04/2015 17:40	167	187	153	119	112	738	5	0
11/04/2015 17:45	177	199	161	125	118	780	5	0
11/04/2015 17:50	170	191	155	121	114	751	5	0
11/04/2015 17:55	149	164	136	107	101	657	5	0
11/04/2015 18:00	172	193	157	122	115	759	5	0
11/04/2015 18:05	163	181	148	116	109	717	5	0
11/04/2015 18:10	171	192	156	122	114	755	5	0
11/04/2015 18:15	183	207	167	130	122	809	5	0
11/04/2015 18:20	159	176	145	113	107	700	5	0
11/04/2015 18:25	160	178	146	114	107	705	5	0
11/04/2015 18:30	171	192	156	122	115	756	5	0
11/04/2015 18:35	165	184	150	118	111	728	5	0
11/04/2015 18:40	156	173	142	111	105	687	5	0
11/04/2015 18:45	168	188	153	119	112	740	5	0
11/04/2015 18:50	164	183	149	117	110	723	5	0
11/04/2015 18:55	181	204	165	128	120	798	5	0
11/04/2015 19:00	164	183	149	116	110	722	5	0
11/04/2015 19:05	163	181	148	116	109	717	5	0
11/04/2015 19:10	164	183	150	117	110	724	5	0
11/04/2015 19:15	168	188	153	120	113	742	5	0
11/04/2015 19:20	170	191	155	121	114	751	5	0
11/04/2015 19:25	176	198	160	125	117	776	5	0
11/04/2015 19:30	176	198	160	125	117	776	5	0
11/04/2015 19:35	162	181	148	116	109	716	5	0
11/04/2015 19:40	168	188	153	120	113	742	5	0
11/04/2015 19:45	169	189	153	120	113	744	5	0
11/04/2015 19:50	167	187	152	120	113	739	5	0
11/04/2015 19:55	171	192	156	122	114	755	5	0
11/04/2015 20:00	169	189	154	120	113	745	5	0
11/04/2015 20:05	172	194	157	123	115	761	5	0
11/04/2015 20:10	181	204	164	128	121	798	5	0
11/04/2015 20:15	181	205	165	129	121	801	5	0
11/04/2015 20:20	186	211	169	131	123	820	5	0
11/04/2015 20:25	169	189	154	120	113	745	5	0
11/04/2015 20:30	171	192	156	122	115	756	5	0
11/04/2015 20:35	153	169	139	110	104	675	5	0
11/04/2015 20:40	156	173	142	112	106	689	5	0
11/04/2015 20:45	153	170	140	110	104	677	5	0
11/04/2015 20:50	134	145	122	96	91	588	5	0
11/04/2015 20:55	125	134	115	91	87	552	5	0
11/04/2015 21:00	139	151	127	101	95	613	5	0
11/04/2015 21:05	125	133	114	91	86	549	5	0
11/04/2015 21:10	136	147	124	99	94	600	5	0
11/04/2015 21:15	144	158	131	104	98	635	5	0
11/04/2015 21:20	125	134	114	92	87	552	5	0
11/04/2015 21:25	146	160	133	106	100	645	5	0
11/04/2015 21:30	135	146	123	98	93	595	5	0
11/04/2015 21:35	129	138	118	93	89	567	5	0
11/04/2015 21:40	126	135	115	92	87	555	5	0
11/04/2015 21:45	114	120	104	84	80	502	5	0
11/04/2015 21:50	129	138	118	93	89	567	5	0
11/04/2015 21:55	119	126	109	87	83	524	5	0
11/04/2015 22:00	133	144	121	97	91	586	5	0
11/04/2015 22:05	130	140	119	95	90	574	5	0
11/04/2015 22:10	132	142	120	96	91	581	5	0
11/04/2015 22:15	115	121	105	84	80	505	5	0
11/04/2015 22:20	122	130	112	90	85	539	5	0
11/04/2015 22:25	136	147	124	98	93	598	5	0
11/04/2015 22:30	112	117	102	83	79	493	5	0
11/04/2015 22:35	84	82	78	64	61	369	5	0
11/04/2015 22:40	81	78	75	62	60	356	5	0
11/04/2015 22:45	74	69	69	58	55	325	5	0
11/04/2015 22:50	92	92	85	69	66	404	5	0
11/04/2015 22:55	81	78	75	62	60	356	5	0
11/04/2015 23:00	85	82	78	64	62	371	5	0
11/04/2015 23:05	70	64	65	55	53	307	5	0
11/04/2015 23:10	81	78	75	63	60	357	5	0
11/04/2015 23:15	76	71	70	58	56	331	5	0
11/04/2015 23:20	78	74	72	60	58	342	5	0
11/04/2015 23:25	65	58	61	51	50	285	5	0
11/04/2015 23:30	64	56	60	51	49	280	5	0
11/04/2015 23:35	60	51	56	48	47	262	5	0
11/04/2015 23:40	53	42	50	44	43	232	5	0
11/04/2015 23:45	60	51	56	48	47	262	5	0
11/04/2015 23:50	45	32	42	38	37	194	5	0
11/04/2015 23:55	46	34	44	39	38	201	5	0
11/05/2015 00:00	46	34	44	39	38	201	5	0
11/05/2015 00:05	44	30	41	37	37	189	5	0
11/05/2015 00:10	50	38	47	41	41	217	5	0
11/05/2015 00:15	53	42	50	43	42	230	5	0
11/05/2015 00:20	40	26	38	35	35	174	5	0
11/05/2015 00:25	36	21	35	33	33	158	5	0
11/05/2015 00:30	25	22	25	25	26	123	5	0
11/05/2015 00:35	31	15	30	29	29	134	5	0
11/05/2015 00:40	36	20	34	32	32	154	5	0
11/05/2015 00:45	27	27	26	26	27	133	5	0
11/05/2015 00:50	26	24	25	25	26	126	5	0
11/05/2015 00:55	21	13	21	23	23	101	5	0
11/05/2015 01:00	27	20	27	27	27	128	5	0
11/05/2015 01:05	27	26	27	27	27	134	5	0
11/05/2015 01:10	22	16	22	23	24	107	5	0
11/05/2015 01:15	21	11	21	23	23	99	5	0
11/05/2015 01:20	30	29	29	28	29	145	5	0
11/05/2015 01:25	22	17	22	23	24	108	5	0
11/05/2015 01:30	17	4	18	20	21	80	5	0
11/05/2015 01:35	24	14	24	25	25	112	5	0
11/05/2015 01:40	17	4	17	20	21	79	5	0
11/05/2015 01:45	15	25	15	18	19	92	5	0
11/05/2015 01:50	14	3	15	18	19	69	5	0
11/05/2015 01:55	13	4	14	17	18	66	5	0
11/05/2015 02:00	19	11	19	21	22	92	5	0
11/05/2015 02:05	11	3	12	16	17	59	5	0
11/05/2015 02:10	22	16	22	23	24	107	5	0
11/05/2015 02:15	16	9	16	19	20	80	5	0
11/05/2015 02:20	15	6	16	19	20	76	5	0
11/05/2015 02:25	15	1	15	18	19	68	5	0
11/05/2015 02:30	15	6	16	19	20	76	5	0
11/05/2015 02:35	16	6	16	19	20	77	5	0
11/05/2015 02:40	17	7	18	20	21	83	5	0
11/05/2015 02:45	17	10	18	20	21	86	5	0
11/05/2015 02:50	16	3	16	19	20	74	5	0
11/05/2015 02:55	15	3	15	18	19	70	5	0
11/05/2015 03:00	14	6	14	17	19	70	5	0
11/05/2015 03:05	14	1	15	18	19	67	5	0
11/05/2015 03:10	12	1	13	16	18	60	5	0
11/05/2015 03:15	17	9	17	20	21	84	5	0
11/05/2015 03:20	16	10	17	19	20	82	5	0
11/05/2015 03:25	13	4	14	17	18	66	5	0
11/05/2015 03:30	17	6	17	20	21	81	5	0
11/05/2015 03:35	18	14	18	20	21	91	5	0
11/05/2015 03:40	10	21	11	15	17	74	5	0
11/05/2015 03:45	21	16	21	23	23	104	5	0
11/05/2015 03:50	20	14	20	22	23	99	5	0
11/05/2015 03:55	20	14	20	22	23	99	5	0
11/05/2015 04:00	18	10	18	20	21	87	5	0
11/05/2015 04:05	22	11	22	23	24	102	5	0
11/05/2015 04:10	18	13	18	20	21	90	5	0
11/05/2015 04:15	29	26	28	27	28	138	5	0
11/05/2015 04:20	33	17	32	30	30	142	5	0
11/05/2015 04:25	23	14	23	24	25	109	5	0
11/05/2015 04:30	46	33	43	39	38	199	5	0
11/05/2015 04:35	43	30	41	38	37	189	5	0
11/05/2015 04:40	47	35	45	40	39	206	5	0
11/05/2015 04:45	56	46	52	45	44	243	5	0
11/05/2015 04:50	55	45	52	45	44	241	5	0
11/05/2015 04:55	51	40	48	43	42	224	5	0
11/05/2015 05:00	59	50	55	48	47	259	5	0
11/05/2015 05:05	66	59	61	52	50	288	5	0
11/05/2015 05:10	62	54	58	49	48	271	5	0
11/05/2015 05:15	78	74	72	60	58	342	5	0
11/05/2015 05:20	82	79	76	62	60	359	5	0
11/05/2015 05:25	92	92	85	69	66	404	5	0
11/05/2015 05:30	111	115	101	82	78	487	5	0
11/05/2015 05:35	127	136	116	93	88	560	5	0
11/05/2015 05:40	130	140	119	94	89	572	5	0
11/05/2015 05:45	134	145	122	98	92	591	5	0
11/05/2015 05:50	122	129	111	89	85	536	5	0
11/05/2015 05:55	121	129	111	89	84	534	5	0
11/05/2015 06:00	117	124	107	87	82	517	5	0
11/05/2015 06:05	121	128	111	89	84	533	5	0
11/05/2015 06:10	145	158	132	104	98	637	5	0
11/05/2015 06:15	139	151	127	101	95	613	5	0
11/05/2015 06:20	147	161	134	106	100	648	5	0
11/05/2015 06:25	144	158	131	104	98	635	5	0
11/05/2015 06:30	130	140	119	95	90	574	5	0
11/05/2015 06:35	165	184	150	118	111	728	5	0
11/05/2015 06:40	157	174	143	112	106	692	5	0
11/05/2015 06:45	160	178	146	115	108	707	5	0
11/05/2015 06:50	159	176	145	113	107	700	5	0
11/05/2015 06:55	165	184	150	118	112	729	5	0
11/05/2015 07:00	162	180	147	116	109	714	5	0
11/05/2015 07:05	162	180	147	116	109	714	5	0
11/05/2015 07:10	184	209	168	131	123	815	5	0
11/05/2015 07:15	190	216	173	134	126	839	5	0
11/05/2015 07:20	201	229	182	142	133	887	5	0
11/05/2015 07:25	201	230	182	141	133	887	5	0
11/05/2015 07:30	198	226	180	140	131	875	5	0
11/05/2015 07:35	184	208	168	130	122	812	5	0
11/05/2015 07:40	197	225	179	139	131	871	5	0
11/05/2015 07:45	175	197	159	124	117	772	5	0
11/05/2015 07:50	185	210	169	131	123	818	5	0
11/05/2015 07:55	205	234	186	144	135	904	5	0
11/05/2015 08:00	183	208	167	130	122	810	5	0
11/05/2015 08:05	205	235	186	145	136	907	5	0
11/05/2015 08:10	198	226	180	140	131	875	5	0
11/05/2015 08:15	193	219	175	136	127	850	5	0
11/05/2015 08:20	206	236	187	145	136	910	5	0
11/05/2015 08:25	191	217	173	135	127	843	5	0
11/05/2015 08:30	190	215	172	134	126	837	5	0
11/05/2015 08:35	191	218	174	135	127	845	5	0
11/05/2015 08:40	186	210	169	132	124	821	5	0
11/05/2015 08:45	191	217	173	135	127	843	5	0
11/05/2015 08:50	169	189	154	121	113	746	5	0
11/05/2015 08:55	197	225	179	139	130	870	5	0
11/05/2015 09:00	180	203	163	127	120	793	5	0
11/05/2015 09:05	184	209	168	131	123	815	5	0
11/05/2015 09:10	178	201	162	127	119	787	5	0
11/05/2015 09:15	166	186	152	118	112	734	5	0
11/05/2015 09:20	184	209	168	130	122	813	5	0
11/05/2015 09:25	166	185	151	119	112	733	5	0
11/05/2015 09:30	154	171	141	111	105	682	5	0
11/05/2015 09:35	173	195	158	123	116	765	5	0
11/05/2015 09:40	168	188	153	120	113	742	5	0
11/05/2015 09:45	168	189	153	120	113	743	5	0
11/05/2015 09:50	161	179	147	115	108	710	5	0
11/05/2015 09:55	163	182	148	116	110	719	5	0
11/05/2015 10:00	157	174	143	112	106	692	5	0
11/05/2015 10:05	161	180	147	115	109	712	5	0
11/05/2015 10:10	157	175	144	113	106	695	5	0
11/05/2015 10:15	168	188	153	120	113	742	5	0
11/05/2015 10:20	159	177	145	114	108	703	5	0
11/05/2015 10:25	160	178	146	115	108	707	5	0
11/05/2015 10:30	161	179	146	115	109	710	5	0
11/05/2015 10:35	172	194	157	123	115	761	5	0
11/05/2015 10:40	172	194	157	123	115	761	5	0
11/05/2015 10:45	166	185	151	118	111	731	5	0
11/05/2015 10:50	159	176	145	113	107	700	5	0
11/05/2015 10:55	162	181	148	116	109	716	5	0
11/05/2015 11:00	154	170	140	111	105	680	5	0
11/05/2015 11:05	153	169	140	110	104	676	5	0
11/05/2015 11:10	161	179	146	115	108	709	5	0
11/05/2015 11:15	176	198	160	125	118	777	5	0
11/05/2015 11:20	155	172	142	111	105	685	5	0
11/05/2015 11:25	157	174	143	113	107	694	5	0
11/05/2015 11:30	161	179	147	115	109	711	5	0
11/05/2015 11:35	157	175	144	113	106	695	5	0
11/05/2015 11:40	175	197	160	124	117	773	5	0
11/05/2015 11:45	151	167	138	109	103	668	5	0
11/05/2015 11:50	168	188	153	120	113	742	5	0
11/05/2015 11:55	156	172	142	112	105	687	5	0
11/05/2015 12:00	161	179	147	116	109	712	5	0
11/05/2015 12:05	159	176	145	113	107	700	5	0
11/05/2015 12:10	163	182	149	117	110	721	5	0
11/05/2015 12:15	163	182	149	117	110	721	5	0
11/05/2015 12:20	170	191	155	121	114	751	5	0
11/05/2015 12:25	179	202	163	127	119	790	5	0
11/05/2015 12:30	159	176	145	113	107	700	5	0
11/05/2015 12:35	173	195	158	123	116	765	5	0
11/05/2015 12:40	181	205	165	128	120	799	5	0
11/05/2015 12:45	177	200	161	126	119	783	5	0
11/05/2015 12:50	167	187	152	120	113	739	5	0
11/05/2015 12:55	168	188	153	120	113	742	5	0
11/05/2015 13:00	172	193	156	123	115	759	5	0
11/05/2015 13:05	174	196	158	124	117	769	5	0
11/05/2015 13:10	171	192	156	122	115	756	5	0
11/05/2015 13:15	176	198	160	125	118	777	5	0
11/05/2015 13:20	164	182	149	117	110	722	5	0
11/05/2015 13:25	164	183	150	117	110	724	5	0
11/05/2015 13:30	179	201	163	127	119	789	5	0
11/05/2015 13:35	177	199	161	126	118	781	5	0
11/05/2015 13:40	179	202	163	127	119	790	5	0
11/05/2015 13:45	176	198	160	125	117	776	5	0
11/05/2015 13:50	178	201	162	127	119	787	5	0
11/05/2015 13:55	185	210	169	131	123	818	5	0
11/05/2015 14:00	185	210	168	131	123	817	5	0
11/05/2015 14:05	180	204	164	127	120	795	5	0
11/05/2015 14:10	172	193	157	123	116	761	5	0
11/05/2015 14:15	184	209	168	130	122	813	5	0
11/05/2015 14:20	182	206	166	129	121	804	5	0
11/05/2015 14:25	171	191	155	122	115	754	5	0
11/05/2015 14:30	181	204	164	128	121	798	5	0
11/05/2015 14:35	184	209	168	130	122	813	5	0
11/05/2015 14:40	179	202	163	126	119	789	5	0
11/05/2015 14:45	172	193	157	122	115	759	5	0
11/05/2015 14:50	159	177	145	114	107	702	5	0
11/05/2015 14:55	153	169	140	109	103	674	5	0
11/05/2015 15:00	165	185	151	118	111	730	5	0
11/05/2015 15:05	158	176	144	113	106	697	5	0
11/05/2015 15:10	159	177	145	114	107	702	5	0
11/05/2015 15:15	153	169	140	109	103	674	5	0
11/05/2015 15:20	164	182	149	117	110	722	5	0
11/05/2015 15:25	149	163	136	107	101	656	5	0
11/05/2015 15:30	162	180	147	115	108	712	5	0
11/05/2015 15:35	161	180	147	115	108	711	5	0
11/05/2015 15:40	159	176	145	113	106	699	5	0
11/05/2015 15:45	155	171	141	111	104	682	5	0
11/05/2015 15:50	142	156	130	103	97	628	5	0
11/05/2015 15:55	164	183	150	117	110	724	5	0
11/05/2015 16:00	159	177	145	114	107	702	5	0
11/05/2015 16:05	156	173	142	111	105	687	5	0
11/05/2015 16:10	173	195	158	123	115	764	5	0
11/05/2015 16:15	163	182	149	116	109	719	5	0
11/05/2015 16:20	167	187	152	119	112	737	5	0
11/05/2015 16:25	173	194	157	122	115	761	5	0
11/05/2015 16:30	165	184	150	117	110	726	5	0
11/05/2015 16:35	170	191	155	121	114	751	5	0
11/05/2015 16:40	171	192	156	121	114	754	5	0
11/05/2015 16:45	169	190	154	120	113	746	5	0
11/05/2015 16:50	163	182	148	116	110	719	5	0
11/05/2015 16:55	175	197	159	124	117	772	5	0
11/05/2015 17:00	162	180	148	116	109	715	5	0
11/05/2015 17:05	182	206	166	129	121	804	5	0
11/05/2015 17:10	184	208	167	130	122	811	5	0
11/05/2015 17:15	165	185	151	117	111	729	5	0
11/05/2015 17:20	170	191	155	121	114	751	5	0
11/05/2015 17:25	169	189	154	120	113	745	5	0
11/05/2015 17:30	161	180	147	115	108	711	5	0
11/05/2015 17:35	165	185	151	118	111	730	5	0
11/05/2015 17:40	165	185	151	118	111	730	5	0
11/05/2015 17:45	161	180	147	115	109	712	5	0
11/05/2015 17:50	149	163	136	107	101	656	5	0
11/05/2015 17:55	164	183	149	116	110	722	5	0
11/05/2015 18:00	161	180	147	115	109	712	5	0
11/05/2015 18:05	160	178	146	114	108	706	5	0
11/05/2015 18:10	161	180	147	115	108	711	5	0
11/05/2015 18:15	168	188	153	120	113	742	5	0
11/05/2015 18:20	162	180	148	116	109	715	5	0
11/05/2015 18:25	160	178	146	114	108	706	5	0
11/05/2015 18:30	166	185	151	118	111	731	5	0
11/05/2015 18:35	137	149	125	100	94	605	5	0
11/05/2015 18:40	147	161	134	106	100	648	5	0
11/05/2015 18:45	149	163	136	107	101	656	5	0
11/05/2015 18:50	155	172	142	111	105	685	5	0
11/05/2015 18:55	174	196	159	124	116	769	5	0
11/05/2015 19:00	158	175	144	113	106	696	5	0
11/05/2015 19:05	170	191	155	121	114	751	5	0
11/05/2015 19:10	166	185	151	118	111	731	5	0
11/05/2015 19:15	163	182	149	116	110	720	5	0
11/05/2015 19:20	140	152	127	101	96	616	5	0
11/05/2015 19:25	165	185	151	118	111	730	5	0
11/05/2015 19:30	170	191	155	121	114	751	5	0
11/05/2015 19:35	154	171	141	110	104	680	5	0
11/05/2015 19:40	167	187	153	119	112	738	5	0
11/05/2015 19:45	168	188	153	119	112	740	5	0
11/05/2015 19:50	164	183	150	117	110	724	5	0
11/05/2015 19:55	150	165	137	107	101	660	5	0
11/05/2015 20:00	149	164	136	107	101	657	5	0
11/05/2015 20:05	163	181	148	116	109	717	5	0
11/05/2015 20:10	163	182	149	117	110	721	5	0
11/05/2015 20:15	177	200	162	126	118	783	5	0
11/05/2015 20:20	169	189	154	120	113	745	5	0
11/05/2015 20:25	180	203	163	128	120	794	5	0
11/05/2015 20:30	168	189	153	120	113	743	5	0
11/05/2015 20:35	158	175	144	113	107	697	5	0
11/05/2015 20:40	161	180	147	115	108	711	5	0
11/05/2015 20:45	157	175	143	113	106	694	5	0
11/05/2015 20:50	146	161	134	105	99	645	5	0
11/05/2015 20:55	164	183	149	118	111	725	5	0
11/05/2015 21:00	167	187	152	119	112	737	5	0
11/05/2015 21:05	165	184	150	117	111	727	5	0
11/05/2015 21:10	155	172	141	111	105	684	5	0
11/05/2015 21:15	140	152	127	101	96	616	5	0
11/05/2015 21:20	129	139	118	94	89	569	5	0
11/05/2015 21:25	132	143	121	96	91	583	5	0
11/05/2015 21:30	154	170	140	111	104	679	5	0
11/05/2015 21:35	138	150	126	100	95	609	5	0
11/05/2015 21:40	147	162	134	106	100	649	5	0
11/05/2015 21:45	144	158	131	104	98	635	5	0
11/05/2015 21:50	133	144	122	97	92	588	5	0
11/05/2015 21:55	139	151	127	100	95	612	5	0
11/05/2015 22:00	131	141	119	95	90	576	5	0
11/05/2015 22:05	131	141	120	96	91	579	5	0
11/05/2015 22:10	139	151	127	101	95	613	5	0
11/05/2015 22:15	128	137	117	93	88	563	5	0
11/05/2015 22:20	127	136	116	93	88	560	5	0
11/05/2015 22:25	117	124	108	86	82	517	5	0
11/05/2015 22:30	133	143	121	97	92	586	5	0
11/05/2015 22:35	110	115	101	81	77	484	5	0
11/05/2015 22:40	102	105	94	77	73	451	5	0
11/05/2015 22:45	97	98	89	72	69	425	5	0
11/05/2015 22:50	96	96	88	72	69	421	5	0
11/05/2015 22:55	89	88	82	68	65	392	5	0
11/05/2015 23:00	88	87	82	67	64	388	5	0
11/05/2015 23:05	78	74	72	60	58	342	5	0
11/05/2015 23:10	98	100	91	74	70	433	5	0
11/05/2015 23:15	86	85	80	65	63	379	5	0
11/05/2015 23:20	85	83	79	65	62	374	5	0
11/05/2015 23:25	85	83	79	65	62	374	5	0
11/05/2015 23:30	71	65	66	55	53	310	5	0
11/05/2015 23:35	62	54	58	50	48	272	5	0
11/05/2015 23:40	69	63	64	54	52	302	5	0
11/05/2015 23:45	72	66	67	56	54	315	5	0
11/05/2015 23:50	61	52	57	48	47	265	5	0
11/05/2015 23:55	50	39	47	42	41	219	5	0
11/06/2015 00:00	41	27	39	36	36	179	5	0
11/06/2015 00:05	52	41	49	43	42	227	5	0
11/06/2015 00:10	56	47	53	46	44	246	5	0
11/06/2015 00:15	52	41	49	43	42	227	5	0
11/06/2015 00:20	50	39	47	42	41	219	5	0
11/06/2015 00:25	42	28	40	36	36	182	5	0
11/06/2015 00:30	42	28	40	36	36	182	5	0
11/06/2015 00:35	32	16	31	30	30	139	5	0
11/06/2015 00:40	38	23	36	34	34	165	5	0
11/06/2015 00:45	43	30	41	37	36	187	5	0
11/06/2015 00:50	37	22	35	33	33	160	5	0
11/06/2015 00:55	25	16	24	25	25	115	5	0
11/06/2015 01:00	29	12	28	28	28	125	5	0
11/06/2015 01:05	33	18	32	31	31	145	5	0
11/06/2015 01:10	34	18	32	31	31	146	5	0
11/06/2015 01:15	30	30	29	28	28	145	5	0
11/06/2015 01:20	26	19	26	26	26	123	5	0
11/06/2015 01:25	26	22	25	25	26	124	5	0
11/06/2015 01:30	25	22	24	25	25	121	5	0
11/06/2015 01:35	18	10	18	20	21	87	5	0
11/06/2015 01:40	31	14	30	29	29	133	5	0
11/06/2015 01:45	31	30	30	29	29	149	5	0
11/06/2015 01:50	20	10	20	22	23	95	5	0
11/06/2015 01:55	28	11	28	27	28	122	5	0
11/06/2015 02:00	24	20	23	24	25	116	5	0
11/06/2015 02:05	16	11	17	19	20	83	5	0
11/06/2015 02:10	25	24	25	25	26	125	5	0
11/06/2015 02:15	35	20	34	32	32	153	5	0
11/06/2015 02:20	26	22	25	25	26	124	5	0
11/06/2015 02:25	21	17	21	22	23	104	5	0
11/06/2015 02:30	19	13	19	21	22	94	5	0
11/06/2015 02:35	23	16	23	24	24	110	5	0
11/06/2015 02:40	22	14	22	23	24	105	5	0
11/06/2015 02:45	22	19	22	23	24	110	5	0
11/06/2015 02:50	13	3	14	17	18	65	5	0
11/06/2015 02:55	13	3	14	17	19	66	5	0
11/06/2015 03:00	13	4	14	17	19	67	5	0
11/06/2015 03:05	16	9	16	19	20	80	5	0
11/06/2015 03:10	18	10	19	21	22	90	5	0
11/06/2015 03:15	18	7	18	20	21	84	5	0
11/06/2015 03:20	16	10	17	19	20	82	5	0
11/06/2015 03:25	19	14	19	21	22	95	5	0
11/06/2015 03:30	15	3	16	19	20	73	5	0
11/06/2015 03:35	19	14	19	21	22	95	5	0
11/06/2015 03:40	20	22	20	22	22	106	5	0
11/06/2015 03:45	16	6	17	19	20	78	5	0
11/06/2015 03:50	20	7	20	22	22	91	5	0
11/06/2015 03:55	21	11	21	22	23	98	5	0
11/06/2015 04:00	13	24	14	17	18	86	5	0
11/06/2015 04:05	22	16	22	23	24	107	5	0
11/06/2015 04:10	30	29	29	28	28	144	5	0
11/06/2015 04:15	31	30	30	29	29	149	5	0
11/06/2015 04:20	30	13	29	29	29	130	5	0
11/06/2015 04:25	21	6	21	22	23	93	5	0
11/06/2015 04:30	37	22	35	33	33	160	5	0
11/06/2015 04:35	46	33	43	39	38	199	5	0
11/06/2015 04:40	48	36	45	40	40	209	5	0
11/06/2015 04:45	52	41	49	43	42	227	5	0
11/06/2015 04:50	55	44	51	45	44	239	5	0
11/06/2015 04:55	45	32	42	38	37	194	5	0
11/06/2015 05:00	47	34	44	39	39	203	5	0
11/06/2015 05:05	53	42	50	43	42	230	5	0
11/06/2015 05:10	72	66	67	56	54	315	5	0
11/06/2015 05:15	80	76	74	61	59	350	5	0
11/06/2015 05:20	80	76	74	61	59	350	5	0
11/06/2015 05:25	93	93	85	70	67	408	5	0
11/06/2015 05:30	125	133	114	91	86	549	5	0
11/06/2015 05:35	106	109	97	79	75	466	5	0
11/06/2015 05:40	135	146	123	98	92	594	5	0
11/06/2015 05:45	123	131	112	90	85	541	5	0
11/06/2015 05:50	109	113	100	81	77	480	5	0
11/06/2015 05:55	109	113	100	81	77	480	5	0
11/06/2015 06:00	93	93	86	70	67	409	5	0
11/06/2015 06:05	96	97	88	72	69	422	5	0
11/06/2015 06:10	145	159	132	105	99	640	5	0
11/06/2015 06:15	129	139	118	94	89	569	5	0
11/06/2015 06:20	123	132	113	90	86	544	5	0
11/06/2015 06:25	129	139	118	94	89	569	5	0
11/06/2015 06:30	127	136	116	93	88	560	5	0
11/06/2015 06:35	146	160	133	105	99	643	5	0
11/06/2015 06:40	128	137	117	93	88	563	5	0
11/06/2015 06:45	134	145	122	98	92	591	5	0
11/06/2015 06:50	157	175	144	113	106	695	5	0
11/06/2015 06:55	149	164	136	107	101	657	5	0
11/06/2015 07:00	168	188	153	119	112	740	5	0
11/06/2015 07:05	147	161	134	106	100	648	5	0
11/06/2015 07:10	166	186	151	119	112	734	5	0
11/06/2015 07:15	176	198	160	125	117	776	5	0
11/06/2015 07:20	184	208	167	131	123	813	5	0
11/06/2015 07:25	200	228	182	141	132	883	5	0
11/06/2015 07:30	186	210	169	132	124	821	5	0
11/06/2015 07:35	180	203	164	128	120	795	5	0
11/06/2015 07:40	187	212	170	133	125	827	5	0
11/06/2015 07:45	156	173	142	112	106	689	5	0
11/06/2015 07:50	177	200	161	126	119	783	5	0
11/06/2015 07:55	187	212	170	132	124	825	5	0
11/06/2015 08:00	181	204	164	129	121	799	5	0
11/06/2015 08:05	194	221	176	137	129	857	5	0
11/06/2015 08:10	184	208	167	130	122	811	5	0
11/06/2015 08:15	179	202	163	127	119	790	5	0
11/06/2015 08:20	195	222	177	138	129	861	5	0
11/06/2015 08:25	194	221	176	136	128	855	5	0
11/06/2015 08:30	191	217	173	135	127	843	5	0
11/06/2015 08:35	179	202	163	127	119	790	5	0
11/06/2015 08:40	173	194	157	122	115	761	5	0
11/06/2015 08:45	185	210	168	131	123	817	5	0
11/06/2015 08:50	169	190	154	120	113	746	5	0
11/06/2015 08:55	165	184	150	118	111	728	5	0
11/06/2015 09:00	176	199	160	125	118	778	5	0
11/06/2015 09:05	152	168	139	110	103	672	5	0
11/06/2015 09:10	167	186	152	119	112	736	5	0
11/06/2015 09:15	185	210	168	131	123	817	5	0
11/06/2015 09:20	184	209	168	131	123	815	5	0
11/06/2015 09:25	160	178	146	115	108	707	5	0
11/06/2015 09:30	176	199	161	125	118	779	5	0
11/06/2015 09:35	160	178	146	114	107	705	5	0
11/06/2015 09:40	173	195	158	123	116	765	5	0
11/06/2015 09:45	159	177	145	114	107	702	5	0
11/06/2015 09:50	153	168	139	109	103	672	5	0
11/06/2015 09:55	166	185	151	118	111	731	5	0
11/06/2015 10:00	169	189	154	120	113	745	5	0
11/06/2015 10:05	155	171	141	111	104	682	5	0
11/06/2015 10:10	158	176	144	114	107	699	5	0
11/06/2015 10:15	162	180	147	116	109	714	5	0
11/06/2015 10:20	152	168	138	109	103	670	5	0
11/06/2015 10:25	155	172	142	111	105	685	5	0
11/06/2015 10:30	173	195	158	124	116	766	5	0
11/06/2015 10:35	159	176	145	113	107	700	5	0
11/06/2015 10:40	160	178	146	115	108	707	5	0
11/06/2015 10:45	175	197	159	125	117	773	5	0
11/06/2015 10:50	163	182	148	117	110	720	5	0
11/06/2015 10:55	164	183	149	117	110	723	5	0
11/06/2015 11:00	135	146	123	98	92	594	5	0
11/06/2015 11:05	166	185	151	118	111	731	5	0
11/06/2015 11:10	167	186	152	119	112	736	5	0
11/06/2015 11:15	176	198	160	125	117	776	5	0
11/06/2015 11:20	156	172	142	112	106	688	5	0
11/06/2015 11:25	158	176	144	114	107	699	5	0
11/06/2015 11:30	147	162	135	106	100	650	5	0
11/06/2015 11:35	163	182	149	117	110	721	5	0
11/06/2015 11:40	172	194	157	123	115	761	5	0
11/06/2015 11:45	150	165	136	108	102	661	5	0
11/06/2015 11:50	175	196	159	124	117	771	5	0
11/06/2015 11:55	162	180	147	116	109	714	5	0
11/06/2015 12:00	174	196	158	124	117	769	5	0
11/06/2015 12:05	174	196	159	124	116	769	5	0
11/06/2015 12:10	179	202	163	127	119	790	5	0
11/06/2015 12:15	175	197	160	124	117	773	5	0
11/06/2015 12:20	173	194	157	123	116	763	5	0
11/06/2015 12:25	176	198	160	125	117	776	5	0
11/06/2015 12:30	180	204	164	128	120	796	5	0
11/06/2015 12:35	174	196	159	123	116	768	5	0
11/06/2015 12:40	164	183	150	117	110	724	5	0
11/06/2015 12:45	169	189	154	120	113	745	5	0
11/06/2015 12:50	167	187	152	120	113	739	5	0
11/06/2015 12:55	175	196	159	124	117	771	5	0
11/06/2015 13:00	171	191	155	122	114	753	5	0
11/06/2015 13:05	182	205	165	129	121	802	5	0
11/06/2015 13:10	173	195	158	124	116	766	5	0
11/06/2015 13:15	167	186	152	119	112	736	5	0
11/06/2015 13:20	192	219	175	136	128	850	5	0
11/06/2015 13:25	179	202	163	127	119	790	5	0
11/06/2015 13:30	178	201	162	126	119	786	5	0
11/06/2015 13:35	170	191	155	121	114	751	5	0
11/06/2015 13:40	169	189	154	120	113	745	5	0
11/06/2015 13:45	177	199	161	125	118	780	5	0
11/06/2015 13:50	171	192	155	122	114	754	5	0
11/06/2015 13:55	170	191	155	121	114	751	5	0
11/06/2015 14:00	163	182	149	116	109	719	5	0
11/06/2015 14:05	160	178	146	115	108	707	5	0
11/06/2015 14:10	161	180	147	115	109	712	5	0
11/06/2015 14:15	165	184	150	117	111	727	5	0
11/06/2015 14:20	161	179	146	115	108	709	5	0
11/06/2015 14:25	161	180	147	115	108	711	5	0
11/06/2015 14:30	159	176	145	113	107	700	5	0
11/06/2015 14:35	164	183	150	117	110	724	5	0
11/06/2015 14:40	164	182	149	117	110	722	5	0
11/06/2015 14:45	154	171	141	110	104	680	5	0
11/06/2015 14:50	152	168	139	109	103	671	5	0
11/06/2015 14:55	157	175	144	113	106	695	5	0
11/06/2015 15:00	151	166	138	108	102	665	5	0
11/06/2015 15:05	155	171	141	111	104	682	5	0
11/06/2015 15:10	169	190	154	120	113	746	5	0
11/06/2015 15:15	172	193	157	122	115	759	5	0
11/06/2015 15:20	148	163	135	106	100	652	5	0
11/06/2015 15:25	156	173	142	111	105	687	5	0
11/06/2015 15:30	158	175	144	113	107	697	5	0
11/06/2015 15:35	154	171	141	110	104	680	5	0
11/06/2015 15:40	156	173	143	112	105	689	5	0
11/06/2015 15:45	159	176	145	113	107	700	5	0
11/06/2015 15:50	162	181	148	115	108	714	5	0
11/06/2015 15:55	160	178	146	114	107	705	5	0
11/06/2015 16:00	167	186	152	118	111	734	5	0
11/06/2015 16:05	166	186	152	118	112	734	5	0
11/06/2015 16:10	160	178	146	114	108	706	5	0
11/06/2015 16:15	164	183	149	116	110	722	5	0
11/06/2015 16:20	166	186	152	118	111	733	5	0
11/06/2015 16:25	161	179	147	115	108	710	5	0
11/06/2015 16:30	176	198	160	125	117	776	5	0
11/06/2015 16:35	174	196	159	123	116	768	5	0
11/06/2015 16:40	162	181	148	116	109	716	5	0
11/06/2015 16:45	166	185	151	118	111	731	5	0
11/06/2015 16:50	168	188	153	119	113	741	5	0
11/06/2015 16:55	173	195	158	123	115	764	5	0
11/06/2015 17:00	176	198	160	125	117	776	5	0
11/06/2015 17:05	177	199	161	126	118	781	5	0
11/06/2015 17:10	166	186	152	118	112	734	5	0
11/06/2015 17:15	169	189	154	120	113	745	5	0
11/06/2015 17:20	174	196	159	124	116	769	5	0
11/06/2015 17:25	157	175	144	113	106	695	5	0
11/06/2015 17:30	169	189	154	121	114	747	5	0
11/06/2015 17:35	162	181	148	116	109	716	5	0
11/06/2015 17:40	171	192	156	121	114	754	5	0
11/06/2015 17:45	174	196	159	124	116	769	5	0
11/06/2015 17:50	167	187	152	119	112	737	5	0
11/06/2015 17:55	175	196	159	124	117	771	5	0
11/06/2015 18:00	176	199	161	125	118	779	5	0
11/06/2015 18:05	166	186	152	119	112	735	5	0
11/06/2015 18:10	176	198	160	125	117	776	5	0
11/06/2015 18:15	161	179	147	115	108	710	5	0
11/06/2015 18:20	174	195	158	123	116	766	5	0
11/06/2015 18:25	169	189	154	120	113	745	5	0
11/06/2015 18:30	176	198	160	125	118	777	5	0
11/06/2015 18:35	148	163	135	107	101	654	5	0
11/06/2015 18:40	167	187	152	119	112	737	5	0
11/06/2015 18:45	173	195	158	123	115	764	5	0
11/06/2015 18:50	173	194	157	123	116	763	5	0
11/06/2015 18:55	175	197	159	125	117	773	5	0
11/06/2015 19:00	166	185	151	118	111	731	5	0
11/06/2015 19:05	155	171	141	111	104	682	5	0
11/06/2015 19:10	173	194	158	123	116	764	5	0
11/06/2015 19:15	159	177	145	114	108	703	5	0
11/06/2015 19:20	162	181	148	116	109	716	5	0
11/06/2015 19:25	176	199	160	125	118	778	5	0
11/06/2015 19:30	136	147	124	98	93	598	5	0
11/06/2015 19:35	157	174	143	113	106	693	5	0
11/06/2015 19:40	158	176	144	114	107	699	5	0
11/06/2015 19:45	153	169	140	110	104	676	5	0
11/06/2015 19:50	163	182	149	116	109	719	5	0
11/06/2015 19:55	158	176	144	114	107	699	5	0
11/06/2015 20:00	171	192	156	122	115	756	5	0
11/06/2015 20:05	171	192	156	122	115	756	5	0
11/06/2015 20:10	172	194	157	123	115	761	5	0
11/06/2015 20:15	161	179	147	116	109	712	5	0
11/06/2015 20:20	152	168	139	110	103	672	5	0
11/06/2015 20:25	166	185	151	118	111	731	5	0
11/06/2015 20:30	165	184	150	118	111	728	5	0
11/06/2015 20:35	171	191	155	122	115	754	5	0
11/06/2015 20:40	146	160	133	105	99	643	5	0
11/06/2015 20:45	139	151	127	101	95	613	5	0
11/06/2015 20:50	165	184	150	118	111	728	5	0
11/06/2015 20:55	133	144	122	97	92	588	5	0
11/06/2015 21:00	139	151	127	100	95	612	5	0
11/06/2015 21:05	142	155	129	103	97	626	5	0
11/06/2015 21:10	145	159	132	105	99	640	5	0
11/06/2015 21:15	153	168	139	109	103	672	5	0
11/06/2015 21:20	139	151	127	101	95	613	5	0
11/06/2015 21:25	119	126	109	87	83	524	5	0
11/06/2015 21:30	140	152	127	101	96	616	5	0
11/06/2015 21:35	132	142	121	96	91	582	5	0
11/06/2015 21:40	130	140	119	95	90	574	5	0
11/06/2015 21:45	151	167	138	109	103	668	5	0
11/06/2015 21:50	131	141	119	95	90	576	5	0
11/06/2015 21:55	119	126	109	88	83	525	5	0
11/06/2015 22:00	141	153	129	102	96	621	5	0
11/06/2015 22:05	127	137	117	93	88	562	5	0
11/06/2015 22:10	138	150	126	100	95	609	5	0
11/06/2015 22:15	149	165	136	108	102	660	5	0
11/06/2015 22:20	125	134	115	91	87	552	5	0
11/06/2015 22:25	112	118	103	83	79	495	5	0
11/06/2015 22:30	118	125	109	87	83	522	5	0
11/06/2015 22:35	113	119	104	84	80	500	5	0
11/06/2015 22:40	133	143	121	96	91	584	5	0
11/06/2015 22:45	111	116	102	82	78	489	5	0
11/06/2015 22:50	125	134	115	91	86	551	5	0
11/06/2015 22:55	111	115	102	82	78	488	5	0
11/06/2015 23:00	102	104	94	76	72	448	5	0
11/06/2015 23:05	103	106	95	77	73	454	5	0
11/06/2015 23:10	115	121	105	84	80	505	5	0
11/06/2015 23:15	110	114	101	81	77	483	5	0
11/06/2015 23:20	110	114	101	81	77	483	5	0
11/06/2015 23:25	99	101	91	74	71	436	5	0
11/06/2015 23:30	102	104	94	76	72	448	5	0
11/06/2015 23:35	97	99	90	73	70	429	5	0
11/06/2015 23:40	95	96	88	71	68	418	5	0
11/06/2015 23:45	94	94	86	70	67	411	5	0
11/06/2015 23:50	75	70	69	58	56	328	5	0
11/06/2015 23:55	82	79	76	62	60	359	5	0
11/07/2015 00:00	80	76	74	61	59	350	5	0
11/07/2015 00:05	76	72	71	59	57	335	5	0
11/07/2015 00:10	69	62	64	54	52	301	5	0
11/07/2015 00:15	64	56	59	50	49	278	5	0
11/07/2015 00:20	71	65	66	55	54	311	5	0
11/07/2015 00:25	62	54	58	50	48	272	5	0
11/07/2015 00:30	52	42	49	43	42	228	5	0
11/07/2015 00:35	56	46	53	46	45	246	5	0
11/07/2015 00:40	59	50	55	47	46	257	5	0
11/07/2015 00:45	58	49	54	47	46	254	5	0
11/07/2015 00:50	50	39	47	41	41	218	5	0
11/07/2015 00:55	46	34	44	39	39	202	5	0
11/07/2015 01:00	43	29	40	36	36	184	5	0
11/07/2015 01:05	56	46	53	46	45	246	5	0
11/07/2015 01:10	47	35	45	40	39	206	5	0
11/07/2015 01:15	50	39	47	42	41	219	5	0
11/07/2015 01:20	40	26	38	35	35	174	5	0
11/07/2015 01:25	39	25	37	34	34	169	5	0
11/07/2015 01:30	36	20	34	32	32	154	5	0
11/07/2015 01:35	42	28	40	36	36	182	5	0
11/07/2015 01:40	43	30	41	37	36	187	5	0
11/07/2015 01:45	38	23	36	33	33	163	5	0
11/07/2015 01:50	39	25	37	34	34	169	5	0
11/07/2015 01:55	29	24	28	27	28	136	5	0
11/07/2015 02:00	46	33	43	39	38	199	5	0
11/07/2015 02:05	38	23	36	33	33	163	5	0
11/07/2015 02:10	45	32	42	38	38	195	5	0
11/07/2015 02:15	56	46	52	45	44	243	5	0
11/07/2015 02:20	40	25	38	35	34	172	5	0
11/07/2015 02:25	41	27	39	35	35	177	5	0
11/07/2015 02:30	37	22	35	33	33	160	5	0
11/07/2015 02:35	36	21	35	32	32	156	5	0
11/07/2015 02:40	29	30	28	27	28	142	5	0
11/07/2015 02:45	31	33	30	29	29	152	5	0
11/07/2015 02:50	26	20	25	26	26	123	5	0
11/07/2015 02:55	34	36	32	30	31	163	5	0
11/07/2015 03:00	28	23	28	27	28	134	5	0
11/07/2015 03:05	26	24	26	26	26	128	5	0
11/07/2015 03:10	27	20	27	27	27	128	5	0
11/07/2015 03:15	28	27	27	27	27	136	5	0
11/07/2015 03:20	24	20	24	24	25	117	5	0
11/07/2015 03:25	21	17	21	22	23	104	5	0
11/07/2015 03:30	19	9	19	21	22	90	5	0
11/07/2015 03:35	24	24	24	24	25	121	5	0
11/07/2015 03:40	14	1	15	18	19	67	5	0
11/07/2015 03:45	17	7	18	20	21	83	5	0
11/07/2015 03:50	25	24	25	25	26	125	5	0
11/07/2015 03:55	19	7	19	21	22	88	5	0
11/07/2015 04:00	16	9	16	19	20	80	5	0
11/07/2015 04:05	9	20	10	15	16	70	5	0
11/07/2015 04:10	12	23	13	17	18	83	5	0
11/07/2015 04:15	22	13	22	23	24	104	5	0
11/07/2015 04:20	27	20	26	26	27	126	5	0
11/07/2015 04:25	28	11	28	27	28	122	5	0
11/07/2015 04:30	26	23	26	26	26	127	5	0
11/07/2015 04:35	22	14	22	23	24	105	5	0
11/07/2015 04:40	26	23	26	26	26	127	5	0
11/07/2015 04:45	28	29	27	27	27	138	5	0
11/07/2015 04:50	27	22	26	26	27	128	5	0
11/07/2015 04:55	25	17	25	25	26	118	5	0
11/07/2015 05:00	25	16	24	25	25	115	5	0
11/07/2015 05:05	32	16	31	30	30	139	5	0
11/07/2015 05:10	40	26	38	35	35	174	5	0
11/07/2015 05:15	39	25	37	34	34	169	5	0
11/07/2015 05:20	37	22	35	33	33	160	5	0
11/07/2015 05:25	38	24	37	34	34	167	5	0
11/07/2015 05:30	47	35	45	40	39	206	5	0
11/07/2015 05:35	55	45	52	45	44	241	5	0
11/07/2015 05:40	52	41	49	43	42	227	5	0
11/07/2015 05:45	57	47	53	46	45	248	5	0
11/07/2015 05:50	56	46	52	45	44	243	5	0
11/07/2015 05:55	51	40	48	42	42	223	5	0
11/07/2015 06:00	53	42	50	43	42	230	5	0
11/07/2015 06:05	62	54	58	49	48	271	5	0
11/07/2015 06:10	68	61	63	53	52	297	5	0
11/07/2015 06:15	71	65	66	55	53	310	5	0
11/07/2015 06:20	82	80	76	63	61	362	5	0
11/07/2015 06:25	77	73	71	59	57	337	5	0
11/07/2015 06:30	81	78	75	62	60	356	5	0
11/07/2015 06:35	80	76	74	61	59	350	5	0
11/07/2015 06:40	82	79	76	63	60	360	5	0
11/07/2015 06:45	94	94	87	71	68	414	5	0
11/07/2015 06:50	97	98	89	73	69	426	5	0
11/07/2015 06:55	90	89	82	68	65	394	5	0
11/07/2015 07:00	97	98	89	73	69	426	5	0
11/07/2015 07:05	102	105	94	76	73	450	5	0
11/07/2015 07:10	122	130	112	90	85	539	5	0
11/07/2015 07:15	122	130	112	89	85	538	5	0
11/07/2015 07:20	116	122	106	86	81	511	5	0
11/07/2015 07:25	124	132	113	90	85	544	5	0
11/07/2015 07:30	138	150	126	100	94	608	5	0
11/07/2015 07:35	129	138	118	94	89	568	5	0
11/07/2015 07:40	134	145	123	98	93	593	5	0
11/07/2015 07:45	135	146	123	98	93	595	5	0
11/07/2015 07:50	137	149	125	99	94	604	5	0
11/07/2015 07:55	113	119	104	84	80	500	5	0
11/07/2015 08:00	137	149	125	100	94	605	5	0
11/07/2015 08:05	149	165	136	108	102	660	5	0
11/07/2015 08:10	137	149	125	99	94	604	5	0
11/07/2015 08:15	135	146	124	98	93	596	5	0
11/07/2015 08:20	145	159	132	105	99	640	5	0
11/07/2015 08:25	140	152	128	102	96	618	5	0
11/07/2015 08:30	135	146	123	98	92	594	5	0
11/07/2015 08:35	169	190	154	121	114	748	5	0
11/07/2015 08:40	151	167	138	109	103	668	5	0
11/07/2015 08:45	162	180	147	116	109	714	5	0
11/07/2015 08:50	164	183	150	117	110	724	5	0
11/07/2015 08:55	150	166	137	108	102	663	5	0
11/07/2015 09:00	149	164	136	107	101	657	5	0
11/07/2015 09:05	138	151	126	100	95	610	5	0
11/07/2015 09:10	153	169	139	110	104	675	5	0
11/07/2015 09:15	160	178	146	115	108	707	5	0
11/07/2015 09:20	182	205	165	129	121	802	5	0
11/07/2015 09:25	170	191	155	121	114	751	5	0
11/07/2015 09:30	177	200	162	126	118	783	5	0
11/07/2015 09:35	172	194	157	122	115	760	5	0
11/07/2015 09:40	169	189	154	120	113	745	5	0
11/07/2015 09:45	170	191	155	121	114	751	5	0
11/07/2015 09:50	182	206	165	129	121	803	5	0
11/07/2015 09:55	176	198	160	125	118	777	5	0
11/07/2015 10:00	170	190	154	121	114	749	5	0
11/07/2015 10:05	169	189	154	121	113	746	5	0
11/07/2015 10:10	188	213	171	133	125	830	5	0
11/07/2015 10:15	180	203	164	127	119	793	5	0
11/07/2015 10:20	176	198	160	125	117	776	5	0
11/07/2015 10:25	170	191	155	122	114	752	5	0
11/07/2015 10:30	187	212	170	132	124	825	5	0
11/07/2015 10:35	168	188	153	119	113	741	5	0
11/07/2015 10:40	180	203	164	127	120	794	5	0
11/07/2015 10:45	174	195	158	124	117	768	5	0
11/07/2015 10:50	179	201	162	127	119	788	5	0
11/07/2015 10:55	173	194	157	123	116	763	5	0
11/07/2015 11:00	179	201	162	127	119	788	5	0
11/07/2015 11:05	174	196	158	124	117	769	5	0
11/07/2015 11:10	164	182	149	117	110	722	5	0
11/07/2015 11:15	170	190	154	121	114	749	5	0
11/07/2015 11:20	150	166	137	108	102	663	5	0
11/07/2015 11:25	153	169	140	110	103	675	5	0
11/07/2015 11:30	185	210	169	131	123	818	5	0
11/07/2015 11:35	176	199	161	125	118	779	5	0
11/07/2015 11:40	173	195	158	123	115	764	5	0
11/07/2015 11:45	158	176	144	113	106	697	5	0
11/07/2015 11:50	174	196	159	123	116	768	5	0
11/07/2015 11:55	194	220	176	137	128	855	5	0
11/07/2015 12:00	175	197	159	125	117	773	5	0
11/07/2015 12:05	181	204	165	128	120	798	5	0
11/07/2015 12:10	185	210	169	132	124	820	5	0
11/07/2015 12:15	173	195	158	123	115	764	5	0
11/07/2015 12:20	177	199	161	125	118	780	5	0
11/07/2015 12:25	173	195	158	123	115	764	5	0
11/07/2015 12:30	158	175	144	113	107	697	5	0
11/07/2015 12:35	165	185	151	118	111	730	5	0
11/07/2015 12:40	170	190	155	121	114	750	5	0
11/07/2015 12:45	152	168	139	110	104	673	5	0
11/07/2015 12:50	186	211	169	131	123	820	5	0
11/07/2015 12:55	172	193	156	122	115	758	5	0
11/07/2015 13:00	169	189	154	120	113	745	5	0
11/07/2015 13:05	214	247	195	149	139	944	5	0
11/07/2015 13:10	186	211	170	130	122	819	5	0
11/07/2015 13:15	151	166	137	108	102	664	5	0
11/07/2015 13:20	173	194	157	122	115	761	5	0
11/07/2015 13:25	190	215	172	134	126	837	5	0
11/07/2015 13:30	99	108	96	89	57	449	5	0
11/07/2015 13:35	187	213	171	132	124	827	5	0
11/07/2015 13:40	100	109	96	89	57	451	5	0
11/07/2015 13:45	180	204	164	127	120	795	5	0
11/07/2015 13:50	99	108	95	88	57	447	5	0
11/07/2015 13:55	181	204	164	127	120	796	5	0
11/07/2015 14:00	188	213	171	132	124	828	5	0
11/07/2015 14:05	98	107	95	88	56	444	5	0
11/07/2015 14:10	145	159	132	104	98	638	5	0
11/07/2015 14:15	180	203	164	128	120	795	5	0
11/07/2015 14:20	100	109	96	89	57	451	5	0
11/07/2015 14:25	183	207	167	129	122	808	5	0
11/07/2015 14:30	177	200	161	126	119	783	5	0
11/07/2015 14:35	178	200	162	126	118	784	5	0
11/07/2015 14:40	175	197	159	124	117	772	5	0
11/07/2015 14:45	163	181	148	116	109	717	5	0
11/07/2015 14:50	169	190	154	120	113	746	5	0
11/07/2015 14:55	162	180	147	115	108	712	5	0
11/07/2015 15:00	171	192	156	121	114	754	5	0
11/07/2015 15:05	170	191	155	121	114	751	5	0
11/07/2015 15:10	176	198	160	125	117	776	5	0
11/07/2015 15:15	174	196	159	123	116	768	5	0
11/07/2015 15:20	172	193	157	122	115	759	5	0
11/07/2015 15:25	173	194	157	123	116	763	5	0
11/07/2015 15:30	172	194	157	123	115	761	5	0
11/07/2015 15:35	177	199	161	125	118	780	5	0
11/07/2015 15:40	172	193	157	122	115	759	5	0
11/07/2015 15:45	173	194	157	122	115	761	5	0
11/07/2015 15:50	175	197	160	124	117	773	5	0
11/07/2015 15:55	163	182	149	117	110	721	5	0
11/07/2015 16:00	167	187	152	119	112	737	5	0
11/07/2015 16:05	162	180	148	116	109	715	5	0
11/07/2015 16:10	172	193	157	122	114	758	5	0
11/07/2015 16:15	174	195	158	123	116	766	5	0
11/07/2015 16:20	165	185	151	118	111	730	5	0
11/07/2015 16:25	169	189	154	120	113	745	5	0
11/07/2015 16:30	168	188	153	119	112	740	5	0
11/07/2015 16:35	172	193	156	122	115	758	5	0
11/07/2015 16:40	171	192	156	122	115	756	5	0
11/07/2015 16:45	167	187	152	119	112	737	5	0
11/07/2015 16:50	165	185	151	118	111	730	5	0
11/07/2015 16:55	174	196	159	124	116	769	5	0
11/07/2015 17:00	165	184	150	117	110	726	5	0
11/07/2015 17:05	175	197	160	124	117	773	5	0
11/07/2015 17:10	177	200	162	126	118	783	5	0
11/07/2015 17:15	163	182	148	117	110	720	5	0
11/07/2015 17:20	161	179	147	115	108	710	5	0
11/07/2015 17:25	160	178	146	114	108	706	5	0
11/07/2015 17:30	164	183	149	117	110	723	5	0
11/07/2015 17:35	157	174	143	112	106	692	5	0
11/07/2015 17:40	163	182	149	116	110	720	5	0
11/07/2015 17:45	176	199	161	125	117	778	5	0
11/07/2015 17:50	169	189	154	120	113	745	5	0
11/07/2015 17:55	165	184	150	117	111	727	5	0
11/07/2015 18:00	157	174	143	113	106	693	5	0
11/07/2015 18:05	167	187	153	119	112	738	5	0
11/07/2015 18:10	161	179	147	115	108	710	5	0
11/07/2015 18:15	173	194	158	123	116	764	5	0
11/07/2015 18:20	173	195	158	124	117	767	5	0
11/07/2015 18:25	167	187	152	119	112	737	5	0
11/07/2015 18:30	162	180	148	115	109	714	5	0
11/07/2015 18:35	164	183	150	117	110	724	5	0
11/07/2015 18:40	147	161	134	106	100	648	5	0
11/07/2015 18:45	157	174	143	112	106	692	5	0
11/07/2015 18:50	155	172	142	111	105	685	5	0
11/07/2015 18:55	163	182	149	116	110	720	5	0
11/07/2015 19:00	161	180	147	115	108	711	5	0
11/07/2015 19:05	173	195	158	123	116	765	5	0
11/07/2015 19:10	165	184	150	118	111	728	5	0
11/07/2015 19:15	172	193	157	122	115	759	5	0
11/07/2015 19:20	167	187	152	119	112	737	5	0
11/07/2015 19:25	163	182	149	116	109	719	5	0
11/07/2015 19:30	147	161	134	106	100	648	5	0
11/07/2015 19:35	144	157	131	103	98	633	5	0
11/07/2015 19:40	148	163	135	107	101	654	5	0
11/07/2015 19:45	142	155	129	103	97	626	5	0
11/07/2015 19:50	149	165	136	108	102	660	5	0
11/07/2015 19:55	136	148	124	99	94	601	5	0
11/07/2015 20:00	151	166	138	108	102	665	5	0
11/07/2015 20:05	138	150	126	100	95	609	5	0
11/07/2015 20:10	149	164	136	107	101	657	5	0
11/07/2015 20:15	160	178	146	114	108	706	5	0
11/07/2015 20:20	117	124	108	86	82	517	5	0
11/07/2015 20:25	130	140	119	94	89	572	5	0
11/07/2015 20:30	119	126	109	87	82	523	5	0
11/07/2015 20:35	135	146	123	98	92	594	5	0
11/07/2015 20:40	109	113	100	80	76	478	5	0
11/07/2015 20:45	126	135	115	92	87	555	5	0
11/07/2015 20:50	108	112	99	80	76	475	5	0
11/07/2015 20:55	115	121	105	84	80	505	5	0
11/07/2015 21:00	131	141	120	95	90	577	5	0
11/07/2015 21:05	119	126	109	88	83	525	5	0
11/07/2015 21:10	117	124	108	86	82	517	5	0
11/07/2015 21:15	125	134	115	91	87	552	5	0
11/07/2015 21:20	136	147	124	98	93	598	5	0
11/07/2015 21:25	109	113	100	81	77	480	5	0
11/07/2015 21:30	122	130	112	89	85	538	5	0
11/07/2015 21:35	106	110	98	79	75	468	5	0
11/07/2015 21:40	125	133	114	91	86	549	5	0
11/07/2015 21:45	99	101	91	74	71	436	5	0
11/07/2015 21:50	121	128	111	88	84	532	5	0
11/07/2015 21:55	130	140	119	95	90	574	5	0
11/07/2015 22:00	130	140	119	95	90	574	5	0
11/07/2015 22:05	118	125	108	87	82	520	5	0
11/07/2015 22:10	131	141	120	95	90	577	5	0
11/07/2015 22:15	134	145	123	97	92	591	5	0
11/07/2015 22:20	112	118	103	83	79	495	5	0
11/07/2015 22:25	127	137	117	93	88	562	5	0
11/07/2015 22:30	117	123	107	85	81	513	5	0
11/07/2015 22:35	120	127	110	88	84	529	5	0
11/07/2015 22:40	109	113	100	81	77	480	5	0
11/07/2015 22:45	104	107	95	77	73	456	5	0
11/07/2015 22:50	115	121	105	84	80	505	5	0
11/07/2015 22:55	119	125	109	87	82	522	5	0
11/07/2015 23:00	118	125	108	87	83	521	5	0
11/07/2015 23:05	110	115	101	81	77	484	5	0
11/07/2015 23:10	113	118	104	83	79	497	5	0
11/07/2015 23:15	124	132	114	91	86	547	5	0
11/07/2015 23:20	122	130	112	89	84	537	5	0
11/07/2015 23:25	90	89	83	68	65	395	5	0
11/07/2015 23:30	113	118	104	83	79	497	5	0
11/07/2015 23:35	99	101	91	74	71	436	5	0
11/07/2015 23:40	111	116	102	82	78	489	5	0
11/07/2015 23:45	103	106	95	77	73	454	5	0
11/07/2015 23:50	101	104	93	75	72	445	5	0
11/07/2015 23:55	93	93	86	70	67	409	5	0
11/08/2015 00:00	84	82	78	64	61	369	5	0
11/08/2015 00:05	80	77	74	61	59	351	5	0
11/08/2015 00:10	94	94	86	70	67	411	5	0
11/08/2015 00:15	86	84	79	65	62	376	5	0
11/08/2015 00:20	75	70	69	58	56	328	5	0
11/08/2015 00:25	85	83	78	64	62	372	5	0
11/08/2015 00:30	78	74	72	60	58	342	5	0
11/08/2015 00:35	75	71	70	58	56	330	5	0
11/08/2015 00:40	72	66	67	56	54	315	5	0
11/08/2015 00:45	70	63	65	54	53	305	5	0
11/08/2015 00:50	61	52	57	49	47	266	5	0
11/08/2015 00:55	57	47	53	46	45	248	5	0
11/08/2015 01:00	63	55	59	50	48	275	5	0
11/08/2015 01:05	55	45	52	45	44	241	5	0
11/08/2015 01:10	56	47	53	46	45	247	5	0
11/08/2015 01:15	45	32	43	38	38	196	5	0
11/08/2015 01:20	51	40	48	42	42	223	5	0
11/08/2015 01:25	41	27	39	36	35	178	5	0
11/08/2015 01:30	45	32	42	38	37	194	5	0
11/08/2015 01:35	44	31	42	38	37	192	5	0
11/08/2015 01:40	47	34	44	40	39	204	5	0
11/08/2015 01:45	38	23	36	34	34	165	5	0
11/08/2015 01:50	52	41	49	43	42	227	5	0
11/08/2015 01:55	52	42	49	43	42	228	5	0
11/08/2015 02:00	40	26	38	35	35	174	5	0
11/08/2015 02:05	42	29	40	36	36	183	5	0
11/08/2015 02:10	36	21	35	32	32	156	5	0
11/08/2015 02:15	47	35	45	40	39	206	5	0
11/08/2015 02:20	37	23	36	33	33	162	5	0
11/08/2015 02:25	43	30	41	37	36	187	5	0
11/08/2015 02:30	40	25	38	35	34	172	5	0
11/08/2015 02:35	31	14	30	29	29	133	5	0
11/08/2015 02:40	17	3	17	20	21	78	5	0
11/08/2015 02:45	43	29	41	37	37	187	5	0
11/08/2015 02:50	46	34	44	39	38	201	5	0
11/08/2015 02:55	26	8	26	26	26	112	5	0
11/08/2015 03:00	30	13	29	28	28	128	5	0
11/08/2015 03:05	29	12	28	28	28	125	5	0
11/08/2015 03:10	33	17	31	31	31	143	5	0
11/08/2015 03:15	37	22	36	33	33	161	5	0
11/08/2015 03:20	35	19	33	31	31	149	5	0
11/08/2015 03:25	28	10	27	27	28	120	5	0
11/08/2015 03:30	26	24	25	25	26	126	5	0
11/08/2015 03:35	22	13	22	23	24	104	5	0
11/08/2015 03:40	18	7	18	20	21	84	5	0
11/08/2015 03:45	19	6	20	22	22	89	5	0
11/08/2015 03:50	28	10	27	27	28	120	5	0
11/08/2015 03:55	14	25	15	18	20	92	5	0
11/08/2015 04:00	15	4	15	18	19	71	5	0
11/08/2015 04:05	15	25	16	19	20	95	5	0
11/08/2015 04:10	21	14	21	23	23	102	5	0
11/08/2015 04:15	23	17	23	24	24	111	5	0
11/08/2015 04:20	21	9	21	22	23	96	5	0
11/08/2015 04:25	25	17	24	25	25	116	5	0
11/08/2015 04:30	21	14	21	22	23	101	5	0
11/08/2015 04:35	17	6	17	20	21	81	5	0
11/08/2015 04:40	18	10	18	20	21	87	5	0
11/08/2015 04:45	20	14	20	22	23	99	5	0
11/08/2015 04:50	22	19	22	23	24	110	5	0
11/08/2015 04:55	21	14	21	23	23	102	5	0
11/08/2015 05:00	20	17	20	22	23	102	5	0
11/08/2015 05:05	15	1	15	18	19	68	5	0
11/08/2015 05:10	21	13	21	22	23	100	5	0
11/08/2015 05:15	27	22	27	27	27	130	5	0
11/08/2015 05:20	29	12	28	28	28	125	5	0
11/08/2015 05:25	30	30	29	28	28	145	5	0
11/08/2015 05:30	26	22	26	26	26	126	5	0
11/08/2015 05:35	34	18	32	31	31	146	5	0
11/08/2015 05:40	42	29	40	36	36	183	5	0
11/08/2015 05:45	35	20	34	32	32	153	5	0
11/08/2015 05:50	29	24	28	28	28	137	5	0
11/08/2015 05:55	29	12	28	28	28	125	5	0
11/08/2015 06:00	42	29	40	37	36	184	5	0
11/08/2015 06:05	45	32	42	38	37	194	5	0
11/08/2015 06:10	45	32	42	38	37	194	5	0
11/08/2015 06:15	43	30	41	37	36	187	5	0
11/08/2015 06:20	55	44	51	45	44	239	5	0
11/08/2015 06:25	44	31	42	38	37	192	5	0
11/08/2015 06:30	57	48	54	47	45	251	5	0
11/08/2015 06:35	56	47	53	46	45	247	5	0
11/08/2015 06:40	61	53	57	49	48	268	5	0
11/08/2015 06:45	61	53	57	49	48	268	5	0
11/08/2015 06:50	59	50	55	47	46	257	5	0
11/08/2015 06:55	63	56	59	51	49	278	5	0
11/08/2015 07:00	62	54	58	49	48	271	5	0
11/08/2015 07:05	63	55	59	50	49	276	5	0
11/08/2015 07:10	84	81	77	64	61	367	5	0
11/08/2015 07:15	78	74	72	60	57	341	5	0
11/08/2015 07:20	74	68	68	57	55	322	5	0
11/08/2015 07:25	75	70	70	58	56	329	5	0
11/08/2015 07:30	92	92	85	70	67	406	5	0
11/08/2015 07:35	88	87	81	67	64	387	5	0
11/08/2015 07:40	89	87	82	67	64	389	5	0
11/08/2015 07:45	92	92	85	69	66	404	5	0
11/08/2015 07:50	94	94	87	71	68	414	5	0
11/08/2015 07:55	86	84	79	66	63	378	5	0
11/08/2015 08:00	94	94	86	70	67	411	5	0
11/08/2015 08:05	100	101	92	74	71	438	5	0
11/08/2015 08:10	88	87	81	67	64	387	5	0
11/08/2015 08:15	93	94	86	70	67	410	5	0
11/08/2015 08:20	106	109	97	78	75	465	5	0
11/08/2015 08:25	106	109	97	78	74	464	5	0
11/08/2015 08:30	105	108	96	78	74	461	5	0
11/08/2015 08:35	111	116	102	82	78	489	5	0
11/08/2015 08:40	109	113	100	80	76	478	5	0
11/08/2015 08:45	122	130	112	89	85	538	5	0
11/08/2015 08:50	111	116	102	82	78	489	5	0
11/08/2015 08:55	111	116	102	82	78	489	5	0
11/08/2015 09:00	106	109	97	78	75	465	5	0
11/08/2015 09:05	114	119	104	84	79	500	5	0
11/08/2015 09:10	141	153	128	102	96	620	5	0
11/08/2015 09:15	126	135	115	92	87	555	5	0
11/08/2015 09:20	135	147	124	98	93	597	5	0
11/08/2015 09:25	141	154	129	102	96	622	5	0
11/08/2015 09:30	153	169	140	110	104	676	5	0
11/08/2015 09:35	152	168	139	109	103	671	5	0
11/08/2015 09:40	140	153	128	101	96	618	5	0
11/08/2015 09:45	154	170	141	110	104	679	5	0
11/08/2015 09:50	148	163	135	107	101	654	5	0
11/08/2015 09:55	141	154	129	102	97	623	5	0
11/08/2015 10:00	124	133	114	90	86	547	5	0
11/08/2015 10:05	136	148	125	99	93	601	5	0
11/08/2015 10:10	151	167	138	108	102	666	5	0
11/08/2015 10:15	166	185	151	118	111	731	5	0
11/08/2015 10:20	157	174	143	112	106	692	5	0
11/08/2015 10:25	157	175	144	113	106	695	5	0
11/08/2015 10:30	153	170	140	110	104	677	5	0
11/08/2015 10:35	166	185	151	118	111	731	5	0
11/08/2015 10:40	171	192	156	122	115	756	5	0
11/08/2015 10:45	157	174	143	112	106	692	5	0
11/08/2015 10:50	171	192	156	121	114	754	5	0
11/08/2015 10:55	156	173	142	111	105	687	5	0
11/08/2015 11:00	151	166	137	109	103	666	5	0
11/08/2015 11:05	177	199	161	126	118	781	5	0
11/08/2015 11:10	169	189	154	120	113	745	5	0
11/08/2015 11:15	168	189	153	120	113	743	5	0
11/08/2015 11:20	156	173	143	112	106	690	5	0
11/08/2015 11:25	174	196	159	124	116	769	5	0
11/08/2015 11:30	165	184	150	117	110	726	5	0
11/08/2015 11:35	165	185	151	117	111	729	5	0
11/08/2015 11:40	152	168	139	109	103	671	5	0
11/08/2015 11:45	158	175	144	113	107	697	5	0
11/08/2015 11:50	166	185	151	118	111	731	5	0
11/08/2015 11:55	170	190	155	121	114	750	5	0
11/08/2015 12:00	172	193	156	123	115	759	5	0
11/08/2015 12:05	152	168	139	109	103	671	5	0
11/08/2015 12:10	166	185	151	118	112	732	5	0
11/08/2015 12:15	146	161	134	105	99	645	5	0
11/08/2015 12:20	144	157	131	104	98	634	5	0
11/08/2015 12:25	162	180	147	115	108	712	5	0
11/08/2015 12:30	160	178	146	114	108	706	5	0
11/08/2015 12:35	153	169	139	109	103	673	5	0
11/08/2015 12:40	136	147	124	98	93	598	5	0
11/08/2015 12:45	149	164	136	107	101	657	5	0
11/08/2015 12:50	147	161	134	105	100	647	5	0
11/08/2015 12:55	97	98	89	72	69	425	5	0
11/08/2015 13:00	143	157	131	103	97	631	5	0
11/08/2015 13:05	166	186	151	118	111	732	5	0
11/08/2015 13:10	168	188	153	120	113	742	5	0
11/08/2015 13:15	178	200	162	125	118	783	5	0
11/08/2015 13:20	177	200	162	126	118	783	5	0
11/08/2015 13:25	155	172	142	111	105	685	5	0
11/08/2015 13:30	145	159	132	104	98	638	5	0
11/08/2015 13:35	169	190	154	120	113	746	5	0
11/08/2015 13:40	147	161	134	106	100	648	5	0
11/08/2015 13:45	154	170	141	110	104	679	5	0
11/08/2015 13:50	161	179	147	115	108	710	5	0
11/08/2015 13:55	163	181	148	116	109	717	5	0
11/08/2015 14:00	157	174	143	111	105	690	5	0
11/08/2015 14:05	167	186	152	119	112	736	5	0
11/08/2015 14:10	166	185	151	118	112	732	5	0
11/08/2015 14:15	164	182	149	117	110	722	5	0
11/08/2015 14:20	169	189	154	120	113	745	5	0
11/08/2015 14:25	181	205	165	129	121	801	5	0
11/08/2015 14:30	158	175	144	112	106	695	5	0
11/08/2015 14:35	166	185	151	118	111	731	5	0
11/08/2015 14:40	171	192	156	122	114	755	5	0
11/08/2015 14:45	167	187	153	119	112	738	5	0
11/08/2015 14:50	159	177	145	114	107	702	5	0
11/08/2015 14:55	179	202	163	127	119	790	5	0
11/08/2015 15:00	164	183	150	117	110	724	5	0
11/08/2015 15:05	165	184	150	118	111	728	5	0
11/08/2015 15:10	175	197	160	124	117	773	5	0
11/08/2015 15:15	165	184	150	118	111	728	5	0
11/08/2015 15:20	176	198	160	124	117	775	5	0
11/08/2015 15:25	170	191	155	121	114	751	5	0
11/08/2015 15:30	154	170	140	110	104	678	5	0
11/08/2015 15:35	166	185	151	119	112	733	5	0
11/08/2015 15:40	161	180	147	115	108	711	5	0
11/08/2015 15:45	175	197	159	124	117	772	5	0
11/08/2015 15:50	180	204	164	128	120	796	5	0
11/08/2015 15:55	161	180	147	115	109	712	5	0
11/08/2015 16:00	170	191	155	121	114	751	5	0
11/08/2015 16:05	165	184	150	117	110	726	5	0
11/08/2015 16:10	172	193	157	122	115	759	5	0
11/08/2015 16:15	168	187	153	119	112	739	5	0
11/08/2015 16:20	171	192	156	121	114	754	5	0
11/08/2015 16:25	175	197	159	124	116	771	5	0
11/08/2015 16:30	168	188	153	119	112	740	5	0
11/08/2015 16:35	169	189	154	121	114	747	5	0
11/08/2015 16:40	166	186	151	119	112	734	5	0
11/08/2015 16:45	165	184	150	117	110	726	5	0
11/08/2015 16:50	163	182	148	116	110	719	5	0
11/08/2015 16:55	161	179	147	115	108	710	5	0
11/08/2015 17:00	172	193	157	122	115	759	5	0
11/08/2015 17:05	174	195	158	123	116	766	5	0
11/08/2015 17:10	164	183	149	117	111	724	5	0
11/08/2015 17:15	169	189	154	121	114	747	5	0
11/08/2015 17:20	164	183	150	117	110	724	5	0
11/08/2015 17:25	162	181	148	116	109	716	5	0
11/08/2015 17:30	155	172	142	111	105	685	5	0
11/08/2015 17:35	156	173	142	111	105	687	5	0
11/08/2015 17:40	151	167	138	109	102	667	5	0
11/08/2015 17:45	160	178	146	114	108	706	5	0
11/08/2015 17:50	148	163	135	106	100	652	5	0
11/08/2015 17:55	175	197	159	125	117	773	5	0
11/08/2015 18:00	154	170	140	110	104	678	5	0
11/08/2015 18:05	164	183	150	117	110	724	5	0
11/08/2015 18:10	150	165	137	107	101	660	5	0
11/08/2015 18:15	166	185	151	118	111	731	5	0
11/08/2015 18:20	158	175	144	113	107	697	5	0
11/08/2015 18:25	167	187	152	119	112	737	5	0
11/08/2015 18:30	160	178	146	115	108	707	5	0
11/08/2015 18:35	147	162	135	106	100	650	5	0
11/08/2015 18:40	163	182	149	116	109	719	5	0
11/08/2015 18:45	145	159	133	105	99	641	5	0
11/08/2015 18:50	147	162	135	106	100	650	5	0
11/08/2015 18:55	156	173	143	112	106	690	5	0
11/08/2015 19:00	134	145	123	97	92	591	5	0
11/08/2015 19:05	155	171	141	111	104	682	5	0
11/08/2015 19:10	145	158	132	104	99	638	5	0
11/08/2015 19:15	147	162	135	106	100	650	5	0
11/08/2015 19:20	153	169	140	110	103	675	5	0
11/08/2015 19:25	154	170	140	110	104	678	5	0
11/08/2015 19:30	149	164	136	107	101	657	5	0
11/08/2015 19:35	141	154	129	101	96	621	5	0
11/08/2015 19:40	146	160	133	105	100	644	5	0
11/08/2015 19:45	150	165	137	108	102	662	5	0
11/08/2015 19:50	147	161	134	106	100	648	5	0
11/08/2015 19:55	147	161	134	106	100	648	5	0
11/08/2015 20:00	148	163	135	106	100	652	5	0
11/08/2015 20:05	140	153	128	101	96	618	5	0
11/08/2015 20:10	153	168	139	109	103	672	5	0
11/08/2015 20:15	147	161	134	105	100	647	5	0
11/08/2015 20:20	145	159	132	105	99	640	5	0
11/08/2015 20:25	141	154	129	102	97	623	5	0
11/08/2015 20:30	133	144	122	97	92	588	5	0
11/08/2015 20:35	135	146	123	98	92	594	5	0
11/08/2015 20:40	127	136	116	93	88	560	5	0
11/08/2015 20:45	132	143	121	96	91	583	5	0
11/08/2015 20:50	124	132	113	91	86	546	5	0
11/08/2015 20:55	121	129	111	89	84	534	5	0
11/08/2015 21:00	118	125	108	87	82	520	5	0
11/08/2015 21:05	143	157	131	104	98	633	5	0
11/08/2015 21:10	127	137	116	93	88	561	5	0
11/08/2015 21:15	134	145	122	97	92	590	5	0
11/08/2015 21:20	132	142	120	96	91	581	5	0
11/08/2015 21:25	126	134	115	92	87	554	5	0
11/08/2015 21:30	105	108	96	78	74	461	5	0
11/08/2015 21:35	121	128	111	88	84	532	5	0
11/08/2015 21:40	119	126	109	87	83	524	5	0
11/08/2015 21:45	110	115	101	81	78	485	5	0
11/08/2015 21:50	119	126	109	87	83	524	5	0
11/08/2015 21:55	108	113	100	80	77	478	5	0
11/08/2015 22:00	113	118	103	84	79	497	5	0
11/08/2015 22:05	110	115	101	81	77	484	5	0
11/08/2015 22:10	95	95	87	71	68	416	5	0
11/08/2015 22:15	105	108	97	78	74	462	5	0
11/08/2015 22:20	98	99	90	73	70	430	5	0
11/08/2015 22:25	108	113	100	80	77	478	5	0
11/08/2015 22:30	93	93	86	70	67	409	5	0
11/08/2015 22:35	96	97	89	72	69	423	5	0
11/08/2015 22:40	78	75	73	61	58	345	5	0
11/08/2015 22:45	92	92	85	70	67	406	5	0
11/08/2015 22:50	85	82	78	64	62	371	5	0
11/08/2015 22:55	76	72	70	59	57	334	5	0
11/08/2015 23:00	67	60	62	53	51	293	5	0
11/08/2015 23:05	89	88	82	67	65	391	5	0
11/08/2015 23:10	67	61	63	53	51	295	5	0
11/08/2015 23:15	82	79	76	63	60	360	5	0
11/08/2015 23:20	58	48	54	47	46	253	5	0
11/08/2015 23:25	59	50	55	47	46	257	5	0
11/08/2015 23:30	65	57	60	51	50	283	5	0
11/08/2015 23:35	53	43	50	44	43	233	5	0
11/08/2015 23:40	59	50	55	48	46	258	5	0
11/08/2015 23:45	51	40	48	42	41	222	5	0
11/08/2015 23:50	55	44	51	45	44	239	5	0
11/08/2015 23:55	41	27	39	36	35	178	5	0
