5 Minutes	Lane 1 Flow (Veh/5 Minutes)	Lane 2 Flow (Veh/5 Minutes)	Lane 3 Flow (Veh/5 Minutes)	Lane 4 Flow (Veh/5 Minutes)	Lane 5 Flow (Veh/5 Minutes)	Flow (Veh/5 Minutes)	# Lane Points	% Observed
11/02/2015 00:00	44	33	44	43	28	192	5	80
11/02/2015 00:05	30	38	46	43	36	193	5	80
11/02/2015 00:10	42	29	48	37	46	202	5	80
11/02/2015 00:15	49	32	50	34	36	201	5	80
11/02/2015 00:20	39	25	42	25	29	160	5	80
11/02/2015 00:25	28	23	37	23	21	132	5	80
11/02/2015 00:30	35	27	41	40	32	175	5	80
11/02/2015 00:35	39	33	42	29	29	172	5	80
11/02/2015 00:40	37	19	43	28	28	155	5	80
11/02/2015 00:45	29	20	35	21	17	122	5	80
11/02/2015 00:50	27	21	36	26	24	134	5	80
11/02/2015 00:55	27	20	37	24	21	129	5	80
11/02/2015 01:00	22	23	36	23	22	126	5	80
11/02/2015 01:05	20	12	30	16	13	91	5	80
11/02/2015 01:10	16	21	28	21	7	93	5	80
11/02/2015 01:15	21	15	32	18	18	104	5	80
11/02/2015 01:20	21	22	32	21	14	110	5	80
11/02/2015 01:25	15	6	28	20	15	84	5	80
11/02/2015 01:30	12	12	30	15	14	83	5	80
11/02/2015 01:35	23	12	30	16	13	94	5	80
11/02/2015 01:40	20	16	28	14	12	90	5	80
11/02/2015 01:45	22	17	31	16	17	103	5	80
11/02/2015 01:50	16	9	29	16	15	85	5	80
11/02/2015 01:55	10	13	26	11	10	70	5	80
11/02/2015 02:00	18	8	26	12	11	75	5	80
11/02/2015 02:05	20	13	29	19	9	90	5	80
11/02/2015 02:10	12	4	25	12	8	61	5	80
11/02/2015 02:15	16	13	31	18	21	99	5	80
11/02/2015 02:20	19	13	29	13	16	90	5	80
11/02/2015 02:25	14	11	29	13	14	81	5	80
11/02/2015 02:30	16	12	29	14	17	88	5	80
11/02/2015 02:35	12	7	27	13	11	70	5	80
11/02/2015 02:40	12	5	27	17	13	74	5	80
11/02/2015 02:45	9	9	28	14	9	69	5	80
11/02/2015 02:50	13	9	26	11	13	72	5	80
11/02/2015 02:55	15	8	28	10	17	78	5	80
11/02/2015 03:00	13	6	29	17	18	83	5	80
11/02/2015 03:05	19	12	28	17	12	88	5	80
11/02/2015 03:10	9	10	30	16	12	77	5	80
11/02/2015 03:15	25	19	32	17	14	107	5	80
11/02/2015 03:20	27	9	31	18	22	107	5	80
11/02/2015 03:25	19	7	29	17	11	83	5	80
11/02/2015 03:30	16	8	30	20	15	89	5	80
11/02/2015 03:35	23	13	31	9	19	95	5	80
11/02/2015 03:40	25	15	37	18	21	116	5	80
11/02/2015 03:45	22	19	35	20	18	114	5	80
11/02/2015 03:50	24	18	33	14	14	103	5	80
11/02/2015 03:55	23	25	36	23	22	129	5	80
11/02/2015 04:00	24	21	31	17	11	104	5	80
11/02/2015 04:05	24	28	37	22	14	125	5	80
11/02/2015 04:10	31	23	37	29	25	145	5	80
11/02/2015 04:15	40	31	42	37	17	167	5	80
11/02/2015 04:20	35	33	38	26	24	156	5	80
11/02/2015 04:25	28	24	43	33	30	158	5	80
11/02/2015 04:30	42	38	45	35	30	190	5	80
11/02/2015 04:35	46	48	49	39	27	209	5	80
11/02/2015 04:40	58	61	57	46	37	259	5	80
11/02/2015 04:45	53	57	56	52	30	248	5	80
11/02/2015 04:50	67	55	57	48	28	255	5	80
11/02/2015 04:55	70	70	57	45	37	279	5	80
11/02/2015 05:00	58	51	55	48	31	243	5	80
11/02/2015 05:05	67	79	60	47	39	292	5	80
11/02/2015 05:10	71	74	61	54	48	308	5	80
11/02/2015 05:15	72	91	69	64	38	334	5	80
11/02/2015 05:20	101	111	84	87	53	436	5	80
11/02/2015 05:25	99	132	80	79	56	446	5	80
11/02/2015 05:30	97	123	90	89	52	451	5	80
11/02/2015 05:35	113	134	95	83	69	494	5	80
11/02/2015 05:40	129	152	103	91	64	539	5	80
11/02/2015 05:45	123	160	106	99	75	563	5	80
11/02/2015 05:50	106	130	88	78	65	467	5	80
11/02/2015 05:55	107	138	93	95	64	497	5	80
11/02/2015 06:00	124	157	99	83	71	534	5	80
11/02/2015 06:05	130	142	102	91	74	539	5	80
11/02/2015 06:10	123	152	98	84	85	542	5	80
11/02/2015 06:15	118	146	99	99	66	528	5	80
11/02/2015 06:20	123	129	99	96	77	524	5	80
11/02/2015 06:25	125	141	95	88	74	523	5	80
11/02/2015 06:30	129	150	103	98	73	553	5	80
11/02/2015 06:35	132	138	102	102	88	562	5	80
11/02/2015 06:40	130	169	104	107	80	590	5	80
11/02/2015 06:45	119	165	109	110	103	606	5	80
11/02/2015 06:50	140	145	109	113	82	589	5	80
11/02/2015 06:55	140	144	115	110	95	604	5	80
11/02/2015 07:00	137	172	110	113	93	625	5	80
11/02/2015 07:05	151	180	122	133	102	688	5	80
11/02/2015 07:10	168	194	128	134	121	745	5	80
11/02/2015 07:15	148	186	128	138	109	709	5	80
11/02/2015 07:20	146	169	128	126	121	690	5	80
11/02/2015 07:25	172	181	136	127	130	746	5	80
11/02/2015 07:30	170	189	128	138	124	749	5	80
11/02/2015 07:35	167	192	132	127	131	749	5	80
11/02/2015 07:40	149	173	135	124	116	697	5	80
11/02/2015 07:45	168	181	127	131	111	718	5	80
11/02/2015 07:50	150	176	129	136	121	712	5	80
11/02/2015 07:55	162	189	145	148	148	792	5	80
11/02/2015 08:00	153	163	126	131	120	693	5	80
11/02/2015 08:05	159	193	135	142	135	764	5	80
11/02/2015 08:10	167	179	138	150	124	758	5	80
11/02/2015 08:15	161	179	133	152	133	758	5	80
11/02/2015 08:20	163	177	136	139	142	757	5	80
11/02/2015 08:25	166	181	145	150	141	783	5	80
11/02/2015 08:30	167	175	131	146	129	748	5	80
11/02/2015 08:35	159	196	137	128	139	759	5	80
11/02/2015 08:40	165	180	139	135	137	756	5	80
11/02/2015 08:45	152	186	125	122	119	704	5	80
11/02/2015 08:50	149	169	131	137	116	702	5	80
11/02/2015 08:55	141	185	122	122	105	675	5	80
11/02/2015 09:00	146	169	124	121	122	682	5	80
11/02/2015 09:05	151	168	120	110	114	663	5	80
11/02/2015 09:10	143	187	115	118	97	660	5	80
11/02/2015 09:15	125	172	115	116	88	616	5	80
11/02/2015 09:20	137	156	117	121	99	630	5	80
11/02/2015 09:25	150	161	118	113	103	645	5	80
11/02/2015 09:30	133	162	110	108	96	609	5	80
11/02/2015 09:35	146	182	118	116	101	663	5	80
11/02/2015 09:40	140	153	109	106	95	603	5	80
11/02/2015 09:45	137	179	124	116	97	653	5	80
11/02/2015 09:50	138	156	114	111	93	612	5	80
11/02/2015 09:55	118	159	107	109	104	597	5	80
11/02/2015 10:00	132	147	104	89	94	566	5	80
11/02/2015 10:05	127	160	107	105	103	602	5	80
11/02/2015 10:10	132	138	106	104	85	565	5	80
11/02/2015 10:15	121	147	107	99	104	578	5	80
11/02/2015 10:20	130	156	110	99	98	593	5	80
11/02/2015 10:25	134	160	115	110	110	629	5	80
11/02/2015 10:30	119	131	110	114	99	573	5	80
11/02/2015 10:35	118	146	106	106	107	583	5	80
11/02/2015 10:40	129	150	109	115	87	590	5	80
11/02/2015 10:45	126	161	112	112	107	618	5	80
11/02/2015 10:50	126	153	113	110	88	590	5	80
11/02/2015 10:55	137	138	104	104	82	565	5	80
11/02/2015 11:00	119	156	107	112	103	597	5	80
11/02/2015 11:05	134	149	116	115	101	615	5	80
11/02/2015 11:10	133	157	111	97	111	609	5	80
11/02/2015 11:15	143	157	122	124	102	648	5	80
11/02/2015 11:20	148	164	119	108	116	655	5	80
11/02/2015 11:25	151	173	121	122	111	678	5	80
11/02/2015 11:30	126	156	108	105	88	583	5	80
11/02/2015 11:35	134	159	112	118	103	626	5	80
11/02/2015 11:40	128	150	112	101	101	592	5	80
11/02/2015 11:45	130	158	109	109	99	605	5	80
11/02/2015 11:50	130	161	105	109	99	604	5	80
11/02/2015 11:55	110	157	110	97	92	566	5	80
11/02/2015 12:00	128	165	107	122	93	615	5	80
11/02/2015 12:05	136	174	114	119	100	643	5	80
11/02/2015 12:10	145	146	114	106	100	611	5	80
11/02/2015 12:15	120	169	118	102	106	615	5	80
11/02/2015 12:20	135	172	111	100	108	626	5	80
11/02/2015 12:25	141	177	123	120	108	669	5	80
11/02/2015 12:30	136	162	121	111	119	649	5	80
11/02/2015 12:35	136	168	119	126	99	648	5	80
11/02/2015 12:40	132	176	120	113	109	650	5	80
11/02/2015 12:45	93	103	91	87	92	466	5	80
11/02/2015 12:50	108	103	99	94	107	511	5	80
11/02/2015 12:55	91	89	82	78	77	417	5	80
11/02/2015 13:00	71	79	80	71	71	372	5	80
11/02/2015 13:05	116	134	107	91	109	557	5	80
11/02/2015 13:10	117	136	108	93	104	558	5	80
11/02/2015 13:15	129	152	111	97	96	585	5	80
11/02/2015 13:20	133	154	118	111	113	629	5	80
11/02/2015 13:25	114	140	108	108	102	572	5	80
11/02/2015 13:30	126	152	116	107	102	603	5	80
11/02/2015 13:35	124	144	112	108	107	595	5	80
11/02/2015 13:40	143	154	123	114	113	647	5	80
11/02/2015 13:45	142	155	122	108	120	647	5	80
11/02/2015 13:50	128	150	117	109	114	618	5	80
11/02/2015 13:55	142	159	120	114	108	643	5	80
11/02/2015 14:00	155	165	125	116	124	685	5	80
11/02/2015 14:05	139	161	127	130	119	676	5	80
11/02/2015 14:10	135	170	125	127	121	678	5	80
11/02/2015 14:15	133	144	123	125	122	647	5	80
11/02/2015 14:20	137	150	120	119	96	622	5	80
11/02/2015 14:25	157	150	125	120	123	675	5	80
11/02/2015 14:30	138	158	128	140	116	680	5	80
11/02/2015 14:35	153	172	134	140	128	727	5	80
11/02/2015 14:40	166	167	131	129	124	717	5	80
11/02/2015 14:45	154	169	139	140	132	734	5	80
11/02/2015 14:50	144	167	128	138	122	699	5	80
11/02/2015 14:55	138	152	121	127	111	649	5	80
11/02/2015 15:00	140	161	125	133	120	679	5	80
11/02/2015 15:05	131	147	122	110	118	628	5	80
11/02/2015 15:10	133	147	127	110	126	643	5	80
11/02/2015 15:15	129	142	125	110	124	630	5	80
11/02/2015 15:20	129	140	119	120	114	622	5	80
11/02/2015 15:25	141	153	123	120	122	659	5	80
11/02/2015 15:30	136	145	128	119	126	654	5	80
11/02/2015 15:35	152	143	128	121	127	671	5	80
11/02/2015 15:40	134	147	124	116	111	632	5	80
11/02/2015 15:45	134	143	121	112	109	619	5	80
11/02/2015 15:50	139	151	124	132	121	667	5	80
11/02/2015 15:55	148	152	124	127	116	667	5	80
11/02/2015 16:00	138	161	131	122	137	689	5	80
11/02/2015 16:05	113	101	100	96	81	491	5	80
11/02/2015 16:10	120	118	98	93	92	521	5	80
11/02/2015 16:15	127	143	115	110	108	603	5	80
11/02/2015 16:20	148	140	123	137	120	668	5	80
11/02/2015 16:25	149	146	127	120	126	668	5	80
11/02/2015 16:30	144	148	120	123	110	645	5	80
11/02/2015 16:35	136	139	126	120	111	632	5	80
11/02/2015 16:40	143	142	123	132	121	661	5	80
11/02/2015 16:45	127	135	110	110	104	586	5	80
11/02/2015 16:50	107	116	108	94	82	507	5	80
11/02/2015 16:55	112	112	95	103	85	507	5	80
11/02/2015 17:00	125	136	111	119	102	593	5	80
11/02/2015 17:05	144	146	121	118	116	645	5	80
11/02/2015 17:10	129	140	116	114	92	591	5	80
11/02/2015 17:15	117	130	107	105	94	553	5	80
11/02/2015 17:20	130	134	110	111	81	566	5	80
11/02/2015 17:25	124	130	113	111	97	575	5	80
11/02/2015 17:30	133	137	112	106	98	586	5	80
11/02/2015 17:35	127	130	107	107	96	567	5	80
11/02/2015 17:40	132	132	108	111	91	574	5	80
11/02/2015 17:45	130	140	113	112	101	596	5	80
11/02/2015 17:50	131	140	113	121	104	609	5	80
11/02/2015 17:55	119	137	112	107	97	572	5	80
11/02/2015 18:00	125	132	117	112	100	586	5	80
11/02/2015 18:05	118	133	120	120	93	584	5	80
11/02/2015 18:10	141	140	124	121	106	632	5	80
11/02/2015 18:15	137	142	125	116	108	628	5	80
11/02/2015 18:20	136	142	121	118	105	622	5	80
11/02/2015 18:25	137	139	118	109	90	593	5	80
11/02/2015 18:30	130	138	119	103	104	594	5	80
11/02/2015 18:35	127	107	115	113	112	574	5	80
11/02/2015 18:40	134	143	115	110	104	606	5	80
11/02/2015 18:45	115	141	116	109	113	594	5	80
11/02/2015 18:50	127	134	116	105	104	586	5	80
11/02/2015 18:55	117	127	101	99	95	539	5	80
11/02/2015 19:00	120	121	111	109	104	565	5	80
11/02/2015 19:05	124	129	109	117	105	584	5	80
11/02/2015 19:10	125	141	124	117	114	621	5	80
11/02/2015 19:15	126	135	120	113	114	608	5	80
11/02/2015 19:20	136	144	116	114	106	616	5	80
11/02/2015 19:25	128	138	120	124	108	618	5	80
11/02/2015 19:30	140	130	109	122	115	616	5	80
11/02/2015 19:35	140	148	123	128	129	668	5	80
11/02/2015 19:40	155	150	120	120	129	674	5	80
11/02/2015 19:45	130	145	123	125	121	644	5	80
11/02/2015 19:50	134	176	124	128	117	679	5	80
11/02/2015 19:55	135	143	116	124	100	618	5	80
11/02/2015 20:00	136	156	113	108	110	623	5	80
11/02/2015 20:05	111	145	104	107	88	555	5	80
11/02/2015 20:10	106	133	97	98	86	520	5	80
11/02/2015 20:15	106	149	107	99	96	557	5	80
11/02/2015 20:20	118	151	94	99	87	549	5	80
11/02/2015 20:25	103	120	100	108	74	505	5	80
11/02/2015 20:30	88	122	89	82	81	462	5	80
11/02/2015 20:35	98	114	97	92	85	486	5	80
11/02/2015 20:40	93	123	94	86	87	483	5	80
11/02/2015 20:45	113	114	88	82	80	477	5	80
11/02/2015 20:50	106	98	87	89	68	448	5	80
11/02/2015 20:55	107	100	87	87	69	450	5	80
11/02/2015 21:00	104	121	92	89	86	492	5	80
11/02/2015 21:05	102	114	94	103	82	495	5	80
11/02/2015 21:10	111	129	95	88	90	513	5	80
11/02/2015 21:15	106	119	90	93	80	488	5	80
11/02/2015 21:20	101	119	95	97	93	505	5	80
11/02/2015 21:25	94	107	96	91	89	477	5	80
11/02/2015 21:30	104	115	91	87	68	465	5	80
11/02/2015 21:35	106	125	96	95	89	511	5	80
11/02/2015 21:40	94	123	91	91	82	481	5	80
11/02/2015 21:45	91	115	89	78	78	451	5	80
11/02/2015 21:50	100	92	86	84	69	431	5	80
11/02/2015 21:55	88	102	82	83	66	421	5	80
11/02/2015 22:00	86	96	84	89	61	416	5	80
11/02/2015 22:05	104	103	90	87	73	457	5	80
11/02/2015 22:10	104	84	84	84	73	429	5	80
11/02/2015 22:15	105	101	88	95	78	467	5	80
11/02/2015 22:20	80	85	76	72	58	371	5	80
11/02/2015 22:25	86	91	82	82	62	403	5	80
11/02/2015 22:30	71	83	75	73	62	364	5	80
11/02/2015 22:35	84	90	79	69	70	392	5	80
11/02/2015 22:40	77	58	72	64	67	338	5	80
11/02/2015 22:45	78	72	70	64	53	337	5	80
11/02/2015 22:50	67	70	74	64	67	342	5	80
11/02/2015 22:55	72	60	66	57	54	309	5	80
11/02/2015 23:00	51	54	57	52	52	266	5	80
11/02/2015 23:05	63	73	65	63	53	317	5	80
11/02/2015 23:10	78	80	71	64	56	349	5	80
11/02/2015 23:15	55	55	60	55	44	269	5	80
11/02/2015 23:20	55	45	55	58	41	254	5	80
11/02/2015 23:25	41	43	53	48	33	218	5	80
11/02/2015 23:30	54	37	55	51	41	238	5	80
11/02/2015 23:35	47	34	53	47	39	220	5	80
11/02/2015 23:40	52	49	53	41	38	233	5	80
11/02/2015 23:45	48	42	51	53	36	230	5	80
11/02/2015 23:50	36	32	50	41	30	189	5	80
11/02/2015 23:55	42	30	44	32	36	184	5	80
11/03/2015 00:00	37	26	39	32	27	161	5	80
11/03/2015 00:05	36	30	42	30	30	168	5	80
11/03/2015 00:10	37	30	42	38	32	179	5	80
11/03/2015 00:15	33	27	41	41	33	175	5	80
11/03/2015 00:20	34	21	37	27	26	145	5	80
11/03/2015 00:25	27	30	39	32	22	150	5	80
11/03/2015 00:30	29	18	36	26	33	142	5	80
11/03/2015 00:35	26	20	35	24	34	139	5	80
11/03/2015 00:40	26	18	34	26	27	131	5	80
11/03/2015 00:45	27	18	34	25	17	121	5	80
11/03/2015 00:50	21	20	34	17	20	112	5	80
11/03/2015 00:55	18	16	33	24	23	114	5	80
11/03/2015 01:00	27	21	35	16	16	115	5	80
11/03/2015 01:05	20	17	33	25	19	114	5	80
11/03/2015 01:10	28	13	32	18	26	117	5	80
11/03/2015 01:15	19	9	29	17	16	90	5	80
11/03/2015 01:20	12	6	29	16	17	80	5	80
11/03/2015 01:25	18	12	29	7	15	81	5	80
11/03/2015 01:30	12	7	30	20	20	89	5	80
11/03/2015 01:35	11	9	29	19	17	85	5	80
11/03/2015 01:40	16	6	26	18	13	79	5	80
11/03/2015 01:45	19	7	28	16	13	83	5	80
11/03/2015 01:50	14	5	28	19	21	87	5	80
11/03/2015 01:55	11	12	29	12	13	77	5	80
11/03/2015 02:00	13	6	27	13	11	70	5	80
11/03/2015 02:05	15	12	29	15	18	89	5	80
11/03/2015 02:10	21	17	33	15	22	108	5	80
11/03/2015 02:15	14	11	29	22	13	89	5	80
11/03/2015 02:20	25	12	32	18	24	111	5	80
11/03/2015 02:25	9	7	28	9	20	73	5	80
11/03/2015 02:30	14	6	26	12	11	69	5	80
11/03/2015 02:35	10	7	27	12	19	75	5	80
11/03/2015 02:40	19	8	29	17	19	92	5	80
11/03/2015 02:45	19	6	26	18	14	83	5	80
11/03/2015 02:50	15	9	28	20	10	82	5	80
11/03/2015 02:55	10	7	27	10	14	68	5	80
11/03/2015 03:00	20	7	28	15	13	83	5	80
11/03/2015 03:05	10	6	26	16	14	72	5	80
11/03/2015 03:10	14	9	28	19	13	83	5	80
11/03/2015 03:15	18	8	27	13	16	82	5	80
11/03/2015 03:20	13	9	28	13	15	78	5	80
11/03/2015 03:25	12	6	28	18	10	74	5	80
11/03/2015 03:30	23	14	31	20	12	100	5	80
11/03/2015 03:35	13	9	28	10	11	71	5	80
11/03/2015 03:40	15	12	30	20	19	96	5	80
11/03/2015 03:45	25	13	32	25	17	112	5	80
11/03/2015 03:50	20	10	30	19	11	90	5	80
11/03/2015 03:55	16	20	35	23	15	109	5	80
11/03/2015 04:00	26	21	35	23	24	129	5	80
11/03/2015 04:05	27	19	32	19	14	111	5	80
11/03/2015 04:10	23	18	34	25	18	118	5	80
11/03/2015 04:15	40	25	40	26	24	155	5	80
11/03/2015 04:20	28	25	37	26	26	142	5	80
11/03/2015 04:25	29	26	39	28	23	145	5	80
11/03/2015 04:30	35	41	44	36	31	187	5	80
11/03/2015 04:35	48	49	51	39	29	216	5	80
11/03/2015 04:40	45	51	50	41	41	228	5	80
11/03/2015 04:45	53	58	47	53	32	243	5	80
11/03/2015 04:50	48	49	51	39	29	216	5	80
11/03/2015 04:55	53	57	54	40	32	236	5	80
11/03/2015 05:00	46	52	45	36	29	208	5	80
11/03/2015 05:05	69	64	62	59	32	286	5	80
11/03/2015 05:10	63	65	59	56	40	283	5	80
11/03/2015 05:15	77	92	67	58	45	339	5	80
11/03/2015 05:20	79	103	71	80	41	374	5	80
11/03/2015 05:25	87	113	78	70	57	405	5	80
11/03/2015 05:30	89	101	80	80	62	412	5	80
11/03/2015 05:35	114	133	99	83	63	492	5	80
11/03/2015 05:40	128	134	102	99	59	522	5	80
11/03/2015 05:45	101	129	82	81	67	460	5	80
11/03/2015 05:50	104	127	98	92	60	481	5	80
11/03/2015 05:55	113	123	92	92	59	479	5	80
11/03/2015 06:00	106	134	91	83	71	485	5	80
11/03/2015 06:05	124	146	100	90	64	524	5	80
11/03/2015 06:10	120	135	99	77	71	502	5	80
11/03/2015 06:15	115	145	102	102	64	528	5	80
11/03/2015 06:20	124	142	99	96	71	532	5	80
11/03/2015 06:25	116	118	101	102	81	518	5	80
11/03/2015 06:30	132	148	104	100	83	567	5	80
11/03/2015 06:35	134	154	112	108	74	582	5	80
11/03/2015 06:40	130	161	115	115	97	618	5	80
11/03/2015 06:45	136	167	122	115	85	625	5	80
11/03/2015 06:50	118	163	117	115	95	608	5	80
11/03/2015 06:55	137	166	110	110	105	628	5	80
11/03/2015 07:00	154	170	127	111	91	653	5	80
11/03/2015 07:05	154	179	123	120	97	673	5	80
11/03/2015 07:10	129	149	120	120	88	606	5	80
11/03/2015 07:15	144	185	126	138	125	718	5	80
11/03/2015 07:20	142	167	127	121	126	683	5	80
11/03/2015 07:25	150	156	133	132	115	686	5	80
11/03/2015 07:30	134	158	132	144	138	706	5	80
11/03/2015 07:35	159	153	129	133	127	701	5	80
11/03/2015 07:40	147	149	123	137	126	682	5	80
11/03/2015 07:45	132	140	129	138	130	669	5	80
11/03/2015 07:50	151	161	132	142	134	720	5	80
11/03/2015 07:55	150	191	134	147	133	755	5	80
11/03/2015 08:00	154	165	130	135	129	713	5	80
11/03/2015 08:05	156	170	139	137	130	732	5	80
11/03/2015 08:10	159	171	133	151	124	738	5	80
11/03/2015 08:15	161	157	140	133	138	729	5	80
11/03/2015 08:20	152	175	136	141	134	738	5	80
11/03/2015 08:25	162	180	132	138	123	735	5	80
11/03/2015 08:30	152	159	135	127	141	714	5	80
11/03/2015 08:35	163	168	135	137	139	742	5	80
11/03/2015 08:40	160	177	134	131	127	729	5	80
11/03/2015 08:45	164	177	138	137	137	753	5	80
11/03/2015 08:50	150	156	132	128	119	685	5	80
11/03/2015 08:55	162	180	140	126	118	726	5	80
11/03/2015 09:00	151	174	130	122	108	685	5	80
11/03/2015 09:05	159	166	120	129	95	669	5	80
11/03/2015 09:10	134	170	120	117	118	659	5	80
11/03/2015 09:15	138	160	116	114	102	630	5	80
11/03/2015 09:20	129	147	113	109	92	590	5	80
11/03/2015 09:25	125	146	112	101	100	584	5	80
11/03/2015 09:30	143	146	116	103	84	592	5	80
11/03/2015 09:35	132	162	108	102	92	596	5	80
11/03/2015 09:40	151	166	127	104	104	652	5	80
11/03/2015 09:45	142	161	113	115	87	618	5	80
11/03/2015 09:50	115	139	111	97	74	536	5	80
11/03/2015 09:55	121	152	108	109	89	579	5	80
11/03/2015 10:00	120	135	110	101	91	557	5	80
11/03/2015 10:05	115	137	99	102	76	529	5	80
11/03/2015 10:10	133	154	116	121	77	601	5	80
11/03/2015 10:15	119	140	109	133	88	589	5	80
11/03/2015 10:20	126	151	110	111	89	587	5	80
11/03/2015 10:25	140	155	115	95	100	605	5	80
11/03/2015 10:30	131	164	115	117	83	610	5	80
11/03/2015 10:35	140	156	110	102	93	601	5	80
11/03/2015 10:40	133	163	114	120	102	632	5	80
11/03/2015 10:45	129	175	121	105	108	638	5	80
11/03/2015 10:50	124	152	112	109	97	594	5	80
11/03/2015 10:55	141	166	117	119	102	645	5	80
11/03/2015 11:00	131	157	116	117	99	620	5	80
11/03/2015 11:05	148	161	120	119	102	650	5	80
11/03/2015 11:10	128	147	112	102	94	583	5	80
11/03/2015 11:15	131	142	111	96	92	572	5	80
11/03/2015 11:20	143	172	127	118	94	654	5	80
11/03/2015 11:25	138	163	125	114	104	644	5	80
11/03/2015 11:30	157	169	116	111	97	650	5	80
11/03/2015 11:35	135	171	120	128	81	635	5	80
11/03/2015 11:40	138	158	117	110	91	614	5	80
11/03/2015 11:45	129	154	120	111	96	610	5	80
11/03/2015 11:50	138	171	110	123	101	643	5	80
11/03/2015 11:55	131	161	116	122	97	627	5	80
11/03/2015 12:00	132	155	113	106	92	598	5	80
11/03/2015 12:05	138	164	118	118	104	642	5	80
11/03/2015 12:10	156	178	125	116	104	679	5	80
11/03/2015 12:15	119	162	118	120	97	616	5	80
11/03/2015 12:20	139	169	122	120	110	660	5	80
11/03/2015 12:25	132	162	116	111	99	620	5	80
11/03/2015 12:30	146	171	120	119	108	664	5	80
11/03/2015 12:35	135	163	125	122	109	654	5	80
11/03/2015 12:40	152	162	128	124	104	670	5	80
11/03/2015 12:45	148	175	125	121	129	698	5	80
11/03/2015 12:50	141	160	124	124	114	663	5	80
11/03/2015 12:55	135	163	116	120	100	634	5	80
11/03/2015 13:00	151	159	124	121	118	673	5	80
11/03/2015 13:05	70	40	112	130	110	462	5	80
11/03/2015 13:10	120	140	115	90	95	560	5	80
11/03/2015 13:15	154	168	126	120	110	678	5	80
11/03/2015 13:20	130	157	120	104	117	628	5	80
11/03/2015 13:25	145	158	123	108	110	644	5	80
11/03/2015 13:30	145	157	117	117	113	649	5	80
11/03/2015 13:35	143	160	122	116	113	654	5	80
11/03/2015 13:40	133	178	131	121	112	675	5	80
11/03/2015 13:45	151	170	120	119	118	678	5	80
11/03/2015 13:50	155	161	121	126	127	690	5	80
11/03/2015 13:55	136	162	128	120	125	671	5	80
11/03/2015 14:00	132	136	124	116	107	615	5	80
11/03/2015 14:05	128	160	92	118	112	610	5	80
11/03/2015 14:10	105	107	113	85	91	501	5	80
11/03/2015 14:15	128	142	119	121	116	626	5	80
11/03/2015 14:20	144	150	132	119	129	674	5	80
11/03/2015 14:25	126	141	133	122	112	634	5	80
11/03/2015 14:30	138	144	122	114	114	632	5	80
11/03/2015 14:35	141	143	124	123	118	649	5	80
11/03/2015 14:40	144	156	125	130	124	679	5	80
11/03/2015 14:45	129	139	125	120	97	610	5	80
11/03/2015 14:50	143	149	127	127	119	665	5	80
11/03/2015 14:55	151	153	133	125	131	693	5	80
11/03/2015 15:00	146	153	125	116	115	655	5	80
11/03/2015 15:05	135	143	126	122	121	647	5	80
11/03/2015 15:10	128	133	118	115	90	584	5	80
11/03/2015 15:15	129	146	122	109	122	628	5	80
11/03/2015 15:20	134	146	120	120	113	633	5	80
11/03/2015 15:25	140	144	122	113	114	633	5	80
11/03/2015 15:30	139	147	126	122	113	647	5	80
11/03/2015 15:35	133	133	127	114	102	609	5	80
11/03/2015 15:40	131	141	120	115	113	620	5	80
11/03/2015 15:45	100	73	93	81	76	423	5	80
11/03/2015 15:50	108	116	106	99	93	522	5	80
11/03/2015 15:55	109	121	101	92	89	512	5	80
11/03/2015 16:00	105	107	103	86	70	471	5	80
11/03/2015 16:05	108	111	105	86	84	494	5	80
11/03/2015 16:10	109	118	110	86	88	511	5	80
11/03/2015 16:15	121	129	120	103	93	566	5	80
11/03/2015 16:20	119	125	115	97	99	555	5	80
11/03/2015 16:25	124	129	124	103	103	583	5	80
11/03/2015 16:30	116	123	117	98	96	550	5	80
11/03/2015 16:35	114	87	125	83	79	488	5	80
11/03/2015 16:40	129	121	119	109	93	571	5	80
11/03/2015 16:45	120	132	120	105	96	573	5	80
11/03/2015 16:50	131	139	128	112	110	620	5	80
11/03/2015 16:55	127	144	114	115	105	605	5	80
11/03/2015 17:00	130	132	121	107	111	601	5	80
11/03/2015 17:05	129	140	124	110	104	607	5	80
11/03/2015 17:10	128	134	128	93	100	583	5	80
11/03/2015 17:15	121	124	120	100	107	572	5	80
11/03/2015 17:20	130	136	120	101	109	596	5	80
11/03/2015 17:25	136	143	124	119	106	628	5	80
11/03/2015 17:30	125	124	120	107	85	561	5	80
11/03/2015 17:35	118	126	125	98	82	549	5	80
11/03/2015 17:40	123	135	126	95	90	569	5	80
11/03/2015 17:45	138	138	123	100	90	589	5	80
11/03/2015 17:50	127	138	126	110	93	594	5	80
11/03/2015 17:55	133	140	124	105	102	604	5	80
11/03/2015 18:00	133	144	128	104	107	616	5	80
11/03/2015 18:05	132	141	120	113	99	605	5	80
11/03/2015 18:10	136	140	125	99	84	584	5	80
11/03/2015 18:15	139	148	125	102	105	619	5	80
11/03/2015 18:20	127	147	119	112	96	601	5	80
11/03/2015 18:25	125	139	111	96	86	557	5	80
11/03/2015 18:30	124	141	117	120	96	598	5	80
11/03/2015 18:35	131	131	115	105	98	580	5	80
11/03/2015 18:40	133	132	109	104	99	577	5	80
11/03/2015 18:45	122	148	118	118	109	615	5	80
11/03/2015 18:50	123	132	118	97	91	561	5	80
11/03/2015 18:55	134	137	115	102	104	592	5	80
11/03/2015 19:00	123	137	116	109	102	587	5	80
11/03/2015 19:05	130	144	118	115	104	611	5	80
11/03/2015 19:10	132	144	119	116	110	621	5	80
11/03/2015 19:15	130	139	118	112	108	607	5	80
11/03/2015 19:20	114	130	121	105	98	568	5	80
11/03/2015 19:25	131	140	116	111	99	597	5	80
11/03/2015 19:30	142	150	121	119	126	658	5	80
11/03/2015 19:35	127	143	122	111	112	615	5	80
11/03/2015 19:40	136	149	118	126	114	643	5	80
11/03/2015 19:45	128	137	124	108	114	611	5	80
11/03/2015 19:50	126	142	114	117	110	609	5	80
11/03/2015 19:55	147	144	117	111	126	645	5	80
11/03/2015 20:00	137	144	123	124	114	642	5	80
11/03/2015 20:05	137	149	118	116	107	627	5	80
11/03/2015 20:10	118	143	112	104	85	562	5	80
11/03/2015 20:15	121	141	104	101	89	556	5	80
11/03/2015 20:20	114	103	93	99	83	492	5	80
11/03/2015 20:25	47	18	59	61	61	246	5	80
11/03/2015 20:30	86	93	85	83	85	432	5	80
11/03/2015 20:35	141	154	115	113	94	617	5	80
11/03/2015 20:40	124	132	117	127	100	600	5	80
11/03/2015 20:45	126	132	109	106	104	577	5	80
11/03/2015 20:50	131	147	117	114	98	607	5	80
11/03/2015 20:55	114	134	109	95	103	555	5	80
11/03/2015 21:00	97	116	91	89	73	466	5	80
11/03/2015 21:05	117	103	92	100	91	503	5	80
11/03/2015 21:10	110	129	98	106	83	526	5	80
11/03/2015 21:15	113	118	102	94	88	515	5	80
11/03/2015 21:20	130	133	105	105	96	569	5	80
11/03/2015 21:25	119	137	102	104	97	559	5	80
11/03/2015 21:30	118	120	98	94	83	513	5	80
11/03/2015 21:35	107	118	96	104	89	514	5	80
11/03/2015 21:40	109	125	91	90	84	499	5	80
11/03/2015 21:45	105	118	98	95	84	500	5	80
11/03/2015 21:50	103	121	92	97	75	488	5	80
11/03/2015 21:55	96	93	86	87	76	438	5	80
11/03/2015 22:00	103	109	93	92	86	483	5	80
11/03/2015 22:05	119	112	94	89	76	490	5	80
11/03/2015 22:10	104	104	95	80	90	473	5	80
11/03/2015 22:15	111	116	96	106	96	525	5	80
11/03/2015 22:20	111	131	91	93	73	499	5	80
11/03/2015 22:25	115	113	94	100	74	496	5	80
11/03/2015 22:30	111	108	88	96	74	477	5	80
11/03/2015 22:35	87	82	81	79	56	385	5	80
11/03/2015 22:40	84	76	77	81	66	384	5	80
11/03/2015 22:45	78	85	76	77	61	377	5	80
11/03/2015 22:50	73	84	72	76	51	356	5	80
11/03/2015 22:55	72	56	63	63	71	325	5	80
11/03/2015 23:00	76	74	70	76	64	360	5	80
11/03/2015 23:05	62	60	64	54	68	308	5	80
11/03/2015 23:10	66	68	67	78	62	341	5	80
11/03/2015 23:15	59	66	65	61	54	305	5	80
11/03/2015 23:20	70	61	62	64	57	314	5	80
11/03/2015 23:25	55	65	62	59	49	290	5	80
11/03/2015 23:30	59	53	57	59	41	269	5	80
11/03/2015 23:35	46	43	54	51	40	234	5	80
11/03/2015 23:40	55	44	51	42	47	239	5	80
11/03/2015 23:45	56	44	56	43	42	241	5	80
11/03/2015 23:50	48	47	52	56	33	236	5	80
11/03/2015 23:55	45	49	54	42	40	230	5	80
11/04/2015 00:00	47	30	45	31	33	186	5	80
11/04/2015 00:05	39	30	45	38	31	183	5	80
11/04/2015 00:10	40	29	41	40	34	184	5	80
11/04/2015 00:15	33	36	46	31	38	184	5	80
11/04/2015 00:20	43	26	43	32	34	178	5	80
11/04/2015 00:25	33	22	38	37	22	152	5	80
11/04/2015 00:30	25	22	36	26	19	128	5	80
11/04/2015 00:35	34	19	38	32	22	145	5	80
11/04/2015 00:40	27	22	38	28	22	137	5	80
11/04/2015 00:45	27	22	37	32	20	138	5	80
11/04/2015 00:50	28	17	33	21	28	127	5	80
11/04/2015 00:55	22	25	39	18	23	127	5	80
11/04/2015 01:00	21	16	32	22	12	103	5	80
11/04/2015 01:05	26	21	36	23	20	126	5	80
11/04/2015 01:10	20	12	31	17	22	102	5	80
11/04/2015 01:15	24	14	33	17	15	103	5	80
11/04/2015 01:20	21	11	29	14	19	94	5	80
11/04/2015 01:25	23	12	32	26	16	109	5	80
11/04/2015 01:30	24	19	34	13	19	109	5	80
11/04/2015 01:35	18	7	28	16	15	84	5	80
11/04/2015 01:40	21	7	28	14	15	85	5	80
11/04/2015 01:45	17	11	30	22	15	95	5	80
11/04/2015 01:50	13	9	28	14	13	77	5	80
11/04/2015 01:55	20	8	31	13	14	86	5	80
11/04/2015 02:00	23	16	33	21	17	110	5	80
11/04/2015 02:05	19	12	28	15	9	83	5	80
11/04/2015 02:10	24	18	32	18	17	109	5	80
11/04/2015 02:15	23	11	31	18	21	104	5	80
11/04/2015 02:20	23	15	32	17	15	102	5	80
11/04/2015 02:25	9	8	28	14	16	75	5	80
11/04/2015 02:30	18	8	27	13	5	71	5	80
11/04/2015 02:35	20	11	29	15	14	89	5	80
11/04/2015 02:40	14	6	28	13	9	70	5	80
11/04/2015 02:45	14	6	26	10	22	78	5	80
11/04/2015 02:50	17	9	27	16	14	83	5	80
11/04/2015 02:55	10	3	27	16	11	67	5	80
11/04/2015 03:00	15	8	28	20	10	81	5	80
11/04/2015 03:05	16	12	30	11	18	87	5	80
11/04/2015 03:10	16	15	31	27	13	102	5	80
11/04/2015 03:15	16	7	28	14	11	76	5	80
11/04/2015 03:20	19	4	27	18	15	83	5	80
11/04/2015 03:25	15	7	27	13	11	73	5	80
11/04/2015 03:30	11	10	29	15	12	77	5	80
11/04/2015 03:35	17	13	31	16	16	93	5	80
11/04/2015 03:40	16	13	31	18	21	99	5	80
11/04/2015 03:45	21	13	31	19	17	101	5	80
11/04/2015 03:50	26	20	31	21	12	110	5	80
11/04/2015 03:55	19	12	30	20	13	94	5	80
11/04/2015 04:00	26	16	33	23	17	115	5	80
11/04/2015 04:05	21	24	38	24	23	130	5	80
11/04/2015 04:10	24	16	33	25	21	119	5	80
11/04/2015 04:15	29	31	39	32	18	149	5	80
11/04/2015 04:20	29	22	40	31	24	146	5	80
11/04/2015 04:25	41	32	43	36	34	186	5	80
11/04/2015 04:30	42	41	47	36	29	195	5	80
11/04/2015 04:35	40	45	46	31	29	191	5	80
11/04/2015 04:40	51	44	50	36	38	219	5	80
11/04/2015 04:45	47	53	46	46	30	222	5	80
11/04/2015 04:50	67	56	59	43	40	265	5	80
11/04/2015 04:55	45	56	45	48	29	223	5	80
11/04/2015 05:00	55	54	55	48	39	251	5	80
11/04/2015 05:05	58	62	56	51	36	263	5	80
11/04/2015 05:10	65	74	66	62	49	316	5	80
11/04/2015 05:15	82	95	69	68	49	363	5	80
11/04/2015 05:20	85	109	73	74	47	388	5	80
11/04/2015 05:25	81	94	70	64	48	357	5	80
11/04/2015 05:30	99	125	87	85	60	456	5	80
11/04/2015 05:35	106	119	96	81	60	462	5	80
11/04/2015 05:40	96	122	93	88	66	465	5	80
11/04/2015 05:45	101	125	84	86	65	461	5	80
11/04/2015 05:50	105	108	88	81	72	454	5	80
11/04/2015 05:55	101	114	84	82	71	452	5	80
11/04/2015 06:00	91	103	78	75	52	399	5	80
11/04/2015 06:05	83	111	83	80	50	407	5	80
11/04/2015 06:10	96	118	88	73	61	436	5	80
11/04/2015 06:15	108	130	100	87	76	501	5	80
11/04/2015 06:20	119	151	99	95	72	536	5	80
11/04/2015 06:25	132	158	107	106	75	578	5	80
11/04/2015 06:30	122	153	108	107	74	564	5	80
11/04/2015 06:35	130	159	111	103	79	582	5	80
11/04/2015 06:40	115	166	108	100	87	576	5	80
11/04/2015 06:45	134	162	109	106	104	615	5	80
11/04/2015 06:50	119	162	109	107	92	589	5	80
11/04/2015 06:55	136	156	124	114	87	617	5	80
11/04/2015 07:00	133	160	114	108	96	611	5	80
11/04/2015 07:05	135	173	112	116	102	638	5	80
11/04/2015 07:10	149	185	127	135	102	698	5	80
11/04/2015 07:15	158	183	133	125	133	732	5	80
11/04/2015 07:20	156	185	136	126	124	727	5	80
11/04/2015 07:25	155	188	133	133	118	727	5	80
11/04/2015 07:30	148	170	130	133	128	709	5	80
11/04/2015 07:35	159	161	129	134	136	719	5	80
11/04/2015 07:40	151	159	126	141	117	694	5	80
11/04/2015 07:45	154	171	134	133	120	712	5	80
11/04/2015 07:50	138	149	129	134	128	678	5	80
11/04/2015 07:55	156	161	136	136	138	727	5	80
11/04/2015 08:00	148	170	134	144	134	730	5	80
11/04/2015 08:05	151	179	137	129	134	730	5	80
11/04/2015 08:10	176	187	140	150	118	771	5	80
11/04/2015 08:15	165	178	136	130	126	735	5	80
11/04/2015 08:20	159	173	131	127	125	715	5	80
11/04/2015 08:25	155	179	127	128	125	714	5	80
11/04/2015 08:30	162	175	136	146	128	747	5	80
11/04/2015 08:35	149	184	133	119	119	704	5	80
11/04/2015 08:40	147	178	125	130	109	689	5	80
11/04/2015 08:45	153	171	134	129	120	707	5	80
11/04/2015 08:50	149	168	129	115	119	680	5	80
11/04/2015 08:55	163	183	122	141	119	728	5	80
11/04/2015 09:00	139	175	133	121	108	676	5	80
11/04/2015 09:05	160	169	119	115	115	678	5	80
11/04/2015 09:10	131	144	119	108	96	598	5	80
11/04/2015 09:15	135	179	129	122	105	670	5	80
11/04/2015 09:20	140	152	113	104	102	611	5	80
11/04/2015 09:25	151	167	121	124	99	662	5	80
11/04/2015 09:30	140	159	118	118	107	642	5	80
11/04/2015 09:35	111	148	112	93	95	559	5	80
11/04/2015 09:40	113	122	99	104	98	536	5	80
11/04/2015 09:45	125	156	131	114	98	624	5	80
11/04/2015 09:50	131	150	117	119	99	616	5	80
11/04/2015 09:55	127	149	113	113	88	590	5	80
11/04/2015 10:00	132	150	116	100	91	589	5	80
11/04/2015 10:05	125	153	105	102	92	577	5	80
11/04/2015 10:10	116	161	114	103	95	589	5	80
11/04/2015 10:15	129	155	116	110	109	619	5	80
11/04/2015 10:20	132	143	115	106	92	588	5	80
11/04/2015 10:25	125	156	114	113	89	597	5	80
11/04/2015 10:30	133	138	112	106	96	585	5	80
11/04/2015 10:35	119	157	111	110	89	586	5	80
11/04/2015 10:40	149	162	118	112	99	640	5	80
11/04/2015 10:45	139	180	118	120	110	667	5	80
11/04/2015 10:50	127	164	118	109	90	608	5	80
11/04/2015 10:55	124	154	119	114	90	601	5	80
11/04/2015 11:00	126	130	105	101	88	550	5	80
11/04/2015 11:05	108	127	105	92	96	528	5	80
11/04/2015 11:10	138	168	116	109	108	639	5	80
11/04/2015 11:15	148	174	124	122	120	688	5	80
11/04/2015 11:20	126	140	113	105	108	592	5	80
11/04/2015 11:25	142	151	113	110	94	610	5	80
11/04/2015 11:30	151	165	125	103	90	634	5	80
11/04/2015 11:35	147	150	111	107	107	622	5	80
11/04/2015 11:40	134	154	119	126	116	649	5	80
11/04/2015 11:45	117	144	116	106	97	580	5	80
11/04/2015 11:50	140	157	117	91	112	617	5	80
11/04/2015 11:55	135	153	122	100	106	616	5	80
11/04/2015 12:00	130	159	124	115	109	637	5	80
11/04/2015 12:05	145	168	125	118	96	652	5	80
11/04/2015 12:10	138	168	121	117	105	649	5	80
11/04/2015 12:15	134	163	120	117	108	642	5	80
11/04/2015 12:20	139	168	124	118	107	656	5	80
11/04/2015 12:25	149	192	124	125	108	698	5	80
11/04/2015 12:30	142	169	120	114	105	650	5	80
11/04/2015 12:35	153	178	133	112	118	694	5	80
11/04/2015 12:40	149	176	134	121	106	686	5	80
11/04/2015 12:45	148	155	121	126	96	646	5	80
11/04/2015 12:50	151	173	121	123	119	687	5	80
11/04/2015 12:55	143	173	129	110	111	666	5	80
11/04/2015 13:00	145	168	128	112	111	664	5	80
11/04/2015 13:05	147	176	127	121	103	674	5	80
11/04/2015 13:10	137	176	127	123	113	676	5	80
11/04/2015 13:15	150	164	128	125	118	685	5	80
11/04/2015 13:20	138	169	126	117	115	665	5	80
11/04/2015 13:25	156	152	124	117	122	671	5	80
11/04/2015 13:30	138	166	130	125	115	674	5	80
11/04/2015 13:35	153	169	126	129	118	695	5	80
11/04/2015 13:40	147	169	127	134	126	703	5	80
11/04/2015 13:45	122	127	121	113	105	588	5	80
11/04/2015 13:50	128	135	124	111	125	623	5	80
11/04/2015 13:55	135	147	121	129	111	643	5	80
11/04/2015 14:00	136	142	121	110	119	628	5	80
11/04/2015 14:05	132	142	124	105	106	609	5	80
11/04/2015 14:10	146	160	128	119	126	679	5	80
11/04/2015 14:15	140	151	127	124	123	665	5	80
11/04/2015 14:20	133	150	131	124	123	661	5	80
11/04/2015 14:25	143	147	131	133	119	673	5	80
11/04/2015 14:30	145	161	127	122	131	686	5	80
11/04/2015 14:35	138	160	127	131	116	672	5	80
11/04/2015 14:40	153	160	130	124	130	697	5	80
11/04/2015 14:45	136	149	119	127	113	644	5	80
11/04/2015 14:50	132	136	125	112	113	618	5	80
11/04/2015 14:55	133	144	123	125	121	646	5	80
11/04/2015 15:00	140	152	130	120	125	667	5	80
11/04/2015 15:05	130	138	124	117	123	632	5	80
11/04/2015 15:10	133	138	123	111	106	611	5	80
11/04/2015 15:15	124	139	127	110	95	595	5	80
11/04/2015 15:20	122	137	122	111	116	608	5	80
11/04/2015 15:25	139	140	127	117	109	632	5	80
11/04/2015 15:30	128	127	122	106	120	603	5	80
11/04/2015 15:35	130	146	123	120	117	636	5	80
11/04/2015 15:40	134	140	122	118	116	630	5	80
11/04/2015 15:45	140	142	129	112	114	637	5	80
11/04/2015 15:50	141	145	132	110	120	648	5	80
11/04/2015 15:55	131	148	134	119	112	644	5	80
11/04/2015 16:00	142	153	129	112	124	660	5	80
11/04/2015 16:05	138	142	131	129	131	671	5	80
11/04/2015 16:10	137	139	130	123	105	634	5	80
11/04/2015 16:15	130	141	131	111	101	614	5	80
11/04/2015 16:20	139	138	128	120	92	617	5	80
11/04/2015 16:25	130	148	131	118	106	633	5	80
11/04/2015 16:30	124	138	130	115	110	617	5	80
11/04/2015 16:35	130	147	131	115	112	635	5	80
11/04/2015 16:40	134	135	126	114	99	608	5	80
11/04/2015 16:45	130	140	129	115	106	620	5	80
11/04/2015 16:50	127	133	127	119	109	615	5	80
11/04/2015 16:55	134	140	125	110	108	617	5	80
11/04/2015 17:00	124	126	124	106	89	569	5	80
11/04/2015 17:05	134	140	135	118	107	634	5	80
11/04/2015 17:10	140	148	129	119	121	657	5	80
11/04/2015 17:15	124	136	123	104	82	569	5	80
11/04/2015 17:20	137	147	131	111	98	624	5	80
11/04/2015 17:25	126	136	115	103	93	573	5	80
11/04/2015 17:30	121	134	123	96	91	565	5	80
11/04/2015 17:35	124	110	125	110	100	569	5	80
11/04/2015 17:40	124	132	120	110	94	580	5	80
11/04/2015 17:45	125	134	123	100	92	574	5	80
11/04/2015 17:50	133	137	132	112	104	618	5	80
11/04/2015 17:55	127	139	113	116	100	595	5	80
11/04/2015 18:00	98	111	95	71	74	449	5	80
11/04/2015 18:05	94	97	118	82	63	454	5	80
11/04/2015 18:10	129	132	120	106	88	575	5	80
11/04/2015 18:15	140	144	125	114	103	626	5	80
11/04/2015 18:20	119	119	112	84	83	517	5	80
11/04/2015 18:25	130	131	119	113	94	587	5	80
11/04/2015 18:30	118	134	121	98	74	545	5	80
11/04/2015 18:35	129	138	120	100	77	564	5	80
11/04/2015 18:40	131	138	120	112	90	591	5	80
11/04/2015 18:45	122	134	122	104	77	559	5	80
11/04/2015 18:50	131	143	122	102	86	584	5	80
11/04/2015 18:55	125	134	123	101	83	566	5	80
11/04/2015 19:00	123	136	124	111	106	600	5	80
11/04/2015 19:05	138	139	116	114	105	612	5	80
11/04/2015 19:10	126	134	120	99	106	585	5	80
11/04/2015 19:15	127	137	121	103	101	589	5	80
11/04/2015 19:20	122	129	125	127	107	610	5	80
11/04/2015 19:25	137	142	122	115	113	629	5	80
11/04/2015 19:30	127	148	120	107	104	606	5	80
11/04/2015 19:35	134	151	127	113	126	651	5	80
11/04/2015 19:40	138	149	129	129	122	667	5	80
11/04/2015 19:45	132	141	123	136	112	644	5	80
11/04/2015 19:50	132	144	126	125	120	647	5	80
11/04/2015 19:55	142	155	127	137	120	681	5	80
11/04/2015 20:00	130	145	123	119	121	638	5	80
11/04/2015 20:05	143	152	130	120	131	676	5	80
11/04/2015 20:10	148	157	125	123	120	673	5	80
11/04/2015 20:15	132	154	132	118	125	661	5	80
11/04/2015 20:20	135	159	120	125	122	661	5	80
11/04/2015 20:25	146	142	118	118	106	630	5	80
11/04/2015 20:30	141	144	119	118	116	638	5	80
11/04/2015 20:35	137	149	112	106	98	602	5	80
11/04/2015 20:40	122	145	119	122	117	625	5	80
11/04/2015 20:45	125	137	116	122	120	620	5	80
11/04/2015 20:50	118	134	106	105	111	574	5	80
11/04/2015 20:55	116	128	102	98	86	530	5	80
11/04/2015 21:00	115	132	104	87	67	505	5	80
11/04/2015 21:05	111	110	98	96	92	507	5	80
11/04/2015 21:10	122	148	110	92	81	553	5	80
11/04/2015 21:15	108	136	108	113	104	569	5	80
11/04/2015 21:20	132	147	102	123	101	605	5	80
11/04/2015 21:25	105	139	111	101	86	542	5	80
11/04/2015 21:30	112	127	102	92	90	523	5	80
11/04/2015 21:35	124	126	103	97	71	521	5	80
11/04/2015 21:40	111	120	93	97	82	503	5	80
11/04/2015 21:45	107	115	90	104	81	497	5	80
11/04/2015 21:50	116	131	99	100	78	524	5	80
11/04/2015 21:55	112	129	95	88	86	510	5	80
11/04/2015 22:00	112	133	104	101	83	533	5	80
11/04/2015 22:05	107	123	102	107	80	519	5	80
11/04/2015 22:10	115	122	102	106	90	535	5	80
11/04/2015 22:15	101	98	86	99	89	473	5	80
11/04/2015 22:20	111	131	102	98	94	536	5	80
11/04/2015 22:25	99	115	96	78	86	474	5	80
11/04/2015 22:30	99	96	85	82	74	436	5	80
11/04/2015 22:35	75	87	81	81	76	400	5	80
11/04/2015 22:40	85	91	75	71	65	387	5	80
11/04/2015 22:45	80	87	79	76	75	397	5	80
11/04/2015 22:50	77	88	68	72	57	362	5	80
11/04/2015 22:55	83	82	74	73	50	362	5	80
11/04/2015 23:00	79	86	76	78	66	385	5	80
11/04/2015 23:05	67	59	65	70	62	323	5	80
11/04/2015 23:10	85	79	74	63	64	365	5	80
11/04/2015 23:15	68	72	69	65	71	345	5	80
11/04/2015 23:20	70	76	71	69	68	354	5	80
11/04/2015 23:25	65	48	56	57	45	271	5	80
11/04/2015 23:30	63	55	60	60	46	284	5	80
11/04/2015 23:35	53	48	57	44	44	246	5	80
11/04/2015 23:40	53	50	55	49	46	253	5	80
11/04/2015 23:45	68	56	59	57	49	289	5	80
11/04/2015 23:50	46	37	46	41	31	201	5	80
11/04/2015 23:55	50	42	49	42	30	213	5	80
11/05/2015 00:00	49	41	49	42	31	212	5	80
11/05/2015 00:05	32	36	47	50	40	205	5	80
11/05/2015 00:10	40	43	50	39	53	225	5	80
11/05/2015 00:15	47	44	51	49	31	222	5	80
11/05/2015 00:20	43	29	44	40	28	184	5	80
11/05/2015 00:25	31	20	40	35	25	151	5	80
11/05/2015 00:30	29	22	37	34	20	142	5	80
11/05/2015 00:35	39	35	40	27	34	175	5	80
11/05/2015 00:40	27	22	39	29	23	140	5	80
11/05/2015 00:45	29	23	37	34	23	146	5	80
11/05/2015 00:50	23	12	34	29	17	115	5	80
11/05/2015 00:55	26	18	34	31	17	126	5	80
11/05/2015 01:00	24	20	35	28	16	123	5	80
11/05/2015 01:05	21	19	35	28	24	127	5	80
11/05/2015 01:10	24	13	32	22	19	110	5	80
11/05/2015 01:15	23	23	35	20	20	121	5	80
11/05/2015 01:20	24	11	33	26	21	115	5	80
11/05/2015 01:25	19	17	31	17	13	97	5	80
11/05/2015 01:30	20	19	33	18	23	113	5	80
11/05/2015 01:35	21	14	31	21	22	109	5	80
11/05/2015 01:40	28	11	30	24	12	105	5	80
11/05/2015 01:45	15	12	31	21	19	98	5	80
11/05/2015 01:50	16	9	28	26	13	92	5	80
11/05/2015 01:55	13	11	30	21	16	91	5	80
11/05/2015 02:00	18	7	31	19	13	88	5	80
11/05/2015 02:05	19	11	29	20	12	91	5	80
11/05/2015 02:10	23	11	29	22	18	103	5	80
11/05/2015 02:15	17	12	30	17	21	97	5	80
11/05/2015 02:20	19	11	31	23	16	100	5	80
11/05/2015 02:25	18	10	29	13	14	84	5	80
11/05/2015 02:30	19	6	27	11	10	73	5	80
11/05/2015 02:35	26	16	32	12	14	100	5	80
11/05/2015 02:40	12	13	31	22	21	99	5	80
11/05/2015 02:45	20	9	30	18	13	90	5	80
11/05/2015 02:50	15	16	28	12	9	80	5	80
11/05/2015 02:55	19	7	29	16	13	84	5	80
11/05/2015 03:00	15	8	27	18	19	87	5	80
11/05/2015 03:05	13	10	29	11	11	74	5	80
11/05/2015 03:10	14	7	27	21	12	81	5	80
11/05/2015 03:15	22	10	29	15	19	95	5	80
11/05/2015 03:20	14	10	29	22	14	89	5	80
11/05/2015 03:25	19	14	31	22	19	105	5	80
11/05/2015 03:30	17	10	29	14	13	83	5	80
11/05/2015 03:35	21	8	28	19	17	93	5	80
11/05/2015 03:40	16	13	31	19	25	104	5	80
11/05/2015 03:45	29	13	32	22	21	117	5	80
11/05/2015 03:50	20	18	32	28	19	117	5	80
11/05/2015 03:55	21	17	33	26	19	116	5	80
11/05/2015 04:00	26	18	34	23	16	117	5	80
11/05/2015 04:05	28	18	34	25	11	116	5	80
11/05/2015 04:10	25	13	32	27	18	115	5	80
11/05/2015 04:15	35	28	40	32	22	157	5	80
11/05/2015 04:20	35	25	39	33	26	158	5	80
11/05/2015 04:25	35	30	38	36	18	157	5	80
11/05/2015 04:30	43	47	48	37	30	205	5	80
11/05/2015 04:35	44	45	50	45	36	220	5	80
11/05/2015 04:40	60	49	50	36	28	223	5	80
11/05/2015 04:45	45	58	53	46	40	242	5	80
11/05/2015 04:50	61	54	56	44	34	249	5	80
11/05/2015 04:55	61	54	51	46	37	249	5	80
11/05/2015 05:00	53	56	57	50	44	260	5	80
11/05/2015 05:05	71	58	58	45	44	276	5	80
11/05/2015 05:10	59	66	62	69	46	302	5	80
11/05/2015 05:15	74	70	64	51	45	304	5	80
11/05/2015 05:20	78	84	73	71	52	358	5	80
11/05/2015 05:25	89	107	75	71	55	397	5	80
11/05/2015 05:30	103	112	81	69	63	428	5	80
11/05/2015 05:35	111	139	94	78	73	495	5	80
11/05/2015 05:40	111	131	101	91	65	499	5	80
11/05/2015 05:45	111	146	101	93	69	520	5	80
11/05/2015 05:50	106	141	91	83	62	483	5	80
11/05/2015 05:55	97	124	90	84	62	457	5	80
11/05/2015 06:00	97	135	91	74	69	466	5	80
11/05/2015 06:05	100	131	90	91	54	466	5	80
11/05/2015 06:10	116	163	97	94	74	544	5	80
11/05/2015 06:15	118	144	105	98	79	544	5	80
11/05/2015 06:20	117	155	103	93	62	530	5	80
11/05/2015 06:25	115	135	104	88	82	524	5	80
11/05/2015 06:30	124	145	97	88	80	534	5	80
11/05/2015 06:35	127	167	113	111	89	607	5	80
11/05/2015 06:40	137	165	120	105	86	613	5	80
11/05/2015 06:45	128	146	110	113	78	575	5	80
11/05/2015 06:50	135	165	115	107	85	607	5	80
11/05/2015 06:55	139	163	115	114	107	638	5	80
11/05/2015 07:00	133	142	111	116	91	593	5	80
11/05/2015 07:05	139	181	121	118	106	665	5	80
11/05/2015 07:10	155	179	133	125	98	690	5	80
11/05/2015 07:15	158	204	139	142	114	757	5	80
11/05/2015 07:20	157	187	133	128	99	704	5	80
11/05/2015 07:25	167	194	141	132	104	738	5	80
11/05/2015 07:30	156	179	139	138	117	729	5	80
11/05/2015 07:35	163	183	128	139	127	740	5	80
11/05/2015 07:40	146	157	133	128	134	698	5	80
11/05/2015 07:45	152	161	121	128	116	678	5	80
11/05/2015 07:50	164	167	136	138	138	743	5	80
11/05/2015 07:55	159	167	138	136	125	725	5	80
11/05/2015 08:00	161	174	134	126	133	728	5	80
11/05/2015 08:05	177	196	149	149	131	802	5	80
11/05/2015 08:10	156	188	139	151	130	764	5	80
11/05/2015 08:15	163	177	134	141	123	738	5	80
11/05/2015 08:20	173	191	141	145	128	778	5	80
11/05/2015 08:25	153	182	135	126	112	708	5	80
11/05/2015 08:30	164	187	127	132	126	736	5	80
11/05/2015 08:35	151	184	139	130	131	735	5	80
11/05/2015 08:40	156	185	135	134	123	733	5	80
11/05/2015 08:45	145	181	135	130	109	700	5	80
11/05/2015 08:50	145	190	125	131	110	701	5	80
11/05/2015 08:55	154	190	122	128	106	700	5	80
11/05/2015 09:00	161	182	132	122	100	697	5	80
11/05/2015 09:05	138	181	127	114	109	669	5	80
11/05/2015 09:10	134	171	123	111	96	635	5	80
11/05/2015 09:15	158	163	124	120	93	658	5	80
11/05/2015 09:20	138	163	122	118	102	643	5	80
11/05/2015 09:25	146	167	126	121	103	663	5	80
11/05/2015 09:30	137	165	111	100	96	609	5	80
11/05/2015 09:35	139	155	120	107	103	624	5	80
11/05/2015 09:40	138	159	123	123	104	647	5	80
11/05/2015 09:45	108	140	113	97	86	544	5	80
11/05/2015 09:50	138	155	115	114	93	615	5	80
11/05/2015 09:55	135	153	111	106	94	599	5	80
11/05/2015 10:00	120	155	109	114	90	588	5	80
11/05/2015 10:05	140	169	121	120	111	661	5	80
11/05/2015 10:10	139	158	118	113	90	618	5	80
11/05/2015 10:15	139	165	125	108	84	621	5	80
11/05/2015 10:20	123	153	116	116	95	603	5	80
11/05/2015 10:25	125	149	112	116	84	586	5	80
11/05/2015 10:30	129	154	113	110	96	602	5	80
11/05/2015 10:35	146	162	122	118	96	644	5	80
11/05/2015 10:40	148	166	122	102	102	640	5	80
11/05/2015 10:45	137	158	115	113	96	619	5	80
11/05/2015 10:50	140	162	121	114	91	628	5	80
11/05/2015 10:55	138	166	121	108	99	632	5	80
11/05/2015 11:00	131	161	113	116	88	609	5	80
11/05/2015 11:05	133	152	110	99	86	580	5	80
11/05/2015 11:10	139	165	119	118	104	645	5	80
11/05/2015 11:15	146	173	129	121	105	674	5	80
11/05/2015 11:20	134	162	112	110	100	618	5	80
11/05/2015 11:25	138	162	117	113	114	644	5	80
11/05/2015 11:30	142	160	117	114	100	633	5	80
11/05/2015 11:35	143	163	119	115	101	641	5	80
11/05/2015 11:40	143	149	119	111	100	622	5	80
11/05/2015 11:45	124	146	115	117	95	597	5	80
11/05/2015 11:50	140	155	120	118	95	628	5	80
11/05/2015 11:55	120	149	119	123	98	609	5	80
11/05/2015 12:00	133	154	120	124	106	637	5	80
11/05/2015 12:05	116	164	110	110	104	604	5	80
11/05/2015 12:10	144	154	118	123	96	635	5	80
11/05/2015 12:15	137	164	123	120	116	660	5	80
11/05/2015 12:20	133	156	122	121	120	652	5	80
11/05/2015 12:25	143	154	124	117	110	648	5	80
11/05/2015 12:30	116	157	117	99	102	591	5	80
11/05/2015 12:35	145	177	122	115	109	668	5	80
11/05/2015 12:40	146	163	123	107	121	660	5	80
11/05/2015 12:45	153	166	130	113	111	673	5	80
11/05/2015 12:50	136	161	127	117	98	639	5	80
11/05/2015 12:55	140	152	117	113	112	634	5	80
11/05/2015 13:00	139	171	119	116	116	661	5	80
11/05/2015 13:05	154	167	126	131	119	697	5	80
11/05/2015 13:10	153	147	129	111	128	668	5	80
11/05/2015 13:15	139	161	126	123	122	671	5	80
11/05/2015 13:20	143	150	120	125	114	652	5	80
11/05/2015 13:25	150	157	123	118	108	656	5	80
11/05/2015 13:30	146	156	124	130	121	677	5	80
11/05/2015 13:35	140	169	132	125	119	685	5	80
11/05/2015 13:40	144	169	128	126	110	677	5	80
11/05/2015 13:45	152	171	132	124	128	707	5	80
11/05/2015 13:50	154	157	125	114	122	672	5	80
11/05/2015 13:55	144	157	125	129	113	668	5	80
11/05/2015 14:00	147	167	131	137	116	698	5	80
11/05/2015 14:05	147	160	128	118	127	680	5	80
11/05/2015 14:10	153	144	122	121	120	660	5	80
11/05/2015 14:15	158	154	128	121	112	673	5	80
11/05/2015 14:20	148	170	126	121	108	673	5	80
11/05/2015 14:25	142	163	132	131	114	682	5	80
11/05/2015 14:30	148	166	132	132	127	705	5	80
11/05/2015 14:35	140	156	134	129	122	681	5	80
11/05/2015 14:40	149	160	129	127	119	684	5	80
11/05/2015 14:45	136	138	129	121	119	643	5	80
11/05/2015 14:50	139	146	127	128	123	663	5	80
11/05/2015 14:55	131	136	118	113	115	613	5	80
11/05/2015 15:00	129	136	121	118	113	617	5	80
11/05/2015 15:05	121	129	122	118	113	603	5	80
11/05/2015 15:10	121	143	125	110	116	615	5	80
11/05/2015 15:15	137	143	122	119	117	638	5	80
11/05/2015 15:20	123	135	124	112	119	613	5	80
11/05/2015 15:25	119	127	118	103	109	576	5	80
11/05/2015 15:30	127	129	120	111	113	600	5	80
11/05/2015 15:35	133	140	128	125	112	638	5	80
11/05/2015 15:40	122	133	125	118	108	606	5	80
11/05/2015 15:45	119	132	124	107	95	577	5	80
11/05/2015 15:50	133	140	121	115	105	614	5	80
11/05/2015 15:55	127	127	120	115	104	593	5	80
11/05/2015 16:00	127	126	127	109	110	599	5	80
11/05/2015 16:05	127	136	122	110	101	596	5	80
11/05/2015 16:10	130	137	125	117	102	611	5	80
11/05/2015 16:15	143	142	126	117	115	643	5	80
11/05/2015 16:20	129	139	131	112	111	622	5	80
11/05/2015 16:25	130	137	125	121	119	632	5	80
11/05/2015 16:30	130	143	127	112	102	614	5	80
11/05/2015 16:35	119	135	126	115	91	586	5	80
11/05/2015 16:40	128	138	128	116	90	600	5	80
11/05/2015 16:45	129	142	127	112	101	611	5	80
11/05/2015 16:50	120	130	129	118	98	595	5	80
11/05/2015 16:55	136	146	133	112	118	645	5	80
11/05/2015 17:00	131	145	124	111	108	619	5	80
11/05/2015 17:05	133	132	123	100	94	582	5	80
11/05/2015 17:10	134	129	123	105	97	588	5	80
11/05/2015 17:15	139	142	121	116	100	618	5	80
11/05/2015 17:20	130	143	123	101	93	590	5	80
11/05/2015 17:25	128	140	120	96	95	579	5	80
11/05/2015 17:30	119	132	117	101	82	551	5	80
11/05/2015 17:35	128	130	120	112	87	577	5	80
11/05/2015 17:40	121	128	120	91	85	545	5	80
11/05/2015 17:45	123	120	113	103	89	548	5	80
11/05/2015 17:50	111	114	107	95	76	503	5	80
11/05/2015 17:55	124	134	122	97	89	566	5	80
11/05/2015 18:00	128	131	117	103	81	560	5	80
11/05/2015 18:05	120	130	116	104	94	564	5	80
11/05/2015 18:10	129	129	122	110	86	576	5	80
11/05/2015 18:15	115	136	112	93	82	538	5	80
11/05/2015 18:20	121	129	120	97	76	543	5	80
11/05/2015 18:25	130	133	121	98	84	566	5	80
11/05/2015 18:30	128	133	116	92	89	558	5	80
11/05/2015 18:35	116	126	105	99	83	529	5	80
11/05/2015 18:40	104	119	106	82	78	489	5	80
11/05/2015 18:45	114	127	112	86	77	516	5	80
11/05/2015 18:50	117	125	116	102	74	534	5	80
11/05/2015 18:55	123	118	122	97	82	542	5	80
11/05/2015 19:00	132	131	115	114	104	596	5	80
11/05/2015 19:05	126	123	121	110	97	577	5	80
11/05/2015 19:10	144	132	122	116	113	627	5	80
11/05/2015 19:15	133	132	125	111	97	598	5	80
11/05/2015 19:20	125	134	115	102	98	574	5	80
11/05/2015 19:25	129	141	126	116	101	613	5	80
11/05/2015 19:30	128	133	113	110	109	593	5	80
11/05/2015 19:35	128	129	115	108	101	581	5	80
11/05/2015 19:40	116	123	126	125	98	588	5	80
11/05/2015 19:45	131	142	122	121	110	626	5	80
11/05/2015 19:50	132	137	123	110	107	609	5	80
11/05/2015 19:55	124	127	110	96	107	564	5	80
11/05/2015 20:00	127	126	116	105	103	577	5	80
11/05/2015 20:05	130	134	125	119	110	618	5	80
11/05/2015 20:10	143	144	121	115	114	637	5	80
11/05/2015 20:15	146	150	129	118	113	656	5	80
11/05/2015 20:20	136	152	125	112	117	642	5	80
11/05/2015 20:25	121	148	122	119	122	632	5	80
11/05/2015 20:30	133	154	120	123	109	639	5	80
11/05/2015 20:35	132	129	118	119	112	610	5	80
11/05/2015 20:40	137	143	124	115	111	630	5	80
11/05/2015 20:45	131	153	116	115	109	624	5	80
11/05/2015 20:50	129	137	114	116	103	599	5	80
11/05/2015 20:55	130	143	118	118	100	609	5	80
11/05/2015 21:00	140	137	117	115	111	620	5	80
11/05/2015 21:05	134	153	118	127	101	633	5	80
11/05/2015 21:10	127	156	120	106	109	618	5	80
11/05/2015 21:15	128	140	111	106	99	584	5	80
11/05/2015 21:20	120	150	112	109	108	599	5	80
11/05/2015 21:25	122	124	103	110	95	554	5	80
11/05/2015 21:30	127	144	112	127	104	614	5	80
11/05/2015 21:35	103	142	109	81	76	511	5	80
11/05/2015 21:40	130	148	104	115	86	583	5	80
11/05/2015 21:45	120	131	108	100	70	529	5	80
11/05/2015 21:50	116	123	106	105	101	551	5	80
11/05/2015 21:55	124	152	102	96	93	567	5	80
11/05/2015 22:00	105	122	101	107	77	512	5	80
11/05/2015 22:05	122	151	107	104	82	566	5	80
11/05/2015 22:10	121	131	107	111	89	559	5	80
11/05/2015 22:15	107	119	99	103	78	506	5	80
11/05/2015 22:20	107	122	96	90	87	502	5	80
11/05/2015 22:25	109	117	98	101	89	514	5	80
11/05/2015 22:30	107	118	93	97	86	501	5	80
11/05/2015 22:35	105	121	91	86	84	487	5	80
11/05/2015 22:40	104	96	88	88	83	459	5	80
11/05/2015 22:45	86	89	80	86	71	412	5	80
11/05/2015 22:50	76	95	83	74	70	398	5	80
11/05/2015 22:55	88	91	79	74	69	401	5	80
11/05/2015 23:00	64	75	71	66	61	337	5	80
11/05/2015 23:05	85	81	75	83	65	389	5	80
11/05/2015 23:10	87	97	85	76	79	424	5	80
11/05/2015 23:15	80	80	74	81	69	384	5	80
11/05/2015 23:20	81	74	70	79	59	363	5	80
11/05/2015 23:25	69	74	70	61	53	327	5	80
11/05/2015 23:30	80	67	67	69	56	339	5	80
11/05/2015 23:35	71	67	62	55	56	311	5	80
11/05/2015 23:40	61	74	66	68	51	320	5	80
11/05/2015 23:45	66	61	62	56	46	291	5	80
11/05/2015 23:50	63	52	57	57	52	281	5	80
11/05/2015 23:55	56	55	55	48	39	253	5	80
11/06/2015 00:00	45	45	52	46	42	230	5	80
11/06/2015 00:05	68	46	52	46	43	255	5	80
11/06/2015 00:10	41	41	50	52	35	219	5	80
11/06/2015 00:15	60	45	52	44	50	251	5	80
11/06/2015 00:20	53	48	53	50	38	242	5	80
11/06/2015 00:25	36	34	44	40	34	188	5	80
11/06/2015 00:30	46	41	48	45	35	215	5	80
11/06/2015 00:35	34	26	39	34	35	168	5	80
11/06/2015 00:40	35	26	46	36	34	177	5	80
11/06/2015 00:45	45	40	43	41	25	194	5	80
11/06/2015 00:50	43	23	42	31	28	167	5	80
11/06/2015 00:55	31	25	39	27	27	149	5	80
11/06/2015 01:00	25	18	36	27	29	135	5	80
11/06/2015 01:05	35	32	38	26	21	152	5	80
11/06/2015 01:10	34	24	41	34	30	163	5	80
11/06/2015 01:15	29	15	36	14	23	117	5	80
11/06/2015 01:20	29	25	39	29	23	145	5	80
11/06/2015 01:25	20	22	37	23	18	120	5	80
11/06/2015 01:30	23	14	31	25	21	114	5	80
11/06/2015 01:35	22	11	31	20	16	100	5	80
11/06/2015 01:40	27	16	36	20	22	121	5	80
11/06/2015 01:45	28	24	38	31	22	143	5	80
11/06/2015 01:50	24	18	34	24	14	114	5	80
11/06/2015 01:55	32	23	36	21	21	133	5	80
11/06/2015 02:00	18	20	35	30	13	116	5	80
11/06/2015 02:05	21	12	30	19	21	103	5	80
11/06/2015 02:10	37	24	37	32	17	147	5	80
11/06/2015 02:15	26	26	38	23	19	132	5	80
11/06/2015 02:20	21	16	35	29	18	119	5	80
11/06/2015 02:25	30	19	35	28	19	131	5	80
11/06/2015 02:30	20	9	30	20	20	99	5	80
11/06/2015 02:35	23	23	34	24	26	130	5	80
11/06/2015 02:40	23	17	34	27	16	117	5	80
11/06/2015 02:45	17	22	37	20	20	116	5	80
11/06/2015 02:50	19	9	30	20	14	92	5	80
11/06/2015 02:55	18	10	29	19	13	89	5	80
11/06/2015 03:00	18	7	28	17	9	79	5	80
11/06/2015 03:05	23	12	29	20	14	98	5	80
11/06/2015 03:10	26	12	30	21	19	108	5	80
11/06/2015 03:15	20	17	33	17	21	108	5	80
11/06/2015 03:20	23	13	30	23	14	103	5	80
11/06/2015 03:25	19	12	31	28	19	109	5	80
11/06/2015 03:30	20	13	31	32	16	112	5	80
11/06/2015 03:35	30	16	33	27	21	127	5	80
11/06/2015 03:40	21	13	31	25	16	106	5	80
11/06/2015 03:45	26	14	31	20	21	112	5	80
11/06/2015 03:50	21	19	34	26	20	120	5	80
11/06/2015 03:55	22	15	31	16	24	108	5	80
11/06/2015 04:00	20	14	31	22	21	108	5	80
11/06/2015 04:05	33	20	34	28	17	132	5	80
11/06/2015 04:10	41	22	38	27	21	149	5	80
11/06/2015 04:15	35	27	40	33	31	166	5	80
11/06/2015 04:20	29	27	40	34	26	156	5	80
11/06/2015 04:25	36	26	39	34	28	163	5	80
11/06/2015 04:30	40	37	46	46	35	204	5	80
11/06/2015 04:35	48	50	52	44	38	232	5	80
11/06/2015 04:40	63	39	49	47	30	228	5	80
11/06/2015 04:45	57	51	53	47	34	242	5	80
11/06/2015 04:50	64	63	60	51	40	278	5	80
11/06/2015 04:55	46	43	44	40	28	201	5	80
11/06/2015 05:00	53	45	50	40	35	223	5	80
11/06/2015 05:05	60	55	55	56	41	267	5	80
11/06/2015 05:10	72	73	67	56	42	310	5	80
11/06/2015 05:15	65	69	62	60	43	299	5	80
11/06/2015 05:20	85	112	76	74	63	410	5	80
11/06/2015 05:25	87	97	73	62	63	382	5	80
11/06/2015 05:30	107	119	88	91	57	462	5	80
11/06/2015 05:35	107	117	96	76	73	469	5	80
11/06/2015 05:40	102	139	93	72	63	469	5	80
11/06/2015 05:45	104	138	92	78	68	480	5	80
11/06/2015 05:50	91	112	88	69	64	424	5	80
11/06/2015 05:55	94	125	88	82	64	453	5	80
11/06/2015 06:00	64	80	75	63	52	334	5	80
11/06/2015 06:05	110	140	86	86	58	480	5	80
11/06/2015 06:10	118	146	102	102	63	531	5	80
11/06/2015 06:15	107	124	99	82	64	476	5	80
11/06/2015 06:20	101	117	86	82	62	448	5	80
11/06/2015 06:25	111	117	93	82	82	485	5	80
11/06/2015 06:30	120	147	95	101	69	532	5	80
11/06/2015 06:35	120	143	108	90	99	560	5	80
11/06/2015 06:40	111	130	98	94	77	510	5	80
11/06/2015 06:45	121	138	98	111	91	559	5	80
11/06/2015 06:50	120	146	102	101	91	560	5	80
11/06/2015 06:55	132	151	113	110	89	595	5	80
11/06/2015 07:00	147	168	108	119	104	646	5	80
11/06/2015 07:05	123	158	107	104	103	595	5	80
11/06/2015 07:10	138	170	114	109	103	634	5	80
11/06/2015 07:15	149	168	132	131	103	683	5	80
11/06/2015 07:20	136	180	124	140	121	701	5	80
11/06/2015 07:25	150	185	132	124	126	717	5	80
11/06/2015 07:30	157	181	133	126	125	722	5	80
11/06/2015 07:35	142	154	120	109	118	643	5	80
11/06/2015 07:40	144	179	122	142	120	707	5	80
11/06/2015 07:45	149	176	131	135	129	720	5	80
11/06/2015 07:50	143	167	122	131	117	680	5	80
11/06/2015 07:55	134	152	121	111	108	626	5	80
11/06/2015 08:00	163	168	132	143	136	742	5	80
11/06/2015 08:05	149	180	139	148	107	723	5	80
11/06/2015 08:10	156	170	131	140	126	723	5	80
11/06/2015 08:15	159	163	128	132	120	702	5	80
11/06/2015 08:20	161	178	136	145	106	726	5	80
11/06/2015 08:25	163	181	136	131	131	742	5	80
11/06/2015 08:30	147	174	136	124	110	691	5	80
11/06/2015 08:35	156	164	129	123	109	681	5	80
11/06/2015 08:40	153	167	127	121	114	682	5	80
11/06/2015 08:45	157	184	136	119	112	708	5	80
11/06/2015 08:50	157	168	132	129	107	693	5	80
11/06/2015 08:55	159	166	130	133	123	711	5	80
11/06/2015 09:00	142	170	120	108	98	638	5	80
11/06/2015 09:05	134	161	109	120	103	627	5	80
11/06/2015 09:10	119	155	120	110	100	604	5	80
11/06/2015 09:15	152	174	131	130	99	686	5	80
11/06/2015 09:20	147	165	115	110	95	632	5	80
11/06/2015 09:25	146	166	128	125	106	671	5	80
11/06/2015 09:30	140	177	125	115	97	654	5	80
11/06/2015 09:35	124	153	110	114	94	595	5	80
11/06/2015 09:40	141	159	125	112	112	649	5	80
11/06/2015 09:45	127	158	116	119	86	606	5	80
11/06/2015 09:50	136	161	121	121	103	642	5	80
11/06/2015 09:55	139	156	116	113	107	631	5	80
11/06/2015 10:00	130	148	116	115	92	601	5	80
11/06/2015 10:05	127	170	116	114	89	616	5	80
11/06/2015 10:10	110	141	114	107	81	553	5	80
11/06/2015 10:15	139	165	123	114	102	643	5	80
11/06/2015 10:20	120	152	114	107	96	589	5	80
11/06/2015 10:25	136	166	112	114	100	628	5	80
11/06/2015 10:30	154	165	125	102	106	652	5	80
11/06/2015 10:35	133	151	114	112	93	603	5	80
11/06/2015 10:40	129	166	120	100	103	618	5	80
11/06/2015 10:45	154	165	124	124	111	678	5	80
11/06/2015 10:50	137	165	127	117	106	652	5	80
11/06/2015 10:55	135	166	116	122	100	639	5	80
11/06/2015 11:00	131	148	107	105	97	588	5	80
11/06/2015 11:05	144	167	112	113	99	635	5	80
11/06/2015 11:10	153	159	125	126	103	666	5	80
11/06/2015 11:15	130	163	123	111	113	640	5	80
11/06/2015 11:20	140	157	119	115	95	626	5	80
11/06/2015 11:25	142	160	120	113	104	639	5	80
11/06/2015 11:30	140	150	112	117	108	627	5	80
11/06/2015 11:35	134	154	120	122	110	640	5	80
11/06/2015 11:40	140	164	117	110	95	626	5	80
11/06/2015 11:45	154	148	119	110	109	640	5	80
11/06/2015 11:50	137	159	121	111	102	630	5	80
11/06/2015 11:55	140	160	124	119	98	641	5	80
11/06/2015 12:00	138	163	127	123	103	654	5	80
11/06/2015 12:05	140	164	129	123	105	661	5	80
11/06/2015 12:10	144	165	130	135	121	695	5	80
11/06/2015 12:15	146	170	131	128	110	685	5	80
11/06/2015 12:20	149	155	123	115	101	643	5	80
11/06/2015 12:25	143	156	125	131	103	658	5	80
11/06/2015 12:30	148	156	127	132	116	679	5	80
11/06/2015 12:35	143	161	126	107	107	644	5	80
11/06/2015 12:40	131	149	122	117	114	633	5	80
11/06/2015 12:45	139	142	115	118	108	622	5	80
11/06/2015 12:50	142	161	124	118	117	662	5	80
11/06/2015 12:55	143	165	130	122	118	678	5	80
11/06/2015 13:00	151	153	127	124	126	681	5	80
11/06/2015 13:05	145	166	130	117	110	668	5	80
11/06/2015 13:10	134	153	121	108	113	629	5	80
11/06/2015 13:15	137	154	124	132	122	669	5	80
11/06/2015 13:20	154	169	134	133	134	724	5	80
11/06/2015 13:25	152	154	130	125	129	690	5	80
11/06/2015 13:30	138	160	122	119	117	656	5	80
11/06/2015 13:35	151	163	125	121	119	679	5	80
11/06/2015 13:40	147	157	127	126	119	676	5	80
11/06/2015 13:45	151	146	135	131	135	698	5	80
11/06/2015 13:50	140	166	130	131	121	688	5	80
11/06/2015 13:55	123	151	123	134	119	650	5	80
11/06/2015 14:00	151	156	124	121	119	671	5	80
11/06/2015 14:05	130	137	123	121	113	624	5	80
11/06/2015 14:10	139	150	123	116	120	648	5	80
11/06/2015 14:15	129	127	123	109	118	606	5	80
11/06/2015 14:20	120	136	124	115	122	617	5	80
11/06/2015 14:25	141	143	123	119	121	647	5	80
11/06/2015 14:30	138	136	125	111	117	627	5	80
11/06/2015 14:35	130	129	126	112	119	616	5	80
11/06/2015 14:40	124	143	121	113	119	620	5	80
11/06/2015 14:45	121	126	119	114	99	579	5	80
11/06/2015 14:50	121	125	119	106	90	561	5	80
11/06/2015 14:55	125	130	123	103	101	582	5	80
11/06/2015 15:00	118	131	127	114	99	589	5	80
11/06/2015 15:05	122	128	117	127	114	608	5	80
11/06/2015 15:10	133	125	122	107	106	593	5	80
11/06/2015 15:15	131	133	125	116	122	627	5	80
11/06/2015 15:20	127	133	120	112	104	596	5	80
11/06/2015 15:25	129	130	123	111	109	602	5	80
11/06/2015 15:30	122	137	126	119	125	629	5	80
11/06/2015 15:35	126	131	120	110	104	591	5	80
11/06/2015 15:40	128	131	125	109	101	594	5	80
11/06/2015 15:45	131	130	124	119	112	616	5	80
11/06/2015 15:50	139	140	125	111	121	636	5	80
11/06/2015 15:55	138	133	127	106	120	624	5	80
11/06/2015 16:00	137	142	123	117	111	630	5	80
11/06/2015 16:05	128	142	128	111	112	621	5	80
11/06/2015 16:10	134	135	125	102	99	595	5	80
11/06/2015 16:15	128	128	122	103	100	581	5	80
11/06/2015 16:20	135	140	133	117	103	628	5	80
11/06/2015 16:25	129	147	132	110	106	624	5	80
11/06/2015 16:30	136	151	132	116	107	642	5	80
11/06/2015 16:35	137	136	132	118	108	631	5	80
11/06/2015 16:40	138	143	129	126	111	647	5	80
11/06/2015 16:45	127	143	131	110	116	627	5	80
11/06/2015 16:50	134	138	127	106	108	613	5	80
11/06/2015 16:55	131	138	132	121	118	640	5	80
11/06/2015 17:00	129	134	128	113	108	612	5	80
11/06/2015 17:05	141	146	134	122	116	659	5	80
11/06/2015 17:10	141	156	124	112	100	633	5	80
11/06/2015 17:15	129	144	125	110	82	590	5	80
11/06/2015 17:20	131	143	120	104	97	595	5	80
11/06/2015 17:25	124	127	122	102	89	564	5	80
11/06/2015 17:30	116	131	123	101	96	567	5	80
11/06/2015 17:35	126	134	121	112	92	585	5	80
11/06/2015 17:40	127	132	132	107	93	591	5	80
11/06/2015 17:45	132	140	123	123	113	631	5	80
11/06/2015 17:50	137	150	129	112	113	641	5	80
11/06/2015 17:55	131	141	120	115	103	610	5	80
11/06/2015 18:00	115	120	125	106	83	549	5	80
11/06/2015 18:05	129	134	118	121	106	608	5	80
11/06/2015 18:10	131	129	124	102	99	585	5	80
11/06/2015 18:15	128	143	120	109	98	598	5	80
11/06/2015 18:20	133	136	124	112	90	595	5	80
11/06/2015 18:25	129	142	127	124	109	631	5	80
11/06/2015 18:30	135	140	123	106	94	598	5	80
11/06/2015 18:35	125	144	129	119	105	622	5	80
11/06/2015 18:40	140	129	114	125	108	616	5	80
11/06/2015 18:45	122	141	121	115	118	617	5	80
11/06/2015 18:50	138	150	123	117	103	631	5	80
11/06/2015 18:55	131	143	129	120	113	636	5	80
11/06/2015 19:00	134	146	124	114	111	629	5	80
11/06/2015 19:05	140	139	115	118	108	620	5	80
11/06/2015 19:10	123	140	124	105	89	581	5	80
11/06/2015 19:15	130	135	120	112	111	608	5	80
11/06/2015 19:20	135	140	116	110	112	613	5	80
11/06/2015 19:25	132	132	120	114	116	614	5	80
11/06/2015 19:30	127	132	115	109	97	580	5	80
11/06/2015 19:35	118	133	109	104	97	561	5	80
11/06/2015 19:40	105	115	111	106	94	531	5	80
11/06/2015 19:45	120	130	115	109	106	580	5	80
11/06/2015 19:50	128	127	112	99	107	573	5	80
11/06/2015 19:55	130	133	113	117	109	602	5	80
11/06/2015 20:00	131	148	119	113	106	617	5	80
11/06/2015 20:05	134	139	118	121	108	620	5	80
11/06/2015 20:10	134	147	118	128	114	641	5	80
11/06/2015 20:15	130	134	120	111	118	613	5	80
11/06/2015 20:20	133	136	118	125	120	632	5	80
11/06/2015 20:25	140	136	125	117	112	630	5	80
11/06/2015 20:30	116	129	122	110	107	584	5	80
11/06/2015 20:35	139	144	121	117	110	631	5	80
11/06/2015 20:40	124	137	112	119	101	593	5	80
11/06/2015 20:45	111	136	111	109	108	575	5	80
11/06/2015 20:50	130	150	120	120	93	613	5	80
11/06/2015 20:55	105	133	102	107	89	536	5	80
11/06/2015 21:00	116	132	108	103	95	554	5	80
11/06/2015 21:05	123	138	112	107	83	563	5	80
11/06/2015 21:10	112	136	111	113	100	572	5	80
11/06/2015 21:15	126	135	110	109	101	581	5	80
11/06/2015 21:20	118	135	110	118	111	592	5	80
11/06/2015 21:25	127	138	112	110	102	589	5	80
11/06/2015 21:30	111	138	108	105	104	566	5	80
11/06/2015 21:35	104	111	104	106	103	528	5	80
11/06/2015 21:40	125	145	105	120	98	593	5	80
11/06/2015 21:45	128	136	110	115	105	594	5	80
11/06/2015 21:50	109	128	106	93	91	527	5	80
11/06/2015 21:55	106	138	107	111	90	552	5	80
11/06/2015 22:00	110	126	103	98	86	523	5	80
11/06/2015 22:05	119	124	99	100	85	527	5	80
11/06/2015 22:10	118	141	112	106	102	579	5	80
11/06/2015 22:15	139	136	111	103	100	589	5	80
11/06/2015 22:20	110	119	100	95	91	515	5	80
11/06/2015 22:25	115	121	100	100	89	525	5	80
11/06/2015 22:30	86	107	88	89	72	442	5	80
11/06/2015 22:35	100	114	97	98	82	491	5	80
11/06/2015 22:40	112	121	101	91	79	504	5	80
11/06/2015 22:45	117	93	85	90	72	457	5	80
11/06/2015 22:50	112	127	97	102	84	522	5	80
11/06/2015 22:55	98	91	85	83	68	425	5	80
11/06/2015 23:00	93	94	83	78	80	428	5	80
11/06/2015 23:05	91	104	87	90	79	451	5	80
11/06/2015 23:10	86	115	87	90	76	454	5	80
11/06/2015 23:15	106	111	93	91	78	479	5	80
11/06/2015 23:20	100	112	94	105	81	492	5	80
11/06/2015 23:25	87	88	77	76	71	399	5	80
11/06/2015 23:30	91	100	83	62	57	393	5	80
11/06/2015 23:35	86	94	83	67	78	408	5	80
11/06/2015 23:40	98	89	80	78	66	411	5	80
11/06/2015 23:45	85	76	74	66	64	365	5	80
11/06/2015 23:50	81	81	67	61	50	340	5	80
11/06/2015 23:55	71	69	71	62	58	331	5	80
11/07/2015 00:00	70	60	62	67	40	299	5	80
11/07/2015 00:05	60	64	64	65	52	305	5	80
11/07/2015 00:10	77	60	64	59	60	320	5	80
11/07/2015 00:15	70	70	62	61	48	311	5	80
11/07/2015 00:20	56	52	61	51	49	269	5	80
11/07/2015 00:25	69	63	62	46	54	294	5	80
11/07/2015 00:30	57	39	50	41	36	223	5	80
11/07/2015 00:35	46	55	59	60	45	265	5	80
11/07/2015 00:40	61	44	57	44	51	257	5	80
11/07/2015 00:45	50	49	55	53	47	254	5	80
11/07/2015 00:50	45	41	49	38	34	207	5	80
11/07/2015 00:55	41	40	48	50	33	212	5	80
11/07/2015 01:00	59	40	50	42	38	229	5	80
11/07/2015 01:05	48	47	53	44	23	215	5	80
11/07/2015 01:10	45	46	49	39	34	213	5	80
11/07/2015 01:15	43	38	51	41	37	210	5	80
11/07/2015 01:20	44	35	43	32	27	181	5	80
11/07/2015 01:25	37	27	41	36	28	169	5	80
11/07/2015 01:30	31	28	39	29	22	149	5	80
11/07/2015 01:35	51	37	46	36	26	196	5	80
11/07/2015 01:40	40	25	43	39	26	173	5	80
11/07/2015 01:45	50	28	43	31	34	186	5	80
11/07/2015 01:50	31	32	43	34	31	171	5	80
11/07/2015 01:55	31	29	42	28	26	156	5	80
11/07/2015 02:00	42	32	46	41	33	194	5	80
11/07/2015 02:05	30	32	40	35	23	160	5	80
11/07/2015 02:10	45	43	50	47	37	222	5	80
11/07/2015 02:15	48	46	52	42	24	212	5	80
11/07/2015 02:20	35	35	45	38	24	177	5	80
11/07/2015 02:25	33	34	43	37	28	175	5	80
11/07/2015 02:30	38	28	40	31	24	161	5	80
11/07/2015 02:35	37	29	42	38	26	172	5	80
11/07/2015 02:40	29	22	40	34	28	153	5	80
11/07/2015 02:45	31	23	37	33	19	143	5	80
11/07/2015 02:50	26	17	35	28	19	125	5	80
11/07/2015 02:55	36	28	39	31	21	155	5	80
11/07/2015 03:00	26	25	39	27	22	139	5	80
11/07/2015 03:05	29	29	36	28	19	141	5	80
11/07/2015 03:10	31	22	38	26	24	141	5	80
11/07/2015 03:15	20	21	36	26	24	127	5	80
11/07/2015 03:20	31	19	36	19	19	124	5	80
11/07/2015 03:25	24	17	36	17	19	113	5	80
11/07/2015 03:30	26	19	39	32	23	139	5	80
11/07/2015 03:35	18	14	37	28	27	124	5	80
11/07/2015 03:40	11	11	31	19	13	85	5	80
11/07/2015 03:45	23	17	33	17	18	108	5	80
11/07/2015 03:50	31	19	32	20	14	116	5	80
11/07/2015 03:55	17	23	34	18	17	109	5	80
11/07/2015 04:00	8	8	28	15	9	68	5	80
11/07/2015 04:05	12	6	27	15	8	68	5	80
11/07/2015 04:10	14	6	29	17	11	77	5	80
11/07/2015 04:15	26	26	36	21	18	127	5	80
11/07/2015 04:20	32	22	39	37	21	151	5	80
11/07/2015 04:25	36	32	43	25	22	158	5	80
11/07/2015 04:30	24	21	39	29	24	137	5	80
11/07/2015 04:35	19	25	39	28	24	135	5	80
11/07/2015 04:40	32	24	38	27	21	142	5	80
11/07/2015 04:45	24	27	39	33	22	145	5	80
11/07/2015 04:50	28	21	35	22	17	123	5	80
11/07/2015 04:55	31	23	37	27	20	138	5	80
11/07/2015 05:00	23	20	36	22	20	121	5	80
11/07/2015 05:05	35	36	42	26	22	161	5	80
11/07/2015 05:10	43	46	51	32	34	206	5	80
11/07/2015 05:15	42	39	47	33	31	192	5	80
11/07/2015 05:20	38	37	46	37	30	188	5	80
11/07/2015 05:25	44	47	47	41	26	205	5	80
11/07/2015 05:30	50	45	48	44	29	216	5	80
11/07/2015 05:35	57	45	46	48	25	221	5	80
11/07/2015 05:40	49	47	50	44	33	223	5	80
11/07/2015 05:45	58	62	55	49	33	257	5	80
11/07/2015 05:50	54	50	53	37	37	231	5	80
11/07/2015 05:55	44	47	56	40	30	217	5	80
11/07/2015 06:00	60	53	57	49	46	265	5	80
11/07/2015 06:05	55	58	56	38	42	249	5	80
11/07/2015 06:10	61	72	64	53	44	294	5	80
11/07/2015 06:15	64	72	65	51	42	294	5	80
11/07/2015 06:20	79	81	70	60	48	338	5	80
11/07/2015 06:25	71	81	72	73	53	350	5	80
11/07/2015 06:30	85	81	74	56	46	342	5	80
11/07/2015 06:35	83	83	76	64	46	352	5	80
11/07/2015 06:40	87	89	79	70	54	379	5	80
11/07/2015 06:45	76	92	78	72	62	380	5	80
11/07/2015 06:50	95	102	74	68	58	397	5	80
11/07/2015 06:55	81	99	76	71	50	377	5	80
11/07/2015 07:00	79	100	85	81	52	397	5	80
11/07/2015 07:05	106	112	85	74	68	445	5	80
11/07/2015 07:10	103	111	86	89	68	457	5	80
11/07/2015 07:15	105	129	39	94	73	440	5	80
11/07/2015 07:20	96	115	86	89	78	464	5	80
11/07/2015 07:25	93	118	95	84	77	467	5	80
11/07/2015 07:30	117	124	98	92	73	504	5	80
11/07/2015 07:35	112	132	95	93	68	500	5	80
11/07/2015 07:40	114	154	103	99	88	558	5	80
11/07/2015 07:45	117	138	100	91	85	531	5	80
11/07/2015 07:50	114	136	99	97	79	525	5	80
11/07/2015 07:55	113	141	84	78	63	479	5	80
11/07/2015 08:00	103	128	104	92	69	496	5	80
11/07/2015 08:05	120	139	103	98	77	537	5	80
11/07/2015 08:10	128	150	99	101	83	561	5	80
11/07/2015 08:15	114	134	103	100	76	527	5	80
11/07/2015 08:20	105	138	99	95	79	516	5	80
11/07/2015 08:25	127	142	103	103	78	553	5	80
11/07/2015 08:30	123	138	100	91	78	530	5	80
11/07/2015 08:35	144	174	121	114	93	646	5	80
11/07/2015 08:40	129	144	99	111	81	564	5	80
11/07/2015 08:45	146	162	117	120	94	639	5	80
11/07/2015 08:50	123	157	107	102	81	570	5	80
11/07/2015 08:55	122	146	110	102	95	575	5	80
11/07/2015 09:00	127	166	102	87	85	567	5	80
11/07/2015 09:05	120	135	100	106	91	552	5	80
11/07/2015 09:10	125	167	116	119	93	620	5	80
11/07/2015 09:15	142	168	125	111	109	655	5	80
11/07/2015 09:20	142	180	132	132	110	696	5	80
11/07/2015 09:25	135	177	120	113	105	650	5	80
11/07/2015 09:30	153	162	123	120	92	650	5	80
11/07/2015 09:35	152	162	127	118	96	655	5	80
11/07/2015 09:40	145	166	123	119	104	657	5	80
11/07/2015 09:45	148	166	128	126	99	667	5	80
11/07/2015 09:50	146	177	124	121	104	672	5	80
11/07/2015 09:55	145	176	124	129	102	676	5	80
11/07/2015 10:00	144	176	120	121	113	674	5	80
11/07/2015 10:05	139	165	121	124	99	648	5	80
11/07/2015 10:10	160	178	131	135	122	726	5	80
11/07/2015 10:15	152	171	122	110	97	652	5	80
11/07/2015 10:20	138	164	118	121	93	634	5	80
11/07/2015 10:25	149	178	138	140	116	721	5	80
11/07/2015 10:30	129	158	126	120	116	649	5	80
11/07/2015 10:35	148	161	126	127	93	655	5	80
11/07/2015 10:40	137	161	120	123	117	658	5	80
11/07/2015 10:45	141	159	122	130	104	656	5	80
11/07/2015 10:50	143	146	119	114	112	634	5	80
11/07/2015 10:55	150	160	123	129	114	676	5	80
11/07/2015 11:00	149	164	117	119	107	656	5	80
11/07/2015 11:05	145	165	124	126	110	670	5	80
11/07/2015 11:10	132	145	116	108	113	614	5	80
11/07/2015 11:15	129	142	118	123	113	625	5	80
11/07/2015 11:20	152	148	117	139	104	660	5	80
11/07/2015 11:25	159	154	127	114	107	661	5	80
11/07/2015 11:30	160	160	127	119	121	687	5	80
11/07/2015 11:35	139	162	126	131	118	676	5	80
11/07/2015 11:40	144	157	127	123	120	671	5	80
11/07/2015 11:45	129	136	127	115	97	604	5	80
11/07/2015 11:50	121	168	121	125	106	641	5	80
11/07/2015 11:55	154	153	134	119	110	670	5	80
11/07/2015 12:00	149	159	126	132	122	688	5	80
11/07/2015 12:05	148	147	118	137	111	661	5	80
11/07/2015 12:10	145	160	127	116	128	676	5	80
11/07/2015 12:15	147	159	132	117	123	678	5	80
11/07/2015 12:20	148	138	115	134	120	655	5	80
11/07/2015 12:25	148	151	127	119	110	655	5	80
11/07/2015 12:30	152	156	126	130	116	680	5	80
11/07/2015 12:35	151	170	133	131	112	697	5	80
11/07/2015 12:40	144	158	125	132	118	677	5	80
11/07/2015 12:45	148	172	128	133	127	708	5	80
11/07/2015 12:50	144	156	125	134	113	672	5	80
11/07/2015 12:55	148	162	130	131	133	704	5	80
11/07/2015 13:00	161	157	127	122	126	693	5	80
11/07/2015 13:05	159	151	133	122	121	686	5	80
11/07/2015 13:10	151	161	135	148	117	712	5	80
11/07/2015 13:15	133	141	123	116	121	634	5	80
11/07/2015 13:20	150	162	130	133	108	683	5	80
11/07/2015 13:25	141	152	120	124	118	655	5	80
11/07/2015 13:30	134	148	130	126	112	650	5	80
11/07/2015 13:35	139	161	127	133	120	680	5	80
11/07/2015 13:40	156	163	129	133	118	699	5	80
11/07/2015 13:45	147	157	127	129	128	688	5	80
11/07/2015 13:50	149	150	123	123	133	678	5	80
11/07/2015 13:55	141	141	121	135	108	646	5	80
11/07/2015 14:00	134	144	129	117	125	649	5	80
11/07/2015 14:05	130	148	128	124	128	658	5	80
11/07/2015 14:10	141	141	125	124	119	650	5	80
11/07/2015 14:15	127	138	119	122	111	617	5	80
11/07/2015 14:20	139	134	122	122	132	649	5	80
11/07/2015 14:25	133	136	126	132	124	651	5	80
11/07/2015 14:30	130	130	120	124	116	620	5	80
11/07/2015 14:35	136	131	122	123	122	634	5	80
11/07/2015 14:40	138	138	128	128	131	663	5	80
11/07/2015 14:45	137	145	122	132	119	655	5	80
11/07/2015 14:50	131	138	125	126	121	641	5	80
11/07/2015 14:55	126	132	127	130	126	641	5	80
11/07/2015 15:00	128	140	122	119	118	627	5	80
11/07/2015 15:05	126	136	123	125	123	633	5	80
11/07/2015 15:10	138	145	125	133	126	667	5	80
11/07/2015 15:15	138	138	125	123	122	646	5	80
11/07/2015 15:20	131	138	122	131	120	642	5	80
11/07/2015 15:25	133	142	130	116	126	647	5	80
11/07/2015 15:30	145	141	130	129	131	676	5	80
11/07/2015 15:35	140	138	129	130	123	660	5	80
11/07/2015 15:40	125	132	122	119	116	614	5	80
11/07/2015 15:45	136	123	127	131	129	646	5	80
11/07/2015 15:50	127	128	121	130	120	626	5	80
11/07/2015 15:55	129	136	122	120	123	630	5	80
11/07/2015 16:00	126	133	122	117	123	621	5	80
11/07/2015 16:05	132	130	124	118	134	638	5	80
11/07/2015 16:10	127	137	123	135	135	657	5	80
11/07/2015 16:15	131	135	125	122	125	638	5	80
11/07/2015 16:20	132	129	121	116	122	620	5	80
11/07/2015 16:25	136	134	124	127	117	638	5	80
11/07/2015 16:30	126	132	122	112	121	613	5	80
11/07/2015 16:35	132	138	122	126	118	636	5	80
11/07/2015 16:40	137	139	125	127	121	649	5	80
11/07/2015 16:45	131	138	122	125	121	637	5	80
11/07/2015 16:50	134	136	124	127	128	649	5	80
11/07/2015 16:55	128	133	124	120	119	624	5	80
11/07/2015 17:00	136	135	122	127	119	639	5	80
11/07/2015 17:05	133	130	121	124	109	617	5	80
11/07/2015 17:10	134	133	122	124	119	632	5	80
11/07/2015 17:15	144	146	116	135	111	652	5	80
11/07/2015 17:20	136	142	118	130	120	646	5	80
11/07/2015 17:25	133	144	120	132	111	640	5	80
11/07/2015 17:30	130	136	121	119	125	631	5	80
11/07/2015 17:35	121	136	118	130	114	619	5	80
11/07/2015 17:40	127	130	114	126	107	604	5	80
11/07/2015 17:45	136	134	122	123	114	629	5	80
11/07/2015 17:50	123	129	124	118	111	605	5	80
11/07/2015 17:55	129	136	120	120	123	628	5	80
11/07/2015 18:00	129	147	120	131	123	650	5	80
11/07/2015 18:05	125	136	121	122	115	619	5	80
11/07/2015 18:10	132	140	116	123	116	627	5	80
11/07/2015 18:15	128	141	127	132	121	649	5	80
11/07/2015 18:20	134	138	125	125	127	649	5	80
11/07/2015 18:25	131	134	122	125	118	630	5	80
11/07/2015 18:30	131	128	117	122	116	614	5	80
11/07/2015 18:35	129	133	115	126	114	617	5	80
11/07/2015 18:40	124	130	118	115	120	607	5	80
11/07/2015 18:45	133	131	119	123	126	632	5	80
11/07/2015 18:50	120	139	116	119	111	605	5	80
11/07/2015 18:55	125	135	122	127	121	630	5	80
11/07/2015 19:00	129	128	118	120	109	604	5	80
11/07/2015 19:05	138	135	123	130	123	649	5	80
11/07/2015 19:10	134	136	126	140	125	661	5	80
11/07/2015 19:15	150	132	116	114	119	631	5	80
11/07/2015 19:20	131	131	119	133	118	632	5	80
11/07/2015 19:25	137	142	119	111	117	626	5	80
11/07/2015 19:30	129	146	115	129	108	627	5	80
11/07/2015 19:35	136	136	113	108	106	599	5	80
11/07/2015 19:40	130	132	115	122	113	612	5	80
11/07/2015 19:45	112	125	113	111	110	571	5	80
11/07/2015 19:50	129	140	114	110	99	592	5	80
11/07/2015 19:55	115	128	112	116	111	582	5	80
11/07/2015 20:00	117	137	111	115	115	595	5	80
11/07/2015 20:05	128	137	110	118	92	585	5	80
11/07/2015 20:10	127	134	111	116	106	594	5	80
11/07/2015 20:15	115	134	104	102	99	554	5	80
11/07/2015 20:20	103	107	93	91	86	480	5	80
11/07/2015 20:25	109	124	98	97	82	510	5	80
11/07/2015 20:30	110	115	94	108	78	505	5	80
11/07/2015 20:35	119	133	100	110	84	546	5	80
11/07/2015 20:40	112	110	93	83	80	478	5	80
11/07/2015 20:45	103	112	97	100	92	504	5	80
11/07/2015 20:50	94	105	88	94	76	457	5	80
11/07/2015 20:55	106	111	93	102	83	495	5	80
11/07/2015 21:00	104	119	103	92	83	501	5	80
11/07/2015 21:05	94	112	90	96	71	463	5	80
11/07/2015 21:10	122	108	96	99	69	494	5	80
11/07/2015 21:15	115	128	102	99	104	548	5	80
11/07/2015 21:20	105	98	94	95	80	472	5	80
11/07/2015 21:25	117	113	89	99	73	491	5	80
11/07/2015 21:30	102	110	95	91	69	467	5	80
11/07/2015 21:35	103	98	92	96	95	484	5	80
11/07/2015 21:40	103	118	99	96	74	490	5	80
11/07/2015 21:45	93	103	89	82	71	438	5	80
11/07/2015 21:50	114	119	93	87	82	495	5	80
11/07/2015 21:55	107	122	99	98	95	521	5	80
11/07/2015 22:00	103	109	103	99	100	514	5	80
11/07/2015 22:05	116	121	99	101	84	521	5	80
11/07/2015 22:10	109	121	99	102	92	523	5	80
11/07/2015 22:15	111	96	100	104	91	502	5	80
11/07/2015 22:20	117	130	107	90	91	535	5	80
11/07/2015 22:25	103	106	95	91	88	483	5	80
11/07/2015 22:30	118	127	96	97	74	512	5	80
11/07/2015 22:35	90	111	88	89	80	458	5	80
11/07/2015 22:40	89	114	87	87	71	448	5	80
11/07/2015 22:45	113	101	88	94	80	476	5	80
11/07/2015 22:50	107	112	90	92	81	482	5	80
11/07/2015 22:55	101	111	87	91	73	463	5	80
11/07/2015 23:00	100	105	92	93	67	457	5	80
11/07/2015 23:05	106	104	87	88	64	449	5	80
11/07/2015 23:10	108	96	90	92	87	473	5	80
11/07/2015 23:15	101	129	100	102	85	517	5	80
11/07/2015 23:20	114	108	91	86	92	491	5	80
11/07/2015 23:25	107	97	86	98	67	455	5	80
11/07/2015 23:30	97	88	83	91	70	429	5	80
11/07/2015 23:35	81	85	78	65	59	368	5	80
11/07/2015 23:40	112	101	89	81	77	460	5	80
11/07/2015 23:45	99	99	83	80	60	421	5	80
11/07/2015 23:50	83	83	78	85	69	398	5	80
11/07/2015 23:55	77	89	73	70	62	371	5	80
11/08/2015 00:00	84	72	75	71	67	369	5	80
11/08/2015 00:05	86	72	68	72	51	349	5	80
11/08/2015 00:10	92	74	74	70	64	374	5	80
11/08/2015 00:15	66	81	74	72	64	357	5	80
11/08/2015 00:20	66	72	66	57	51	312	5	80
11/08/2015 00:25	88	81	66	72	54	361	5	80
11/08/2015 00:30	72	73	73	65	52	335	5	80
11/08/2015 00:35	76	65	65	66	52	324	5	80
11/08/2015 00:40	70	69	67	53	43	302	5	80
11/08/2015 00:45	62	54	57	53	42	268	5	80
11/08/2015 00:50	58	50	56	56	41	261	5	80
11/08/2015 00:55	57	50	55	53	41	256	5	80
11/08/2015 01:00	59	42	54	50	40	245	5	80
11/08/2015 01:05	48	42	50	39	34	213	5	80
11/08/2015 01:10	56	50	55	43	37	241	5	80
11/08/2015 01:15	52	44	48	42	32	218	5	80
11/08/2015 01:20	45	41	50	36	36	208	5	80
11/08/2015 01:25	45	30	42	38	23	178	5	80
11/08/2015 01:30	36	42	46	46	31	201	5	80
11/08/2015 01:35	53	47	49	45	32	226	5	80
11/08/2015 01:40	43	28	46	36	33	186	5	80
11/08/2015 01:45	40	36	45	30	30	181	5	80
11/08/2015 01:50	41	38	47	44	26	196	5	80
11/08/2015 01:55	47	44	48	32	31	202	5	80
11/08/2015 02:00	40	37	46	38	31	192	5	80
11/08/2015 02:05	30	34	44	36	33	177	5	80
11/08/2015 02:10	34	34	44	44	33	189	5	80
11/08/2015 02:15	46	27	43	32	22	170	5	80
11/08/2015 02:20	37	33	44	36	30	180	5	80
11/08/2015 02:25	43	37	45	33	30	188	5	80
11/08/2015 02:30	40	28	42	34	26	170	5	80
11/08/2015 02:35	36	28	39	33	16	152	5	80
11/08/2015 02:40	2	1	21	0	0	24	5	80
11/08/2015 02:45	43	62	42	25	13	185	5	80
11/08/2015 02:50	32	57	41	24	17	171	5	80
11/08/2015 02:55	26	36	30	21	11	124	5	80
11/08/2015 03:00	28	44	33	23	7	135	5	80
11/08/2015 03:05	32	46	34	14	12	138	5	80
11/08/2015 03:10	27	39	33	25	5	129	5	80
11/08/2015 03:15	38	49	35	24	8	154	5	80
11/08/2015 03:20	35	51	39	27	11	163	5	80
11/08/2015 03:25	29	33	35	22	15	134	5	80
11/08/2015 03:30	25	22	35	29	17	128	5	80
11/08/2015 03:35	24	14	31	25	12	106	5	80
11/08/2015 03:40	25	15	31	22	15	108	5	80
11/08/2015 03:45	20	18	35	21	22	116	5	80
11/08/2015 03:50	31	20	35	22	21	129	5	80
11/08/2015 03:55	16	18	33	16	22	105	5	80
11/08/2015 04:00	24	12	30	20	14	100	5	80
11/08/2015 04:05	17	23	35	21	20	116	5	80
11/08/2015 04:10	28	17	33	25	15	118	5	80
11/08/2015 04:15	28	26	34	22	16	126	5	80
11/08/2015 04:20	20	19	34	21	12	106	5	80
11/08/2015 04:25	25	20	34	28	16	123	5	80
11/08/2015 04:30	27	17	33	24	15	116	5	80
11/08/2015 04:35	17	17	33	26	15	108	5	80
11/08/2015 04:40	22	14	32	15	20	103	5	80
11/08/2015 04:45	33	18	34	33	17	135	5	80
11/08/2015 04:50	16	22	34	24	12	108	5	80
11/08/2015 04:55	27	18	35	26	21	127	5	80
11/08/2015 05:00	25	12	31	25	20	113	5	80
11/08/2015 05:05	19	14	31	27	22	113	5	80
11/08/2015 05:10	26	17	33	26	24	126	5	80
11/08/2015 05:15	29	19	35	36	20	139	5	80
11/08/2015 05:20	33	30	42	39	28	172	5	80
11/08/2015 05:25	26	26	37	29	35	153	5	80
11/08/2015 05:30	31	31	42	38	28	170	5	80
11/08/2015 05:35	43	30	41	34	26	174	5	80
11/08/2015 05:40	36	46	47	38	28	195	5	80
11/08/2015 05:45	31	26	41	42	31	171	5	80
11/08/2015 05:50	50	21	38	29	27	165	5	80
11/08/2015 05:55	38	28	40	29	28	163	5	80
11/08/2015 06:00	53	34	47	42	32	208	5	80
11/08/2015 06:05	44	46	48	40	27	205	5	80
11/08/2015 06:10	50	42	48	40	31	211	5	80
11/08/2015 06:15	44	40	45	45	29	203	5	80
11/08/2015 06:20	55	56	59	52	39	261	5	80
11/08/2015 06:25	53	59	53	53	38	256	5	80
11/08/2015 06:30	61	56	59	61	39	276	5	80
11/08/2015 06:35	61	49	54	37	39	240	5	80
11/08/2015 06:40	60	56	57	56	43	272	5	80
11/08/2015 06:45	62	60	59	61	41	283	5	80
11/08/2015 06:50	67	61	62	61	50	301	5	80
11/08/2015 06:55	77	61	62	64	58	322	5	80
11/08/2015 07:00	55	66	58	52	43	274	5	80
11/08/2015 07:05	78	76	69	73	53	349	5	80
11/08/2015 07:10	81	58	63	67	53	322	5	80
11/08/2015 07:15	83	86	74	66	43	352	5	80
11/08/2015 07:20	86	78	67	61	46	338	5	80
11/08/2015 07:25	71	64	64	61	47	307	5	80
11/08/2015 07:30	89	99	80	72	56	396	5	80
11/08/2015 07:35	78	94	76	64	47	359	5	80
11/08/2015 07:40	92	93	75	70	48	378	5	80
11/08/2015 07:45	95	95	75	71	50	386	5	80
11/08/2015 07:50	93	97	73	66	63	392	5	80
11/08/2015 07:55	83	93	73	69	63	381	5	80
11/08/2015 08:00	73	84	73	58	47	335	5	80
11/08/2015 08:05	103	92	79	86	55	415	5	80
11/08/2015 08:10	85	86	74	75	59	379	5	80
11/08/2015 08:15	91	90	74	69	54	378	5	80
11/08/2015 08:20	101	96	85	77	60	419	5	80
11/08/2015 08:25	101	103	85	80	56	425	5	80
11/08/2015 08:30	102	116	85	89	68	460	5	80
11/08/2015 08:35	105	91	82	82	64	424	5	80
11/08/2015 08:40	104	118	91	98	77	488	5	80
11/08/2015 08:45	104	111	91	80	70	456	5	80
11/08/2015 08:50	104	106	86	83	71	450	5	80
11/08/2015 08:55	101	108	88	84	70	451	5	80
11/08/2015 09:00	104	104	87	106	77	478	5	80
11/08/2015 09:05	101	101	87	85	73	447	5	80
11/08/2015 09:10	123	146	115	110	85	579	5	80
11/08/2015 09:15	117	132	99	112	84	544	5	80
11/08/2015 09:20	124	123	103	99	73	522	5	80
11/08/2015 09:25	133	150	109	113	102	607	5	80
11/08/2015 09:30	132	145	111	98	92	578	5	80
11/08/2015 09:35	133	140	109	108	97	587	5	80
11/08/2015 09:40	129	147	108	119	95	598	5	80
11/08/2015 09:45	132	148	114	112	86	592	5	80
11/08/2015 09:50	129	137	112	107	85	570	5	80
11/08/2015 09:55	122	136	111	97	88	554	5	80
11/08/2015 10:00	117	131	99	113	87	547	5	80
11/08/2015 10:05	129	129	106	117	76	557	5	80
11/08/2015 10:10	128	152	112	127	101	620	5	80
11/08/2015 10:15	142	158	118	115	85	618	5	80
11/08/2015 10:20	135	165	114	97	101	612	5	80
11/08/2015 10:25	138	157	111	118	98	622	5	80
11/08/2015 10:30	119	152	112	115	88	586	5	80
11/08/2015 10:35	151	159	122	125	101	658	5	80
11/08/2015 10:40	149	164	123	126	83	645	5	80
11/08/2015 10:45	150	152	113	128	99	642	5	80
11/08/2015 10:50	144	144	116	114	106	624	5	80
11/08/2015 10:55	132	146	114	111	91	594	5	80
11/08/2015 11:00	136	164	116	121	113	650	5	80
11/08/2015 11:05	145	171	125	118	93	652	5	80
11/08/2015 11:10	135	162	120	129	93	639	5	80
11/08/2015 11:15	136	150	120	129	91	626	5	80
11/08/2015 11:20	145	166	122	110	106	649	5	80
11/08/2015 11:25	154	184	131	123	102	694	5	80
11/08/2015 11:30	127	167	123	137	106	660	5	80
11/08/2015 11:35	136	166	120	120	104	646	5	80
11/08/2015 11:40	138	154	115	113	102	622	5	80
11/08/2015 11:45	137	160	118	123	104	642	5	80
11/08/2015 11:50	149	164	129	118	103	663	5	80
11/08/2015 11:55	147	171	123	129	98	668	5	80
11/08/2015 12:00	126	154	123	130	99	632	5	80
11/08/2015 12:05	134	158	119	110	100	621	5	80
11/08/2015 12:10	133	151	121	118	105	628	5	80
11/08/2015 12:15	113	122	108	114	111	568	5	80
11/08/2015 12:20	118	113	111	118	107	567	5	80
11/08/2015 12:25	121	114	109	117	119	580	5	80
11/08/2015 12:30	123	111	111	113	114	572	5	80
11/08/2015 12:35	110	104	108	108	114	544	5	80
11/08/2015 12:40	98	104	112	102	103	519	5	80
11/08/2015 12:45	106	103	96	98	109	512	5	80
11/08/2015 12:50	102	110	104	94	99	509	5	80
11/08/2015 12:55	110	107	112	109	115	553	5	80
11/08/2015 13:00	120	113	112	114	122	581	5	80
11/08/2015 13:05	129	127	119	123	124	622	5	80
11/08/2015 13:10	130	136	121	123	119	629	5	80
11/08/2015 13:15	133	136	116	135	113	633	5	80
11/08/2015 13:20	134	124	123	118	124	623	5	80
11/08/2015 13:25	130	10	123	119	110	492	5	80
11/08/2015 13:30	128	115	112	118	111	584	5	80
11/08/2015 13:35	131	129	111	114	118	603	5	80
11/08/2015 13:40	139	136	119	115	117	626	5	80
11/08/2015 13:45	133	135	117	124	114	623	5	80
11/08/2015 13:50	130	133	119	131	129	642	5	80
11/08/2015 13:55	139	133	110	124	109	615	5	80
11/08/2015 14:00	128	129	113	123	106	599	5	80
11/08/2015 14:05	133	153	119	125	116	646	5	80
11/08/2015 14:10	130	140	117	120	126	633	5	80
11/08/2015 14:15	138	137	118	127	133	653	5	80
11/08/2015 14:20	133	140	123	128	106	630	5	80
11/08/2015 14:25	134	140	125	126	123	648	5	80
11/08/2015 14:30	131	136	120	122	123	632	5	80
11/08/2015 14:35	134	137	117	127	114	629	5	80
11/08/2015 14:40	144	156	124	135	105	664	5	80
11/08/2015 14:45	136	142	123	120	115	636	5	80
11/08/2015 14:50	141	156	119	124	100	640	5	80
11/08/2015 14:55	136	154	123	129	121	663	5	80
11/08/2015 15:00	144	157	125	138	112	676	5	80
11/08/2015 15:05	139	145	117	137	113	651	5	80
11/08/2015 15:10	111	144	123	118	101	597	5	80
11/08/2015 15:15	136	153	122	133	124	668	5	80
11/08/2015 15:20	142	167	130	123	129	691	5	80
11/08/2015 15:25	139	155	123	125	111	653	5	80
11/08/2015 15:30	132	154	119	111	123	639	5	80
11/08/2015 15:35	144	149	119	134	102	648	5	80
11/08/2015 15:40	133	150	120	116	106	625	5	80
11/08/2015 15:45	148	161	127	132	109	677	5	80
11/08/2015 15:50	128	156	124	123	117	648	5	80
11/08/2015 15:55	156	157	125	129	110	677	5	80
11/08/2015 16:00	145	154	128	137	113	677	5	80
11/08/2015 16:05	133	156	124	134	120	667	5	80
11/08/2015 16:10	130	141	122	130	122	645	5	80
11/08/2015 16:15	132	139	117	136	114	638	5	80
11/08/2015 16:20	141	152	121	118	111	643	5	80
11/08/2015 16:25	143	155	123	125	118	664	5	80
11/08/2015 16:30	149	153	124	125	119	670	5	80
11/08/2015 16:35	139	152	121	127	116	655	5	80
11/08/2015 16:40	139	140	125	110	118	632	5	80
11/08/2015 16:45	120	138	117	137	114	626	5	80
11/08/2015 16:50	138	135	117	129	133	652	5	80
11/08/2015 16:55	130	141	119	123	123	636	5	80
11/08/2015 17:00	129	154	121	119	107	630	5	80
11/08/2015 17:05	138	151	122	121	114	646	5	80
11/08/2015 17:10	128	150	124	123	123	648	5	80
11/08/2015 17:15	127	150	125	116	111	629	5	80
11/08/2015 17:20	141	150	120	131	120	662	5	80
11/08/2015 17:25	137	143	117	131	112	640	5	80
11/08/2015 17:30	124	130	115	125	95	589	5	80
11/08/2015 17:35	138	137	121	116	128	640	5	80
11/08/2015 17:40	128	138	115	123	127	631	5	80
11/08/2015 17:45	143	140	119	112	117	631	5	80
11/08/2015 17:50	138	141	117	119	125	640	5	80
11/08/2015 17:55	126	151	121	137	111	646	5	80
11/08/2015 18:00	138	142	120	136	131	667	5	80
11/08/2015 18:05	133	122	120	130	118	623	5	80
11/08/2015 18:10	133	139	117	130	124	643	5	80
11/08/2015 18:15	153	143	127	139	111	673	5	80
11/08/2015 18:20	131	137	121	123	125	637	5	80
11/08/2015 18:25	132	137	119	132	126	646	5	80
11/08/2015 18:30	128	143	116	124	122	633	5	80
11/08/2015 18:35	132	130	121	120	119	622	5	80
11/08/2015 18:40	126	135	122	121	127	631	5	80
11/08/2015 18:45	122	131	108	104	88	553	5	80
11/08/2015 18:50	132	134	113	117	110	606	5	80
11/08/2015 18:55	126	133	116	122	106	603	5	80
11/08/2015 19:00	121	141	107	107	103	579	5	80
11/08/2015 19:05	130	123	115	115	123	606	5	80
11/08/2015 19:10	125	131	117	117	122	612	5	80
11/08/2015 19:15	135	137	117	110	114	613	5	80
11/08/2015 19:20	137	130	118	118	120	623	5	80
11/08/2015 19:25	136	141	117	119	111	624	5	80
11/08/2015 19:30	130	140	113	114	98	595	5	80
11/08/2015 19:35	127	138	112	125	106	608	5	80
11/08/2015 19:40	114	137	112	112	97	572	5	80
11/08/2015 19:45	126	149	119	116	118	628	5	80
11/08/2015 19:50	115	126	108	115	94	558	5	80
11/08/2015 19:55	121	131	109	118	105	584	5	80
11/08/2015 20:00	120	129	113	122	110	594	5	80
11/08/2015 20:05	116	135	101	113	88	553	5	80
11/08/2015 20:10	135	128	107	116	102	588	5	80
11/08/2015 20:15	118	141	114	108	96	577	5	80
11/08/2015 20:20	110	124	103	87	92	516	5	80
11/08/2015 20:25	115	129	104	111	99	558	5	80
11/08/2015 20:30	124	126	102	113	88	553	5	80
11/08/2015 20:35	112	133	107	109	92	553	5	80
11/08/2015 20:40	119	136	103	99	77	534	5	80
11/08/2015 20:45	114	133	101	96	92	536	5	80
11/08/2015 20:50	109	123	99	96	71	498	5	80
11/08/2015 20:55	130	129	99	92	76	526	5	80
11/08/2015 21:00	108	120	96	95	68	487	5	80
11/08/2015 21:05	109	118	99	102	81	509	5	80
11/08/2015 21:10	108	134	106	96	79	523	5	80
11/08/2015 21:15	116	116	101	94	87	514	5	80
11/08/2015 21:20	118	144	96	100	90	548	5	80
11/08/2015 21:25	106	110	95	95	69	475	5	80
11/08/2015 21:30	114	124	103	103	73	517	5	80
11/08/2015 21:35	101	129	90	86	71	477	5	80
11/08/2015 21:40	111	132	100	97	88	528	5	80
11/08/2015 21:45	105	117	91	88	63	464	5	80
11/08/2015 21:50	107	127	94	93	78	499	5	80
11/08/2015 21:55	105	107	91	85	69	457	5	80
11/08/2015 22:00	103	112	83	87	67	452	5	80
11/08/2015 22:05	96	114	85	79	77	451	5	80
11/08/2015 22:10	108	108	87	83	72	458	5	80
11/08/2015 22:15	90	100	85	92	77	444	5	80
11/08/2015 22:20	102	104	87	87	60	440	5	80
11/08/2015 22:25	100	100	87	89	77	453	5	80
11/08/2015 22:30	78	85	74	71	63	371	5	80
11/08/2015 22:35	84	87	77	75	67	390	5	80
11/08/2015 22:40	82	91	74	78	64	389	5	80
11/08/2015 22:45	86	83	76	70	69	384	5	80
11/08/2015 22:50	88	77	75	73	69	382	5	80
11/08/2015 22:55	72	76	70	74	51	343	5	80
11/08/2015 23:00	77	67	66	60	56	326	5	80
11/08/2015 23:05	72	79	69	70	57	347	5	80
11/08/2015 23:10	63	66	64	69	50	312	5	80
11/08/2015 23:15	69	77	69	71	53	339	5	80
11/08/2015 23:20	53	59	61	53	44	270	5	80
11/08/2015 23:25	62	53	57	47	40	259	5	80
11/08/2015 23:30	61	69	59	56	46	291	5	80
11/08/2015 23:35	64	51	53	50	45	263	5	80
11/08/2015 23:40	54	63	61	51	40	269	5	80
11/08/2015 23:45	42	38	53	45	33	211	5	80
11/08/2015 23:50	50	46	51	44	33	224	5	80
11/08/2015 23:55	43	43	46	50	29	211	5	80
