5 Minutes	Lane 1 Flow (Veh/5 Minutes)	Lane 2 Flow (Veh/5 Minutes)	Lane 3 Flow (Veh/5 Minutes)	Lane 4 Flow (Veh/5 Minutes)	Flow (Veh/5 Minutes)	# Lane Points	% Observed
11/09/2015 00:00	50	88	87	61	286	4	100
11/09/2015 00:05	40	67	73	57	237	4	100
11/09/2015 00:10	38	73	85	71	267	4	100
11/09/2015 00:15	35	69	79	65	248	4	100
11/09/2015 00:20	34	71	66	56	227	4	100
11/09/2015 00:25	30	65	71	47	213	4	100
11/09/2015 00:30	34	58	61	51	204	4	100
11/09/2015 00:35	26	59	61	54	200	4	100
11/09/2015 00:40	25	52	59	50	186	4	100
11/09/2015 00:45	31	58	56	41	186	4	100
11/09/2015 00:50	16	39	42	30	127	4	100
11/09/2015 00:55	12	38	53	45	148	4	100
11/09/2015 01:00	23	45	52	43	163	4	100
11/09/2015 01:05	11	34	40	31	116	4	100
11/09/2015 01:10	20	39	48	32	139	4	100
11/09/2015 01:15	14	31	40	32	117	4	100
11/09/2015 01:20	16	39	43	35	133	4	100
11/09/2015 01:25	8	24	24	22	78	4	100
11/09/2015 01:30	13	36	37	25	111	4	100
11/09/2015 01:35	13	29	37	30	109	4	100
11/09/2015 01:40	11	29	41	32	113	4	100
11/09/2015 01:45	12	25	34	30	101	4	100
11/09/2015 01:50	12	23	27	23	85	4	100
11/09/2015 01:55	6	16	25	24	71	4	100
11/09/2015 02:00	13	33	37	22	105	4	100
11/09/2015 02:05	9	26	32	25	92	4	100
11/09/2015 02:10	14	31	35	38	118	4	100
11/09/2015 02:15	9	18	23	22	72	4	100
11/09/2015 02:20	9	31	35	27	102	4	100
11/09/2015 02:25	6	19	26	21	72	4	100
11/09/2015 02:30	6	24	35	29	94	4	100
11/09/2015 02:35	3	12	20	25	60	4	100
11/09/2015 02:40	6	23	32	23	84	4	100
11/09/2015 02:45	10	20	24	24	78	4	100
11/09/2015 02:50	7	27	32	25	91	4	100
11/09/2015 02:55	7	22	26	26	81	4	100
11/09/2015 03:00	13	26	25	26	90	4	100
11/09/2015 03:05	10	23	23	23	79	4	100
11/09/2015 03:10	9	28	37	29	103	4	100
11/09/2015 03:15	11	26	35	25	97	4	100
11/09/2015 03:20	5	22	27	29	83	4	100
11/09/2015 03:25	10	29	34	22	95	4	100
11/09/2015 03:30	12	30	30	29	101	4	100
11/09/2015 03:35	18	43	52	46	159	4	100
11/09/2015 03:40	19	41	53	49	162	4	100
11/09/2015 03:45	11	35	47	52	145	4	100
11/09/2015 03:50	13	35	48	47	143	4	100
11/09/2015 03:55	20	56	62	51	189	4	100
11/09/2015 04:00	22	51	64	52	189	4	100
11/09/2015 04:05	22	43	56	55	176	4	100
11/09/2015 04:10	27	62	81	68	238	4	100
11/09/2015 04:15	33	64	74	74	245	4	100
11/09/2015 04:20	37	77	82	73	269	4	100
11/09/2015 04:25	37	78	89	67	271	4	100
11/09/2015 04:30	55	110	110	87	362	4	100
11/09/2015 04:35	59	109	108	89	365	4	100
11/09/2015 04:40	84	125	113	97	419	4	100
11/09/2015 04:45	4	10	18	18	50	4	100
11/09/2015 04:50	157	203	171	154	685	4	100
11/09/2015 04:55	99	134	132	120	485	4	100
11/09/2015 05:00	71	125	117	81	394	4	100
11/09/2015 05:05	91	141	134	95	461	4	100
11/09/2015 05:10	97	151	155	107	510	4	100
11/09/2015 05:15	104	160	152	110	526	4	100
11/09/2015 05:20	133	188	155	127	603	4	100
11/09/2015 05:25	165	218	171	143	697	4	100
11/09/2015 05:30	170	220	185	150	725	4	100
11/09/2015 05:35	186	232	187	138	743	4	100
11/09/2015 05:40	198	242	182	148	770	4	100
11/09/2015 05:45	207	256	212	167	842	4	100
11/09/2015 05:50	175	234	203	154	766	4	100
11/09/2015 05:55	198	240	196	164	798	4	100
11/09/2015 06:00	179	225	193	149	746	4	100
11/09/2015 06:05	185	238	203	158	784	4	100
11/09/2015 06:10	180	240	195	148	763	4	100
11/09/2015 06:15	196	248	212	178	834	4	100
11/09/2015 06:20	184	237	214	156	791	4	100
11/09/2015 06:25	190	229	198	150	767	4	100
11/09/2015 06:30	191	233	203	159	786	4	100
11/09/2015 06:35	200	247	196	158	801	4	100
11/09/2015 06:40	176	237	208	146	767	4	100
11/09/2015 06:45	209	256	233	185	883	4	100
11/09/2015 06:50	204	283	233	184	904	4	100
11/09/2015 06:55	191	253	198	154	796	4	100
11/09/2015 07:00	209	264	242	197	912	4	100
11/09/2015 07:05	231	269	232	176	908	4	100
11/09/2015 07:10	229	293	253	197	972	4	100
11/09/2015 07:15	217	257	237	187	898	4	100
11/09/2015 07:20	228	278	239	181	926	4	100
11/09/2015 07:25	230	293	251	193	967	4	100
11/09/2015 07:30	210	263	232	191	896	4	100
11/09/2015 07:35	256	288	250	206	1000	4	100
11/09/2015 07:40	211	265	243	202	921	4	100
11/09/2015 07:45	229	300	263	189	981	4	100
11/09/2015 07:50	224	280	253	188	945	4	100
11/09/2015 07:55	224	272	248	201	945	4	100
11/09/2015 08:00	234	288	248	201	971	4	100
11/09/2015 08:05	236	302	261	198	997	4	100
11/09/2015 08:10	222	272	238	176	908	4	100
11/09/2015 08:15	225	262	233	194	914	4	100
11/09/2015 08:20	209	257	236	186	888	4	100
11/09/2015 08:25	234	269	228	174	905	4	100
11/09/2015 08:30	229	273	237	186	925	4	100
11/09/2015 08:35	227	282	234	196	939	4	100
11/09/2015 08:40	207	239	235	193	874	4	100
11/09/2015 08:45	207	244	223	206	880	4	100
11/09/2015 08:50	200	258	209	177	844	4	100
11/09/2015 08:55	221	248	218	190	877	4	100
11/09/2015 09:00	198	242	229	182	851	4	100
11/09/2015 09:05	184	210	185	168	747	4	100
11/09/2015 09:10	213	251	222	167	853	4	100
11/09/2015 09:15	224	283	243	185	935	4	100
11/09/2015 09:20	193	247	198	144	782	4	100
11/09/2015 09:25	202	242	211	161	816	4	100
11/09/2015 09:30	196	243	222	169	830	4	100
11/09/2015 09:35	179	250	217	165	811	4	100
11/09/2015 09:40	192	255	228	191	866	4	100
11/09/2015 09:45	187	234	211	167	799	4	100
11/09/2015 09:50	183	236	230	189	838	4	100
11/09/2015 09:55	199	225	200	149	773	4	100
11/09/2015 10:00	176	222	188	147	733	4	100
11/09/2015 10:05	201	241	214	185	841	4	100
11/09/2015 10:10	193	246	226	165	830	4	100
11/09/2015 10:15	186	232	208	186	812	4	100
11/09/2015 10:20	182	239	212	172	805	4	100
11/09/2015 10:25	173	212	178	195	758	4	100
11/09/2015 10:30	196	245	205	189	835	4	100
11/09/2015 10:35	163	193	183	169	708	4	100
11/09/2015 10:40	175	219	210	189	793	4	100
11/09/2015 10:45	168	225	214	169	776	4	100
11/09/2015 10:50	186	241	202	184	813	4	100
11/09/2015 10:55	195	251	10	152	608	4	100
11/09/2015 11:00	205	257	192	194	848	4	100
11/09/2015 11:05	228	262	229	211	930	4	100
11/09/2015 11:10	216	265	236	218	935	4	100
11/09/2015 11:15	246	273	236	241	996	4	100
11/09/2015 11:20	214	231	215	229	889	4	100
11/09/2015 11:25	232	245	209	211	897	4	100
11/09/2015 11:30	239	283	217	224	963	4	100
11/09/2015 11:35	212	239	222	223	896	4	100
11/09/2015 11:40	203	221	167	224	815	4	100
11/09/2015 11:45	221	237	214	200	872	4	100
11/09/2015 11:50	212	224	198	210	844	4	100
11/09/2015 11:55	219	239	221	215	894	4	100
11/09/2015 12:00	216	217	203	209	845	4	100
11/09/2015 12:05	218	248	214	202	882	4	100
11/09/2015 12:10	224	251	235	205	915	4	100
11/09/2015 12:15	225	239	205	204	873	4	100
11/09/2015 12:20	235	255	226	212	928	4	100
11/09/2015 12:25	223	236	207	186	852	4	100
11/09/2015 12:30	237	239	215	197	888	4	100
11/09/2015 12:35	210	232	227	198	867	4	100
11/09/2015 12:40	204	235	209	198	846	4	100
11/09/2015 12:45	230	234	216	197	877	4	100
11/09/2015 12:50	230	228	206	210	874	4	100
11/09/2015 12:55	207	216	209	211	843	4	100
11/09/2015 13:00	232	229	201	227	889	4	100
11/09/2015 13:05	222	223	208	236	889	4	100
11/09/2015 13:10	227	217	216	238	898	4	100
11/09/2015 13:15	251	232	219	246	948	4	100
11/09/2015 13:20	224	230	218	225	897	4	100
11/09/2015 13:25	208	212	214	226	860	4	100
11/09/2015 13:30	223	223	203	209	858	4	100
11/09/2015 13:35	229	238	217	196	880	4	100
11/09/2015 13:40	204	204	195	191	794	4	100
11/09/2015 13:45	203	216	202	198	819	4	100
11/09/2015 13:50	203	232	206	213	854	4	100
11/09/2015 13:55	204	225	215	182	826	4	100
11/09/2015 14:00	104	107	101	115	427	4	100
11/09/2015 14:05	84	96	74	86	340	4	100
11/09/2015 14:10	184	195	173	178	730	4	100
11/09/2015 14:15	203	210	191	190	794	4	100
11/09/2015 14:20	229	233	221	215	898	4	100
11/09/2015 14:25	239	234	227	174	874	4	100
11/09/2015 14:30	214	208	196	174	792	4	100
11/09/2015 14:35	205	210	198	177	790	4	100
11/09/2015 14:40	204	202	179	156	741	4	100
11/09/2015 14:45	204	188	171	153	716	4	100
11/09/2015 14:50	205	187	178	146	716	4	100
11/09/2015 14:55	213	203	186	170	772	4	100
11/09/2015 15:00	209	202	186	168	765	4	100
11/09/2015 15:05	199	216	179	137	731	4	100
11/09/2015 15:10	206	212	190	145	753	4	100
11/09/2015 15:15	198	189	166	133	686	4	100
11/09/2015 15:20	179	170	158	125	632	4	100
11/09/2015 15:25	189	184	180	146	699	4	100
11/09/2015 15:30	197	175	175	149	696	4	100
11/09/2015 15:35	177	175	167	139	658	4	100
11/09/2015 15:40	164	156	153	133	606	4	100
11/09/2015 15:45	190	180	157	151	678	4	100
11/09/2015 15:50	173	187	163	134	657	4	100
11/09/2015 15:55	180	186	173	137	676	4	100
11/09/2015 16:00	174	182	165	150	671	4	100
11/09/2015 16:05	185	181	152	131	649	4	100
11/09/2015 16:10	190	189	177	146	702	4	100
11/09/2015 16:15	192	185	147	121	645	4	100
11/09/2015 16:20	177	177	143	118	615	4	100
11/09/2015 16:25	178	167	156	125	626	4	100
11/09/2015 16:30	204	188	182	154	728	4	100
11/09/2015 16:35	188	187	161	141	677	4	100
11/09/2015 16:40	198	187	168	145	698	4	100
11/09/2015 16:45	194	178	165	135	672	4	100
11/09/2015 16:50	186	169	144	124	623	4	100
11/09/2015 16:55	159	169	150	128	606	4	100
11/09/2015 17:00	181	176	151	130	638	4	100
11/09/2015 17:05	194	190	160	117	661	4	100
11/09/2015 17:10	184	164	150	119	617	4	100
11/09/2015 17:15	171	199	169	128	667	4	100
11/09/2015 17:20	169	164	130	111	574	4	100
11/09/2015 17:25	156	167	161	129	613	4	100
11/09/2015 17:30	186	167	161	126	640	4	100
11/09/2015 17:35	173	156	138	110	577	4	100
11/09/2015 17:40	154	145	131	103	533	4	100
11/09/2015 17:45	172	173	149	113	607	4	100
11/09/2015 17:50	163	144	115	100	522	4	100
11/09/2015 17:55	179	173	145	126	623	4	100
11/09/2015 18:00	169	159	151	110	589	4	100
11/09/2015 18:05	172	165	148	127	612	4	100
11/09/2015 18:10	181	174	153	117	625	4	100
11/09/2015 18:15	172	176	146	113	607	4	100
11/09/2015 18:20	196	169	149	135	649	4	100
11/09/2015 18:25	179	182	167	134	662	4	100
11/09/2015 18:30	183	173	161	138	655	4	100
11/09/2015 18:35	187	194	176	135	692	4	100
11/09/2015 18:40	187	193	160	124	664	4	100
11/09/2015 18:45	188	185	167	127	667	4	100
11/09/2015 18:50	195	186	164	128	673	4	100
11/09/2015 18:55	181	168	156	131	636	4	100
11/09/2015 19:00	182	171	154	124	631	4	100
11/09/2015 19:05	197	198	174	148	717	4	100
11/09/2015 19:10	203	206	195	157	761	4	100
11/09/2015 19:15	192	193	178	153	716	4	100
11/09/2015 19:20	184	188	164	137	673	4	100
11/09/2015 19:25	208	200	190	152	750	4	100
11/09/2015 19:30	217	225	210	180	832	4	100
11/09/2015 19:35	208	182	181	163	734	4	100
11/09/2015 19:40	204	202	202	167	775	4	100
11/09/2015 19:45	204	217	189	151	761	4	100
11/09/2015 19:50	202	217	201	170	790	4	100
11/09/2015 19:55	203	215	205	179	802	4	100
11/09/2015 20:00	195	210	204	185	794	4	100
11/09/2015 20:05	192	221	222	182	817	4	100
11/09/2015 20:10	156	193	191	154	694	4	100
11/09/2015 20:15	180	215	190	174	759	4	100
11/09/2015 20:20	172	232	210	184	798	4	100
11/09/2015 20:25	167	212	202	152	733	4	100
11/09/2015 20:30	161	214	213	176	764	4	100
11/09/2015 20:35	145	204	186	147	682	4	100
11/09/2015 20:40	124	180	192	156	652	4	100
11/09/2015 20:45	151	210	203	168	732	4	100
11/09/2015 20:50	136	186	178	158	658	4	100
11/09/2015 20:55	157	219	193	150	719	4	100
11/09/2015 21:00	159	219	209	174	761	4	100
11/09/2015 21:05	146	206	192	151	695	4	100
11/09/2015 21:10	146	206	211	161	724	4	100
11/09/2015 21:15	131	191	182	136	640	4	100
11/09/2015 21:20	119	158	165	138	580	4	100
11/09/2015 21:25	142	208	199	157	706	4	100
11/09/2015 21:30	138	194	178	139	649	4	100
11/09/2015 21:35	141	188	187	163	679	4	100
11/09/2015 21:40	118	178	198	162	656	4	100
11/09/2015 21:45	136	194	189	140	659	4	100
11/09/2015 21:50	119	186	173	130	608	4	100
11/09/2015 21:55	114	180	164	136	594	4	100
11/09/2015 22:00	112	174	183	129	598	4	100
11/09/2015 22:05	112	172	171	149	604	4	100
11/09/2015 22:10	105	160	158	132	555	4	100
11/09/2015 22:15	93	172	170	139	574	4	100
11/09/2015 22:20	113	175	169	142	599	4	100
11/09/2015 22:25	120	167	156	116	559	4	100
11/09/2015 22:30	99	154	135	108	496	4	100
11/09/2015 22:35	87	146	131	103	467	4	100
11/09/2015 22:40	79	130	147	115	471	4	100
11/09/2015 22:45	76	120	111	92	399	4	100
11/09/2015 22:50	71	117	118	94	400	4	100
11/09/2015 22:55	61	108	110	102	381	4	100
11/09/2015 23:00	60	104	112	92	368	4	100
11/09/2015 23:05	66	122	133	113	434	4	100
11/09/2015 23:10	81	119	122	98	420	4	100
11/09/2015 23:15	71	115	118	95	399	4	100
11/09/2015 23:20	64	111	110	86	371	4	100
11/09/2015 23:25	56	102	124	104	386	4	100
11/09/2015 23:30	50	96	99	72	317	4	100
11/09/2015 23:35	46	87	98	77	308	4	100
11/09/2015 23:40	53	92	102	81	328	4	100
11/09/2015 23:45	44	76	77	68	265	4	100
11/09/2015 23:50	33	70	73	60	236	4	100
11/09/2015 23:55	33	73	81	61	248	4	100
11/10/2015 00:00	34	72	64	52	222	4	100
11/10/2015 00:05	32	61	79	60	232	4	100
11/10/2015 00:10	31	60	63	54	208	4	100
11/10/2015 00:15	23	50	62	50	185	4	100
11/10/2015 00:20	37	63	68	58	226	4	100
11/10/2015 00:25	26	61	62	46	195	4	100
11/10/2015 00:30	21	51	56	45	173	4	100
11/10/2015 00:35	13	35	51	44	143	4	100
11/10/2015 00:40	16	40	53	47	156	4	100
11/10/2015 00:45	18	35	44	45	142	4	100
11/10/2015 00:50	17	35	42	39	133	4	100
11/10/2015 00:55	19	40	42	34	135	4	100
11/10/2015 01:00	16	40	50	40	146	4	100
11/10/2015 01:05	14	37	36	27	114	4	100
11/10/2015 01:10	16	35	43	24	118	4	100
11/10/2015 01:15	12	29	36	36	113	4	100
11/10/2015 01:20	5	27	38	29	99	4	100
11/10/2015 01:25	13	27	22	27	89	4	100
11/10/2015 01:30	10	27	37	33	107	4	100
11/10/2015 01:35	10	21	30	28	89	4	100
11/10/2015 01:40	13	28	36	28	105	4	100
11/10/2015 01:45	10	19	29	21	79	4	100
11/10/2015 01:50	7	17	33	29	86	4	100
11/10/2015 01:55	5	19	24	23	71	4	100
11/10/2015 02:00	8	21	33	24	86	4	100
11/10/2015 02:05	6	17	22	19	64	4	100
11/10/2015 02:10	15	40	52	34	141	4	100
11/10/2015 02:15	11	24	27	26	88	4	100
11/10/2015 02:20	9	19	29	26	83	4	100
11/10/2015 02:25	10	22	24	19	75	4	100
11/10/2015 02:30	9	22	24	16	71	4	100
11/10/2015 02:35	11	31	38	28	108	4	100
11/10/2015 02:40	7	25	33	28	93	4	100
11/10/2015 02:45	9	23	30	27	89	4	100
11/10/2015 02:50	15	31	37	29	112	4	100
11/10/2015 02:55	6	18	37	29	90	4	100
11/10/2015 03:00	7	21	28	23	79	4	100
11/10/2015 03:05	6	23	29	26	84	4	100
11/10/2015 03:10	8	27	38	28	101	4	100
11/10/2015 03:15	10	27	30	34	101	4	100
11/10/2015 03:20	11	24	28	23	86	4	100
11/10/2015 03:25	8	21	33	26	88	4	100
11/10/2015 03:30	11	31	38	34	114	4	100
11/10/2015 03:35	11	27	38	34	110	4	100
11/10/2015 03:40	13	34	48	46	141	4	100
11/10/2015 03:45	19	36	50	40	145	4	100
11/10/2015 03:50	16	31	39	45	131	4	100
11/10/2015 03:55	17	42	62	61	182	4	100
11/10/2015 04:00	8	27	41	43	119	4	100
11/10/2015 04:05	21	48	73	60	202	4	100
11/10/2015 04:10	23	49	53	58	183	4	100
11/10/2015 04:15	30	58	69	53	210	4	100
11/10/2015 04:20	32	68	70	58	228	4	100
11/10/2015 04:25	36	79	76	63	254	4	100
11/10/2015 04:30	37	64	80	80	261	4	100
11/10/2015 04:35	55	93	98	77	323	4	100
11/10/2015 04:40	59	97	91	74	321	4	100
11/10/2015 04:45	55	100	103	82	340	4	100
11/10/2015 04:50	70	103	100	87	360	4	100
11/10/2015 04:55	73	114	126	92	405	4	100
11/10/2015 05:00	68	102	103	97	370	4	100
11/10/2015 05:05	92	135	120	108	455	4	100
11/10/2015 05:10	73	111	106	79	369	4	100
11/10/2015 05:15	126	159	140	115	540	4	100
11/10/2015 05:20	119	178	168	128	593	4	100
11/10/2015 05:25	132	185	167	113	597	4	100
11/10/2015 05:30	170	211	166	120	667	4	100
11/10/2015 05:35	179	233	188	141	741	4	100
11/10/2015 05:40	180	234	213	146	773	4	100
11/10/2015 05:45	162	225	174	139	700	4	100
11/10/2015 05:50	166	217	196	148	727	4	100
11/10/2015 05:55	174	221	185	143	723	4	100
11/10/2015 06:00	187	220	184	137	728	4	100
11/10/2015 06:05	170	199	161	127	657	4	100
11/10/2015 06:10	174	217	184	127	702	4	100
11/10/2015 06:15	190	234	192	154	770	4	100
11/10/2015 06:20	170	223	174	135	702	4	100
11/10/2015 06:25	198	242	184	137	761	4	100
11/10/2015 06:30	187	245	195	139	766	4	100
11/10/2015 06:35	194	259	211	174	838	4	100
11/10/2015 06:40	215	273	223	168	879	4	100
11/10/2015 06:45	196	241	226	181	844	4	100
11/10/2015 06:50	187	228	209	155	779	4	100
11/10/2015 06:55	186	241	202	164	793	4	100
11/10/2015 07:00	210	259	203	157	829	4	100
11/10/2015 07:05	200	243	202	157	802	4	100
11/10/2015 07:10	238	296	240	169	943	4	100
11/10/2015 07:15	219	251	240	188	898	4	100
11/10/2015 07:20	208	243	240	190	881	4	100
11/10/2015 07:25	230	271	251	206	958	4	100
11/10/2015 07:30	227	293	246	187	953	4	100
11/10/2015 07:35	199	229	199	165	792	4	100
11/10/2015 07:40	230	284	250	206	970	4	100
11/10/2015 07:45	208	238	224	216	886	4	100
11/10/2015 07:50	212	251	246	198	907	4	100
11/10/2015 07:55	228	250	230	191	899	4	100
11/10/2015 08:00	232	258	232	187	909	4	100
11/10/2015 08:05	234	260	230	182	906	4	100
11/10/2015 08:10	223	264	237	186	910	4	100
11/10/2015 08:15	228	260	240	187	915	4	100
11/10/2015 08:20	223	260	234	194	911	4	100
11/10/2015 08:25	201	218	202	169	790	4	100
11/10/2015 08:30	212	274	231	196	913	4	100
11/10/2015 08:35	226	260	232	178	896	4	100
11/10/2015 08:40	212	263	231	182	888	4	100
11/10/2015 08:45	218	259	239	172	888	4	100
11/10/2015 08:50	219	269	212	172	872	4	100
11/10/2015 08:55	213	239	222	172	846	4	100
11/10/2015 09:00	212	266	222	160	860	4	100
11/10/2015 09:05	220	240	217	168	845	4	100
11/10/2015 09:10	222	261	233	169	885	4	100
11/10/2015 09:15	200	219	205	151	775	4	100
11/10/2015 09:20	209	239	217	179	844	4	100
11/10/2015 09:25	194	241	207	163	805	4	100
11/10/2015 09:30	197	228	207	173	805	4	100
11/10/2015 09:35	198	250	209	164	821	4	100
11/10/2015 09:40	197	237	219	161	814	4	100
11/10/2015 09:45	212	267	238	182	899	4	100
11/10/2015 09:50	174	231	213	172	790	4	100
11/10/2015 09:55	190	216	203	153	762	4	100
11/10/2015 10:00	191	242	211	167	811	4	100
11/10/2015 10:05	174	216	203	159	752	4	100
11/10/2015 10:10	201	245	223	156	825	4	100
11/10/2015 10:15	192	248	211	157	808	4	100
11/10/2015 10:20	211	260	213	166	850	4	100
11/10/2015 10:25	198	237	211	168	814	4	100
11/10/2015 10:30	198	239	224	155	816	4	100
11/10/2015 10:35	168	209	208	156	741	4	100
11/10/2015 10:40	197	261	235	164	857	4	100
11/10/2015 10:45	206	256	211	147	820	4	100
11/10/2015 10:50	193	233	211	160	797	4	100
11/10/2015 10:55	200	232	215	148	795	4	100
11/10/2015 11:00	202	244	232	173	851	4	100
11/10/2015 11:05	218	273	226	156	873	4	100
11/10/2015 11:10	239	283	236	166	924	4	100
11/10/2015 11:15	223	262	226	167	878	4	100
11/10/2015 11:20	217	235	232	177	861	4	100
11/10/2015 11:25	199	233	203	146	781	4	100
11/10/2015 11:30	218	254	209	150	831	4	100
11/10/2015 11:35	222	265	241	169	897	4	100
11/10/2015 11:40	234	245	211	155	845	4	100
11/10/2015 11:45	228	254	229	180	891	4	100
11/10/2015 11:50	210	229	210	159	808	4	100
11/10/2015 11:55	204	235	207	165	811	4	100
11/10/2015 12:00	212	231	217	160	820	4	100
11/10/2015 12:05	221	269	220	162	872	4	100
11/10/2015 12:10	227	255	214	159	855	4	100
11/10/2015 12:15	206	255	213	154	828	4	100
11/10/2015 12:20	239	283	227	173	922	4	100
11/10/2015 12:25	220	259	221	168	868	4	100
11/10/2015 12:30	207	254	221	159	841	4	100
11/10/2015 12:35	218	247	228	174	867	4	100
11/10/2015 12:40	215	225	207	165	812	4	100
11/10/2015 12:45	207	218	196	154	775	4	100
11/10/2015 12:50	211	239	214	173	837	4	100
11/10/2015 12:55	213	216	196	151	776	4	100
11/10/2015 13:00	202	245	230	179	856	4	100
11/10/2015 13:05	238	254	218	175	885	4	100
11/10/2015 13:10	247	244	222	181	894	4	100
11/10/2015 13:15	238	238	215	196	887	4	100
11/10/2015 13:20	234	245	224	177	880	4	100
11/10/2015 13:25	231	229	215	175	850	4	100
11/10/2015 13:30	187	175	169	146	677	4	100
11/10/2015 13:35	191	177	147	128	643	4	100
11/10/2015 13:40	226	223	213	166	828	4	100
11/10/2015 13:45	193	165	155	143	656	4	100
11/10/2015 13:50	194	208	179	148	729	4	100
11/10/2015 13:55	220	216	219	176	831	4	100
11/10/2015 14:00	226	221	208	166	821	4	100
11/10/2015 14:05	217	218	203	162	800	4	100
11/10/2015 14:10	221	205	192	156	774	4	100
11/10/2015 14:15	238	237	213	162	850	4	100
11/10/2015 14:20	202	201	187	177	767	4	100
11/10/2015 14:25	182	230	212	178	802	4	100
11/10/2015 14:30	153	158	160	118	589	4	100
11/10/2015 14:35	216	230	194	135	775	4	100
11/10/2015 14:40	235	243	223	164	865	4	100
11/10/2015 14:45	223	236	204	150	813	4	100
11/10/2015 14:50	236	247	208	158	849	4	100
11/10/2015 14:55	237	248	223	172	880	4	100
11/10/2015 15:00	204	210	220	163	797	4	100
11/10/2015 15:05	192	201	185	152	730	4	100
11/10/2015 15:10	196	192	180	148	716	4	100
11/10/2015 15:15	193	182	158	143	676	4	100
11/10/2015 15:20	182	185	158	135	660	4	100
11/10/2015 15:25	194	179	163	132	668	4	100
11/10/2015 15:30	184	173	138	116	611	4	100
11/10/2015 15:35	184	172	156	138	650	4	100
11/10/2015 15:40	190	191	177	128	686	4	100
11/10/2015 15:45	180	191	160	115	646	4	100
11/10/2015 15:50	190	178	159	120	647	4	100
11/10/2015 15:55	188	195	177	147	707	4	100
11/10/2015 16:00	190	185	171	141	687	4	100
11/10/2015 16:05	187	183	177	151	698	4	100
11/10/2015 16:10	190	183	164	127	664	4	100
11/10/2015 16:15	185	189	166	129	669	4	100
11/10/2015 16:20	190	187	144	121	642	4	100
11/10/2015 16:25	154	157	148	124	583	4	100
11/10/2015 16:30	196	188	184	158	726	4	100
11/10/2015 16:35	193	184	184	149	710	4	100
11/10/2015 16:40	148	134	114	99	495	4	100
11/10/2015 16:45	126	108	83	73	390	4	100
11/10/2015 16:50	138	114	90	81	423	4	100
11/10/2015 16:55	129	109	94	77	409	4	100
11/10/2015 17:00	168	141	112	79	500	4	100
11/10/2015 17:05	142	135	122	100	499	4	100
11/10/2015 17:10	139	128	100	85	452	4	100
11/10/2015 17:15	150	143	112	92	497	4	100
11/10/2015 17:20	163	149	121	97	530	4	100
11/10/2015 17:25	150	131	106	93	480	4	100
11/10/2015 17:30	171	158	127	97	553	4	100
11/10/2015 17:35	171	158	138	109	576	4	100
11/10/2015 17:40	172	173	143	105	593	4	100
11/10/2015 17:45	189	165	152	125	631	4	100
11/10/2015 17:50	196	173	162	129	660	4	100
11/10/2015 17:55	170	163	135	111	579	4	100
11/10/2015 18:00	165	147	111	93	516	4	100
11/10/2015 18:05	169	140	120	94	523	4	100
11/10/2015 18:10	192	177	152	128	649	4	100
11/10/2015 18:15	195	182	168	135	680	4	100
11/10/2015 18:20	169	155	128	122	574	4	100
11/10/2015 18:25	156	136	114	107	513	4	100
11/10/2015 18:30	176	172	161	118	627	4	100
11/10/2015 18:35	169	166	140	119	594	4	100
11/10/2015 18:40	181	166	148	119	614	4	100
11/10/2015 18:45	189	182	159	126	656	4	100
11/10/2015 18:50	176	157	150	111	594	4	100
11/10/2015 18:55	160	152	133	118	563	4	100
11/10/2015 19:00	180	178	138	107	603	4	100
11/10/2015 19:05	180	180	148	121	629	4	100
11/10/2015 19:10	181	185	157	109	632	4	100
11/10/2015 19:15	176	161	147	101	585	4	100
11/10/2015 19:20	192	183	153	131	659	4	100
11/10/2015 19:25	188	182	178	147	695	4	100
11/10/2015 19:30	185	180	169	142	676	4	100
11/10/2015 19:35	190	184	158	123	655	4	100
11/10/2015 19:40	189	188	189	165	731	4	100
11/10/2015 19:45	192	172	168	141	673	4	100
11/10/2015 19:50	187	194	174	158	713	4	100
11/10/2015 19:55	181	174	160	152	667	4	100
11/10/2015 20:00	192	200	182	163	737	4	100
11/10/2015 20:05	194	196	183	160	733	4	100
11/10/2015 20:10	215	196	201	175	787	4	100
11/10/2015 20:15	211	201	209	188	809	4	100
11/10/2015 20:20	194	198	194	164	750	4	100
11/10/2015 20:25	209	209	210	176	804	4	100
11/10/2015 20:30	221	213	203	168	805	4	100
11/10/2015 20:35	202	208	194	179	783	4	100
11/10/2015 20:40	176	201	184	173	734	4	100
11/10/2015 20:45	197	219	198	153	767	4	100
11/10/2015 20:50	189	223	207	178	797	4	100
11/10/2015 20:55	160	210	214	164	748	4	100
11/10/2015 21:00	153	216	206	166	741	4	100
11/10/2015 21:05	172	231	216	188	807	4	100
11/10/2015 21:10	204	244	218	184	850	4	100
11/10/2015 21:15	172	219	213	174	778	4	100
11/10/2015 21:20	142	190	196	143	671	4	100
11/10/2015 21:25	152	227	214	162	755	4	100
11/10/2015 21:30	154	211	200	170	735	4	100
11/10/2015 21:35	162	228	197	150	737	4	100
11/10/2015 21:40	156	200	194	147	697	4	100
11/10/2015 21:45	153	227	204	158	742	4	100
11/10/2015 21:50	156	200	171	162	689	4	100
11/10/2015 21:55	151	209	197	160	717	4	100
11/10/2015 22:00	157	216	197	148	718	4	100
11/10/2015 22:05	136	200	186	152	674	4	100
11/10/2015 22:10	128	181	185	142	636	4	100
11/10/2015 22:15	169	224	212	161	766	4	100
11/10/2015 22:20	161	214	194	147	716	4	100
11/10/2015 22:25	135	207	187	135	664	4	100
11/10/2015 22:30	108	144	156	131	539	4	100
11/10/2015 22:35	120	171	152	112	555	4	100
11/10/2015 22:40	103	162	154	113	532	4	100
11/10/2015 22:45	97	160	148	110	515	4	100
11/10/2015 22:50	90	156	155	121	522	4	100
11/10/2015 22:55	87	146	143	106	482	4	100
11/10/2015 23:00	91	155	151	111	508	4	100
11/10/2015 23:05	79	142	141	109	471	4	100
11/10/2015 23:10	95	160	153	117	525	4	100
11/10/2015 23:15	69	123	131	97	420	4	100
11/10/2015 23:20	79	135	116	105	435	4	100
11/10/2015 23:25	62	102	101	78	343	4	100
11/10/2015 23:30	64	99	101	79	343	4	100
11/10/2015 23:35	60	102	97	71	330	4	100
11/10/2015 23:40	83	138	134	79	434	4	100
11/10/2015 23:45	72	111	97	70	350	4	100
11/10/2015 23:50	46	79	99	81	305	4	100
11/10/2015 23:55	45	85	88	60	278	4	100
11/11/2015 00:00	38	69	79	66	252	4	100
11/11/2015 00:05	40	77	77	57	251	4	100
11/11/2015 00:10	50	85	83	55	273	4	100
11/11/2015 00:15	35	61	67	50	213	4	100
11/11/2015 00:20	29	57	55	48	189	4	100
11/11/2015 00:25	28	53	59	38	178	4	100
11/11/2015 00:30	19	40	55	47	161	4	100
11/11/2015 00:35	23	46	59	49	177	4	100
11/11/2015 00:40	27	53	71	50	201	4	100
11/11/2015 00:45	16	39	44	33	132	4	100
11/11/2015 00:50	22	51	56	45	174	4	100
11/11/2015 00:55	21	45	51	31	148	4	100
11/11/2015 01:00	22	40	40	38	140	4	100
11/11/2015 01:05	19	45	52	45	161	4	100
11/11/2015 01:10	14	40	45	32	131	4	100
11/11/2015 01:15	16	39	51	36	142	4	100
11/11/2015 01:20	20	43	50	41	154	4	100
11/11/2015 01:25	15	28	40	24	107	4	100
11/11/2015 01:30	13	39	49	38	139	4	100
11/11/2015 01:35	16	35	48	31	130	4	100
11/11/2015 01:40	8	28	40	30	106	4	100
11/11/2015 01:45	8	19	26	25	78	4	100
11/11/2015 01:50	8	25	32	32	97	4	100
11/11/2015 01:55	8	27	30	24	89	4	100
11/11/2015 02:00	13	33	34	19	99	4	100
11/11/2015 02:05	12	25	34	33	104	4	100
11/11/2015 02:10	6	22	34	32	94	4	100
11/11/2015 02:15	7	22	28	22	79	4	100
11/11/2015 02:20	14	30	38	25	107	4	100
11/11/2015 02:25	11	36	41	36	124	4	100
11/11/2015 02:30	9	28	35	27	99	4	100
11/11/2015 02:35	17	37	39	30	123	4	100
11/11/2015 02:40	6	28	36	32	102	4	100
11/11/2015 02:45	13	34	39	29	115	4	100
11/11/2015 02:50	8	25	38	27	98	4	100
11/11/2015 02:55	6	19	34	32	91	4	100
11/11/2015 03:00	6	14	25	29	74	4	100
11/11/2015 03:05	7	26	32	24	89	4	100
11/11/2015 03:10	13	29	41	35	118	4	100
11/11/2015 03:15	8	24	35	24	91	4	100
11/11/2015 03:20	4	21	36	36	97	4	100
11/11/2015 03:25	14	30	32	33	109	4	100
11/11/2015 03:30	10	30	44	34	118	4	100
11/11/2015 03:35	6	23	36	32	97	4	100
11/11/2015 03:40	11	29	37	35	112	4	100
11/11/2015 03:45	12	37	48	48	145	4	100
11/11/2015 03:50	17	35	53	44	149	4	100
11/11/2015 03:55	17	44	49	37	147	4	100
11/11/2015 04:00	15	29	49	43	136	4	100
11/11/2015 04:05	16	32	50	48	146	4	100
11/11/2015 04:10	19	52	52	40	163	4	100
11/11/2015 04:15	19	48	64	51	182	4	100
11/11/2015 04:20	26	51	62	60	199	4	100
11/11/2015 04:25	27	56	77	67	227	4	100
11/11/2015 04:30	46	81	91	59	277	4	100
11/11/2015 04:35	39	74	76	58	247	4	100
11/11/2015 04:40	54	84	89	78	305	4	100
11/11/2015 04:45	55	105	116	78	354	4	100
11/11/2015 04:50	64	102	107	87	360	4	100
11/11/2015 04:55	67	97	91	79	334	4	100
11/11/2015 05:00	68	100	105	92	365	4	100
11/11/2015 05:05	59	103	110	82	354	4	100
11/11/2015 05:10	73	116	114	87	390	4	100
11/11/2015 05:15	85	122	125	98	430	4	100
11/11/2015 05:20	113	164	136	101	514	4	100
11/11/2015 05:25	108	139	135	114	496	4	100
11/11/2015 05:30	137	186	161	126	610	4	100
11/11/2015 05:35	168	221	179	119	687	4	100
11/11/2015 05:40	151	195	155	125	626	4	100
11/11/2015 05:45	172	205	172	143	692	4	100
11/11/2015 05:50	136	188	187	132	643	4	100
11/11/2015 05:55	173	205	173	139	690	4	100
11/11/2015 06:00	143	183	151	111	588	4	100
11/11/2015 06:05	164	206	177	139	686	4	100
11/11/2015 06:10	181	225	181	143	730	4	100
11/11/2015 06:15	163	209	169	129	670	4	100
11/11/2015 06:20	164	218	184	150	716	4	100
11/11/2015 06:25	160	216	161	121	658	4	100
11/11/2015 06:30	164	205	160	140	669	4	100
11/11/2015 06:35	180	217	180	158	735	4	100
11/11/2015 06:40	195	250	191	152	788	4	100
11/11/2015 06:45	151	215	199	153	718	4	100
11/11/2015 06:50	195	237	188	157	777	4	100
11/11/2015 06:55	146	193	167	133	639	4	100
11/11/2015 07:00	179	219	195	145	738	4	100
11/11/2015 07:05	192	245	204	159	800	4	100
11/11/2015 07:10	196	257	229	171	853	4	100
11/11/2015 07:15	203	274	229	184	890	4	100
11/11/2015 07:20	225	268	215	176	884	4	100
11/11/2015 07:25	238	285	245	173	941	4	100
11/11/2015 07:30	206	272	235	163	876	4	100
11/11/2015 07:35	229	263	223	186	901	4	100
11/11/2015 07:40	211	269	233	157	870	4	100
11/11/2015 07:45	192	272	244	186	894	4	100
11/11/2015 07:50	212	270	237	186	905	4	100
11/11/2015 07:55	200	263	234	175	872	4	100
11/11/2015 08:00	213	276	250	176	915	4	100
11/11/2015 08:05	210	252	231	200	893	4	100
11/11/2015 08:10	188	236	214	167	805	4	100
11/11/2015 08:15	185	244	227	158	814	4	100
11/11/2015 08:20	203	268	243	186	900	4	100
11/11/2015 08:25	224	275	240	179	918	4	100
11/11/2015 08:30	202	240	211	162	815	4	100
11/11/2015 08:35	201	243	218	181	843	4	100
11/11/2015 08:40	218	250	223	173	864	4	100
11/11/2015 08:45	209	240	212	165	826	4	100
11/11/2015 08:50	244	276	220	176	916	4	100
11/11/2015 08:55	204	265	222	165	856	4	100
11/11/2015 09:00	227	262	227	170	886	4	100
11/11/2015 09:05	219	282	229	158	888	4	100
11/11/2015 09:10	220	277	232	172	901	4	100
11/11/2015 09:15	206	260	216	167	849	4	100
11/11/2015 09:20	205	255	210	165	835	4	100
11/11/2015 09:25	196	235	199	157	787	4	100
11/11/2015 09:30	196	247	223	180	846	4	100
11/11/2015 09:35	208	263	213	161	845	4	100
11/11/2015 09:40	196	259	235	168	858	4	100
11/11/2015 09:45	194	256	221	157	828	4	100
11/11/2015 09:50	176	233	202	161	772	4	100
11/11/2015 09:55	216	262	222	162	862	4	100
11/11/2015 10:00	202	241	223	167	833	4	100
11/11/2015 10:05	209	256	206	163	834	4	100
11/11/2015 10:10	183	233	202	154	772	4	100
11/11/2015 10:15	231	273	235	171	910	4	100
11/11/2015 10:20	220	253	223	192	888	4	100
11/11/2015 10:25	206	245	215	172	838	4	100
11/11/2015 10:30	225	242	213	158	838	4	100
11/11/2015 10:35	231	252	225	176	884	4	100
11/11/2015 10:40	228	250	245	185	908	4	100
11/11/2015 10:45	215	256	231	182	884	4	100
11/11/2015 10:50	200	230	235	178	843	4	100
11/11/2015 10:55	222	235	229	169	855	4	100
11/11/2015 11:00	203	247	236	178	864	4	100
11/11/2015 11:05	193	243	214	159	809	4	100
11/11/2015 11:10	208	253	220	186	867	4	100
11/11/2015 11:15	219	243	230	177	869	4	100
11/11/2015 11:20	230	243	224	156	853	4	100
11/11/2015 11:25	242	259	212	182	895	4	100
11/11/2015 11:30	222	223	218	187	850	4	100
11/11/2015 11:35	212	221	208	184	825	4	100
11/11/2015 11:40	163	195	203	174	735	4	100
11/11/2015 11:45	179	203	191	171	744	4	100
11/11/2015 11:50	180	199	186	164	729	4	100
11/11/2015 11:55	167	185	184	160	696	4	100
11/11/2015 12:00	177	194	211	175	757	4	100
11/11/2015 12:05	183	196	192	186	757	4	100
11/11/2015 12:10	186	206	186	178	756	4	100
11/11/2015 12:15	177	190	198	179	744	4	100
11/11/2015 12:20	182	199	196	175	752	4	100
11/11/2015 12:25	178	196	192	203	769	4	100
11/11/2015 12:30	190	207	190	186	773	4	100
11/11/2015 12:35	187	204	200	219	810	4	100
11/11/2015 12:40	191	205	196	203	795	4	100
11/11/2015 12:45	103	97	93	111	404	4	100
11/11/2015 12:50	229	217	209	251	906	4	100
11/11/2015 12:55	233	245	209	267	954	4	100
11/11/2015 13:00	231	217	216	256	920	4	100
11/11/2015 13:05	227	228	229	265	949	4	100
11/11/2015 13:10	224	222	210	238	894	4	100
11/11/2015 13:15	247	231	231	244	953	4	100
11/11/2015 13:20	225	213	206	229	873	4	100
11/11/2015 13:25	242	243	211	228	924	4	100
11/11/2015 13:30	213	215	203	242	873	4	100
11/11/2015 13:35	217	210	190	222	839	4	100
11/11/2015 13:40	228	217	217	240	902	4	100
11/11/2015 13:45	234	220	212	252	918	4	100
11/11/2015 13:50	228	222	215	212	877	4	100
11/11/2015 13:55	229	215	208	237	889	4	100
11/11/2015 14:00	228	234	223	222	907	4	100
11/11/2015 14:05	235	241	225	225	926	4	100
11/11/2015 14:10	224	219	201	217	861	4	100
11/11/2015 14:15	223	225	222	217	887	4	100
11/11/2015 14:20	216	212	213	217	858	4	100
11/11/2015 14:25	224	236	218	211	889	4	100
11/11/2015 14:30	219	211	211	200	841	4	100
11/11/2015 14:35	210	229	203	176	818	4	100
11/11/2015 14:40	217	215	189	156	777	4	100
11/11/2015 14:45	195	188	180	171	734	4	100
11/11/2015 14:50	205	205	206	158	774	4	100
11/11/2015 14:55	215	203	194	176	788	4	100
11/11/2015 15:00	208	206	205	165	784	4	100
11/11/2015 15:05	208	210	202	159	779	4	100
11/11/2015 15:10	202	196	191	159	748	4	100
11/11/2015 15:15	187	190	159	134	670	4	100
11/11/2015 15:20	183	177	174	148	682	4	100
11/11/2015 15:25	197	196	190	166	749	4	100
11/11/2015 15:30	187	187	155	135	664	4	100
11/11/2015 15:35	197	194	166	135	692	4	100
11/11/2015 15:40	185	182	166	125	658	4	100
11/11/2015 15:45	204	189	180	136	709	4	100
11/11/2015 15:50	190	190	173	145	698	4	100
11/11/2015 15:55	186	179	182	155	702	4	100
11/11/2015 16:00	193	199	192	157	741	4	100
11/11/2015 16:05	195	176	162	127	660	4	100
11/11/2015 16:10	203	199	155	133	690	4	100
11/11/2015 16:15	187	180	159	131	657	4	100
11/11/2015 16:20	183	182	180	150	695	4	100
11/11/2015 16:25	190	178	164	138	670	4	100
11/11/2015 16:30	215	196	190	151	752	4	100
11/11/2015 16:35	210	210	208	186	814	4	100
11/11/2015 16:40	184	193	173	138	688	4	100
11/11/2015 16:45	186	185	172	132	675	4	100
11/11/2015 16:50	189	193	171	126	679	4	100
11/11/2015 16:55	190	182	156	129	657	4	100
11/11/2015 17:00	194	191	164	131	680	4	100
11/11/2015 17:05	208	212	188	151	759	4	100
11/11/2015 17:10	180	163	152	121	616	4	100
11/11/2015 17:15	186	174	170	142	672	4	100
11/11/2015 17:20	168	171	149	112	600	4	100
11/11/2015 17:25	177	185	159	114	635	4	100
11/11/2015 17:30	179	173	157	134	643	4	100
11/11/2015 17:35	191	199	160	127	677	4	100
11/11/2015 17:40	186	182	167	131	666	4	100
11/11/2015 17:45	174	179	183	145	681	4	100
11/11/2015 17:50	199	202	176	154	731	4	100
11/11/2015 17:55	168	174	146	122	610	4	100
11/11/2015 18:00	195	175	152	138	660	4	100
11/11/2015 18:05	197	202	176	142	717	4	100
11/11/2015 18:10	171	171	155	134	631	4	100
11/11/2015 18:15	190	187	163	138	678	4	100
11/11/2015 18:20	200	180	164	137	681	4	100
11/11/2015 18:25	183	172	159	128	642	4	100
11/11/2015 18:30	193	195	185	170	743	4	100
11/11/2015 18:35	189	172	169	149	679	4	100
11/11/2015 18:40	192	180	192	151	715	4	100
11/11/2015 18:45	190	198	192	161	741	4	100
11/11/2015 18:50	190	188	187	157	722	4	100
11/11/2015 18:55	193	178	177	157	705	4	100
11/11/2015 19:00	190	188	181	157	716	4	100
11/11/2015 19:05	203	193	186	163	745	4	100
11/11/2015 19:10	222	197	213	178	810	4	100
11/11/2015 19:15	211	196	199	169	775	4	100
11/11/2015 19:20	192	185	176	140	693	4	100
11/11/2015 19:25	196	186	184	167	733	4	100
11/11/2015 19:30	199	182	190	174	745	4	100
11/11/2015 19:35	207	199	186	159	751	4	100
11/11/2015 19:40	206	216	210	179	811	4	100
11/11/2015 19:45	216	237	217	185	855	4	100
11/11/2015 19:50	216	234	226	178	854	4	100
11/11/2015 19:55	198	235	209	163	805	4	100
11/11/2015 20:00	173	206	205	170	754	4	100
11/11/2015 20:05	173	212	198	151	734	4	100
11/11/2015 20:10	177	217	214	169	777	4	100
11/11/2015 20:15	190	234	231	182	837	4	100
11/11/2015 20:20	186	218	216	183	803	4	100
11/11/2015 20:25	170	199	209	160	738	4	100
11/11/2015 20:30	168	213	201	166	748	4	100
11/11/2015 20:35	163	225	216	167	771	4	100
11/11/2015 20:40	177	222	212	167	778	4	100
11/11/2015 20:45	145	193	188	141	667	4	100
11/11/2015 20:50	176	226	209	169	780	4	100
11/11/2015 20:55	165	217	204	177	763	4	100
11/11/2015 21:00	154	219	196	150	719	4	100
11/11/2015 21:05	136	184	167	127	614	4	100
11/11/2015 21:10	173	229	206	163	771	4	100
11/11/2015 21:15	152	207	191	162	712	4	100
11/11/2015 21:20	153	195	189	151	688	4	100
11/11/2015 21:25	154	191	201	172	718	4	100
11/11/2015 21:30	157	208	210	177	752	4	100
11/11/2015 21:35	126	182	182	143	633	4	100
11/11/2015 21:40	131	193	184	147	655	4	100
11/11/2015 21:45	142	193	194	161	690	4	100
11/11/2015 21:50	134	178	169	128	609	4	100
11/11/2015 21:55	134	187	184	144	649	4	100
11/11/2015 22:00	133	186	191	153	663	4	100
11/11/2015 22:05	136	190	174	143	643	4	100
11/11/2015 22:10	117	169	179	147	612	4	100
11/11/2015 22:15	140	196	159	127	622	4	100
11/11/2015 22:20	132	188	170	133	623	4	100
11/11/2015 22:25	112	167	161	132	572	4	100
11/11/2015 22:30	124	193	196	148	661	4	100
11/11/2015 22:35	112	171	156	106	545	4	100
11/11/2015 22:40	104	152	146	111	513	4	100
11/11/2015 22:45	91	133	138	106	468	4	100
11/11/2015 22:50	81	141	143	113	478	4	100
11/11/2015 22:55	83	135	143	104	465	4	100
11/11/2015 23:00	69	115	111	95	390	4	100
11/11/2015 23:05	97	152	141	102	492	4	100
11/11/2015 23:10	101	143	127	107	478	4	100
11/11/2015 23:15	79	120	108	92	399	4	100
11/11/2015 23:20	74	123	117	99	413	4	100
11/11/2015 23:25	63	111	115	98	387	4	100
11/11/2015 23:30	49	92	99	85	325	4	100
11/11/2015 23:35	59	106	95	70	330	4	100
11/11/2015 23:40	59	112	112	75	358	4	100
11/11/2015 23:45	41	87	96	77	301	4	100
11/11/2015 23:50	45	87	90	71	293	4	100
11/11/2015 23:55	40	80	85	69	274	4	100
11/12/2015 00:00	37	65	79	64	245	4	100
11/12/2015 00:05	51	88	85	77	301	4	100
11/12/2015 00:10	40	78	81	62	261	4	100
11/12/2015 00:15	33	73	84	59	249	4	100
11/12/2015 00:20	34	63	87	65	249	4	100
11/12/2015 00:25	36	65	72	57	230	4	100
11/12/2015 00:30	33	70	67	45	215	4	100
11/12/2015 00:35	25	51	61	48	185	4	100
11/12/2015 00:40	27	52	54	38	171	4	100
11/12/2015 00:45	27	47	50	46	170	4	100
11/12/2015 00:50	23	49	52	39	163	4	100
11/12/2015 00:55	11	36	52	37	136	4	100
11/12/2015 01:00	18	45	51	35	149	4	100
11/12/2015 01:05	16	39	43	33	131	4	100
11/12/2015 01:10	19	36	47	29	131	4	100
11/12/2015 01:15	19	40	45	28	132	4	100
11/12/2015 01:20	17	39	43	29	128	4	100
11/12/2015 01:25	7	33	39	26	105	4	100
11/12/2015 01:30	12	30	40	28	110	4	100
11/12/2015 01:35	9	25	33	21	88	4	100
11/12/2015 01:40	15	32	40	25	112	4	100
11/12/2015 01:45	10	22	33	27	92	4	100
11/12/2015 01:50	11	26	41	32	110	4	100
11/12/2015 01:55	13	31	45	29	118	4	100
11/12/2015 02:00	13	31	40	30	114	4	100
11/12/2015 02:05	7	23	32	26	88	4	100
11/12/2015 02:10	10	26	29	25	90	4	100
11/12/2015 02:15	8	26	37	30	101	4	100
11/12/2015 02:20	6	20	20	26	72	4	100
11/12/2015 02:25	7	23	32	23	85	4	100
11/12/2015 02:30	9	25	39	25	98	4	100
11/12/2015 02:35	11	26	34	22	93	4	100
11/12/2015 02:40	6	20	31	31	88	4	100
11/12/2015 02:45	8	24	36	32	100	4	100
11/12/2015 02:50	11	38	44	26	119	4	100
11/12/2015 02:55	10	22	31	24	87	4	100
11/12/2015 03:00	16	22	34	30	102	4	100
11/12/2015 03:05	3	20	33	31	87	4	100
11/12/2015 03:10	5	19	34	26	84	4	100
11/12/2015 03:15	22	41	46	30	139	4	100
11/12/2015 03:20	11	30	26	32	99	4	100
11/12/2015 03:25	16	27	37	33	113	4	100
11/12/2015 03:30	15	34	40	28	117	4	100
11/12/2015 03:35	18	35	43	36	132	4	100
11/12/2015 03:40	13	29	46	42	130	4	100
11/12/2015 03:45	18	32	50	43	143	4	100
11/12/2015 03:50	15	37	50	39	141	4	100
11/12/2015 03:55	23	45	63	55	186	4	100
11/12/2015 04:00	20	49	54	42	165	4	100
11/12/2015 04:05	26	53	64	49	192	4	100
11/12/2015 04:10	24	63	75	56	218	4	100
11/12/2015 04:15	28	57	72	69	226	4	100
11/12/2015 04:20	33	75	83	79	270	4	100
11/12/2015 04:25	44	77	82	79	282	4	100
11/12/2015 04:30	43	81	91	73	288	4	100
11/12/2015 04:35	54	90	91	68	303	4	100
11/12/2015 04:40	65	101	99	89	354	4	100
11/12/2015 04:45	72	129	124	96	421	4	100
11/12/2015 04:50	72	102	116	99	389	4	100
11/12/2015 04:55	66	103	110	97	376	4	100
11/12/2015 05:00	80	130	121	96	427	4	100
11/12/2015 05:05	80	120	122	100	422	4	100
11/12/2015 05:10	93	142	129	108	472	4	100
11/12/2015 05:15	103	144	125	106	478	4	100
11/12/2015 05:20	137	179	149	113	578	4	100
11/12/2015 05:25	150	180	145	114	589	4	100
11/12/2015 05:30	146	206	181	134	667	4	100
11/12/2015 05:35	187	220	175	130	712	4	100
11/12/2015 05:40	199	247	210	159	815	4	100
11/12/2015 05:45	205	233	198	146	782	4	100
11/12/2015 05:50	153	206	178	127	664	4	100
11/12/2015 05:55	180	218	182	127	707	4	100
11/12/2015 06:00	184	234	182	140	740	4	100
11/12/2015 06:05	181	227	184	129	721	4	100
11/12/2015 06:10	179	230	189	151	749	4	100
11/12/2015 06:15	194	227	184	150	755	4	100
11/12/2015 06:20	195	237	183	148	763	4	100
11/12/2015 06:25	167	217	191	138	713	4	100
11/12/2015 06:30	178	221	194	154	747	4	100
11/12/2015 06:35	193	247	216	158	814	4	100
11/12/2015 06:40	184	255	214	166	819	4	100
11/12/2015 06:45	220	261	210	161	852	4	100
11/12/2015 06:50	207	251	217	173	848	4	100
11/12/2015 06:55	198	249	218	168	833	4	100
11/12/2015 07:00	191	252	204	161	808	4	100
11/12/2015 07:05	198	252	225	173	848	4	100
11/12/2015 07:10	219	281	243	175	918	4	100
11/12/2015 07:15	229	311	261	201	1002	4	100
11/12/2015 07:20	212	264	226	178	880	4	100
11/12/2015 07:25	224	263	232	192	911	4	100
11/12/2015 07:30	236	250	237	189	912	4	100
11/12/2015 07:35	214	221	216	184	835	4	100
11/12/2015 07:40	175	171	203	176	725	4	100
11/12/2015 07:45	162	172	183	161	678	4	100
11/12/2015 07:50	155	151	173	120	599	4	100
11/12/2015 07:55	166	160	166	137	629	4	100
11/12/2015 08:00	176	184	159	150	669	4	100
11/12/2015 08:05	161	172	174	153	660	4	100
11/12/2015 08:10	180	189	194	165	728	4	100
11/12/2015 08:15	230	236	226	183	875	4	100
11/12/2015 08:20	191	206	191	164	752	4	100
11/12/2015 08:25	210	227	218	188	843	4	100
11/12/2015 08:30	233	265	250	181	929	4	100
11/12/2015 08:35	240	267	230	177	914	4	100
11/12/2015 08:40	230	267	244	189	930	4	100
11/12/2015 08:45	235	246	223	187	891	4	100
11/12/2015 08:50	223	257	229	174	883	4	100
11/12/2015 08:55	229	261	234	194	918	4	100
11/12/2015 09:00	222	245	236	176	879	4	100
11/12/2015 09:05	214	249	225	181	869	4	100
11/12/2015 09:10	239	257	184	168	848	4	100
11/12/2015 09:15	215	261	220	186	882	4	100
11/12/2015 09:20	223	256	216	178	873	4	100
11/12/2015 09:25	216	251	209	190	866	4	100
11/12/2015 09:30	225	242	202	218	887	4	100
11/12/2015 09:35	223	261	231	236	951	4	100
11/12/2015 09:40	221	245	228	240	934	4	100
11/12/2015 09:45	208	257	228	221	914	4	100
11/12/2015 09:50	203	247	199	220	869	4	100
11/12/2015 09:55	193	247	218	214	872	4	100
11/12/2015 10:00	216	253	218	220	907	4	100
11/12/2015 10:05	175	230	204	183	792	4	100
11/12/2015 10:10	218	245	223	205	891	4	100
11/12/2015 10:15	195	249	214	194	852	4	100
11/12/2015 10:20	192	236	217	198	843	4	100
11/12/2015 10:25	218	263	226	216	923	4	100
11/12/2015 10:30	227	263	227	218	935	4	100
11/12/2015 10:35	218	254	220	202	894	4	100
11/12/2015 10:40	220	255	226	206	907	4	100
11/12/2015 10:45	212	244	212	192	860	4	100
11/12/2015 10:50	212	241	213	217	883	4	100
11/12/2015 10:55	219	273	244	209	945	4	100
11/12/2015 11:00	208	251	216	214	889	4	100
11/12/2015 11:05	222	249	218	220	909	4	100
11/12/2015 11:10	220	244	207	245	916	4	100
11/12/2015 11:15	225	227	197	240	889	4	100
11/12/2015 11:20	234	246	207	280	967	4	100
11/12/2015 11:25	240	244	214	259	957	4	100
11/12/2015 11:30	222	235	217	258	932	4	100
11/12/2015 11:35	237	243	213	246	939	4	100
11/12/2015 11:40	229	235	196	241	901	4	100
11/12/2015 11:45	219	240	208	244	911	4	100
11/12/2015 11:50	218	242	198	255	913	4	100
11/12/2015 11:55	211	203	10	164	588	4	100
11/12/2015 12:00	221	228	209	212	870	4	100
11/12/2015 12:05	214	239	208	224	885	4	100
11/12/2015 12:10	237	227	221	230	915	4	100
11/12/2015 12:15	231	229	196	229	885	4	100
11/12/2015 12:20	228	234	211	237	910	4	100
11/12/2015 12:25	208	197	197	202	804	4	100
11/12/2015 12:30	232	228	211	217	888	4	100
11/12/2015 12:35	249	236	224	206	915	4	100
11/12/2015 12:40	252	240	204	212	908	4	100
11/12/2015 12:45	236	222	210	196	864	4	100
11/12/2015 12:50	213	216	199	184	812	4	100
11/12/2015 12:55	211	219	207	182	819	4	100
11/12/2015 13:00	201	209	198	176	784	4	100
11/12/2015 13:05	217	210	217	182	826	4	100
11/12/2015 13:10	233	226	203	174	836	4	100
11/12/2015 13:15	216	207	216	173	812	4	100
11/12/2015 13:20	209	206	202	169	786	4	100
11/12/2015 13:25	224	216	206	175	821	4	100
11/12/2015 13:30	223	223	167	186	799	4	100
11/12/2015 13:35	213	210	211	192	826	4	100
11/12/2015 13:40	216	208	204	209	837	4	100
11/12/2015 13:45	225	207	193	203	828	4	100
11/12/2015 13:50	221	206	212	224	863	4	100
11/12/2015 13:55	223	224	202	200	849	4	100
11/12/2015 14:00	221	227	214	244	906	4	100
11/12/2015 14:05	239	250	225	259	973	4	100
11/12/2015 14:10	223	205	158	204	790	4	100
11/12/2015 14:15	204	204	47	151	606	4	100
11/12/2015 14:20	199	211	182	183	775	4	100
11/12/2015 14:25	206	204	190	190	790	4	100
11/12/2015 14:30	200	199	193	220	812	4	100
11/12/2015 14:35	207	197	177	226	807	4	100
11/12/2015 14:40	211	213	181	220	825	4	100
11/12/2015 14:45	213	189	188	205	795	4	100
11/12/2015 14:50	201	186	185	191	763	4	100
11/12/2015 14:55	192	182	182	172	728	4	100
11/12/2015 15:00	209	184	173	180	746	4	100
11/12/2015 15:05	187	190	158	161	696	4	100
11/12/2015 15:10	189	192	163	169	713	4	100
11/12/2015 15:15	197	190	171	179	737	4	100
11/12/2015 15:20	192	200	188	162	742	4	100
11/12/2015 15:25	196	189	149	149	683	4	100
11/12/2015 15:30	196	193	160	136	685	4	100
11/12/2015 15:35	195	208	186	148	737	4	100
11/12/2015 15:40	185	172	146	150	653	4	100
11/12/2015 15:45	188	171	151	130	640	4	100
11/12/2015 15:50	186	174	152	128	640	4	100
11/12/2015 15:55	184	178	160	141	663	4	100
11/12/2015 16:00	186	184	170	135	675	4	100
11/12/2015 16:05	197	200	170	154	721	4	100
11/12/2015 16:10	178	181	146	127	632	4	100
11/12/2015 16:15	168	183	138	116	605	4	100
11/12/2015 16:20	165	165	157	142	629	4	100
11/12/2015 16:25	164	174	153	134	625	4	100
11/12/2015 16:30	177	164	139	111	591	4	100
11/12/2015 16:35	189	188	153	125	655	4	100
11/12/2015 16:40	160	140	123	109	532	4	100
11/12/2015 16:45	203	172	147	131	653	4	100
11/12/2015 16:50	183	178	158	126	645	4	100
11/12/2015 16:55	189	185	165	129	668	4	100
11/12/2015 17:00	180	199	158	126	663	4	100
11/12/2015 17:05	186	195	155	137	673	4	100
11/12/2015 17:10	173	159	125	103	560	4	100
11/12/2015 17:15	141	127	110	88	466	4	100
11/12/2015 17:20	135	143	135	106	519	4	100
11/12/2015 17:25	177	170	132	105	584	4	100
11/12/2015 17:30	170	156	116	88	530	4	100
11/12/2015 17:35	164	163	138	105	570	4	100
11/12/2015 17:40	162	154	108	86	510	4	100
11/12/2015 17:45	149	149	120	107	525	4	100
11/12/2015 17:50	167	160	120	90	537	4	100
11/12/2015 17:55	161	162	139	102	564	4	100
11/12/2015 18:00	161	161	146	113	581	4	100
11/12/2015 18:05	185	168	147	114	614	4	100
11/12/2015 18:10	175	169	160	121	625	4	100
11/12/2015 18:15	187	190	170	124	671	4	100
11/12/2015 18:20	199	183	152	125	659	4	100
11/12/2015 18:25	187	173	133	100	593	4	100
11/12/2015 18:30	170	156	130	89	545	4	100
11/12/2015 18:35	186	168	132	96	582	4	100
11/12/2015 18:40	187	184	148	113	632	4	100
11/12/2015 18:45	164	161	142	103	570	4	100
11/12/2015 18:50	176	180	150	128	634	4	100
11/12/2015 18:55	196	186	150	123	655	4	100
11/12/2015 19:00	169	162	126	107	564	4	100
11/12/2015 19:05	197	183	162	130	672	4	100
11/12/2015 19:10	193	187	155	111	646	4	100
11/12/2015 19:15	192	185	162	132	671	4	100
11/12/2015 19:20	190	187	169	141	687	4	100
11/12/2015 19:25	184	181	178	139	682	4	100
11/12/2015 19:30	173	173	146	118	610	4	100
11/12/2015 19:35	200	200	164	125	689	4	100
11/12/2015 19:40	200	184	176	159	719	4	100
11/12/2015 19:45	194	187	166	148	695	4	100
11/12/2015 19:50	194	181	173	152	700	4	100
11/12/2015 19:55	190	183	161	128	662	4	100
11/12/2015 20:00	188	180	179	145	692	4	100
11/12/2015 20:05	186	188	173	140	687	4	100
11/12/2015 20:10	202	193	181	179	755	4	100
11/12/2015 20:15	187	188	180	173	728	4	100
11/12/2015 20:20	203	197	177	156	733	4	100
11/12/2015 20:25	220	204	191	160	775	4	100
11/12/2015 20:30	194	208	188	156	746	4	100
11/12/2015 20:35	191	191	189	153	724	4	100
11/12/2015 20:40	203	194	186	160	743	4	100
11/12/2015 20:45	200	193	204	192	789	4	100
11/12/2015 20:50	187	187	177	152	703	4	100
11/12/2015 20:55	200	195	187	161	743	4	100
11/12/2015 21:00	211	199	190	167	767	4	100
11/12/2015 21:05	205	206	207	173	791	4	100
11/12/2015 21:10	191	199	204	187	781	4	100
11/12/2015 21:15	190	216	206	186	798	4	100
11/12/2015 21:20	170	199	182	148	699	4	100
11/12/2015 21:25	181	235	225	185	826	4	100
11/12/2015 21:30	158	217	211	182	768	4	100
11/12/2015 21:35	202	245	235	192	874	4	100
11/12/2015 21:40	145	193	183	180	701	4	100
11/12/2015 21:45	179	234	211	166	790	4	100
11/12/2015 21:50	176	237	219	177	809	4	100
11/12/2015 21:55	176	210	210	171	767	4	100
11/12/2015 22:00	167	223	216	178	784	4	100
11/12/2015 22:05	166	217	211	178	772	4	100
11/12/2015 22:10	165	230	221	178	794	4	100
11/12/2015 22:15	166	242	226	183	817	4	100
11/12/2015 22:20	165	229	196	138	728	4	100
11/12/2015 22:25	149	209	198	153	709	4	100
11/12/2015 22:30	150	219	202	153	724	4	100
11/12/2015 22:35	155	219	195	150	719	4	100
11/12/2015 22:40	120	175	162	123	580	4	100
11/12/2015 22:45	95	148	144	113	500	4	100
11/12/2015 22:50	116	165	155	123	559	4	100
11/12/2015 22:55	101	165	168	127	561	4	100
11/12/2015 23:00	87	124	125	99	435	4	100
11/12/2015 23:05	96	156	139	114	505	4	100
11/12/2015 23:10	107	176	171	134	588	4	100
11/12/2015 23:15	99	160	146	113	518	4	100
11/12/2015 23:20	93	141	137	112	483	4	100
11/12/2015 23:25	77	121	126	101	425	4	100
11/12/2015 23:30	74	112	110	90	386	4	100
11/12/2015 23:35	79	118	122	98	417	4	100
11/12/2015 23:40	81	123	120	93	417	4	100
11/12/2015 23:45	68	112	108	91	379	4	100
11/12/2015 23:50	45	89	98	80	312	4	100
11/12/2015 23:55	48	86	94	67	295	4	100
11/13/2015 00:00	39	80	86	70	275	4	100
11/13/2015 00:05	43	82	103	71	299	4	100
11/13/2015 00:10	52	94	103	88	337	4	100
11/13/2015 00:15	43	92	91	77	303	4	100
11/13/2015 00:20	36	86	87	52	261	4	100
11/13/2015 00:25	33	62	76	62	233	4	100
11/13/2015 00:30	33	62	76	69	240	4	100
11/13/2015 00:35	35	69	67	49	220	4	100
11/13/2015 00:40	29	63	72	62	226	4	100
11/13/2015 00:45	32	66	66	48	212	4	100
11/13/2015 00:50	27	54	56	43	180	4	100
11/13/2015 00:55	21	50	48	34	153	4	100
11/13/2015 01:00	17	41	55	40	153	4	100
11/13/2015 01:05	16	38	45	32	131	4	100
11/13/2015 01:10	30	63	56	47	196	4	100
11/13/2015 01:15	21	44	62	45	172	4	100
11/13/2015 01:20	20	36	37	30	123	4	100
11/13/2015 01:25	18	40	56	50	164	4	100
11/13/2015 01:30	14	26	38	36	114	4	100
11/13/2015 01:35	20	38	41	31	130	4	100
11/13/2015 01:40	18	29	41	32	120	4	100
11/13/2015 01:45	18	48	53	36	155	4	100
11/13/2015 01:50	17	40	50	39	146	4	100
11/13/2015 01:55	11	24	28	25	88	4	100
11/13/2015 02:00	14	33	33	23	103	4	100
11/13/2015 02:05	10	33	38	31	112	4	100
11/13/2015 02:10	15	39	50	38	142	4	100
11/13/2015 02:15	17	45	54	45	161	4	100
11/13/2015 02:20	19	41	36	33	129	4	100
11/13/2015 02:25	18	36	39	33	126	4	100
11/13/2015 02:30	15	33	42	36	126	4	100
11/13/2015 02:35	13	30	39	29	111	4	100
11/13/2015 02:40	16	42	47	33	138	4	100
11/13/2015 02:45	14	39	49	28	130	4	100
11/13/2015 02:50	13	31	38	24	106	4	100
11/13/2015 02:55	15	34	44	45	138	4	100
11/13/2015 03:00	10	35	34	34	113	4	100
11/13/2015 03:05	10	26	42	36	114	4	100
11/13/2015 03:10	8	31	46	39	124	4	100
11/13/2015 03:15	15	35	45	35	130	4	100
11/13/2015 03:20	16	36	44	34	130	4	100
11/13/2015 03:25	11	30	34	32	107	4	100
11/13/2015 03:30	16	35	51	40	142	4	100
11/13/2015 03:35	15	41	48	48	152	4	100
11/13/2015 03:40	15	44	52	42	153	4	100
11/13/2015 03:45	20	43	51	44	158	4	100
11/13/2015 03:50	15	40	65	57	177	4	100
11/13/2015 03:55	14	37	51	47	149	4	100
11/13/2015 04:00	28	55	60	45	188	4	100
11/13/2015 04:05	33	59	77	60	229	4	0
11/13/2015 04:10	28	59	76	68	231	4	0
11/13/2015 04:15	10	40	50	50	150	4	100
11/13/2015 04:20	35	66	83	76	260	4	100
11/13/2015 04:25	41	78	97	72	288	4	100
11/13/2015 04:30	56	106	105	86	353	4	100
11/13/2015 04:35	45	86	103	87	321	4	100
11/13/2015 04:40	71	115	109	85	380	4	100
11/13/2015 04:45	79	125	111	77	392	4	100
11/13/2015 04:50	71	106	102	87	366	4	100
11/13/2015 04:55	73	112	105	92	382	4	100
11/13/2015 05:00	76	104	111	106	397	4	100
11/13/2015 05:05	69	105	114	105	393	4	100
11/13/2015 05:10	94	136	133	93	456	4	100
11/13/2015 05:15	106	149	148	125	528	4	100
11/13/2015 05:20	127	168	144	112	551	4	100
11/13/2015 05:25	142	185	169	122	618	4	100
11/13/2015 05:30	146	197	168	120	631	4	100
11/13/2015 05:35	151	199	178	123	651	4	100
11/13/2015 05:40	191	230	190	138	749	4	100
11/13/2015 05:45	162	206	171	132	671	4	100
11/13/2015 05:50	161	210	187	140	698	4	100
11/13/2015 05:55	156	204	165	124	649	4	100
11/13/2015 06:00	187	221	177	133	718	4	100
11/13/2015 06:05	167	204	168	136	675	4	100
11/13/2015 06:10	186	244	197	148	775	4	100
11/13/2015 06:15	180	221	175	152	728	4	100
11/13/2015 06:20	190	222	195	134	741	4	100
11/13/2015 06:25	151	187	177	146	661	4	100
11/13/2015 06:30	152	210	197	141	700	4	100
11/13/2015 06:35	167	219	187	146	719	4	100
11/13/2015 06:40	188	233	215	161	797	4	100
11/13/2015 06:45	191	232	191	141	755	4	100
11/13/2015 06:50	179	222	195	144	740	4	100
11/13/2015 06:55	167	217	194	149	727	4	100
11/13/2015 07:00	174	225	195	137	731	4	100
11/13/2015 07:05	191	245	213	157	806	4	100
11/13/2015 07:10	193	266	221	161	841	4	100
11/13/2015 07:15	228	292	249	183	952	4	100
11/13/2015 07:20	217	281	244	189	931	4	100
11/13/2015 07:25	220	279	242	197	938	4	100
11/13/2015 07:30	193	241	229	181	844	4	100
11/13/2015 07:35	232	272	227	194	925	4	100
11/13/2015 07:40	187	219	204	164	774	4	100
11/13/2015 07:45	223	258	226	198	905	4	100
11/13/2015 07:50	214	251	225	182	872	4	100
11/13/2015 07:55	241	256	228	186	911	4	100
11/13/2015 08:00	241	258	233	184	916	4	100
11/13/2015 08:05	251	257	253	191	952	4	100
11/13/2015 08:10	188	212	214	181	795	4	100
11/13/2015 08:15	211	241	230	171	853	4	100
11/13/2015 08:20	197	233	213	175	818	4	100
11/13/2015 08:25	223	254	241	199	917	4	100
11/13/2015 08:30	218	260	220	180	878	4	100
11/13/2015 08:35	211	250	227	196	884	4	100
11/13/2015 08:40	208	257	217	179	861	4	100
11/13/2015 08:45	214	259	226	181	880	4	100
11/13/2015 08:50	209	257	222	174	862	4	100
11/13/2015 08:55	210	246	223	190	869	4	100
11/13/2015 09:00	200	229	222	177	828	4	100
11/13/2015 09:05	212	255	215	186	868	4	100
11/13/2015 09:10	211	268	233	211	923	4	100
11/13/2015 09:15	209	267	236	245	957	4	100
11/13/2015 09:20	201	253	232	253	939	4	100
11/13/2015 09:25	220	267	228	258	973	4	100
11/13/2015 09:30	200	258	233	241	932	4	100
11/13/2015 09:35	202	227	207	232	868	4	100
11/13/2015 09:40	205	222	199	233	859	4	100
11/13/2015 09:45	225	246	218	226	915	4	100
11/13/2015 09:50	210	244	214	210	878	4	100
11/13/2015 09:55	201	241	203	204	849	4	100
11/13/2015 10:00	176	226	210	206	818	4	100
11/13/2015 10:05	206	241	212	205	864	4	100
11/13/2015 10:10	201	247	213	224	885	4	100
11/13/2015 10:15	197	225	207	214	843	4	100
11/13/2015 10:20	185	229	216	223	853	4	100
11/13/2015 10:25	212	249	214	223	898	4	100
11/13/2015 10:30	201	241	223	201	866	4	100
11/13/2015 10:35	199	260	231	228	918	4	100
11/13/2015 10:40	209	244	213	186	852	4	100
11/13/2015 10:45	230	257	224	189	900	4	100
11/13/2015 10:50	227	256	235	221	939	4	100
11/13/2015 10:55	224	259	220	197	900	4	100
11/13/2015 11:00	213	229	222	196	860	4	100
11/13/2015 11:05	234	272	244	193	943	4	100
11/13/2015 11:10	234	261	216	178	889	4	100
11/13/2015 11:15	239	264	198	178	879	4	100
11/13/2015 11:20	239	239	214	154	846	4	100
11/13/2015 11:25	220	270	188	179	857	4	100
11/13/2015 11:30	225	252	212	179	868	4	100
11/13/2015 11:35	229	242	222	164	857	4	100
11/13/2015 11:40	219	232	230	166	847	4	100
11/13/2015 11:45	220	232	224	176	852	4	100
11/13/2015 11:50	250	234	180	166	830	4	100
11/13/2015 11:55	211	251	206	163	831	4	100
11/13/2015 12:00	230	248	221	177	876	4	100
11/13/2015 12:05	220	212	205	168	805	4	100
11/13/2015 12:10	218	210	218	172	818	4	100
11/13/2015 12:15	223	223	204	171	821	4	100
11/13/2015 12:20	230	229	135	164	758	4	75
11/13/2015 12:25	240	236	203	164	843	4	100
11/13/2015 12:30	247	226	220	157	850	4	100
11/13/2015 12:35	217	221	190	165	793	4	100
11/13/2015 12:40	221	221	224	181	847	4	100
11/13/2015 12:45	243	240	207	157	847	4	100
11/13/2015 12:50	232	241	219	174	866	4	100
11/13/2015 12:55	226	209	210	173	818	4	100
11/13/2015 13:00	240	236	219	186	881	4	100
11/13/2015 13:05	229	240	220	168	857	4	100
11/13/2015 13:10	222	226	225	177	850	4	100
11/13/2015 13:15	216	234	231	177	858	4	100
11/13/2015 13:20	221	208	197	161	787	4	100
11/13/2015 13:25	233	228	235	187	883	4	100
11/13/2015 13:30	236	230	226	189	881	4	100
11/13/2015 13:35	228	218	214	190	850	4	100
11/13/2015 13:40	210	209	217	216	852	4	100
11/13/2015 13:45	229	218	207	195	849	4	100
11/13/2015 13:50	223	210	218	234	885	4	100
11/13/2015 13:55	220	214	203	244	881	4	100
11/13/2015 14:00	229	224	120	198	771	4	100
11/13/2015 14:05	207	201	55	157	620	4	100
11/13/2015 14:10	186	183	160	147	676	4	100
11/13/2015 14:15	219	199	170	174	762	4	100
11/13/2015 14:20	198	202	196	199	795	4	100
11/13/2015 14:25	183	189	180	178	730	4	100
11/13/2015 14:30	184	180	163	173	700	4	100
11/13/2015 14:35	189	185	172	185	731	4	100
11/13/2015 14:40	190	189	165	180	724	4	100
11/13/2015 14:45	177	173	124	135	609	4	100
11/13/2015 14:50	188	196	163	177	724	4	100
11/13/2015 14:55	192	182	159	160	693	4	100
11/13/2015 15:00	197	198	171	184	750	4	100
11/13/2015 15:05	182	185	156	175	698	4	100
11/13/2015 15:10	183	180	146	167	676	4	100
11/13/2015 15:15	172	177	141	155	645	4	100
11/13/2015 15:20	210	178	156	194	738	4	100
11/13/2015 15:25	197	175	160	168	700	4	100
11/13/2015 15:30	185	187	145	133	650	4	100
11/13/2015 15:35	194	190	169	168	721	4	100
11/13/2015 15:40	177	185	159	165	686	4	100
11/13/2015 15:45	199	196	153	135	683	4	100
11/13/2015 15:50	175	168	159	159	661	4	100
11/13/2015 15:55	183	173	170	151	677	4	100
11/13/2015 16:00	192	178	165	135	670	4	100
11/13/2015 16:05	186	181	157	136	660	4	100
11/13/2015 16:10	159	159	148	126	592	4	100
11/13/2015 16:15	164	151	132	127	574	4	100
11/13/2015 16:20	191	193	152	126	662	4	100
11/13/2015 16:25	188	185	145	121	639	4	100
11/13/2015 16:30	198	186	153	140	677	4	100
11/13/2015 16:35	173	169	156	141	639	4	100
11/13/2015 16:40	185	166	145	141	637	4	100
11/13/2015 16:45	176	175	157	132	640	4	100
11/13/2015 16:50	198	191	147	122	658	4	100
11/13/2015 16:55	180	182	168	134	664	4	100
11/13/2015 17:00	166	170	141	112	589	4	100
11/13/2015 17:05	181	194	171	130	676	4	100
11/13/2015 17:10	147	149	120	94	510	4	100
11/13/2015 17:15	184	188	153	122	647	4	100
11/13/2015 17:20	147	162	144	119	572	4	100
11/13/2015 17:25	169	171	131	97	568	4	100
11/13/2015 17:30	161	158	142	121	582	4	100
11/13/2015 17:35	173	159	149	115	596	4	100
11/13/2015 17:40	153	171	138	103	565	4	100
11/13/2015 17:45	154	154	134	103	545	4	100
11/13/2015 17:50	156	161	143	115	575	4	100
11/13/2015 17:55	168	159	143	106	576	4	100
11/13/2015 18:00	190	183	154	125	652	4	100
11/13/2015 18:05	170	167	130	102	569	4	100
11/13/2015 18:10	175	161	131	99	566	4	100
11/13/2015 18:15	171	152	132	110	565	4	100
11/13/2015 18:20	159	157	134	107	557	4	100
11/13/2015 18:25	161	167	140	100	568	4	100
11/13/2015 18:30	166	167	135	122	590	4	100
11/13/2015 18:35	179	168	142	112	601	4	100
11/13/2015 18:40	188	168	140	103	599	4	100
11/13/2015 18:45	162	164	155	123	604	4	100
11/13/2015 18:50	176	167	153	127	623	4	100
11/13/2015 18:55	187	177	137	103	604	4	100
11/13/2015 19:00	189	181	165	152	687	4	100
11/13/2015 19:05	185	175	165	132	657	4	100
11/13/2015 19:10	190	194	180	141	705	4	100
11/13/2015 19:15	180	189	152	132	653	4	100
11/13/2015 19:20	211	188	151	136	686	4	100
11/13/2015 19:25	202	186	176	141	705	4	100
11/13/2015 19:30	180	185	180	146	691	4	100
11/13/2015 19:35	199	177	172	156	704	4	100
11/13/2015 19:40	195	201	186	143	725	4	100
11/13/2015 19:45	187	178	163	144	672	4	100
11/13/2015 19:50	205	189	191	162	747	4	100
11/13/2015 19:55	199	197	204	162	762	4	100
11/13/2015 20:00	199	194	193	163	749	4	100
11/13/2015 20:05	200	188	182	150	720	4	100
11/13/2015 20:10	205	197	179	157	738	4	100
11/13/2015 20:15	189	195	192	174	750	4	100
11/13/2015 20:20	205	192	200	178	775	4	100
11/13/2015 20:25	218	210	191	167	786	4	100
11/13/2015 20:30	207	211	199	166	783	4	100
11/13/2015 20:35	217	203	192	165	777	4	100
11/13/2015 20:40	208	200	194	169	771	4	100
11/13/2015 20:45	203	188	201	189	781	4	100
11/13/2015 20:50	204	193	183	166	746	4	100
11/13/2015 20:55	203	199	191	173	766	4	100
11/13/2015 21:00	194	186	188	158	726	4	100
11/13/2015 21:05	201	208	199	178	786	4	100
11/13/2015 21:10	193	215	211	177	796	4	100
11/13/2015 21:15	185	229	225	172	811	4	100
11/13/2015 21:20	154	195	191	148	688	4	100
11/13/2015 21:25	190	229	209	182	810	4	100
11/13/2015 21:30	187	235	226	180	828	4	100
11/13/2015 21:35	166	218	202	163	749	4	100
11/13/2015 21:40	171	223	214	160	768	4	100
11/13/2015 21:45	188	248	232	188	856	4	100
11/13/2015 21:50	182	240	202	172	796	4	100
11/13/2015 21:55	168	205	202	161	736	4	100
11/13/2015 22:00	177	213	195	158	743	4	100
11/13/2015 22:05	157	212	212	166	747	4	100
11/13/2015 22:10	145	188	186	156	675	4	100
11/13/2015 22:15	147	204	194	151	696	4	100
11/13/2015 22:20	168	219	199	147	733	4	100
11/13/2015 22:25	159	190	187	155	691	4	100
11/13/2015 22:30	138	196	193	147	674	4	100
11/13/2015 22:35	141	171	172	147	631	4	100
11/13/2015 22:40	169	208	196	156	729	4	100
11/13/2015 22:45	171	213	201	170	755	4	100
11/13/2015 22:50	198	232	199	145	774	4	100
11/13/2015 22:55	170	205	191	152	718	4	100
11/13/2015 23:00	140	190	170	132	632	4	100
11/13/2015 23:05	149	205	198	161	713	4	100
11/13/2015 23:10	132	178	175	116	601	4	100
11/13/2015 23:15	123	174	168	128	593	4	100
11/13/2015 23:20	122	175	156	132	585	4	100
11/13/2015 23:25	108	166	144	113	531	4	100
11/13/2015 23:30	102	147	149	111	509	4	100
11/13/2015 23:35	94	143	164	106	507	4	100
11/13/2015 23:40	86	144	151	111	492	4	100
11/13/2015 23:45	86	128	119	97	430	4	100
11/13/2015 23:50	77	121	133	97	428	4	100
11/13/2015 23:55	87	141	143	104	475	4	100
11/14/2015 00:00	83	115	70	82	350	4	75
11/14/2015 00:05	66	114	67	74	321	4	75
11/14/2015 00:10	77	129	76	91	373	4	75
11/14/2015 00:15	69	115	75	95	354	4	75
11/14/2015 00:20	79	123	72	90	364	4	75
11/14/2015 00:25	66	112	65	70	313	4	75
11/14/2015 00:30	68	110	68	81	327	4	75
11/14/2015 00:35	54	92	64	80	290	4	75
11/14/2015 00:40	39	72	58	57	226	4	75
11/14/2015 00:45	67	101	65	76	309	4	75
11/14/2015 00:50	51	86	58	69	264	4	75
11/14/2015 00:55	41	80	51	48	220	4	75
11/14/2015 01:00	44	84	57	66	251	4	75
11/14/2015 01:05	30	64	50	47	191	4	75
11/14/2015 01:10	36	77	51	57	221	4	75
11/14/2015 01:15	36	57	43	44	180	4	75
11/14/2015 01:20	35	74	48	42	199	4	75
11/14/2015 01:25	43	81	45	44	213	4	75
11/14/2015 01:30	32	57	46	48	183	4	75
11/14/2015 01:35	28	56	42	49	175	4	75
11/14/2015 01:40	36	75	49	50	210	4	75
11/14/2015 01:45	34	64	44	55	197	4	75
11/14/2015 01:50	28	55	43	45	171	4	75
11/14/2015 01:55	23	56	41	38	158	4	75
11/14/2015 02:00	28	59	42	45	174	4	75
11/14/2015 02:05	37	61	47	49	194	4	75
11/14/2015 02:10	28	62	48	50	188	4	75
11/14/2015 02:15	30	67	47	47	191	4	75
11/14/2015 02:20	26	59	44	49	178	4	75
11/14/2015 02:25	24	48	43	49	164	4	75
11/14/2015 02:30	26	53	40	41	160	4	75
11/14/2015 02:35	29	64	49	53	195	4	75
11/14/2015 02:40	30	57	38	34	159	4	75
11/14/2015 02:45	19	41	38	40	138	4	75
11/14/2015 02:50	28	63	42	42	175	4	75
11/14/2015 02:55	29	61	43	50	183	4	75
11/14/2015 03:00	18	47	32	30	127	4	75
11/14/2015 03:05	12	35	35	37	119	4	75
11/14/2015 03:10	19	41	31	38	129	4	75
11/14/2015 03:15	17	48	38	38	141	4	75
11/14/2015 03:20	21	45	33	34	133	4	75
11/14/2015 03:25	15	39	36	30	120	4	75
11/14/2015 03:30	11	45	40	45	141	4	75
11/14/2015 03:35	22	43	37	44	146	4	75
11/14/2015 03:40	14	27	32	38	111	4	75
11/14/2015 03:45	15	36	36	43	130	4	75
11/14/2015 03:50	17	36	35	40	128	4	75
11/14/2015 03:55	23	49	41	50	163	4	75
11/14/2015 04:00	23	51	39	50	163	4	75
11/14/2015 04:05	23	54	43	49	169	4	75
11/14/2015 04:10	23	42	41	53	159	4	75
11/14/2015 04:15	26	57	47	49	179	4	75
11/14/2015 04:20	27	66	47	55	195	4	75
11/14/2015 04:25	24	57	45	56	182	4	75
11/14/2015 04:30	32	69	52	65	218	4	75
11/14/2015 04:35	28	57	45	48	178	4	75
11/14/2015 04:40	33	65	47	57	202	4	75
11/14/2015 04:45	39	74	52	54	219	4	75
11/14/2015 04:50	27	60	47	54	188	4	75
11/14/2015 04:55	34	66	52	71	223	4	75
11/14/2015 05:00	36	61	51	75	223	4	75
11/14/2015 05:05	30	61	56	73	220	4	75
11/14/2015 05:10	51	93	60	77	281	4	75
11/14/2015 05:15	58	94	65	91	308	4	75
11/14/2015 05:20	34	74	58	71	237	4	75
11/14/2015 05:25	67	101	67	88	323	4	75
11/14/2015 05:30	52	98	64	74	288	4	75
11/14/2015 05:35	66	96	60	80	302	4	75
11/14/2015 05:40	60	108	69	79	316	4	75
11/14/2015 05:45	80	131	72	89	372	4	75
11/14/2015 05:50	67	106	68	81	322	4	75
11/14/2015 05:55	89	115	75	99	378	4	75
11/14/2015 06:00	79	124	73	82	358	4	75
11/14/2015 06:05	83	118	69	82	352	4	75
11/14/2015 06:10	92	125	74	83	374	4	75
11/14/2015 06:15	86	119	83	105	393	4	75
11/14/2015 06:20	91	138	77	104	410	4	75
11/14/2015 06:25	110	140	81	117	448	4	75
11/14/2015 06:30	107	148	84	106	445	4	75
11/14/2015 06:35	105	154	84	105	448	4	75
11/14/2015 06:40	123	176	96	128	523	4	75
11/14/2015 06:45	129	170	90	113	502	4	75
11/14/2015 06:50	116	150	91	127	484	4	75
11/14/2015 06:55	131	159	100	104	494	4	75
11/14/2015 07:00	138	182	99	122	541	4	75
11/14/2015 07:05	138	177	104	131	550	4	75
11/14/2015 07:10	136	189	107	134	566	4	75
11/14/2015 07:15	176	198	103	132	609	4	75
11/14/2015 07:20	183	216	111	141	651	4	75
11/14/2015 07:25	193	233	118	153	697	4	75
11/14/2015 07:30	198	231	126	154	709	4	75
11/14/2015 07:35	174	220	125	152	671	4	75
11/14/2015 07:40	195	243	127	166	731	4	75
11/14/2015 07:45	200	256	130	153	739	4	75
11/14/2015 07:50	199	212	124	155	690	4	75
11/14/2015 07:55	182	218	116	144	660	4	75
11/14/2015 08:00	188	211	115	160	674	4	75
11/14/2015 08:05	198	230	123	152	703	4	75
11/14/2015 08:10	208	233	128	147	716	4	75
11/14/2015 08:15	191	217	121	149	678	4	75
11/14/2015 08:20	175	232	114	140	661	4	75
11/14/2015 08:25	169	222	115	124	630	4	75
11/14/2015 08:30	177	207	108	139	631	4	75
11/14/2015 08:35	163	196	107	131	597	4	75
11/14/2015 08:40	223	266	134	171	794	4	75
11/14/2015 08:45	230	245	126	170	771	4	75
11/14/2015 08:50	206	249	115	147	717	4	75
11/14/2015 08:55	205	251	131	158	745	4	75
11/14/2015 09:00	234	259	131	177	801	4	75
11/14/2015 09:05	245	272	136	191	844	4	75
11/14/2015 09:10	212	261	128	190	791	4	75
11/14/2015 09:15	228	244	133	203	808	4	75
11/14/2015 09:20	244	270	134	243	891	4	75
11/14/2015 09:25	267	275	137	285	964	4	75
11/14/2015 09:30	234	270	133	263	900	4	75
11/14/2015 09:35	243	243	124	270	880	4	75
11/14/2015 09:40	251	258	138	266	913	4	75
11/14/2015 09:45	199	218	119	213	749	4	75
11/14/2015 09:50	204	236	126	171	737	4	75
11/14/2015 09:55	200	230	123	191	744	4	75
11/14/2015 10:00	232	251	129	246	858	4	75
11/14/2015 10:05	243	262	136	257	898	4	75
11/14/2015 10:10	265	264	129	278	936	4	75
11/14/2015 10:15	252	256	129	253	890	4	75
11/14/2015 10:20	255	254	144	264	917	4	75
11/14/2015 10:25	254	249	131	267	901	4	75
11/14/2015 10:30	248	254	139	278	919	4	75
11/14/2015 10:35	242	231	136	264	873	4	75
11/14/2015 10:40	249	218	136	258	861	4	75
11/14/2015 10:45	259	248	135	265	907	4	75
11/14/2015 10:50	250	238	127	259	874	4	75
11/14/2015 10:55	247	240	124	245	856	4	75
11/14/2015 11:00	253	260	139	268	920	4	75
11/14/2015 11:05	279	247	143	283	952	4	75
11/14/2015 11:10	238	230	132	248	848	4	75
11/14/2015 11:15	276	263	143	289	971	4	75
11/14/2015 11:20	224	217	135	251	827	4	75
11/14/2015 11:25	190	170	117	171	648	4	75
11/14/2015 11:30	170	155	110	178	613	4	75
11/14/2015 11:35	196	179	120	168	663	4	75
11/14/2015 11:40	226	221	135	201	783	4	75
11/14/2015 11:45	244	219	144	203	810	4	75
11/14/2015 11:50	207	223	140	198	768	4	75
11/14/2015 11:55	214	204	130	196	744	4	75
11/14/2015 12:00	236	225	135	218	814	4	75
11/14/2015 12:05	228	223	133	179	763	4	75
11/14/2015 12:10	213	217	136	204	770	4	75
11/14/2015 12:15	241	227	132	186	786	4	75
11/14/2015 12:20	259	249	135	214	857	4	75
11/14/2015 12:25	231	233	145	221	830	4	75
11/14/2015 12:30	253	230	146	221	850	4	75
11/14/2015 12:35	223	228	134	184	769	4	75
11/14/2015 12:40	239	225	137	197	798	4	75
11/14/2015 12:45	233	225	135	180	773	4	75
11/14/2015 12:50	233	215	145	183	776	4	75
11/14/2015 12:55	227	220	141	176	764	4	75
11/14/2015 13:00	233	219	135	176	763	4	75
11/14/2015 13:05	227	209	144	204	784	4	75
11/14/2015 13:10	217	206	135	181	739	4	75
11/14/2015 13:15	231	228	145	198	802	4	75
11/14/2015 13:20	241	231	137	190	799	4	75
11/14/2015 13:25	229	226	141	184	780	4	75
11/14/2015 13:30	237	235	148	198	818	4	75
11/14/2015 13:35	228	224	139	174	765	4	75
11/14/2015 13:40	233	230	132	183	778	4	75
11/14/2015 13:45	230	229	148	188	795	4	75
11/14/2015 13:50	226	203	133	178	740	4	75
11/14/2015 13:55	232	226	135	180	773	4	75
11/14/2015 14:00	224	199	134	164	721	4	75
11/14/2015 14:05	239	210	133	196	778	4	75
11/14/2015 14:10	216	204	118	187	725	4	75
11/14/2015 14:15	219	201	129	203	752	4	75
11/14/2015 14:20	216	194	129	224	763	4	75
11/14/2015 14:25	211	200	131	227	769	4	75
11/14/2015 14:30	226	219	137	259	841	4	75
11/14/2015 14:35	194	191	131	221	737	4	75
11/14/2015 14:40	210	184	125	222	741	4	75
11/14/2015 14:45	206	188	120	209	723	4	75
11/14/2015 14:50	193	194	131	229	747	4	75
11/14/2015 14:55	222	212	130	250	814	4	75
11/14/2015 15:00	223	208	131	242	804	4	75
11/14/2015 15:05	217	204	133	247	801	4	75
11/14/2015 15:10	219	207	137	216	779	4	75
11/14/2015 15:15	204	186	124	185	699	4	75
11/14/2015 15:20	213	194	122	188	717	4	75
11/14/2015 15:25	196	190	125	182	693	4	75
11/14/2015 15:30	190	188	123	176	677	4	75
11/14/2015 15:35	213	195	125	196	729	4	75
11/14/2015 15:40	196	190	121	191	698	4	75
11/14/2015 15:45	208	195	125	168	696	4	75
11/14/2015 15:50	182	176	120	174	652	4	75
11/14/2015 15:55	190	179	117	170	656	4	75
11/14/2015 16:00	192	179	118	157	646	4	75
11/14/2015 16:05	205	199	125	183	712	4	75
11/14/2015 16:10	207	189	128	184	708	4	75
11/14/2015 16:15	194	186	125	159	664	4	75
11/14/2015 16:20	172	170	116	158	616	4	75
11/14/2015 16:25	196	187	120	178	681	4	75
11/14/2015 16:30	201	188	124	149	662	4	75
11/14/2015 16:35	187	183	119	162	651	4	75
11/14/2015 16:40	183	171	115	135	604	4	75
11/14/2015 16:45	174	179	116	139	608	4	75
11/14/2015 16:50	199	189	121	158	667	4	75
11/14/2015 16:55	191	183	118	139	631	4	75
11/14/2015 17:00	173	179	118	156	626	4	75
11/14/2015 17:05	204	196	132	162	694	4	75
11/14/2015 17:10	203	197	131	163	694	4	75
11/14/2015 17:15	174	169	114	140	597	4	75
11/14/2015 17:20	187	192	123	153	655	4	75
11/14/2015 17:25	173	172	108	158	611	4	75
11/14/2015 17:30	179	178	117	151	625	4	75
11/14/2015 17:35	187	194	127	167	675	4	75
11/14/2015 17:40	171	177	114	151	613	4	75
11/14/2015 17:45	202	194	132	181	709	4	75
11/14/2015 17:50	188	168	118	143	617	4	75
11/14/2015 17:55	186	174	118	146	624	4	75
11/14/2015 18:00	141	164	104	127	536	4	75
11/14/2015 18:05	186	168	115	160	629	4	75
11/14/2015 18:10	185	178	119	158	640	4	75
11/14/2015 18:15	212	190	129	163	694	4	75
11/14/2015 18:20	199	182	123	159	663	4	75
11/14/2015 18:25	198	193	126	148	665	4	75
11/14/2015 18:30	196	189	124	168	677	4	75
11/14/2015 18:35	183	181	120	163	647	4	75
11/14/2015 18:40	190	178	110	147	625	4	75
11/14/2015 18:45	208	193	123	172	696	4	75
11/14/2015 18:50	210	199	130	169	708	4	75
11/14/2015 18:55	204	182	118	176	680	4	75
11/14/2015 19:00	211	197	129	162	699	4	75
11/14/2015 19:05	207	196	130	157	690	4	75
11/14/2015 19:10	175	169	118	165	627	4	75
11/14/2015 19:15	206	192	120	162	680	4	75
11/14/2015 19:20	209	205	123	163	700	4	75
11/14/2015 19:25	195	193	129	177	694	4	75
11/14/2015 19:30	211	193	121	162	687	4	75
11/14/2015 19:35	213	202	129	174	718	4	75
11/14/2015 19:40	207	201	125	161	694	4	75
11/14/2015 19:45	200	199	125	170	694	4	75
11/14/2015 19:50	206	187	128	163	684	4	75
11/14/2015 19:55	204	203	125	160	692	4	75
11/14/2015 20:00	200	228	127	159	714	4	75
11/14/2015 20:05	193	223	124	167	707	4	75
11/14/2015 20:10	175	199	109	141	624	4	75
11/14/2015 20:15	189	225	123	160	697	4	75
11/14/2015 20:20	193	214	125	165	697	4	75
11/14/2015 20:25	208	225	120	165	718	4	75
11/14/2015 20:30	177	217	128	158	680	4	75
11/14/2015 20:35	150	185	123	152	610	4	75
11/14/2015 20:40	181	224	118	148	671	4	75
11/14/2015 20:45	160	208	116	137	621	4	75
11/14/2015 20:50	171	192	120	152	635	4	75
11/14/2015 20:55	166	201	110	152	629	4	75
11/14/2015 21:00	169	202	116	147	634	4	75
11/14/2015 21:05	146	169	104	113	532	4	75
11/14/2015 21:10	180	210	115	168	673	4	75
11/14/2015 21:15	172	201	119	153	645	4	75
11/14/2015 21:20	197	220	127	166	710	4	75
11/14/2015 21:25	161	187	97	154	599	4	75
11/14/2015 21:30	162	184	109	147	602	4	75
11/14/2015 21:35	165	184	112	149	610	4	75
11/14/2015 21:40	158	191	121	151	621	4	75
11/14/2015 21:45	165	199	107	138	609	4	75
11/14/2015 21:50	169	205	119	153	646	4	75
11/14/2015 21:55	155	180	110	142	587	4	75
11/14/2015 22:00	175	198	103	132	608	4	75
11/14/2015 22:05	158	206	111	132	607	4	75
11/14/2015 22:10	161	209	122	172	664	4	75
11/14/2015 22:15	163	216	116	166	661	4	75
11/14/2015 22:20	174	216	112	132	634	4	75
11/14/2015 22:25	166	211	111	141	629	4	75
11/14/2015 22:30	156	200	114	148	618	4	75
11/14/2015 22:35	148	193	108	143	592	4	75
11/14/2015 22:40	163	215	113	147	638	4	75
11/14/2015 22:45	189	213	122	161	685	4	75
11/14/2015 22:50	146	185	105	135	571	4	75
11/14/2015 22:55	166	187	106	143	602	4	75
11/14/2015 23:00	148	189	101	122	560	4	75
11/14/2015 23:05	141	186	105	138	570	4	75
11/14/2015 23:10	136	188	101	117	542	4	75
11/14/2015 23:15	127	163	97	117	504	4	75
11/14/2015 23:20	149	189	104	133	575	4	75
11/14/2015 23:25	127	170	90	111	498	4	75
11/14/2015 23:30	127	168	97	110	502	4	75
11/14/2015 23:35	134	168	100	126	528	4	75
11/14/2015 23:40	114	147	88	93	442	4	75
11/14/2015 23:45	113	156	85	102	456	4	75
11/14/2015 23:50	109	142	87	97	435	4	75
11/14/2015 23:55	97	142	89	103	431	4	75
11/15/2015 00:00	74	114	114	91	393	4	100
11/15/2015 00:05	94	137	132	101	464	4	100
11/15/2015 00:10	89	144	127	83	443	4	100
11/15/2015 00:15	103	150	144	110	507	4	100
11/15/2015 00:20	85	123	140	94	442	4	100
11/15/2015 00:25	83	127	124	84	418	4	100
11/15/2015 00:30	78	106	109	79	372	4	100
11/15/2015 00:35	77	111	114	98	400	4	100
11/15/2015 00:40	70	107	109	75	361	4	100
11/15/2015 00:45	72	118	120	83	393	4	100
11/15/2015 00:50	68	103	114	84	369	4	100
11/15/2015 00:55	52	94	96	63	305	4	100
11/15/2015 01:00	59	107	109	76	351	4	100
11/15/2015 01:05	48	89	106	65	308	4	100
11/15/2015 01:10	55	87	94	64	300	4	100
11/15/2015 01:15	51	85	85	58	279	4	100
11/15/2015 01:20	46	92	95	52	285	4	100
11/15/2015 01:25	38	82	84	57	261	4	100
11/15/2015 01:30	38	74	78	50	240	4	100
11/15/2015 01:35	37	71	76	59	243	4	100
11/15/2015 01:40	38	69	78	56	241	4	100
11/15/2015 01:45	55	88	76	54	273	4	100
11/15/2015 01:50	34	74	78	59	245	4	100
11/15/2015 01:55	35	70	80	47	232	4	100
11/15/2015 02:00	36	75	82	51	244	4	100
11/15/2015 02:05	41	85	83	58	267	4	100
11/15/2015 02:10	35	66	70	49	220	4	100
11/15/2015 02:15	35	74	84	55	248	4	100
11/15/2015 02:20	21	51	60	44	176	4	100
11/15/2015 02:25	32	58	62	47	199	4	100
11/15/2015 02:30	34	67	75	50	226	4	100
11/15/2015 02:35	29	59	61	42	191	4	100
11/15/2015 02:40	32	66	64	42	204	4	100
11/15/2015 02:45	26	51	52	41	170	4	100
11/15/2015 02:50	36	67	67	48	218	4	100
11/15/2015 02:55	28	59	74	53	214	4	100
11/15/2015 03:00	25	50	59	42	176	4	100
11/15/2015 03:05	25	54	59	38	176	4	100
11/15/2015 03:10	23	47	52	44	166	4	100
11/15/2015 03:15	23	41	49	48	161	4	100
11/15/2015 03:20	23	50	54	37	164	4	100
11/15/2015 03:25	18	37	43	34	132	4	100
11/15/2015 03:30	24	49	59	45	177	4	100
11/15/2015 03:35	21	41	45	35	142	4	100
11/15/2015 03:40	15	45	57	47	164	4	100
11/15/2015 03:45	15	39	53	43	150	4	100
11/15/2015 03:50	16	45	53	40	154	4	100
11/15/2015 03:55	15	33	49	42	139	4	100
11/15/2015 04:00	19	40	55	53	167	4	100
11/15/2015 04:05	17	40	44	43	144	4	100
11/15/2015 04:10	15	42	57	45	159	4	100
11/15/2015 04:15	17	38	59	54	168	4	100
11/15/2015 04:20	18	44	52	46	160	4	100
11/15/2015 04:25	17	45	67	56	185	4	100
11/15/2015 04:30	21	45	62	56	184	4	100
11/15/2015 04:35	22	53	63	47	185	4	100
11/15/2015 04:40	32	62	67	54	215	4	100
11/15/2015 04:45	27	56	72	61	216	4	100
11/15/2015 04:50	23	56	72	66	217	4	100
11/15/2015 04:55	18	42	63	53	176	4	100
11/15/2015 05:00	20	52	67	70	209	4	100
11/15/2015 05:05	22	44	60	60	186	4	100
11/15/2015 05:10	19	53	70	55	197	4	100
11/15/2015 05:15	26	48	66	72	212	4	100
11/15/2015 05:20	31	59	69	64	223	4	100
11/15/2015 05:25	33	67	76	67	243	4	100
11/15/2015 05:30	34	68	75	70	247	4	100
11/15/2015 05:35	35	77	84	77	273	4	100
11/15/2015 05:40	42	81	103	92	318	4	100
11/15/2015 05:45	45	80	76	79	280	4	100
11/15/2015 05:50	42	85	100	67	294	4	100
11/15/2015 05:55	33	68	94	72	267	4	100
11/15/2015 06:00	49	77	88	71	285	4	100
11/15/2015 06:05	38	73	80	71	262	4	100
11/15/2015 06:10	65	104	109	86	364	4	100
11/15/2015 06:15	51	89	101	87	328	4	100
11/15/2015 06:20	51	98	110	89	348	4	100
11/15/2015 06:25	63	87	101	83	334	4	100
11/15/2015 06:30	77	113	102	80	372	4	100
11/15/2015 06:35	70	119	127	107	423	4	100
11/15/2015 06:40	88	147	134	94	463	4	100
11/15/2015 06:45	67	112	119	99	397	4	100
11/15/2015 06:50	65	103	97	86	351	4	100
11/15/2015 06:55	76	119	122	113	430	4	100
11/15/2015 07:00	94	125	130	102	451	4	100
11/15/2015 07:05	57	100	106	83	346	4	100
11/15/2015 07:10	104	152	141	111	508	4	100
11/15/2015 07:15	94	146	149	113	502	4	100
11/15/2015 07:20	86	128	132	118	464	4	100
11/15/2015 07:25	98	149	160	134	541	4	100
11/15/2015 07:30	92	147	144	104	487	4	100
11/15/2015 07:35	113	160	146	109	528	4	100
11/15/2015 07:40	109	154	159	113	535	4	100
11/15/2015 07:45	133	180	170	134	617	4	100
11/15/2015 07:50	131	177	164	118	590	4	100
11/15/2015 07:55	100	137	136	108	481	4	100
11/15/2015 08:00	123	159	156	127	565	4	100
11/15/2015 08:05	102	158	158	106	524	4	100
11/15/2015 08:10	140	172	160	143	615	4	100
11/15/2015 08:15	110	165	168	143	586	4	100
11/15/2015 08:20	119	157	161	119	556	4	100
11/15/2015 08:25	134	176	171	129	610	4	100
11/15/2015 08:30	180	219	210	153	762	4	100
11/15/2015 08:35	134	166	152	127	579	4	100
11/15/2015 08:40	157	192	197	149	695	4	100
11/15/2015 08:45	163	215	188	143	709	4	100
11/15/2015 08:50	147	198	190	137	672	4	100
11/15/2015 08:55	149	204	183	131	667	4	100
11/15/2015 09:00	164	208	194	168	734	4	100
11/15/2015 09:05	157	187	180	147	671	4	100
11/15/2015 09:10	150	195	178	141	664	4	100
11/15/2015 09:15	162	199	204	157	722	4	100
11/15/2015 09:20	168	204	189	144	705	4	100
11/15/2015 09:25	206	247	232	184	869	4	100
11/15/2015 09:30	201	246	218	183	848	4	100
11/15/2015 09:35	195	232	196	193	816	4	100
11/15/2015 09:40	196	240	231	212	879	4	100
11/15/2015 09:45	191	245	221	181	838	4	100
11/15/2015 09:50	201	230	216	176	823	4	100
11/15/2015 09:55	192	242	217	167	818	4	100
11/15/2015 10:00	208	236	214	180	838	4	100
11/15/2015 10:05	176	197	195	164	732	4	100
11/15/2015 10:10	214	256	240	206	916	4	100
11/15/2015 10:15	234	253	227	187	901	4	100
11/15/2015 10:20	232	246	238	188	904	4	100
11/15/2015 10:25	220	239	217	178	854	4	100
11/15/2015 10:30	234	269	247	210	960	4	100
11/15/2015 10:35	236	239	228	204	907	4	100
11/15/2015 10:40	244	248	228	215	935	4	100
11/15/2015 10:45	236	258	223	221	938	4	100
11/15/2015 10:50	222	255	230	215	922	4	100
11/15/2015 10:55	216	234	208	199	857	4	100
11/15/2015 11:00	215	242	227	191	875	4	100
11/15/2015 11:05	248	264	246	222	980	4	100
11/15/2015 11:10	246	252	246	213	957	4	100
11/15/2015 11:15	268	277	251	187	983	4	100
11/15/2015 11:20	267	263	231	203	964	4	100
11/15/2015 11:25	252	286	247	221	1006	4	100
11/15/2015 11:30	218	228	219	188	853	4	100
11/15/2015 11:35	253	280	244	207	984	4	100
11/15/2015 11:40	241	258	244	200	943	4	100
11/15/2015 11:45	145	150	154	143	592	4	100
11/15/2015 11:50	171	154	162	155	642	4	100
11/15/2015 11:55	244	242	219	189	894	4	100
11/15/2015 12:00	255	247	221	192	915	4	100
11/15/2015 12:05	242	239	235	186	902	4	100
11/15/2015 12:10	191	189	199	173	752	4	100
11/15/2015 12:15	244	244	231	189	908	4	100
11/15/2015 12:20	261	255	245	222	983	4	100
11/15/2015 12:25	269	256	252	225	1002	4	100
11/15/2015 12:30	220	223	216	180	839	4	100
11/15/2015 12:35	232	218	211	173	834	4	100
11/15/2015 12:40	267	253	231	217	968	4	100
11/15/2015 12:45	252	264	244	205	965	4	100
11/15/2015 12:50	255	249	227	187	918	4	100
11/15/2015 12:55	261	256	235	210	962	4	100
11/15/2015 13:00	265	267	249	192	973	4	100
11/15/2015 13:05	249	267	243	197	956	4	100
11/15/2015 13:10	240	256	229	188	913	4	100
11/15/2015 13:15	271	231	216	168	886	4	100
11/15/2015 13:20	259	270	246	190	965	4	100
11/15/2015 13:25	264	269	250	199	982	4	100
11/15/2015 13:30	259	252	236	195	942	4	100
11/15/2015 13:35	258	266	242	209	975	4	100
11/15/2015 13:40	218	222	215	182	837	4	100
11/15/2015 13:45	252	260	247	207	966	4	100
11/15/2015 13:50	261	265	251	205	982	4	100
11/15/2015 13:55	250	255	242	221	968	4	100
11/15/2015 14:00	255	247	225	200	927	4	100
11/15/2015 14:05	246	232	229	198	905	4	100
11/15/2015 14:10	245	249	234	195	923	4	100
11/15/2015 14:15	222	237	221	187	867	4	100
11/15/2015 14:20	222	219	226	184	851	4	100
11/15/2015 14:25	237	217	210	185	849	4	100
11/15/2015 14:30	231	204	200	162	797	4	100
11/15/2015 14:35	238	216	225	180	859	4	100
11/15/2015 14:40	234	220	229	189	872	4	100
11/15/2015 14:45	217	209	207	161	794	4	100
11/15/2015 14:50	229	216	211	191	847	4	100
11/15/2015 14:55	212	216	203	173	804	4	100
11/15/2015 15:00	232	217	220	184	853	4	100
11/15/2015 15:05	208	211	208	179	806	4	100
11/15/2015 15:10	218	202	210	181	811	4	100
11/15/2015 15:15	221	201	205	182	809	4	100
11/15/2015 15:20	216	200	209	184	809	4	100
11/15/2015 15:25	233	220	209	182	844	4	100
11/15/2015 15:30	226	219	222	211	878	4	100
11/15/2015 15:35	238	225	231	202	896	4	100
11/15/2015 15:40	216	206	212	190	824	4	100
11/15/2015 15:45	204	204	208	179	795	4	100
11/15/2015 15:50	220	215	209	182	826	4	100
11/15/2015 15:55	221	210	210	183	824	4	100
11/15/2015 16:00	225	219	221	186	851	4	100
11/15/2015 16:05	217	213	208	196	834	4	100
11/15/2015 16:10	207	198	191	173	769	4	100
11/15/2015 16:15	229	215	224	185	853	4	100
11/15/2015 16:20	227	208	210	189	834	4	100
11/15/2015 16:25	230	198	193	163	784	4	100
11/15/2015 16:30	237	212	226	195	870	4	100
11/15/2015 16:35	219	231	224	189	863	4	100
11/15/2015 16:40	242	225	218	190	875	4	100
11/15/2015 16:45	234	214	205	185	838	4	100
11/15/2015 16:50	227	223	199	198	847	4	100
11/15/2015 16:55	222	222	210	186	840	4	100
11/15/2015 17:00	202	198	189	181	770	4	100
11/15/2015 17:05	228	220	209	197	854	4	100
11/15/2015 17:10	219	215	221	196	851	4	100
11/15/2015 17:15	208	217	199	188	812	4	100
11/15/2015 17:20	212	201	200	180	793	4	100
11/15/2015 17:25	204	197	210	192	803	4	100
11/15/2015 17:30	215	191	191	167	764	4	100
11/15/2015 17:35	221	223	221	179	844	4	100
11/15/2015 17:40	214	198	211	185	808	4	100
11/15/2015 17:45	204	197	205	170	776	4	100
11/15/2015 17:50	206	198	188	171	763	4	100
11/15/2015 17:55	218	207	209	181	815	4	100
11/15/2015 18:00	201	190	193	162	746	4	100
11/15/2015 18:05	203	187	184	155	729	4	100
11/15/2015 18:10	213	196	203	167	779	4	100
11/15/2015 18:15	217	202	192	180	791	4	100
11/15/2015 18:20	205	198	182	170	755	4	100
11/15/2015 18:25	214	193	202	161	770	4	100
11/15/2015 18:30	201	186	191	176	754	4	100
11/15/2015 18:35	204	198	192	174	768	4	100
11/15/2015 18:40	208	186	191	160	745	4	100
11/15/2015 18:45	218	204	202	156	780	4	100
11/15/2015 18:50	222	196	193	163	774	4	100
11/15/2015 18:55	220	206	208	173	807	4	100
11/15/2015 19:00	214	208	211	187	820	4	100
11/15/2015 19:05	204	199	193	163	759	4	100
11/15/2015 19:10	208	243	221	179	851	4	100
11/15/2015 19:15	209	236	218	176	839	4	100
11/15/2015 19:20	215	216	212	178	821	4	100
11/15/2015 19:25	191	228	212	178	809	4	100
11/15/2015 19:30	199	219	223	176	817	4	100
11/15/2015 19:35	197	220	212	179	808	4	100
11/15/2015 19:40	190	213	193	167	763	4	100
11/15/2015 19:45	192	248	226	199	865	4	100
11/15/2015 19:50	180	229	211	156	776	4	100
11/15/2015 19:55	184	212	208	173	777	4	100
11/15/2015 20:00	186	241	224	183	834	4	100
11/15/2015 20:05	183	220	206	174	783	4	100
11/15/2015 20:10	200	227	216	176	819	4	100
11/15/2015 20:15	205	245	214	180	844	4	100
11/15/2015 20:20	185	239	216	163	803	4	100
11/15/2015 20:25	188	229	226	184	827	4	100
11/15/2015 20:30	183	211	211	167	772	4	100
11/15/2015 20:35	186	204	210	158	758	4	100
11/15/2015 20:40	176	224	200	163	763	4	100
11/15/2015 20:45	172	212	207	165	756	4	100
11/15/2015 20:50	165	210	205	161	741	4	100
11/15/2015 20:55	178	200	186	160	724	4	100
11/15/2015 21:00	164	203	190	171	728	4	100
11/15/2015 21:05	151	195	187	154	687	4	100
11/15/2015 21:10	169	206	195	172	742	4	100
11/15/2015 21:15	168	210	197	181	756	4	100
11/15/2015 21:20	196	231	206	186	819	4	100
11/15/2015 21:25	171	191	174	165	701	4	100
11/15/2015 21:30	149	181	191	159	680	4	100
11/15/2015 21:35	196	228	230	210	864	4	100
11/15/2015 21:40	137	174	163	141	615	4	100
11/15/2015 21:45	157	200	195	160	712	4	100
11/15/2015 21:50	159	215	227	171	772	4	100
11/15/2015 21:55	157	208	199	143	707	4	100
11/15/2015 22:00	145	191	183	157	676	4	100
11/15/2015 22:05	141	189	160	119	609	4	100
11/15/2015 22:10	128	171	178	135	612	4	100
11/15/2015 22:15	145	196	197	166	704	4	100
11/15/2015 22:20	121	174	158	139	592	4	100
11/15/2015 22:25	127	183	169	161	640	4	100
11/15/2015 22:30	108	150	166	134	558	4	100
11/15/2015 22:35	89	145	152	126	512	4	100
11/15/2015 22:40	95	152	148	126	521	4	100
11/15/2015 22:45	92	133	137	114	476	4	100
11/15/2015 22:50	93	141	136	120	490	4	100
11/15/2015 22:55	82	125	111	98	416	4	100
11/15/2015 23:00	70	116	131	102	419	4	100
11/15/2015 23:05	104	154	151	126	535	4	100
11/15/2015 23:10	83	138	136	109	466	4	100
11/15/2015 23:15	89	135	132	94	450	4	100
11/15/2015 23:20	62	102	119	98	381	4	100
11/15/2015 23:25	69	130	137	93	429	4	100
11/15/2015 23:30	61	111	111	86	369	4	100
11/15/2015 23:35	61	110	102	82	355	4	100
11/15/2015 23:40	58	92	90	70	310	4	100
11/15/2015 23:45	51	100	102	72	325	4	100
11/15/2015 23:50	54	100	93	72	319	4	100
11/15/2015 23:55	43	76	85	67	271	4	100
