5 Minutes	Lane 1 Speed (mph)	Lane 2 Speed (mph)	Lane 3 Speed (mph)	Lane 4 Speed (mph)	Speed (mph)	# Lane Points	% Observed
11/02/2015 00:00	74.8	68.9	63.3	60.2	66.1	4	75
11/02/2015 00:05	74	71.8	63.8	64.6	68.4	4	75
11/02/2015 00:10	73.8	71.2	61.4	62.3	66.9	4	75
11/02/2015 00:15	73.4	71.3	62.4	61.1	67	4	75
11/02/2015 00:20	73.6	70.2	61.3	61.9	66.2	4	75
11/02/2015 00:25	73.9	70.2	63.8	65	68.1	4	75
11/02/2015 00:30	73.8	72.3	63.1	63	67.9	4	75
11/02/2015 00:35	73.8	71	61.3	59.1	66.1	4	75
11/02/2015 00:40	74.5	70.2	60.8	59.4	65.8	4	75
11/02/2015 00:45	74.8	70.7	61.1	60.9	66.8	4	75
11/02/2015 00:50	74.6	70.7	63.1	62.1	66.6	4	75
11/02/2015 00:55	74.6	70.6	63.1	61.1	66.7	4	75
11/02/2015 01:00	74.8	70.5	60.9	58.4	65.7	4	75
11/02/2015 01:05	74.6	71.1	61.6	59.1	66.3	4	75
11/02/2015 01:10	74.5	71	63.2	62.3	67	4	75
11/02/2015 01:15	74.4	69.9	61	61.6	66	4	75
11/02/2015 01:20	74.1	70.4	62.9	62.5	67.6	4	75
11/02/2015 01:25	73.9	70	62.6	60.4	65.5	4	75
11/02/2015 01:30	74.3	70.3	62.8	60.4	65.3	4	75
11/02/2015 01:35	74.5	70.9	61.2	57.2	65.6	4	75
11/02/2015 01:40	75	70.8	62.7	60.1	67.3	4	75
11/02/2015 01:45	74.7	70.7	63.5	60	66.1	4	75
11/02/2015 01:50	74.8	71	63.4	62	66.8	4	75
11/02/2015 01:55	74.8	70.8	62.4	61	66.3	4	75
11/02/2015 02:00	74.8	70.8	62.9	60.9	65.7	4	75
11/02/2015 02:05	74.9	70.9	63.5	58.7	66.4	4	75
11/02/2015 02:10	74.9	71	62.7	59.7	66.6	4	75
11/02/2015 02:15	74.9	70.8	63.7	60.8	65.1	4	75
11/02/2015 02:20	74.9	71.4	64	61.8	67.7	4	75
11/02/2015 02:25	74.7	71	63.9	60.1	66.1	4	75
11/02/2015 02:30	74.9	71.1	62.8	62.4	66.6	4	75
11/02/2015 02:35	75.1	71.1	63	60.2	65.1	4	75
11/02/2015 02:40	75.1	70.9	63.7	60.9	65.2	4	75
11/02/2015 02:45	74.9	70.8	64.1	62.1	66.3	4	75
11/02/2015 02:50	74.9	70.8	63.9	62.3	66.5	4	75
11/02/2015 02:55	74.9	70.9	63.9	62.2	65.9	4	75
11/02/2015 03:00	74.7	71.1	63.5	60.1	65.8	4	75
11/02/2015 03:05	74.6	70.6	62.2	57.2	63.5	4	75
11/02/2015 03:10	74.6	70.6	63.9	61.4	65.8	4	75
11/02/2015 03:15	74.8	70.2	63.4	59.1	66.1	4	75
11/02/2015 03:20	74.6	69.4	61.4	57.6	63.7	4	75
11/02/2015 03:25	74.6	70	60.6	55.8	62.6	4	75
11/02/2015 03:30	74.8	70.9	61.2	57.6	64.7	4	75
11/02/2015 03:35	74.4	70.6	62.9	62.3	66	4	75
11/02/2015 03:40	74.5	71.6	63.9	66.2	68.6	4	75
11/02/2015 03:45	74.6	70.8	63.8	63.2	66.7	4	75
11/02/2015 03:50	74.6	70.4	63.8	61.3	66.6	4	75
11/02/2015 03:55	74.5	70.1	63.5	60.1	66.4	4	75
11/02/2015 04:00	74.7	69.8	62.4	57.6	65.5	4	75
11/02/2015 04:05	75.2	67.7	63.8	53.9	64.5	4	75
11/02/2015 04:10	75.1	68	59.4	51.8	62.2	4	75
11/02/2015 04:15	75.2	68.7	61.9	56.1	64.8	4	75
11/02/2015 04:20	75.4	69	63.3	59.7	66	4	75
11/02/2015 04:25	75.6	70	64.4	64.2	67.8	4	75
11/02/2015 04:30	74.2	69.7	63.1	59	65.7	4	75
11/02/2015 04:35	73.1	71.5	64.1	58.9	67.1	4	75
11/02/2015 04:40	73.2	70.2	63.3	59.9	66.9	4	75
11/02/2015 04:45	76.7	71.1	65	56.4	67.4	4	75
11/02/2015 04:50	75.6	69.5	64.9	57.6	66.9	4	75
11/02/2015 04:55	72.9	69.2	63.9	56.9	65.8	4	75
11/02/2015 05:00	74.5	71.1	65.5	59.4	67.8	4	75
11/02/2015 05:05	78.3	71	66.6	61.3	69.6	4	75
11/02/2015 05:10	78.5	72.4	65.5	60.4	69.6	4	75
11/02/2015 05:15	76.4	71.3	65.9	60.2	69.2	4	75
11/02/2015 05:20	76.7	70.3	65.4	60.4	68.9	4	75
11/02/2015 05:25	76.1	69.6	64.3	58.5	68	4	75
11/02/2015 05:30	77.3	71.5	64.8	61.1	69.7	4	75
11/02/2015 05:35	76.2	69.8	63.9	59.5	68.6	4	75
11/02/2015 05:40	73.8	69	62.7	54.8	66.2	4	75
11/02/2015 05:45	72.3	67.1	63.1	56	65.4	4	75
11/02/2015 05:50	71.1	66.1	61	53.2	63.8	4	75
11/02/2015 05:55	70.3	67.4	61	54.3	64.5	4	75
11/02/2015 06:00	71.3	68	59.1	51.5	63.7	4	75
11/02/2015 06:05	71.8	68.7	61.2	53.6	65.3	4	75
11/02/2015 06:10	72.9	69.3	62.2	59.2	67	4	75
11/02/2015 06:15	73.5	69.7	63.1	58.6	67.3	4	75
11/02/2015 06:20	74.8	70.7	64.3	62.2	68.8	4	75
11/02/2015 06:25	75.6	69.5	65.5	63.9	69.4	4	75
11/02/2015 06:30	75.7	69.8	64.5	62.1	68.9	4	75
11/02/2015 06:35	75.1	66.8	63.9	60	67.2	4	75
11/02/2015 06:40	74.5	68	64.7	59.8	67.5	4	75
11/02/2015 06:45	77.2	69.9	65.5	61.2	69.1	4	75
11/02/2015 06:50	78.2	71.7	66.2	59.4	69.8	4	75
11/02/2015 06:55	76	70.6	64.1	59.8	68.5	4	75
11/02/2015 07:00	75.5	69.8	63.7	59.1	67.6	4	75
11/02/2015 07:05	73.9	68.2	62.5	59.4	66.8	4	75
11/02/2015 07:10	73.5	67.4	62.3	59	66.3	4	75
11/02/2015 07:15	70.9	63.6	59.8	57.7	63.6	4	75
11/02/2015 07:20	58.9	51.5	56.4	49.1	53.9	4	75
11/02/2015 07:25	58.3	51.2	52.9	51	53.3	4	75
11/02/2015 07:30	60.8	55.1	54.3	51.7	55.7	4	75
11/02/2015 07:35	55.5	49.7	53.1	49.8	51.7	4	75
11/02/2015 07:40	51.7	44.6	53	47.7	48.7	4	75
11/02/2015 07:45	53.6	48	50.9	47.5	49.8	4	75
11/02/2015 07:50	58.4	53.8	51.2	50.7	53.8	4	75
11/02/2015 07:55	51.9	46.8	49.8	49.1	49.3	4	75
11/02/2015 08:00	57	52.4	49.7	51.3	52.9	4	75
11/02/2015 08:05	60.6	55.1	51.4	53	55.5	4	75
11/02/2015 08:10	56.1	49.8	49.1	50.4	51.5	4	75
11/02/2015 08:15	54.9	50.2	48.3	50.5	51.1	4	75
11/02/2015 08:20	59.6	55	49.4	53	54.8	4	75
11/02/2015 08:25	60.8	55.9	49.6	54.3	55.7	4	75
11/02/2015 08:30	56	50.9	49.1	49.4	51.5	4	75
11/02/2015 08:35	53.6	49.6	47	46.2	49.3	4	75
11/02/2015 08:40	57.6	54	49.3	51.4	53.4	4	75
11/02/2015 08:45	62.7	58.2	52.4	57.6	58.3	4	75
11/02/2015 08:50	65.2	58.4	52.4	57.2	58.8	4	75
11/02/2015 08:55	66.4	61	53.7	59.2	60.8	4	75
11/02/2015 09:00	68	62.1	55.6	58.5	61.5	4	75
11/02/2015 09:05	67.3	62	55.6	59.2	61.8	4	75
11/02/2015 09:10	67.6	63.3	56.7	62.1	63.1	4	75
11/02/2015 09:15	72.1	67.6	59.1	64.4	66.6	4	75
11/02/2015 09:20	71.7	67.3	59.3	62.5	66.1	4	75
11/02/2015 09:25	74.3	67.2	59.2	60.6	66	4	75
11/02/2015 09:30	73.3	66.3	58.3	58.9	65.3	4	75
11/02/2015 09:35	73.4	67.4	57.4	55.8	65.2	4	75
11/02/2015 09:40	70.7	66.8	57.5	56.2	63.9	4	75
11/02/2015 09:45	70.3	67.3	57	54.4	63.6	4	75
11/02/2015 09:50	71.6	67.5	58.7	56.9	64.8	4	75
11/02/2015 09:55	70.9	66.9	57.7	56	63.9	4	75
11/02/2015 10:00	71.8	67.9	57.9	54.7	64.4	4	75
11/02/2015 10:05	70.9	66.2	58.1	53.6	63.2	4	75
11/02/2015 10:10	70.8	66.5	57.4	54.2	63.5	4	75
11/02/2015 10:15	71.6	66.6	57.9	52.2	63	4	75
11/02/2015 10:20	70.4	65.6	57.7	49.8	62.1	4	75
11/02/2015 10:25	71.7	67.8	57.7	53.1	63.6	4	75
11/02/2015 10:30	70.5	67.2	57.8	52.7	63.1	4	75
11/02/2015 10:35	69.9	67.5	58.6	52.3	63.5	4	75
11/02/2015 10:40	70.2	65.9	57.3	52.9	62.7	4	75
11/02/2015 10:45	68.4	65.3	57.3	50.5	61.9	4	75
11/02/2015 10:50	69.5	63.2	56.4	51.1	61.1	4	75
11/02/2015 10:55	71.5	65.3	55.8	50.7	62.4	4	75
11/02/2015 11:00	69.6	64.6	56.9	50.7	61.7	4	75
11/02/2015 11:05	64.9	61	54	48	58	4	75
11/02/2015 11:10	60	56.2	51.7	43.1	53.8	4	75
11/02/2015 11:15	58.3	56	50.6	45.7	53.4	4	75
11/02/2015 11:20	58.4	55.6	51.3	45.6	53.5	4	75
11/02/2015 11:25	61.4	57	52.3	47.1	55.4	4	75
11/02/2015 11:30	65.2	59.8	54.3	50.8	58.2	4	75
11/02/2015 11:35	64.4	59.9	53.7	49.6	57.7	4	75
11/02/2015 11:40	66.5	62.2	53.9	52.3	59.7	4	75
11/02/2015 11:45	65	60.7	53.6	49.2	58.2	4	75
11/02/2015 11:50	57.1	52.9	50	45.6	51.9	4	75
11/02/2015 11:55	59.9	56.2	52.1	46.6	54.4	4	75
11/02/2015 12:00	64.1	60.7	53.8	46.4	57.4	4	75
11/02/2015 12:05	68.3	64.2	56.4	50.5	61	4	75
11/02/2015 12:10	70.3	67.4	58.8	50.2	63	4	75
11/02/2015 12:15	70.1	67.1	57.6	52.6	63.4	4	75
11/02/2015 12:20	70.7	65.8	57.9	53.8	63.3	4	75
11/02/2015 12:25	71	66.6	58.2	52.6	63.5	4	75
11/02/2015 12:30	69.8	66.5	55.8	51.3	62.6	4	75
11/02/2015 12:35	70.6	66.2	57.3	54.8	63.6	4	75
11/02/2015 12:40	70	65.3	55.6	51.6	61.8	4	75
11/02/2015 12:45	47.6	42	46.9	32.8	42.6	4	75
11/02/2015 12:50	30.4	27.2	39.9	21.2	29.4	4	75
11/02/2015 12:55	19.2	17.8	32.6	13.8	20.5	4	75
11/02/2015 13:00	14.3	12.3	24.9	8.9	15.1	4	75
11/02/2015 13:05	20.2	15.1	28.5	10.3	18.1	4	75
11/02/2015 13:10	24.5	18.4	30	9	20.9	4	75
11/02/2015 13:15	27.5	21.6	31	11.5	22.8	4	75
11/02/2015 13:20	31.8	26	33.4	13.4	26.6	4	75
11/02/2015 13:25	34.6	27.6	34.4	15.3	28.4	4	75
11/02/2015 13:30	36.2	28.6	35	14.1	29.5	4	75
11/02/2015 13:35	35.8	29.4	35.5	15.7	29.6	4	75
11/02/2015 13:40	33.6	27.3	34.2	16	27.9	4	75
11/02/2015 13:45	37	28.6	35	19.9	30.2	4	75
11/02/2015 13:50	36.6	29.4	36.8	23.5	31.3	4	75
11/02/2015 13:55	37.9	32.1	39.1	27.2	33.8	4	75
11/02/2015 14:00	38.1	31.6	38.9	26.9	33.6	4	75
11/02/2015 14:05	42	35.6	39.3	29.1	36.5	4	75
11/02/2015 14:10	39.9	34.2	38.5	28.7	35.5	4	75
11/02/2015 14:15	37	30.5	36.8	25.8	32.5	4	75
11/02/2015 14:20	38.1	34.5	38.7	28.4	34.8	4	75
11/02/2015 14:25	42.7	39.3	41.6	32.4	39	4	75
11/02/2015 14:30	41.9	38.6	41.2	32.5	38.6	4	75
11/02/2015 14:35	41.2	36.7	41.8	29.9	37.4	4	75
11/02/2015 14:40	40.7	35.1	40.4	25.5	35.3	4	75
11/02/2015 14:45	43.1	37.5	41.2	30.6	37.9	4	75
11/02/2015 14:50	45.4	40.3	42	35	40.6	4	75
11/02/2015 14:55	44.2	37.5	40.5	33.1	38.7	4	75
11/02/2015 15:00	38.7	32.9	40.3	31.7	35.4	4	75
11/02/2015 15:05	38.5	33.8	38.5	30.9	35.1	4	75
11/02/2015 15:10	35.6	30.8	34.8	26.3	31.7	4	75
11/02/2015 15:15	34.3	29.2	32.7	21.8	29.3	4	75
11/02/2015 15:20	34.1	28.8	32.4	22.1	28.9	4	75
11/02/2015 15:25	32.9	27.3	31.5	19.3	27.7	4	75
11/02/2015 15:30	34.7	28.9	33.4	22.1	29.4	4	75
11/02/2015 15:35	33.6	28.7	34.9	22.7	29.4	4	75
11/02/2015 15:40	33.4	27.9	34.6	22	29.1	4	75
11/02/2015 15:45	34	27.5	32.1	25.1	29.5	4	75
11/02/2015 15:50	33.8	26.5	30.5	22.7	28.2	4	75
11/02/2015 15:55	32.9	26.1	33.9	21.9	28.2	4	75
11/02/2015 16:00	33.5	27.7	36.1	24	29.6	4	75
11/02/2015 16:05	33.2	27	32.9	23.7	28.8	4	75
11/02/2015 16:10	25.8	19.4	27.1	16.6	22.1	4	75
11/02/2015 16:15	22.5	17	24.5	13.6	19.3	4	75
11/02/2015 16:20	25.5	18.4	28.1	14	21.1	4	75
11/02/2015 16:25	29.5	22.9	30.1	17.5	24.5	4	75
11/02/2015 16:30	29.9	24.2	31.3	20.2	25.9	4	75
11/02/2015 16:35	30.6	24.7	29.6	22.5	26.6	4	75
11/02/2015 16:40	29.2	22.9	28.3	18.6	24.7	4	75
11/02/2015 16:45	30.6	25.2	27.1	18.1	25.2	4	75
11/02/2015 16:50	29.1	24.1	27.8	15.6	24.4	4	75
11/02/2015 16:55	21.8	17.9	25	12.4	19	4	75
11/02/2015 17:00	22.1	16.6	22	11.3	18.1	4	75
11/02/2015 17:05	26	19.4	26.2	12.3	21.2	4	75
11/02/2015 17:10	27.1	20.8	26.3	12.3	21.9	4	75
11/02/2015 17:15	29.1	22.3	26.3	12.7	23.1	4	75
11/02/2015 17:20	24.9	18.5	23.6	11.5	19.9	4	75
11/02/2015 17:25	25.3	18	23.8	11	19.9	4	75
11/02/2015 17:30	27.9	20.7	22.8	13.5	21.5	4	75
11/02/2015 17:35	24.7	19.1	24.1	12.7	20.2	4	75
11/02/2015 17:40	24	18.1	23.6	12.2	19.7	4	75
11/02/2015 17:45	25.9	19.5	22.1	12.3	20.4	4	75
11/02/2015 17:50	28	21	24.3	12.1	22	4	75
11/02/2015 17:55	27.9	20.9	25.1	13.5	22.2	4	75
11/02/2015 18:00	27.8	20.2	28.5	13.5	22.6	4	75
11/02/2015 18:05	28	21.6	28.7	14.8	23.2	4	75
11/02/2015 18:10	28.8	22.3	29.4	14.1	23.9	4	75
11/02/2015 18:15	30	23.6	29.6	13.7	24.8	4	75
11/02/2015 18:20	31.1	24.2	29.1	13.3	24.9	4	75
11/02/2015 18:25	29.5	24.3	30.8	14.4	25	4	75
11/02/2015 18:30	28.5	23.1	28.7	12.2	23.9	4	75
11/02/2015 18:35	28.8	22.4	28.3	12.8	23.3	4	75
11/02/2015 18:40	28.9	23.2	29.7	14.1	23.8	4	75
11/02/2015 18:45	29.5	22.9	27	15.1	24	4	75
11/02/2015 18:50	26.8	20.7	29.8	13.9	22.9	4	75
11/02/2015 18:55	26.4	20.3	29.9	13.5	22.3	4	75
11/02/2015 19:00	25.7	19.6	29.5	12.7	21.8	4	75
11/02/2015 19:05	27.2	20.2	29.8	11.8	22.3	4	75
11/02/2015 19:10	27.6	20.4	28.5	11.4	22.4	4	75
11/02/2015 19:15	26.8	20.8	28.9	13.4	22.5	4	75
11/02/2015 19:20	30	24	24.4	12.8	23.9	4	75
11/02/2015 19:25	31	25.8	28.3	13.5	25.5	4	75
11/02/2015 19:30	33.3	28.4	31.5	20.1	28.3	4	75
11/02/2015 19:35	35.6	32.4	35	24.3	31.8	4	75
11/02/2015 19:40	36	32.9	37.3	28.1	33.3	4	75
11/02/2015 19:45	36.9	33.4	38.4	31.8	34.9	4	75
11/02/2015 19:50	38.3	33.8	39.9	31.9	35.6	4	75
11/02/2015 19:55	40.8	36.4	43.5	31.2	37.6	4	75
11/02/2015 20:00	43.2	37.7	41.1	33.2	38.5	4	75
11/02/2015 20:05	56.6	53.2	51.5	46.7	52.2	4	75
11/02/2015 20:10	60.6	57.6	57.1	52.2	56.9	4	75
11/02/2015 20:15	64.2	61.4	59.6	52.5	59.8	4	75
11/02/2015 20:20	68	66.1	58.2	54.8	62.7	4	75
11/02/2015 20:25	68.3	68.2	59.5	56.3	63.8	4	75
11/02/2015 20:30	70.2	69.3	61.3	58.2	65.8	4	75
11/02/2015 20:35	72.4	70.7	61.1	58.3	66.5	4	75
11/02/2015 20:40	73.4	69.9	61.8	60.9	67.1	4	75
11/02/2015 20:45	71.2	70.5	61	57.8	66.1	4	75
11/02/2015 20:50	70.4	70.1	61.6	58	65.6	4	75
11/02/2015 20:55	70.1	70.1	61.8	57	65.4	4	75
11/02/2015 21:00	70.4	69.9	62.4	57.3	65.6	4	75
11/02/2015 21:05	71.9	70.7	63.2	58.3	66.7	4	75
11/02/2015 21:10	73.4	70.4	64.9	61.2	68	4	75
11/02/2015 21:15	72	69.7	61.8	57.3	66.2	4	75
11/02/2015 21:20	72.4	69.9	63.4	61.5	67.3	4	75
11/02/2015 21:25	72.5	71.1	65	62.2	68.1	4	75
11/02/2015 21:30	73.8	72.9	64.2	62.9	69.2	4	75
11/02/2015 21:35	74.3	71.6	64.6	63.3	68.9	4	75
11/02/2015 21:40	73.8	69.3	62.4	58	66.7	4	75
11/02/2015 21:45	74.3	70.5	64	59.9	67.3	4	75
11/02/2015 21:50	74.9	72.3	65.5	63.3	69.4	4	75
11/02/2015 21:55	71.8	70.9	64.7	60.2	67.5	4	75
11/02/2015 22:00	72.6	72.2	64.7	60.9	68.2	4	75
11/02/2015 22:05	69.9	69.8	63.8	60.2	66.2	4	75
11/02/2015 22:10	71.8	69.4	63.9	61.9	66.9	4	75
11/02/2015 22:15	70.1	69.8	62.2	59.2	65.8	4	75
11/02/2015 22:20	72.7	70.4	63.3	62.2	67.5	4	75
11/02/2015 22:25	72	69.1	60.9	58	65.4	4	75
11/02/2015 22:30	71.5	68.3	62	60.3	66	4	75
11/02/2015 22:35	73.5	69.1	64.2	60.8	66.5	4	75
11/02/2015 22:40	74.3	71.4	63	59.7	66.7	4	75
11/02/2015 22:45	73.6	69.8	62.3	58.8	66.1	4	75
11/02/2015 22:50	74.5	69.3	62.8	59.1	66.2	4	75
11/02/2015 22:55	74.9	71.4	63.2	62.4	68.2	4	75
11/02/2015 23:00	72.2	70.3	64.3	66.2	68.3	4	75
11/02/2015 23:05	73.7	70.1	63.2	62.5	67.5	4	75
11/02/2015 23:10	73.1	70.1	63.7	62.8	67.6	4	75
11/02/2015 23:15	73.4	70.5	63.8	61.7	67	4	75
11/02/2015 23:20	74.7	71.2	64.7	65.3	68.7	4	75
11/02/2015 23:25	74	69.2	63.2	64	67.3	4	75
11/02/2015 23:30	74.3	71.1	62.1	64.8	67.7	4	75
11/02/2015 23:35	74.5	70.6	62.2	63.7	67.4	4	75
11/02/2015 23:40	73.2	70.6	62.7	58.6	66.9	4	75
11/02/2015 23:45	72.6	70.6	64.2	61.6	66.9	4	75
11/02/2015 23:50	73.6	71.1	62.5	59.1	66.1	4	75
11/02/2015 23:55	74.1	70.8	62	59.3	65.8	4	75
11/03/2015 00:00	74.8	71.8	62.7	63.5	67.5	4	75
11/03/2015 00:05	74.1	71.6	62.2	64.6	67.6	4	75
11/03/2015 00:10	73.8	70.3	62.2	64.3	67	4	75
11/03/2015 00:15	73.6	70.7	61.3	60.6	66.1	4	75
11/03/2015 00:20	73.9	69.9	61.1	63.6	65.9	4	75
11/03/2015 00:25	74.2	70.4	59.2	55.7	64.4	4	75
11/03/2015 00:30	74.3	71.2	59.3	58.2	64.2	4	75
11/03/2015 00:35	74.2	70.7	61.3	63.9	66.1	4	75
11/03/2015 00:40	74.4	71.3	60.7	61.2	65.9	4	75
11/03/2015 00:45	74.4	70.6	61	58.6	65.4	4	75
11/03/2015 00:50	74.3	71.1	61.6	57.2	65.3	4	75
11/03/2015 00:55	74.6	71.3	60.3	61.1	65.3	4	75
11/03/2015 01:00	74.3	69.1	59	56.5	63.6	4	75
11/03/2015 01:05	74.5	70	60.8	59.8	65.3	4	75
11/03/2015 01:10	74.8	70.3	59.5	62.1	65.3	4	75
11/03/2015 01:15	74.9	70.9	60.8	62.4	65.5	4	75
11/03/2015 01:20	74.7	71	60.2	59.1	64.5	4	75
11/03/2015 01:25	74.6	71	61.7	60.5	65.6	4	75
11/03/2015 01:30	74.7	70.8	62	61.9	65.1	4	75
11/03/2015 01:35	74.9	70.9	61.4	60.6	65.4	4	75
11/03/2015 01:40	74.9	71	62.4	63.4	65.5	4	75
11/03/2015 01:45	74.8	70.9	62.3	63	66.1	4	75
11/03/2015 01:50	74.7	70.7	61.9	63.6	65.8	4	75
11/03/2015 01:55	74.8	70.9	61.6	63.9	65.6	4	75
11/03/2015 02:00	74.8	71	62.4	63	66.1	4	75
11/03/2015 02:05	74.8	70.3	62.6	64.6	66.8	4	75
11/03/2015 02:10	74.6	70.4	60.6	62.9	66	4	75
11/03/2015 02:15	74.6	71	60.4	62.4	65.3	4	75
11/03/2015 02:20	74.5	71.2	58.8	63.2	65.3	4	75
11/03/2015 02:25	74.7	71.1	58.5	63.4	64.9	4	75
11/03/2015 02:30	74.6	71	59	63.8	64.7	4	75
11/03/2015 02:35	74.7	70.9	58.9	63.2	64.5	4	75
11/03/2015 02:40	74.6	71	59.1	64.6	64.7	4	75
11/03/2015 02:45	74.5	71.5	60.5	62.4	64.8	4	75
11/03/2015 02:50	74.6	71.1	60.7	61.1	65.4	4	75
11/03/2015 02:55	74.6	71	60.6	61.6	65.4	4	75
11/03/2015 03:00	75.1	71.3	60.6	58.1	64.1	4	75
11/03/2015 03:05	74.8	71	61.4	61.9	65.4	4	75
11/03/2015 03:10	74.5	70.4	62.3	64	66	4	75
11/03/2015 03:15	74.7	70.4	61.3	60.7	64.5	4	75
11/03/2015 03:20	74.7	70.5	61.7	60.9	65	4	75
11/03/2015 03:25	74.8	70.7	61.9	62	66	4	75
11/03/2015 03:30	74.7	71.2	60.6	61.7	65.2	4	75
11/03/2015 03:35	74.8	70.8	63.3	62.8	67.1	4	75
11/03/2015 03:40	74.8	71.3	58.9	64.2	65.7	4	75
11/03/2015 03:45	74.7	70.2	59.8	57.5	63.7	4	75
11/03/2015 03:50	74.7	70.7	63.3	60.7	66.1	4	75
11/03/2015 03:55	74.6	70.9	63.6	63.2	67.5	4	75
11/03/2015 04:00	74.6	69.4	60.1	61.3	64.6	4	75
11/03/2015 04:05	74.7	70.9	59.8	58.5	64.7	4	75
11/03/2015 04:10	74.8	70.8	61.1	64.4	66.4	4	75
11/03/2015 04:15	74.6	71.4	59.7	64.9	67	4	75
11/03/2015 04:20	74.4	71.8	61.6	61.5	66.2	4	75
11/03/2015 04:25	74.9	71.9	63.5	66.5	68.9	4	75
11/03/2015 04:30	73	70.3	62.5	58.6	65.6	4	75
11/03/2015 04:35	72.2	70.6	64	64.5	67.8	4	75
11/03/2015 04:40	71.6	69.3	62.3	62.9	66.6	4	75
11/03/2015 04:45	70.8	69.3	62	61.7	66	4	75
11/03/2015 04:50	72.1	67.9	63.7	65.3	67	4	75
11/03/2015 04:55	70.2	68	65	68.2	67.9	4	75
11/03/2015 05:00	73.4	70.9	62.8	61	67.4	4	75
11/03/2015 05:05	74.2	72.1	63	61.1	67.9	4	75
11/03/2015 05:10	73.6	71.5	62.1	62.2	67.6	4	75
11/03/2015 05:15	74.8	70.9	60.4	59.7	67.2	4	75
11/03/2015 05:20	75.2	71.3	61.6	59.3	67.7	4	75
11/03/2015 05:25	74.2	69.7	61.1	58.3	66.6	4	75
11/03/2015 05:30	73.3	68.3	61.5	57.3	65.9	4	75
11/03/2015 05:35	72.1	68.4	60.9	57.1	65.4	4	75
11/03/2015 05:40	71.2	67.3	61.6	58.1	65.3	4	75
11/03/2015 05:45	72.2	70.7	61.6	58.7	66.7	4	75
11/03/2015 05:50	70.2	67.7	61.2	59.4	65.3	4	75
11/03/2015 05:55	70.8	68.1	62.5	63.4	66.8	4	75
11/03/2015 06:00	70.8	69	63.3	62.7	67.3	4	75
11/03/2015 06:05	69.1	68.5	60.6	58.7	65.2	4	75
11/03/2015 06:10	68.7	67.8	59.5	59.7	64.9	4	75
11/03/2015 06:15	69.9	69.1	61.1	62.2	66.3	4	75
11/03/2015 06:20	70.8	68.7	61.5	63	66.7	4	75
11/03/2015 06:25	72.8	68.8	63.2	65.5	68.1	4	75
11/03/2015 06:30	70.9	69	64.2	66.9	68.2	4	75
11/03/2015 06:35	71.4	68.2	63.1	64.6	67.3	4	75
11/03/2015 06:40	72.1	68.3	62.7	68.3	68.3	4	75
11/03/2015 06:45	71.3	69.5	62.5	67.6	68.4	4	75
11/03/2015 06:50	72.5	69.3	63.2	66.2	68.4	4	75
11/03/2015 06:55	72.7	67.7	62.6	64.2	67.4	4	75
11/03/2015 07:00	71.1	67.8	62.7	62.7	66.5	4	75
11/03/2015 07:05	70.4	67.3	62.1	60.9	65.9	4	75
11/03/2015 07:10	71.2	67.1	62.4	61.7	66.1	4	75
11/03/2015 07:15	69.3	64.6	62.6	63.2	65.2	4	75
11/03/2015 07:20	69.8	67	63.4	63.5	66.3	4	75
11/03/2015 07:25	71	67.3	62.7	63.7	66.6	4	75
11/03/2015 07:30	66.1	62	60.7	60.9	62.7	4	75
11/03/2015 07:35	55.2	52.4	49.7	52.9	52.8	4	75
11/03/2015 07:40	56.2	51.3	49.1	51.8	52.3	4	75
11/03/2015 07:45	51.6	45.9	49.8	50.5	49.4	4	75
11/03/2015 07:50	54.2	48.7	50.4	52.2	51.4	4	75
11/03/2015 07:55	51.9	46.6	47.5	49.8	49	4	75
11/03/2015 08:00	52.5	45.6	46.1	50.2	48.8	4	75
11/03/2015 08:05	52	47.6	47.4	49.8	49.4	4	75
11/03/2015 08:10	58.6	53.1	51.8	53.5	54.4	4	75
11/03/2015 08:15	59.9	56.7	53	56.2	56.8	4	75
11/03/2015 08:20	58.9	54	51.3	53.8	54.9	4	75
11/03/2015 08:25	56	49.2	50.9	50.2	51.7	4	75
11/03/2015 08:30	55.3	51.5	49.2	49.3	51.7	4	75
11/03/2015 08:35	47.3	43.7	46.7	44	45.3	4	75
11/03/2015 08:40	51.6	47.3	49.3	48.1	49.1	4	75
11/03/2015 08:45	56.5	52.3	50.7	49.3	52.5	4	75
11/03/2015 08:50	59.8	55.5	52.1	50.9	55	4	75
11/03/2015 08:55	61.1	57.8	53.4	52.4	56.7	4	75
11/03/2015 09:00	64.2	61.4	55.3	56.6	60	4	75
11/03/2015 09:05	64.5	63.2	58.1	59.4	61.8	4	75
11/03/2015 09:10	68	65.7	59.8	58.8	63.9	4	75
11/03/2015 09:15	69.6	67.4	60.9	58.9	64.9	4	75
11/03/2015 09:20	69.8	66.8	60.6	60.9	65.1	4	75
11/03/2015 09:25	70.6	69.2	60.6	63	66.7	4	75
11/03/2015 09:30	71.6	71	61.4	60.4	67.3	4	75
11/03/2015 09:35	71.9	70.5	61.2	58.5	66.9	4	75
11/03/2015 09:40	69.1	67.3	59.5	58.1	64.2	4	75
11/03/2015 09:45	69.6	66.1	60.5	59.8	64.7	4	75
11/03/2015 09:50	71.8	67.1	61	60.9	65.9	4	75
11/03/2015 09:55	70.1	64.9	58.6	57.6	63.5	4	75
11/03/2015 10:00	70.9	66.5	59.8	57.7	64.3	4	75
11/03/2015 10:05	72.5	67.5	59.7	56	64.7	4	75
11/03/2015 10:10	70.6	67.5	58.7	54.1	63.7	4	75
11/03/2015 10:15	67	61.5	59.1	55	61	4	75
11/03/2015 10:20	68.6	63.8	60.5	55.4	62.9	4	75
11/03/2015 10:25	67.6	64	57.7	51.8	61.2	4	75
11/03/2015 10:30	68.7	65.1	58.2	52.4	62.1	4	75
11/03/2015 10:35	69.4	65.3	58.5	51.4	62.1	4	75
11/03/2015 10:40	67.9	63.9	56.9	50.4	60.9	4	75
11/03/2015 10:45	66.5	62.9	56.2	48.8	59.7	4	75
11/03/2015 10:50	66.8	62.9	56.8	50	60.2	4	75
11/03/2015 10:55	66.7	62.6	56	50	60	4	75
11/03/2015 11:00	66.9	61.8	55.7	50.6	59.5	4	75
11/03/2015 11:05	65.3	61.2	56.2	49.5	58.9	4	75
11/03/2015 11:10	67.2	65.7	58.6	51.5	61.5	4	75
11/03/2015 11:15	65.5	63.9	57.7	50.1	60.4	4	75
11/03/2015 11:20	63.5	61.3	56.3	47.3	58.1	4	75
11/03/2015 11:25	63.7	60.4	55.7	46.3	57.6	4	75
11/03/2015 11:30	63.5	60.8	53.4	46.7	57.6	4	75
11/03/2015 11:35	60.8	57.4	52.8	45.8	55.2	4	75
11/03/2015 11:40	61.9	59.1	53.9	45.6	56.2	4	75
11/03/2015 11:45	59.1	54.7	51.2	44.5	53	4	75
11/03/2015 11:50	61.2	58.4	52.3	45.7	55.7	4	75
11/03/2015 11:55	60.3	57.3	52.8	47.5	55	4	75
11/03/2015 12:00	63.9	60.9	55.3	46.9	57.9	4	75
11/03/2015 12:05	64.8	61.1	55.1	46.7	58.1	4	75
11/03/2015 12:10	64.6	60.2	54.6	48.7	58.1	4	75
11/03/2015 12:15	63.8	61.3	54.8	49.8	58.7	4	75
11/03/2015 12:20	66.7	63.1	55	50.4	59.9	4	75
11/03/2015 12:25	66	61.5	55.4	50.9	59.7	4	75
11/03/2015 12:30	58.9	53.2	52.7	47.4	53.3	4	75
11/03/2015 12:35	56.1	50.3	49.8	47.5	51.2	4	75
11/03/2015 12:40	58.1	53.7	51.1	47	52.9	4	75
11/03/2015 12:45	60.5	57.3	47.7	48.3	54.7	4	75
11/03/2015 12:50	58.2	54.5	49.1	48.8	53.2	4	75
11/03/2015 12:55	61	57.5	51.9	51.8	56	4	75
11/03/2015 13:00	63.2	60.3	53.9	57.1	59	4	75
11/03/2015 13:05	65.9	62.5	55.4	60.5	61.6	4	75
11/03/2015 13:10	65.6	62.8	56.2	60.9	62	4	75
11/03/2015 13:15	64	59.8	54.3	58.3	59.6	4	75
11/03/2015 13:20	59.5	55.3	50.9	55.5	55.8	4	75
11/03/2015 13:25	56.9	53.4	50.8	52.2	53.6	4	75
11/03/2015 13:30	58.2	54.6	52.2	52.3	54.5	4	75
11/03/2015 13:35	60.3	56.7	51.7	51.7	55.8	4	75
11/03/2015 13:40	54.1	51.2	50	47.9	50.9	4	75
11/03/2015 13:45	47.8	43.1	46.4	44.1	45.3	4	75
11/03/2015 13:50	45.9	41.9	42.7	42.7	43.3	4	75
11/03/2015 13:55	43.4	39.3	42.7	41.2	41.5	4	75
11/03/2015 14:00	44.7	41.9	42	42.4	42.8	4	75
11/03/2015 14:05	46.8	42.9	41.7	44.9	44.4	4	75
11/03/2015 14:10	39.3	34.8	40.2	38.7	38.1	4	75
11/03/2015 14:15	34	28.9	35.9	32.8	32.6	4	75
11/03/2015 14:20	32.4	27.6	35.4	30.6	31.1	4	75
11/03/2015 14:25	33.6	28	36	32.2	32.1	4	75
11/03/2015 14:30	37.2	32.1	38.9	33.9	35.2	4	75
11/03/2015 14:35	38.5	34.1	38.6	34.6	36.2	4	75
11/03/2015 14:40	36.1	30.7	36.6	31.1	33.4	4	75
11/03/2015 14:45	33.6	28.5	35.3	26.5	30.6	4	75
11/03/2015 14:50	32.7	27.3	34.2	22.7	28.8	4	75
11/03/2015 14:55	32.4	27.1	35	23.5	29	4	75
11/03/2015 15:00	33	27.9	34.6	23.4	29.2	4	75
11/03/2015 15:05	31.9	25.1	36.4	23.7	28.6	4	75
11/03/2015 15:10	34.8	28.8	33.5	26.7	30.8	4	75
11/03/2015 15:15	32.1	24.4	30.9	20.4	27	4	75
11/03/2015 15:20	30.7	24.2	30.3	19	26	4	75
11/03/2015 15:25	28.6	22.5	31.2	16.4	24.4	4	75
11/03/2015 15:30	28.2	22.3	28.3	17.3	23.8	4	75
11/03/2015 15:35	26.9	20.5	28.1	15.9	22.8	4	75
11/03/2015 15:40	27.1	22	27.4	16	23.2	4	75
11/03/2015 15:45	25.5	18.8	26.9	13.9	21.4	4	75
11/03/2015 15:50	22.2	16.6	27.7	11.6	19.6	4	75
11/03/2015 15:55	21.7	16	27.1	10.6	18.8	4	75
11/03/2015 16:00	21.4	15.8	27.2	10.2	18.7	4	75
11/03/2015 16:05	19.6	14.5	26.1	9.1	17.5	4	75
11/03/2015 16:10	20.3	14.6	26.2	8.8	17.4	4	75
11/03/2015 16:15	22.1	16	26.8	9.4	18.8	4	75
11/03/2015 16:20	20.6	15	24.5	10.5	17.6	4	75
11/03/2015 16:25	19.5	15.2	26	10.3	17.6	4	75
11/03/2015 16:30	21.9	17.1	26.5	10.8	19.1	4	75
11/03/2015 16:35	22.1	16.2	27	10.9	19.1	4	75
11/03/2015 16:40	19.4	14.2	25.2	9.1	17.1	4	75
11/03/2015 16:45	22.7	17.9	27.6	11.3	19.8	4	75
11/03/2015 16:50	22	16.2	27.3	11.1	18.9	4	75
11/03/2015 16:55	22.1	15.7	22.3	11.7	18	4	75
11/03/2015 17:00	23.7	17.6	23.6	11.4	19.5	4	75
11/03/2015 17:05	23.6	17.9	28.6	12.5	20.6	4	75
11/03/2015 17:10	25.4	19.3	29.3	11.8	21.7	4	75
11/03/2015 17:15	26	18.9	27.8	10.9	21.3	4	75
11/03/2015 17:20	24.4	16.3	27.5	10.3	19.8	4	75
11/03/2015 17:25	26	19.5	27.3	11.3	21.3	4	75
11/03/2015 17:30	26	20	28.5	13.6	21.9	4	75
11/03/2015 17:35	24.9	19	26.8	11.5	21	4	75
11/03/2015 17:40	22.7	17.2	24.4	10.7	19	4	75
11/03/2015 17:45	24	19.1	24.4	11.1	20.1	4	75
11/03/2015 17:50	24.9	19.4	26.1	12.4	20.9	4	75
11/03/2015 17:55	24.2	18.4	25.5	11.6	20.1	4	75
11/03/2015 18:00	25.2	18.8	27.2	12.1	21	4	75
11/03/2015 18:05	25.3	19.3	26.2	12	21	4	75
11/03/2015 18:10	27.3	21.7	29.4	14.3	23.3	4	75
11/03/2015 18:15	27.3	20.6	28.6	12.1	22.6	4	75
11/03/2015 18:20	28.2	23.5	26.5	13.6	23.4	4	75
11/03/2015 18:25	29	24	28.9	14.8	24.5	4	75
11/03/2015 18:30	27	20.6	26.1	12.9	22	4	75
11/03/2015 18:35	26.1	21.4	23.5	13	21.4	4	75
11/03/2015 18:40	25.2	20.3	21.8	12.1	20.5	4	75
11/03/2015 18:45	24.2	18.7	23.2	12	19.7	4	75
11/03/2015 18:50	28.7	22.8	24.5	13.4	23.1	4	75
11/03/2015 18:55	27.6	22.2	24.2	12.7	22.4	4	75
11/03/2015 19:00	26.7	20.9	24.6	13.5	21.8	4	75
11/03/2015 19:05	28.2	22.4	27.2	13.9	23.4	4	75
11/03/2015 19:10	29.6	25	26.4	16.1	24.7	4	75
11/03/2015 19:15	29.9	24.1	26.7	17.8	24.8	4	75
11/03/2015 19:20	31.7	27.5	29	23.2	27.9	4	75
11/03/2015 19:25	33.5	29.8	32.9	25.9	30.4	4	75
11/03/2015 19:30	34.5	29.5	32	24	30.3	4	75
11/03/2015 19:35	32.7	28.7	31.7	23.8	29.3	4	75
11/03/2015 19:40	30.9	26.6	33.8	22.1	27.9	4	75
11/03/2015 19:45	32.9	27.7	34.4	23.5	29.5	4	75
11/03/2015 19:50	32.3	27	33.5	26.2	29.5	4	75
11/03/2015 19:55	33.7	28.2	33.9	26	30.2	4	75
11/03/2015 20:00	38.3	32.7	38.5	31.8	35.1	4	75
11/03/2015 20:05	46	42.3	45.8	41.7	43.8	4	75
11/03/2015 20:10	54.6	51.7	53.6	50.7	52.8	4	75
11/03/2015 20:15	58.9	55.5	54.9	52.3	55.8	4	75
11/03/2015 20:20	61.4	56.9	55.9	53.5	57.3	4	75
11/03/2015 20:25	68	64.4	60.6	58.4	61.2	4	75
11/03/2015 20:30	62.3	60.4	59.5	55.4	59.6	4	75
11/03/2015 20:35	57.3	55.1	55.7	48.6	54.3	4	75
11/03/2015 20:40	49.3	47.9	53.8	45.1	48.5	4	75
11/03/2015 20:45	44.2	42.7	50.8	39.3	43.6	4	75
11/03/2015 20:50	41.4	38.5	48.1	36.2	40.4	4	75
11/03/2015 20:55	49.1	46.6	47.4	42	46.2	4	75
11/03/2015 21:00	61	58.1	56.4	49.9	56.3	4	75
11/03/2015 21:05	66.5	64.2	62.4	55.8	62.4	4	75
11/03/2015 21:10	68.9	66.3	62.6	58.3	64.2	4	75
11/03/2015 21:15	70.1	67.7	61.6	58.3	64.8	4	75
11/03/2015 21:20	71.9	69.7	62.1	57	65.8	4	75
11/03/2015 21:25	73.1	69.1	63.1	56.8	65.9	4	75
11/03/2015 21:30	75.4	70.6	62.7	55.8	67.1	4	75
11/03/2015 21:35	73.6	72.1	64.4	57.6	67.5	4	75
11/03/2015 21:40	73.8	73.1	64.1	58.2	67.7	4	75
11/03/2015 21:45	73.1	73	63.4	59.2	67.9	4	75
11/03/2015 21:50	72.8	71.6	64.6	59.6	67.5	4	75
11/03/2015 21:55	75.6	73.3	64.5	61.8	69.4	4	75
11/03/2015 22:00	74.6	70.3	64.9	60.2	67.9	4	75
11/03/2015 22:05	74.3	70.4	63.4	58.7	67	4	75
11/03/2015 22:10	72.4	69.8	63.1	61.5	67	4	75
11/03/2015 22:15	69.9	68.8	62.8	60.8	65.8	4	75
11/03/2015 22:20	71.4	68.9	61.3	59.2	65.9	4	75
11/03/2015 22:25	71	68.4	63.1	60.1	65.9	4	75
11/03/2015 22:30	71.1	69.5	63.1	58.2	66.1	4	75
11/03/2015 22:35	72.2	70.5	64.2	59.4	66.7	4	75
11/03/2015 22:40	74.5	71.9	64.4	59.2	67.7	4	75
11/03/2015 22:45	72.8	70.1	62.2	58.2	66.4	4	75
11/03/2015 22:50	74.2	70.3	63.4	58.8	66.8	4	75
11/03/2015 22:55	73.9	72	62.1	59	66.4	4	75
11/03/2015 23:00	74.5	70.1	63.7	58.5	66.7	4	75
11/03/2015 23:05	72.9	71.2	64.5	61.8	67.5	4	75
11/03/2015 23:10	72.7	70.1	65.3	64.9	68.2	4	75
11/03/2015 23:15	73	68.8	64.5	63.7	67.1	4	75
11/03/2015 23:20	74.9	69.4	62.6	62.1	67	4	75
11/03/2015 23:25	76	69.4	61.1	57.6	65.9	4	75
11/03/2015 23:30	76.1	70.5	60.7	58	65.9	4	75
11/03/2015 23:35	76.8	70.7	61	56.1	65.6	4	75
11/03/2015 23:40	75.9	72.1	61.5	59.8	67	4	75
11/03/2015 23:45	74.9	70.1	60.3	60.7	66.4	4	75
11/03/2015 23:50	75	70.4	59.7	55.4	65.1	4	75
11/03/2015 23:55	73.5	70.3	59.9	56.4	65.2	4	75
11/04/2015 00:00	74.8	73.6	76.7	62.8	72.4	4	100
11/04/2015 00:05	74.6	72.6	77.4	64	71.9	4	100
11/04/2015 00:10	74.3	70.7	77.4	65.7	72.2	4	100
11/04/2015 00:15	74.3	71	77.4	65.6	72.1	4	100
11/04/2015 00:20	74.8	71.8	77.4	68.5	73.5	4	100
11/04/2015 00:25	74.7	72.3	77.4	65.6	72.7	4	100
11/04/2015 00:30	74.9	71.3	77.4	69.3	73.1	4	100
11/04/2015 00:35	74.6	70.8	77.4	64.8	72	4	100
11/04/2015 00:40	74.7	70.2	77.4	65.6	72.1	4	100
11/04/2015 00:45	74.6	71.4	77.4	62	71.4	4	100
11/04/2015 00:50	74.4	71	76.3	59.4	70.1	4	100
11/04/2015 00:55	74.7	70.4	72.7	55.3	68	4	100
11/04/2015 01:00	74.5	67.7	68.9	61.5	67.3	4	100
11/04/2015 01:05	74.2	69	67.4	62.5	68	4	100
11/04/2015 01:10	74.3	70	65.3	62.1	66.6	4	100
11/04/2015 01:15	74.6	69.2	64.4	53.8	64.6	4	100
11/04/2015 01:20	74.7	70	66.4	57.6	65.9	4	100
11/04/2015 01:25	74.9	70.9	67.9	59.8	67.8	4	100
11/04/2015 01:30	74.6	70.8	67.9	59.5	67.1	4	100
11/04/2015 01:35	74.8	70.8	65.8	61.3	66.5	4	100
11/04/2015 01:40	74.8	70.7	66.8	62.9	67.6	4	100
11/04/2015 01:45	74.8	70.8	67.6	61.1	67.1	4	100
11/04/2015 01:50	74.8	70.8	67.4	62.2	67.5	4	100
11/04/2015 01:55	74.6	70.2	67.1	62.2	67.7	4	100
11/04/2015 02:00	74.9	70.9	68.7	63.9	69	4	100
11/04/2015 02:05	74.9	71.1	68.1	63.2	67.9	4	100
11/04/2015 02:10	74.8	71.3	68	62.4	68	4	100
11/04/2015 02:15	74.7	71.2	68	64.8	68.5	4	100
11/04/2015 02:20	74.8	70.9	66	63.4	67.6	4	100
11/04/2015 02:25	74.7	70.9	66.5	65.3	67.5	4	100
11/04/2015 02:30	75.1	70.7	66.3	63.6	68.2	4	100
11/04/2015 02:35	74.9	70.5	67.5	60.4	67.2	4	100
11/04/2015 02:40	74.9	70.8	67.2	62.5	67	4	100
11/04/2015 02:45	74.8	70.7	66.9	63.9	67.6	4	100
11/04/2015 02:50	74.7	71	67.3	58.8	66.3	4	100
11/04/2015 02:55	74.8	71.2	68	61.2	66.5	4	100
11/04/2015 03:00	74.7	70.4	65.2	60.9	66.5	4	100
11/04/2015 03:05	74.8	70.8	65.3	61	66.1	4	100
11/04/2015 03:10	74.7	70.9	62.6	60.5	66.4	4	100
11/04/2015 03:15	74.8	71.1	65.4	62.1	66.6	4	100
11/04/2015 03:20	74.7	70.9	65.1	63.6	67.1	4	100
11/04/2015 03:25	74.7	70.8	65.6	64.2	67.5	4	100
11/04/2015 03:30	74.8	70.7	65.6	65.1	67.7	4	100
11/04/2015 03:35	74.7	70.4	65.1	63.4	67.2	4	100
11/04/2015 03:40	74.6	70.7	65.3	61.5	66.6	4	100
11/04/2015 03:45	74.5	70.5	66.5	65.6	68.1	4	100
11/04/2015 03:50	74.5	70.2	65.6	63.8	67.6	4	100
11/04/2015 03:55	74.7	70.2	67	69.2	69.2	4	100
11/04/2015 04:00	74.6	70.7	67.3	59.6	66.9	4	100
11/04/2015 04:05	74.6	70.3	66.6	58	65.4	4	100
11/04/2015 04:10	74.7	71.4	63.9	51.7	64.3	4	100
11/04/2015 04:15	74.2	71.6	66	52.9	65	4	100
11/04/2015 04:20	74.2	70.3	69.2	54	66	4	100
11/04/2015 04:25	74.7	69.3	67	52.6	65	4	100
11/04/2015 04:30	74.2	68.2	72.7	59.7	68.3	4	100
11/04/2015 04:35	73.1	69.3	74.6	59.2	69.3	4	100
11/04/2015 04:40	73.7	69.6	74.8	63.9	70.5	4	100
11/04/2015 04:45	74.4	70.3	73.1	62.4	69.8	4	100
11/04/2015 04:50	71.4	68.6	68.6	58.6	66.9	4	100
11/04/2015 04:55	69.9	68.4	66.9	57.1	65.7	4	100
11/04/2015 05:00	72.1	71.4	66.7	52.3	66.2	4	100
11/04/2015 05:05	76.2	72.4	67.4	53.9	67.2	4	100
11/04/2015 05:10	77.2	71	68.1	58.1	68.5	4	100
11/04/2015 05:15	76.2	71.9	67.2	59.3	68.9	4	100
11/04/2015 05:20	75.3	72.1	67.1	60	68.9	4	100
11/04/2015 05:25	75	72.6	65.7	57.1	68.2	4	100
11/04/2015 05:30	73.5	70.7	67.1	58.5	68	4	100
11/04/2015 05:35	72.6	69.3	66.5	57.1	66.8	4	100
11/04/2015 05:40	74.1	70.3	65.3	56.9	67	4	100
11/04/2015 05:45	73.8	70.4	66.5	60.1	68.1	4	100
11/04/2015 05:50	74.1	72.6	66.7	61.1	69	4	100
11/04/2015 05:55	73.7	71.7	65.9	57.9	68	4	100
11/04/2015 06:00	74.1	70.2	65.8	57.7	67.5	4	100
11/04/2015 06:05	76.7	70.8	67.3	58.2	68.8	4	100
11/04/2015 06:10	76.3	70.9	68.9	61.8	69.9	4	100
11/04/2015 06:15	75	71.4	68.3	59.4	69.3	4	100
11/04/2015 06:20	74.4	70	68.6	61.2	69.3	4	100
11/04/2015 06:25	73.6	69.9	69.2	62.4	69.1	4	100
11/04/2015 06:30	74.3	68.7	70.1	63.5	69.4	4	100
11/04/2015 06:35	74.5	68.8	70	65.1	69.7	4	100
11/04/2015 06:40	74.5	70.2	70.1	63.2	69.8	4	100
11/04/2015 06:45	72.4	68.1	71	61.8	68.6	4	100
11/04/2015 06:50	70.6	64.7	66.4	57.7	65.2	4	100
11/04/2015 06:55	73	66.4	67.8	58.4	66.7	4	100
11/04/2015 07:00	74.2	69.3	69.1	62.1	69	4	100
11/04/2015 07:05	71.9	67.6	66	59.3	66.6	4	100
11/04/2015 07:10	70.5	66.4	65.4	60.4	66	4	100
11/04/2015 07:15	69.5	65.6	62.3	59.6	64.4	4	100
11/04/2015 07:20	70.7	66	61.8	58.3	64.4	4	100
11/04/2015 07:25	68.1	64	60.3	56.8	62.4	4	100
11/04/2015 07:30	66.9	64.1	59.2	55.3	61.6	4	100
11/04/2015 07:35	60	51.8	49.6	47.8	52.3	4	100
11/04/2015 07:40	59.8	52.9	51.3	48.2	53.4	4	100
11/04/2015 07:45	53.5	47.4	48.8	48.2	49.5	4	100
11/04/2015 07:50	57.9	52.1	52.1	52.3	53.5	4	100
11/04/2015 07:55	53.3	46.2	50.6	51.6	50.3	4	100
11/04/2015 08:00	54.5	49.3	49.2	50	50.7	4	100
11/04/2015 08:05	50	46.2	45.7	46.8	47.1	4	100
11/04/2015 08:10	46.3	41	41.3	42.9	42.9	4	100
11/04/2015 08:15	51.4	47.2	43.5	43	46.5	4	100
11/04/2015 08:20	49.8	44.9	41.8	41.6	44.7	4	100
11/04/2015 08:25	48.2	43.4	40.6	40.8	43.2	4	100
11/04/2015 08:30	53.3	47.5	44.5	45.1	47.7	4	100
11/04/2015 08:35	57.7	53.1	50.3	48.5	52.5	4	100
11/04/2015 08:40	59.9	55.3	51.9	49.4	54.4	4	100
11/04/2015 08:45	60.2	55.5	51.5	49	54.4	4	100
11/04/2015 08:50	60.4	56.2	51.6	48.9	54.7	4	100
11/04/2015 08:55	49.4	45.3	44.6	44.1	45.9	4	100
11/04/2015 09:00	46	41.6	41.6	44.5	43.4	4	100
11/04/2015 09:05	52.6	47.1	45.3	47.1	48.1	4	100
11/04/2015 09:10	57.7	53	50.1	49.5	52.8	4	100
11/04/2015 09:15	63.8	59.8	54.1	51.1	57.6	4	100
11/04/2015 09:20	66.5	64.3	58.3	54.8	61.4	4	100
11/04/2015 09:25	68.4	65.1	57.6	53.6	61.6	4	100
11/04/2015 09:30	68.6	65.6	57.3	54.3	61.9	4	100
11/04/2015 09:35	70.2	65.9	58.3	55.4	62.8	4	100
11/04/2015 09:40	69.3	63.4	57.4	52.4	61.1	4	100
11/04/2015 09:45	61.5	54.7	49.9	45.7	53.2	4	100
11/04/2015 09:50	64.5	59.3	53.6	48.3	56.6	4	100
11/04/2015 09:55	67.9	64.3	57.6	53.6	61.3	4	100
11/04/2015 10:00	70.2	66	57.3	54.1	62.1	4	100
11/04/2015 10:05	70.1	65.8	56.1	52.1	61.8	4	100
11/04/2015 10:10	70.9	65.5	56.2	50.7	61.7	4	100
11/04/2015 10:15	69.3	64.2	55.3	49.1	60	4	100
11/04/2015 10:20	68.9	65.6	56.8	51.7	60.8	4	100
11/04/2015 10:25	68.2	64.1	55.3	50.1	59.8	4	100
11/04/2015 10:30	69.1	65.6	54.1	49.4	59.9	4	100
11/04/2015 10:35	65.6	62.3	51.4	48.6	57.4	4	100
11/04/2015 10:40	67	63.5	53.6	48.2	59.1	4	100
11/04/2015 10:45	66.6	61.3	51.5	46.7	57.2	4	100
11/04/2015 10:50	66.3	62.3	52.7	48	58.1	4	100
11/04/2015 10:55	67.1	62.1	52.4	48.5	58.3	4	100
11/04/2015 11:00	65.5	60.7	51.4	48.1	57.1	4	100
11/04/2015 11:05	60.9	57	48.6	45.6	53.2	4	100
11/04/2015 11:10	59.3	54.1	44.5	42.2	50.5	4	100
11/04/2015 11:15	60.4	55.4	44.6	40.4	51.1	4	100
11/04/2015 11:20	65	60.4	49.8	44.4	55.4	4	100
11/04/2015 11:25	60.7	56.9	46.7	42.7	52.7	4	100
11/04/2015 11:30	59.4	56	44.6	40.3	50.8	4	100
11/04/2015 11:35	58.8	54.8	43.9	39.8	50.1	4	100
11/04/2015 11:40	54	48.8	40.2	38.4	45.6	4	100
11/04/2015 11:45	49.6	44.8	38.1	37.5	42.8	4	100
11/04/2015 11:50	51	45.2	38.5	36.6	43.5	4	100
11/04/2015 11:55	54.3	50	43.5	42	48	4	100
11/04/2015 12:00	57.3	52.1	45.8	43.4	50.1	4	100
11/04/2015 12:05	57.9	53.1	43.5	41.9	50	4	100
11/04/2015 12:10	57.7	52.5	45	43.3	49.9	4	100
11/04/2015 12:15	58.1	52.9	44.5	42.5	50.1	4	100
11/04/2015 12:20	59.3	54.4	47.7	45.1	52.2	4	100
11/04/2015 12:25	62.5	58.1	48.7	44.7	54.3	4	100
11/04/2015 12:30	60.8	56.8	45.3	42.8	52.4	4	100
11/04/2015 12:35	60.4	55.1	45.5	41.1	51.4	4	100
11/04/2015 12:40	56.5	49.9	40.2	37.1	46.7	4	100
11/04/2015 12:45	59.9	53.8	45.5	45.7	51.3	4	100
11/04/2015 12:50	59.3	55.5	45.3	48.5	52.5	4	100
11/04/2015 12:55	60.6	55.2	44.9	47.4	52.2	4	100
11/04/2015 13:00	52.9	48.9	40	45.1	46.8	4	100
11/04/2015 13:05	55.6	52.7	42.8	49.1	50.1	4	100
11/04/2015 13:10	55.8	53	44.5	51.1	51.2	4	100
11/04/2015 13:15	56.6	51.7	39.1	51	49.9	4	100
11/04/2015 13:20	50.3	46.4	36.2	48.1	45.5	4	100
11/04/2015 13:25	51.6	46.6	28	46.5	44.1	4	100
11/04/2015 13:30	55.4	49.7	28.7	46.7	45.7	4	100
11/04/2015 13:35	56	53.2	36	46.6	47.8	4	100
11/04/2015 13:40	51.9	49.7	38.3	48.1	47.1	4	100
11/04/2015 13:45	48.2	44	34	41.8	42.1	4	100
11/04/2015 13:50	43.2	38.6	28.2	33.7	36.1	4	100
11/04/2015 13:55	40.4	35.1	25	29.1	32.7	4	100
11/04/2015 14:00	38.1	32.7	23.9	29.2	31	4	100
11/04/2015 14:05	38.5	33.8	25.8	31.8	32.5	4	100
11/04/2015 14:10	41.2	36.4	27.7	35.2	35.2	4	100
11/04/2015 14:15	38	33.5	24.9	29.6	31.6	4	100
11/04/2015 14:20	39.1	35.4	26.4	32	33.2	4	100
11/04/2015 14:25	39.5	34.9	13.4	34.8	36.2	4	100
11/04/2015 14:30	39.4	34.8	19.3	35.7	32.5	4	100
11/04/2015 14:35	41.2	35.7	24	34.6	33.9	4	100
11/04/2015 14:40	37.4	32.2	22	30.5	30.8	4	100
11/04/2015 14:45	35.1	30.1	20.1	26.5	28.1	4	100
11/04/2015 14:50	35.5	30.7	22.3	27.3	28.9	4	100
11/04/2015 14:55	32.4	26.5	18.9	22.8	25.5	4	100
11/04/2015 15:00	33.2	26.3	19	23	25.7	4	100
11/04/2015 15:05	32.2	26.4	18.9	21.8	25	4	100
11/04/2015 15:10	35	29	21.1	25	27.8	4	100
11/04/2015 15:15	35	28.2	20.6	24	27.2	4	100
11/04/2015 15:20	29.5	21.6	15.4	17.3	21.7	4	100
11/04/2015 15:25	28	21.3	15	16.3	20.6	4	100
11/04/2015 15:30	30.9	25.2	17.3	17.8	23.2	4	100
11/04/2015 15:35	27.7	21.5	15.1	16	20.5	4	100
11/04/2015 15:40	27.9	22	14.6	14.6	20.4	4	100
11/04/2015 15:45	30.7	25.2	16.1	15.4	22.5	4	100
11/04/2015 15:50	30.8	24.2	16.1	16	22.2	4	100
11/04/2015 15:55	32.3	26.2	18.3	19	24.3	4	100
11/04/2015 16:00	30.8	25.3	17.3	16.8	23	4	100
11/04/2015 16:05	32.2	26.5	19.4	18	24.5	4	100
11/04/2015 16:10	32	25.8	18.5	17.9	24.1	4	100
11/04/2015 16:15	30.3	23.5	17.8	16.9	22.5	4	100
11/04/2015 16:20	28.2	21.8	16.3	15	20.7	4	100
11/04/2015 16:25	28.7	21.9	15.6	13.5	20.8	4	100
11/04/2015 16:30	28.8	22.7	15.4	13	20.9	4	100
11/04/2015 16:35	28.7	23.3	15.4	13.9	21	4	100
11/04/2015 16:40	25.9	20.2	14.2	12.9	19	4	100
11/04/2015 16:45	26.1	20.4	14.6	12.7	19.3	4	100
11/04/2015 16:50	28	21.1	14.7	13	19.9	4	100
11/04/2015 16:55	30	23.2	14.3	12.6	21.1	4	100
11/04/2015 17:00	31.2	23.2	14.3	12.2	21.4	4	100
11/04/2015 17:05	26.8	20.1	12.5	10.8	18.6	4	100
11/04/2015 17:10	28.5	22.7	14.8	12.9	20.4	4	100
11/04/2015 17:15	29.8	24.8	16.5	14.1	22.1	4	100
11/04/2015 17:20	27.9	22.5	14.2	11.8	20.2	4	100
11/04/2015 17:25	28.4	23	15.2	12.6	20.8	4	100
11/04/2015 17:30	25.9	20.6	13.2	11.5	18.9	4	100
11/04/2015 17:35	25.1	19.8	13.1	11.5	18.1	4	100
11/04/2015 17:40	24.8	18.7	13.4	11.8	17.7	4	100
11/04/2015 17:45	25.4	18.5	12.9	11.1	18	4	100
11/04/2015 17:50	25.7	18.2	12	11.1	17.7	4	100
11/04/2015 17:55	28.5	22.2	14.6	13.4	20.3	4	100
11/04/2015 18:00	26.3	19.8	13.7	12.2	18.9	4	100
11/04/2015 18:05	21.3	15.4	10.9	10.3	15	4	100
11/04/2015 18:10	22	15.5	11	9.8	15.2	4	100
11/04/2015 18:15	24.2	18.5	12.3	10.8	17.3	4	100
11/04/2015 18:20	25.2	19.8	12.8	11.7	18.2	4	100
11/04/2015 18:25	24.1	16.6	11.7	11.1	16.6	4	100
11/04/2015 18:30	26.5	17.9	13.2	11.7	18.3	4	100
11/04/2015 18:35	26.4	18.2	12.9	10.9	17.8	4	100
11/04/2015 18:40	25.3	19.5	13.6	11.7	18.1	4	100
11/04/2015 18:45	25.7	20.1	13.9	12.9	18.8	4	100
11/04/2015 18:50	26.2	20.3	13.3	10.9	18.9	4	100
11/04/2015 18:55	25.9	19.1	12.7	11.6	18.1	4	100
11/04/2015 19:00	26.2	19.4	12.9	10.3	18.4	4	100
11/04/2015 19:05	29.5	23	16.4	13.5	21.2	4	100
11/04/2015 19:10	29.1	23.5	17.1	14.6	21.7	4	100
11/04/2015 19:15	29.4	23.4	16.8	14.3	21.7	4	100
11/04/2015 19:20	28.2	22.2	16.1	12.9	20.8	4	100
11/04/2015 19:25	30	23.4	16.6	14	21.8	4	100
11/04/2015 19:30	29.8	22.4	15.6	13.1	21.3	4	100
11/04/2015 19:35	28.1	21.1	14.7	12.5	20	4	100
11/04/2015 19:40	29.1	24.2	16.5	13.4	21.5	4	100
11/04/2015 19:45	30.2	24.2	18.1	15.4	22.4	4	100
11/04/2015 19:50	30.8	24.6	19.5	17.8	23.6	4	100
11/04/2015 19:55	32	26.9	22.2	21	25.7	4	100
11/04/2015 20:00	33.8	29.1	23.9	23.1	27.8	4	100
11/04/2015 20:05	37.4	32.2	26.7	26.5	30.7	4	100
11/04/2015 20:10	36.7	33.4	27.9	28.7	31.8	4	100
11/04/2015 20:15	36.6	31.9	26.7	26.7	30.7	4	100
11/04/2015 20:20	39.2	34	28.3	28	32.5	4	100
11/04/2015 20:25	38.6	33.3	28.3	29.5	32.5	4	100
11/04/2015 20:30	40.4	34.2	29.2	30.5	33.7	4	100
11/04/2015 20:35	41.3	35.4	29.7	30.1	34.4	4	100
11/04/2015 20:40	42.6	37.3	32.1	32.8	36.2	4	100
11/04/2015 20:45	47.5	43.1	38.3	38.5	41.7	4	100
11/04/2015 20:50	57.5	53.1	49.1	49.5	52.1	4	100
11/04/2015 20:55	61.7	57.8	53.3	51.2	56.1	4	100
11/04/2015 21:00	68.6	66.7	77.4	56	67.6	4	100
11/04/2015 21:05	72.2	71.6	77.4	58.8	70.2	4	100
11/04/2015 21:10	74.9	72.3	77.4	60.2	71.7	4	100
11/04/2015 21:15	77	73.5	77.4	61.3	72.6	4	100
11/04/2015 21:20	74.4	72.7	77.4	60.3	71.6	4	100
11/04/2015 21:25	76.1	72.7	77.4	58.9	71.7	4	100
11/04/2015 21:30	77.5	73.8	77.4	60.9	72.8	4	100
11/04/2015 21:35	76.9	75.8	77.4	60.1	73.4	4	100
11/04/2015 21:40	76.8	74.1	77.4	60.9	72.6	4	100
11/04/2015 21:45	74.3	74	77.4	62.3	72.5	4	100
11/04/2015 21:50	75.6	75.8	77.4	59.3	72.9	4	100
11/04/2015 21:55	77.8	75.8	77.4	58.6	73	4	100
11/04/2015 22:00	72.6	72.7	73.4	56.8	69.4	4	100
11/04/2015 22:05	74.2	70.9	72.9	56.8	69.2	4	100
11/04/2015 22:10	73.5	69.5	69.4	55.3	67.2	4	100
11/04/2015 22:15	73.5	69.5	70.5	58.1	67.6	4	100
11/04/2015 22:20	73.6	69.8	71.4	59.1	68.4	4	100
11/04/2015 22:25	72	70.6	70.2	54.5	67.4	4	100
11/04/2015 22:30	74.4	70.4	71.6	57	68.3	4	100
11/04/2015 22:35	74.2	71.7	74.9	57.7	70.2	4	100
11/04/2015 22:40	74.1	73.9	76.8	56.3	70.8	4	100
11/04/2015 22:45	76.3	73.7	75.8	59.1	71.4	4	100
11/04/2015 22:50	75.9	72.4	75.1	59.1	70.9	4	100
11/04/2015 22:55	75.8	74.1	75.9	59.8	72	4	100
11/04/2015 23:00	73.6	70.7	71.9	58.2	68.6	4	100
11/04/2015 23:05	72.9	69.1	71.8	59.8	68.2	4	100
11/04/2015 23:10	72.3	68.3	69.7	58.4	67.5	4	100
11/04/2015 23:15	74.2	68	66.5	56.2	65.7	4	100
11/04/2015 23:20	73.7	68.3	69.3	56.7	67	4	100
11/04/2015 23:25	74.1	67.6	68.6	59.4	66.8	4	100
11/04/2015 23:30	73.8	69.1	70.5	58	67.4	4	100
11/04/2015 23:35	73.7	69.8	69	58	67.4	4	100
11/04/2015 23:40	75.4	71	68.6	54.2	67.2	4	100
11/04/2015 23:45	73.7	71	70.9	56.7	68.3	4	100
11/04/2015 23:50	74.2	70.6	68.7	52.3	65.9	4	100
11/04/2015 23:55	74.5	69.5	66.8	53.9	66	4	100
11/05/2015 00:00	74.8	70.6	65.2	53	65.7	4	100
11/05/2015 00:05	74.2	70.2	64.6	55.5	65.4	4	100
11/05/2015 00:10	73.8	68.5	62.5	54.4	65.1	4	100
11/05/2015 00:15	73	68.2	66.2	61.2	66.5	4	100
11/05/2015 00:20	73.9	69.3	68.9	61.9	67.8	4	100
11/05/2015 00:25	74.5	70.8	71.1	60.4	68.8	4	100
11/05/2015 00:30	74.5	70.4	68.8	60.7	68.1	4	100
11/05/2015 00:35	74.8	69.6	65.1	56.3	65.8	4	100
11/05/2015 00:40	75.1	70.1	66.6	61.8	67.3	4	100
11/05/2015 00:45	74.9	70.9	68.1	61	68	4	100
11/05/2015 00:50	75	71.4	65.2	67	68.6	4	100
11/05/2015 00:55	74.8	71.2	67.9	65.9	68.7	4	100
11/05/2015 01:00	74.9	71	68.1	66.3	69.3	4	100
11/05/2015 01:05	74.7	70.4	65.2	62.2	66.8	4	100
11/05/2015 01:10	74.5	70.3	67.9	60.6	67.6	4	100
11/05/2015 01:15	74.4	70.3	66.7	61	67.4	4	100
11/05/2015 01:20	74.7	70.4	68.8	58.2	66.6	4	100
11/05/2015 01:25	74.7	70.9	66.6	55.7	65.6	4	100
11/05/2015 01:30	74.6	70.3	66.2	58.5	67.3	4	100
11/05/2015 01:35	74.8	70.4	67.4	61.9	66.9	4	100
11/05/2015 01:40	74.6	70.8	69.1	62.7	68.2	4	100
11/05/2015 01:45	74.7	70.8	67.7	61.8	66.9	4	100
11/05/2015 01:50	74.6	70.9	67	62	66.9	4	100
11/05/2015 01:55	74.5	70.6	67.3	63.4	67.6	4	100
11/05/2015 02:00	74.7	71.2	67.6	63.4	68.5	4	100
11/05/2015 02:05	74.7	71.2	68.8	64.4	68.9	4	100
11/05/2015 02:10	74.8	71.2	69.9	63.8	69	4	100
11/05/2015 02:15	74.9	70.9	67.4	55.8	66.1	4	100
11/05/2015 02:20	74.7	71.2	66.3	56.4	66	4	100
11/05/2015 02:25	74.7	71.2	66.3	60	66.5	4	100
11/05/2015 02:30	74.6	71.5	68.1	62	68.2	4	100
11/05/2015 02:35	74.5	71.1	67.7	61.4	67.9	4	100
11/05/2015 02:40	74.7	70.4	67.1	55	65.2	4	100
11/05/2015 02:45	74.9	70.2	66.6	55.8	65.9	4	100
11/05/2015 02:50	74.7	70	64.4	56.2	65.3	4	100
11/05/2015 02:55	74.6	70.4	66.5	59.2	65.1	4	100
11/05/2015 03:00	74.6	70.3	65.7	57.1	64.9	4	100
11/05/2015 03:05	74.6	70.6	66.8	61	67.4	4	100
11/05/2015 03:10	74.9	71	67.2	62	67.3	4	100
11/05/2015 03:15	74.7	70.6	62.3	52.2	62.3	4	100
11/05/2015 03:20	74.6	70.9	60	49.3	60.7	4	100
11/05/2015 03:25	74.9	70.5	61.1	54.3	62.5	4	100
11/05/2015 03:30	74.7	71	65.4	55.7	65.8	4	100
11/05/2015 03:35	74.7	70.9	66	56.3	65.4	4	100
11/05/2015 03:40	74.6	70.8	65.2	53.2	64.2	4	100
11/05/2015 03:45	74.7	69.9	67.2	56.8	65.7	4	100
11/05/2015 03:50	74.6	69.9	72.6	68.4	70.9	4	100
11/05/2015 03:55	74.7	68.3	68.7	63.2	67.6	4	100
11/05/2015 04:00	74.6	69.6	71.9	59.6	68.8	4	100
11/05/2015 04:05	74.3	71.1	73.8	65.6	70.7	4	100
11/05/2015 04:10	74.8	71.7	76.1	71.7	73.4	4	100
11/05/2015 04:15	74.8	71	70.5	62.3	69.1	4	100
11/05/2015 04:20	74.6	71.5	72.8	65.9	70.8	4	100
11/05/2015 04:25	74.2	72.6	73.4	64.1	70.8	4	100
11/05/2015 04:30	74.2	72.1	70.3	61.9	69.5	4	100
11/05/2015 04:35	73.3	71	72.6	62.6	69.5	4	100
11/05/2015 04:40	74.8	69	75.3	65.8	71	4	100
11/05/2015 04:45	73.8	68.6	74.8	68.1	71.1	4	100
11/05/2015 04:50	71.9	68.4	69.7	58.7	67.3	4	100
11/05/2015 04:55	74.5	68.4	69.2	57.7	67.3	4	100
11/05/2015 05:00	75.2	71.9	70.6	63.6	69.9	4	100
11/05/2015 05:05	73.8	72.5	66.6	59.2	68.3	4	100
11/05/2015 05:10	73.6	72.5	65.1	57.5	66.7	4	100
11/05/2015 05:15	72.6	70.3	64.1	57.6	66.5	4	100
11/05/2015 05:20	74	71.2	64.4	58.8	67.4	4	100
11/05/2015 05:25	72.8	69.3	59.5	57	65.4	4	100
11/05/2015 05:30	71.2	69.5	61.8	54.1	64.7	4	100
11/05/2015 05:35	69.6	67.3	62	56.3	64.3	4	100
11/05/2015 05:40	69.4	67.8	62.7	57.3	64.8	4	100
11/05/2015 05:45	67.1	64.8	61.5	57	63	4	100
11/05/2015 05:50	67.8	68.1	63.1	60.6	65.4	4	100
11/05/2015 05:55	68.9	68.2	61.8	59.3	65.1	4	100
11/05/2015 06:00	69.5	68.1	65.1	57.3	65.8	4	100
11/05/2015 06:05	69.5	67.5	67.1	57.7	66.1	4	100
11/05/2015 06:10	68.5	67.6	66.8	57.2	65.6	4	100
11/05/2015 06:15	70.2	67.8	67.1	57.8	66.3	4	100
11/05/2015 06:20	68.8	68.2	69.4	61.1	67.3	4	100
11/05/2015 06:25	69.6	69.8	71.5	63	68.8	4	100
11/05/2015 06:30	69.8	67.2	70.9	60.8	67.5	4	100
11/05/2015 06:35	69.4	66.8	69	62.1	66.9	4	100
11/05/2015 06:40	69.9	66.8	70.2	63.6	67.8	4	100
11/05/2015 06:45	70.4	69.9	69.7	65.1	69	4	100
11/05/2015 06:50	70.3	68.5	71.8	65.3	69.1	4	100
11/05/2015 06:55	69.2	67.5	69.6	61.7	67.2	4	100
11/05/2015 07:00	70	68	67.1	61.5	67	4	100
11/05/2015 07:05	70.9	68.3	66.8	60.9	67	4	100
11/05/2015 07:10	68.9	67.5	64.1	60	65.5	4	100
11/05/2015 07:15	66.1	66.2	62.4	56.5	63.4	4	100
11/05/2015 07:20	65.7	63.8	63.4	58.6	63	4	100
11/05/2015 07:25	66.1	64.1	62.5	57.3	62.7	4	100
11/05/2015 07:30	61.9	59.9	58.9	55.9	59.3	4	100
11/05/2015 07:35	58	55.5	53.2	52.1	54.8	4	100
11/05/2015 07:40	56.2	54.3	49.1	50	52.5	4	100
11/05/2015 07:45	55.7	53.1	47.9	47.8	51.3	4	100
11/05/2015 07:50	50.9	47.6	43.5	46.3	47.1	4	100
11/05/2015 07:55	49.1	45.3	41.5	43.9	44.9	4	100
11/05/2015 08:00	45.9	42.7	40	41.1	42.5	4	100
11/05/2015 08:05	49.3	46.2	43.4	43.8	45.7	4	100
11/05/2015 08:10	51.7	48.9	46.7	45.5	48.3	4	100
11/05/2015 08:15	55.6	53.8	49.1	47.4	51.8	4	100
11/05/2015 08:20	56.8	56.7	51	48.9	53.6	4	100
11/05/2015 08:25	57.8	55.6	50.6	47.5	53.1	4	100
11/05/2015 08:30	52.1	47.5	42.8	42.4	46.4	4	100
11/05/2015 08:35	54.4	51.4	47.7	47.9	50.4	4	100
11/05/2015 08:40	52.6	48.7	46.6	47.2	48.9	4	100
11/05/2015 08:45	56.6	53.2	49.9	49	52.4	4	100
11/05/2015 08:50	60.5	57.4	52.2	50	55.4	4	100
11/05/2015 08:55	60.5	58.7	52.9	50.5	56.2	4	100
11/05/2015 09:00	63.6	61.8	54.7	51.5	58.3	4	100
11/05/2015 09:05	65.5	62.9	55.3	51.9	59.5	4	100
11/05/2015 09:10	64.7	63.3	54.4	52.4	59.3	4	100
11/05/2015 09:15	64.2	61.9	52.9	50.7	57.9	4	100
11/05/2015 09:20	56.3	54.5	49.4	48	52.1	4	100
11/05/2015 09:25	61.9	59.1	52.6	51.5	56.7	4	100
11/05/2015 09:30	63.4	61.9	55.1	54.1	58.8	4	100
11/05/2015 09:35	64.8	64.4	54.9	53.9	59.9	4	100
11/05/2015 09:40	67	64	58.2	55.4	61.3	4	100
11/05/2015 09:45	67.1	64.3	56.6	54.1	60.8	4	100
11/05/2015 09:50	70	65.9	58.2	56.8	62.9	4	100
11/05/2015 09:55	70.4	68.5	58.7	54.9	63.5	4	100
11/05/2015 10:00	67.6	65.7	55.1	53	60.6	4	100
11/05/2015 10:05	66.4	64.8	56.2	53.9	60.7	4	100
11/05/2015 10:10	66.2	63.8	56.3	54	60.4	4	100
11/05/2015 10:15	66	64.1	55.5	52.9	60	4	100
11/05/2015 10:20	59.6	59.4	51.6	49.7	55.4	4	100
11/05/2015 10:25	59.3	58.1	49.5	49.8	54.3	4	100
11/05/2015 10:30	59.3	56.7	45.9	46.6	52.3	4	100
11/05/2015 10:35	57.5	54.5	44	43.5	50.2	4	100
11/05/2015 10:40	56.9	53.6	43.1	43.8	49.3	4	100
11/05/2015 10:45	61.3	58.5	47.2	47.1	53.9	4	100
11/05/2015 10:50	60.9	59.3	47.8	47.4	53.9	4	100
11/05/2015 10:55	62.8	62	47.5	47.3	55.4	4	100
11/05/2015 11:00	66.5	62.4	49.8	50.9	57.6	4	100
11/05/2015 11:05	65.8	63.9	52.3	51.1	58.5	4	100
11/05/2015 11:10	64.9	62.8	50.3	48.5	57.1	4	100
11/05/2015 11:15	63.1	62.4	49.9	47.5	56.1	4	100
11/05/2015 11:20	58.6	56.5	47.4	48.6	53	4	100
11/05/2015 11:25	55.4	54.7	45.2	47.1	50.8	4	100
11/05/2015 11:30	52.7	48.8	40.8	44	46.7	4	100
11/05/2015 11:35	50.8	47.1	40.3	44.5	45.7	4	100
11/05/2015 11:40	50	46	38.5	42.8	44.4	4	100
11/05/2015 11:45	55.1	50.8	40.8	46.1	48.3	4	100
11/05/2015 11:50	54.1	51.2	39.2	44.1	47.2	4	100
11/05/2015 11:55	54	50.9	39	42.9	46.9	4	100
11/05/2015 12:00	53.7	50.9	37.5	40.5	45.9	4	100
11/05/2015 12:05	50.2	46.7	35.7	39.7	43.2	4	100
11/05/2015 12:10	45	43.5	34	40.1	40.8	4	100
11/05/2015 12:15	46	43	34.1	39.5	40.8	4	100
11/05/2015 12:20	48.5	45.4	36.6	43.1	43.4	4	100
11/05/2015 12:25	44.5	41.8	33.4	40.1	40.1	4	100
11/05/2015 12:30	43.3	40.5	32.4	38.5	38.7	4	100
11/05/2015 12:35	46.7	44.6	35.6	42.6	42.5	4	100
11/05/2015 12:40	51.4	48.5	38.5	44.9	46	4	100
11/05/2015 12:45	54.8	52.7	41.1	48.2	49.4	4	100
11/05/2015 12:50	51.8	48	38.2	47.3	46.5	4	100
11/05/2015 12:55	52.3	47.8	40.7	48.1	47.3	4	100
11/05/2015 13:00	54.3	51.5	40.5	46.7	48.6	4	100
11/05/2015 13:05	55.7	50.9	41.3	45	48.5	4	100
11/05/2015 13:10	55.8	52.4	43.4	45.9	49.5	4	100
11/05/2015 13:15	55.3	51.8	41.9	43.1	48.4	4	100
11/05/2015 13:20	50.7	47.9	39.4	39.9	44.6	4	100
11/05/2015 13:25	45.5	42.6	35.8	35.7	40.2	4	100
11/05/2015 13:30	43	40	34.2	35.3	38.3	4	100
11/05/2015 13:35	41.3	38.6	32.2	34.5	36.7	4	100
11/05/2015 13:40	39.8	37	30.7	34.3	35.5	4	100
11/05/2015 13:45	40	36.1	30	36.3	35.7	4	100
11/05/2015 13:50	41.5	39.5	30.9	37.7	37.5	4	100
11/05/2015 13:55	41.7	40.6	30.9	38.6	38.1	4	100
11/05/2015 14:00	40.7	40.2	31.3	39.5	38	4	100
11/05/2015 14:05	42.9	43	33.7	41	40.3	4	100
11/05/2015 14:10	41	40.4	34	41.6	39.3	4	100
11/05/2015 14:15	45.6	43.5	35.7	42.2	41.9	4	100
11/05/2015 14:20	43.6	40.9	32.9	39.6	39.3	4	100
11/05/2015 14:25	42.9	40.2	31	38.4	38.4	4	100
11/05/2015 14:30	40.7	36.4	27.9	32.1	34.3	4	100
11/05/2015 14:35	38.5	33.6	25.7	31.6	32.5	4	100
11/05/2015 14:40	36.4	32.2	25.4	29.9	31.1	4	100
11/05/2015 14:45	34.2	30.5	21.6	25	28	4	100
11/05/2015 14:50	35.3	30.8	23	25.7	28.8	4	100
11/05/2015 14:55	33.5	30	22.6	26.2	28.1	4	100
11/05/2015 15:00	31.7	27.7	20.6	22.9	25.8	4	100
11/05/2015 15:05	31	26.5	18	19.6	24.3	4	100
11/05/2015 15:10	34	29.5	20.4	21.7	26.6	4	100
11/05/2015 15:15	33.3	27.7	16.8	17.3	24.7	4	100
11/05/2015 15:20	30.4	25.8	16.1	16.2	22.7	4	100
11/05/2015 15:25	28.5	24.7	16.9	18.4	22.4	4	100
11/05/2015 15:30	27.9	24	16.8	16.3	21.6	4	100
11/05/2015 15:35	27.8	23.4	14.9	14.7	20.9	4	100
11/05/2015 15:40	28.7	24.6	15.7	14.5	21.4	4	100
11/05/2015 15:45	29.1	23.1	14.6	12.8	21.1	4	100
11/05/2015 15:50	27.9	23.2	13.9	12.1	20.1	4	100
11/05/2015 15:55	28.4	20.8	13.6	12	19.6	4	100
11/05/2015 16:00	28.6	22.2	13.7	12.4	20	4	100
11/05/2015 16:05	29.3	23	14.7	13.5	20.7	4	100
11/05/2015 16:10	27.7	21.3	13.7	11.8	19.5	4	100
11/05/2015 16:15	27.4	21.6	14.3	12	19.5	4	100
11/05/2015 16:20	25	20.9	14.2	12.4	18.7	4	100
11/05/2015 16:25	24.7	20.2	13.6	12.1	18.1	4	100
11/05/2015 16:30	28.2	21.5	15	13.9	20	4	100
11/05/2015 16:35	26.4	21	14.7	14.1	19.4	4	100
11/05/2015 16:40	26.3	20.9	14.9	14.7	19.5	4	100
11/05/2015 16:45	24.7	19.5	14.7	13.2	18.5	4	100
11/05/2015 16:50	26	20.6	14.3	12.3	19.1	4	100
11/05/2015 16:55	26.6	21	14	12.4	19.2	4	100
11/05/2015 17:00	26.5	19.9	13.2	11.9	18.7	4	100
11/05/2015 17:05	27.4	21	14.6	14.8	19.9	4	100
11/05/2015 17:10	26.4	20.5	13.8	13.7	19.1	4	100
11/05/2015 17:15	24.5	18.9	13.5	13.7	18	4	100
11/05/2015 17:20	23.5	18.9	12.7	12.5	17.6	4	100
11/05/2015 17:25	23.9	18.2	12.2	11.9	17.1	4	100
11/05/2015 17:30	24.9	18.2	11.9	11.9	17.5	4	100
11/05/2015 17:35	24.4	17.9	11.9	11.1	17	4	100
11/05/2015 17:40	23.3	18.1	12.5	10.5	16.8	4	100
11/05/2015 17:45	21.2	16.6	12	10.2	15.4	4	100
11/05/2015 17:50	22.1	16.8	12	9.6	16	4	100
11/05/2015 17:55	21.8	16.5	12	9.6	15.5	4	100
11/05/2015 18:00	24.2	18.4	12.6	10.2	17.2	4	100
11/05/2015 18:05	23.5	18.4	12.8	10.6	17.1	4	100
11/05/2015 18:10	24.1	18	12.1	10	17.1	4	100
11/05/2015 18:15	24.7	17.7	12.2	10.9	17.2	4	100
11/05/2015 18:20	25.1	17.2	11.9	10.2	17.1	4	100
11/05/2015 18:25	25.4	17.8	11.8	10	17.2	4	100
11/05/2015 18:30	24.9	18.5	12.3	10.4	17.3	4	100
11/05/2015 18:35	26.6	19.4	12.4	10.2	18.5	4	100
11/05/2015 18:40	25.8	19.4	12.1	9.8	17.8	4	100
11/05/2015 18:45	24.1	17.9	12	9.3	16.8	4	100
11/05/2015 18:50	21.1	15.8	11	9.2	15.1	4	100
11/05/2015 18:55	22.4	17.4	11.8	9	16.1	4	100
11/05/2015 19:00	25.7	21.9	15.3	11.6	19.4	4	100
11/05/2015 19:05	27	22	15.6	12.7	20	4	100
11/05/2015 19:10	27.4	23.1	15.2	12.3	20.7	4	100
11/05/2015 19:15	29.2	24.7	16.6	14.3	22	4	100
11/05/2015 19:20	29.4	25.3	17.6	15	22.4	4	100
11/05/2015 19:25	29.8	24.8	17.7	14.9	22.5	4	100
11/05/2015 19:30	26.5	21.5	15.4	12.7	19.9	4	100
11/05/2015 19:35	29.2	23.7	17.3	14.7	21.9	4	100
11/05/2015 19:40	29.1	24.7	18.2	14.9	22.5	4	100
11/05/2015 19:45	31	27.6	21.2	19.1	25.1	4	100
11/05/2015 19:50	29.1	27.6	22.3	20.9	25.2	4	100
11/05/2015 19:55	28.7	26.6	20.7	19.2	24.1	4	100
11/05/2015 20:00	29	26.3	20.4	17.6	23.8	4	100
11/05/2015 20:05	29.8	26.4	20.4	18.5	24.1	4	100
11/05/2015 20:10	28.3	24	19.4	18	22.7	4	100
11/05/2015 20:15	31	28.2	22.2	20.8	25.8	4	100
11/05/2015 20:20	31.4	28.8	22.9	22.8	26.7	4	100
11/05/2015 20:25	32	29.8	24.5	23.8	27.6	4	100
11/05/2015 20:30	31.8	29.7	24.4	24.9	27.9	4	100
11/05/2015 20:35	33.7	30.9	27.2	27.1	29.9	4	100
11/05/2015 20:40	34	32.6	27.6	28.4	30.8	4	100
11/05/2015 20:45	36.4	33	28	28.3	31.6	4	100
11/05/2015 20:50	37.4	33.2	28.3	28.9	32	4	100
11/05/2015 20:55	36.9	33.6	27.9	27.5	31.6	4	100
11/05/2015 21:00	42.3	38.3	55.5	30.1	41.9	4	100
11/05/2015 21:05	47.2	41.8	69.7	33.7	48.3	4	100
11/05/2015 21:10	59.9	55	77.4	45.5	60	4	100
11/05/2015 21:15	70.7	67.6	77.4	53.4	68	4	100
11/05/2015 21:20	71.1	68.5	77.4	60.4	69.7	4	100
11/05/2015 21:25	73.5	70	77.4	63	71.1	4	100
11/05/2015 21:30	77.6	73.7	77.4	62.5	73.1	4	100
11/05/2015 21:35	76.8	74.2	77.4	61.6	72.9	4	100
11/05/2015 21:40	78.6	74.5	77.4	62.3	73.4	4	100
11/05/2015 21:45	73.1	69.7	77.4	56.6	69.5	4	100
11/05/2015 21:50	73.6	69.6	77.4	55.7	69.4	4	100
11/05/2015 21:55	80.5	75.7	77.4	59.7	73.8	4	100
11/05/2015 22:00	77.1	72.7	77.3	56.1	71.1	4	100
11/05/2015 22:05	75	70.1	77.4	54.8	69.7	4	100
11/05/2015 22:10	72.8	70.1	76.7	52.7	68.3	4	100
11/05/2015 22:15	71.2	68.3	77.4	53.6	67.7	4	100
11/05/2015 22:20	71.3	67.8	77.4	55.3	68.2	4	100
11/05/2015 22:25	71.9	69.3	77.4	54	68.8	4	100
11/05/2015 22:30	72.4	70.4	77.4	55.6	69	4	100
11/05/2015 22:35	71.4	70.2	77.4	52.6	68.6	4	100
11/05/2015 22:40	73.2	71.2	77.4	55.5	69.6	4	100
11/05/2015 22:45	72.8	72.6	77.4	56.6	70.8	4	100
11/05/2015 22:50	75.9	72.2	77.4	54	70.4	4	100
11/05/2015 22:55	76.1	73.2	77.4	53.4	70.3	4	100
11/05/2015 23:00	72.2	71.3	74.5	53.4	68.1	4	100
11/05/2015 23:05	72.1	68.5	75.2	56.5	68.2	4	100
11/05/2015 23:10	70.6	66.5	71.4	52.1	65.7	4	100
11/05/2015 23:15	72.5	66.7	68.2	51	64.7	4	100
11/05/2015 23:20	72.1	67.3	70.3	54.1	66	4	100
11/05/2015 23:25	72.5	68.2	67.8	52.7	65.5	4	100
11/05/2015 23:30	70.8	68.5	69.5	56	66.1	4	100
11/05/2015 23:35	72.5	70.4	73.6	60.3	69.4	4	100
11/05/2015 23:40	72.9	70.2	74	57.4	69.1	4	100
11/05/2015 23:45	73.3	71.8	75	59	69.7	4	100
11/05/2015 23:50	73.5	70.8	73.5	55	68.5	4	100
11/05/2015 23:55	73.1	69.3	74.7	56.2	68.3	4	100
11/06/2015 00:00	69.4	69.2	71.6	56.3	66.7	4	100
11/06/2015 00:05	71.9	67.8	71.9	55.9	66.9	4	100
11/06/2015 00:10	73	66.8	69.7	57.7	66.6	4	100
11/06/2015 00:15	73.3	69	69.9	54.5	66.6	4	100
11/06/2015 00:20	73.9	68.8	65.4	52.8	64.9	4	100
11/06/2015 00:25	74.5	68.2	70.8	53.2	66.5	4	100
11/06/2015 00:30	74.7	67.6	70	56	66.8	4	100
11/06/2015 00:35	74.7	67.6	64.4	51.4	63	4	100
11/06/2015 00:40	74.6	68.8	70.7	55.2	66.8	4	100
11/06/2015 00:45	74.3	69.1	70.5	58.7	67.9	4	100
11/06/2015 00:50	74.5	70	73.7	57	68.5	4	100
11/06/2015 00:55	74.5	70.5	71.1	51.8	66.3	4	100
11/06/2015 01:00	74.6	71	73.3	59.5	69	4	100
11/06/2015 01:05	74.4	71.2	75.3	60.2	70.5	4	100
11/06/2015 01:10	74.4	70.6	73	53.9	68.3	4	100
11/06/2015 01:15	74.4	70.7	72.3	56.8	67.8	4	100
11/06/2015 01:20	74.7	70.2	72	58.3	68.8	4	100
11/06/2015 01:25	74.8	69.7	68.6	57.8	66.7	4	100
11/06/2015 01:30	74.9	70.1	71	59	68.1	4	100
11/06/2015 01:35	74.6	71	66.5	59	67	4	100
11/06/2015 01:40	74.5	71.1	67.3	58.3	66.6	4	100
11/06/2015 01:45	74.7	71.1	67.1	55.3	65.7	4	100
11/06/2015 01:50	74.9	71.6	64.2	50.6	64.2	4	100
11/06/2015 01:55	74.8	72.1	64.8	49.9	65.2	4	100
11/06/2015 02:00	74.9	71.4	66.8	57.3	66.2	4	100
11/06/2015 02:05	74.8	71	67.6	59.6	67.2	4	100
11/06/2015 02:10	75	70	70.3	62.9	69.1	4	100
11/06/2015 02:15	74.6	69.9	63.1	55.2	64.2	4	100
11/06/2015 02:20	74.5	70.3	64.5	58	65.8	4	100
11/06/2015 02:25	74.6	70.2	65.2	59.1	65.8	4	100
11/06/2015 02:30	74.6	71	67.8	62.6	67.8	4	100
11/06/2015 02:35	74.9	70.8	69.7	56.7	67.7	4	100
11/06/2015 02:40	74.7	71.3	71.5	61	69.3	4	100
11/06/2015 02:45	74.6	71.2	66.2	58.7	66.5	4	100
11/06/2015 02:50	74.9	71.2	63.2	57.7	64.7	4	100
11/06/2015 02:55	74.6	71.2	67	61.7	67.6	4	100
11/06/2015 03:00	74.4	70.8	64.6	58.4	65.2	4	100
11/06/2015 03:05	74.7	71.1	66.5	58	66.4	4	100
11/06/2015 03:10	74.7	68.7	65.7	63.1	67.1	4	100
11/06/2015 03:15	74.4	69.3	66.8	62.5	67.1	4	100
11/06/2015 03:20	74.6	69.7	62.9	63.2	66	4	100
11/06/2015 03:25	74.6	70	52.7	52.5	59.3	4	100
11/06/2015 03:30	74.5	69.8	61	58.5	63.9	4	100
11/06/2015 03:35	75	71.1	62.5	60.7	65.7	4	100
11/06/2015 03:40	74.8	70.1	63.6	59	65	4	100
11/06/2015 03:45	74.7	69.4	62.7	60.8	65.3	4	100
11/06/2015 03:50	74.3	70.1	66.4	67.6	68.7	4	100
11/06/2015 03:55	74.3	70	66.4	68.1	68.6	4	100
11/06/2015 04:00	74.7	71.1	69.2	68	70	4	100
11/06/2015 04:05	74.5	71	71.2	62.2	68.9	4	100
11/06/2015 04:10	74.7	72.2	72	61.9	69.4	4	100
11/06/2015 04:15	75.3	72.1	70.8	61	68.8	4	100
11/06/2015 04:20	75.4	70.7	68.4	60.9	67.5	4	100
11/06/2015 04:25	74.6	70.5	70.3	58.9	68	4	100
11/06/2015 04:30	73.9	71.2	66.9	57.9	66.5	4	100
11/06/2015 04:35	72.8	69.6	70.6	60.2	67.8	4	100
11/06/2015 04:40	73.7	68.7	74.6	61.8	69.5	4	100
11/06/2015 04:45	72.2	68.1	66.7	55	65.1	4	100
11/06/2015 04:50	71.1	68.5	67.3	56.9	66	4	100
11/06/2015 04:55	71.4	68.6	68.8	54.1	65.6	4	100
11/06/2015 05:00	73.7	70.9	70.6	58.5	68.3	4	100
11/06/2015 05:05	75.1	70.7	63.5	52.4	64.9	4	100
11/06/2015 05:10	76.1	69.9	64.9	54	66.6	4	100
11/06/2015 05:15	74.9	71.5	69.8	59.8	68.9	4	100
11/06/2015 05:20	73.2	70.5	67.4	55.8	67.2	4	100
11/06/2015 05:25	75.1	70.1	68.2	57.4	67.9	4	100
11/06/2015 05:30	73	69.1	64.1	53.2	65.8	4	100
11/06/2015 05:35	69.3	66.9	60.8	51.7	62.9	4	100
11/06/2015 05:40	69.5	68.8	62.8	52.5	64.3	4	100
11/06/2015 05:45	70.1	67.2	61.1	51.6	63.3	4	100
11/06/2015 05:50	69.5	66.8	62.6	55.6	64	4	100
11/06/2015 05:55	70	67.2	63.1	55.5	64.4	4	100
11/06/2015 06:00	69.7	68.8	63.1	52.6	64.1	4	100
11/06/2015 06:05	63.4	62.7	60.8	48.6	59.6	4	100
11/06/2015 06:10	65	64.4	59.9	50.2	60.4	4	100
11/06/2015 06:15	67.8	67.7	65.9	55.3	64.8	4	100
11/06/2015 06:20	70	67.9	69.5	59.8	67.2	4	100
11/06/2015 06:25	71	68.6	70.4	60.8	67.9	4	100
11/06/2015 06:30	70.8	69.5	72.2	60.9	68.7	4	100
11/06/2015 06:35	70.4	68.4	70.3	57.6	67.2	4	100
11/06/2015 06:40	70.4	68.9	73.2	61.7	68.8	4	100
11/06/2015 06:45	70.5	68.4	72.8	62	68.8	4	100
11/06/2015 06:50	70.2	68.3	71.8	60.2	68.2	4	100
11/06/2015 06:55	70	68.1	69.6	57	66.7	4	100
11/06/2015 07:00	71.3	69.5	68.9	58.1	67.4	4	100
11/06/2015 07:05	71.7	68.9	68.1	58.6	67.4	4	100
11/06/2015 07:10	70.7	68.1	67.6	58.7	66.7	4	100
11/06/2015 07:15	68.5	65.6	65.5	60.2	65.1	4	100
11/06/2015 07:20	65.5	63.2	63.1	57.2	62.5	4	100
11/06/2015 07:25	65.7	62.5	60.1	55.5	61.2	4	100
11/06/2015 07:30	60	58.4	54.8	50.2	56.2	4	100
11/06/2015 07:35	60.7	58.9	54	49.3	56.2	4	100
11/06/2015 07:40	64.1	59.7	57.5	53.7	59	4	100
11/06/2015 07:45	56	50.6	50.8	49.4	51.7	4	100
11/06/2015 07:50	50.2	43.5	44.2	45.4	45.8	4	100
11/06/2015 07:55	44.3	39	39.7	41.2	41	4	100
11/06/2015 08:00	48.1	43.5	42.9	41.7	44.1	4	100
11/06/2015 08:05	52.9	49.9	48.5	46.1	49.6	4	100
11/06/2015 08:10	51.2	47.5	46.4	45.4	47.7	4	100
11/06/2015 08:15	48.3	45	42	40.3	44	4	100
11/06/2015 08:20	47.4	42.3	40.6	39.4	42.6	4	100
11/06/2015 08:25	45.2	39.9	38	38.5	40.4	4	100
11/06/2015 08:30	52.6	48.9	46.7	46.9	48.8	4	100
11/06/2015 08:35	55.2	51	48.7	47.4	50.8	4	100
11/06/2015 08:40	50	46.1	45.4	46.3	46.9	4	100
11/06/2015 08:45	54	49.5	46.5	46.3	49.1	4	100
11/06/2015 08:50	56.6	51.8	48.7	50.5	51.9	4	100
11/06/2015 08:55	56.8	51.1	49.7	51.3	52	4	100
11/06/2015 09:00	58.9	54.7	49.9	50.2	53.4	4	100
11/06/2015 09:05	60.4	57.8	50.9	51	55.2	4	100
11/06/2015 09:10	61.1	57.1	50.4	54	55.9	4	100
11/06/2015 09:15	59.3	56.8	51.9	55.7	56	4	100
11/06/2015 09:20	61	57.7	51.9	55.4	56.6	4	100
11/06/2015 09:25	62.6	57.8	52.4	56.9	57.4	4	100
11/06/2015 09:30	61.4	57.7	48.7	55.4	55.8	4	100
11/06/2015 09:35	60.8	57.5	49.5	55.1	55.6	4	100
11/06/2015 09:40	61.1	57.3	49.8	53.5	55.3	4	100
11/06/2015 09:45	63.3	59.6	51.4	55.1	57.3	4	100
11/06/2015 09:50	63.1	58.8	49.9	55.1	56.8	4	100
11/06/2015 09:55	65.1	60.1	50.8	56.1	57.8	4	100
11/06/2015 10:00	66.3	62.3	52	56.6	59.3	4	100
11/06/2015 10:05	67.7	63.2	55.9	58	61.1	4	100
11/06/2015 10:10	69	64	56	56.8	61.2	4	100
11/06/2015 10:15	67.1	63	52.5	54.1	59.2	4	100
11/06/2015 10:20	66.6	62.2	51.2	53.1	58.3	4	100
11/06/2015 10:25	66.6	61.1	44.8	52.7	56.3	4	100
11/06/2015 10:30	58.4	53.5	29.8	46.9	48.6	4	100
11/06/2015 10:35	57.4	53.3	38.1	46.6	48.9	4	100
11/06/2015 10:40	59.2	56.5	43.2	48.9	51.8	4	100
11/06/2015 10:45	55.6	52.9	40.5	49.7	49.7	4	100
11/06/2015 10:50	59.7	56.2	44.2	52.6	53.4	4	100
11/06/2015 10:55	62.5	58.5	46.9	52.3	55.1	4	100
11/06/2015 11:00	65.8	61.3	50.6	52.6	57.5	4	100
11/06/2015 11:05	65.7	62	50.1	53.1	57.8	4	100
11/06/2015 11:10	61.8	59.2	37.4	53.1	53.8	4	100
11/06/2015 11:15	57.3	54.1	38.6	50.8	50.5	4	100
11/06/2015 11:20	52	49.7	39.6	48.6	47.6	4	100
11/06/2015 11:25	56.6	54.3	43.4	51.6	51.6	4	100
11/06/2015 11:30	53.4	50.5	41.1	49.3	48.8	4	100
11/06/2015 11:35	49.1	47.1	27.9	44.8	43.7	4	100
11/06/2015 11:40	49.2	47.7	46.6	41.2	46.5	4	75
11/06/2015 11:45	50.3	49.8	31.3	44.4	44.3	4	100
11/06/2015 11:50	54	51.1	37.1	46.3	47.4	4	100
11/06/2015 11:55	52.6	49.7	40.6	47.9	47.9	4	100
11/06/2015 12:00	53.8	51.2	43.1	49.1	49.3	4	100
11/06/2015 12:05	55.4	52.2	41.8	48.7	49.7	4	100
11/06/2015 12:10	50.7	47.7	39.1	46.1	46	4	100
11/06/2015 12:15	52.1	49.1	41.1	46.3	47.2	4	100
11/06/2015 12:20	49.6	46.4	38.9	43.1	44.5	4	100
11/06/2015 12:25	44.4	40.9	35.4	40.8	40.4	4	100
11/06/2015 12:30	40.6	37.9	32.5	38.2	37.4	4	100
11/06/2015 12:35	40.6	37.7	31.1	36.4	36.6	4	100
11/06/2015 12:40	40.4	36	28.7	33.1	34.7	4	100
11/06/2015 12:45	38	34.3	28.2	31.5	33.1	4	100
11/06/2015 12:50	38.2	35.7	28.5	29.7	33.4	4	100
11/06/2015 12:55	41.2	37.6	31.8	33	36	4	100
11/06/2015 13:00	43.2	40.2	33	32.1	37.5	4	100
11/06/2015 13:05	47	43	31.4	36.3	40	4	100
11/06/2015 13:10	45.5	41.5	27.2	35.7	38.2	4	100
11/06/2015 13:15	45.1	40.9	31.9	36.3	38.5	4	100
11/06/2015 13:20	45.2	43.5	34.5	35.8	40.2	4	100
11/06/2015 13:25	47	43.9	36.4	36.8	41.4	4	100
11/06/2015 13:30	45.8	43.3	35.4	34.7	40.1	4	100
11/06/2015 13:35	41.8	39.7	22.2	32	35.6	4	100
11/06/2015 13:40	38.7	35.5	25.3	30.7	32.7	4	100
11/06/2015 13:45	37.1	34.8	25.9	28.9	31.8	4	100
11/06/2015 13:50	37.2	33.6	27.8	30	32.2	4	100
11/06/2015 13:55	35.8	29.9	18.1	25.9	28.6	4	100
11/06/2015 14:00	40.1	34.4	24.4	29.4	32.4	4	100
11/06/2015 14:05	41.1	37	28.3	31.4	34.7	4	100
11/06/2015 14:10	37.6	33.2	24.2	25.6	30.7	4	100
11/06/2015 14:15	34.9	29.8	22.7	22.5	27.7	4	100
11/06/2015 14:20	33.5	28.2	20.4	20.5	26.2	4	100
11/06/2015 14:25	32.8	28.5	19.6	18.4	25.4	4	100
11/06/2015 14:30	30.4	26.6	18.7	17.7	23.8	4	100
11/06/2015 14:35	30.8	25.2	17	16.1	23.2	4	100
11/06/2015 14:40	28.4	24	15.9	14.3	21.2	4	100
11/06/2015 14:45	29.5	24.1	15.8	15.3	21.5	4	100
11/06/2015 14:50	29.7	22.9	15.1	15.2	21.2	4	100
11/06/2015 14:55	26.8	20.5	14.5	14.8	19.6	4	100
11/06/2015 15:00	29.5	22.4	15.5	15.5	21.3	4	100
11/06/2015 15:05	28.3	21.7	15.3	15.4	20.5	4	100
11/06/2015 15:10	29.6	23.3	15.9	16	21.7	4	100
11/06/2015 15:15	29.3	23.9	17.4	16.9	22	4	100
11/06/2015 15:20	29.2	24.4	18.2	18.4	22.7	4	100
11/06/2015 15:25	27.8	21.6	15.5	16	20.6	4	100
11/06/2015 15:30	29.1	23.9	15.4	16.8	21.6	4	100
11/06/2015 15:35	27.7	24.2	16.2	16.8	21.4	4	100
11/06/2015 15:40	28.3	23.4	14.7	16.5	21.2	4	100
11/06/2015 15:45	29.2	25.8	16.1	16.9	22.3	4	100
11/06/2015 15:50	28.8	24.9	15.6	17	22.1	4	100
11/06/2015 15:55	28.5	23.4	15.4	17.4	21.5	4	100
11/06/2015 16:00	29.6	25.2	17	18.4	22.9	4	100
11/06/2015 16:05	28	23	16.2	18.9	21.7	4	100
11/06/2015 16:10	26.6	21.8	15.7	18.2	20.8	4	100
11/06/2015 16:15	26.7	20.8	14.4	15.9	19.9	4	100
11/06/2015 16:20	26.5	20.5	14.1	14.9	19.3	4	100
11/06/2015 16:25	28.7	22.5	14.2	15.2	20.8	4	100
11/06/2015 16:30	28.5	22.4	15	16.1	20.9	4	100
11/06/2015 16:35	30.9	24.5	16.7	17.7	22.8	4	100
11/06/2015 16:40	31	24.2	15.6	16.7	22.4	4	100
11/06/2015 16:45	28.7	22.2	15.1	16.3	20.9	4	100
11/06/2015 16:50	28.7	22.7	15.9	15.5	21.2	4	100
11/06/2015 16:55	29.4	22.7	15.6	15	21.2	4	100
11/06/2015 17:00	30.3	23.2	15.1	13.8	21.4	4	100
11/06/2015 17:05	28.3	20.6	13.8	12.3	19.6	4	100
11/06/2015 17:10	28	21.1	14.5	13.3	20	4	100
11/06/2015 17:15	29.7	22.6	16.2	13.7	21.2	4	100
11/06/2015 17:20	28.2	23	15.8	14	20.7	4	100
11/06/2015 17:25	27.5	22.4	16.4	14.8	20.8	4	100
11/06/2015 17:30	26.7	20.5	14.3	12.5	19.4	4	100
11/06/2015 17:35	23.2	19.2	13.9	11.5	17.4	4	100
11/06/2015 17:40	23.5	19.5	13.3	10.4	17.6	4	100
11/06/2015 17:45	23.2	19.2	13	10.8	17.3	4	100
11/06/2015 17:50	26.3	20.8	14.7	12.1	19.3	4	100
11/06/2015 17:55	26.9	22.2	15.7	13.2	19.9	4	100
11/06/2015 18:00	29	22.6	15.4	12.9	20.8	4	100
11/06/2015 18:05	28.5	22.5	15.5	13.1	20.6	4	100
11/06/2015 18:10	25.7	20.9	13.7	12.2	18.8	4	100
11/06/2015 18:15	25.6	20	14.3	12.9	18.8	4	100
11/06/2015 18:20	26.7	21.1	15	14.4	19.8	4	100
11/06/2015 18:25	24.4	19.2	13.1	13.1	17.9	4	100
11/06/2015 18:30	23.3	19.2	14	14.7	18	4	100
11/06/2015 18:35	25.4	21.7	15.4	15.3	19.9	4	100
11/06/2015 18:40	26.5	22.2	15.8	14.8	20.4	4	100
11/06/2015 18:45	28.1	22	15.1	14.7	20.7	4	100
11/06/2015 18:50	29	23.6	17.6	16.2	22.1	4	100
11/06/2015 18:55	29.1	24.8	18.3	16.5	22.6	4	100
11/06/2015 19:00	28.8	25.9	20.5	18.8	23.7	4	100
11/06/2015 19:05	29.2	25.9	19.7	18.5	23.7	4	100
11/06/2015 19:10	29.7	25.8	18.1	15.3	23.3	4	100
11/06/2015 19:15	28.1	24	15.5	12.8	21.2	4	100
11/06/2015 19:20	29.2	24.1	15.5	12.8	21.3	4	100
11/06/2015 19:25	29.9	25.1	16.5	13.9	22.4	4	100
11/06/2015 19:30	28	23.6	17	13.7	21.2	4	100
11/06/2015 19:35	28.1	23.9	18.9	15.5	22	4	100
11/06/2015 19:40	27.8	21.9	15.4	12.8	20.8	4	100
11/06/2015 19:45	25.6	20.9	13.8	11.9	19.1	4	100
11/06/2015 19:50	28.5	23.7	15.9	13.5	21.1	4	100
11/06/2015 19:55	27.1	23	15.3	12.9	20.4	4	100
11/06/2015 20:00	28.9	25.4	18.3	16.6	22.8	4	100
11/06/2015 20:05	28.4	26.6	21.9	21.4	24.7	4	100
11/06/2015 20:10	31.5	29.8	24.9	23.4	27.7	4	100
11/06/2015 20:15	31.4	29.8	27.4	26.7	28.9	4	100
11/06/2015 20:20	32.9	31.4	27.3	27	29.8	4	100
11/06/2015 20:25	32.8	31.1	28.3	26.7	29.9	4	100
11/06/2015 20:30	31.3	29.7	26.9	26.7	28.7	4	100
11/06/2015 20:35	34.8	33.7	29.4	29.5	32	4	100
11/06/2015 20:40	37.4	34.1	31.5	30.9	33.5	4	100
11/06/2015 20:45	39.1	35.2	30.1	28.4	33.7	4	100
11/06/2015 20:50	44.1	43.6	37.8	36.8	40.7	4	100
11/06/2015 20:55	53.8	53.3	50.8	48.3	51.6	4	100
11/06/2015 21:00	76.2	73	77.4	65.8	73.4	4	100
11/06/2015 21:05	80	75.2	77.4	66.3	75.2	4	100
11/06/2015 21:10	65.8	61.9	73.6	55.4	64.4	4	100
11/06/2015 21:15	62	56.8	71.8	50.8	60.5	4	100
11/06/2015 21:20	69.3	63	77.4	55.4	66.6	4	100
11/06/2015 21:25	83.9	77.4	77.4	65.7	76.3	4	100
11/06/2015 21:30	84.8	81	77.4	72.8	79.2	4	100
11/06/2015 21:35	84.8	81	77.4	72.8	79	4	100
11/06/2015 21:40	84.8	81	77.4	72.8	79.1	4	100
11/06/2015 21:45	84.8	81	77.4	72.8	79	4	100
11/06/2015 21:50	84.8	81	77.4	72.8	79	4	100
11/06/2015 21:55	84.8	81	77.4	72.8	79.1	4	100
11/06/2015 22:00	79.1	74.7	77.4	64.5	74.5	4	100
11/06/2015 22:05	77.4	72.8	77.4	60.2	72.2	4	100
11/06/2015 22:10	77	69.9	77.4	56.9	71	4	100
11/06/2015 22:15	74.6	67	77.4	56.9	69.6	4	100
11/06/2015 22:20	74.3	68.3	77.4	57.6	69.5	4	100
11/06/2015 22:25	76.3	68.6	77.4	57.1	70.2	4	100
11/06/2015 22:30	77.1	68.1	77.4	60.2	70.9	4	100
11/06/2015 22:35	78.4	69.8	77.4	57.6	71.3	4	100
11/06/2015 22:40	74.4	69.9	77.4	58.3	70.4	4	100
11/06/2015 22:45	78.1	73.1	77.4	56.7	71.8	4	100
11/06/2015 22:50	78	73	77.4	57.5	71.8	4	100
11/06/2015 22:55	75	72.2	77.4	58.5	71.4	4	100
11/06/2015 23:00	74	70.6	75.1	57	69.5	4	100
11/06/2015 23:05	74.6	71.5	72.3	57.3	69.4	4	100
11/06/2015 23:10	72.7	69.2	71.7	57.1	67.8	4	100
11/06/2015 23:15	72.4	67.9	69	54.6	66.4	4	100
11/06/2015 23:20	73.3	69	71.6	55.8	67.7	4	100
11/06/2015 23:25	73.5	70	71.4	54	67.8	4	100
11/06/2015 23:30	73.1	70.3	72	54.7	68.3	4	100
11/06/2015 23:35	73.8	71.9	75.5	56	70	4	100
11/06/2015 23:40	75.2	70.6	74.6	57.6	69.9	4	100
11/06/2015 23:45	75.2	71	75.6	59.8	70.8	4	100
11/06/2015 23:50	73.4	72.6	74.1	60.1	70.3	4	100
11/06/2015 23:55	73.3	71.6	77.4	59.4	71	4	100
11/07/2015 00:00	74	71	77.4	65.7	72.1	4	100
11/07/2015 00:05	73.9	70.6	72	60	68.9	4	100
11/07/2015 00:10	73.7	71.5	72.5	58.8	69.3	4	100
11/07/2015 00:15	73.7	70.2	71.6	59.7	69.1	4	100
11/07/2015 00:20	72.7	68.7	70.4	57.5	67.3	4	100
11/07/2015 00:25	74.6	68.3	69.6	56.5	67.6	4	100
11/07/2015 00:30	75	70.3	73	58.7	69	4	100
11/07/2015 00:35	74.5	69.8	69.9	61	68.3	4	100
11/07/2015 00:40	75.3	72.1	70.2	59.2	68.3	4	100
11/07/2015 00:45	77.3	71.2	71	61.6	69.9	4	100
11/07/2015 00:50	76.1	71.4	71.1	61.7	70	4	100
11/07/2015 00:55	76.1	70.3	68.3	59.6	68.3	4	100
11/07/2015 01:00	75	72.3	65.1	58	67.4	4	100
11/07/2015 01:05	75	73.5	65.2	62.2	68.6	4	100
11/07/2015 01:10	74.6	72.6	65.2	58.1	67.5	4	100
11/07/2015 01:15	75.3	71	64.2	56.5	66.2	4	100
11/07/2015 01:20	75.4	70.8	64.2	57.1	66.2	4	100
11/07/2015 01:25	75	69.9	65.2	56.3	65.9	4	100
11/07/2015 01:30	74.9	71.3	68.6	61.7	68.9	4	100
11/07/2015 01:35	74.9	72.1	73.7	62	70.9	4	100
11/07/2015 01:40	75	71.1	75	61.1	70.7	4	100
11/07/2015 01:45	74.5	70.1	74.3	62	70.3	4	100
11/07/2015 01:50	74.9	70.8	66.6	60.2	68.1	4	100
11/07/2015 01:55	74.3	71	67.3	59.2	67.4	4	100
11/07/2015 02:00	73.5	70	64.5	57.7	66.6	4	100
11/07/2015 02:05	73.9	69.9	67.3	56.5	66.7	4	100
11/07/2015 02:10	74.7	70.8	66.5	55.8	67	4	100
11/07/2015 02:15	73.5	69.5	65.6	57.3	66.8	4	100
11/07/2015 02:20	73.2	71.7	67.1	59.5	67.4	4	100
11/07/2015 02:25	74.2	71.6	67.5	60.6	68.3	4	100
11/07/2015 02:30	74.1	71.6	69	62.4	69.1	4	100
11/07/2015 02:35	74.5	70.6	68.8	61.9	68.7	4	100
11/07/2015 02:40	74.8	70.5	69.4	60.7	68.3	4	100
11/07/2015 02:45	74.8	70.1	68.7	61.1	67.7	4	100
11/07/2015 02:50	74.5	69.1	69.2	61.8	67.8	4	100
11/07/2015 02:55	74.8	71.4	64.8	54.3	66	4	100
11/07/2015 03:00	75	70.5	66.3	57.6	67	4	100
11/07/2015 03:05	75	70.2	66.4	56.8	66.3	4	100
11/07/2015 03:10	74.8	69.9	66.8	54.4	65.7	4	100
11/07/2015 03:15	74.5	69.6	66.4	54.4	65.3	4	100
11/07/2015 03:20	74.6	70.2	67.2	59.3	67.6	4	100
11/07/2015 03:25	74.8	70.6	68.2	62.5	67.7	4	100
11/07/2015 03:30	74.5	70.5	70.1	64.8	69.4	4	100
11/07/2015 03:35	74.8	70.8	69.5	67.2	69.6	4	100
11/07/2015 03:40	74.6	70.9	69	63.5	68.8	4	100
11/07/2015 03:45	74.6	70.1	67	60.6	67.8	4	100
11/07/2015 03:50	74.5	69.9	60.8	52.7	64.6	4	100
11/07/2015 03:55	74.1	68.9	64.8	58.7	66.9	4	100
11/07/2015 04:00	74.5	70.1	65.3	59.3	65.8	4	100
11/07/2015 04:05	74.6	70.1	67.2	60.6	66.6	4	100
11/07/2015 04:10	74.8	70.6	67.7	63.5	66.8	4	100
11/07/2015 04:15	74.5	70.7	66	58.7	67.2	4	100
11/07/2015 04:20	74.8	70.7	67.6	61	67.7	4	100
11/07/2015 04:25	73.3	69.2	65.6	56	65.6	4	100
11/07/2015 04:30	74	69.5	65.1	54.4	65	4	100
11/07/2015 04:35	73.8	69	62.2	56.8	64.8	4	100
11/07/2015 04:40	74.6	70.6	65.1	60	66.8	4	100
11/07/2015 04:45	74.1	68.3	66.4	61.2	67.3	4	100
11/07/2015 04:50	73.7	70.1	67.8	59.6	67.8	4	100
11/07/2015 04:55	74.6	70.8	66.7	58.1	67.9	4	100
11/07/2015 05:00	73.6	70.2	67.7	60.3	67.7	4	100
11/07/2015 05:05	72.1	70.6	70	53.6	67.7	4	100
11/07/2015 05:10	71.6	69.7	69.4	61.9	68.1	4	100
11/07/2015 05:15	73.8	70.8	68.4	62.2	68.6	4	100
11/07/2015 05:20	74.7	71.1	70.7	62.9	69.7	4	100
11/07/2015 05:25	74.3	71.8	72.2	64.9	70.8	4	100
11/07/2015 05:30	74	71.3	69.8	61.7	69.1	4	100
11/07/2015 05:35	74.8	71.5	65.9	56.4	66.7	4	100
11/07/2015 05:40	74.4	71.4	64	57.8	66.6	4	100
11/07/2015 05:45	73.3	71.9	66.2	61.3	68.3	4	100
11/07/2015 05:50	73.3	72.2	68.2	60.1	68.1	4	100
11/07/2015 05:55	72.3	70.6	68.3	59.8	68.1	4	100
11/07/2015 06:00	74.5	70.3	65.7	55.8	66.6	4	100
11/07/2015 06:05	75.2	68.7	66.7	58.1	67	4	100
11/07/2015 06:10	74.9	70	64.4	55.7	67.2	4	100
11/07/2015 06:15	73.7	70.8	65.9	54	66.6	4	100
11/07/2015 06:20	74	71.2	67	53.7	67.1	4	100
11/07/2015 06:25	76	71	67.6	57.6	68.5	4	100
11/07/2015 06:30	76.2	70	68	58.3	68.6	4	100
11/07/2015 06:35	73.9	69.6	70	61.3	69	4	100
11/07/2015 06:40	72.8	70.2	67	59.6	67.7	4	100
11/07/2015 06:45	73.9	68.1	66.4	60.6	67.1	4	100
11/07/2015 06:50	73.8	67.8	63.9	57.3	66.3	4	100
11/07/2015 06:55	75	68	64.4	57.7	66.4	4	100
11/07/2015 07:00	74.2	68.4	61.9	56.7	65.4	4	100
11/07/2015 07:05	70.2	68.3	64.5	58.3	65.8	4	100
11/07/2015 07:10	71.2	67.2	66.8	59.1	66.4	4	100
11/07/2015 07:15	69.7	67	64.6	57.3	65.1	4	100
11/07/2015 07:20	68.2	67.8	64.3	55.2	64.5	4	100
11/07/2015 07:25	68.8	66.1	61.5	54.8	63.3	4	100
11/07/2015 07:30	68.8	67.2	64.1	56	64.4	4	100
11/07/2015 07:35	69.4	66.7	63.4	57.2	64.7	4	100
11/07/2015 07:40	70.4	67	62.5	57.9	65	4	100
11/07/2015 07:45	68.5	66.8	63.8	58.1	64.8	4	100
11/07/2015 07:50	68.5	64.4	61.8	58.2	63.7	4	100
11/07/2015 07:55	67.3	64.2	62.6	57.7	63.4	4	100
11/07/2015 08:00	66.5	64.3	58.4	54.3	61.1	4	100
11/07/2015 08:05	67.1	63.2	57.4	53.2	61	4	100
11/07/2015 08:10	68.6	64.4	56.9	53.8	61.6	4	100
11/07/2015 08:15	69.4	64.8	59.5	56.2	63	4	100
11/07/2015 08:20	69.7	64.9	56.6	53.3	61.8	4	100
11/07/2015 08:25	70.4	62.9	58.1	53.1	61.9	4	100
11/07/2015 08:30	68.2	63.2	58.9	54.7	61.8	4	100
11/07/2015 08:35	67.6	63.1	60.4	56.4	62.2	4	100
11/07/2015 08:40	68.8	63	58.8	57	61.9	4	100
11/07/2015 08:45	69.4	62.1	57.8	59.4	62.2	4	100
11/07/2015 08:50	68.7	63.7	57.1	60	62.4	4	100
11/07/2015 08:55	69.1	65.2	59.1	63.9	64.3	4	100
11/07/2015 09:00	69.7	65.5	59.9	66.4	65.4	4	100
11/07/2015 09:05	70.5	63.9	57.7	64.7	64.3	4	100
11/07/2015 09:10	69.4	63.9	56.6	63.1	63.5	4	100
11/07/2015 09:15	66.9	62.8	53.5	60.4	61.1	4	100
11/07/2015 09:20	66.4	63.9	55.9	61.1	62	4	100
11/07/2015 09:25	67.9	63.8	55.7	58	61.6	4	100
11/07/2015 09:30	66.9	63.6	56.6	57.5	61.4	4	100
11/07/2015 09:35	65.6	63.2	56.7	54.9	60.6	4	100
11/07/2015 09:40	65.8	63.2	47.7	53.9	58.2	4	100
11/07/2015 09:45	66.8	62.3	24	56.6	62	4	100
11/07/2015 09:50	65.6	60.7	29	56.1	53.6	4	100
11/07/2015 09:55	63.2	60.1	42.3	54.2	55.3	4	100
11/07/2015 10:00	66.2	61.8	33.9	56.3	56.1	4	100
11/07/2015 10:05	66.1	60.3	42.4	54.5	56.7	4	100
11/07/2015 10:10	66.4	61.9	49.4	55.3	58.7	4	100
11/07/2015 10:15	60.7	57.3	48.7	53.8	55.2	4	100
11/07/2015 10:20	57.5	55.3	47.4	49.1	52.6	4	100
11/07/2015 10:25	52	49.8	43.9	45.9	48.1	4	100
11/07/2015 10:30	48.6	47.7	43.6	45.7	46.5	4	100
11/07/2015 10:35	46.6	44.6	42.3	43.6	44.4	4	100
11/07/2015 10:40	52	49.3	44.4	47	48.4	4	100
11/07/2015 10:45	51.4	49.5	45.5	48.5	48.8	4	100
11/07/2015 10:50	53.6	52.2	46	48.8	50.3	4	100
11/07/2015 10:55	50.2	49	43.6	48	47.7	4	100
11/07/2015 11:00	48.9	47.6	42.4	45.8	46.3	4	100
11/07/2015 11:05	48.6	45.9	40.7	44.8	45.2	4	100
11/07/2015 11:10	48.8	46.8	29.4	44	43	4	100
11/07/2015 11:15	48.1	47	19.9	43.6	41.5	4	100
11/07/2015 11:20	45	43.4	26.8	41.5	39.4	4	100
11/07/2015 11:25	42.1	39.7	30.2	40.1	38	4	100
11/07/2015 11:30	47.8	44.2	35.9	40.7	42.6	4	100
11/07/2015 11:35	47.6	45	38.5	42.9	43.6	4	100
11/07/2015 11:40	50.5	48.7	42.6	42.7	46.2	4	100
11/07/2015 11:45	52.9	48.2	43	43.5	47.3	4	100
11/07/2015 11:50	50.2	45.1	36.8	41.3	43.7	4	100
11/07/2015 11:55	46.5	42.1	35.9	40.8	41.5	4	100
11/07/2015 12:00	48.3	44.1	39.6	44.3	44	4	100
11/07/2015 12:05	46.6	44.7	31.3	43.5	42	4	100
11/07/2015 12:10	44.7	42.8	35.2	43.4	41.5	4	100
11/07/2015 12:15	46.5	44.1	39.2	44.1	43.6	4	100
11/07/2015 12:20	47.4	43	40.8	45.4	44.2	4	100
11/07/2015 12:25	43.8	39.6	36.4	43.4	40.9	4	100
11/07/2015 12:30	44.6	43.2	38.2	42.5	42.2	4	100
11/07/2015 12:35	44.9	42.9	43.4	39	42.7	4	75
11/07/2015 12:40	45.2	44.9	42.6	42.5	43.9	4	100
11/07/2015 12:45	48.7	46.4	43.5	43.7	45.7	4	100
11/07/2015 12:50	51.7	47.9	45.6	50.4	48.8	4	100
11/07/2015 12:55	50.9	48.8	46.6	48.6	48.7	4	100
11/07/2015 13:00	51.8	50.4	38.8	39.4	46.4	4	100
11/07/2015 13:05	46	41.9	36.2	38.8	40.7	4	100
11/07/2015 13:10	49.8	49.7	45.4	41.3	46.9	4	0
11/07/2015 13:15	45.1	42.8	39.5	44.9	43.1	4	100
11/07/2015 13:20	49	48	44	47.7	47.1	4	100
11/07/2015 13:25	48.8	48.2	47.1	47.5	48	4	75
11/07/2015 13:30	53.9	53.6	48.8	44.7	50.6	4	0
11/07/2015 13:35	51.3	51.1	46.7	42.5	48.2	4	0
11/07/2015 13:40	45.6	48.2	42.2	50.3	46.6	4	100
11/07/2015 13:45	45.8	46.7	41.6	48.2	45.5	4	100
11/07/2015 13:50	45.1	44.4	38	42.4	42.6	4	100
11/07/2015 13:55	43.6	41.6	65	43.1	46.8	4	0
11/07/2015 14:00	39	38.5	31.8	30.5	35.1	4	100
11/07/2015 14:05	42.6	40	33.8	36	38.2	4	100
11/07/2015 14:10	41.6	37.1	33	35.6	36.8	4	100
11/07/2015 14:15	40.2	36.3	31.7	35.1	35.9	4	100
11/07/2015 14:20	41.5	38.9	36.2	39.8	39	4	100
11/07/2015 14:25	35.4	33.5	36.5	30.2	34.1	4	75
11/07/2015 14:30	34	32.2	34.1	29.5	32.4	4	75
11/07/2015 14:35	34.9	33.5	24.9	30.4	31	4	100
11/07/2015 14:40	45.2	43.5	34.6	36	40.5	4	100
11/07/2015 14:45	43.8	44.5	25.6	39.5	39.1	4	100
11/07/2015 14:50	47.1	43.9	26.2	42.3	40.6	4	100
11/07/2015 14:55	42.7	40.1	29.8	40.4	38.3	4	100
11/07/2015 15:00	36.8	34.2	26.7	34.4	33.1	4	100
11/07/2015 15:05	34.5	32.4	24.7	29.8	30.5	4	100
11/07/2015 15:10	32.9	29.2	21.5	24.2	27.2	4	100
11/07/2015 15:15	32.6	28	18.8	23.7	26.1	4	100
11/07/2015 15:20	30.9	27	20.3	23.2	25.4	4	100
11/07/2015 15:25	31.4	28.3	22.2	26.9	27.1	4	100
11/07/2015 15:30	31.2	28.4	23.4	31	28.7	4	100
11/07/2015 15:35	28.1	27.6	23.9	31.3	27.9	4	100
11/07/2015 15:40	31.7	29.2	26.1	34	30.6	4	100
11/07/2015 15:45	27.3	26.3	23.6	30.3	27.1	4	100
11/07/2015 15:50	28.2	27.2	23.3	29.8	27.3	4	100
11/07/2015 15:55	27.7	25.6	20.1	25	24.7	4	100
11/07/2015 16:00	25	22.8	18.3	24.4	22.8	4	100
11/07/2015 16:05	27.4	25.2	19.2	25	24.3	4	100
11/07/2015 16:10	27	26	21.3	27.9	25.8	4	100
11/07/2015 16:15	28.2	25.2	20	25.4	24.8	4	100
11/07/2015 16:20	26.8	25.4	21.6	27.5	25.4	4	100
11/07/2015 16:25	26.7	24.7	20.1	24.5	24	4	100
11/07/2015 16:30	28	25.2	21.1	27	25.5	4	100
11/07/2015 16:35	24.4	23.6	20.1	25.3	23.4	4	100
11/07/2015 16:40	26.4	22.8	18.5	22.5	22.7	4	100
11/07/2015 16:45	26.8	24.4	20.3	25.3	24.3	4	100
11/07/2015 16:50	29.6	26.2	21.4	26.7	26.1	4	100
11/07/2015 16:55	27.6	24.9	19.8	24.6	24.3	4	100
11/07/2015 17:00	27.7	24.9	19.6	24.6	24.3	4	100
11/07/2015 17:05	26.7	23.9	18	20.9	22.6	4	100
11/07/2015 17:10	25.9	23.3	18.5	21	22	4	100
11/07/2015 17:15	28.9	25.9	20.3	21.6	24.4	4	100
11/07/2015 17:20	27.7	25.7	19.9	21.4	23.7	4	100
11/07/2015 17:25	29.8	28.3	23.5	25.3	26.7	4	100
11/07/2015 17:30	30.8	28.7	23.8	26	27.4	4	100
11/07/2015 17:35	29.7	27.7	22.7	24.4	26.3	4	100
11/07/2015 17:40	27.5	25.2	19.9	20	23.4	4	100
11/07/2015 17:45	27.2	24.8	20.3	20.1	23.2	4	100
11/07/2015 17:50	28.2	26	22.1	22.4	24.8	4	100
11/07/2015 17:55	30.2	27	23.8	25.5	26.7	4	100
11/07/2015 18:00	27.8	26.2	23.8	25.9	25.9	4	100
11/07/2015 18:05	28.1	27.1	23.8	26.1	26.3	4	100
11/07/2015 18:10	29.3	27.9	23.2	25.5	26.6	4	100
11/07/2015 18:15	28.1	28.7	22.9	24.4	26.1	4	100
11/07/2015 18:20	30.8	29.5	24	25.7	27.6	4	100
11/07/2015 18:25	31.5	30.6	26.1	26.6	28.8	4	100
11/07/2015 18:30	32	32	27.2	28.4	29.9	4	100
11/07/2015 18:35	27.5	27.4	24.7	27.9	26.9	4	100
11/07/2015 18:40	27.5	28	24.9	26.8	26.8	4	100
11/07/2015 18:45	27.3	27.7	24.5	26	26.3	4	100
11/07/2015 18:50	28.7	29.3	25.4	28.1	27.8	4	100
11/07/2015 18:55	31.9	29.7	27.8	30.7	30	4	100
11/07/2015 19:00	31.6	30.5	27.7	30.5	30.1	4	100
11/07/2015 19:05	30.5	29.9	26.5	29.4	29	4	100
11/07/2015 19:10	32.7	32.5	29.4	32.3	31.7	4	100
11/07/2015 19:15	32.5	31.4	27	29.5	30.1	4	100
11/07/2015 19:20	33	32	27.7	29.9	30.8	4	100
11/07/2015 19:25	33.5	31.4	28.1	31	31.1	4	100
11/07/2015 19:30	32.8	30.8	27.2	29.9	30.2	4	100
11/07/2015 19:35	33.1	31	27.3	30.2	30.4	4	100
11/07/2015 19:40	33.1	30.9	28.3	31.3	30.9	4	100
11/07/2015 19:45	34.3	31.5	27.2	29.5	30.8	4	100
11/07/2015 19:50	33.7	30.7	26.6	29.2	30.2	4	100
11/07/2015 19:55	33	30.1	27.9	30.1	30.3	4	100
11/07/2015 20:00	33.5	31	27.9	30.1	30.7	4	100
11/07/2015 20:05	35.4	33.4	30.9	33.1	33.2	4	100
11/07/2015 20:10	41	37.2	33.9	38.1	37.6	4	100
11/07/2015 20:15	50.6	46.8	43.1	45	46.3	4	100
11/07/2015 20:20	58.2	53.5	52	52.6	53.9	4	100
11/07/2015 20:25	62.1	58.9	56.7	55.5	58.2	4	100
11/07/2015 20:30	63.9	61.5	57.8	57.4	60.3	4	100
11/07/2015 20:35	66	63	60.6	58.3	62.1	4	100
11/07/2015 20:40	65.1	62.3	61.9	57.7	62	4	100
11/07/2015 20:45	65.7	63.7	60.5	58.1	62	4	100
11/07/2015 20:50	68.4	63.6	61	59.2	63.1	4	100
11/07/2015 20:55	65.2	62.3	59.6	56.7	61	4	100
11/07/2015 21:00	67.9	64.8	67.3	54.7	64.1	4	100
11/07/2015 21:05	69.5	66.2	75.5	59	67.8	4	100
11/07/2015 21:10	69.4	68	77.4	57.7	68.8	4	100
11/07/2015 21:15	68.5	67	77.4	57.6	68.1	4	100
11/07/2015 21:20	70.9	68.2	77.4	59.9	69.5	4	100
11/07/2015 21:25	71	67.2	77.4	59.1	69.5	4	100
11/07/2015 21:30	70.6	66	77.4	59.3	68.7	4	100
11/07/2015 21:35	72.2	68.5	77.4	61.5	70.2	4	100
11/07/2015 21:40	72.2	69.5	77.4	61.1	70.6	4	100
11/07/2015 21:45	72	69	77.4	61.8	70.5	4	100
11/07/2015 21:50	73.4	68.6	77.4	61	70.5	4	100
11/07/2015 21:55	73	66.8	77.4	60.6	69.9	4	100
11/07/2015 22:00	74	68.3	74.4	59.7	69.3	4	100
11/07/2015 22:05	71.7	68.2	68.6	58.5	67.2	4	100
11/07/2015 22:10	70.6	66.4	68.5	58.3	66	4	100
11/07/2015 22:15	70.7	66.5	68.7	58.1	66.4	4	100
11/07/2015 22:20	69.6	66.6	67.7	57	65.6	4	100
11/07/2015 22:25	70.9	67.5	67.7	56.7	66.1	4	100
11/07/2015 22:30	70.5	67.1	68.1	57	66.2	4	100
11/07/2015 22:35	72	68.1	70.1	60	67.7	4	100
11/07/2015 22:40	71.8	67.9	70.6	59.3	67.8	4	100
11/07/2015 22:45	72.9	69.5	69.9	58.7	68	4	100
11/07/2015 22:50	74.6	68.4	72.3	60.7	69.1	4	100
11/07/2015 22:55	72.2	69.6	70.7	57.4	68	4	100
11/07/2015 23:00	68.9	69	68.7	56.8	66.4	4	100
11/07/2015 23:05	71.9	68.7	71.4	55.1	67.2	4	100
11/07/2015 23:10	72	68.8	70.8	54.4	66.8	4	100
11/07/2015 23:15	71.5	68.5	72.1	54	67.4	4	100
11/07/2015 23:20	73.1	68.6	71.1	54.7	67.3	4	100
11/07/2015 23:25	74.1	68.5	72.1	55.6	67.9	4	100
11/07/2015 23:30	73.2	69.9	73.1	54.9	68.6	4	100
11/07/2015 23:35	72.3	70.8	72.3	56	68.5	4	100
11/07/2015 23:40	73.8	70	73.6	55.3	68.9	4	100
11/07/2015 23:45	75.6	70.3	74.1	56.1	69.1	4	100
11/07/2015 23:50	72.6	69	72	53.8	67.6	4	100
11/07/2015 23:55	75.3	68.9	74.9	57	69.4	4	100
11/08/2015 00:00	76.6	69.5	63.7	57.6	67.4	4	75
11/08/2015 00:05	75.3	71	62.7	57.5	67	4	75
11/08/2015 00:10	73.9	69.7	61.3	56.9	65.9	4	75
11/08/2015 00:15	76.1	68.3	61.6	58.3	66.3	4	75
11/08/2015 00:20	75.1	68.4	61.8	55.4	65.8	4	75
11/08/2015 00:25	72.8	66.9	60.6	53.6	63.7	4	75
11/08/2015 00:30	75.5	70.3	61.3	54.8	66.1	4	75
11/08/2015 00:35	76.7	71.5	62.5	58.6	67.6	4	75
11/08/2015 00:40	76.9	70.6	59.7	54.8	66.4	4	75
11/08/2015 00:45	75.3	71.2	61.2	55.5	66.1	4	75
11/08/2015 00:50	76.3	72.6	61.8	56.2	66.8	4	75
11/08/2015 00:55	75.4	71.6	63.3	58.2	67.6	4	75
11/08/2015 01:00	74.3	71	63.6	58.5	66.9	4	75
11/08/2015 01:05	74.2	68.9	62.6	57.2	65.9	4	75
11/08/2015 01:10	72.7	69.2	63.5	56.7	66	4	75
11/08/2015 01:15	73.8	71.3	62.5	58.1	66.6	4	75
11/08/2015 01:20	74.2	71.6	62.7	57.1	66.7	4	75
11/08/2015 01:25	73.7	69.5	62.8	58.6	65.9	4	75
11/08/2015 01:30	74.1	69.9	61.2	56.1	65.4	4	75
11/08/2015 01:35	73.7	68.7	60.6	57.9	65.3	4	75
11/08/2015 01:40	74.7	70.9	63.4	60.5	67.9	4	75
11/08/2015 01:45	74.4	72.6	63.1	57.9	67.3	4	75
11/08/2015 01:50	75.1	71.5	63.9	59.9	67.5	4	75
11/08/2015 01:55	74.9	72.2	63.4	60.8	67.7	4	75
11/08/2015 02:00	74.9	72.8	63.5	59.4	68	4	75
11/08/2015 02:05	74.8	72	64.6	62.1	68	4	75
11/08/2015 02:10	75	72.5	63	59.1	67.1	4	75
11/08/2015 02:15	74.6	70.7	63.6	59.9	67.1	4	75
11/08/2015 02:20	74.3	68	63.1	58.8	65.9	4	75
11/08/2015 02:25	73.9	66.6	62.8	59.9	65.2	4	75
11/08/2015 02:30	75	68.5	62.5	62	66.1	4	75
11/08/2015 02:35	74.3	68.2	63.2	62.5	66.7	4	75
11/08/2015 02:40	70.7	58.9	57.5	51.9	58.6	4	75
11/08/2015 02:45	72.6	63.1	60.4	55.6	61.3	4	75
11/08/2015 02:50	73.4	66.3	61	56.9	63.5	4	75
11/08/2015 02:55	74	69.2	60.5	54.5	64.3	4	75
11/08/2015 03:00	74.3	69	59.8	54.7	62.7	4	75
11/08/2015 03:05	74.8	69.9	61.9	56.9	64.8	4	75
11/08/2015 03:10	74.7	69.9	61.9	58.4	65.8	4	75
11/08/2015 03:15	74.4	69.7	62.1	58.7	65.6	4	75
11/08/2015 03:20	74	69.2	60.3	53.3	63.7	4	75
11/08/2015 03:25	74.5	68.7	59.3	54.6	63.2	4	75
11/08/2015 03:30	74.2	69.8	60.7	57.4	64.5	4	75
11/08/2015 03:35	74.5	70.1	61.4	60.2	64.7	4	75
11/08/2015 03:40	74.3	70.7	61.3	57.6	64.9	4	75
11/08/2015 03:45	74.5	69.8	63.5	61.5	65.8	4	75
11/08/2015 03:50	74.8	69.4	63.1	61.3	66.4	4	75
11/08/2015 03:55	74.8	70.4	62.6	60	65.7	4	75
11/08/2015 04:00	74.7	70.5	63.8	62	66.5	4	75
11/08/2015 04:05	74.4	70.8	63.7	62	67	4	75
11/08/2015 04:10	74.4	70.8	64.2	63.4	66.7	4	75
11/08/2015 04:15	74.7	70.1	64.6	63.6	67.5	4	75
11/08/2015 04:20	74.7	69.3	64.3	62.6	66.9	4	75
11/08/2015 04:25	75	69.8	63.4	62.6	66.6	4	75
11/08/2015 04:30	74.9	69.9	64.5	66.1	67.9	4	75
11/08/2015 04:35	74.6	71.2	64.7	64.5	67.3	4	75
11/08/2015 04:40	74.5	70.7	63.4	61.9	66.3	4	75
11/08/2015 04:45	74.4	70.5	63.7	61.5	66.7	4	75
11/08/2015 04:50	74.6	71.1	63	62.1	67	4	75
11/08/2015 04:55	74.2	70.6	62.6	58.9	65.5	4	75
11/08/2015 05:00	74.4	71.2	63.6	63.3	66.8	4	75
11/08/2015 05:05	74.5	71	62.1	63.9	65.9	4	75
11/08/2015 05:10	74.2	70.8	61.6	63.2	66.5	4	75
11/08/2015 05:15	74.3	70.9	61.1	61.4	66	4	75
11/08/2015 05:20	74	67.5	62.6	64.8	66.4	4	75
11/08/2015 05:25	73.6	68.9	62.8	63.4	66.7	4	75
11/08/2015 05:30	73.1	69.3	61.1	61.3	65.7	4	75
11/08/2015 05:35	73	70.1	62.8	63	67	4	75
11/08/2015 05:40	70.9	67.8	60.8	59	64.3	4	75
11/08/2015 05:45	72.9	69.2	62	60.8	65.8	4	75
11/08/2015 05:50	72	68.9	63.2	61.3	65.7	4	75
11/08/2015 05:55	72.8	70.5	62.8	63.5	66.8	4	75
11/08/2015 06:00	75.6	71	62.4	62.8	67.3	4	75
11/08/2015 06:05	75.9	68.6	63.6	61.5	67.2	4	75
11/08/2015 06:10	74.7	69	63.7	59.6	66.5	4	75
11/08/2015 06:15	73.8	70.2	63.1	61.9	67.5	4	75
11/08/2015 06:20	74.4	70.9	63.6	62.1	67.9	4	75
11/08/2015 06:25	72.4	69.5	65.3	61.4	67.1	4	75
11/08/2015 06:30	71.4	69.3	62.9	58.4	65.6	4	75
11/08/2015 06:35	72.9	69.9	60.5	56.4	65.1	4	75
11/08/2015 06:40	72	70.6	62.2	56.6	65.6	4	75
11/08/2015 06:45	72.3	69.9	62.7	57.6	65.5	4	75
11/08/2015 06:50	75.1	68.9	62.8	58.4	66.1	4	75
11/08/2015 06:55	74.9	69.1	64.6	63.1	67.8	4	75
11/08/2015 07:00	72.9	69.9	65.1	62.6	67.7	4	75
11/08/2015 07:05	71.6	68	63.2	57.4	65.1	4	75
11/08/2015 07:10	69.6	68.8	63.4	57.3	64.8	4	75
11/08/2015 07:15	69.4	69.5	63.7	57.9	65.7	4	75
11/08/2015 07:20	70.4	69.3	60.9	55.5	64.6	4	75
11/08/2015 07:25	70.2	68.6	60.7	55.4	63.9	4	75
11/08/2015 07:30	69.5	68.4	63.1	58.5	65.2	4	75
11/08/2015 07:35	69	69.7	64.5	59.2	66	4	75
11/08/2015 07:40	68	68.2	63.3	57.2	64.7	4	75
11/08/2015 07:45	68.5	67.9	63.1	59.3	64.8	4	75
11/08/2015 07:50	67.4	67.4	63.4	59.8	65	4	75
11/08/2015 07:55	69.6	68.8	61.9	56.4	64.7	4	75
11/08/2015 08:00	69.9	69.2	62.1	56.2	65.1	4	75
11/08/2015 08:05	69.7	68.8	63.5	57.4	65.4	4	75
11/08/2015 08:10	69.6	67.8	63.1	57.6	65	4	75
11/08/2015 08:15	69.5	67.1	62.7	58.1	64.8	4	75
11/08/2015 08:20	68.3	67.1	63.2	57.3	64.5	4	75
11/08/2015 08:25	68.1	65.7	61.1	54.4	62.7	4	75
11/08/2015 08:30	68	66.3	61.5	55.3	63.3	4	75
11/08/2015 08:35	70.4	66.8	60.7	55.6	63.8	4	75
11/08/2015 08:40	69.1	65.3	60.6	55.3	63	4	75
11/08/2015 08:45	69.9	67.2	61.4	59	64.6	4	75
11/08/2015 08:50	69	66.8	59.5	58.4	63.9	4	75
11/08/2015 08:55	68.5	66.5	60.7	57.3	63.5	4	75
11/08/2015 09:00	67.9	65.3	59.6	58.1	63	4	75
11/08/2015 09:05	68.6	67.1	59.3	57.8	63.3	4	75
11/08/2015 09:10	67.8	64.8	59.9	59.5	63.2	4	75
11/08/2015 09:15	66.3	64.3	60.1	60.8	63.1	4	75
11/08/2015 09:20	66.5	65.3	59.1	60.7	63.2	4	75
11/08/2015 09:25	66.3	65.6	59.2	61.5	63.6	4	75
11/08/2015 09:30	66.6	64.9	59.4	62.9	63.9	4	75
11/08/2015 09:35	67.8	64.6	60.3	63.8	64.5	4	75
11/08/2015 09:40	69.2	65.3	59.8	61.2	64.2	4	75
11/08/2015 09:45	69.1	64.5	59.3	60.3	63.5	4	75
11/08/2015 09:50	67.7	63.3	58.4	59	62.3	4	75
11/08/2015 09:55	67.6	63.8	58.5	61.7	63.3	4	75
11/08/2015 10:00	67	64.3	58.9	63.4	63.8	4	75
11/08/2015 10:05	69.4	65.4	59.3	63.7	64.9	4	75
11/08/2015 10:10	64.1	61.9	55.7	58.6	60.5	4	75
11/08/2015 10:15	63.7	62.5	57.5	61	61.6	4	75
11/08/2015 10:20	62	60.5	57.4	58.9	60	4	75
11/08/2015 10:25	60.6	58.9	59.1	58.4	59.2	4	75
11/08/2015 10:30	64.4	61	58.4	60.1	61.2	4	75
11/08/2015 10:35	63.2	60.3	57.7	59.5	60.5	4	75
11/08/2015 10:40	64.5	61.2	57.1	58.5	60.6	4	75
11/08/2015 10:45	65.5	63.1	58.2	60.2	62.1	4	75
11/08/2015 10:50	63.7	62.9	57.8	59.8	61.4	4	75
11/08/2015 10:55	63.3	62.9	58.1	59.1	61.1	4	75
11/08/2015 11:00	64	61.4	58.3	59.9	61.2	4	75
11/08/2015 11:05	64.2	60.4	57.2	58.6	60.4	4	75
11/08/2015 11:10	65.2	61.9	57.6	59.5	61.5	4	75
11/08/2015 11:15	66.1	63	58.2	59.6	62.1	4	75
11/08/2015 11:20	65.7	62.2	57.7	58.3	61.3	4	75
11/08/2015 11:25	64.9	59.9	55.7	57.2	60	4	75
11/08/2015 11:30	65.4	61.9	57.6	58.1	61.2	4	75
11/08/2015 11:35	65.6	63.4	58	60.3	62.2	4	75
11/08/2015 11:40	66	64.6	59.4	61.5	63.2	4	75
11/08/2015 11:45	64	63.3	58.7	60.2	61.8	4	75
11/08/2015 11:50	63.3	62.1	57.9	60.9	61.4	4	75
11/08/2015 11:55	62.1	59.3	58.2	59	59.8	4	75
11/08/2015 12:00	63	60.2	58.3	60.2	60.6	4	75
11/08/2015 12:05	60.5	57.7	56.4	56.4	57.9	4	75
11/08/2015 12:10	58.4	54.7	51.9	54.8	55.4	4	75
11/08/2015 12:15	59.3	58	53.1	56.9	57.2	4	75
11/08/2015 12:20	48.7	49.3	51.8	51.3	50.3	4	75
11/08/2015 12:25	45.1	44.5	48.2	46.8	46	4	75
11/08/2015 12:30	34.6	37.1	47.5	41.2	39.5	4	75
11/08/2015 12:35	28.7	33.3	40.2	34.4	33.7	4	75
11/08/2015 12:40	26.5	31.4	38.4	32.6	31.8	4	75
11/08/2015 12:45	27.6	28.5	36.5	26.2	29.4	4	75
11/08/2015 12:50	22.9	25.1	35.3	23.6	26.2	4	75
11/08/2015 12:55	23.9	24.6	33.1	22.1	25.3	4	75
11/08/2015 13:00	26.8	28.1	34.2	27	28.5	4	75
11/08/2015 13:05	26.7	27.6	34.6	27.2	28.5	4	75
11/08/2015 13:10	30.3	30.2	35.9	32.1	31.7	4	75
11/08/2015 13:15	34.8	32.5	39.8	35.1	35.2	4	75
11/08/2015 13:20	39.8	39.3	44.7	39.3	40.4	4	75
11/08/2015 13:25	38.9	37.3	44.8	40.9	40.1	4	75
11/08/2015 13:30	39.8	39.4	43.9	37.4	39.9	4	75
11/08/2015 13:35	43.3	42.6	45.6	40.1	42.6	4	75
11/08/2015 13:40	45.7	39.4	46.7	39.4	42.3	4	75
11/08/2015 13:45	41.9	38.6	42.8	38.8	40.3	4	75
11/08/2015 13:50	46	42	44.1	46.2	44.7	4	75
11/08/2015 13:55	47.3	45.3	46.2	46.5	46.4	4	75
11/08/2015 14:00	49.3	48.1	48.1	47.5	48.2	4	75
11/08/2015 14:05	50.6	49.3	48.6	48.3	49.2	4	75
11/08/2015 14:10	45.5	42.7	45.3	45.3	44.6	4	75
11/08/2015 14:15	40.7	40.1	43.7	42.3	41.6	4	75
11/08/2015 14:20	41.7	40.2	42.1	41.5	41.3	4	75
11/08/2015 14:25	43.8	43	45	44.3	43.9	4	75
11/08/2015 14:30	40.3	38.1	42.3	39.8	39.9	4	75
11/08/2015 14:35	41.5	38.9	41.2	41	40.6	4	75
11/08/2015 14:40	43	41.6	43.6	44.1	43.1	4	75
11/08/2015 14:45	43.9	42.4	44.3	45.6	44.1	4	75
11/08/2015 14:50	45.3	43.1	46	46.8	45.3	4	75
11/08/2015 14:55	43	40.3	43.3	43.2	42.4	4	75
11/08/2015 15:00	40.6	37.3	43	40	39.9	4	75
11/08/2015 15:05	42.5	40.1	45.1	42.7	42.4	4	75
11/08/2015 15:10	42.3	41.1	42.6	43.2	42.3	4	75
11/08/2015 15:15	45.2	43.8	44.8	44.2	44.5	4	75
11/08/2015 15:20	45.6	44	46.5	45.4	45.3	4	75
11/08/2015 15:25	46.1	44.4	44.2	44.6	44.9	4	75
11/08/2015 15:30	45.1	44	45	42.4	44.1	4	75
11/08/2015 15:35	43.8	43	45.4	42.9	43.6	4	75
11/08/2015 15:40	42.4	40.7	42.8	40.9	41.6	4	75
11/08/2015 15:45	45.2	44	44.2	41.6	43.7	4	75
11/08/2015 15:50	46.9	46.4	46.1	43.4	45.7	4	75
11/08/2015 15:55	46.6	46.1	45.9	42.8	45.3	4	75
11/08/2015 16:00	44.4	44.2	44.2	40.8	43.3	4	75
11/08/2015 16:05	38.8	38.2	41	35.6	38.1	4	75
11/08/2015 16:10	33.1	33	38.6	31.8	33.7	4	75
11/08/2015 16:15	33	31.6	38.9	30.9	33.2	4	75
11/08/2015 16:20	34.9	33.9	39.2	30.3	34.2	4	75
11/08/2015 16:25	37.1	36.5	42.1	34.7	37.1	4	75
11/08/2015 16:30	42.1	41.7	45.4	38.7	41.7	4	75
11/08/2015 16:35	41.4	39.7	43.1	36.6	40	4	75
11/08/2015 16:40	35.2	32.6	39.4	31.5	34.3	4	75
11/08/2015 16:45	33.7	31.2	39.3	29.6	33	4	75
11/08/2015 16:50	33.6	32.6	40.4	28.9	33.4	4	75
11/08/2015 16:55	32.8	31.8	39	29.3	32.8	4	75
11/08/2015 17:00	33.9	31.6	37.1	28	32.4	4	75
11/08/2015 17:05	33.8	32.9	37.2	28.4	32.8	4	75
11/08/2015 17:10	36.1	35.5	39.5	31	35.3	4	75
11/08/2015 17:15	36.2	35.2	39.2	30.5	35.1	4	75
11/08/2015 17:20	35.6	34.3	39.1	29.2	34.3	4	75
11/08/2015 17:25	35.6	33.5	39.3	28.8	34.1	4	75
11/08/2015 17:30	34.3	32.7	37.9	28.3	33	4	75
11/08/2015 17:35	32.2	30.3	36.3	25.9	30.9	4	75
11/08/2015 17:40	31.6	31.1	36.3	24.8	30.7	4	75
11/08/2015 17:45	32.6	31	36.9	27.5	31.7	4	75
11/08/2015 17:50	36.2	34.7	38.5	31.7	35.1	4	75
11/08/2015 17:55	34.3	32.8	37.9	30.4	33.6	4	75
11/08/2015 18:00	34	32.8	36.6	29.9	33.1	4	75
11/08/2015 18:05	33.1	32	37.1	29	32.5	4	75
11/08/2015 18:10	32.5	31.7	37.2	27.5	32	4	75
11/08/2015 18:15	33.5	32.4	37	29	32.7	4	75
11/08/2015 18:20	35	34.2	39.2	31.8	34.8	4	75
11/08/2015 18:25	33.6	32.4	39.1	30.3	33.5	4	75
11/08/2015 18:30	33.7	32.6	36.9	29.5	32.9	4	75
11/08/2015 18:35	32	32.3	36.5	29.5	32.3	4	75
11/08/2015 18:40	31.5	31.5	36.2	29.2	31.8	4	75
11/08/2015 18:45	34	33.2	37.1	29.6	33.2	4	75
11/08/2015 18:50	35.6	34.6	38.2	30.3	34.5	4	75
11/08/2015 18:55	33.6	32	37.6	29.1	32.8	4	75
11/08/2015 19:00	33	30.7	37.1	29.3	32.2	4	75
11/08/2015 19:05	32.1	29.1	35.9	29.2	31.2	4	75
11/08/2015 19:10	33.9	32.4	37.3	31.2	33.4	4	75
11/08/2015 19:15	33.1	32.5	36.5	31.1	33	4	75
11/08/2015 19:20	35.9	35.7	36.1	32.5	35.1	4	75
11/08/2015 19:25	39.5	38.9	39.2	35.1	38.2	4	75
11/08/2015 19:30	38.3	35.6	38.9	32.6	36.3	4	75
11/08/2015 19:35	35.3	32.9	37.3	31	33.9	4	75
11/08/2015 19:40	32.8	31.7	36.5	29.4	32.3	4	75
11/08/2015 19:45	32.5	31.6	36.6	28.5	32	4	75
11/08/2015 19:50	33.6	33	37.5	29.6	33.1	4	75
11/08/2015 19:55	35.2	34	37.2	29.9	33.9	4	75
11/08/2015 20:00	33.9	32.5	36.5	29.5	32.9	4	75
11/08/2015 20:05	33.8	31.7	36	29.6	32.6	4	75
11/08/2015 20:10	31.4	29.9	35	28.1	30.8	4	75
11/08/2015 20:15	31	30.3	36.2	28.9	31.2	4	75
11/08/2015 20:20	32.8	32.4	38	32	33.4	4	75
11/08/2015 20:25	33.6	33.1	37.8	30.6	33.5	4	75
11/08/2015 20:30	36.4	35	39.5	33	35.7	4	75
11/08/2015 20:35	46.9	44.5	46.2	39.9	44.4	4	75
11/08/2015 20:40	56.1	52.3	51.8	45.2	51.6	4	75
11/08/2015 20:45	59.2	56.1	53.4	48	54.5	4	75
11/08/2015 20:50	58.5	58.4	54.8	50.7	55.9	4	75
11/08/2015 20:55	58.5	59.3	54.9	49.7	56.2	4	75
11/08/2015 21:00	63.4	64.1	57.4	52.3	59.9	4	75
11/08/2015 21:05	66.9	66.5	60.4	58.8	63.8	4	75
11/08/2015 21:10	68.8	66.5	60	58.4	64.1	4	75
11/08/2015 21:15	70.9	67.4	59.6	57.3	64.5	4	75
11/08/2015 21:20	71.9	67.3	60.3	57.6	64.9	4	75
11/08/2015 21:25	72.5	68.3	62.4	58.5	65.9	4	75
11/08/2015 21:30	70.5	68.2	61.5	57.2	65	4	75
11/08/2015 21:35	71.6	69	60.9	56.3	65.2	4	75
11/08/2015 21:40	71.5	70.1	60.3	57.3	65.5	4	75
11/08/2015 21:45	74	70.6	61.2	57.8	66.6	4	75
11/08/2015 21:50	73.1	71.4	60.7	57.8	66.6	4	75
11/08/2015 21:55	74.5	71.1	60.9	58.6	67.4	4	75
11/08/2015 22:00	71.3	69.2	59.8	57.6	65.2	4	75
11/08/2015 22:05	73.1	69.7	60.3	59.2	66	4	75
11/08/2015 22:10	72.3	67.5	60.2	59.2	65.3	4	75
11/08/2015 22:15	71.5	68.4	60.9	61.1	66	4	75
11/08/2015 22:20	71.6	68.1	60.2	60	65.4	4	75
11/08/2015 22:25	72.2	69.6	59.9	57.5	65.2	4	75
11/08/2015 22:30	73.6	68.7	59.4	58.8	65.4	4	75
11/08/2015 22:35	74.6	71	61.9	60.3	67.4	4	75
11/08/2015 22:40	76.1	71.5	62.7	62.9	68.4	4	75
11/08/2015 22:45	74.9	71.6	62.5	60.2	67.7	4	75
11/08/2015 22:50	76.2	70.6	62.2	61	67.7	4	75
11/08/2015 22:55	76.7	72.7	62.4	59.3	67.7	4	75
11/08/2015 23:00	74.6	70.9	62.5	58.8	66.7	4	75
11/08/2015 23:05	73.1	70.1	61.9	59.8	66.5	4	75
11/08/2015 23:10	72.4	67.3	60.8	57.4	64.4	4	75
11/08/2015 23:15	72	68.2	61.3	59.7	65.2	4	75
11/08/2015 23:20	72.2	70.2	61.8	62	66.6	4	75
11/08/2015 23:25	74	71.8	62.1	62	67.6	4	75
11/08/2015 23:30	74	69.4	61.6	64.4	67.2	4	75
11/08/2015 23:35	73.9	70.9	61.3	62.6	67.3	4	75
11/08/2015 23:40	74.3	71.8	62.5	61.7	67.6	4	75
11/08/2015 23:45	74.8	71.3	61.1	57.6	66.3	4	75
11/08/2015 23:50	76.2	72.6	61.8	58.4	67.6	4	75
11/08/2015 23:55	75.9	70.7	61.2	59.9	66.3	4	75
