5 Minutes	Lane 1 Speed (mph)	Lane 2 Speed (mph)	Lane 3 Speed (mph)	Lane 4 Speed (mph)	Speed (mph)	# Lane Points	% Observed
11/09/2015 00:00	74.8	70	77.4	59.2	70.8	4	100
11/09/2015 00:05	75.5	69.9	77.4	57.1	70.1	4	100
11/09/2015 00:10	75	69.8	77.4	56.7	69.5	4	100
11/09/2015 00:15	74.1	70.2	77.4	56.4	69.4	4	100
11/09/2015 00:20	74.4	71.9	77.4	60.4	71	4	100
11/09/2015 00:25	75	73.1	77.4	61.7	72.3	4	100
11/09/2015 00:30	75	71.3	77.4	62.3	71.5	4	100
11/09/2015 00:35	74.9	69.6	77.4	64.1	71.2	4	100
11/09/2015 00:40	74.8	69.6	77.4	64.4	71.4	4	100
11/09/2015 00:45	74.6	70.5	77.4	65.2	72.1	4	100
11/09/2015 00:50	74.6	71.2	76.2	63.2	71.4	4	100
11/09/2015 00:55	74.9	70.9	77.4	63.7	71.4	4	100
11/09/2015 01:00	75.1	71.6	73.9	66.9	71.6	4	100
11/09/2015 01:05	74.8	71.6	69.2	65.4	69.4	4	100
11/09/2015 01:10	74.9	71.2	66.2	62.3	68	4	100
11/09/2015 01:15	74.8	71.4	66.6	63.3	68	4	100
11/09/2015 01:20	74.8	71.9	66.9	66.2	69.1	4	100
11/09/2015 01:25	74.8	71.2	67.4	66	68.9	4	100
11/09/2015 01:30	74.7	71.2	67.9	65.8	69.3	4	100
11/09/2015 01:35	74.6	71	67.7	64.3	68.5	4	100
11/09/2015 01:40	74.7	70.7	67.5	64.6	68.2	4	100
11/09/2015 01:45	75.1	71	66	65.2	68.1	4	100
11/09/2015 01:50	75.1	71	67.2	64.8	68.7	4	100
11/09/2015 01:55	74.7	71	66.7	64.9	67.7	4	100
11/09/2015 02:00	74.5	71.2	66.6	62.5	68.2	4	100
11/09/2015 02:05	74.7	71.1	67.7	61.4	67.6	4	100
11/09/2015 02:10	74.8	70.8	67.7	65.5	68.6	4	100
11/09/2015 02:15	74.8	71	66.8	65	68.3	4	100
11/09/2015 02:20	74.8	71.6	65.7	59.7	66.7	4	100
11/09/2015 02:25	74.8	70.8	65.8	61.2	66.5	4	100
11/09/2015 02:30	74.9	70.9	62.1	62.3	65.2	4	100
11/09/2015 02:35	74.8	71.1	64.8	63.6	66.1	4	100
11/09/2015 02:40	74.8	70.4	66.2	64	67.4	4	100
11/09/2015 02:45	74.8	70.8	66.6	63.5	67.8	4	100
11/09/2015 02:50	74.9	70.7	66.3	64.3	67.7	4	100
11/09/2015 02:55	74.6	70.5	67.1	64.5	67.8	4	100
11/09/2015 03:00	74.6	70.9	66.2	62.8	67.8	4	100
11/09/2015 03:05	74.7	70.7	66.6	62.3	67.6	4	100
11/09/2015 03:10	74.9	71.1	67.3	63.9	68	4	100
11/09/2015 03:15	74.7	71.2	66.6	62.8	67.8	4	100
11/09/2015 03:20	74.6	71.3	67.8	64.5	68	4	100
11/09/2015 03:25	74.7	71.6	68.8	64.5	69.3	4	100
11/09/2015 03:30	74.9	71.4	67.4	64.5	68.6	4	100
11/09/2015 03:35	74.7	71.3	68.6	64.7	68.9	4	100
11/09/2015 03:40	74.6	71.6	66.8	62.8	67.7	4	100
11/09/2015 03:45	74.7	71.7	68.8	65.5	68.8	4	100
11/09/2015 03:50	74.9	71.4	67.3	61.1	67	4	100
11/09/2015 03:55	74.9	71.2	69.3	64.2	69.1	4	100
11/09/2015 04:00	74.8	71.4	68.8	59.2	67.6	4	100
11/09/2015 04:05	75	71.5	69.4	62.6	68.5	4	100
11/09/2015 04:10	75.3	72	70.3	63.1	69.3	4	100
11/09/2015 04:15	74.3	73.4	66.9	64.1	68.7	4	100
11/09/2015 04:20	74.4	73.2	67.2	62.8	68.7	4	100
11/09/2015 04:25	74.5	73.2	67.2	64	69.1	4	100
11/09/2015 04:30	74.5	71.3	66.8	62.2	68.2	4	100
11/09/2015 04:35	73.1	70.6	66.3	62.2	67.7	4	100
11/09/2015 04:40	73.4	68.8	66.3	64.9	68.1	4	100
11/09/2015 04:45	74	69.7	66.8	63.5	66.8	4	100
11/09/2015 04:50	60.6	57.8	54.5	56.5	57.3	4	100
11/09/2015 04:55	66	63.9	63	62.2	63.7	4	100
11/09/2015 05:00	71	72.6	69.6	59.8	68.8	4	100
11/09/2015 05:05	72.8	73.9	69.5	59.1	69.4	4	100
11/09/2015 05:10	74.3	75.1	70.9	56.7	69.8	4	100
11/09/2015 05:15	75.9	75	71.9	60.3	71.2	4	100
11/09/2015 05:20	74.6	73.1	73.6	62.5	71.3	4	100
11/09/2015 05:25	74.3	73.1	69.4	62.1	70.2	4	100
11/09/2015 05:30	72.3	70.4	65.4	60.4	67.5	4	100
11/09/2015 05:35	73.2	70.5	65.7	57.3	67.5	4	100
11/09/2015 05:40	72.5	69.2	67.4	58.6	67.6	4	100
11/09/2015 05:45	70.4	68.6	67.2	60.2	67	4	100
11/09/2015 05:50	70.1	68.1	66.8	61.1	66.8	4	100
11/09/2015 05:55	69.7	68.8	64.1	57.9	65.6	4	100
11/09/2015 06:00	69.9	69.5	63.5	54.8	65.1	4	100
11/09/2015 06:05	70.1	68.6	64.6	55.6	65.3	4	100
11/09/2015 06:10	71.8	68.9	64.4	53.9	65.5	4	100
11/09/2015 06:15	73	70.7	65.7	55.8	66.8	4	100
11/09/2015 06:20	74	70.4	66.7	56.7	67.5	4	100
11/09/2015 06:25	75.1	70.4	65.8	56.1	67.6	4	100
11/09/2015 06:30	74.9	69.2	68.2	59.2	68.3	4	100
11/09/2015 06:35	75	69	69.9	60.8	69.1	4	100
11/09/2015 06:40	73.7	69.7	71.6	61.6	69.6	4	100
11/09/2015 06:45	72.5	69.7	70.1	62.3	68.9	4	100
11/09/2015 06:50	72.7	68.8	67.8	61.8	68	4	100
11/09/2015 06:55	73.7	70.1	65.8	59.3	67.8	4	100
11/09/2015 07:00	71.7	69.1	65.8	60	66.9	4	100
11/09/2015 07:05	71.4	69.3	66.2	62	67.6	4	100
11/09/2015 07:10	70.9	69.1	64.8	59.7	66.5	4	100
11/09/2015 07:15	73	69.5	66.6	61.8	68	4	100
11/09/2015 07:20	72	68.4	67.3	61.5	67.7	4	100
11/09/2015 07:25	69.9	67	63.4	59.2	65.2	4	100
11/09/2015 07:30	60.2	58.6	55.5	53.4	57.1	4	100
11/09/2015 07:35	61.8	58.7	56.2	54.2	57.9	4	100
11/09/2015 07:40	57.7	56	54.3	53.9	55.5	4	100
11/09/2015 07:45	62	60.8	55.7	52.2	58.1	4	100
11/09/2015 07:50	60.5	58.9	55.5	53.3	57.3	4	100
11/09/2015 07:55	63	60.1	57.4	55.2	59	4	100
11/09/2015 08:00	66.2	62.6	58.9	57.1	61.4	4	100
11/09/2015 08:05	66.2	63.4	60.6	58.8	62.4	4	100
11/09/2015 08:10	66.8	63.5	59.9	55.2	61.8	4	100
11/09/2015 08:15	65.1	62.6	58	55.3	60.5	4	100
11/09/2015 08:20	64.2	60.9	56.8	53.9	59.1	4	100
11/09/2015 08:25	65.3	61.2	55.9	52.9	59.3	4	100
11/09/2015 08:30	63.5	61.1	55.7	51.7	58.4	4	100
11/09/2015 08:35	63.1	60	54.6	52.7	57.9	4	100
11/09/2015 08:40	53.7	49.1	45.4	46.2	48.6	4	100
11/09/2015 08:45	51.2	46.8	43.2	45.6	46.6	4	100
11/09/2015 08:50	59.4	54	49.5	52.6	53.9	4	100
11/09/2015 08:55	62.8	57.1	43.1	50.4	53.6	4	100
11/09/2015 09:00	56.7	51.4	40.7	45.1	48.4	4	100
11/09/2015 09:05	51.7	45.3	35.9	38.6	43	4	100
11/09/2015 09:10	59.5	54.6	45.6	45.3	51.7	4	100
11/09/2015 09:15	62.5	59.1	52.4	49.9	56.4	4	100
11/09/2015 09:20	69	64.9	54.1	48.8	60.2	4	100
11/09/2015 09:25	71.1	67.8	57.4	51.4	62.7	4	100
11/09/2015 09:30	72.4	68.4	59.2	52.4	63.6	4	100
11/09/2015 09:35	73.3	68.9	61.3	53.8	64.8	4	100
11/09/2015 09:40	72.3	68.7	61.5	55.8	64.8	4	100
11/09/2015 09:45	72.6	68.1	61.5	57.1	65.1	4	100
11/09/2015 09:50	73.4	68.3	61.7	57.1	65.1	4	100
11/09/2015 09:55	72.8	67.2	60	54.9	64.4	4	100
11/09/2015 10:00	71.8	67.5	57.6	51.3	62.7	4	100
11/09/2015 10:05	69.9	65.8	55.5	50	60.7	4	100
11/09/2015 10:10	70.3	67.7	57.8	53.2	62.7	4	100
11/09/2015 10:15	71.6	67.1	56.3	54.7	62.5	4	100
11/09/2015 10:20	71	67.3	55.7	53.2	62.1	4	100
11/09/2015 10:25	70.9	64.9	55.7	55.9	61.8	4	100
11/09/2015 10:30	71.9	67.1	58.1	56.8	63.7	4	100
11/09/2015 10:35	73.2	68	58.5	56.8	64.1	4	100
11/09/2015 10:40	71.8	67.7	58.8	56.4	63.6	4	100
11/09/2015 10:45	71.1	67.5	57.3	53.9	62.5	4	100
11/09/2015 10:50	70.9	67.4	49.5	52.9	60.5	4	100
11/09/2015 10:55	70.1	67.5	25	53.7	64.2	4	100
11/09/2015 11:00	70	67.3	32.2	52.5	56.6	4	100
11/09/2015 11:05	68	65.8	41.6	50.3	56.9	4	100
11/09/2015 11:10	65.5	64.5	46.5	49.3	56.6	4	100
11/09/2015 11:15	64	61.3	46.8	49.5	55.7	4	100
11/09/2015 11:20	58.2	54.1	42.8	46.6	50.4	4	100
11/09/2015 11:25	60.5	55.8	44	45.5	51.8	4	100
11/09/2015 11:30	62.3	58	44	46.6	53.3	4	100
11/09/2015 11:35	58	53	41.6	46	49.6	4	100
11/09/2015 11:40	55.7	51.5	31.3	44.2	46.4	4	100
11/09/2015 11:45	54.6	48.7	34.2	42.2	45.1	4	100
11/09/2015 11:50	53.6	48.6	35.6	42.7	45.3	4	100
11/09/2015 11:55	54.1	48.2	36.3	40.8	44.9	4	100
11/09/2015 12:00	52.3	46.7	35.1	38.9	43.4	4	100
11/09/2015 12:05	55.9	51.2	38.7	40.7	46.9	4	100
11/09/2015 12:10	56	52.3	41.3	42.3	48.1	4	100
11/09/2015 12:15	55	51.5	40.5	43.1	47.9	4	100
11/09/2015 12:20	55.6	52.7	40.5	43.8	48.4	4	100
11/09/2015 12:25	55.7	51	39.2	41.9	47.4	4	100
11/09/2015 12:30	53	48.3	38.5	40.4	45.4	4	100
11/09/2015 12:35	52.6	48.9	38	39.9	44.9	4	100
11/09/2015 12:40	53.8	49.9	39.4	41.4	46.3	4	100
11/09/2015 12:45	50.6	46.4	38.1	40.2	44.1	4	100
11/09/2015 12:50	47.2	42.7	34.8	37.7	40.8	4	100
11/09/2015 12:55	49.6	45.9	37.1	41.7	43.6	4	100
11/09/2015 13:00	53.3	49.3	37.4	41.9	45.8	4	100
11/09/2015 13:05	47	43.8	34.1	38.4	40.9	4	100
11/09/2015 13:10	44.4	41.3	33.4	37.9	39.3	4	100
11/09/2015 13:15	48.2	44	36.5	41.4	42.7	4	100
11/09/2015 13:20	48.6	45.6	37	42.1	43.4	4	100
11/09/2015 13:25	44.6	40.7	34.5	40.3	40	4	100
11/09/2015 13:30	45.3	42.3	34.2	39.6	40.5	4	100
11/09/2015 13:35	49.2	46.7	37.6	40.3	43.7	4	100
11/09/2015 13:40	46.3	42.6	32.8	34.2	39.1	4	100
11/09/2015 13:45	45.3	41.1	32.4	35.6	38.7	4	100
11/09/2015 13:50	43.7	41	31.6	35.8	38.1	4	100
11/09/2015 13:55	45.5	42.5	33.6	35.5	39.4	4	100
11/09/2015 14:00	30.2	28.8	21.7	23.6	26.1	4	100
11/09/2015 14:05	19.2	18.6	13.3	15.1	16.7	4	100
11/09/2015 14:10	25.1	23.5	16.7	18.9	21.2	4	100
11/09/2015 14:15	30.7	29.8	22.5	22.3	26.5	4	100
11/09/2015 14:20	41.2	39.9	32.9	33.7	37	4	100
11/09/2015 14:25	41.2	38.7	33	34.1	37	4	100
11/09/2015 14:30	39.2	36.2	31.2	31.8	34.8	4	100
11/09/2015 14:35	39.2	36.3	30	32.4	34.6	4	100
11/09/2015 14:40	37.4	33.7	25.1	25.5	30.9	4	100
11/09/2015 14:45	35.8	31.8	23.2	23.2	29	4	100
11/09/2015 14:50	34.9	29.4	21.5	22.1	27.5	4	100
11/09/2015 14:55	36.1	31.7	22.5	23.6	28.9	4	100
11/09/2015 15:00	36	31.4	23	23.1	28.8	4	100
11/09/2015 15:05	36.6	31	21.7	20.6	28.3	4	100
11/09/2015 15:10	35.1	31.2	21.3	19.2	27.5	4	100
11/09/2015 15:15	34	28.8	19.5	17.9	25.9	4	100
11/09/2015 15:20	29.8	24.9	17.2	15.5	22.5	4	100
11/09/2015 15:25	29.5	25.5	18.2	16.8	22.9	4	100
11/09/2015 15:30	28.4	23.6	17.8	16.8	22	4	100
11/09/2015 15:35	27.1	22.3	17.2	16.7	21.1	4	100
11/09/2015 15:40	25.3	20.8	16.4	16.2	19.9	4	100
11/09/2015 15:45	26.8	22.5	17	17.4	21.3	4	100
11/09/2015 15:50	29.2	24.4	17.4	17.2	22.5	4	100
11/09/2015 15:55	29.8	25.1	18.7	18	23.3	4	100
11/09/2015 16:00	28.2	24.2	17.6	18.6	22.4	4	100
11/09/2015 16:05	28.3	24.5	16.3	15.9	21.9	4	100
11/09/2015 16:10	28	23.4	17.4	17.2	21.8	4	100
11/09/2015 16:15	29.5	23	15.4	14.8	21.7	4	100
11/09/2015 16:20	27.6	20.9	14.1	12.8	19.7	4	100
11/09/2015 16:25	27.3	20.5	14.8	13.2	19.6	4	100
11/09/2015 16:30	29.6	23.6	17.1	16.4	22.1	4	100
11/09/2015 16:35	28.8	22.8	17.4	17.1	22	4	100
11/09/2015 16:40	30.6	23.9	17.4	16.7	22.7	4	100
11/09/2015 16:45	30	23.2	17.4	16.5	22.4	4	100
11/09/2015 16:50	29.9	21.9	15	14.3	21.2	4	100
11/09/2015 16:55	26.3	20.8	14.8	14.7	19.5	4	100
11/09/2015 17:00	27.2	20.5	14.1	14	19.6	4	100
11/09/2015 17:05	27.8	22.2	14.8	13	20.4	4	100
11/09/2015 17:10	27.2	20.9	14.6	12.7	19.7	4	100
11/09/2015 17:15	27.7	23.9	16.2	13.4	20.9	4	100
11/09/2015 17:20	26	21.1	14.1	12.5	19.3	4	100
11/09/2015 17:25	24	19.9	15.1	13.4	18.3	4	100
11/09/2015 17:30	26.5	20.4	15.1	13.8	19.5	4	100
11/09/2015 17:35	25.6	18.7	13.4	12.2	18.3	4	100
11/09/2015 17:40	22.7	16.6	12.7	11.2	16.4	4	100
11/09/2015 17:45	24.6	19.1	13.6	12.2	18	4	100
11/09/2015 17:50	23	17.3	11.3	10.9	16.5	4	100
11/09/2015 17:55	23.8	19	12.4	12.7	17.6	4	100
11/09/2015 18:00	23.3	18	13.9	13.1	17.6	4	100
11/09/2015 18:05	26.6	20.7	16.2	15.7	20.2	4	100
11/09/2015 18:10	27.8	21.4	15.9	14.5	20.6	4	100
11/09/2015 18:15	26.8	21.2	15	12.9	19.8	4	100
11/09/2015 18:20	28.5	21	15.1	13.9	20.4	4	100
11/09/2015 18:25	29.5	22.6	17	15.4	21.6	4	100
11/09/2015 18:30	29.3	23.5	17.3	16.2	22.1	4	100
11/09/2015 18:35	30	25.2	18.9	17.2	23.3	4	100
11/09/2015 18:40	31	26.2	18.2	15.6	23.6	4	100
11/09/2015 18:45	31.6	26.1	17.3	14.9	23.3	4	100
11/09/2015 18:50	31.4	25.7	17.2	15.2	23.3	4	100
11/09/2015 18:55	29.9	23.8	16.2	14.8	21.8	4	100
11/09/2015 19:00	29.2	22.8	15.8	14	21.2	4	100
11/09/2015 19:05	31.2	26	18.1	16.1	23.5	4	100
11/09/2015 19:10	32.6	28.5	22.4	22.1	26.7	4	100
11/09/2015 19:15	33.3	29.8	22.3	21.7	27.1	4	100
11/09/2015 19:20	32	28.1	21.2	20.6	26	4	100
11/09/2015 19:25	32.8	29.1	22.5	21.9	27	4	100
11/09/2015 19:30	35.7	33.4	27.8	26.8	31.2	4	100
11/09/2015 19:35	37.5	34.9	28.8	28.1	32.6	4	100
11/09/2015 19:40	37.5	35.1	28.4	28.3	32.5	4	100
11/09/2015 19:45	39.7	35.4	28.4	27.5	33.2	4	100
11/09/2015 19:50	39.5	35.4	29.4	29.9	33.7	4	100
11/09/2015 19:55	41.8	37.8	32	33.2	36.3	4	100
11/09/2015 20:00	43.6	38.9	34.8	36.6	38.5	4	100
11/09/2015 20:05	46.4	42.8	38.4	38.6	41.5	4	100
11/09/2015 20:10	56.3	52.6	48	46.5	50.8	4	100
11/09/2015 20:15	61.2	58.6	52.5	50.7	55.9	4	100
11/09/2015 20:20	67.8	64.4	56.6	55.2	61	4	100
11/09/2015 20:25	67.5	63.8	59.6	54.3	61.5	4	100
11/09/2015 20:30	68.6	64.1	62.1	56.1	62.6	4	100
11/09/2015 20:35	69.4	65.5	62.6	54.2	63.1	4	100
11/09/2015 20:40	72.4	68	63.3	55.5	64.5	4	100
11/09/2015 20:45	72.1	69.3	62.2	55.3	64.7	4	100
11/09/2015 20:50	73.7	70.4	61.3	55.7	65.1	4	100
11/09/2015 20:55	71.9	69.3	62.4	53.7	64.8	4	100
11/09/2015 21:00	73.4	67.5	67.3	54	65.6	4	100
11/09/2015 21:05	75.1	68.4	73	56.2	68.4	4	100
11/09/2015 21:10	75.1	69.1	76.5	57.1	69.8	4	100
11/09/2015 21:15	74.6	70.3	77.4	58.4	70.7	4	100
11/09/2015 21:20	74	70.2	77.1	58.3	70.1	4	100
11/09/2015 21:25	74.5	70.6	77.4	58.4	70.6	4	100
11/09/2015 21:30	73.7	71	76.2	56.2	69.8	4	100
11/09/2015 21:35	73.4	68.8	76.4	57	69	4	100
11/09/2015 21:40	75.7	72.2	77.4	59	71.1	4	100
11/09/2015 21:45	75.2	68.9	77.4	55.9	69.9	4	100
11/09/2015 21:50	75.2	71	77.1	54.7	70.1	4	100
11/09/2015 21:55	76	72.4	77.4	57.4	71	4	100
11/09/2015 22:00	73.6	71.1	77.4	61	71.3	4	100
11/09/2015 22:05	74.8	71.6	76.6	62.6	71.4	4	100
11/09/2015 22:10	72.9	71.5	73.4	60.8	69.8	4	100
11/09/2015 22:15	73.2	72.2	73	61.6	70	4	100
11/09/2015 22:20	74.1	71.8	74.7	62.1	70.8	4	100
11/09/2015 22:25	72.7	70.3	72.1	60	69.2	4	100
11/09/2015 22:30	76.4	70.8	73.3	61.3	70.5	4	100
11/09/2015 22:35	75.7	71.7	74.2	62.1	71	4	100
11/09/2015 22:40	73.9	72.8	73	60.1	69.9	4	100
11/09/2015 22:45	76.8	72.1	73.8	59.5	70.6	4	100
11/09/2015 22:50	75.5	72.9	75.6	61.6	71.5	4	100
11/09/2015 22:55	76.2	73.7	77.3	62.8	72.2	4	100
11/09/2015 23:00	76.2	72.2	75.5	66.7	72.5	4	100
11/09/2015 23:05	73	70.1	74	63.8	70.1	4	100
11/09/2015 23:10	73.8	68.8	67.7	60.8	67.6	4	100
11/09/2015 23:15	75.3	69.3	64.7	57.4	66.2	4	100
11/09/2015 23:20	74.3	68.4	66.3	64.2	67.8	4	100
11/09/2015 23:25	73.5	69.2	68.8	63.4	68.1	4	100
11/09/2015 23:30	72.9	68.8	70.2	64.3	68.9	4	100
11/09/2015 23:35	74.6	70.1	68.4	60.3	67.8	4	100
11/09/2015 23:40	75	70.3	68.3	62.3	68.5	4	100
11/09/2015 23:45	74.8	70.9	70.6	65	69.9	4	100
11/09/2015 23:50	74.3	71.1	70.5	64.7	69.7	4	100
11/09/2015 23:55	74.2	72.6	69.9	65.2	70.1	4	100
11/10/2015 00:00	74.8	67.1	51.8	50.8	60.1	4	100
11/10/2015 00:05	74.3	68.9	61.3	59.1	64.5	4	100
11/10/2015 00:10	73.9	70.1	61.7	59.6	65.4	4	100
11/10/2015 00:15	74.3	71.8	63.6	62	66.7	4	100
11/10/2015 00:20	74.1	67.8	67.7	68.2	68.9	4	100
11/10/2015 00:25	74.2	70.3	65.5	65.8	68.2	4	100
11/10/2015 00:30	74.5	67.5	60	59.1	63.7	4	100
11/10/2015 00:35	74.5	69.1	61.5	64	65.3	4	100
11/10/2015 00:40	74.8	70.1	63.6	70.2	68.4	4	100
11/10/2015 00:45	74.9	70.9	66	72.3	70.3	4	100
11/10/2015 00:50	75	70.9	65.9	63.1	67.6	4	100
11/10/2015 00:55	74.6	70.7	67.8	62.5	68.3	4	100
11/10/2015 01:00	74.4	70.8	70	66.6	69.8	4	100
11/10/2015 01:05	74.7	71.2	68.5	63.8	69	4	100
11/10/2015 01:10	74.7	70.9	68.8	61.7	68.8	4	100
11/10/2015 01:15	74.7	71.5	68.4	66.9	69.4	4	100
11/10/2015 01:20	74.8	71.6	69.6	66.8	69.6	4	100
11/10/2015 01:25	74.7	71.1	68.4	66.7	69.6	4	100
11/10/2015 01:30	74.9	71.1	69.2	65.1	68.9	4	100
11/10/2015 01:35	74.8	71	69.1	63.6	68.5	4	100
11/10/2015 01:40	74.8	70.3	67.3	61.7	67.5	4	100
11/10/2015 01:45	74.7	70.4	65.7	58.6	66.1	4	100
11/10/2015 01:50	74.6	70.7	66.8	63.4	67.1	4	100
11/10/2015 01:55	74.8	70.8	66.1	64.8	67.5	4	100
11/10/2015 02:00	74.9	71	62.8	51.5	62.8	4	100
11/10/2015 02:05	74.9	70.6	64.6	53.8	64	4	100
11/10/2015 02:10	74.7	70.8	64.1	56.3	65.2	4	100
11/10/2015 02:15	74.7	71.1	66.5	61.5	67.3	4	100
11/10/2015 02:20	74.6	71	63.9	56.8	64.5	4	100
11/10/2015 02:25	74.7	71.1	66.3	60.8	67.4	4	100
11/10/2015 02:30	74.6	71.3	67.2	62.5	68.3	4	100
11/10/2015 02:35	74.8	71.2	62.7	55.3	64.5	4	100
11/10/2015 02:40	74.6	70.9	64	59.3	65.2	4	100
11/10/2015 02:45	74.8	70.8	66.3	62.8	67.3	4	100
11/10/2015 02:50	74.6	70.6	67	63.1	68	4	100
11/10/2015 02:55	74.8	70.8	68.2	58.1	65.9	4	100
11/10/2015 03:00	74.8	71.1	66.4	55.7	65.3	4	100
11/10/2015 03:05	74.8	71.2	66.9	58.1	65.9	4	100
11/10/2015 03:10	74.9	70.6	68.2	60	67.1	4	100
11/10/2015 03:15	74.9	71	65.2	60.2	66	4	100
11/10/2015 03:20	74.4	70.5	65.6	60.7	66.8	4	100
11/10/2015 03:25	74.6	70.9	67.8	63.7	67.9	4	100
11/10/2015 03:30	74.5	70.5	69.6	66.1	69.3	4	100
11/10/2015 03:35	75	71	69.2	66.4	69.4	4	100
11/10/2015 03:40	74.6	71.2	67.8	62.2	67.4	4	100
11/10/2015 03:45	74.4	71	67	63.9	68.1	4	100
11/10/2015 03:50	74.6	70.4	68.2	66	68.7	4	100
11/10/2015 03:55	74.8	70.9	69	66.8	69.2	4	100
11/10/2015 04:00	74.9	70.8	66.8	66.3	68.1	4	100
11/10/2015 04:05	75.1	71.8	69.6	64.6	69.2	4	100
11/10/2015 04:10	75.5	71.6	69	65.4	69.4	4	100
11/10/2015 04:15	75.6	72	69.5	59.8	68.6	4	100
11/10/2015 04:20	75.2	71.9	66.5	58.7	67.3	4	100
11/10/2015 04:25	74.2	71.6	64.9	57.6	66.5	4	100
11/10/2015 04:30	74.9	70.8	65.8	61.1	66.9	4	100
11/10/2015 04:35	74.7	69.6	66.2	60.9	67.4	4	100
11/10/2015 04:40	76.2	68.1	68.6	60.2	67.9	4	100
11/10/2015 04:45	75.6	68.1	68.8	63	68.3	4	100
11/10/2015 04:50	74.4	69.8	71.1	67.4	70.5	4	100
11/10/2015 04:55	74.6	68.4	68.9	63	68.4	4	100
11/10/2015 05:00	74.5	71.3	65.4	63.9	68.3	4	100
11/10/2015 05:05	77.3	72.6	65.7	64.8	69.9	4	100
11/10/2015 05:10	78.4	74	66.8	64.9	70.9	4	100
11/10/2015 05:15	79	73.5	69.9	70.8	73.3	4	100
11/10/2015 05:20	77.1	73.9	66.9	67.2	71.1	4	100
11/10/2015 05:25	75.7	73.3	65.7	64.7	70.1	4	100
11/10/2015 05:30	73.7	70.3	64	62.5	68.2	4	100
11/10/2015 05:35	72.9	69.9	65.3	64.1	68.4	4	100
11/10/2015 05:40	72	70.1	64.7	64.4	68	4	100
11/10/2015 05:45	72.8	69.5	64.1	62.4	67.5	4	100
11/10/2015 05:50	71.9	68.8	64.8	63.3	67.3	4	100
11/10/2015 05:55	71.8	68.8	66	65.9	68.2	4	100
11/10/2015 06:00	70.2	69.5	68	66.6	68.8	4	100
11/10/2015 06:05	70.6	68.9	68.9	64.2	68.4	4	100
11/10/2015 06:10	72.3	69.4	70.7	61.3	69	4	100
11/10/2015 06:15	72.2	69.6	70.5	61	68.7	4	100
11/10/2015 06:20	76.1	70.7	71.9	64.4	71.1	4	100
11/10/2015 06:25	75.9	71.8	71.5	65.3	71.6	4	100
11/10/2015 06:30	75.8	71.3	70.5	64.4	70.9	4	100
11/10/2015 06:35	73.4	71.4	69.4	64	69.8	4	100
11/10/2015 06:40	73.8	70.7	68.3	62.9	69.4	4	100
11/10/2015 06:45	71.6	70.4	69	67.4	69.7	4	100
11/10/2015 06:50	73	70.5	70.4	68.4	70.7	4	100
11/10/2015 06:55	73.4	72.1	69.3	68.5	70.9	4	100
11/10/2015 07:00	74.3	69.7	68.1	67.2	70	4	100
11/10/2015 07:05	73.8	69	66.6	65.8	69	4	100
11/10/2015 07:10	72.9	68	65.5	65.1	68.1	4	100
11/10/2015 07:15	64.7	60.7	57.5	58.3	60.3	4	100
11/10/2015 07:20	65.8	61.4	58.6	60	61.4	4	100
11/10/2015 07:25	66.4	61.1	59.6	60.2	61.8	4	100
11/10/2015 07:30	67.7	63.1	59.2	57.3	62.1	4	100
11/10/2015 07:35	66.8	64.7	60.5	57.9	62.8	4	100
11/10/2015 07:40	65.4	63.4	59.3	57.5	61.6	4	100
11/10/2015 07:45	56.2	53.3	52.2	54.7	54	4	100
11/10/2015 07:50	60	56.9	55	55.9	56.9	4	100
11/10/2015 07:55	62.2	58.6	54.1	54.1	57.4	4	100
11/10/2015 08:00	61.3	59.2	53.8	53.3	57.1	4	100
11/10/2015 08:05	61.7	60.3	54.5	54.5	58	4	100
11/10/2015 08:10	61.1	59.1	55	54.9	57.7	4	100
11/10/2015 08:15	60.2	58.3	54.4	54.9	57.1	4	100
11/10/2015 08:20	59	56.5	52.7	54.7	55.8	4	100
11/10/2015 08:25	50.8	47.2	44.1	49.1	47.7	4	100
11/10/2015 08:30	56.3	54.2	49.2	53.6	53.3	4	100
11/10/2015 08:35	58.6	56.7	51.1	53.2	55	4	100
11/10/2015 08:40	59.8	57.7	52.2	54	56	4	100
11/10/2015 08:45	61.2	57.6	53.1	53.5	56.5	4	100
11/10/2015 08:50	58.1	56	48.9	51.2	53.9	4	100
11/10/2015 08:55	59.1	56	50.6	52.5	54.7	4	100
11/10/2015 09:00	61.3	60	52.5	52.3	57	4	100
11/10/2015 09:05	60.9	58.6	50.8	50.5	55.6	4	100
11/10/2015 09:10	60.1	59.2	53.9	51.9	56.6	4	100
11/10/2015 09:15	61.2	58.8	52.6	52.3	56.5	4	100
11/10/2015 09:20	62.8	59	52.1	51.9	56.7	4	100
11/10/2015 09:25	64.5	61.6	54.8	54.6	59.1	4	100
11/10/2015 09:30	57.3	54.4	48.1	48.5	52.2	4	100
11/10/2015 09:35	61	57.7	49.4	47.3	54.3	4	100
11/10/2015 09:40	63.9	60.1	52.1	48.7	56.6	4	100
11/10/2015 09:45	65.8	61.3	52.7	51.2	58	4	100
11/10/2015 09:50	69	62.9	57.6	55.7	61.2	4	100
11/10/2015 09:55	71.6	66.5	58.4	56.2	63.5	4	100
11/10/2015 10:00	71.2	66.5	56.9	56.3	63	4	100
11/10/2015 10:05	72.1	67.2	60.8	58.1	64.7	4	100
11/10/2015 10:10	69.9	65.1	57.8	52.7	62	4	100
11/10/2015 10:15	71.3	65.9	57	52.4	62.2	4	100
11/10/2015 10:20	71.5	66.5	58.8	53.2	63.2	4	100
11/10/2015 10:25	69.6	64.3	57.4	53.5	61.6	4	100
11/10/2015 10:30	69.8	67.3	57.4	51	62.1	4	100
11/10/2015 10:35	69.3	68.5	57.1	52.1	62	4	100
11/10/2015 10:40	67.9	68.4	56.9	52.9	62.2	4	100
11/10/2015 10:45	67.3	66.7	56.8	52.8	61.8	4	100
11/10/2015 10:50	66.4	62.5	53.3	48	58.1	4	100
11/10/2015 10:55	67.2	61.7	52.9	47.5	58.1	4	100
11/10/2015 11:00	64.9	59.7	52.1	47.8	56.4	4	100
11/10/2015 11:05	67.5	62	54.1	48.4	58.9	4	100
11/10/2015 11:10	67	63.5	53.5	49.1	59.3	4	100
11/10/2015 11:15	67.5	64.9	55	52.9	60.7	4	100
11/10/2015 11:20	61.8	57.7	48.5	46.8	54	4	100
11/10/2015 11:25	61	57.2	48.1	46.6	53.8	4	100
11/10/2015 11:30	65.3	62	51.8	49.4	58	4	100
11/10/2015 11:35	65	62.2	52	48.5	57.6	4	100
11/10/2015 11:40	64.6	61.9	51	47.5	57.3	4	100
11/10/2015 11:45	64.6	60.9	51.1	50.6	57.2	4	100
11/10/2015 11:50	63.3	60.8	49.4	49.6	56.3	4	100
11/10/2015 11:55	60.2	58	46.9	47.1	53.5	4	100
11/10/2015 12:00	59.4	56.2	46.6	44.8	52.3	4	100
11/10/2015 12:05	62.4	59.4	47.3	46.1	54.6	4	100
11/10/2015 12:10	62.7	60.1	47.4	46	55	4	100
11/10/2015 12:15	63.4	59.7	47.6	46.5	55.1	4	100
11/10/2015 12:20	63.3	60.8	49.2	49	56.4	4	100
11/10/2015 12:25	63.6	62.2	51.8	50.6	57.7	4	100
11/10/2015 12:30	63	60.8	48.4	46.1	55.3	4	100
11/10/2015 12:35	62.8	59.6	47.9	46.8	54.8	4	100
11/10/2015 12:40	57	53.1	41.9	40.8	48.8	4	100
11/10/2015 12:45	57.4	52.8	39	38.8	47.8	4	100
11/10/2015 12:50	59	55.1	42.5	42.7	50.3	4	100
11/10/2015 12:55	56.8	51.5	41	41.8	48.4	4	100
11/10/2015 13:00	59.2	55.9	45.8	44.7	51.6	4	100
11/10/2015 13:05	59.8	56.8	44.6	43.7	52	4	100
11/10/2015 13:10	60.4	56.1	44.2	43.8	51.8	4	100
11/10/2015 13:15	54.8	51.1	40	41.2	47.2	4	100
11/10/2015 13:20	52	48.5	39.4	40.4	45.5	4	100
11/10/2015 13:25	50	45.2	38.3	40.1	43.7	4	100
11/10/2015 13:30	38.7	32.9	29.3	30.1	33	4	100
11/10/2015 13:35	35.2	27.7	21.7	21.9	27.4	4	100
11/10/2015 13:40	40.4	35.5	27	26.4	32.8	4	100
11/10/2015 13:45	33.9	27.6	21.2	24.1	27.2	4	100
11/10/2015 13:50	35.1	30.1	21.6	23.3	28	4	100
11/10/2015 13:55	36.2	32.4	25.1	26.3	30.2	4	100
11/10/2015 14:00	40.7	37	28.9	29.6	34.5	4	100
11/10/2015 14:05	40.3	36.6	28.5	29.4	34.1	4	100
11/10/2015 14:10	44	41.3	33	35.1	38.8	4	100
11/10/2015 14:15	44.4	41.3	33.1	34	38.7	4	100
11/10/2015 14:20	41.5	38.7	30	31.8	35.7	4	100
11/10/2015 14:25	45.6	44	34.9	36.6	40.3	4	100
11/10/2015 14:30	55.3	53.7	48.4	47.6	51.5	4	100
11/10/2015 14:35	61	60.7	53.2	52.5	57.5	4	100
11/10/2015 14:40	62.8	62.6	55.5	55.3	59.4	4	100
11/10/2015 14:45	62.5	62.5	56.7	55.5	59.8	4	100
11/10/2015 14:50	63	62.5	56	54.5	59.6	4	100
11/10/2015 14:55	59.5	58.8	52.2	50.3	55.7	4	100
11/10/2015 15:00	48.4	46.5	42.3	41.6	44.8	4	100
11/10/2015 15:05	42.4	39.2	34	34.2	37.7	4	100
11/10/2015 15:10	38	34.3	28.1	29.9	32.8	4	100
11/10/2015 15:15	33.9	29.6	22.7	23.8	28	4	100
11/10/2015 15:20	30.2	26.2	19.1	19.7	24.3	4	100
11/10/2015 15:25	28.8	24.7	17.5	17	22.6	4	100
11/10/2015 15:30	27.4	22.4	14.8	14.2	20.6	4	100
11/10/2015 15:35	28.1	22.4	15.6	15.9	21	4	100
11/10/2015 15:40	30.1	26.1	16.7	15.3	22.8	4	100
11/10/2015 15:45	29.9	26.8	17	13.8	22.9	4	100
11/10/2015 15:50	31.1	25.6	15.9	13.5	22.6	4	100
11/10/2015 15:55	30.9	27.6	17.5	15.3	23.4	4	100
11/10/2015 16:00	31.3	26.5	18.1	16.4	23.7	4	100
11/10/2015 16:05	30.7	25.4	18.2	18.2	23.4	4	100
11/10/2015 16:10	28.8	23.4	16.7	15.7	21.8	4	100
11/10/2015 16:15	28.4	23.3	16.5	15.3	21.5	4	100
11/10/2015 16:20	28.7	23.1	14.8	13.7	21.1	4	100
11/10/2015 16:25	25.7	20	13.7	13.3	18.5	4	100
11/10/2015 16:30	29.5	24.2	16.9	16.7	22.1	4	100
11/10/2015 16:35	31.9	26	18.3	17.8	23.9	4	100
11/10/2015 16:40	25.3	19	13.6	13.9	18.6	4	100
11/10/2015 16:45	19.7	14	9.4	9.7	14.1	4	100
11/10/2015 16:50	18.5	12.4	7.8	8.2	12.6	4	100
11/10/2015 16:55	16.7	10.7	7.2	7.4	11.2	4	100
11/10/2015 17:00	20	13.5	8.4	7.7	13.6	4	100
11/10/2015 17:05	18.8	13.4	9	8.8	12.9	4	100
11/10/2015 17:10	17.9	12.8	8.3	8.1	12.5	4	100
11/10/2015 17:15	20.1	14.1	8.9	8.5	13.7	4	100
11/10/2015 17:20	21.3	14.9	9.4	8.5	14.4	4	100
11/10/2015 17:25	20.4	13.6	8.8	8.8	13.7	4	100
11/10/2015 17:30	23.2	16	10	9.4	15.7	4	100
11/10/2015 17:35	24.8	17.9	11.5	10.5	17	4	100
11/10/2015 17:40	26.2	19.8	12.5	10.6	18.3	4	100
11/10/2015 17:45	28.6	21.6	13.7	11.9	19.9	4	100
11/10/2015 17:50	30.7	22.5	14.9	13.3	21.3	4	100
11/10/2015 17:55	28.2	20.5	13.4	12.6	19.6	4	100
11/10/2015 18:00	25.7	18	11.2	10.6	17.7	4	100
11/10/2015 18:05	24.8	17.3	11	9.8	16.9	4	100
11/10/2015 18:10	27.8	19.9	13.5	12.9	19.4	4	100
11/10/2015 18:15	29.2	22.4	16.1	15.1	21.3	4	100
11/10/2015 18:20	28.6	20.5	14.4	14.8	20.3	4	100
11/10/2015 18:25	25.2	17.1	11.7	12.3	17.4	4	100
11/10/2015 18:30	26.4	19.7	13.7	12.9	18.8	4	100
11/10/2015 18:35	25.9	19.7	13.6	12.9	18.7	4	100
11/10/2015 18:40	26.7	19.5	13.7	12.8	18.9	4	100
11/10/2015 18:45	27.9	23	15.3	13.6	20.7	4	100
11/10/2015 18:50	28.1	21.5	14.3	12.2	19.9	4	100
11/10/2015 18:55	25	19.1	13.2	12.3	18	4	100
11/10/2015 19:00	25.7	20.6	13.2	12.1	18.9	4	100
11/10/2015 19:05	27.3	21.6	13.6	12.6	19.6	4	100
11/10/2015 19:10	27.8	22.6	14.6	12.5	20.4	4	100
11/10/2015 19:15	26	20.8	14.5	11.8	19.2	4	100
11/10/2015 19:20	27.3	23.3	15.8	14	20.9	4	100
11/10/2015 19:25	29	23.9	17.4	17.1	22.2	4	100
11/10/2015 19:30	30.8	25.7	18.6	18.9	23.9	4	100
11/10/2015 19:35	30.6	24.9	17.2	16.7	23.2	4	100
11/10/2015 19:40	31	25.7	19.9	19.9	24.3	4	100
11/10/2015 19:45	30.8	25.7	19.5	18.5	24.1	4	100
11/10/2015 19:50	29.9	25.6	18.8	18.8	23.6	4	100
11/10/2015 19:55	31	25.8	18.8	19.3	24.1	4	100
11/10/2015 20:00	32.9	28.3	20	21.3	25.9	4	100
11/10/2015 20:05	32.2	29.3	22.5	23.3	27.1	4	100
11/10/2015 20:10	34.9	31.9	26.8	27.1	30.3	4	100
11/10/2015 20:15	34.9	31.6	27	28.8	30.6	4	100
11/10/2015 20:20	35.1	32.1	26.9	28	30.6	4	100
11/10/2015 20:25	37.6	34.5	29.7	31.9	33.5	4	100
11/10/2015 20:30	41.3	37.3	32.1	34.8	36.6	4	100
11/10/2015 20:35	50.9	46.2	40.6	42.4	45.2	4	100
11/10/2015 20:40	47.3	42.9	36.8	39.9	41.7	4	100
11/10/2015 20:45	47.4	43.1	36.6	37.4	41.4	4	100
11/10/2015 20:50	45.8	42.4	34.3	36.1	39.7	4	100
11/10/2015 20:55	55.3	51.7	45.6	44.1	49.1	4	100
11/10/2015 21:00	64.4	61	77.4	49.8	63.8	4	100
11/10/2015 21:05	67.6	64.7	77.4	53.8	66.2	4	100
11/10/2015 21:10	69	64.8	77.4	55.1	66.9	4	100
11/10/2015 21:15	70.9	66.4	77.4	56.4	68.2	4	100
11/10/2015 21:20	70.4	67.4	77.4	57.3	68.8	4	100
11/10/2015 21:25	72	69.9	77.4	57	69.7	4	100
11/10/2015 21:30	71.6	69.8	77.4	59.2	69.8	4	100
11/10/2015 21:35	73.3	71.1	77.4	58.3	70.7	4	100
11/10/2015 21:40	75	73	77.4	59.4	71.8	4	100
11/10/2015 21:45	72.8	72.2	77.4	60.1	71.2	4	100
11/10/2015 21:50	73.2	70.7	77.4	61.5	70.8	4	100
11/10/2015 21:55	72.6	70.5	77.4	58.6	70.2	4	100
11/10/2015 22:00	71.8	69	72.6	59.7	68.7	4	100
11/10/2015 22:05	72.1	68.5	73.3	61.8	69	4	100
11/10/2015 22:10	71.5	67.5	73.4	62	68.8	4	100
11/10/2015 22:15	71.6	67.9	73.4	59.7	68.5	4	100
11/10/2015 22:20	67.6	64.8	67	57.6	64.5	4	100
11/10/2015 22:25	69.4	68.1	70.4	59.4	67.2	4	100
11/10/2015 22:30	70	67.6	71.2	59	67	4	100
11/10/2015 22:35	70.7	68.5	70.2	57.4	67.2	4	100
11/10/2015 22:40	71.5	70.5	72.4	57.8	68.5	4	100
11/10/2015 22:45	72.3	69.8	70.2	54.2	67.1	4	100
11/10/2015 22:50	73.7	71.5	74.9	58.7	69.9	4	100
11/10/2015 22:55	74.1	71.3	74.5	56.9	69.6	4	100
11/10/2015 23:00	74.4	69.4	67.7	54.5	66.5	4	100
11/10/2015 23:05	75.1	69	67.5	61.4	67.8	4	100
11/10/2015 23:10	73.5	68.9	63.9	60.1	66.3	4	100
11/10/2015 23:15	71.4	69.4	65.4	61.7	66.7	4	100
11/10/2015 23:20	71	70.7	63.2	60.6	66.3	4	100
11/10/2015 23:25	74.7	70.7	68.4	64.2	69.3	4	100
11/10/2015 23:30	75.2	69.4	62.8	61.2	66.7	4	100
11/10/2015 23:35	74.1	69.6	68.1	64.5	68.9	4	100
11/10/2015 23:40	75.1	71.2	67.4	60.9	68.9	4	100
11/10/2015 23:45	75.3	70.6	65.4	58.6	67.7	4	100
11/10/2015 23:50	76.3	69.1	65.1	59.2	66.3	4	100
11/10/2015 23:55	75.9	70.3	62.3	52.8	64.9	4	100
11/11/2015 00:00	74.8	69.4	73.5	70.5	71.8	4	100
11/11/2015 00:05	74.3	70.1	70.1	63.7	69.3	4	100
11/11/2015 00:10	73.4	69.4	67.2	56.3	66.8	4	100
11/11/2015 00:15	74.3	70.2	68.3	62.2	68.4	4	100
11/11/2015 00:20	74	70.4	68.9	62.6	68.5	4	100
11/11/2015 00:25	74	72.1	69.8	63.8	69.9	4	100
11/11/2015 00:30	74.4	70.8	69.2	63.2	68.5	4	100
11/11/2015 00:35	74.4	70.8	70	63.4	69	4	100
11/11/2015 00:40	74.7	72.3	68.8	62.1	68.8	4	100
11/11/2015 00:45	74.9	72.3	68.8	60.2	68.4	4	100
11/11/2015 00:50	74.7	71.6	70.2	61.5	68.9	4	100
11/11/2015 00:55	74.7	71.5	69.4	63	69.5	4	100
11/11/2015 01:00	74.6	70.7	68.6	64.7	69.1	4	100
11/11/2015 01:05	74.5	70.7	65.8	65.7	68.2	4	100
11/11/2015 01:10	74.5	70.5	65.2	64.8	67.7	4	100
11/11/2015 01:15	74.5	71.1	66.6	62.3	67.6	4	100
11/11/2015 01:20	74.2	69.6	42.7	65.1	60.3	4	100
11/11/2015 01:25	74.5	70.8	30	62.9	54.3	4	100
11/11/2015 01:30	74.5	70.4	50.4	65.7	62.4	4	100
11/11/2015 01:35	74.3	70.6	56	62	63.6	4	100
11/11/2015 01:40	74.4	70.9	62.5	62.2	65.5	4	100
11/11/2015 01:45	74.6	70.7	65.1	63.2	66.8	4	100
11/11/2015 01:50	74.7	71	66.8	65.8	68.2	4	100
11/11/2015 01:55	74.6	71.3	66.6	64.5	68.2	4	100
11/11/2015 02:00	74.7	71.5	66.9	64.3	69	4	100
11/11/2015 02:05	74.7	70.8	66.4	62.9	67.3	4	100
11/11/2015 02:10	74.7	71	65.4	62.8	66.4	4	100
11/11/2015 02:15	74.6	71.1	67.5	63.7	68.1	4	100
11/11/2015 02:20	74.7	70.7	67.7	61.7	68.1	4	100
11/11/2015 02:25	74.8	70.8	67.2	58.6	66.4	4	100
11/11/2015 02:30	74.6	71.2	68.3	61.1	67.7	4	100
11/11/2015 02:35	74.7	71.1	66.9	57.5	66.9	4	100
11/11/2015 02:40	74.8	71.4	67.1	58	65.9	4	100
11/11/2015 02:45	74.6	71.2	66.9	55.7	66.2	4	100
11/11/2015 02:50	74.7	71.2	68.2	58.1	66.7	4	100
11/11/2015 02:55	74.8	71.1	67.5	61.2	66.5	4	100
11/11/2015 03:00	75	71.3	68.2	61.8	66.8	4	100
11/11/2015 03:05	74.7	71.2	66.7	58.8	66.5	4	100
11/11/2015 03:10	74.5	70.7	67.8	58.5	66.5	4	100
11/11/2015 03:15	74.4	70.6	68.3	62.1	67.8	4	100
11/11/2015 03:20	75	70.8	67.7	63.3	67	4	100
11/11/2015 03:25	74.7	70.8	68	64.4	68.5	4	100
11/11/2015 03:30	74.8	70.8	68.9	63.8	68.4	4	100
11/11/2015 03:35	74.9	71	69.6	66.8	69.3	4	100
11/11/2015 03:40	74.7	71.4	68.8	66.3	69.3	4	100
11/11/2015 03:45	74.8	71.5	70.3	67.7	70.1	4	100
11/11/2015 03:50	74.5	71.8	71.2	65.5	70	4	100
11/11/2015 03:55	74.5	71.5	70.7	65.7	70.1	4	100
11/11/2015 04:00	74	70	71.3	64.7	69.2	4	100
11/11/2015 04:05	74.5	70.8	70.5	63.1	68.6	4	100
11/11/2015 04:10	74.7	70.7	71.7	65.8	70.3	4	100
11/11/2015 04:15	74.7	71.1	67.2	60.1	67	4	100
11/11/2015 04:20	74.1	70.8	72.3	66.6	70.4	4	100
11/11/2015 04:25	73.9	70.8	75	70.7	72.6	4	100
11/11/2015 04:30	73.6	69.8	70.2	64.1	69.3	4	100
11/11/2015 04:35	73.7	68.4	68.6	65.9	68.7	4	100
11/11/2015 04:40	73.4	68.2	68.8	61.8	67.7	4	100
11/11/2015 04:45	72.3	69.9	67.6	59.6	67.2	4	100
11/11/2015 04:50	72.7	69.5	68.1	63	68.1	4	100
11/11/2015 04:55	74.5	69.2	62.1	59.1	65.9	4	100
11/11/2015 05:00	74.6	72.8	64.6	56.9	66.8	4	100
11/11/2015 05:05	76.1	72.9	64.7	56.8	67.2	4	100
11/11/2015 05:10	78.4	73.8	67.7	57.8	69.3	4	100
11/11/2015 05:15	76.5	73.7	69.5	61.5	70.3	4	100
11/11/2015 05:20	75.4	72.2	66.3	59.3	68.8	4	100
11/11/2015 05:25	74.5	69.3	68.2	63.5	68.8	4	100
11/11/2015 05:30	74.2	68.8	68	63.9	68.8	4	100
11/11/2015 05:35	73.5	69.3	65	60.5	67.7	4	100
11/11/2015 05:40	74.9	69.6	63.6	59.6	67.4	4	100
11/11/2015 05:45	73.4	67.9	65.4	62.7	67.6	4	100
11/11/2015 05:50	73.8	70.1	65.9	60.9	67.8	4	100
11/11/2015 05:55	71.8	69	66.1	63.4	67.8	4	100
11/11/2015 06:00	70.7	69.5	63.4	57.4	65.9	4	100
11/11/2015 06:05	70.1	68.4	64.3	57.1	65.5	4	100
11/11/2015 06:10	72.1	69.7	63.8	58.1	66.6	4	100
11/11/2015 06:15	72.4	70	64.2	57.8	66.8	4	100
11/11/2015 06:20	72	69	66.1	60.9	67.2	4	100
11/11/2015 06:25	72.7	69.4	66.8	59.4	67.7	4	100
11/11/2015 06:30	74.2	69.4	66.9	62.4	68.5	4	100
11/11/2015 06:35	74.7	68.8	67.9	62.2	68.6	4	100
11/11/2015 06:40	73.2	68.6	67.2	62	68.1	4	100
11/11/2015 06:45	73.4	69.7	68.9	62.7	68.8	4	100
11/11/2015 06:50	72.7	71.9	68.2	63.6	69.5	4	100
11/11/2015 06:55	73.9	71.7	68.2	65.1	69.9	4	100
11/11/2015 07:00	73.1	70.6	67.4	62.2	68.7	4	100
11/11/2015 07:05	73.5	70.1	68.7	63.2	69.2	4	100
11/11/2015 07:10	73	69.6	68.5	64.3	69	4	100
11/11/2015 07:15	72.2	68.8	65.5	61.3	67.2	4	100
11/11/2015 07:20	72.3	67.8	65	60.7	66.9	4	100
11/11/2015 07:25	69.3	65.1	61.9	56.5	63.7	4	100
11/11/2015 07:30	70.4	66.7	64.2	57.5	65.2	4	100
11/11/2015 07:35	69.9	65.9	62.5	58.6	64.6	4	100
11/11/2015 07:40	69.5	66.5	63.4	57.3	64.7	4	100
11/11/2015 07:45	71.5	67.7	64.6	58.2	65.7	4	100
11/11/2015 07:50	69.8	66.8	62.8	57.2	64.5	4	100
11/11/2015 07:55	69.2	67	65.2	58.6	65.3	4	100
11/11/2015 08:00	68.9	65.5	63.5	57.2	64.1	4	100
11/11/2015 08:05	66.9	63.9	61.3	56.6	62.3	4	100
11/11/2015 08:10	64.9	63.8	59.9	56.4	61.5	4	100
11/11/2015 08:15	67.7	66.1	63	58.9	64.2	4	100
11/11/2015 08:20	67.6	66.2	64.6	59.4	64.7	4	100
11/11/2015 08:25	67.5	64.8	61.8	57	63.2	4	100
11/11/2015 08:30	61.2	57.4	54.8	52.4	56.7	4	100
11/11/2015 08:35	61.4	57.7	53	51.1	55.9	4	100
11/11/2015 08:40	61.6	59	55	52.2	57.3	4	100
11/11/2015 08:45	63.5	60.7	57.2	53.6	59.1	4	100
11/11/2015 08:50	61.4	57.3	53.9	51.5	56.5	4	100
11/11/2015 08:55	60.6	57.1	51.7	48.7	54.9	4	100
11/11/2015 09:00	64.6	59.6	56.2	52.2	58.6	4	100
11/11/2015 09:05	64.4	60.7	56.9	52.3	59.1	4	100
11/11/2015 09:10	63.9	61.1	55.9	50.8	58.5	4	100
11/11/2015 09:15	67.9	64.1	57.6	53.9	61.4	4	100
11/11/2015 09:20	69.8	65.4	58.7	54.5	62.6	4	100
11/11/2015 09:25	69.1	66	61.6	56.6	63.8	4	100
11/11/2015 09:30	68.9	64.7	62.1	57	63.3	4	100
11/11/2015 09:35	71.3	65.8	58.7	55.5	63.4	4	100
11/11/2015 09:40	71.1	67.8	57.9	52	62.7	4	100
11/11/2015 09:45	71.3	66.9	58.4	51.9	62.8	4	100
11/11/2015 09:50	71.3	67.7	57.8	51.2	62.5	4	100
11/11/2015 09:55	71.5	67.2	58.7	53	63.4	4	100
11/11/2015 10:00	71.1	65.8	57.6	52.2	62.2	4	100
11/11/2015 10:05	71.7	65.8	56.2	50.7	62	4	100
11/11/2015 10:10	68.4	63.6	54.4	48.3	59.3	4	100
11/11/2015 10:15	69	63.5	53.5	46.6	59.1	4	100
11/11/2015 10:20	69.1	62.6	54.5	50	59.5	4	100
11/11/2015 10:25	68.3	63.5	52.2	49.2	58.8	4	100
11/11/2015 10:30	67	63.4	52.1	49.3	58.8	4	100
11/11/2015 10:35	66	62.4	51.9	47.9	57.8	4	100
11/11/2015 10:40	62.8	58.7	51.7	48.9	55.8	4	100
11/11/2015 10:45	63.4	60.8	51.4	48.9	56.5	4	100
11/11/2015 10:50	61.3	60.9	52.8	49.4	56.3	4	100
11/11/2015 10:55	57.2	55.7	47.7	44.7	51.8	4	100
11/11/2015 11:00	63.1	58	50.7	46	54.7	4	100
11/11/2015 11:05	65.9	62.2	53.9	48.5	58.2	4	100
11/11/2015 11:10	66.3	62.1	53.7	50.6	58.5	4	100
11/11/2015 11:15	66.9	62	53.5	49.5	58.4	4	100
11/11/2015 11:20	59.8	55.3	47.6	45	52.6	4	100
11/11/2015 11:25	58.7	55	42.1	45.6	51	4	100
11/11/2015 11:30	55.2	52.9	42.6	45.5	49.2	4	100
11/11/2015 11:35	52.7	50.1	42.7	43.9	47.5	4	100
11/11/2015 11:40	50.6	49.7	42.4	43.4	46.4	4	100
11/11/2015 11:45	49.7	49.1	41.6	41.7	45.6	4	100
11/11/2015 11:50	50.1	49.2	40.4	40.6	45.2	4	100
11/11/2015 11:55	49.9	47.5	38.7	38.6	43.7	4	100
11/11/2015 12:00	48.2	45.9	37.6	37.8	42.3	4	100
11/11/2015 12:05	47.3	45.6	36.8	38.2	42	4	100
11/11/2015 12:10	47.6	46.1	36.9	38.9	42.5	4	100
11/11/2015 12:15	48.9	47.8	37	39	43.1	4	100
11/11/2015 12:20	48.3	47.6	37.1	38.5	42.9	4	100
11/11/2015 12:25	48.5	46.2	35.5	38.3	42	4	100
11/11/2015 12:30	48	45.5	33.9	36.6	41.1	4	100
11/11/2015 12:35	46.7	44.5	33.3	38.1	40.5	4	100
11/11/2015 12:40	48.1	46.1	34.6	38.6	41.8	4	100
11/11/2015 12:45	48.3	45.9	35.6	39.2	42.3	4	100
11/11/2015 12:50	49.9	47.2	37.1	42.1	44.1	4	100
11/11/2015 12:55	50.4	47.7	38.4	44.9	45.5	4	100
11/11/2015 13:00	46.7	43.7	35.9	43	42.4	4	100
11/11/2015 13:05	48.4	46.4	37.8	44.8	44.4	4	100
11/11/2015 13:10	44.7	41	34.7	41.2	40.5	4	100
11/11/2015 13:15	46	41.2	34.9	40.3	40.7	4	100
11/11/2015 13:20	44	38.2	32.2	38.2	38.3	4	100
11/11/2015 13:25	43.2	39.2	30.2	35.6	37.3	4	100
11/11/2015 13:30	41	38.3	29.7	36.1	36.3	4	100
11/11/2015 13:35	38.5	36	26.7	33.1	33.8	4	100
11/11/2015 13:40	41.7	38.7	28.8	34.4	35.9	4	100
11/11/2015 13:45	41.7	39.3	31.7	38.7	38	4	100
11/11/2015 13:50	42.1	38.9	32.4	37.5	37.8	4	100
11/11/2015 13:55	45	41.2	35	40	40.4	4	100
11/11/2015 14:00	49.4	46.8	38.3	43.6	44.6	4	100
11/11/2015 14:05	49	46.4	39.4	43.5	44.7	4	100
11/11/2015 14:10	46.4	42.3	34.6	38.7	40.7	4	100
11/11/2015 14:15	45.7	41.5	35.5	38.7	40.4	4	100
11/11/2015 14:20	41.4	37.6	32.7	36.4	37	4	100
11/11/2015 14:25	42.8	41.2	33.9	36.7	38.7	4	100
11/11/2015 14:30	41.1	38.1	32.1	36	36.9	4	100
11/11/2015 14:35	40.8	38.3	31	34.7	36.4	4	100
11/11/2015 14:40	38	35.3	26.6	27.3	32.3	4	100
11/11/2015 14:45	36.5	32.8	24.4	25.9	30.1	4	100
11/11/2015 14:50	37	33.9	26.4	26.4	31.2	4	100
11/11/2015 14:55	37	34.2	26.7	27.9	31.7	4	100
11/11/2015 15:00	35.6	33.8	27.1	29.5	31.6	4	100
11/11/2015 15:05	35.4	34.7	27.2	29.1	31.8	4	100
11/11/2015 15:10	34.4	33	27.4	28.9	31.1	4	100
11/11/2015 15:15	32.5	29	22.4	22.8	27.2	4	100
11/11/2015 15:20	30.8	27.1	21.5	20.1	25.1	4	100
11/11/2015 15:25	30.9	27.7	22.4	21.9	25.9	4	100
11/11/2015 15:30	29.9	25.7	18.8	18.9	23.9	4	100
11/11/2015 15:35	30.7	25.6	18.2	18	23.8	4	100
11/11/2015 15:40	28.8	23.7	16.9	15.5	21.9	4	100
11/11/2015 15:45	29.9	24.5	17.9	15.8	22.7	4	100
11/11/2015 15:50	29.6	25.1	17.9	16.9	22.8	4	100
11/11/2015 15:55	28.6	24.6	19.8	18.8	23.1	4	100
11/11/2015 16:00	30	26.2	21.6	20.8	24.9	4	100
11/11/2015 16:05	29.9	24.4	19.7	18.3	23.7	4	100
11/11/2015 16:10	30.4	24.8	17.8	16.5	23.3	4	100
11/11/2015 16:15	30	24.3	17	15.4	22.4	4	100
11/11/2015 16:20	29.6	25.2	19.7	17.9	23.4	4	100
11/11/2015 16:25	28	23.2	18.7	17.1	22.2	4	100
11/11/2015 16:30	30.7	25.7	20.7	19.3	24.6	4	100
11/11/2015 16:35	32.6	28.6	24.8	25.5	28	4	100
11/11/2015 16:40	30.1	26.8	21.9	21	25.3	4	100
11/11/2015 16:45	29	25.4	19.7	17.6	23.4	4	100
11/11/2015 16:50	28.1	24.4	18	15.8	22.2	4	100
11/11/2015 16:55	29.1	23.6	16.6	14.6	21.8	4	100
11/11/2015 17:00	28.8	23.1	16.8	15	21.6	4	100
11/11/2015 17:05	31.6	27.4	19.7	17.7	24.7	4	100
11/11/2015 17:10	27.7	23.1	17.9	15.9	21.7	4	100
11/11/2015 17:15	28	22.9	17.9	17	21.8	4	100
11/11/2015 17:20	24.9	20.7	16	14.7	19.6	4	100
11/11/2015 17:25	27.8	22.8	15.8	13.2	20.7	4	100
11/11/2015 17:30	28.9	23.1	16.2	14.7	21.3	4	100
11/11/2015 17:35	29.3	23.9	17.1	15.5	22.2	4	100
11/11/2015 17:40	29.3	24	17.7	15.4	22.2	4	100
11/11/2015 17:45	31.2	27.1	20.4	18.2	24.5	4	100
11/11/2015 17:50	31.3	28.3	21.2	19.9	25.6	4	100
11/11/2015 17:55	26.4	24.1	18.1	17.7	22	4	100
11/11/2015 18:00	28.3	23.7	17	16.6	22	4	100
11/11/2015 18:05	29.3	25.5	17.9	17.4	23.1	4	100
11/11/2015 18:10	30.7	25.9	19.2	18.5	24	4	100
11/11/2015 18:15	31.7	26.1	19.1	17	24.1	4	100
11/11/2015 18:20	31.2	25.1	18.2	16.4	23.5	4	100
11/11/2015 18:25	29.9	23	17.7	16.4	22.3	4	100
11/11/2015 18:30	30.9	25.4	20.3	19.5	24.2	4	100
11/11/2015 18:35	29.9	25.2	20.3	20.1	24.2	4	100
11/11/2015 18:40	30.3	25.8	21.2	20.3	24.6	4	100
11/11/2015 18:45	30.9	28	23	22.1	26.2	4	100
11/11/2015 18:50	30.3	28.1	24.2	23.3	26.6	4	100
11/11/2015 18:55	30	27.1	22.7	23.3	25.9	4	100
11/11/2015 19:00	30.4	27.2	22.2	22.3	25.7	4	100
11/11/2015 19:05	33.1	29.5	25.6	26.9	28.9	4	100
11/11/2015 19:10	36.6	32	27.5	27.7	31.1	4	100
11/11/2015 19:15	37.8	33.2	28.1	28.3	32.1	4	100
11/11/2015 19:20	34.9	30	25	24.7	29	4	100
11/11/2015 19:25	33	28.3	23.9	26	27.9	4	100
11/11/2015 19:30	35.1	29.9	26.3	29.2	30.2	4	100
11/11/2015 19:35	38.2	33.4	28.9	31.8	33.3	4	100
11/11/2015 19:40	43.1	38.1	33.5	34.2	37.3	4	100
11/11/2015 19:45	50.9	45.7	42.3	41.5	45.2	4	100
11/11/2015 19:50	58.5	53.3	49.7	48.5	52.7	4	100
11/11/2015 19:55	62.9	58	56.7	52.4	57.7	4	100
11/11/2015 20:00	65.7	61.5	61.2	56	61.1	4	100
11/11/2015 20:05	68.8	64.1	65.7	59.1	64.6	4	100
11/11/2015 20:10	69.4	66.1	63.2	56.2	63.9	4	100
11/11/2015 20:15	69.3	64.8	61.1	54.8	62.6	4	100
11/11/2015 20:20	66.2	61.8	58.5	54.5	60.3	4	100
11/11/2015 20:25	66.9	62.5	61.2	55.9	61.7	4	100
11/11/2015 20:30	67.3	63.6	61.6	56.5	62.3	4	100
11/11/2015 20:35	68.4	65	61.6	56.4	62.9	4	100
11/11/2015 20:40	70.2	66.3	62	55.1	63.6	4	100
11/11/2015 20:45	70.5	65.5	62.8	57.3	64.1	4	100
11/11/2015 20:50	68.6	64.5	61.5	54.8	62.5	4	100
11/11/2015 20:55	68	64.9	61.7	56.5	62.8	4	100
11/11/2015 21:00	71.9	67.6	67.1	59.4	66.7	4	100
11/11/2015 21:05	74.4	70.7	68.2	59.1	68.4	4	100
11/11/2015 21:10	75.2	70.5	66.6	58.9	68.1	4	100
11/11/2015 21:15	75.9	69.3	66.5	60.6	68	4	100
11/11/2015 21:20	73.8	69.5	65.1	59.8	67.1	4	100
11/11/2015 21:25	72.9	66.9	66.5	63	67.1	4	100
11/11/2015 21:30	73.2	66.8	66.8	61.2	66.8	4	100
11/11/2015 21:35	74.4	69.3	70.1	60.6	68.6	4	100
11/11/2015 21:40	75.3	70.8	70.4	63.3	69.9	4	100
11/11/2015 21:45	76	71.9	70.1	63.7	70.3	4	100
11/11/2015 21:50	75.2	71.8	72.8	66.5	71.7	4	100
11/11/2015 21:55	74.5	70	67.7	59.5	67.9	4	100
11/11/2015 22:00	73.8	69.4	66.8	60	67.4	4	100
11/11/2015 22:05	73.6	71.6	64.4	58.2	67.1	4	100
11/11/2015 22:10	72.3	70	65.7	60.3	66.9	4	100
11/11/2015 22:15	71.6	70.7	67.1	61.8	68.2	4	100
11/11/2015 22:20	73	71.1	65.2	59	67.3	4	100
11/11/2015 22:25	75.3	69.8	66.4	62.6	68.3	4	100
11/11/2015 22:30	72.7	69.9	65.8	60.6	67.1	4	100
11/11/2015 22:35	71.6	69	67.8	59.8	67.4	4	100
11/11/2015 22:40	73.5	70.7	67.1	59.5	67.8	4	100
11/11/2015 22:45	73.8	70.9	66.3	57.8	67.1	4	100
11/11/2015 22:50	76.7	70.4	68.4	60.4	68.5	4	100
11/11/2015 22:55	76.7	70.1	67.6	58.2	67.8	4	100
11/11/2015 23:00	76.7	69.2	70	61.1	68.8	4	100
11/11/2015 23:05	76	68.8	70	63.3	69.4	4	100
11/11/2015 23:10	73.9	68.1	69.3	61.8	68.2	4	100
11/11/2015 23:15	74.2	70.2	66.5	61.5	68	4	100
11/11/2015 23:20	74.4	71.8	66.9	59.9	68	4	100
11/11/2015 23:25	72.1	68.5	70.2	66.2	69	4	100
11/11/2015 23:30	72	70.2	73.1	69.4	71.1	4	100
11/11/2015 23:35	72.7	70.2	71	65.4	69.9	4	100
11/11/2015 23:40	74.1	69.3	71.4	62.6	69.3	4	100
11/11/2015 23:45	74.2	72.4	73.7	63.5	70.8	4	100
11/11/2015 23:50	74.5	70.6	69.9	60.2	68.5	4	100
11/11/2015 23:55	75.1	69.6	67.3	58.7	66.9	4	100
11/12/2015 00:00	74.8	70.2	75.3	62.1	70.4	4	100
11/12/2015 00:05	74.1	69.5	74.9	67.4	71.3	4	100
11/12/2015 00:10	74	69.2	76.6	66.6	71.6	4	100
11/12/2015 00:15	74.1	69.2	76.3	71.4	72.8	4	100
11/12/2015 00:20	73.9	69.3	75.7	68.1	71.9	4	100
11/12/2015 00:25	74.4	70.1	72.2	66.5	70.5	4	100
11/12/2015 00:30	74.8	69.5	75.3	66.5	71.5	4	100
11/12/2015 00:35	74.7	69.5	74.7	66.9	71.2	4	100
11/12/2015 00:40	74.9	70.1	72.4	63	70	4	100
11/12/2015 00:45	74.6	71.3	72.7	64.7	70.5	4	100
11/12/2015 00:50	74.8	70.9	72.7	64.4	70.5	4	100
11/12/2015 00:55	74.9	71.2	70.8	63.2	69.2	4	100
11/12/2015 01:00	74.9	71.4	69.5	63.6	69.3	4	100
11/12/2015 01:05	75	70.8	70.6	64.5	69.7	4	100
11/12/2015 01:10	75	70.8	71	65.2	70.2	4	100
11/12/2015 01:15	75	69.5	68.7	63.5	68.7	4	100
11/12/2015 01:20	74.8	70.2	68.6	62	68.4	4	100
11/12/2015 01:25	75	70.7	68.9	62.6	68.3	4	100
11/12/2015 01:30	74.9	70.7	68.4	63.4	68.5	4	100
11/12/2015 01:35	74.9	70.6	68.3	63	68.4	4	100
11/12/2015 01:40	74.7	70.9	65.9	59.4	67.1	4	100
11/12/2015 01:45	74.8	70.9	67.9	62.3	67.7	4	100
11/12/2015 01:50	74.9	70.6	69.2	60.2	67.5	4	100
11/12/2015 01:55	74.6	70.4	65	51	64	4	100
11/12/2015 02:00	74.4	70.4	68.1	59.3	67.1	4	100
11/12/2015 02:05	74.4	71	68.4	62.1	67.7	4	100
11/12/2015 02:10	74.5	71.1	68.9	63.6	68.7	4	100
11/12/2015 02:15	74.3	71.2	69.2	65.3	69	4	100
11/12/2015 02:20	74.5	71.2	67.6	64.7	68.1	4	100
11/12/2015 02:25	74.6	71.3	67.6	65.6	68.6	4	100
11/12/2015 02:30	74.7	71.3	66.9	58.3	66.5	4	100
11/12/2015 02:35	74.8	71.3	65.4	59.3	66.7	4	100
11/12/2015 02:40	75	71.1	65.5	63.6	66.8	4	100
11/12/2015 02:45	74.9	71.1	65	62	66.3	4	100
11/12/2015 02:50	74.7	71.2	67.8	63.7	68.6	4	100
11/12/2015 02:55	74.8	71.1	68.4	61.1	67.8	4	100
11/12/2015 03:00	74.7	70.8	66.6	59	66.5	4	100
11/12/2015 03:05	74.9	70.8	67.6	62.6	66.8	4	100
11/12/2015 03:10	74.8	71	67.2	61.4	66.7	4	100
11/12/2015 03:15	74.5	69.6	64.6	57.3	66.1	4	100
11/12/2015 03:20	74.7	69.7	63.3	58.4	64.9	4	100
11/12/2015 03:25	74.8	70.8	65.1	61.6	66.8	4	100
11/12/2015 03:30	74.8	70.9	65.6	62	67.5	4	100
11/12/2015 03:35	74.8	70.6	67.8	59.6	67.3	4	100
11/12/2015 03:40	74.9	71	69	62.5	67.9	4	100
11/12/2015 03:45	74.8	71.4	68.6	63	68.3	4	100
11/12/2015 03:50	75	71.7	70.6	67.8	70.6	4	100
11/12/2015 03:55	75	70.4	68.3	68.4	69.7	4	100
11/12/2015 04:00	74.9	71.7	66.4	65.7	68.8	4	100
11/12/2015 04:05	74.8	71.9	65	63.5	67.8	4	100
11/12/2015 04:10	74.8	73.2	68.7	64.2	69.5	4	100
11/12/2015 04:15	74.7	72.8	69.2	69.8	71	4	100
11/12/2015 04:20	75	73.2	68.2	65.1	69.5	4	100
11/12/2015 04:25	75	72.2	67.7	68.7	70.3	4	100
11/12/2015 04:30	74.9	72.1	70.7	68.5	71.2	4	100
11/12/2015 04:35	74.6	70.8	73.8	66.4	71.4	4	100
11/12/2015 04:40	74	68.2	74.7	68.7	71.2	4	100
11/12/2015 04:45	73.9	68.6	69.5	65.9	69.2	4	100
11/12/2015 04:50	75.5	68.2	67.5	64.3	68.3	4	100
11/12/2015 04:55	75	69.8	70.7	68.4	70.6	4	100
11/12/2015 05:00	74.1	72.4	69.7	65.6	70.4	4	100
11/12/2015 05:05	75	72.3	69.2	64.8	70.1	4	100
11/12/2015 05:10	75	74.2	71.1	66.2	71.7	4	100
11/12/2015 05:15	74.2	72.7	68.5	65.8	70.4	4	100
11/12/2015 05:20	73.2	72	67.4	61.9	69.1	4	100
11/12/2015 05:25	73.8	70.8	66.5	63.2	69	4	100
11/12/2015 05:30	71.4	68.2	63.7	61.4	66.3	4	100
11/12/2015 05:35	70.8	66.8	64.9	62.1	66.5	4	100
11/12/2015 05:40	71.5	67.4	64.5	62.4	66.7	4	100
11/12/2015 05:45	69.4	65.9	62.4	59.4	64.7	4	100
11/12/2015 05:50	67.9	66.8	63.7	62.2	65.3	4	100
11/12/2015 05:55	68.8	67.4	64.2	61.7	65.9	4	100
11/12/2015 06:00	68	66.4	63.7	57.4	64.4	4	100
11/12/2015 06:05	67.1	67.1	63.8	57.1	64.5	4	100
11/12/2015 06:10	69.3	67.9	66	58.1	65.8	4	100
11/12/2015 06:15	69.5	67.2	67	59.1	66.1	4	100
11/12/2015 06:20	70.7	68.3	64.9	59.8	66.4	4	100
11/12/2015 06:25	71.7	69.2	66	58.8	66.9	4	100
11/12/2015 06:30	71.8	69.9	67.1	60.6	67.7	4	100
11/12/2015 06:35	69.3	67.4	65.2	58.1	65.5	4	100
11/12/2015 06:40	72	69.2	69	63.1	68.5	4	100
11/12/2015 06:45	71	67.5	66.6	62.1	67.2	4	100
11/12/2015 06:50	69.3	68.3	62.8	58.9	65.2	4	100
11/12/2015 06:55	69.8	68	65.8	61.7	66.6	4	100
11/12/2015 07:00	73.6	68.7	65.9	61.3	67.7	4	100
11/12/2015 07:05	72.3	67.7	65.4	60.4	66.7	4	100
11/12/2015 07:10	69.7	68.4	66.8	60.3	66.7	4	100
11/12/2015 07:15	68.3	68	65.1	59.3	65.6	4	100
11/12/2015 07:20	64	63.4	59.8	55.2	61	4	100
11/12/2015 07:25	62.4	61.6	58.6	55.3	59.7	4	100
11/12/2015 07:30	56	53.6	50.9	50.5	52.9	4	100
11/12/2015 07:35	49.7	45.6	42.7	43.8	45.5	4	100
11/12/2015 07:40	38.3	33.8	35.3	39.4	36.7	4	100
11/12/2015 07:45	32.1	26.8	28.1	29.7	29.1	4	100
11/12/2015 07:50	28.7	23	23.2	22.5	24.4	4	100
11/12/2015 07:55	27.6	19.5	20.7	19.4	21.9	4	100
11/12/2015 08:00	25.6	19.5	18.1	19.3	20.7	4	100
11/12/2015 08:05	24.1	19.5	17.8	19.7	20.2	4	100
11/12/2015 08:10	27.2	21.8	20	23.5	23	4	100
11/12/2015 08:15	33.3	28.6	26.3	28.5	29.2	4	100
11/12/2015 08:20	31.5	27.5	25.4	28.3	28.2	4	100
11/12/2015 08:25	38.7	34.5	31.5	34.7	34.8	4	100
11/12/2015 08:30	48.1	44.3	41.7	40.6	43.8	4	100
11/12/2015 08:35	52.4	49.1	44	41.8	47.3	4	100
11/12/2015 08:40	51.3	47.9	45.7	44.6	47.5	4	100
11/12/2015 08:45	49.4	47.2	43.1	43.2	45.9	4	100
11/12/2015 08:50	53.4	51.1	47.3	46.4	49.8	4	100
11/12/2015 08:55	56.2	54	48.6	49.6	52.2	4	100
11/12/2015 09:00	57.1	53.8	49.7	48.1	52.4	4	100
11/12/2015 09:05	55.6	53.9	49.4	47.8	51.9	4	100
11/12/2015 09:10	55	52.1	36.1	45.7	48.2	4	100
11/12/2015 09:15	56	53.5	41.4	46.7	49.7	4	100
11/12/2015 09:20	59.5	57.3	45.3	47.9	53	4	100
11/12/2015 09:25	61.6	59.6	48.5	51.7	55.7	4	100
11/12/2015 09:30	62.1	60.3	44.5	51.9	55.1	4	100
11/12/2015 09:35	61.4	60.5	47.6	52.4	55.6	4	100
11/12/2015 09:40	61.1	59.4	47.7	52.4	55.1	4	100
11/12/2015 09:45	60.6	59.3	48	50.4	54.6	4	100
11/12/2015 09:50	64.9	63.1	50.2	54.2	58.3	4	100
11/12/2015 09:55	70.4	67	55.1	57.4	62.4	4	100
11/12/2015 10:00	67.5	65.3	55	59.6	62	4	100
11/12/2015 10:05	68.3	65.3	55.8	59.2	62.1	4	100
11/12/2015 10:10	68.4	63.9	56.6	57.3	61.7	4	100
11/12/2015 10:15	70.9	65.2	56.6	57.7	62.6	4	100
11/12/2015 10:20	70.9	66.3	57.7	57.6	63.1	4	100
11/12/2015 10:25	69.3	66.7	56.8	56.9	62.6	4	100
11/12/2015 10:30	67.7	64.7	55.3	56.4	61.2	4	100
11/12/2015 10:35	67.1	63.6	53.7	53.4	59.7	4	100
11/12/2015 10:40	69	64.7	53.7	54.3	60.6	4	100
11/12/2015 10:45	69.2	64.3	53.3	55.6	60.9	4	100
11/12/2015 10:50	64.5	60.5	51.8	56.3	58.3	4	100
11/12/2015 10:55	63.1	61.2	52.1	52.8	57.4	4	100
11/12/2015 11:00	63.3	61.4	50.4	52.1	56.9	4	100
11/12/2015 11:05	61.7	59.4	46.3	48.1	54.1	4	100
11/12/2015 11:10	60.2	58.3	44.5	48.3	53	4	100
11/12/2015 11:15	52.8	50.8	38.7	44.3	46.9	4	100
11/12/2015 11:20	53.6	52.5	39.9	46.3	48.3	4	100
11/12/2015 11:25	54.7	54.7	39.8	48.5	49.7	4	100
11/12/2015 11:30	55.2	52.7	42.2	49.4	49.9	4	100
11/12/2015 11:35	52.9	51.2	40.4	47.7	48.3	4	100
11/12/2015 11:40	48.7	45.9	35.7	44.3	44	4	100
11/12/2015 11:45	49.6	47.1	35.6	45.4	44.6	4	100
11/12/2015 11:50	47.6	46.4	32.3	46.1	43.5	4	100
11/12/2015 11:55	46.5	44.3	16.4	40.2	43.5	4	100
11/12/2015 12:00	49.8	47.4	23	43.4	41.2	4	100
11/12/2015 12:05	47.7	47.5	28.7	42.3	41.8	4	100
11/12/2015 12:10	48.9	46.8	33.6	43.9	43.4	4	100
11/12/2015 12:15	50.6	48.2	37	45.9	45.8	4	100
11/12/2015 12:20	50.3	46.3	36.8	44.4	44.6	4	100
11/12/2015 12:25	48.9	44.6	35.4	41.6	42.7	4	100
11/12/2015 12:30	50.9	46.6	36.1	41.5	44	4	100
11/12/2015 12:35	49.6	45.4	35.4	40	42.9	4	100
11/12/2015 12:40	48.7	44.6	32	40.3	41.9	4	100
11/12/2015 12:45	48.8	44.6	34.5	39	42	4	100
11/12/2015 12:50	44.9	41.3	33.2	38	39.5	4	100
11/12/2015 12:55	43.4	42	34.6	37.6	39.5	4	100
11/12/2015 13:00	41.2	38.3	31.8	34.2	36.5	4	100
11/12/2015 13:05	42	38.8	32.5	33.8	36.9	4	100
11/12/2015 13:10	45.8	43.4	36.1	36.3	40.8	4	100
11/12/2015 13:15	46.4	42.3	35.7	36.5	40.4	4	100
11/12/2015 13:20	41.5	38.6	31.8	33.3	36.5	4	100
11/12/2015 13:25	42.9	41.3	33.8	34.5	38.4	4	100
11/12/2015 13:30	43.4	42.3	24.9	33.8	37	4	100
11/12/2015 13:35	41.9	39.3	27.4	32.3	35.3	4	100
11/12/2015 13:40	40.3	37.1	28.7	32.4	34.7	4	100
11/12/2015 13:45	39.6	36.3	27.8	31.1	33.9	4	100
11/12/2015 13:50	38.8	35	27.8	32.1	33.5	4	100
11/12/2015 13:55	42.2	38.1	29.5	34.8	36.4	4	100
11/12/2015 14:00	47.8	44	34.9	40.6	41.9	4	100
11/12/2015 14:05	48.8	47	36.5	43.6	44.1	4	100
11/12/2015 14:10	42.8	40.3	27.2	37.3	37.6	4	100
11/12/2015 14:15	39.2	35.6	14.7	28.7	33.5	4	100
11/12/2015 14:20	35.6	32.7	18.5	26.8	28.7	4	100
11/12/2015 14:25	34.9	31.1	19.8	24.9	27.9	4	100
11/12/2015 14:30	34.2	30.5	22.1	28.1	28.8	4	100
11/12/2015 14:35	33.9	30	21.6	28.4	28.7	4	100
11/12/2015 14:40	34.7	31	21.2	26.9	28.7	4	100
11/12/2015 14:45	34.3	29.2	21.5	24.7	27.6	4	100
11/12/2015 14:50	33.5	27.5	20.4	23.2	26.3	4	100
11/12/2015 14:55	31.7	25.8	19.5	20.8	24.6	4	100
11/12/2015 15:00	32.3	26.2	19.4	20.9	25.1	4	100
11/12/2015 15:05	32.8	27.3	17.8	18.1	24.5	4	100
11/12/2015 15:10	32.2	26.7	17.5	18.5	24.1	4	100
11/12/2015 15:15	31.6	27.3	18.9	20	24.7	4	100
11/12/2015 15:20	31.3	28.2	21.3	22	25.9	4	100
11/12/2015 15:25	30.9	26.6	18.2	18.5	24.2	4	100
11/12/2015 15:30	31	27.4	16.8	15.9	23.7	4	100
11/12/2015 15:35	31.4	28.2	18.4	16.4	24.2	4	100
11/12/2015 15:40	28	23.8	15.9	15.5	21.3	4	100
11/12/2015 15:45	27.9	22.1	15	14.8	20.6	4	100
11/12/2015 15:50	28.2	22.2	14.5	13.8	20.4	4	100
11/12/2015 15:55	28.1	23.5	15.1	13.6	20.6	4	100
11/12/2015 16:00	27.4	23.2	15.6	13.8	20.6	4	100
11/12/2015 16:05	30	26.4	17.1	15.8	22.9	4	100
11/12/2015 16:10	28.8	24.3	15.3	14.2	21.5	4	100
11/12/2015 16:15	25.9	22.1	13.8	12.3	19.4	4	100
11/12/2015 16:20	23.8	20.3	14.7	14.1	18.4	4	100
11/12/2015 16:25	22.5	20.4	14.4	13.8	18.1	4	100
11/12/2015 16:30	23.2	18.5	12.7	12.2	17.4	4	100
11/12/2015 16:35	26.1	21.1	13.4	11.7	19	4	100
11/12/2015 16:40	23.3	17.5	11.6	10.8	16.5	4	100
11/12/2015 16:45	26.3	19.7	12.4	11.8	18.5	4	100
11/12/2015 16:50	26.6	20.5	13.5	12.1	18.9	4	100
11/12/2015 16:55	26.7	21.4	14.8	12.8	19.6	4	100
11/12/2015 17:00	28	22.8	14.8	12.8	20.4	4	100
11/12/2015 17:05	27.4	22.8	14.8	13.2	20.3	4	100
11/12/2015 17:10	25.2	19.8	12.3	11.1	18.2	4	100
11/12/2015 17:15	21	15.8	10.2	9.3	14.8	4	100
11/12/2015 17:20	18.3	14.6	10.8	10.1	13.7	4	100
11/12/2015 17:25	22.5	17.7	11	9.7	16.2	4	100
11/12/2015 17:30	23	17.1	10.3	8.9	16.1	4	100
11/12/2015 17:35	23.9	18.1	11.3	9.7	16.6	4	100
11/12/2015 17:40	22.6	17	9.9	8.6	15.9	4	100
11/12/2015 17:45	20.8	16.1	10.5	9.6	14.8	4	100
11/12/2015 17:50	22.4	17	10.1	8.8	15.8	4	100
11/12/2015 17:55	23.2	17.3	11.2	9.4	16.1	4	100
11/12/2015 18:00	23.4	17.6	12.2	10.6	16.5	4	100
11/12/2015 18:05	24.5	18.9	12.9	11.5	17.8	4	100
11/12/2015 18:10	25.5	20.7	14.7	12.5	18.9	4	100
11/12/2015 18:15	27.1	22.8	16.2	13.6	20.6	4	100
11/12/2015 18:20	29.7	23.6	15.8	13.7	21.8	4	100
11/12/2015 18:25	30.4	24.3	15.2	13	22.3	4	100
11/12/2015 18:30	28.8	22.3	13.7	10.9	20.4	4	100
11/12/2015 18:35	27	20.9	12.6	10	19.2	4	100
11/12/2015 18:40	27.4	21.1	13.6	11	19.4	4	100
11/12/2015 18:45	25.8	18.9	13	10.1	17.8	4	100
11/12/2015 18:50	26.7	21.5	13.8	11.8	19.2	4	100
11/12/2015 18:55	27.3	23.4	14.9	12.6	20.6	4	100
11/12/2015 19:00	25.3	20.6	13.5	12.5	18.9	4	100
11/12/2015 19:05	28.9	22.9	15.2	13.8	21	4	100
11/12/2015 19:10	29.2	23.4	15.3	12.6	21.3	4	100
11/12/2015 19:15	29.8	24.6	15.9	13.6	21.8	4	100
11/12/2015 19:20	30.2	25.4	17.1	15	22.6	4	100
11/12/2015 19:25	30.4	26.3	19	16	23.4	4	100
11/12/2015 19:30	30.4	26.2	17.6	14.6	23.1	4	100
11/12/2015 19:35	29.2	26	17.2	13.6	22.6	4	100
11/12/2015 19:40	30.8	27.4	20.1	19.3	24.8	4	100
11/12/2015 19:45	30.4	27.2	19.7	19	24.6	4	100
11/12/2015 19:50	31.5	28.4	20.9	21	25.8	4	100
11/12/2015 19:55	30.1	27	18.6	17.4	24	4	100
11/12/2015 20:00	30.1	26.7	19.9	18.3	24.1	4	100
11/12/2015 20:05	30.6	27.7	20.7	17.8	24.7	4	100
11/12/2015 20:10	31.9	29.1	22.3	20.8	26.3	4	100
11/12/2015 20:15	32.2	29	23.3	22.2	26.8	4	100
11/12/2015 20:20	32.1	29.4	22.4	20.8	26.6	4	100
11/12/2015 20:25	32.7	31.2	24.8	24.5	28.7	4	100
11/12/2015 20:30	33.1	31.6	24.7	24	28.7	4	100
11/12/2015 20:35	31.9	30.5	23.9	22.4	27.4	4	100
11/12/2015 20:40	32.7	30.2	25	23.6	28.2	4	100
11/12/2015 20:45	34.5	32.5	27	26.1	30	4	100
11/12/2015 20:50	35.5	32.9	28.2	28.1	31.4	4	100
11/12/2015 20:55	35.3	32.7	28	28.9	31.4	4	100
11/12/2015 21:00	47.2	45.2	40.2	39.2	43.2	4	100
11/12/2015 21:05	48.9	45.6	41.6	41.1	44.4	4	100
11/12/2015 21:10	52.1	47.5	44	43	46.6	4	100
11/12/2015 21:15	57.1	52.1	47	46.2	50.6	4	100
11/12/2015 21:20	58.2	53.9	48.2	46.9	52	4	100
11/12/2015 21:25	66.2	61.5	57.9	54	59.9	4	100
11/12/2015 21:30	73.9	71	69.2	63.7	69.4	4	100
11/12/2015 21:35	75	71.7	72.2	64.7	71.1	4	100
11/12/2015 21:40	84.6	78.2	76.7	68	76.5	4	100
11/12/2015 21:45	84.8	77.6	77.4	68.5	77.3	4	100
11/12/2015 21:50	84.8	79	76.9	68.9	77.5	4	100
11/12/2015 21:55	84.8	81	77.4	72.7	79	4	100
11/12/2015 22:00	78.1	74.8	73	66.7	73.2	4	100
11/12/2015 22:05	74.9	71.7	71.5	62.6	70.2	4	100
11/12/2015 22:10	72.4	69.4	68.3	58.1	67.2	4	100
11/12/2015 22:15	69.7	67.9	66.2	56.6	65.3	4	100
11/12/2015 22:20	69.9	69.3	67.1	55.8	66.3	4	100
11/12/2015 22:25	71.5	70.1	65.8	54.6	65.8	4	100
11/12/2015 22:30	73.6	70.9	65.7	52.3	66.1	4	100
11/12/2015 22:35	72.1	71.4	67	52.1	66.3	4	100
11/12/2015 22:40	73.4	70.2	65.6	53.1	66	4	100
11/12/2015 22:45	71.4	71.6	68.8	56.2	67.3	4	100
11/12/2015 22:50	73.2	70.7	68.4	56	67.3	4	100
11/12/2015 22:55	75.2	73.1	73.8	57.4	70.1	4	100
11/12/2015 23:00	73.8	69.7	68.7	57.9	67.5	4	100
11/12/2015 23:05	72.7	70.8	68.4	58.4	67.7	4	100
11/12/2015 23:10	72.2	69	67.2	57.9	66.5	4	100
11/12/2015 23:15	70.3	69.6	66	57.9	66.2	4	100
11/12/2015 23:20	71.3	69.3	68.3	60.6	67.4	4	100
11/12/2015 23:25	72.4	71.2	72.7	61	69.4	4	100
11/12/2015 23:30	72.1	69.9	72.2	58.7	68.4	4	100
11/12/2015 23:35	73.1	70.5	72.3	61.9	69.5	4	100
11/12/2015 23:40	74.1	70.5	70.1	60	68.7	4	100
11/12/2015 23:45	72.1	70.1	70.4	61.7	68.5	4	100
11/12/2015 23:50	73.9	70.3	71.5	61.5	68.9	4	100
11/12/2015 23:55	74.9	71.5	68.9	56.9	67.9	4	100
11/13/2015 00:00	74.8	71.6	61.6	56.8	65.2	4	100
11/13/2015 00:05	74.3	69.7	66.2	55.9	65.9	4	100
11/13/2015 00:10	73.7	68.5	69.3	59.6	67.2	4	100
11/13/2015 00:15	73.6	67.3	68	60.8	66.8	4	100
11/13/2015 00:20	73.9	67.1	69.9	53.9	66.3	4	100
11/13/2015 00:25	73.7	67.8	72.3	59.4	67.9	4	100
11/13/2015 00:30	73.6	68.6	68.6	62.2	67.4	4	100
11/13/2015 00:35	73.6	68.1	67.8	58.3	66.7	4	100
11/13/2015 00:40	74.2	68.7	68.8	57.7	66.4	4	100
11/13/2015 00:45	74	69	64.8	52.6	64.7	4	100
11/13/2015 00:50	74.4	68.9	64.1	57.5	65.5	4	100
11/13/2015 00:55	74.4	68	64.9	55.8	65.2	4	100
11/13/2015 01:00	74.6	70.4	67.1	59.7	66.9	4	100
11/13/2015 01:05	74.6	71.2	65	56.6	65.9	4	100
11/13/2015 01:10	74.1	71.3	62.2	60.3	66.5	4	100
11/13/2015 01:15	74.7	71.7	58.7	56.8	63.5	4	100
11/13/2015 01:20	74.6	70.4	63.8	62.6	67.2	4	100
11/13/2015 01:25	74.9	70.6	64.1	63.3	66.6	4	100
11/13/2015 01:30	74.7	70.5	65.7	65.4	67.8	4	100
11/13/2015 01:35	74.7	70.3	67	65.6	68.8	4	100
11/13/2015 01:40	74.9	71.3	66.1	63.2	67.9	4	100
11/13/2015 01:45	74.8	70.4	64.3	62.6	67	4	100
11/13/2015 01:50	74.5	70.4	63.3	61.1	66	4	100
11/13/2015 01:55	74.8	70.5	64.8	63.1	67.1	4	100
11/13/2015 02:00	74.6	70.6	66.9	64.3	68.6	4	100
11/13/2015 02:05	74.4	69.7	66.8	65.4	67.9	4	100
11/13/2015 02:10	74.2	71.3	67.5	62.2	67.8	4	100
11/13/2015 02:15	74.3	70.7	67.7	62.2	67.7	4	100
11/13/2015 02:20	74.6	70.8	69.2	64.6	69.3	4	100
11/13/2015 02:25	74.5	71	66.4	55.4	66	4	100
11/13/2015 02:30	74.8	70.5	65.9	57.6	65.8	4	100
11/13/2015 02:35	74.9	70.7	65.9	60.1	66.7	4	100
11/13/2015 02:40	74.6	70.3	64.7	60.1	66.5	4	100
11/13/2015 02:45	74.6	70.5	62.3	49.9	63.4	4	100
11/13/2015 02:50	74.5	70.8	64	55	65.2	4	100
11/13/2015 02:55	74.7	70.9	65.4	54.9	64.3	4	100
11/13/2015 03:00	74.7	70.8	67.5	58.9	66.6	4	100
11/13/2015 03:05	74.8	71.1	68.9	62.4	67.9	4	100
11/13/2015 03:10	74.7	70.8	69.7	63.7	68.4	4	100
11/13/2015 03:15	74	69.9	71	61	68.4	4	100
11/13/2015 03:20	74.3	69.6	71.8	56.5	67.5	4	100
11/13/2015 03:25	74.6	70.4	68.8	57.6	66.5	4	100
11/13/2015 03:30	74.7	70.8	63.9	52.9	63.7	4	100
11/13/2015 03:35	74.9	70.5	64.5	55.7	64.4	4	100
11/13/2015 03:40	75	70.5	67.5	59.6	66.9	4	100
11/13/2015 03:45	74.3	69.6	68.4	62.8	67.9	4	100
11/13/2015 03:50	74.4	70.6	70.2	63.3	68.4	4	100
11/13/2015 03:55	74.5	70.9	68.4	63.3	68	4	100
11/13/2015 04:00	75.5	70.2	70.4	66.2	70.1	4	100
11/13/2015 04:05	74.7	70.7	71.2	59.1	68.4	4	0
11/13/2015 04:10	74.8	69.6	72	57.1	67.3	4	0
11/13/2015 04:15	74.8	71	67.4	62.8	67.3	4	100
11/13/2015 04:20	74	68.2	64.9	61.1	65.9	4	100
11/13/2015 04:25	74.8	70.9	67.7	63.4	68.5	4	100
11/13/2015 04:30	74.9	71.1	70.4	67.3	70.6	4	100
11/13/2015 04:35	74.8	72.3	72.2	66.4	71	4	100
11/13/2015 04:40	73.1	72.7	73.4	68.6	72.1	4	100
11/13/2015 04:45	74.9	71.7	70	65.5	70.6	4	100
11/13/2015 04:50	70.4	70	66.6	63.8	67.7	4	100
11/13/2015 04:55	71.1	69	72.2	67.2	69.8	4	100
11/13/2015 05:00	73	70.1	70.8	66.3	69.8	4	100
11/13/2015 05:05	76.8	72.1	69.8	64.9	70.3	4	100
11/13/2015 05:10	77	71.9	68	61.6	69.7	4	100
11/13/2015 05:15	74.3	71.3	66.6	60.1	67.9	4	100
11/13/2015 05:20	73.3	73	66.8	59	68.6	4	100
11/13/2015 05:25	74	73.1	67.1	58.1	68.7	4	100
11/13/2015 05:30	75.5	71.7	67.7	58.9	69.1	4	100
11/13/2015 05:35	72.5	68.8	66.9	61.4	67.7	4	100
11/13/2015 05:40	71.1	69.3	65.7	58.6	66.9	4	100
11/13/2015 05:45	71.5	68.7	64.6	56.7	66	4	100
11/13/2015 05:50	71.1	69.1	66.6	58.7	66.8	4	100
11/13/2015 05:55	70.2	69.4	67	63.8	67.9	4	100
11/13/2015 06:00	69.3	69	66.4	63.2	67.4	4	100
11/13/2015 06:05	70.6	70.2	67.6	63.9	68.4	4	100
11/13/2015 06:10	72.2	70.5	69.1	62.9	69.1	4	100
11/13/2015 06:15	71.9	70.5	55.2	67.7	66.6	4	100
11/13/2015 06:20	71.5	70	61.1	66.7	67.4	4	100
11/13/2015 06:25	72.2	70.3	64.3	67.1	68.4	4	100
11/13/2015 06:30	73.2	70.6	69.2	70.2	70.7	4	100
11/13/2015 06:35	72.8	70.8	72.1	68.1	71.1	4	100
11/13/2015 06:40	73.7	70.5	72.6	68.6	71.4	4	100
11/13/2015 06:45	74.1	70.5	70	66.3	70.5	4	100
11/13/2015 06:50	74.5	70.5	69	65.4	70.1	4	100
11/13/2015 06:55	75.7	71.8	70	67.4	71.3	4	100
11/13/2015 07:00	75.1	72.8	72	67.4	72.1	4	100
11/13/2015 07:05	74.1	72.4	72.4	67.5	71.8	4	100
11/13/2015 07:10	72	70.1	67.4	63.4	68.5	4	100
11/13/2015 07:15	68.5	66.1	63.3	61.4	65	4	100
11/13/2015 07:20	70.6	68.2	64.9	60	66.2	4	100
11/13/2015 07:25	69.8	68	66.3	61.1	66.5	4	100
11/13/2015 07:30	68.9	67.7	63.1	58.5	64.8	4	100
11/13/2015 07:35	65.3	64.6	59.3	56.4	61.8	4	100
11/13/2015 07:40	56.6	55.5	53.7	53.3	54.8	4	100
11/13/2015 07:45	58.8	57	54.4	53.1	55.9	4	100
11/13/2015 07:50	62.6	59.2	55	52.8	57.6	4	100
11/13/2015 07:55	59.7	55.7	53.9	51.7	55.5	4	100
11/13/2015 08:00	61	58.4	55.8	53.7	57.5	4	100
11/13/2015 08:05	59.9	53.9	51.9	50.4	54.2	4	100
11/13/2015 08:10	49.7	44.4	43.6	43.3	45.2	4	100
11/13/2015 08:15	49	43.9	43.5	44.2	45.1	4	100
11/13/2015 08:20	55.7	51.6	50.8	49.3	51.9	4	100
11/13/2015 08:25	58	54.3	52.1	50.7	53.8	4	100
11/13/2015 08:30	59.8	57.3	54.6	52.1	56.2	4	100
11/13/2015 08:35	61.7	59.5	57.9	53.5	58.3	4	100
11/13/2015 08:40	65	61.2	58	54.1	59.8	4	100
11/13/2015 08:45	65.4	61.7	58.3	54.1	60.2	4	100
11/13/2015 08:50	66.9	63	58.1	54.7	61	4	100
11/13/2015 08:55	63.4	61.2	56.2	54.9	59.1	4	100
11/13/2015 09:00	64.2	60.7	56.9	54.3	59.2	4	100
11/13/2015 09:05	67.3	63.5	55.3	51.5	59.8	4	100
11/13/2015 09:10	67.1	63.5	54.6	51.9	59.4	4	100
11/13/2015 09:15	66.6	63.3	56.4	55.5	60.3	4	100
11/13/2015 09:20	67.4	65.5	59.7	59.8	62.9	4	100
11/13/2015 09:25	68.9	66.1	61.1	63.9	65	4	100
11/13/2015 09:30	69.3	66.7	58.6	61.1	63.8	4	100
11/13/2015 09:35	69.1	65.4	57.3	59.5	62.8	4	100
11/13/2015 09:40	64.8	60.1	52	58.8	59	4	100
11/13/2015 09:45	62.8	59.7	51	55.4	57.3	4	100
11/13/2015 09:50	62.9	60.6	50.5	53.2	56.9	4	100
11/13/2015 09:55	68.3	63.8	54.5	56.9	61	4	100
11/13/2015 10:00	70.5	65.5	58.1	60.9	63.5	4	100
11/13/2015 10:05	69.4	67.1	57.6	58.9	63.4	4	100
11/13/2015 10:10	70.4	67	55.5	58.3	62.8	4	100
11/13/2015 10:15	71	66.4	57.4	59.3	63.5	4	100
11/13/2015 10:20	72.2	68.3	58	61.1	64.7	4	100
11/13/2015 10:25	71.2	67.3	59.1	63.5	65.3	4	100
11/13/2015 10:30	70	65.9	58.2	59.6	63.4	4	100
11/13/2015 10:35	67.3	64.4	56.2	58.7	61.5	4	100
11/13/2015 10:40	65.7	63.6	55.5	57.7	60.8	4	100
11/13/2015 10:45	65.7	62.8	54.1	55.2	59.8	4	100
11/13/2015 10:50	66.7	63.7	55.9	55.3	60.5	4	100
11/13/2015 10:55	66.7	64.7	57.1	56.5	61.5	4	100
11/13/2015 11:00	69.1	66.1	58	57.5	62.8	4	100
11/13/2015 11:05	67	64.5	56.3	55.8	61.2	4	100
11/13/2015 11:10	65.2	61.7	47.3	51.4	57.1	4	100
11/13/2015 11:15	66	61.4	37.1	50.7	55	4	100
11/13/2015 11:20	67.4	62.6	45.1	50.9	57.4	4	100
11/13/2015 11:25	66.5	63.6	34.8	52.9	55.8	4	100
11/13/2015 11:30	65.8	63.2	38	52.8	55.6	4	100
11/13/2015 11:35	66.5	62	45.9	50.6	56.9	4	100
11/13/2015 11:40	60.1	54.4	44.8	45.2	51.5	4	100
11/13/2015 11:45	55.3	50.5	42.8	42.8	48.1	4	100
11/13/2015 11:50	59	54.8	33.7	45.4	49.6	4	100
11/13/2015 11:55	60.5	57	37.6	47.8	51.3	4	100
11/13/2015 12:00	61.5	57.9	45.3	48.6	53.8	4	100
11/13/2015 12:05	55.5	50.1	42.1	43.9	48.2	4	100
11/13/2015 12:10	52.1	48	41.7	42.8	46.3	4	100
11/13/2015 12:15	54.9	50.6	40.5	45	48.1	4	100
11/13/2015 12:20	52	47.8	46.1	44.5	48	4	75
11/13/2015 12:25	51.4	47.3	36.3	42	44.8	4	100
11/13/2015 12:30	51.3	49.2	38.8	41.1	45.6	4	100
11/13/2015 12:35	49	46.4	30.9	40.4	42.1	4	100
11/13/2015 12:40	50.3	47.3	35.8	39.6	43.4	4	100
11/13/2015 12:45	53.6	49.7	38.9	39.7	46.3	4	100
11/13/2015 12:50	50.1	47.5	39.6	42.5	45.2	4	100
11/13/2015 12:55	49	45.9	39.4	43.7	44.6	4	100
11/13/2015 13:00	49.2	46.7	39.4	42.7	44.7	4	100
11/13/2015 13:05	51.1	49.8	42.8	43.5	47.1	4	100
11/13/2015 13:10	53.7	54	46	43.6	49.6	4	100
11/13/2015 13:15	48.5	47.3	39.7	38.9	43.8	4	100
11/13/2015 13:20	45.9	43.4	36	36.4	40.8	4	100
11/13/2015 13:25	45.7	44.2	39.4	39.4	42.3	4	100
11/13/2015 13:30	45.4	45	39.3	39.9	42.6	4	100
11/13/2015 13:35	44.8	44.1	38	39.5	41.7	4	100
11/13/2015 13:40	43.7	42.5	37.2	40.6	41	4	100
11/13/2015 13:45	41.5	38.8	33.1	36.7	37.7	4	100
11/13/2015 13:50	39.6	36.3	30.6	36	35.6	4	100
11/13/2015 13:55	43.2	40.2	30.8	40.5	38.9	4	100
11/13/2015 14:00	47.2	44.4	19.3	44.2	41.3	4	100
11/13/2015 14:05	42.2	38.1	11	34.2	36.1	4	100
11/13/2015 14:10	36.7	32.1	13.7	25.5	27.6	4	100
11/13/2015 14:15	34.7	29.8	16	22.9	26.6	4	100
11/13/2015 14:20	34.8	30.3	20.5	25	27.7	4	100
11/13/2015 14:25	32.1	28.4	20.8	23.4	26.2	4	100
11/13/2015 14:30	30.9	26.3	18.8	21.3	24.5	4	100
11/13/2015 14:35	31.8	26.6	18.7	21.7	24.8	4	100
11/13/2015 14:40	31.9	26.2	18.4	20.8	24.6	4	100
11/13/2015 14:45	28.9	22.8	14.6	16.5	21.5	4	100
11/13/2015 14:50	29.4	23.9	15.5	17.2	21.8	4	100
11/13/2015 14:55	30.1	23.9	15.8	17.2	22.2	4	100
11/13/2015 15:00	33.1	26	17.4	19.1	24.2	4	100
11/13/2015 15:05	32.2	25.7	17	18.8	23.7	4	100
11/13/2015 15:10	31.1	24.9	15.6	17.8	22.8	4	100
11/13/2015 15:15	27.6	22.4	14.5	16.3	20.6	4	100
11/13/2015 15:20	30.4	24.3	15.6	18.6	22.7	4	100
11/13/2015 15:25	29.6	22.8	15.1	18.8	22	4	100
11/13/2015 15:30	28.2	21.9	14	15.9	20.7	4	100
11/13/2015 15:35	29.3	23.5	15.6	16.3	21.5	4	100
11/13/2015 15:40	27.6	23.3	16.3	16.9	21.2	4	100
11/13/2015 15:45	29.8	24.2	15.2	14.8	22	4	100
11/13/2015 15:50	28.6	23.3	15.4	15.9	21	4	100
11/13/2015 15:55	27.6	22.7	16.4	16.6	21.1	4	100
11/13/2015 16:00	26.8	21.3	16	15.7	20.4	4	100
11/13/2015 16:05	27.5	21.6	14.8	14.5	20.2	4	100
11/13/2015 16:10	27.8	21.5	14.1	13.3	19.6	4	100
11/13/2015 16:15	23.9	18.9	12.8	12.7	17.6	4	100
11/13/2015 16:20	26.2	21	13.9	12.6	19.3	4	100
11/13/2015 16:25	27.7	21.4	13.8	12.3	19.8	4	100
11/13/2015 16:30	27.7	22	14.5	13	20.1	4	100
11/13/2015 16:35	25.7	19.7	14.6	14.2	18.9	4	100
11/13/2015 16:40	25.8	19.4	14.1	14.4	18.9	4	100
11/13/2015 16:45	25.4	19.8	14.9	15.1	19.2	4	100
11/13/2015 16:50	27.9	21.5	14.4	13.5	20.4	4	100
11/13/2015 16:55	27.6	22	15.4	14.7	20.4	4	100
11/13/2015 17:00	26.9	21.3	14.4	13	19.6	4	100
11/13/2015 17:05	28.5	24.3	16.4	14	21.4	4	100
11/13/2015 17:10	23.4	20.2	13.2	11.3	17.8	4	100
11/13/2015 17:15	26.8	22.4	14.4	12.2	19.8	4	100
11/13/2015 17:20	23.3	20.5	13.6	11.6	17.6	4	100
11/13/2015 17:25	24	21.6	12.9	10.1	18.3	4	100
11/13/2015 17:30	24.5	21.6	14	11.4	18.4	4	100
11/13/2015 17:35	25.1	20.5	14.4	11.4	18.6	4	100
11/13/2015 17:40	24.8	20.3	14.2	11.5	18.4	4	100
11/13/2015 17:45	22.9	18.9	13.2	11	17.1	4	100
11/13/2015 17:50	23.2	18.7	13.6	12	17.3	4	100
11/13/2015 17:55	23.9	19.4	14.1	11.7	18	4	100
11/13/2015 18:00	27.3	21.7	15	13	20.1	4	100
11/13/2015 18:05	25.4	20.2	13.5	11.5	18.7	4	100
11/13/2015 18:10	25.2	20.3	13	10.4	18.4	4	100
11/13/2015 18:15	24.4	19.1	12.8	10.8	17.6	4	100
11/13/2015 18:20	23.2	18.8	13.1	11.5	17.3	4	100
11/13/2015 18:25	23.9	19.9	13.4	11	17.9	4	100
11/13/2015 18:30	23	19.8	14.4	12.4	17.9	4	100
11/13/2015 18:35	26.8	21.5	14.5	12.2	19.7	4	100
11/13/2015 18:40	28.3	21.5	14.1	11.4	20.2	4	100
11/13/2015 18:45	25.2	20.9	14.9	12.6	18.8	4	100
11/13/2015 18:50	27.5	22.5	15.8	13.8	20.5	4	100
11/13/2015 18:55	27.7	21.8	14.4	12.5	20.4	4	100
11/13/2015 19:00	28.1	24.4	17.3	16.8	22	4	100
11/13/2015 19:05	28.2	24.2	18.1	16.2	22.2	4	100
11/13/2015 19:10	29.7	26.2	19.3	16.9	23.5	4	100
11/13/2015 19:15	30	26.4	18.4	16.7	23.6	4	100
11/13/2015 19:20	30.6	26.4	18.1	16.8	24	4	100
11/13/2015 19:25	29.7	26.7	20	17.7	24.1	4	100
11/13/2015 19:30	29.2	26.3	20	18	23.7	4	100
11/13/2015 19:35	30.9	27.4	21.4	20.9	25.5	4	100
11/13/2015 19:40	30.9	28.7	22.4	20.7	26.1	4	100
11/13/2015 19:45	30.1	27.5	22	20.7	25.4	4	100
11/13/2015 19:50	31.5	28.4	23.9	23.1	27	4	100
11/13/2015 19:55	31.6	29.6	26.4	25.8	28.5	4	100
11/13/2015 20:00	32.5	29.9	25.7	24.7	28.4	4	100
11/13/2015 20:05	32.7	29.9	24	22.5	27.6	4	100
11/13/2015 20:10	33.3	29.8	22.9	21.3	27.3	4	100
11/13/2015 20:15	33.2	30.6	24.6	23.4	28	4	100
11/13/2015 20:20	35.3	32.4	28	28.2	31.1	4	100
11/13/2015 20:25	36.3	33.8	30.3	31.6	33.2	4	100
11/13/2015 20:30	35.4	33.6	28.9	29.6	32	4	100
11/13/2015 20:35	36.2	33.9	28.6	29.5	32.3	4	100
11/13/2015 20:40	36.1	34.1	28.8	30	32.4	4	100
11/13/2015 20:45	35.3	34.4	30.3	32.3	33.1	4	100
11/13/2015 20:50	35.7	34.1	30.6	34.1	33.7	4	100
11/13/2015 20:55	37.5	36.1	30.9	32.6	34.4	4	100
11/13/2015 21:00	44	40.4	35.5	36.2	39.2	4	100
11/13/2015 21:05	52.9	48.4	42.5	43.5	46.9	4	100
11/13/2015 21:10	66.6	59.6	56.2	55.1	59.4	4	100
11/13/2015 21:15	77.7	71.5	68.2	61.3	69.8	4	100
11/13/2015 21:20	82	78.7	73.7	66.5	75.4	4	100
11/13/2015 21:25	82.5	78.5	74.2	66.8	75.7	4	100
11/13/2015 21:30	83.8	78.9	76.9	68.8	77.3	4	100
11/13/2015 21:35	84.8	81	77.4	70.7	78.6	4	100
11/13/2015 21:40	84.8	81	77.4	71.8	78.9	4	100
11/13/2015 21:45	84.8	81	76.9	69.3	78.2	4	100
11/13/2015 21:50	84.8	81	77.4	69.7	78.5	4	100
11/13/2015 21:55	84.8	81	77.4	71.3	78.8	4	100
11/13/2015 22:00	80	76.7	71.4	63	73.2	4	100
11/13/2015 22:05	77.8	74	70.2	59.2	70.4	4	100
11/13/2015 22:10	77.4	72.4	66.5	56.5	68.2	4	100
11/13/2015 22:15	73.9	73.1	67.5	57.8	68.4	4	100
11/13/2015 22:20	73.8	72	67.4	57.6	68.3	4	100
11/13/2015 22:25	73.3	69.7	66.1	59.2	67.2	4	100
11/13/2015 22:30	74.1	71.5	68.8	58.8	68.5	4	100
11/13/2015 22:35	74.1	71.7	68.5	58.5	68.3	4	100
11/13/2015 22:40	72.5	72.1	67.4	58.9	68.1	4	100
11/13/2015 22:45	70.6	72.1	66.7	58.2	67.2	4	100
11/13/2015 22:50	67.7	69.8	64.4	55	65.1	4	100
11/13/2015 22:55	71	72.1	65.3	56.3	66.7	4	100
11/13/2015 23:00	69.6	68.8	65.4	59.1	66	4	100
11/13/2015 23:05	69.1	66.7	65.2	60.9	65.5	4	100
11/13/2015 23:10	69.8	67.6	63.2	58.6	65.1	4	100
11/13/2015 23:15	71.2	67.3	65.4	60.4	66.1	4	100
11/13/2015 23:20	70.8	68.4	67.7	64.3	67.8	4	100
11/13/2015 23:25	72.5	70.5	66.3	61.2	67.8	4	100
11/13/2015 23:30	73.8	69.6	67.4	61.3	68	4	100
11/13/2015 23:35	72.2	68.6	67.5	55.8	66.2	4	100
11/13/2015 23:40	72.2	70.1	68.8	57.3	67.2	4	100
11/13/2015 23:45	71.2	71.3	66.7	58.5	67.1	4	100
11/13/2015 23:50	73.7	71.8	68.8	57.9	68.1	4	100
11/13/2015 23:55	73	71.5	69.3	61.7	69	4	100
11/14/2015 00:00	72.2	67.8	64	60.8	66.4	4	75
11/14/2015 00:05	71.9	69.4	62.7	57.5	65.8	4	75
11/14/2015 00:10	70.4	69.1	63.6	59.5	65.9	4	75
11/14/2015 00:15	69.9	71.4	64.2	63.7	67.5	4	75
11/14/2015 00:20	71	69	62.2	61.6	66.3	4	75
11/14/2015 00:25	71.6	69.3	62.8	59.7	66.3	4	75
11/14/2015 00:30	71.1	69.1	61.8	58.8	65.4	4	75
11/14/2015 00:35	73.2	71.8	61.7	59.1	66.3	4	75
11/14/2015 00:40	72.8	71	62.6	60.1	66.4	4	75
11/14/2015 00:45	72.3	70.7	63.9	62.5	67.6	4	75
11/14/2015 00:50	74.4	73.7	63.2	59.3	67.8	4	75
11/14/2015 00:55	74.5	74.3	63.1	57.2	68	4	75
11/14/2015 01:00	74.7	70.9	61.7	60.2	66.7	4	75
11/14/2015 01:05	74.7	69	62.4	59.9	65.9	4	75
11/14/2015 01:10	74.9	67.5	61.6	58.2	64.9	4	75
11/14/2015 01:15	74.5	70.1	62.7	62.1	67.3	4	75
11/14/2015 01:20	75.3	69.8	61.8	60.3	66.8	4	75
11/14/2015 01:25	74.4	67.7	60.3	54	64.7	4	75
11/14/2015 01:30	74.5	69.8	62.4	62.2	66.8	4	75
11/14/2015 01:35	74.7	69.1	61.9	62.5	66.4	4	75
11/14/2015 01:40	74.9	70.1	61.9	57	65.9	4	75
11/14/2015 01:45	74.4	71.4	62.4	64.9	68.1	4	75
11/14/2015 01:50	74.5	71.3	61.5	59.9	66.3	4	75
11/14/2015 01:55	74.9	71.9	62.2	62.4	67.5	4	75
11/14/2015 02:00	74.4	71	61.9	59.1	66.3	4	75
11/14/2015 02:05	73.8	70	62.7	64.7	67.6	4	75
11/14/2015 02:10	74.1	70.7	62.1	61	66.4	4	75
11/14/2015 02:15	74.6	71.9	63.4	64.7	68.5	4	75
11/14/2015 02:20	75	72.5	63.6	68.1	69.4	4	75
11/14/2015 02:25	75	71	62	62.6	66.7	4	75
11/14/2015 02:30	74.8	71.3	60	60.8	66.3	4	75
11/14/2015 02:35	74.7	69	60.7	64.8	66.6	4	75
11/14/2015 02:40	74.9	69.9	61.5	63.8	67.5	4	75
11/14/2015 02:45	75	70.7	62.1	64.8	67.2	4	75
11/14/2015 02:50	75.2	70.7	60.1	55.8	65.3	4	75
11/14/2015 02:55	75	70.9	60	62.6	66.7	4	75
11/14/2015 03:00	75	71.6	61.7	63.5	67.7	4	75
11/14/2015 03:05	74.8	69.9	61.8	63.9	66.1	4	75
11/14/2015 03:10	74.6	70.4	61.2	64.8	67.2	4	75
11/14/2015 03:15	74.6	70.5	61.9	65.9	67.4	4	75
11/14/2015 03:20	74.7	70.4	62.2	57.1	65.6	4	75
11/14/2015 03:25	74.7	70.8	62.5	54.3	64.7	4	75
11/14/2015 03:30	74.6	71.4	62.6	59.4	65.3	4	75
11/14/2015 03:35	74.3	70.8	63	65.7	67.8	4	75
11/14/2015 03:40	74.8	71	63.4	68.1	68.3	4	75
11/14/2015 03:45	74.6	70.8	61.7	65.2	66.9	4	75
11/14/2015 03:50	74.9	71.7	62.9	67.4	68.4	4	75
11/14/2015 03:55	74.7	71.6	62.6	69.3	69.1	4	75
11/14/2015 04:00	74.9	70.7	60.7	55	64.1	4	75
11/14/2015 04:05	74.8	72	61.8	61.6	66.8	4	75
11/14/2015 04:10	75.1	72.4	60.2	60.7	65.8	4	75
11/14/2015 04:15	75.2	72	61.9	58.6	66.1	4	75
11/14/2015 04:20	74.8	69.3	59.1	59.8	64.9	4	75
11/14/2015 04:25	74.4	70.8	61.2	60.7	65.8	4	75
11/14/2015 04:30	74.5	73.1	62.7	65.4	68.5	4	75
11/14/2015 04:35	74	71.5	62.5	60.6	66.7	4	75
11/14/2015 04:40	74.5	71.4	63.4	64.5	68.1	4	75
11/14/2015 04:45	75	70.4	61.5	59.4	66.4	4	75
11/14/2015 04:50	75	71.5	62.3	62.9	67.2	4	75
11/14/2015 04:55	74.6	70.1	63.2	66.3	68	4	75
11/14/2015 05:00	75.1	71.6	63.8	68.3	69.3	4	75
11/14/2015 05:05	75	71.5	61.4	63.3	66.7	4	75
11/14/2015 05:10	74.6	70	63.9	66.8	68.7	4	75
11/14/2015 05:15	73.2	68.4	61.7	64.4	66.7	4	75
11/14/2015 05:20	73.6	69.3	61.1	65.6	66.8	4	75
11/14/2015 05:25	74.5	68.9	61.4	62.1	66.7	4	75
11/14/2015 05:30	75.3	70.6	61.9	62.6	67.5	4	75
11/14/2015 05:35	75.8	71	61.6	62.2	67.9	4	75
11/14/2015 05:40	73.3	70.4	62.3	63.4	67.4	4	75
11/14/2015 05:45	74.2	69.7	62.3	61.2	67.2	4	75
11/14/2015 05:50	75.2	70.2	62.2	60.7	67.2	4	75
11/14/2015 05:55	73.3	69.4	63	62.9	67.3	4	75
11/14/2015 06:00	73.2	69.8	64.1	62.9	67.8	4	75
11/14/2015 06:05	75.4	70	61.8	61.3	67.6	4	75
11/14/2015 06:10	74.9	67.9	62.6	58.7	66.5	4	75
11/14/2015 06:15	72.6	67.6	62.9	58.1	65.2	4	75
11/14/2015 06:20	72.9	71.5	62.6	60.7	67.4	4	75
11/14/2015 06:25	74.2	70.5	63.5	61.2	67.7	4	75
11/14/2015 06:30	76.6	70.2	62.6	58.4	67.5	4	75
11/14/2015 06:35	75.6	68.8	63.3	59.2	67.1	4	75
11/14/2015 06:40	74.7	69.8	63.7	60	67.4	4	75
11/14/2015 06:45	73.7	70	60.8	55.9	66.1	4	75
11/14/2015 06:50	73.3	70.6	61.4	58.8	66.4	4	75
11/14/2015 06:55	72.8	70	61.2	57.4	66.3	4	75
11/14/2015 07:00	72.8	69.5	62.9	58.9	66.7	4	75
11/14/2015 07:05	72.3	69.6	62.4	58.7	66.3	4	75
11/14/2015 07:10	72.1	68.9	63.8	59	66.4	4	75
11/14/2015 07:15	70.9	67.2	62.6	58.8	65.7	4	75
11/14/2015 07:20	69	67.4	64	61.6	66	4	75
11/14/2015 07:25	68.5	66	63.7	60	65	4	75
11/14/2015 07:30	67.6	64.6	63.8	59.8	64.3	4	75
11/14/2015 07:35	67.5	66.4	63.4	59.2	64.5	4	75
11/14/2015 07:40	69.1	66	63.1	58.2	64.6	4	75
11/14/2015 07:45	68.3	66.1	62.7	57.9	64.4	4	75
11/14/2015 07:50	67.8	65.3	62.5	57.6	63.8	4	75
11/14/2015 07:55	67.8	65.1	62.5	57.5	63.7	4	75
11/14/2015 08:00	67.5	67.2	62.9	58.3	64.4	4	75
11/14/2015 08:05	65.8	66.4	62.8	58.1	63.8	4	75
11/14/2015 08:10	64.2	63.1	61	54.8	61.3	4	75
11/14/2015 08:15	66.1	64.3	61.1	56.3	62.5	4	75
11/14/2015 08:20	67.2	65.6	61.3	55.3	63.1	4	75
11/14/2015 08:25	68.9	65.5	61.5	55.2	63.7	4	75
11/14/2015 08:30	70.1	66.9	61.5	56.4	64.6	4	75
11/14/2015 08:35	69.8	67.2	62.4	58.4	65.1	4	75
11/14/2015 08:40	68.9	65.8	61	56.7	63.9	4	75
11/14/2015 08:45	67.6	64.4	59.3	53.8	62.2	4	75
11/14/2015 08:50	68.7	64.6	60.2	55.5	63.2	4	75
11/14/2015 08:55	67.7	65.5	59.4	53.3	62.4	4	75
11/14/2015 09:00	67	63.3	57.9	52.8	61.2	4	75
11/14/2015 09:05	66.8	63.1	58.9	55	61.7	4	75
11/14/2015 09:10	66	62.3	58.9	54.6	60.9	4	75
11/14/2015 09:15	66.7	61.6	58	54.9	60.8	4	75
11/14/2015 09:20	67.5	62.9	57	57.4	61.8	4	75
11/14/2015 09:25	65.6	61.4	57.6	59.4	61.4	4	75
11/14/2015 09:30	67.2	63	58	59.8	62.4	4	75
11/14/2015 09:35	63.4	57.6	55.4	57	58.7	4	75
11/14/2015 09:40	61.8	56.7	55.4	56.9	58	4	75
11/14/2015 09:45	66.1	60.3	59.1	58.9	61.3	4	75
11/14/2015 09:50	67.8	61.7	60.1	58.6	62.4	4	75
11/14/2015 09:55	68.3	61.5	60.8	60.6	63	4	75
11/14/2015 10:00	68	61.9	59.5	62.4	63.3	4	75
11/14/2015 10:05	68	62.7	58.4	59.4	62.5	4	75
11/14/2015 10:10	65.8	60.7	57.5	59.3	61.3	4	75
11/14/2015 10:15	66.1	60	56.6	59.7	61.1	4	75
11/14/2015 10:20	60.7	56.3	53.3	56.4	57.1	4	75
11/14/2015 10:25	58.5	55.7	52.9	54.5	55.7	4	75
11/14/2015 10:30	58.5	56.6	53.4	54.4	56	4	75
11/14/2015 10:35	57	53.6	51.5	52.2	53.8	4	75
11/14/2015 10:40	51.3	47.5	48.5	47.3	48.7	4	75
11/14/2015 10:45	50.4	47.2	50.3	48.9	49.1	4	75
11/14/2015 10:50	54.1	51.9	51.6	52.6	52.7	4	75
11/14/2015 10:55	58.7	55	52.3	56.4	56.1	4	75
11/14/2015 11:00	57.9	55.9	52.5	56	56	4	75
11/14/2015 11:05	58.8	56.5	53.1	56.1	56.5	4	75
11/14/2015 11:10	60.1	56.9	53.7	55	56.7	4	75
11/14/2015 11:15	58.8	55.6	52.6	55.2	55.9	4	75
11/14/2015 11:20	47.8	45.5	46.8	48.3	47.2	4	75
11/14/2015 11:25	42.4	38.5	41.6	40.6	40.8	4	75
11/14/2015 11:30	31.9	28.2	36.8	31.8	31.8	4	75
11/14/2015 11:35	28.6	25.8	35.7	26.1	28.5	4	75
11/14/2015 11:40	33.4	32.9	38.6	32.6	34	4	75
11/14/2015 11:45	38.7	36.4	42.4	35.9	38	4	75
11/14/2015 11:50	37.5	35.6	41.6	35.2	37.1	4	75
11/14/2015 11:55	36.2	34.7	39.7	36.5	36.5	4	75
11/14/2015 12:00	41.3	39.6	41.1	41.1	40.7	4	75
11/14/2015 12:05	43.5	42.7	41.6	41.6	42.5	4	75
11/14/2015 12:10	45.6	45.3	44.2	46.2	45.4	4	75
11/14/2015 12:15	51.5	50.3	48.1	50.4	50.3	4	75
11/14/2015 12:20	53.9	52	49.8	50.9	51.9	4	75
11/14/2015 12:25	53.7	51.4	49.9	49.4	51.3	4	75
11/14/2015 12:30	48	46.5	47.5	46.5	47.1	4	75
11/14/2015 12:35	46.6	44.7	46	43.8	45.3	4	75
11/14/2015 12:40	45	42.4	43.3	39.6	42.6	4	75
11/14/2015 12:45	43	41.1	42.3	39.1	41.4	4	75
11/14/2015 12:50	41.9	40.8	42.8	39.5	41.2	4	75
11/14/2015 12:55	39.6	37.9	42.1	36.6	38.9	4	75
11/14/2015 13:00	42.4	42.2	43.4	39	41.7	4	75
11/14/2015 13:05	40.1	39.2	43.4	39.2	40.2	4	75
11/14/2015 13:10	39.3	38.6	41.3	37.2	39	4	75
11/14/2015 13:15	43.3	42.1	45	39.7	42.4	4	75
11/14/2015 13:20	50.4	47.9	47.8	46	48.2	4	75
11/14/2015 13:25	54.5	50.3	48.3	47.1	50.4	4	75
11/14/2015 13:30	52.5	48.9	48.9	47.3	49.5	4	75
11/14/2015 13:35	47.9	44.7	45.1	43.1	45.4	4	75
11/14/2015 13:40	48.5	46.7	47.1	41.1	46	4	75
11/14/2015 13:45	47	45.2	47.1	40.1	44.9	4	75
11/14/2015 13:50	44.6	41.2	43.1	36.5	41.5	4	75
11/14/2015 13:55	42.1	38.8	42.2	34.7	39.4	4	75
11/14/2015 14:00	40.2	37.2	40.6	32.5	37.7	4	75
11/14/2015 14:05	41.6	39.7	40.5	34.9	39.2	4	75
11/14/2015 14:10	42.3	38.7	39.9	33.5	38.6	4	75
11/14/2015 14:15	38.8	35.5	38.8	30.6	35.7	4	75
11/14/2015 14:20	37.8	34.7	38.8	32.2	35.5	4	75
11/14/2015 14:25	38.7	34.5	38.9	34.3	36.3	4	75
11/14/2015 14:30	39.4	35.9	40	37.1	37.9	4	75
11/14/2015 14:35	35.7	32.6	38.8	34	34.9	4	75
11/14/2015 14:40	34.5	30.7	37.4	29.5	32.5	4	75
11/14/2015 14:45	34.6	31	36.6	30.3	32.8	4	75
11/14/2015 14:50	32.5	28.9	38.1	31	32.1	4	75
11/14/2015 14:55	34.5	32	38.3	33.8	34.2	4	75
11/14/2015 15:00	35.4	32.2	37.9	33.5	34.4	4	75
11/14/2015 15:05	35.9	33.1	38.6	36.5	35.8	4	75
11/14/2015 15:10	36.3	33.7	41.1	35.9	36.3	4	75
11/14/2015 15:15	32.7	29.6	38.5	29.1	32	4	75
11/14/2015 15:20	33.5	30.3	37.2	27.9	31.8	4	75
11/14/2015 15:25	31.2	28.8	37	27.8	30.7	4	75
11/14/2015 15:30	29.9	27.4	34.9	24.1	28.6	4	75
11/14/2015 15:35	34.6	30.4	36.1	28.3	32	4	75
11/14/2015 15:40	31.5	28.4	35.2	27.3	30.1	4	75
11/14/2015 15:45	32	28.5	36	24.7	30	4	75
11/14/2015 15:50	29.8	26.1	36.9	23.5	28.4	4	75
11/14/2015 15:55	29.2	25.2	35.8	24.3	28	4	75
11/14/2015 16:00	28.8	24.8	33.8	22.6	27.1	4	75
11/14/2015 16:05	31.2	28.9	35.5	25.4	29.8	4	75
11/14/2015 16:10	29.4	27.6	35.8	25.8	29.1	4	75
11/14/2015 16:15	28.3	25.9	34.5	23.5	27.7	4	75
11/14/2015 16:20	26.9	26	34.2	24.2	27.3	4	75
11/14/2015 16:25	28.3	27.2	34.9	25.4	28.4	4	75
11/14/2015 16:30	27.4	26.1	36.7	24.6	28.1	4	75
11/14/2015 16:35	26.1	25.1	34.6	21.9	26.3	4	75
11/14/2015 16:40	25.6	22	32.9	18.7	24.4	4	75
11/14/2015 16:45	24.5	21.9	31	16.5	23.1	4	75
11/14/2015 16:50	26.2	24.1	31.8	19.1	24.9	4	75
11/14/2015 16:55	26.4	22.7	31.7	18.2	24.5	4	75
11/14/2015 17:00	26.4	24	32.9	20.7	25.5	4	75
11/14/2015 17:05	30.7	27.4	34.9	24.5	29.1	4	75
11/14/2015 17:10	30.1	27.8	36	26	29.6	4	75
11/14/2015 17:15	28.5	25.7	33.6	21.6	27.1	4	75
11/14/2015 17:20	27.6	25.7	32.9	20.7	26.4	4	75
11/14/2015 17:25	25.9	24.8	32.3	21.5	25.6	4	75
11/14/2015 17:30	26.9	26	32.2	22	26.5	4	75
11/14/2015 17:35	27.8	26.5	33.1	23	27.2	4	75
11/14/2015 17:40	27.1	27	33.6	24.1	27.5	4	75
11/14/2015 17:45	29.1	28.4	35.7	27.5	29.7	4	75
11/14/2015 17:50	27.4	25	35.6	25.1	27.8	4	75
11/14/2015 17:55	27	25.1	33.8	21.8	26.5	4	75
11/14/2015 18:00	26.1	24.2	32.2	20.9	25.5	4	75
11/14/2015 18:05	26.4	24.1	32.1	23.6	26.1	4	75
11/14/2015 18:10	27.2	25.8	33.3	24.9	27.4	4	75
11/14/2015 18:15	30.3	28.3	35.5	27.9	30.2	4	75
11/14/2015 18:20	29.7	28	35.4	26.1	29.4	4	75
11/14/2015 18:25	31	28.5	35.9	25	29.9	4	75
11/14/2015 18:30	30.9	28.8	37.1	26.6	30.4	4	75
11/14/2015 18:35	28.6	27.2	35.3	26	28.8	4	75
11/14/2015 18:40	28.1	26.3	33.9	25.1	27.9	4	75
11/14/2015 18:45	30.9	29.1	35.1	28.4	30.5	4	75
11/14/2015 18:50	32.3	29.5	36.3	28.7	31.4	4	75
11/14/2015 18:55	33.2	30.1	35.9	30.1	32	4	75
11/14/2015 19:00	33.9	31.4	37.7	31	33.2	4	75
11/14/2015 19:05	32.6	30.6	37.2	29.4	32.2	4	75
11/14/2015 19:10	29.9	28.8	36.2	29.2	30.6	4	75
11/14/2015 19:15	31.4	29.5	35.4	27.9	30.7	4	75
11/14/2015 19:20	34.6	33.3	37.3	31.9	34.1	4	75
11/14/2015 19:25	32.9	31.9	37.5	31.8	33.2	4	75
11/14/2015 19:30	31.6	30.8	37.5	29.9	32	4	75
11/14/2015 19:35	32.8	31.2	36.6	31.2	32.6	4	75
11/14/2015 19:40	32.6	30.7	36.9	31.1	32.5	4	75
11/14/2015 19:45	33.5	31.3	38.1	31.8	33.3	4	75
11/14/2015 19:50	33.4	32.2	39.4	31.5	33.7	4	75
11/14/2015 19:55	36.8	35.9	43.9	34.8	37.4	4	75
11/14/2015 20:00	47.3	45.4	50.3	41.4	45.9	4	75
11/14/2015 20:05	56.3	53.6	55.4	49.7	53.7	4	75
11/14/2015 20:10	59.9	56.8	56.2	48.6	55.7	4	75
11/14/2015 20:15	61.4	60.1	57.3	49.3	57.5	4	75
11/14/2015 20:20	61.6	60.3	58.4	52.9	58.6	4	75
11/14/2015 20:25	62.8	61.4	58.9	53.4	59.5	4	75
11/14/2015 20:30	64.1	61.6	60.1	54.9	60.4	4	75
11/14/2015 20:35	63.3	61.2	58.8	53.1	59.2	4	75
11/14/2015 20:40	63.3	61.7	59.7	54.4	60.2	4	75
11/14/2015 20:45	62.4	63.2	58.7	53.8	60.1	4	75
11/14/2015 20:50	64.3	62.7	59.6	53.6	60.4	4	75
11/14/2015 20:55	66.4	63.6	60.4	56.2	62	4	75
11/14/2015 21:00	67.7	65.2	60.8	56.9	63.1	4	75
11/14/2015 21:05	68.9	66	61.8	56	63.9	4	75
11/14/2015 21:10	68.5	65	62.6	57.4	63.6	4	75
11/14/2015 21:15	70.3	67.5	62.7	58.3	65.2	4	75
11/14/2015 21:20	69.7	67.1	62.7	58.7	65.1	4	75
11/14/2015 21:25	72.8	68	63.1	61.2	66.7	4	75
11/14/2015 21:30	70.9	65.9	62.8	60.4	65.3	4	75
11/14/2015 21:35	69.4	66.2	63.5	60.9	65.3	4	75
11/14/2015 21:40	69.3	67.1	63.3	59.7	65.1	4	75
11/14/2015 21:45	69.9	68.1	63.1	60.2	65.9	4	75
11/14/2015 21:50	70.1	69.2	63.9	59.7	66.2	4	75
11/14/2015 21:55	71.5	68.2	63.5	59.1	66	4	75
11/14/2015 22:00	71.2	68.3	63.6	57.8	66.1	4	75
11/14/2015 22:05	71	68.1	63	56.7	65.4	4	75
11/14/2015 22:10	72.2	67.9	63.5	58.2	65.6	4	75
11/14/2015 22:15	72.8	68.3	62.4	56.8	65.5	4	75
11/14/2015 22:20	71.9	68.2	61.9	55.8	65.5	4	75
11/14/2015 22:25	73	68.3	61.7	53.7	65.1	4	75
11/14/2015 22:30	72.2	68.5	63	57.5	65.8	4	75
11/14/2015 22:35	72.5	68.6	64.3	59.1	66.5	4	75
11/14/2015 22:40	73.2	69.2	62	57.5	66.3	4	75
11/14/2015 22:45	69.2	65.4	61.3	54.3	63.1	4	75
11/14/2015 22:50	73.1	68.6	64	59.1	66.7	4	75
11/14/2015 22:55	72.9	68.2	64.6	61.3	67.2	4	75
11/14/2015 23:00	73.7	68.5	63.3	58.9	66.8	4	75
11/14/2015 23:05	72.6	67	63	59.9	65.9	4	75
11/14/2015 23:10	72.8	67.2	61.8	57.7	65.5	4	75
11/14/2015 23:15	72.9	69.2	63	56.8	66.1	4	75
11/14/2015 23:20	74.4	69.4	63.2	58.8	67.1	4	75
11/14/2015 23:25	76.9	71.2	64.2	61.2	69.2	4	75
11/14/2015 23:30	74.9	70.8	64.1	60.8	68.4	4	75
11/14/2015 23:35	74.1	72.3	63.7	60.2	68.2	4	75
11/14/2015 23:40	74.6	72.1	64.2	60.3	68.7	4	75
11/14/2015 23:45	74.2	71.4	61.7	55.9	66.8	4	75
11/14/2015 23:50	74.9	70.9	62.9	58.9	67.6	4	75
11/14/2015 23:55	75.5	70.2	64.5	61.9	68.2	4	75
11/15/2015 00:00	72.8	66.2	67	60.9	66.4	4	100
11/15/2015 00:05	72.4	67.9	66	57.4	66	4	100
11/15/2015 00:10	71.4	69.2	67.4	57.9	67	4	100
11/15/2015 00:15	71.7	69	69.5	61.1	68	4	100
11/15/2015 00:20	72.7	69.7	73	60.7	69.4	4	100
11/15/2015 00:25	72.3	70.8	71.2	60.1	69.1	4	100
11/15/2015 00:30	74.5	70.9	72.1	60.7	69.8	4	100
11/15/2015 00:35	73.2	70.1	71.6	63.4	69.5	4	100
11/15/2015 00:40	74.3	72.8	71.3	64.2	70.9	4	100
11/15/2015 00:45	72.6	72.7	70.2	62.7	69.8	4	100
11/15/2015 00:50	73.6	73.1	70.7	62.5	70	4	100
11/15/2015 00:55	74.6	73.1	72.4	63.8	71.2	4	100
11/15/2015 01:00	73.4	71.3	70.1	63.3	69.5	4	100
11/15/2015 01:05	73.8	70.4	69.7	60.5	68.6	4	100
11/15/2015 01:10	73.6	69.8	70	64.5	69.4	4	100
11/15/2015 01:15	74.3	69.3	70.5	66	69.9	4	100
11/15/2015 01:20	74.7	71.5	72.1	65	71	4	100
11/15/2015 01:25	74.5	69.5	68.7	63.3	68.6	4	100
11/15/2015 01:30	74.8	69	69.5	59.8	68.2	4	100
11/15/2015 01:35	74.6	70	69.7	63.9	69.1	4	100
11/15/2015 01:40	73.5	67.2	69.8	65.7	68.7	4	100
11/15/2015 01:45	75.4	69.1	67.8	65.2	69.2	4	100
11/15/2015 01:50	75	69.8	67.9	63.7	68.4	4	100
11/15/2015 01:55	74.4	70.8	69.1	60	68.6	4	100
11/15/2015 02:00	75.3	71.6	71.7	60.3	69.8	4	100
11/15/2015 02:05	74.9	72.2	67.5	62.1	69	4	100
11/15/2015 02:10	75.4	71.3	68.3	61.5	68.8	4	100
11/15/2015 02:15	75.4	69.6	71.1	60	68.8	4	100
11/15/2015 02:20	75	70.4	71.3	63.8	69.6	4	100
11/15/2015 02:25	74.9	70.5	71.3	65.9	70.4	4	100
11/15/2015 02:30	75.1	70	67.1	63.5	68.4	4	100
11/15/2015 02:35	75.1	72	68.4	62.6	69.3	4	100
11/15/2015 02:40	75	70.8	69.3	62.8	69.3	4	100
11/15/2015 02:45	75	70.6	68.9	63.8	69.1	4	100
11/15/2015 02:50	75.4	69.8	68	62.5	68.6	4	100
11/15/2015 02:55	75.3	73.4	66.2	57.2	67.1	4	100
11/15/2015 03:00	75.2	71.2	67.7	60.9	68.1	4	100
11/15/2015 03:05	75.1	71.3	69	62.5	69.2	4	100
11/15/2015 03:10	74.8	71.2	69.9	64.6	69.5	4	100
11/15/2015 03:15	74.9	70.5	69.1	66.7	69.6	4	100
11/15/2015 03:20	75.1	70.1	68.1	63.8	68.7	4	100
11/15/2015 03:25	74.9	71	68	64.3	68.8	4	100
11/15/2015 03:30	74.8	70.3	66.3	63.1	67.7	4	100
11/15/2015 03:35	74.8	69.9	66.4	63.5	67.9	4	100
11/15/2015 03:40	75.1	71.3	67.7	64.4	68.4	4	100
11/15/2015 03:45	75	71	69.2	65.2	69.1	4	100
11/15/2015 03:50	75	71.8	69.7	63	69.1	4	100
11/15/2015 03:55	74.8	71.9	69.6	64.7	69.2	4	100
11/15/2015 04:00	75	71.2	67.1	66.1	68.7	4	100
11/15/2015 04:05	74.8	71.5	65.2	64.7	67.9	4	100
11/15/2015 04:10	74.8	70.4	64.8	60.2	65.9	4	100
11/15/2015 04:15	74.7	71	66.6	63.9	67.5	4	100
11/15/2015 04:20	74.8	70.2	62.2	61.5	65.6	4	100
11/15/2015 04:25	74.7	69.8	65.4	63.5	66.7	4	100
11/15/2015 04:30	74.6	70.2	63.9	63.6	66.6	4	100
11/15/2015 04:35	74.7	71.6	66.5	64.2	68.4	4	100
11/15/2015 04:40	74.8	71.3	66.1	63.5	68.2	4	100
11/15/2015 04:45	75.1	70	61	57.6	64.1	4	100
11/15/2015 04:50	74.9	70	64	60.9	65.8	4	100
11/15/2015 04:55	74.8	70.6	66.4	64	67.5	4	100
11/15/2015 05:00	74.7	71.1	68.6	64.3	68.4	4	100
11/15/2015 05:05	74.7	70.7	71.1	64.5	69.3	4	100
11/15/2015 05:10	74.7	72	67.9	58.5	67	4	100
11/15/2015 05:15	74.9	71.7	69.4	62.7	68.3	4	100
11/15/2015 05:20	74.4	70.6	65.7	60.8	66.8	4	100
11/15/2015 05:25	73.6	70.9	67	61.7	67.5	4	100
11/15/2015 05:30	74.3	70.8	68.1	61	67.7	4	100
11/15/2015 05:35	74.4	72.6	69	61.7	68.6	4	100
11/15/2015 05:40	74.7	71.8	70.3	64.2	69.5	4	100
11/15/2015 05:45	74.4	69.7	69.4	64	68.8	4	100
11/15/2015 05:50	74.1	69.3	71.5	62.9	69.3	4	100
11/15/2015 05:55	74.2	69.9	71.2	63.4	69.1	4	100
11/15/2015 06:00	73.6	70.2	68.1	60.8	67.8	4	100
11/15/2015 06:05	73.3	67.4	64.5	58.9	65.1	4	100
11/15/2015 06:10	73.5	68.9	65.9	59.1	66.5	4	100
11/15/2015 06:15	73.5	68.3	64.9	61	66.1	4	100
11/15/2015 06:20	75.1	69	65.8	65.4	68	4	100
11/15/2015 06:25	75.5	69.6	66.3	61.8	67.8	4	100
11/15/2015 06:30	76.5	70.7	66.8	61.2	68.8	4	100
11/15/2015 06:35	75.3	70.2	67	62.4	68.1	4	100
11/15/2015 06:40	74.8	68.6	66.7	65	68.5	4	100
11/15/2015 06:45	74.7	69.4	65.4	63.9	67.7	4	100
11/15/2015 06:50	74.1	70.9	68.1	64.3	69.1	4	100
11/15/2015 06:55	76.2	69.6	66.8	65.1	68.8	4	100
11/15/2015 07:00	74.8	69.1	66	66.8	68.9	4	100
11/15/2015 07:05	74.3	69.8	64.8	64.4	67.7	4	100
11/15/2015 07:10	73.3	69.9	63.7	62.9	67.3	4	100
11/15/2015 07:15	73	69.4	63.8	61.5	66.6	4	100
11/15/2015 07:20	73.7	67.9	65.5	61.2	66.6	4	100
11/15/2015 07:25	71.9	68.7	67.4	63.8	67.7	4	100
11/15/2015 07:30	72.5	68.6	66.8	60.4	67.1	4	100
11/15/2015 07:35	73	70.3	63.1	58.1	66.4	4	100
11/15/2015 07:40	73.5	68.7	65	60.4	66.8	4	100
11/15/2015 07:45	74.2	68.2	64.1	60.2	66.6	4	100
11/15/2015 07:50	72.1	67.9	63.8	56	65.3	4	100
11/15/2015 07:55	71.6	68.5	63.3	57.2	65.1	4	100
11/15/2015 08:00	70.8	68.9	62.4	58.3	65.1	4	100
11/15/2015 08:05	70.8	69.4	63.8	58.4	65.8	4	100
11/15/2015 08:10	71.1	68.6	64.1	57.9	65.5	4	100
11/15/2015 08:15	71.4	68.7	64	58.6	65.4	4	100
11/15/2015 08:20	73.7	68.4	62.4	60.8	66.2	4	100
11/15/2015 08:25	73	65.9	62.8	56.8	64.7	4	100
11/15/2015 08:30	69.8	63.8	62.5	58.1	63.7	4	100
11/15/2015 08:35	71	65.7	61.3	58.8	64.3	4	100
11/15/2015 08:40	71.5	66.2	60.5	60.8	64.6	4	100
11/15/2015 08:45	70	66.3	58.4	57.4	63.3	4	100
11/15/2015 08:50	70.2	65.7	60.6	58.8	63.8	4	100
11/15/2015 08:55	70.5	65.7	62.3	58.1	64.3	4	100
11/15/2015 09:00	71	67.5	59.9	58.4	64.2	4	100
11/15/2015 09:05	71.1	67.6	59.7	59.8	64.6	4	100
11/15/2015 09:10	71.9	67.9	59.2	59	64.6	4	100
11/15/2015 09:15	71.5	67.8	59.2	57.7	64	4	100
11/15/2015 09:20	72.4	67.1	57.8	54.6	63.3	4	100
11/15/2015 09:25	72.3	64.9	56.3	52.9	61.8	4	100
11/15/2015 09:30	71.4	65.2	57.1	55.7	62.5	4	100
11/15/2015 09:35	73.1	66.6	47.6	57	61.3	4	100
11/15/2015 09:40	72.3	66.4	52.6	58	62.1	4	100
11/15/2015 09:45	70.7	65.8	54.6	58	62.3	4	100
11/15/2015 09:50	70.4	66.9	57.2	59.2	63.6	4	100
11/15/2015 09:55	69.8	64.9	56.2	56.7	62.1	4	100
11/15/2015 10:00	69.2	65.5	55.6	56	61.8	4	100
11/15/2015 10:05	68	62.1	54.5	54.6	59.8	4	100
11/15/2015 10:10	68.6	62.4	54.5	55.1	60.1	4	100
11/15/2015 10:15	68.8	63.1	55.8	56.1	61.3	4	100
11/15/2015 10:20	68.6	62.3	55.6	55.6	60.8	4	100
11/15/2015 10:25	68.9	62.9	53.8	55	60.5	4	100
11/15/2015 10:30	68.6	63.1	54.9	55.8	60.7	4	100
11/15/2015 10:35	68.5	63.2	55.8	57.7	61.5	4	100
11/15/2015 10:40	69.2	64.3	56.5	57.7	62.2	4	100
11/15/2015 10:45	69.1	64.2	52	58.4	61.2	4	100
11/15/2015 10:50	68.8	64.1	53.1	56.9	60.8	4	100
11/15/2015 10:55	68.5	65.3	53	56.1	61	4	100
11/15/2015 11:00	68.7	64.7	53.9	54.6	60.7	4	100
11/15/2015 11:05	68.5	64.1	54.6	55.2	60.8	4	100
11/15/2015 11:10	69.4	64.1	54.4	54.9	60.9	4	100
11/15/2015 11:15	67.5	63.4	52.5	52.3	59.6	4	100
11/15/2015 11:20	65.1	62.6	51.2	53.6	58.7	4	100
11/15/2015 11:25	65.7	62.3	53	55.1	59.3	4	100
11/15/2015 11:30	66.8	62.4	54.2	55.4	59.9	4	100
11/15/2015 11:35	66.3	62.4	54.6	55.4	60	4	100
11/15/2015 11:40	60.7	59	50.9	51.3	55.7	4	100
11/15/2015 11:45	39.2	37.8	33.1	35	36.2	4	100
11/15/2015 11:50	29.6	27.5	25	27.7	27.5	4	100
11/15/2015 11:55	39.9	39.2	32.8	35.1	37	4	100
11/15/2015 12:00	48.4	46.9	40.1	42.5	44.8	4	100
11/15/2015 12:05	48.9	46.6	39.7	41.1	44.3	4	100
11/15/2015 12:10	38.1	38.4	34	35	36.4	4	100
11/15/2015 12:15	47	44.9	39.6	41.9	43.5	4	100
11/15/2015 12:20	52.5	49.2	42.8	45.7	47.7	4	100
11/15/2015 12:25	49.4	46.1	40.1	44.1	45	4	100
11/15/2015 12:30	42.5	40	36.1	38.8	39.4	4	100
11/15/2015 12:35	50.6	47.9	42	44.1	46.4	4	100
11/15/2015 12:40	53.9	50.8	45	48.6	49.8	4	100
11/15/2015 12:45	55.8	53.1	45.9	49.3	51.2	4	100
11/15/2015 12:50	49.3	47.2	42.7	47.3	46.7	4	100
11/15/2015 12:55	53.3	51.2	46.1	50.5	50.4	4	100
11/15/2015 13:00	58.1	55.7	49.4	51.8	54	4	100
11/15/2015 13:05	61.7	58.5	52	53.4	56.6	4	100
11/15/2015 13:10	64.6	60.3	55.2	56.2	59.3	4	100
11/15/2015 13:15	64.8	60.1	53.3	53.5	58.6	4	100
11/15/2015 13:20	62.9	59.1	52.4	51.7	57	4	100
11/15/2015 13:25	60.9	58	52.5	54.4	56.6	4	100
11/15/2015 13:30	58.4	55.4	49.5	50	53.6	4	100
11/15/2015 13:35	56.5	53.2	46.5	46.2	50.9	4	100
11/15/2015 13:40	53.6	50.6	43.5	45.3	48.4	4	100
11/15/2015 13:45	53.1	51.7	44	46.1	48.9	4	100
11/15/2015 13:50	55.8	54.2	45.9	46.9	51	4	100
11/15/2015 13:55	54.9	52.5	44.9	45.8	49.7	4	100
11/15/2015 14:00	56.3	52.6	46.9	47.6	51.2	4	100
11/15/2015 14:05	55	51.9	44.6	46.6	49.7	4	100
11/15/2015 14:10	50.6	48.3	40.3	42.8	45.7	4	100
11/15/2015 14:15	48.7	47.4	40.3	42.7	44.9	4	100
11/15/2015 14:20	46.1	45.2	39.3	41.5	43.1	4	100
11/15/2015 14:25	45.9	43.5	37.8	39.4	41.9	4	100
11/15/2015 14:30	46.8	44.8	38.2	39.4	42.6	4	100
11/15/2015 14:35	46	44.5	39.4	40.9	42.8	4	100
11/15/2015 14:40	45.9	43.3	37.4	40.2	41.8	4	100
11/15/2015 14:45	41.1	38.9	33.7	37.7	37.9	4	100
11/15/2015 14:50	40.4	38.2	33.5	37.2	37.4	4	100
11/15/2015 14:55	37.9	35	29.8	31.5	33.7	4	100
11/15/2015 15:00	40	37.1	32.8	35.6	36.5	4	100
11/15/2015 15:05	40	38.6	33.2	36.5	37.1	4	100
11/15/2015 15:10	40.9	37.3	32.4	35.6	36.6	4	100
11/15/2015 15:15	41.4	38.1	33.2	36.9	37.5	4	100
11/15/2015 15:20	42.7	38.4	33.8	37.3	38.1	4	100
11/15/2015 15:25	43	40.6	35.4	39.2	39.7	4	100
11/15/2015 15:30	44.1	41.2	38	41.8	41.3	4	100
11/15/2015 15:35	45	42.3	38.9	42.9	42.3	4	100
11/15/2015 15:40	41.2	38.9	34.6	38.9	38.4	4	100
11/15/2015 15:45	39.4	36.7	32.8	36.4	36.3	4	100
11/15/2015 15:50	37	35.4	30.8	33.9	34.3	4	100
11/15/2015 15:55	37.4	34.1	30.5	32.7	33.8	4	100
11/15/2015 16:00	36.5	34.7	31.5	34.5	34.3	4	100
11/15/2015 16:05	36.4	33.8	29.9	33.7	33.5	4	100
11/15/2015 16:10	43.1	40	35.7	39.1	39.6	4	100
11/15/2015 16:15	43.4	40.3	36	38.5	39.6	4	100
11/15/2015 16:20	45.4	41.1	37.7	40.3	41.2	4	100
11/15/2015 16:25	45.2	41.9	37	39.2	41.1	4	100
11/15/2015 16:30	45.1	43.1	38.9	41.3	42.2	4	100
11/15/2015 16:35	43.5	44	38.6	40.9	41.8	4	100
11/15/2015 16:40	44	41.9	38.2	41.6	41.5	4	100
11/15/2015 16:45	41	37.7	35.1	39.1	38.3	4	100
11/15/2015 16:50	42.1	39.6	35.9	39.7	39.4	4	100
11/15/2015 16:55	40.7	37.7	34.4	37.8	37.7	4	100
11/15/2015 17:00	36.9	35.1	30.8	34.6	34.4	4	100
11/15/2015 17:05	36.3	34.2	29.7	33.8	33.6	4	100
11/15/2015 17:10	36.2	34.1	30.4	33.8	33.6	4	100
11/15/2015 17:15	37.6	34.9	28.6	30.8	33.1	4	100
11/15/2015 17:20	37	34.1	28.4	31.7	32.9	4	100
11/15/2015 17:25	35.5	32.5	28.6	32.1	32.1	4	100
11/15/2015 17:30	34.9	32.2	29.3	32.7	32.3	4	100
11/15/2015 17:35	36.6	33.2	29.3	33.2	33.1	4	100
11/15/2015 17:40	36.9	33.2	29.5	32.5	33.1	4	100
11/15/2015 17:45	36	31.9	28.5	30.9	31.9	4	100
11/15/2015 17:50	34	31.2	27.4	30.7	30.9	4	100
11/15/2015 17:55	35.5	32.6	28.5	31.1	32	4	100
11/15/2015 18:00	33	31.2	26.5	28.2	29.8	4	100
11/15/2015 18:05	33.1	31.9	27.5	29.7	30.7	4	100
11/15/2015 18:10	33.1	31.2	28	29.7	30.6	4	100
11/15/2015 18:15	33.8	31.5	27	30	30.7	4	100
11/15/2015 18:20	34	31.3	26.3	30.8	30.7	4	100
11/15/2015 18:25	33.3	30.8	27.2	29.9	30.4	4	100
11/15/2015 18:30	32.9	30.3	26.2	29.2	29.7	4	100
11/15/2015 18:35	31.7	30.1	25.7	30	29.4	4	100
11/15/2015 18:40	31.9	30.4	25.8	28.8	29.3	4	100
11/15/2015 18:45	36.5	33.7	27.5	29.3	32	4	100
11/15/2015 18:50	36.5	33.8	28.3	29.9	32.4	4	100
11/15/2015 18:55	38.9	35.4	30.2	32.5	34.4	4	100
11/15/2015 19:00	39.8	36.9	32.1	34.8	35.9	4	100
11/15/2015 19:05	42.7	40.2	35.2	37.6	39	4	100
11/15/2015 19:10	49.8	45.9	39.2	40.6	44	4	100
11/15/2015 19:15	56.2	52.2	47.2	47.1	50.8	4	100
11/15/2015 19:20	55.9	50.4	45.3	46.5	49.7	4	100
11/15/2015 19:25	60.7	55.9	50.9	51.3	54.7	4	100
11/15/2015 19:30	59.7	54.5	49.6	49.3	53.3	4	100
11/15/2015 19:35	59	55.8	51.3	50.5	54.2	4	100
11/15/2015 19:40	57.7	54.7	49.3	48.8	52.8	4	100
11/15/2015 19:45	59.1	56.6	51	51.2	54.4	4	100
11/15/2015 19:50	61.4	59.4	54.3	51.6	56.9	4	100
11/15/2015 19:55	62.7	59.4	54.8	51	57.1	4	100
11/15/2015 20:00	64.5	59.5	53.5	53	57.6	4	100
11/15/2015 20:05	63.9	59.8	54.4	53.8	58	4	100
11/15/2015 20:10	62.6	59.3	53.6	53.5	57.4	4	100
11/15/2015 20:15	62.9	59.6	54.3	52.7	57.6	4	100
11/15/2015 20:20	63.6	60.9	56.1	53.9	58.8	4	100
11/15/2015 20:25	62.5	58	52.5	52	56.2	4	100
11/15/2015 20:30	62.2	59.6	53.9	53.6	57.4	4	100
11/15/2015 20:35	61.5	57.5	55.7	52.1	56.9	4	100
11/15/2015 20:40	63.9	58.6	56.6	51.7	57.8	4	100
11/15/2015 20:45	65.7	60.6	58.1	54.1	59.7	4	100
11/15/2015 20:50	64.8	60.2	56.9	54.4	59.1	4	100
11/15/2015 20:55	66.5	60.4	57.8	54.6	59.9	4	100
11/15/2015 21:00	69.5	65.7	65.2	60.1	65.1	4	100
11/15/2015 21:05	71.3	70.2	69	62.3	68.3	4	100
11/15/2015 21:10	71.4	69.7	69.5	63.9	68.7	4	100
11/15/2015 21:15	71.4	68.3	71.4	66.3	69.3	4	100
11/15/2015 21:20	71.3	69.3	70.9	67	69.7	4	100
11/15/2015 21:25	71.6	69.9	69.9	64.7	69.1	4	100
11/15/2015 21:30	66.7	67.5	70.2	65.5	67.6	4	100
11/15/2015 21:35	65.6	66.6	68.1	64.2	66.2	4	100
11/15/2015 21:40	71.2	69.7	70.1	65.2	69.1	4	100
11/15/2015 21:45	73.6	70.7	73	65.5	70.8	4	100
11/15/2015 21:50	74.2	72.1	71.9	63.2	70.5	4	100
11/15/2015 21:55	73.9	70.9	72.3	62.7	70.3	4	100
11/15/2015 22:00	73.4	69.9	71.1	62.8	69.3	4	100
11/15/2015 22:05	73.1	70.8	70.3	62.6	69.6	4	100
11/15/2015 22:10	73.5	72.6	69.6	62.9	69.8	4	100
11/15/2015 22:15	72.3	71.1	69.5	62.7	68.9	4	100
11/15/2015 22:20	74.8	69.9	67.9	64	69	4	100
11/15/2015 22:25	75.5	70.2	68.7	65.7	69.7	4	100
11/15/2015 22:30	74.9	70.2	69.8	65.5	69.9	4	100
11/15/2015 22:35	75	72.5	72.7	66	71.4	4	100
11/15/2015 22:40	75.2	71.6	73.5	66	71.4	4	100
11/15/2015 22:45	79.1	70.7	73.9	67.1	72.4	4	100
11/15/2015 22:50	77.8	71.5	72.7	65	71.4	4	100
11/15/2015 22:55	77.7	72.1	71	65	71.2	4	100
11/15/2015 23:00	73	71.4	70.2	64.2	69.5	4	100
11/15/2015 23:05	72.6	70	67.6	64.6	68.6	4	100
11/15/2015 23:10	75.3	72.5	65.6	63.1	68.8	4	100
11/15/2015 23:15	75.4	71.1	65.8	61.8	68.5	4	100
11/15/2015 23:20	74	70.3	65	62.9	67.3	4	100
11/15/2015 23:25	75.4	71.9	69	63.6	69.7	4	100
11/15/2015 23:30	74.6	74.2	69	62.8	70	4	100
11/15/2015 23:35	76	74.4	67.1	62.8	69.9	4	100
11/15/2015 23:40	75.2	73.7	66.7	60.7	69	4	100
11/15/2015 23:45	76	73.3	67.4	59.8	68.9	4	100
11/15/2015 23:50	76.1	73.1	67.5	59.3	68.9	4	100
11/15/2015 23:55	75.3	71.2	67.9	58.4	67.7	4	100
