5 Minutes	Lane 1 Occ (%)	Lane 2 Occ (%)	Lane 3 Occ (%)	Lane 4 Occ (%)	Occupancy (%)	# Lane Points	% Observed
11/09/2015 00:00	3.36	3.89	4.26	4.32	3.96	4	0
11/09/2015 00:05	3.62	4.13	4.54	4.6	4.22	4	0
11/09/2015 00:10	3.88	4.18	4.6	4.66	4.33	4	0
11/09/2015 00:15	3.36	3.89	4.27	4.33	3.96	4	0
11/09/2015 00:20	3.17	3.76	4.12	4.18	3.8	4	0
11/09/2015 00:25	3.29	3.86	4.23	4.3	3.92	4	0
11/09/2015 00:30	3.19	3.75	4.12	4.18	3.81	4	0
11/09/2015 00:35	3.06	3.66	4.01	4.06	3.7	4	0
11/09/2015 00:40	3.17	3.66	3.97	3.95	3.69	4	0
11/09/2015 00:45	2.75	3.07	3.37	3.36	3.14	4	0
11/09/2015 00:50	2.85	3.41	3.74	3.79	3.45	4	0
11/09/2015 00:55	2.74	3.04	3.33	3.42	3.14	4	0
11/09/2015 01:00	2.74	3.34	3.6	3.6	3.32	4	0
11/09/2015 01:05	2.43	2.89	3.18	3.12	2.9	4	0
11/09/2015 01:10	2.68	3.18	3.42	3.46	3.18	4	0
11/09/2015 01:15	2.71	3.28	3.61	3.63	3.31	4	0
11/09/2015 01:20	2.42	2.72	2.98	3.07	2.8	4	0
11/09/2015 01:25	2.47	2.86	2.98	2.98	2.82	4	0
11/09/2015 01:30	2.33	2.93	3.21	3.27	2.93	4	0
11/09/2015 01:35	2.6	3.05	3.2	3.26	3.03	4	0
11/09/2015 01:40	2.63	3.12	3.42	3.5	3.17	4	0
11/09/2015 01:45	2.54	2.99	3.17	3.26	2.99	4	0
11/09/2015 01:50	2.2	2.76	3.02	3.11	2.77	4	0
11/09/2015 01:55	2.5	2.93	3.21	3.29	2.98	4	0
11/09/2015 02:00	2.47	3.07	3.23	3.28	3.01	4	0
11/09/2015 02:05	2.34	2.96	3.24	3.32	2.96	4	0
11/09/2015 02:10	2.25	2.55	2.79	2.89	2.62	4	0
11/09/2015 02:15	2.38	3.02	3.3	3.35	3.01	4	0
11/09/2015 02:20	2.24	2.55	2.81	2.78	2.59	4	0
11/09/2015 02:25	2.21	3.07	3.38	3.4	3.02	4	0
11/09/2015 02:30	2.44	3.04	3.19	3.18	2.96	4	0
11/09/2015 02:35	2.21	2.73	2.98	3.08	2.75	4	0
11/09/2015 02:40	2.23	2.83	3.09	3.18	2.83	4	0
11/09/2015 02:45	2.25	2.57	2.79	2.89	2.62	4	0
11/09/2015 02:50	2.31	2.96	3.18	3.27	2.93	4	0
11/09/2015 02:55	2.31	3.14	3.45	3.48	3.1	4	0
11/09/2015 03:00	2.23	2.9	3.17	3.22	2.88	4	0
11/09/2015 03:05	2.25	2.59	2.83	2.91	2.65	4	0
11/09/2015 03:10	2.51	2.91	3.04	3.1	2.89	4	0
11/09/2015 03:15	2.46	2.77	3.06	3.02	2.83	4	0
11/09/2015 03:20	2.42	2.84	3.11	3.2	2.89	4	0
11/09/2015 03:25	2.26	2.57	2.85	2.79	2.62	4	0
11/09/2015 03:30	2.76	3.13	3.39	3.44	3.18	4	0
11/09/2015 03:35	3.22	3.52	3.87	3.94	3.64	4	0
11/09/2015 03:40	2.81	3.34	3.53	3.51	3.3	4	0
11/09/2015 03:45	3.03	3.47	3.8	3.83	3.53	4	0
11/09/2015 03:50	3.09	3.41	3.74	3.81	3.51	4	0
11/09/2015 03:55	3.26	3.86	4.23	4.29	3.91	4	0
11/09/2015 04:00	2.92	3.38	3.7	3.76	3.44	4	0
11/09/2015 04:05	3.24	3.71	3.97	4.04	3.74	4	0
11/09/2015 04:10	3.27	3.57	3.92	3.99	3.69	4	0
11/09/2015 04:15	4.34	4.89	5.37	5.34	4.99	4	0
11/09/2015 04:20	3.85	4.39	4.82	4.88	4.49	4	0
11/09/2015 04:25	4.37	4.79	5.25	5.32	4.93	4	0
11/09/2015 04:30	4.44	4.83	5.22	5.19	4.92	4	0
11/09/2015 04:35	4.8	5.11	5.64	5.66	5.3	4	0
11/09/2015 04:40	5.29	5.6	6.18	6.17	5.81	4	0
11/09/2015 04:45	4.45	4.81	5.24	5.38	4.97	4	0
11/09/2015 04:50	5.04	5.49	6.04	6.12	5.67	4	0
11/09/2015 04:55	4.67	5.15	5.66	5.73	5.3	4	0
11/09/2015 05:00	4.87	5.34	5.87	5.94	5.5	4	0
11/09/2015 05:05	5.46	5.84	6.34	6.58	6.06	4	0
11/09/2015 05:10	5.41	5.78	6.28	6.52	6	4	0
11/09/2015 05:15	5.89	6.28	6.92	7	6.52	4	0
11/09/2015 05:20	6.58	6.88	7.62	7.6	7.17	4	0
11/09/2015 05:25	7.02	7.4	8.14	8.09	7.66	4	0
11/09/2015 05:30	7.39	7.8	8.44	8.86	8.12	4	0
11/09/2015 05:35	7.29	7.59	8.37	8.38	7.91	4	0
11/09/2015 05:40	8.06	8.44	9.32	9.2	8.75	4	0
11/09/2015 05:45	7.54	7.92	8.73	8.62	8.2	4	0
11/09/2015 05:50	8.4	8.7	9.59	9.46	9.04	4	0
11/09/2015 05:55	8.11	8.49	9.38	9.26	8.81	4	0
11/09/2015 06:00	7.54	7.92	8.73	8.71	8.22	4	0
11/09/2015 06:05	7.57	7.96	8.77	8.66	8.24	4	0
11/09/2015 06:10	6.8	7.13	7.86	7.94	7.43	4	0
11/09/2015 06:15	7.59	7.87	8.68	8.77	8.23	4	0
11/09/2015 06:20	7.9	8.29	9.14	9.03	8.59	4	0
11/09/2015 06:25	7.11	7.42	8.22	8.18	7.73	4	0
11/09/2015 06:30	7.8	8.18	9.03	8.91	8.48	4	0
11/09/2015 06:35	7.35	7.73	8.52	8.41	8	4	0
11/09/2015 06:40	7.5	7.88	8.69	8.58	8.16	4	0
11/09/2015 06:45	7.51	7.89	8.7	8.59	8.17	4	0
11/09/2015 06:50	7.13	7.51	8.26	8.16	7.77	4	0
11/09/2015 06:55	7.75	8.02	8.9	8.88	8.39	4	0
11/09/2015 07:00	7.61	7.89	8.7	8.79	8.25	4	0
11/09/2015 07:05	7.94	8.19	9.03	9.13	8.57	4	0
11/09/2015 07:10	8.1	8.43	9.35	9.25	8.79	4	0
11/09/2015 07:15	7.9	8.29	9.14	9.03	8.59	4	0
11/09/2015 07:20	8.53	8.97	9.69	9.88	9.27	4	0
11/09/2015 07:25	8.7	9.08	10.05	9.91	9.44	4	0
11/09/2015 07:30	8.52	8.83	9.77	9.71	9.21	4	0
11/09/2015 07:35	8.07	8.45	9.34	9.21	8.77	4	0
11/09/2015 07:40	8.51	8.89	9.83	9.7	9.23	4	0
11/09/2015 07:45	8.25	8.55	9.49	9.42	8.93	4	0
11/09/2015 07:50	8.63	8.93	9.92	9.83	9.33	4	0
11/09/2015 07:55	8.65	9.09	9.82	10.16	9.43	4	0
11/09/2015 08:00	9.06	9.36	10.4	10.3	9.78	4	0
11/09/2015 08:05	9.3	9.6	10.66	10.56	10.03	4	0
11/09/2015 08:10	10.09	9.7	10.63	10.47	10.22	4	0
11/09/2015 08:15	9.47	9.51	10.42	10.26	9.91	4	0
11/09/2015 08:20	9.89	10.27	11.33	11.24	10.68	4	0
11/09/2015 08:25	8.95	9.25	10.27	10.18	9.67	4	0
11/09/2015 08:30	9.73	9.8	10.74	10.58	10.21	4	0
11/09/2015 08:35	10.79	11.17	12.21	12.24	11.6	4	0
11/09/2015 08:40	9.05	8.83	9.68	9.54	9.28	4	0
11/09/2015 08:45	8.6	8.64	9.47	9.33	9.01	4	0
11/09/2015 08:50	8.33	8.64	9.58	9.51	9.01	4	0
11/09/2015 08:55	8.07	8.38	9.29	9.23	8.74	4	0
11/09/2015 09:00	9.01	8.79	9.64	9.5	9.24	4	0
11/09/2015 09:05	9.21	8.97	9.83	9.69	9.42	4	0
11/09/2015 09:10	8.84	8.67	9.51	9.37	9.1	4	0
11/09/2015 09:15	9	9.3	10.19	10.04	9.63	4	0
11/09/2015 09:20	8.81	8.63	9.46	9.33	9.06	4	0
11/09/2015 09:25	9.04	9.09	9.96	9.82	9.48	4	0
11/09/2015 09:30	8.95	9.16	10.04	9.9	9.51	4	0
11/09/2015 09:35	8.92	9.22	10.24	10.14	9.63	4	0
11/09/2015 09:40	8.82	8.83	9.67	9.54	9.21	4	0
11/09/2015 09:45	8.9	8.71	9.55	9.41	9.14	4	0
11/09/2015 09:50	8.56	8.94	9.89	9.76	9.28	4	0
11/09/2015 09:55	8.4	8.46	9.28	9.15	8.82	4	0
11/09/2015 10:00	8.43	8.81	9.74	9.61	9.15	4	0
11/09/2015 10:05	9.1	8.87	9.72	9.58	9.32	4	0
11/09/2015 10:10	9.13	8.9	9.75	9.62	9.35	4	0
11/09/2015 10:15	7.33	7.63	8.46	8.35	7.94	4	0
11/09/2015 10:20	9.3	9.35	10.25	10.1	9.75	4	0
11/09/2015 10:25	7.74	8.12	8.96	8.85	8.42	4	0
11/09/2015 10:30	8.2	8.17	8.95	8.84	8.54	4	0
11/09/2015 10:35	8.44	8.52	9.34	9.22	8.88	4	0
11/09/2015 10:40	7.14	7.45	8.25	8.21	7.76	4	0
11/09/2015 10:45	8.71	8.76	9.6	9.46	9.13	4	0
11/09/2015 10:50	8.73	8.56	9.38	9.26	8.98	4	0
11/09/2015 10:55	9.56	9.46	10.37	10.22	9.9	4	0
11/09/2015 11:00	10.04	9.98	10.94	10.77	10.43	4	0
11/09/2015 11:05	10.63	10.3	11.29	11.11	10.83	4	0
11/09/2015 11:10	10.93	10.4	11.4	11.22	10.99	4	0
11/09/2015 11:15	10.68	11.06	12.23	12.03	11.5	4	0
11/09/2015 11:20	9.82	9.48	10.39	10.23	9.98	4	0
11/09/2015 11:25	10.22	9.81	10.75	10.59	10.34	4	0
11/09/2015 11:30	10.52	10.9	12.11	11.94	11.37	4	0
11/09/2015 11:35	10.87	10.79	11.83	11.63	11.28	4	0
11/09/2015 11:40	10.46	10.01	10.96	10.79	10.56	4	0
11/09/2015 11:45	8.64	9.02	9.98	9.91	9.39	4	0
11/09/2015 11:50	10.59	10.7	11.72	11.54	11.14	4	0
11/09/2015 11:55	10.81	10.44	11.44	11.25	10.98	4	0
11/09/2015 12:00	11.29	10.73	11.76	11.57	11.34	4	0
11/09/2015 12:05	10.7	11.08	12.32	12.14	11.56	4	0
11/09/2015 12:10	11.6	11.93	13.04	12.85	12.36	4	0
11/09/2015 12:15	10.53	10.91	12.12	11.95	11.38	4	0
11/09/2015 12:20	12.71	12.81	14.35	14.68	13.64	4	0
11/09/2015 12:25	11.34	10.74	11.77	11.58	11.36	4	0
11/09/2015 12:30	10.31	10.3	11.29	11.11	10.75	4	0
11/09/2015 12:35	10.15	10.1	11.07	10.89	10.55	4	0
11/09/2015 12:40	9.94	10.25	11.38	11.21	10.7	4	0
11/09/2015 12:45	10.54	11.01	11.88	12.6	11.51	4	0
11/09/2015 12:50	12.51	12.2	13.15	13.98	12.96	4	0
11/09/2015 12:55	11.69	11.55	12.65	12.44	12.08	4	0
11/09/2015 13:00	11.8	12.17	13.56	13.36	12.72	4	0
11/09/2015 13:05	11.48	11.97	12.91	13.17	12.38	4	0
11/09/2015 13:10	10.79	10.78	11.81	11.62	11.25	4	0
11/09/2015 13:15	10.18	10.37	11.36	11.18	10.77	4	0
11/09/2015 13:20	10.89	10.66	11.68	11.49	11.18	4	0
11/09/2015 13:25	10.98	11.28	12.35	12.16	11.69	4	0
11/09/2015 13:30	12.04	12.03	13.61	13.98	12.92	4	0
11/09/2015 13:35	10.21	9.8	10.74	10.58	10.33	4	0
11/09/2015 13:40	10.79	11.27	12.16	12.46	11.67	4	0
11/09/2015 13:45	10.06	10.44	11.53	11.35	10.84	4	0
11/09/2015 13:50	10.61	10.54	11.55	11.36	11.02	4	0
11/09/2015 13:55	9.88	10.26	11.39	11.23	10.69	4	0
11/09/2015 14:00	11.14	11.16	12.62	12.93	11.96	4	0
11/09/2015 14:05	11.14	11.16	12.61	12.77	11.92	4	0
11/09/2015 14:10	14.77	14.69	16.63	17.17	15.81	4	0
11/09/2015 14:15	21.18	20.92	23.72	24.67	22.62	4	0
11/09/2015 14:20	23.35	23.47	26.39	25.95	24.79	4	0
11/09/2015 14:25	14.72	13.56	15.01	14.78	14.52	4	0
11/09/2015 14:30	10.29	9.86	10.81	10.64	10.4	4	0
11/09/2015 14:35	12.86	13.02	14.53	14.93	13.83	4	0
11/09/2015 14:40	14.59	13.97	15.6	15.36	14.88	4	0
11/09/2015 14:45	15.53	15.9	17.79	17.51	16.69	4	0
11/09/2015 14:50	17.48	17.59	19.71	20.34	18.78	4	0
11/09/2015 14:55	22.45	20.75	23.53	24.47	22.8	4	0
11/09/2015 15:00	24.39	24.69	27.46	27.22	25.94	4	0
11/09/2015 15:05	20.19	19.95	22.61	23.5	21.56	4	0
11/09/2015 15:10	21.65	22	24.72	24.31	23.17	4	0
11/09/2015 15:15	24.3	22.21	24.32	24.27	23.77	4	0
11/09/2015 15:20	20.63	20.38	23.1	24.02	22.03	4	0
11/09/2015 15:25	22.52	20.44	22.77	22.48	22.05	4	0
11/09/2015 15:30	27.81	25.95	28.93	28.97	27.91	4	0
11/09/2015 15:35	27.77	24.47	26.81	26.5	26.39	4	0
11/09/2015 15:40	21.28	20.11	22.57	22.2	21.54	4	0
11/09/2015 15:45	24.49	21.79	24.48	25.08	23.96	4	0
11/09/2015 15:50	27.17	26.09	28.88	29.11	27.81	4	0
11/09/2015 15:55	28.25	27.09	29.66	29.01	28.5	4	0
11/09/2015 16:00	29.72	29.16	32.28	32.54	30.92	4	0
11/09/2015 16:05	24.28	23.17	25.82	25.33	24.65	4	0
11/09/2015 16:10	23.62	21	23.36	23.36	22.84	4	0
11/09/2015 16:15	23.64	22.81	25.24	25.45	24.29	4	0
11/09/2015 16:20	29.72	26.1	28.71	29.95	28.62	4	0
11/09/2015 16:25	29.54	25.94	28.41	27.79	27.92	4	0
11/09/2015 16:30	29.33	29.65	33.06	32.38	31.11	4	0
11/09/2015 16:35	31	27.17	29.76	30.65	29.64	4	0
11/09/2015 16:40	25.46	24.86	27.71	27.21	26.31	4	0
11/09/2015 16:45	27.75	24.45	26.77	26.2	26.29	4	0
11/09/2015 16:50	23.6	20.99	22.98	22.5	22.52	4	0
11/09/2015 16:55	26.6	25.56	28.3	28.53	27.25	4	0
11/09/2015 17:00	28.57	25.36	27.77	27.17	27.22	4	0
11/09/2015 17:05	28.12	27.74	30.93	30.31	29.28	4	0
11/09/2015 17:10	29.8	27.14	29.72	29.07	28.93	4	0
11/09/2015 17:15	29.2	25.66	28.1	27.49	27.61	4	0
11/09/2015 17:20	28.48	25.46	28.89	30.14	28.24	4	0
11/09/2015 17:25	28.23	27.36	30.51	29.89	29	4	0
11/09/2015 17:30	32.12	28.1	30.93	30.3	30.36	4	0
11/09/2015 17:35	31.45	31.67	35.14	34.36	33.16	4	0
11/09/2015 17:40	33.47	29.23	32	31.3	31.5	4	0
11/09/2015 17:45	34.18	30.24	33.11	32.37	32.47	4	0
11/09/2015 17:50	28.87	26.3	29.6	29.1	28.47	4	0
11/09/2015 17:55	29.47	28.97	32.87	32.52	30.96	4	0
11/09/2015 18:00	28.98	25.79	29.26	30.54	28.64	4	0
11/09/2015 18:05	34.04	29.71	32.53	31.81	32.02	4	0
11/09/2015 18:10	25.56	25.69	28.64	29.79	27.42	4	0
11/09/2015 18:15	31.17	28.9	32.22	31.57	30.96	4	0
11/09/2015 18:20	27.63	24.35	26.66	26.09	26.19	4	0
11/09/2015 18:25	28.86	25.38	28.25	27.69	27.55	4	0
11/09/2015 18:30	31.26	30.32	33.57	33.72	32.22	4	0
11/09/2015 18:35	23.48	23.84	26.8	26.35	25.12	4	0
11/09/2015 18:40	26.03	26.34	29.37	28.78	27.63	4	0
11/09/2015 18:45	23.9	21.24	23.8	23.41	23.09	4	0
11/09/2015 18:50	25.34	22.44	24.57	25.15	24.38	4	0
11/09/2015 18:55	22.85	20.83	23.21	22.78	22.42	4	0
11/09/2015 19:00	23.27	20.71	22.68	22.21	22.22	4	0
11/09/2015 19:05	21.6	21.32	24.17	25.09	23.05	4	0
11/09/2015 19:10	15.44	15.34	17.37	17.95	16.52	4	0
11/09/2015 19:15	19.67	19.44	22.04	22.7	20.96	4	0
11/09/2015 19:20	16.02	15.9	18	17.66	16.89	4	0
11/09/2015 19:25	16.96	16.92	19.05	18.79	17.93	4	0
11/09/2015 19:30	16.32	16.19	18.34	18.98	17.46	4	0
11/09/2015 19:35	15.4	14.59	15.98	15.68	15.41	4	0
11/09/2015 19:40	16.2	16.07	17.74	17.39	16.85	4	0
11/09/2015 19:45	12.99	12.51	13.7	13.46	13.16	4	0
11/09/2015 19:50	11.84	11.81	12.93	12.71	12.32	4	0
11/09/2015 19:55	9.18	8.99	9.8	10.25	9.56	4	0
11/09/2015 20:00	8.06	8	8.77	8.66	8.37	4	0
11/09/2015 20:05	8.7	8.54	9.36	9.23	8.96	4	0
11/09/2015 20:10	8.42	8.33	9.14	9.01	8.73	4	0
11/09/2015 20:15	7.41	7.55	8.49	8.57	8	4	0
11/09/2015 20:20	8.15	8.38	9.19	9.07	8.7	4	0
11/09/2015 20:25	7.66	7.97	8.74	8.63	8.25	4	0
11/09/2015 20:30	7.27	7.66	8.42	8.32	7.92	4	0
11/09/2015 20:35	7.25	7.33	8.09	8.13	7.7	4	0
11/09/2015 20:40	7.6	7.62	8.36	8.37	7.99	4	0
11/09/2015 20:45	7.63	7.65	8.38	8.28	7.98	4	0
11/09/2015 20:50	7.81	7.92	8.69	8.57	8.25	4	0
11/09/2015 20:55	7.93	8.16	9	8.88	8.49	4	0
11/09/2015 21:00	8.53	8.4	9.2	9.08	8.8	4	0
11/09/2015 21:05	7.9	7.9	8.66	8.55	8.26	4	0
11/09/2015 21:10	6.79	7.17	7.88	7.79	7.41	4	0
11/09/2015 21:15	7.45	7.49	8.21	8.11	7.82	4	0
11/09/2015 21:20	6.81	6.96	7.63	7.54	7.24	4	0
11/09/2015 21:25	7.6	7.62	8.35	8.25	7.95	4	0
11/09/2015 21:30	7.49	7.52	8.25	8.15	7.85	4	0
11/09/2015 21:35	7.24	7.54	8.36	8.32	7.86	4	0
11/09/2015 21:40	7.25	7.47	8.19	8.09	7.75	4	0
11/09/2015 21:45	7.41	7.79	8.59	8.48	8.07	4	0
11/09/2015 21:50	6.48	6.86	7.53	7.44	7.08	4	0
11/09/2015 21:55	7.2	7.28	7.99	7.89	7.59	4	0
11/09/2015 22:00	6.46	6.66	7.31	7.23	6.91	4	0
11/09/2015 22:05	6.73	6.89	7.56	7.47	7.16	4	0
11/09/2015 22:10	6.03	6.31	6.92	6.85	6.53	4	0
11/09/2015 22:15	6.29	6.68	7.24	7.49	6.92	4	0
11/09/2015 22:20	5.87	6.26	6.84	6.77	6.43	4	0
11/09/2015 22:25	6.28	6.58	7.29	7.27	6.85	4	0
11/09/2015 22:30	5.85	6.22	6.82	6.74	6.41	4	0
11/09/2015 22:35	5.65	6.03	6.59	6.52	6.2	4	0
11/09/2015 22:40	5.31	5.63	6.22	6.21	5.84	4	0
11/09/2015 22:45	5.23	5.59	6.08	6.3	5.8	4	0
11/09/2015 22:50	5.55	5.8	6.44	6.39	6.05	4	0
11/09/2015 22:55	5.04	5.23	5.87	5.78	5.48	4	0
11/09/2015 23:00	5.07	5.47	6	5.96	5.63	4	0
11/09/2015 23:05	5.17	5.59	6.13	6.08	5.74	4	0
11/09/2015 23:10	5.31	5.7	6.21	6.14	5.84	4	0
11/09/2015 23:15	5.04	5.48	6.01	5.97	5.62	4	0
11/09/2015 23:20	5.29	5.6	6.18	6.2	5.82	4	0
11/09/2015 23:25	4.41	4.85	5.25	5.2	4.93	4	0
11/09/2015 23:30	4.53	5.02	5.44	5.39	5.1	4	0
11/09/2015 23:35	3.95	4.48	4.92	4.98	4.58	4	0
11/09/2015 23:40	3.67	4.07	4.35	4.36	4.11	4	0
11/09/2015 23:45	3.6	4.16	4.56	4.62	4.24	4	0
11/09/2015 23:50	3.78	4.33	4.75	4.81	4.42	4	0
11/09/2015 23:55	3.53	4.17	4.47	4.51	4.17	4	0
11/10/2015 00:00	3.18	3.89	4.27	4.25	3.9	4	0
11/10/2015 00:05	3.31	3.99	4.39	4.43	4.03	4	0
11/10/2015 00:10	3.58	4.07	4.43	4.4	4.12	4	0
11/10/2015 00:15	3.38	3.81	4.17	4.23	3.9	4	0
11/10/2015 00:20	3.15	3.6	3.94	4	3.67	4	0
11/10/2015 00:25	3.18	3.87	4.25	4.26	3.89	4	0
11/10/2015 00:30	3.13	3.56	3.8	3.85	3.59	4	0
11/10/2015 00:35	2.74	3.5	3.84	3.86	3.48	4	0
11/10/2015 00:40	2.85	3.21	3.52	3.61	3.3	4	0
11/10/2015 00:45	2.98	3.5	3.85	3.89	3.56	4	0
11/10/2015 00:50	2.67	3.29	3.6	3.66	3.31	4	0
11/10/2015 00:55	2.94	3.37	3.69	3.74	3.43	4	0
11/10/2015 01:00	2.76	3.32	3.58	3.61	3.32	4	0
11/10/2015 01:05	2.78	3.38	3.65	3.65	3.36	4	0
11/10/2015 01:10	2.45	2.93	3.14	3.18	2.92	4	0
11/10/2015 01:15	2.57	3.2	3.49	3.49	3.19	4	0
11/10/2015 01:20	2.42	2.85	3.12	3.16	2.89	4	0
11/10/2015 01:25	2.36	2.83	3.12	3.09	2.85	4	0
11/10/2015 01:30	2.63	3.14	3.45	3.45	3.17	4	0
11/10/2015 01:35	2.42	3.05	3.33	3.38	3.05	4	0
11/10/2015 01:40	2.31	2.64	2.89	2.84	2.67	4	0
11/10/2015 01:45	2.29	2.94	3.21	3.27	2.93	4	0
11/10/2015 01:50	2.37	2.95	3.23	3.32	2.97	4	0
11/10/2015 01:55	2.87	3.23	3.44	3.43	3.24	4	0
11/10/2015 02:00	2.57	3.24	3.55	3.64	3.25	4	0
11/10/2015 02:05	2.37	3.21	3.53	3.53	3.16	4	0
11/10/2015 02:10	2.68	3.27	3.46	3.54	3.24	4	0
11/10/2015 02:15	2.62	3.25	3.55	3.59	3.25	4	0
11/10/2015 02:20	2.24	2.76	3	3.05	2.76	4	0
11/10/2015 02:25	2.27	2.91	3.04	3.03	2.81	4	0
11/10/2015 02:30	2.51	3.17	3.48	3.5	3.16	4	0
11/10/2015 02:35	2.32	2.71	2.82	2.82	2.66	4	0
11/10/2015 02:40	2.47	2.98	3.25	3.31	3	4	0
11/10/2015 02:45	2.32	2.62	2.86	2.96	2.69	4	0
11/10/2015 02:50	2.49	3.3	3.63	3.65	3.27	4	0
11/10/2015 02:55	2.26	2.75	3	3.06	2.77	4	0
11/10/2015 03:00	2.36	3.04	3.35	3.37	3.03	4	0
11/10/2015 03:05	2.55	3.12	3.42	3.5	3.15	4	0
11/10/2015 03:10	2.3	2.93	3.2	3.25	2.92	4	0
11/10/2015 03:15	2.47	3.22	3.53	3.61	3.21	4	0
11/10/2015 03:20	2.37	3.25	3.57	3.59	3.19	4	0
11/10/2015 03:25	2.26	2.6	2.85	2.79	2.62	4	0
11/10/2015 03:30	2.45	2.98	3.27	3.26	2.99	4	0
11/10/2015 03:35	2.75	3.35	3.6	3.68	3.34	4	0
11/10/2015 03:40	3.04	3.79	4.17	4.19	3.8	4	0
11/10/2015 03:45	2.8	3.23	3.54	3.55	3.28	4	0
11/10/2015 03:50	2.96	3.7	4.07	4.07	3.7	4	0
11/10/2015 03:55	3.06	3.46	3.8	3.87	3.55	4	0
11/10/2015 04:00	3.06	3.45	3.74	3.81	3.52	4	0
11/10/2015 04:05	3.67	3.97	4.37	4.43	4.11	4	0
11/10/2015 04:10	3.46	4.01	4.31	4.37	4.04	4	0
11/10/2015 04:15	3.34	3.91	4.29	4.35	3.97	4	0
11/10/2015 04:20	3.41	3.97	4.36	4.42	4.04	4	0
11/10/2015 04:25	4.06	4.61	5.07	5.09	4.71	4	0
11/10/2015 04:30	4	4.53	4.97	4.97	4.62	4	0
11/10/2015 04:35	4.08	4.55	4.99	5.06	4.67	4	0
11/10/2015 04:40	4.9	5.29	5.77	5.74	5.43	4	0
11/10/2015 04:45	3.84	4.18	4.56	4.65	4.31	4	0
11/10/2015 04:50	4.88	5.35	5.87	5.84	5.49	4	0
11/10/2015 04:55	4.68	5.18	5.66	5.61	5.28	4	0
11/10/2015 05:00	5.21	5.64	6.16	6.12	5.78	4	0
11/10/2015 05:05	5.35	5.66	6.25	6.26	5.88	4	0
11/10/2015 05:10	4.99	5.45	5.99	6.07	5.63	4	0
11/10/2015 05:15	5.98	6.36	6.96	7	6.58	4	0
11/10/2015 05:20	6.04	6.43	7.08	7.16	6.68	4	0
11/10/2015 05:25	6.52	6.91	7.58	7.49	7.13	4	0
11/10/2015 05:30	6.45	6.77	7.48	7.54	7.06	4	0
11/10/2015 05:35	7.41	7.7	8.49	8.58	8.05	4	0
11/10/2015 05:40	7.47	7.85	8.65	8.55	8.13	4	0
11/10/2015 05:45	7.45	7.74	8.53	8.62	8.09	4	0
11/10/2015 05:50	7.03	7.42	8.16	8.06	7.67	4	0
11/10/2015 05:55	7.21	7.59	8.36	8.25	7.85	4	0
11/10/2015 06:00	7.56	7.86	8.72	8.66	8.2	4	0
11/10/2015 06:05	7.16	7.47	8.23	8.32	7.8	4	0
11/10/2015 06:10	7.49	7.87	8.68	8.57	8.15	4	0
11/10/2015 06:15	7.74	8.04	8.92	8.86	8.39	4	0
11/10/2015 06:20	7.4	7.7	8.54	8.49	8.03	4	0
11/10/2015 06:25	6.96	7.26	8.05	8.01	7.57	4	0
11/10/2015 06:30	7.35	7.64	8.43	8.52	7.99	4	0
11/10/2015 06:35	7.54	7.93	8.74	8.63	8.21	4	0
11/10/2015 06:40	7.75	8.02	8.85	8.94	8.39	4	0
11/10/2015 06:45	7.88	8.19	9.08	9.02	8.54	4	0
11/10/2015 06:50	6.7	7.04	7.76	7.75	7.31	4	0
11/10/2015 06:55	8.61	8.94	9.79	9.65	9.25	4	0
11/10/2015 07:00	6.98	7.36	8.1	8	7.61	4	0
11/10/2015 07:05	7.33	7.63	8.41	8.5	7.97	4	0
11/10/2015 07:10	8.17	8.47	9.4	9.33	8.84	4	0
11/10/2015 07:15	7.69	8.07	8.9	8.79	8.36	4	0
11/10/2015 07:20	7.37	7.78	8.42	8.84	8.1	4	0
11/10/2015 07:25	7.53	7.94	8.59	9.03	8.27	4	0
11/10/2015 07:30	7.55	7.96	8.62	9.05	8.3	4	0
11/10/2015 07:35	7.36	7.66	8.44	8.7	8.04	4	0
11/10/2015 07:40	7.95	8.37	9.05	9.53	8.72	4	0
11/10/2015 07:45	8.51	8.89	9.67	9.7	9.19	4	0
11/10/2015 07:50	8.14	8.56	9.26	9.75	8.93	4	0
11/10/2015 07:55	9.18	9.62	10.39	10.53	9.93	4	0
11/10/2015 08:00	9.37	9.75	10.71	10.66	10.12	4	0
11/10/2015 08:05	8.84	9.28	10.03	10.41	9.64	4	0
11/10/2015 08:10	8.81	9.24	9.99	10.31	9.59	4	0
11/10/2015 08:15	7.84	8.26	8.94	9.4	8.61	4	0
11/10/2015 08:20	8.79	9.23	9.97	10.52	9.63	4	0
11/10/2015 08:25	10.65	10.68	12.07	12.35	11.44	4	0
11/10/2015 08:30	10.28	10.32	11.67	11.92	11.05	4	0
11/10/2015 08:35	9.28	9.72	10.5	10.69	10.05	4	0
11/10/2015 08:40	10.5	10.54	11.91	12.17	11.28	4	0
11/10/2015 08:45	7.93	8.04	9.07	9.17	8.56	4	0
11/10/2015 08:50	8.59	9.02	9.75	10.27	9.41	4	0
11/10/2015 08:55	7.92	8.34	9.02	9.49	8.69	4	0
11/10/2015 09:00	8.83	9.22	10.2	10.06	9.58	4	0
11/10/2015 09:05	8.01	8.44	9.12	9.6	8.79	4	0
11/10/2015 09:10	9.12	9.35	10.25	10.1	9.71	4	0
11/10/2015 09:15	9.04	8.82	9.67	9.53	9.26	4	0
11/10/2015 09:20	8.6	8.84	9.69	9.55	9.17	4	0
11/10/2015 09:25	7.8	8.11	8.99	8.93	8.46	4	0
11/10/2015 09:30	8.3	8.2	8.99	8.87	8.59	4	0
11/10/2015 09:35	9.4	9.47	10.52	10.42	9.95	4	0
11/10/2015 09:40	9.5	9.51	10.47	10.32	9.95	4	0
11/10/2015 09:45	9.14	9.23	10.18	10.03	9.64	4	0
11/10/2015 09:50	8.42	8.8	9.69	9.56	9.12	4	0
11/10/2015 09:55	8.29	8.67	9.58	9.46	9	4	0
11/10/2015 10:00	8.17	8.55	9.45	9.33	8.88	4	0
11/10/2015 10:05	9.52	9.57	10.49	10.33	9.98	4	0
11/10/2015 10:10	9.06	9.44	10.45	10.31	9.81	4	0
11/10/2015 10:15	7.99	8.37	9.24	9.12	8.68	4	0
11/10/2015 10:20	8.68	9.06	10.02	9.89	9.41	4	0
11/10/2015 10:25	8.41	8.79	9.72	9.59	9.13	4	0
11/10/2015 10:30	9.29	9.03	9.9	9.76	9.5	4	0
11/10/2015 10:35	9.37	9.42	10.33	10.17	9.82	4	0
11/10/2015 10:40	9.7	10.09	11.19	11.02	10.5	4	0
11/10/2015 10:45	8.43	8.32	9.12	8.99	8.71	4	0
11/10/2015 10:50	9.51	9.5	10.41	10.26	9.92	4	0
11/10/2015 10:55	9.87	9.86	10.87	10.72	10.33	4	0
11/10/2015 11:00	10.75	10.69	11.81	11.63	11.22	4	0
11/10/2015 11:05	8.82	9.2	10.19	10.05	9.56	4	0
11/10/2015 11:10	10.17	9.77	10.7	10.54	10.29	4	0
11/10/2015 11:15	10.67	10.62	11.72	11.56	11.14	4	0
11/10/2015 11:20	10.35	10.29	11.35	11.18	10.79	4	0
11/10/2015 11:25	8.61	8.99	9.95	9.82	9.34	4	0
11/10/2015 11:30	9.94	9.94	10.97	10.81	10.41	4	0
11/10/2015 11:35	9.88	9.86	10.87	10.71	10.33	4	0
11/10/2015 11:40	9.64	10.02	11.11	10.96	10.43	4	0
11/10/2015 11:45	9.63	9.81	10.76	10.59	10.2	4	0
11/10/2015 11:50	9.57	9.95	11.02	10.85	10.35	4	0
11/10/2015 11:55	9.16	9.11	9.98	9.92	9.54	4	0
11/10/2015 12:00	9.39	9.78	10.84	10.69	10.17	4	0
11/10/2015 12:05	10.23	10.33	11.32	11.14	10.76	4	0
11/10/2015 12:10	9.85	10.23	11.35	11.19	10.65	4	0
11/10/2015 12:15	10.67	10.18	11.16	10.98	10.75	4	0
11/10/2015 12:20	9.81	10.11	11.23	11.11	10.57	4	0
11/10/2015 12:25	11.16	10.81	11.85	11.65	11.37	4	0
11/10/2015 12:30	10.83	10.72	11.74	11.62	11.23	4	0
11/10/2015 12:35	10.44	10.18	11.15	10.98	10.69	4	0
11/10/2015 12:40	10.57	10.23	11.21	11.03	10.76	4	0
11/10/2015 12:45	8.07	8.3	9.1	8.98	8.61	4	0
11/10/2015 12:50	9.34	9.72	10.77	10.63	10.12	4	0
11/10/2015 12:55	10.06	10.44	11.58	11.39	10.86	4	0
11/10/2015 13:00	12.44	11.66	12.78	12.9	12.45	4	0
11/10/2015 13:05	14.89	14.75	16.7	16.7	15.76	4	0
11/10/2015 13:10	14.49	14.68	16.32	16.86	15.59	4	0
11/10/2015 13:15	13.59	13.54	15.32	15.48	14.48	4	0
11/10/2015 13:20	13.05	12.17	13.51	13.36	13.02	4	0
11/10/2015 13:25	12.29	12.28	13.86	13.65	13.02	4	0
11/10/2015 13:30	12.8	13.18	14.51	14.25	13.69	4	0
11/10/2015 13:35	11.67	11.73	13.05	13.22	12.42	4	0
11/10/2015 13:40	15.19	15.32	16.78	16.46	15.94	4	0
11/10/2015 13:45	16.1	16.4	18.26	17.94	17.18	4	0
11/10/2015 13:50	17.1	16.72	18.72	18.42	17.74	4	0
11/10/2015 13:55	16.61	16.98	19.02	18.72	17.83	4	0
11/10/2015 14:00	15.67	16.04	17.95	17.67	16.84	4	0
11/10/2015 14:05	15.21	15.58	17.43	17.15	16.34	4	0
11/10/2015 14:10	16.75	16.52	18.39	18.09	17.44	4	0
11/10/2015 14:15	23.41	21.94	24.03	23.53	23.23	4	0
11/10/2015 14:20	15.44	15.81	17.69	17.41	16.59	4	0
11/10/2015 14:25	19.61	17.78	19.92	19.6	19.23	4	0
11/10/2015 14:30	28.9	25.73	28.18	27.57	27.59	4	0
11/10/2015 14:35	36.39	35.07	38.84	39.14	37.36	4	0
11/10/2015 14:40	23.19	22.67	25.27	25.4	24.13	4	0
11/10/2015 14:45	30.2	28	30.66	29.99	29.71	4	0
11/10/2015 14:50	25.17	22.51	25.09	24.61	24.35	4	0
11/10/2015 14:55	34.17	30.19	34.64	36.19	33.8	4	0
11/10/2015 15:00	17.9	17.33	19.3	18.97	18.37	4	0
11/10/2015 15:05	20.23	20.07	22.66	23.55	21.62	4	0
11/10/2015 15:10	25.32	23.26	25.92	25.43	24.98	4	0
11/10/2015 15:15	24.67	23.1	25.97	25.54	24.82	4	0
11/10/2015 15:20	20.41	20.72	23.09	22.67	21.72	4	0
11/10/2015 15:25	22.49	21.57	24.04	24.89	23.25	4	0
11/10/2015 15:30	26.57	24.52	26.85	26.32	26.06	4	0
11/10/2015 15:35	27.74	27.93	31.15	30.51	29.33	4	0
11/10/2015 15:40	29.4	25.89	29.14	28.65	28.27	4	0
11/10/2015 15:45	32.26	28.22	30.89	30.22	30.4	4	0
11/10/2015 15:50	26.78	23.64	25.88	25.33	25.41	4	0
11/10/2015 15:55	24.53	22.35	25.12	25.68	24.42	4	0
11/10/2015 16:00	31.73	29.08	31.83	31.13	30.94	4	0
11/10/2015 16:05	29.01	25.78	29.01	28.52	28.08	4	0
11/10/2015 16:10	26.14	24.32	27.34	27.98	26.45	4	0
11/10/2015 16:15	22.39	20.92	23.5	24.13	22.74	4	0
11/10/2015 16:20	25.79	22.82	24.98	24.46	24.51	4	0
11/10/2015 16:25	30.98	27.15	29.73	29.08	29.24	4	0
11/10/2015 16:30	31.67	27.73	30.36	29.69	29.86	4	0
11/10/2015 16:35	27.31	27.46	30.61	30	28.85	4	0
11/10/2015 16:40	25.77	25.37	28.78	30.03	27.49	4	0
11/10/2015 16:45	21.11	20.91	23.29	22.87	22.04	4	0
11/10/2015 16:50	27.09	23.9	26.17	25.62	25.7	4	0
11/10/2015 16:55	30.78	29.89	32.72	32	31.35	4	0
11/10/2015 17:00	34.98	33.82	38.14	37.48	36.1	4	0
11/10/2015 17:05	40.84	35.53	39.64	38.79	38.7	4	0
11/10/2015 17:10	33.44	31.93	35.61	35.63	34.15	4	0
11/10/2015 17:15	27.92	24.59	27.24	26.78	26.63	4	0
11/10/2015 17:20	32.82	28.69	31.41	30.72	30.91	4	0
11/10/2015 17:25	35.77	33.32	37.17	36.38	35.66	4	0
11/10/2015 17:30	31.32	28.23	31.47	30.83	30.46	4	0
11/10/2015 17:35	37.84	33.01	36.82	36.05	35.93	4	0
11/10/2015 17:40	34.23	34.02	37.95	38.3	36.12	4	0
11/10/2015 17:45	33.35	32.03	35.7	34.95	34.01	4	0
11/10/2015 17:50	33.45	30.6	33.5	32.75	32.57	4	0
11/10/2015 17:55	38.9	33.77	36.96	36.13	36.44	4	0
11/10/2015 18:00	30.97	27.87	31.08	30.45	30.09	4	0
11/10/2015 18:05	23.77	24.08	26.84	26.32	25.26	4	0
11/10/2015 18:10	26.66	23.71	26.66	26.21	25.81	4	0
11/10/2015 18:15	31.54	28.56	31.26	31.72	30.77	4	0
11/10/2015 18:20	31.59	31.9	35.58	34.83	33.47	4	0
11/10/2015 18:25	25.95	23.83	27.03	28.18	26.25	4	0
11/10/2015 18:30	27.5	24.24	26.54	25.98	26.06	4	0
11/10/2015 18:35	28.97	28.51	31.22	30.53	29.81	4	0
11/10/2015 18:40	31.21	28.63	31.92	31.27	30.76	4	0
11/10/2015 18:45	27.34	24.48	27.76	28.95	27.13	4	0
11/10/2015 18:50	29	28.09	31.63	31.09	29.95	4	0
11/10/2015 18:55	25.69	25.3	28.7	29.94	27.41	4	0
11/10/2015 19:00	20.91	20.91	22.9	22.43	21.79	4	0
11/10/2015 19:05	24.85	25.16	28.05	27.5	26.39	4	0
11/10/2015 19:10	26.87	25.52	28.45	27.89	27.18	4	0
11/10/2015 19:15	26.63	25.96	29.33	30.61	28.13	4	0
11/10/2015 19:20	25.49	25.42	28.34	27.78	26.76	4	0
11/10/2015 19:25	24.68	23.3	25.97	25.47	24.86	4	0
11/10/2015 19:30	26.87	23.71	25.96	25.41	25.49	4	0
11/10/2015 19:35	22.08	19.71	21.59	21.15	21.13	4	0
11/10/2015 19:40	20.25	18.23	20.3	19.95	19.68	4	0
11/10/2015 19:45	23.84	23.54	26.05	26.26	24.92	4	0
11/10/2015 19:50	26.95	23.79	26.05	25.49	25.57	4	0
11/10/2015 19:55	22.31	21.61	24.08	23.64	22.91	4	0
11/10/2015 20:00	27.51	27.82	31.02	30.39	29.18	4	0
11/10/2015 20:05	21.72	21.38	23.83	24.15	22.77	4	0
11/10/2015 20:10	18.99	18.14	19.87	19.85	19.21	4	0
11/10/2015 20:15	14	14.36	16.04	16.27	15.17	4	0
11/10/2015 20:20	15.4	15.7	17.35	17.01	16.36	4	0
11/10/2015 20:25	14.05	13	14.25	13.99	13.82	4	0
11/10/2015 20:30	10.41	10.45	11.81	12.07	11.19	4	0
11/10/2015 20:35	8.19	8.53	9.36	9.24	8.83	4	0
11/10/2015 20:40	8.27	8.55	9.44	9.48	8.94	4	0
11/10/2015 20:45	9.03	8.81	9.66	9.52	9.26	4	0
11/10/2015 20:50	8.12	8.23	9.23	9.1	8.67	4	0
11/10/2015 20:55	8.35	8.25	9.04	8.92	8.64	4	0
11/10/2015 21:00	7.91	7.88	8.75	8.83	8.34	4	0
11/10/2015 21:05	8.55	8.83	9.68	9.54	9.15	4	0
11/10/2015 21:10	8.69	8.97	9.83	9.69	9.29	4	0
11/10/2015 21:15	8.42	8.72	9.66	9.52	9.08	4	0
11/10/2015 21:20	7.61	7.73	8.72	8.8	8.22	4	0
11/10/2015 21:25	8.48	8.35	9.16	9.03	8.75	4	0
11/10/2015 21:30	7.83	7.94	8.96	9.05	8.44	4	0
11/10/2015 21:35	7.37	7.69	8.42	8.33	7.96	4	0
11/10/2015 21:40	8.58	8.44	9.25	9.31	8.9	4	0
11/10/2015 21:45	8.3	8.4	9.21	9.08	8.75	4	0
11/10/2015 21:50	7.27	7.4	8.34	8.4	7.85	4	0
11/10/2015 21:55	7.85	8.14	8.92	8.8	8.43	4	0
11/10/2015 22:00	7.55	7.58	8.31	8.21	7.91	4	0
11/10/2015 22:05	7.52	7.55	8.28	8.18	7.88	4	0
11/10/2015 22:10	7.12	7.22	8.09	8.13	7.64	4	0
11/10/2015 22:15	7.48	7.52	8.24	8.14	7.84	4	0
11/10/2015 22:20	7.7	8.1	8.78	8.82	8.35	4	0
11/10/2015 22:25	6.95	7.07	7.76	7.67	7.36	4	0
11/10/2015 22:30	6.92	7.16	7.85	7.76	7.42	4	0
11/10/2015 22:35	6.64	6.82	7.47	7.39	7.08	4	0
11/10/2015 22:40	6.35	6.58	7.31	7.31	6.89	4	0
11/10/2015 22:45	6.27	6.51	7.14	7.07	6.75	4	0
11/10/2015 22:50	5.89	6.19	6.79	6.73	6.4	4	0
11/10/2015 22:55	6.08	6.4	7.01	6.95	6.61	4	0
11/10/2015 23:00	5.56	5.94	6.45	6.7	6.16	4	0
11/10/2015 23:05	5.02	5.38	5.85	6.05	5.57	4	0
11/10/2015 23:10	5.23	5.62	6.12	6.06	5.76	4	0
11/10/2015 23:15	5.02	5.46	6	5.95	5.61	4	0
11/10/2015 23:20	4.86	5.33	5.85	5.81	5.46	4	0
11/10/2015 23:25	4.5	4.86	5.29	5.44	5.02	4	0
11/10/2015 23:30	4.71	5.1	5.53	5.48	5.21	4	0
11/10/2015 23:35	4.66	5.16	5.67	5.63	5.28	4	0
11/10/2015 23:40	4.96	5.26	5.81	5.83	5.47	4	0
11/10/2015 23:45	4.4	4.79	5.26	5.32	4.94	4	0
11/10/2015 23:50	3.87	4.28	4.68	4.78	4.4	4	0
11/10/2015 23:55	3.73	4.33	4.69	4.75	4.38	4	0
11/11/2015 00:00	3.34	3.88	4.2	4.21	3.91	4	0
11/11/2015 00:05	3.6	4.09	4.44	4.45	4.14	4	0
11/11/2015 00:10	3.24	3.73	4.04	4.05	3.77	4	0
11/11/2015 00:15	3.47	3.93	4.26	4.27	3.98	4	0
11/11/2015 00:20	2.96	3.45	3.74	3.73	3.47	4	0
11/11/2015 00:25	2.96	3.59	3.93	3.97	3.61	4	0
11/11/2015 00:30	2.88	3.41	3.78	3.76	3.46	4	0
11/11/2015 00:35	3	3.45	3.72	3.74	3.48	4	0
11/11/2015 00:40	3.17	3.58	3.96	3.88	3.65	4	0
11/11/2015 00:45	2.74	3.46	3.8	3.84	3.46	4	0
11/11/2015 00:50	2.87	3.38	3.63	3.66	3.38	4	0
11/11/2015 00:55	2.89	3.36	3.62	3.66	3.38	4	0
11/11/2015 01:00	2.9	3.5	3.78	3.78	3.49	4	0
11/11/2015 01:05	2.84	3.34	3.6	3.63	3.35	4	0
11/11/2015 01:10	3.02	3.62	3.91	3.9	3.61	4	0
11/11/2015 01:15	2.75	3.26	3.5	3.52	3.26	4	0
11/11/2015 01:20	2.61	3.35	3.65	3.65	3.32	4	0
11/11/2015 01:25	2.4	3.04	3.33	3.4	3.04	4	0
11/11/2015 01:30	2.58	3.26	3.58	3.64	3.27	4	0
11/11/2015 01:35	2.6	3.22	3.46	3.48	3.19	4	0
11/11/2015 01:40	2.63	3.3	3.54	3.57	3.26	4	0
11/11/2015 01:45	2.2	2.72	2.99	2.9	2.7	4	0
11/11/2015 01:50	2.28	2.72	2.9	2.94	2.71	4	0
11/11/2015 01:55	2.42	2.86	3.06	3.1	2.86	4	0
11/11/2015 02:00	2.5	2.96	3.23	3.27	2.99	4	0
11/11/2015 02:05	2.23	2.91	3.11	3.14	2.85	4	0
11/11/2015 02:10	2.56	3.2	3.43	3.41	3.15	4	0
11/11/2015 02:15	2.37	2.73	2.91	2.96	2.74	4	0
11/11/2015 02:20	2.6	3.11	3.33	3.36	3.1	4	0
11/11/2015 02:25	2.64	3.24	3.55	3.6	3.26	4	0
11/11/2015 02:30	2.46	3.13	3.36	3.38	3.08	4	0
11/11/2015 02:35	2.46	3.12	3.35	3.37	3.08	4	0
11/11/2015 02:40	2.65	3.17	3.36	3.38	3.14	4	0
11/11/2015 02:45	2.51	2.94	3.14	3.19	2.94	4	0
11/11/2015 02:50	2.3	2.92	3.12	3.14	2.87	4	0
11/11/2015 02:55	2.18	2.95	3.23	3.25	2.9	4	0
11/11/2015 03:00	2.44	3.02	3.24	3.26	2.99	4	0
11/11/2015 03:05	2.92	3.43	3.69	3.71	3.44	4	0
11/11/2015 03:10	2.26	2.64	2.81	2.86	2.64	4	0
11/11/2015 03:15	2.3	2.77	3.04	2.93	2.76	4	0
11/11/2015 03:20	2.48	3.01	3.27	3.31	3.02	4	0
11/11/2015 03:25	2.74	3.24	3.49	3.52	3.25	4	0
11/11/2015 03:30	2.55	2.9	3.11	3.15	2.93	4	0
11/11/2015 03:35	2.42	2.77	2.95	3	2.78	4	0
11/11/2015 03:40	2.54	3.25	3.5	3.52	3.2	4	0
11/11/2015 03:45	2.65	3.09	3.36	3.35	3.11	4	0
11/11/2015 03:50	3	3.58	3.86	3.86	3.58	4	0
11/11/2015 03:55	2.53	3.15	3.39	3.39	3.12	4	0
11/11/2015 04:00	2.59	3.18	3.41	3.45	3.16	4	0
11/11/2015 04:05	2.9	3.37	3.63	3.66	3.39	4	0
11/11/2015 04:10	3.33	3.86	4.18	4.16	3.88	4	0
11/11/2015 04:15	3.05	3.63	3.92	3.91	3.63	4	0
11/11/2015 04:20	3.28	3.63	3.93	3.95	3.7	4	0
11/11/2015 04:25	3.24	3.72	4.01	4.04	3.75	4	0
11/11/2015 04:30	3.24	3.59	3.88	3.9	3.66	4	0
11/11/2015 04:35	3.77	4.11	4.47	4.48	4.21	4	0
11/11/2015 04:40	4.63	5.05	5.56	5.6	5.21	4	0
11/11/2015 04:45	4.05	4.4	4.79	4.8	4.51	4	0
11/11/2015 04:50	4.57	4.91	5.37	5.36	5.05	4	0
11/11/2015 04:55	4.71	5.15	5.62	5.63	5.28	4	0
11/11/2015 05:00	4.53	4.97	5.42	5.43	5.08	4	0
11/11/2015 05:05	4.67	5.1	5.56	5.58	5.23	4	0
11/11/2015 05:10	5.14	5.56	6.1	6.11	5.73	4	0
11/11/2015 05:15	5.52	5.92	6.49	6.47	6.1	4	0
11/11/2015 05:20	6.23	6.58	7.23	7.23	6.82	4	0
11/11/2015 05:25	6.06	6.38	6.98	6.91	6.58	4	0
11/11/2015 05:30	6.45	6.82	7.49	7.49	7.06	4	0
11/11/2015 05:35	7.05	7.39	8.13	8.13	7.67	4	0
11/11/2015 05:40	7.27	7.63	8.39	8.38	7.92	4	0
11/11/2015 05:45	7.01	7.21	7.93	7.92	7.52	4	0
11/11/2015 05:50	7.24	7.56	8.35	8.34	7.87	4	0
11/11/2015 05:55	7.47	7.81	8.61	8.6	8.12	4	0
11/11/2015 06:00	7.34	7.49	8.23	8.22	7.82	4	0
11/11/2015 06:05	7.39	7.68	8.44	8.43	7.99	4	0
11/11/2015 06:10	6.98	7.32	8.05	7.95	7.58	4	0
11/11/2015 06:15	7.3	7.65	8.45	8.37	7.94	4	0
11/11/2015 06:20	7.38	7.72	8.53	8.42	8.01	4	0
11/11/2015 06:25	7.21	7.51	8.3	8.33	7.84	4	0
11/11/2015 06:30	6.81	7.07	7.77	7.76	7.36	4	0
11/11/2015 06:35	6.81	7.16	7.87	7.87	7.43	4	0
11/11/2015 06:40	6.97	7.32	8.06	8.05	7.6	4	0
11/11/2015 06:45	6.87	7.23	7.96	7.95	7.5	4	0
11/11/2015 06:50	7	7.37	8.12	8.1	7.65	4	0
11/11/2015 06:55	7.15	7.47	8.25	8.27	7.79	4	0
11/11/2015 07:00	6.95	7.29	8.02	8.02	7.57	4	0
11/11/2015 07:05	7.97	8.26	9.08	9.06	8.59	4	0
11/11/2015 07:10	8.8	8.84	9.73	9.59	9.24	4	0
11/11/2015 07:15	9.04	9.1	10.03	9.89	9.52	4	0
11/11/2015 07:20	9.75	9.75	10.75	10.59	10.21	4	0
11/11/2015 07:25	7.67	8.01	8.84	8.82	8.33	4	0
11/11/2015 07:30	8.42	8.73	9.64	9.62	9.1	4	0
11/11/2015 07:35	7.62	7.97	8.8	8.78	8.29	4	0
11/11/2015 07:40	8.28	8.46	9.3	9.27	8.83	4	0
11/11/2015 07:45	8.87	9.09	10.02	9.99	9.49	4	0
11/11/2015 07:50	7.82	8.1	8.9	8.87	8.42	4	0
11/11/2015 07:55	7.68	8.02	8.85	8.83	8.34	4	0
11/11/2015 08:00	8.31	8.51	9.36	9.33	8.88	4	0
11/11/2015 08:05	8.31	8.5	9.35	9.32	8.87	4	0
11/11/2015 08:10	8.95	9.29	10.3	10.19	9.68	4	0
11/11/2015 08:15	9.13	9.24	10.19	10.07	9.66	4	0
11/11/2015 08:20	10.21	10.14	11.17	11.01	10.63	4	0
11/11/2015 08:25	9.55	9.61	10.6	10.49	10.06	4	0
11/11/2015 08:30	9.79	9.81	10.81	10.66	10.27	4	0
11/11/2015 08:35	9.73	9.88	10.9	10.76	10.32	4	0
11/11/2015 08:40	10.8	10.69	11.8	11.63	11.23	4	0
11/11/2015 08:45	10.1	10.08	11.13	10.98	10.57	4	0
11/11/2015 08:50	10.6	10.52	11.61	11.45	11.05	4	0
11/11/2015 08:55	8.53	8.73	9.6	9.56	9.11	4	0
11/11/2015 09:00	8.6	8.84	9.84	9.81	9.27	4	0
11/11/2015 09:05	9.17	9.03	10.03	10.01	9.56	4	0
11/11/2015 09:10	9.78	10	11.02	10.86	10.41	4	0
11/11/2015 09:15	9.14	9.21	10.15	10.01	9.63	4	0
11/11/2015 09:20	8.87	8.92	9.85	9.74	9.34	4	0
11/11/2015 09:25	9.61	9.6	10.6	10.56	10.09	4	0
11/11/2015 09:30	9.82	9.79	10.8	10.66	10.27	4	0
11/11/2015 09:35	9.72	9.75	10.76	10.6	10.21	4	0
11/11/2015 09:40	9.64	9.66	10.65	10.5	10.11	4	0
11/11/2015 09:45	8.65	8.79	9.69	9.59	9.18	4	0
11/11/2015 09:50	9.65	9.68	10.71	10.72	10.19	4	0
11/11/2015 09:55	9.13	9.02	10.03	10.02	9.55	4	0
11/11/2015 10:00	9.61	9.64	10.63	10.47	10.09	4	0
11/11/2015 10:05	10.22	10.2	11.26	11.09	10.69	4	0
11/11/2015 10:10	10.07	10.02	11.04	10.88	10.5	4	0
11/11/2015 10:15	9.74	9.73	10.73	10.57	10.19	4	0
11/11/2015 10:20	9.16	9.32	10.27	10.13	9.72	4	0
11/11/2015 10:25	9.64	9.81	10.78	10.74	10.24	4	0
11/11/2015 10:30	11.51	11.64	12.85	12.65	12.16	4	0
11/11/2015 10:35	10.53	10.47	11.55	11.38	10.98	4	0
11/11/2015 10:40	9.96	10.09	11.13	10.99	10.54	4	0
11/11/2015 10:45	9.44	9.33	10.37	10.37	9.88	4	0
11/11/2015 10:50	9.89	10.07	11.19	11.19	10.59	4	0
11/11/2015 10:55	8.71	8.95	10	9.99	9.41	4	0
11/11/2015 11:00	9.09	8.95	9.94	9.92	9.47	4	0
11/11/2015 11:05	8.53	8.64	9.59	9.55	9.08	4	0
11/11/2015 11:10	10.08	10.17	11.22	11.06	10.63	4	0
11/11/2015 11:15	10.7	10.68	11.78	11.62	11.19	4	0
11/11/2015 11:20	10.75	10.64	11.73	11.55	11.17	4	0
11/11/2015 11:25	9.45	9.68	10.81	10.79	10.18	4	0
11/11/2015 11:30	9.03	9.33	10.33	10.3	9.75	4	0
11/11/2015 11:35	9.48	9.34	10.38	10.38	9.9	4	0
11/11/2015 11:40	11.03	10.78	11.99	12.02	11.46	4	0
11/11/2015 11:45	8.79	9.03	10.09	10.09	9.5	4	0
11/11/2015 11:50	9.95	9.78	10.89	10.92	10.39	4	0
11/11/2015 11:55	11.42	11.58	12.98	13.03	12.25	4	0
11/11/2015 12:00	13.07	13.2	14.68	14.44	13.85	4	0
11/11/2015 12:05	15.95	15.43	17.19	17.32	16.47	4	0
11/11/2015 12:10	15.58	14.96	16.65	16.75	15.99	4	0
11/11/2015 12:15	15.86	15.96	17.92	18.06	16.95	4	0
11/11/2015 12:20	17.88	17.24	19.1	18.76	18.25	4	0
11/11/2015 12:25	19.17	18.89	21.33	21.44	20.21	4	0
11/11/2015 12:30	19.73	18.91	21.11	21.29	20.26	4	0
11/11/2015 12:35	16.65	16.36	18.08	17.94	17.26	4	0
11/11/2015 12:40	19.1	19.41	21.88	22.13	20.63	4	0
11/11/2015 12:45	15.92	16.26	18.14	17.98	17.07	4	0
11/11/2015 12:50	20.73	20.04	22.41	22.43	21.4	4	0
11/11/2015 12:55	25.49	25.13	27.92	27.76	26.57	4	0
11/11/2015 13:00	20.17	20.06	22.16	21.74	21.03	4	0
11/11/2015 13:05	18.54	17.62	19.77	19.96	18.97	4	0
11/11/2015 13:10	16.3	15.7	17.34	17.03	16.59	4	0
11/11/2015 13:15	16.58	15.8	17.51	17.61	16.87	4	0
11/11/2015 13:20	15.47	15.61	17.41	17.5	16.5	4	0
11/11/2015 13:25	18.12	18.22	20.53	20.74	19.4	4	0
11/11/2015 13:30	15.15	14.78	16.62	16.75	15.82	4	0
11/11/2015 13:35	17.41	17.75	19.81	19.48	18.61	4	0
11/11/2015 13:40	15.88	15.56	17.23	16.93	16.4	4	0
11/11/2015 13:45	15.82	15.62	17.29	17.22	16.49	4	0
11/11/2015 13:50	14.93	14.82	16.63	16.76	15.78	4	0
11/11/2015 13:55	16.18	16.27	18.01	17.96	17.11	4	0
11/11/2015 14:00	16.81	16.8	18.61	18.48	17.68	4	0
11/11/2015 14:05	17.34	17.42	19.56	19.72	18.51	4	0
11/11/2015 14:10	18.15	17.4	19.24	18.92	18.43	4	0
11/11/2015 14:15	16.22	15.9	17.9	18.07	17.02	4	0
11/11/2015 14:20	17.47	17.42	19.46	19.33	18.42	4	0
11/11/2015 14:25	15.13	14.73	16.57	16.71	15.78	4	0
11/11/2015 14:30	15.66	15.55	17.36	17.49	16.51	4	0
11/11/2015 14:35	18.73	17.84	19.7	19.36	18.91	4	0
11/11/2015 14:40	18.49	17.68	19.52	19.16	18.71	4	0
11/11/2015 14:45	15.41	15.56	17.36	17.08	16.35	4	0
11/11/2015 14:50	17.82	17.83	20.24	20.99	19.22	4	0
11/11/2015 14:55	19.63	18.66	20.66	20.52	19.87	4	0
11/11/2015 15:00	15.77	15.69	17.32	17.38	16.54	4	0
11/11/2015 15:05	15.24	15.1	16.96	16.85	16.04	4	0
11/11/2015 15:10	16.65	16.73	18.79	18.81	17.75	4	0
11/11/2015 15:15	16.53	16.6	18.49	18.23	17.46	4	0
11/11/2015 15:20	17.57	17.68	19.92	20.11	18.82	4	0
11/11/2015 15:25	17.61	17.95	20.05	19.72	18.83	4	0
11/11/2015 15:30	21.77	20.6	22.75	22.31	21.86	4	0
11/11/2015 15:35	19.92	19.66	22.09	22.32	21	4	0
11/11/2015 15:40	21.22	20.97	23.45	23.04	22.17	4	0
11/11/2015 15:45	20.86	20.62	23.2	23.47	22.04	4	0
11/11/2015 15:50	17.26	16.47	18.18	17.86	17.44	4	0
11/11/2015 15:55	23.01	22.04	24.55	24.79	23.6	4	0
11/11/2015 16:00	20.51	19.55	21.6	21.19	20.71	4	0
11/11/2015 16:05	21.73	21.28	23.8	23.38	22.55	4	0
11/11/2015 16:10	20.62	19.59	21.64	21.23	20.77	4	0
11/11/2015 16:15	20.68	19.82	21.95	21.88	21.08	4	0
11/11/2015 16:20	21.7	22.03	24.84	24.37	23.23	4	0
11/11/2015 16:25	20.68	20.7	23.27	23.53	22.05	4	0
11/11/2015 16:30	23.46	22.72	25.42	24.97	24.14	4	0
11/11/2015 16:35	22.29	22.63	25.32	24.87	23.78	4	0
11/11/2015 16:40	18.89	18.78	21.17	21.35	20.05	4	0
11/11/2015 16:45	20.77	19.75	21.88	22.01	21.1	4	0
11/11/2015 16:50	19.39	19.3	21.5	21.35	20.38	4	0
11/11/2015 16:55	18.24	18.58	20.76	20.41	19.5	4	0
11/11/2015 17:00	16.61	16.71	18.76	18.89	17.74	4	0
11/11/2015 17:05	17.1	16.99	18.92	18.92	17.98	4	0
11/11/2015 17:10	19.58	19.62	21.8	21.38	20.59	4	0
11/11/2015 17:15	16.28	16.62	18.37	18.26	17.38	4	0
11/11/2015 17:20	17.45	17.43	19.24	18.91	18.26	4	0
11/11/2015 17:25	23.84	22.43	25.02	24.77	24.02	4	0
11/11/2015 17:30	24.64	23.4	25.97	25.7	24.93	4	0
11/11/2015 17:35	23.64	22.2	24.61	24.71	23.79	4	0
11/11/2015 17:40	26.72	24.82	27.65	27.95	26.79	4	0
11/11/2015 17:45	22.32	21.25	23.58	23.61	22.69	4	0
11/11/2015 17:50	21.23	19.97	22.04	22.13	21.34	4	0
11/11/2015 17:55	22.72	22.7	25.32	25.21	23.99	4	0
11/11/2015 18:00	17.95	18.18	20.34	20.75	19.3	4	0
11/11/2015 18:05	19.97	19.13	21.14	20.74	20.24	4	0
11/11/2015 18:10	19.52	19.62	22.13	22.26	20.88	4	0
11/11/2015 18:15	17.98	18.09	20.39	20.54	19.25	4	0
11/11/2015 18:20	17.83	17.95	20.17	19.96	18.98	4	0
11/11/2015 18:25	18.07	17.21	19.18	19.35	18.45	4	0
11/11/2015 18:30	18.36	18.42	20.76	20.96	19.63	4	0
11/11/2015 18:35	16.49	16.09	17.77	17.45	16.95	4	0
11/11/2015 18:40	13.57	13.7	15.32	15.06	14.41	4	0
11/11/2015 18:45	17.18	17.29	19.48	19.59	18.38	4	0
11/11/2015 18:50	16.29	16.42	18.49	18.64	17.46	4	0
11/11/2015 18:55	14.25	14.41	16.17	16.27	15.28	4	0
11/11/2015 19:00	12.23	12.39	13.69	13.47	12.94	4	0
11/11/2015 19:05	9.4	9.62	10.66	10.51	10.05	4	0
11/11/2015 19:10	10.81	10.49	11.66	11.66	11.15	4	0
11/11/2015 19:15	12.81	12.99	14.59	14.67	13.76	4	0
11/11/2015 19:20	11.25	10.97	12.21	12.24	11.67	4	0
11/11/2015 19:25	8.3	8.32	9.25	9.25	8.78	4	0
11/11/2015 19:30	8.8	8.95	9.94	9.92	9.4	4	0
11/11/2015 19:35	8.4	8.44	9.39	9.29	8.88	4	0
11/11/2015 19:40	9.08	9.05	10.06	10.07	9.57	4	0
11/11/2015 19:45	8.47	8.67	9.64	9.63	9.11	4	0
11/11/2015 19:50	9.48	9.4	10.45	10.47	9.95	4	0
11/11/2015 19:55	7.48	7.73	8.49	8.48	8.04	4	0
11/11/2015 20:00	8.14	8.15	9.06	9.05	8.6	4	0
11/11/2015 20:05	8.35	8.38	9.32	9.31	8.84	4	0
11/11/2015 20:10	7.8	8.01	8.96	8.95	8.43	4	0
11/11/2015 20:15	8.81	8.73	9.7	9.69	9.23	4	0
11/11/2015 20:20	8.23	8.29	9.22	9.21	8.74	4	0
11/11/2015 20:25	8.01	8.01	8.9	8.88	8.45	4	0
11/11/2015 20:30	8.09	8.15	9.06	8.97	8.56	4	0
11/11/2015 20:35	8.49	8.43	9.37	9.35	8.91	4	0
11/11/2015 20:40	7.7	7.71	8.56	8.52	8.12	4	0
11/11/2015 20:45	7.55	7.76	8.68	8.68	8.17	4	0
11/11/2015 20:50	8.02	8.01	8.9	8.88	8.45	4	0
11/11/2015 20:55	7.56	7.6	8.45	8.41	8.01	4	0
11/11/2015 21:00	7.25	7.31	8.12	8.07	7.69	4	0
11/11/2015 21:05	6.8	7.01	7.7	7.69	7.3	4	0
11/11/2015 21:10	7.46	7.53	8.36	8.33	7.92	4	0
11/11/2015 21:15	8.23	8.29	9.21	9.19	8.73	4	0
11/11/2015 21:20	7.67	7.73	8.59	8.56	8.14	4	0
11/11/2015 21:25	7.91	7.9	8.77	8.73	8.33	4	0
11/11/2015 21:30	7.65	7.86	8.78	8.75	8.26	4	0
11/11/2015 21:35	7.03	7.17	7.97	7.93	7.53	4	0
11/11/2015 21:40	6.8	6.94	7.71	7.68	7.28	4	0
11/11/2015 21:45	6.9	7.01	7.79	7.74	7.36	4	0
11/11/2015 21:50	7.2	7.37	8.1	8.09	7.69	4	0
11/11/2015 21:55	6.44	6.67	7.41	7.34	6.97	4	0
11/11/2015 22:00	7.44	7.5	8.34	8.31	7.9	4	0
11/11/2015 22:05	6.57	6.75	7.49	7.45	7.06	4	0
11/11/2015 22:10	6.61	6.77	7.52	7.48	7.09	4	0
11/11/2015 22:15	7.19	7.31	8.13	8.07	7.67	4	0
11/11/2015 22:20	6.03	6.35	6.98	6.98	6.59	4	0
11/11/2015 22:25	6.73	6.85	7.61	7.56	7.19	4	0
11/11/2015 22:30	6.79	6.95	7.73	7.71	7.3	4	0
11/11/2015 22:35	5.89	6.17	6.85	6.77	6.42	4	0
11/11/2015 22:40	6.34	6.56	7.33	7.32	6.89	4	0
11/11/2015 22:45	5.21	5.64	6.17	6.18	5.8	4	0
11/11/2015 22:50	5.53	5.82	6.44	6.37	6.04	4	0
11/11/2015 22:55	4.87	5.24	5.76	5.77	5.41	4	0
11/11/2015 23:00	5.17	5.6	6.15	6.16	5.77	4	0
11/11/2015 23:05	5.29	5.67	6.25	6.29	5.88	4	0
11/11/2015 23:10	5.49	5.86	6.44	6.44	6.06	4	0
11/11/2015 23:15	4.8	5.09	5.62	5.54	5.26	4	0
11/11/2015 23:20	4.83	5.28	5.8	5.81	5.43	4	0
11/11/2015 23:25	4.14	4.61	5.02	5.03	4.7	4	0
11/11/2015 23:30	3.93	4.28	4.72	4.68	4.4	4	0
11/11/2015 23:35	4.5	4.95	5.4	5.41	5.06	4	0
11/11/2015 23:40	4.07	4.53	4.93	4.95	4.62	4	0
11/11/2015 23:45	4.09	4.39	4.82	4.78	4.52	4	0
11/11/2015 23:50	4.1	4.5	4.99	4.89	4.62	4	0
11/11/2015 23:55	3.8	4.37	4.76	4.77	4.42	4	0
11/12/2015 00:00	3.68	3.96	4.38	4.41	4.11	4	0
11/12/2015 00:05	3.71	4.26	4.67	4.74	4.34	4	0
11/12/2015 00:10	3.29	3.87	4.24	4.3	3.93	4	0
11/12/2015 00:15	3.56	3.81	4.24	4.22	3.96	4	0
11/12/2015 00:20	3.36	3.76	4.12	4.18	3.86	4	0
11/12/2015 00:25	2.95	3.5	3.84	3.87	3.54	4	0
11/12/2015 00:30	3.14	3.72	3.96	3.94	3.69	4	0
11/12/2015 00:35	3.03	3.43	3.63	3.63	3.43	4	0
11/12/2015 00:40	2.95	3.61	3.89	3.94	3.6	4	0
11/12/2015 00:45	2.92	3.36	3.56	3.54	3.35	4	0
11/12/2015 00:50	2.96	3.55	3.89	3.94	3.59	4	0
11/12/2015 00:55	2.63	2.94	3.21	3.3	3.02	4	0
11/12/2015 01:00	2.86	3.38	3.64	3.67	3.39	4	0
11/12/2015 01:05	2.83	3.38	3.64	3.67	3.38	4	0
11/12/2015 01:10	2.69	3.09	3.32	3.35	3.11	4	0
11/12/2015 01:15	2.34	2.74	2.85	2.85	2.69	4	0
11/12/2015 01:20	2.66	3.05	3.21	3.2	3.03	4	0
11/12/2015 01:25	2.67	3.13	3.43	3.48	3.18	4	0
11/12/2015 01:30	2.36	2.75	2.86	2.86	2.71	4	0
11/12/2015 01:35	2.44	3.24	3.55	3.6	3.21	4	0
11/12/2015 01:40	2.49	2.8	3.09	3.06	2.86	4	0
11/12/2015 01:45	2.06	2.67	2.87	2.92	2.63	4	0
11/12/2015 01:50	2.38	2.77	2.97	2.92	2.76	4	0
11/12/2015 01:55	2.67	3.5	3.84	3.86	3.47	4	0
11/12/2015 02:00	2.44	2.74	2.99	3.03	2.8	4	0
11/12/2015 02:05	2.3	2.8	3.02	3.05	2.79	4	0
11/12/2015 02:10	2.33	2.94	3.16	3.2	2.91	4	0
11/12/2015 02:15	2.43	3.02	3.27	3.32	3.01	4	0
11/12/2015 02:20	2.51	3.01	3.23	3.27	3	4	0
11/12/2015 02:25	2.16	2.71	2.89	2.94	2.67	4	0
11/12/2015 02:30	2.58	3.22	3.46	3.47	3.18	4	0
11/12/2015 02:35	2.51	3.06	3.28	3.32	3.04	4	0
11/12/2015 02:40	2.48	3	3.31	3.29	3.02	4	0
11/12/2015 02:45	2.44	3.08	3.31	3.3	3.03	4	0
11/12/2015 02:50	2.37	3.12	3.41	3.46	3.09	4	0
11/12/2015 02:55	2.55	3.2	3.47	3.45	3.17	4	0
11/12/2015 03:00	2.21	2.78	3.07	3.04	2.77	4	0
11/12/2015 03:05	2.42	2.77	3.06	3.02	2.82	4	0
11/12/2015 03:10	2.67	3.09	3.25	3.24	3.07	4	0
11/12/2015 03:15	2.79	3.31	3.62	3.6	3.33	4	0
11/12/2015 03:20	2.56	3.01	3.17	3.15	2.97	4	0
11/12/2015 03:25	2.7	3.45	3.78	3.83	3.44	4	0
11/12/2015 03:30	2.58	3	3.31	3.29	3.04	4	0
11/12/2015 03:35	2.58	3.23	3.5	3.56	3.22	4	0
11/12/2015 03:40	2.56	2.95	3.09	3.09	2.92	4	0
11/12/2015 03:45	2.58	3.39	3.72	3.74	3.36	4	0
11/12/2015 03:50	2.77	3.28	3.59	3.63	3.32	4	0
11/12/2015 03:55	3.16	3.49	3.83	3.85	3.58	4	0
11/12/2015 04:00	3.18	3.58	3.93	3.96	3.66	4	0
11/12/2015 04:05	3.43	3.73	4.1	4.17	3.86	4	0
11/12/2015 04:10	3.37	3.94	4.27	4.25	3.96	4	0
11/12/2015 04:15	4.09	4.56	5.01	5.02	4.67	4	0
11/12/2015 04:20	3.8	4.28	4.66	4.67	4.35	4	0
11/12/2015 04:25	3.96	4.3	4.68	4.69	4.41	4	0
11/12/2015 04:30	3.76	4.1	4.45	4.47	4.2	4	0
11/12/2015 04:35	4.42	4.86	5.3	5.26	4.96	4	0
11/12/2015 04:40	4.61	4.96	5.42	5.41	5.1	4	0
11/12/2015 04:45	5.03	5.41	5.9	5.85	5.55	4	0
11/12/2015 04:50	4.75	5.1	5.58	5.57	5.25	4	0
11/12/2015 04:55	3.93	4.46	4.9	4.96	4.56	4	0
11/12/2015 05:00	4.62	4.97	5.43	5.42	5.11	4	0
11/12/2015 05:05	5.46	5.83	6.38	6.32	6	4	0
11/12/2015 05:10	5.07	5.52	6.08	6.12	5.7	4	0
11/12/2015 05:15	5.75	6.09	6.7	6.66	6.3	4	0
11/12/2015 05:20	6.04	6.3	6.89	6.82	6.51	4	0
11/12/2015 05:25	6.3	6.65	7.31	7.23	6.87	4	0
11/12/2015 05:30	7.02	7.41	8.15	8.28	7.72	4	0
11/12/2015 05:35	7.67	8.05	8.88	8.76	8.34	4	0
11/12/2015 05:40	7.08	7.47	8.22	8.39	7.79	4	0
11/12/2015 05:45	7.74	8.01	8.83	8.93	8.38	4	0
11/12/2015 05:50	6.54	6.93	7.61	7.52	7.15	4	0
11/12/2015 05:55	7.03	7.42	8.16	8.08	7.67	4	0
11/12/2015 06:00	6.54	6.89	7.59	7.68	7.18	4	0
11/12/2015 06:05	6.93	7.25	7.99	8.09	7.56	4	0
11/12/2015 06:10	7.14	7.52	8.28	8.18	7.78	4	0
11/12/2015 06:15	6.77	7.11	7.83	7.92	7.41	4	0
11/12/2015 06:20	6.96	7.34	8.07	7.98	7.59	4	0
11/12/2015 06:25	6.27	6.66	7.3	7.22	6.86	4	0
11/12/2015 06:30	7.39	7.77	8.56	8.46	8.05	4	0
11/12/2015 06:35	6.64	6.99	7.7	7.78	7.28	4	0
11/12/2015 06:40	6.79	7.18	7.89	7.8	7.41	4	0
11/12/2015 06:45	6.65	6.99	7.71	7.79	7.28	4	0
11/12/2015 06:50	7.97	8.35	9.22	9.1	8.66	4	0
11/12/2015 06:55	7.13	7.51	8.26	8.16	7.77	4	0
11/12/2015 07:00	7.44	7.86	8.5	8.93	8.18	4	0
11/12/2015 07:05	7.86	8.12	8.95	9.04	8.49	4	0
11/12/2015 07:10	7.98	8.23	9.08	9.18	8.62	4	0
11/12/2015 07:15	8.12	8.36	9.22	9.32	8.75	4	0
11/12/2015 07:20	8.56	8.99	9.72	10.25	9.38	4	0
11/12/2015 07:25	7.66	8.04	8.87	8.76	8.33	4	0
11/12/2015 07:30	7.66	7.93	8.75	8.84	8.3	4	0
11/12/2015 07:35	8.5	8.89	9.83	9.7	9.23	4	0
11/12/2015 07:40	8.33	8.56	9.45	9.54	8.97	4	0
11/12/2015 07:45	7.72	8.14	8.81	9.26	8.48	4	0
11/12/2015 07:50	10.91	11.25	12.51	12.34	11.75	4	0
11/12/2015 07:55	14.88	15.22	16.98	16.71	15.95	4	0
11/12/2015 08:00	18.91	18.71	21.21	21.99	20.21	4	0
11/12/2015 08:05	14.21	14.14	16.01	16.51	15.22	4	0
11/12/2015 08:10	18.76	18.62	20.64	20.26	19.57	4	0
11/12/2015 08:15	23.16	23.2	26.03	26.31	24.67	4	0
11/12/2015 08:20	17.23	17.59	19.61	19.4	18.46	4	0
11/12/2015 08:25	17.99	16.79	18.8	18.5	18.02	4	0
11/12/2015 08:30	16.86	16.27	18.21	17.92	17.31	4	0
11/12/2015 08:35	12.94	12.91	14.6	15.03	13.87	4	0
11/12/2015 08:40	14.18	14.13	15.63	15.37	14.83	4	0
11/12/2015 08:45	14.81	14.36	15.9	15.65	15.18	4	0
11/12/2015 08:50	13	12.9	14.26	14.39	13.64	4	0
11/12/2015 08:55	10.76	10.79	12.19	12.47	11.55	4	0
11/12/2015 09:00	10.77	10.8	12.21	12.49	11.57	4	0
11/12/2015 09:05	7.24	7.54	8.32	8.41	7.88	4	0
11/12/2015 09:10	8.47	8.69	9.58	9.68	9.11	4	0
11/12/2015 09:15	9	9.29	10.18	10.03	9.63	4	0
11/12/2015 09:20	8.73	9.11	10.09	9.95	9.47	4	0
11/12/2015 09:25	9.59	9.55	10.47	10.31	9.98	4	0
11/12/2015 09:30	9.07	9.26	10.14	10	9.62	4	0
11/12/2015 09:35	9.07	8.85	9.7	9.56	9.3	4	0
11/12/2015 09:40	8.66	8.51	9.32	9.2	8.92	4	0
11/12/2015 09:45	8.44	8.74	9.58	9.45	9.05	4	0
11/12/2015 09:50	8.95	9.07	9.94	9.79	9.44	4	0
11/12/2015 09:55	8.87	8.72	9.56	9.43	9.14	4	0
11/12/2015 10:00	8.8	9.18	10.16	10.03	9.54	4	0
11/12/2015 10:05	9.36	9.54	10.45	10.3	9.91	4	0
11/12/2015 10:10	8.37	8.76	9.68	9.55	9.09	4	0
11/12/2015 10:15	9.35	9.47	10.38	10.22	9.86	4	0
11/12/2015 10:20	9.3	9.5	10.55	10.45	9.95	4	0
11/12/2015 10:25	9.43	9.73	10.8	10.63	10.15	4	0
11/12/2015 10:30	8.37	8.75	9.67	9.55	9.08	4	0
11/12/2015 10:35	9.78	9.44	10.35	10.19	9.94	4	0
11/12/2015 10:40	9.5	9.38	10.29	10.13	9.82	4	0
11/12/2015 10:45	10	10.38	11.52	11.36	10.81	4	0
11/12/2015 10:50	9.04	9.24	10.13	9.98	9.6	4	0
11/12/2015 10:55	9.64	9.93	10.88	10.71	10.29	4	0
11/12/2015 11:00	10.02	10.4	11.54	11.38	10.83	4	0
11/12/2015 11:05	9.16	9.55	10.58	10.43	9.93	4	0
11/12/2015 11:10	10.52	10.34	11.33	11.16	10.84	4	0
11/12/2015 11:15	9.71	10.09	11.15	10.97	10.48	4	0
11/12/2015 11:20	10.64	10.69	11.72	11.53	11.14	4	0
11/12/2015 11:25	10.8	10.95	11.99	11.8	11.38	4	0
11/12/2015 11:30	10.12	9.96	10.92	10.75	10.44	4	0
11/12/2015 11:35	10	10.38	11.47	11.36	10.8	4	0
11/12/2015 11:40	9.04	9.42	10.43	10.29	9.79	4	0
11/12/2015 11:45	9.06	9.44	10.46	10.32	9.82	4	0
11/12/2015 11:50	9.86	9.67	10.6	10.44	10.14	4	0
11/12/2015 11:55	10.39	10.39	11.39	11.21	10.85	4	0
11/12/2015 12:00	9.64	9.32	10.22	10.08	9.81	4	0
11/12/2015 12:05	10.01	10.39	11.53	11.35	10.82	4	0
11/12/2015 12:10	10.02	10.38	11.37	11.19	10.74	4	0
11/12/2015 12:15	9.75	9.81	11.08	11.3	10.49	4	0
11/12/2015 12:20	11.14	11.52	12.53	12.41	11.9	4	0
11/12/2015 12:25	12.37	12.43	13.61	13.38	12.95	4	0
11/12/2015 12:30	16.53	16.89	18.92	18.62	17.74	4	0
11/12/2015 12:35	16.16	15.94	17.81	17.56	16.87	4	0
11/12/2015 12:40	15.28	15.65	17.5	17.23	16.41	4	0
11/12/2015 12:45	14.83	14.74	16.66	16.4	15.66	4	0
11/12/2015 12:50	15.2	15.57	17.26	16.93	16.24	4	0
11/12/2015 12:55	14.71	14.62	16.56	16.63	15.63	4	0
11/12/2015 13:00	14.1	14.06	15.89	15.85	14.98	4	0
11/12/2015 13:05	14.8	15.11	16.82	16.56	15.82	4	0
11/12/2015 13:10	15.12	15.43	17.18	16.9	16.16	4	0
11/12/2015 13:15	16.63	15.92	18.03	18.54	17.28	4	0
11/12/2015 13:20	17.52	16.17	18.21	18.85	17.69	4	0
11/12/2015 13:25	17.85	17.04	19.09	18.78	18.19	4	0
11/12/2015 13:30	16.96	15.92	18.08	18.78	17.44	4	0
11/12/2015 13:35	18.61	17.4	19.06	19.56	18.66	4	0
11/12/2015 13:40	18.77	17.44	19.43	19.1	18.69	4	0
11/12/2015 13:45	17.75	16.55	18.53	18.24	17.76	4	0
11/12/2015 13:50	16.11	16.48	18.45	18.17	17.3	4	0
11/12/2015 13:55	17.19	17.23	19.18	18.86	18.11	4	0
11/12/2015 14:00	14.09	14.02	15.87	16.37	15.09	4	0
11/12/2015 14:05	14.92	14.83	16.79	17.34	15.97	4	0
11/12/2015 14:10	16.37	16.24	18.39	19.04	17.51	4	0
11/12/2015 14:15	15.47	14.95	16.37	16.06	15.71	4	0
11/12/2015 14:20	8.65	8.74	9.86	10.01	9.32	4	0
11/12/2015 14:25	12.82	13.34	14.37	15.23	13.94	4	0
11/12/2015 14:30	17.56	17.56	19.5	19.59	18.55	4	0
11/12/2015 14:35	19.52	17.99	20.02	19.7	19.31	4	0
11/12/2015 14:40	21.19	18.98	20.78	21.08	20.51	4	0
11/12/2015 14:45	24.39	21.64	23.7	23.21	23.23	4	0
11/12/2015 14:50	21.11	20.41	22.91	22.54	21.74	4	0
11/12/2015 14:55	21.74	19.66	21.53	22.32	21.31	4	0
11/12/2015 15:00	24.61	21.83	23.91	23.66	23.51	4	0
11/12/2015 15:05	23.71	21.08	23.08	22.6	22.62	4	0
11/12/2015 15:10	24.11	21.85	24.55	24.19	23.68	4	0
11/12/2015 15:15	23.79	24.1	26.87	26.35	25.28	4	0
11/12/2015 15:20	28.72	28.45	31.72	31.08	29.99	4	0
11/12/2015 15:25	22.78	22.07	24.8	24.39	23.51	4	0
11/12/2015 15:30	24.99	22.15	24.25	24.27	23.92	4	0
11/12/2015 15:35	24.22	22.97	25.82	25.39	24.6	4	0
11/12/2015 15:40	29.95	26.56	29.08	28.56	28.54	4	0
11/12/2015 15:45	23.73	22.65	25.25	24.77	24.1	4	0
11/12/2015 15:50	25.01	24.93	28.04	27.57	26.39	4	0
11/12/2015 15:55	27.04	27.35	30.71	30.44	28.88	4	0
11/12/2015 16:00	29.25	28.61	31.9	31.25	30.25	4	0
11/12/2015 16:05	31.51	29.84	33.27	32.59	31.8	4	0
11/12/2015 16:10	23.5	20.91	23.32	24.25	23	4	0
11/12/2015 16:15	31.95	27.96	30.61	29.94	30.11	4	0
11/12/2015 16:20	28.47	26.74	29.82	29.22	28.56	4	0
11/12/2015 16:25	26.81	24.85	27.7	27.16	26.63	4	0
11/12/2015 16:30	27.31	24.52	27.34	26.81	26.49	4	0
11/12/2015 16:35	31.9	30.74	33.66	34.47	32.69	4	0
11/12/2015 16:40	31.12	29.03	32.37	31.71	31.06	4	0
11/12/2015 16:45	27.66	24.38	27.04	28.19	26.82	4	0
11/12/2015 16:50	29.66	29.25	32.02	31.32	30.56	4	0
11/12/2015 16:55	31.36	29.98	33.2	33.46	32	4	0
11/12/2015 17:00	20.86	21.17	23.59	23.15	22.19	4	0
11/12/2015 17:05	26.78	23.64	25.88	25.33	25.41	4	0
11/12/2015 17:10	32.2	29.27	32.42	31.76	31.41	4	0
11/12/2015 17:15	24.44	24.3	27.09	26.56	25.6	4	0
11/12/2015 17:20	30.82	27.02	29.58	28.94	29.09	4	0
11/12/2015 17:25	33.23	32.4	35.88	35.95	34.36	4	0
11/12/2015 17:30	35.21	34.32	38.7	38.15	36.59	4	0
11/12/2015 17:35	34.61	32.8	36.58	35.81	34.95	4	0
11/12/2015 17:40	34.24	29.88	33.21	32.52	32.46	4	0
11/12/2015 17:45	33.01	32.29	36.01	35.25	34.14	4	0
11/12/2015 17:50	31.27	28.87	32.43	33.49	31.52	4	0
11/12/2015 17:55	34.66	31.3	34.91	34.18	33.76	4	0
11/12/2015 18:00	31.82	30.38	33.88	33.18	32.31	4	0
11/12/2015 18:05	33.48	32.44	35.92	36.2	34.51	4	0
11/12/2015 18:10	36.68	35.33	39.13	39.43	37.64	4	0
11/12/2015 18:15	28.34	27.32	30.99	32.37	29.75	4	0
11/12/2015 18:20	28.32	24.93	27.3	26.71	26.81	4	0
11/12/2015 18:25	27.99	24.77	27.61	27.07	26.86	4	0
11/12/2015 18:30	29.69	26.07	28.55	27.93	28.06	4	0
11/12/2015 18:35	27.43	24.79	27.63	27.39	26.81	4	0
11/12/2015 18:40	27.97	27.09	30.2	29.6	28.71	4	0
11/12/2015 18:45	28.74	29.03	32.2	31.49	30.37	4	0
11/12/2015 18:50	33.38	29.16	31.92	31.22	31.42	4	0
11/12/2015 18:55	32.3	28.25	31.24	30.61	30.6	4	0
11/12/2015 19:00	28.19	26.82	29.36	29.32	28.42	4	0
11/12/2015 19:05	30.14	27.26	30.39	29.78	29.39	4	0
11/12/2015 19:10	29.41	25.84	28.29	27.68	27.81	4	0
11/12/2015 19:15	30.87	29.53	32.7	32.96	31.52	4	0
11/12/2015 19:20	26.14	26.45	29.49	28.9	27.74	4	0
11/12/2015 19:25	30.95	28	31.22	30.59	30.19	4	0
11/12/2015 19:30	26.44	25.11	27.88	28.36	26.95	4	0
11/12/2015 19:35	22.21	20.8	23.35	23.32	22.42	4	0
11/12/2015 19:40	21.82	19.5	21.44	21.91	21.17	4	0
11/12/2015 19:45	27.73	25.59	28.02	27.41	27.19	4	0
11/12/2015 19:50	25.58	22.64	24.79	24.27	24.32	4	0
11/12/2015 19:55	22.9	20.4	22.34	21.88	21.88	4	0
11/12/2015 20:00	26.14	23.11	25.31	24.77	24.83	4	0
11/12/2015 20:05	25.88	23.76	26.15	25.65	25.36	4	0
11/12/2015 20:10	25.93	23.38	26.06	25.6	25.24	4	0
11/12/2015 20:15	24.05	21.36	23.8	23.41	23.16	4	0
11/12/2015 20:20	21.25	19.03	20.83	20.92	20.51	4	0
11/12/2015 20:25	22.42	20.64	23	22.58	22.16	4	0
11/12/2015 20:30	16.7	16.34	18.08	18.24	17.34	4	0
11/12/2015 20:35	16.1	16.47	18.44	18.15	17.29	4	0
11/12/2015 20:40	14.12	13.62	14.92	14.65	14.33	4	0
11/12/2015 20:45	12.43	12.41	14.04	14.43	13.33	4	0
11/12/2015 20:50	12.87	13.24	14.77	14.55	13.85	4	0
11/12/2015 20:55	11.84	11.84	13.39	13.74	12.7	4	0
11/12/2015 21:00	9.12	9.4	10.31	10.15	9.75	4	0
11/12/2015 21:05	7.67	8	8.77	8.65	8.27	4	0
11/12/2015 21:10	8.31	8.54	9.36	9.23	8.86	4	0
11/12/2015 21:15	8.06	8.38	9.17	9.07	8.67	4	0
11/12/2015 21:20	8.26	8.29	9.36	9.47	8.85	4	0
11/12/2015 21:25	8.53	8.87	9.69	9.67	9.19	4	0
11/12/2015 21:30	9.21	8.97	9.83	9.83	9.46	4	0
11/12/2015 21:35	8.69	9.13	9.86	10.15	9.46	4	0
11/12/2015 21:40	7.42	7.83	8.47	8.67	8.09	4	0
11/12/2015 21:45	9.18	9.25	10.2	10.05	9.67	4	0
11/12/2015 21:50	9.1	9.22	10.1	9.96	9.6	4	0
11/12/2015 21:55	7.39	7.56	8.52	8.48	7.99	4	0
11/12/2015 22:00	7.14	7.55	8.17	8.57	7.86	4	0
11/12/2015 22:05	8.09	8.5	9.21	9.19	8.75	4	0
11/12/2015 22:10	8.99	8.79	9.82	9.96	9.39	4	0
11/12/2015 22:15	7.58	7.99	8.65	9.09	8.33	4	0
11/12/2015 22:20	7.77	8.16	8.91	8.88	8.43	4	0
11/12/2015 22:25	7.59	8.01	8.66	9.1	8.34	4	0
11/12/2015 22:30	7.98	8.4	9.08	9.12	8.65	4	0
11/12/2015 22:35	6.99	7.4	8.01	8.2	7.65	4	0
11/12/2015 22:40	6.61	6.91	7.6	7.52	7.16	4	0
11/12/2015 22:45	6.65	7.03	7.7	7.63	7.25	4	0
11/12/2015 22:50	6.04	6.2	6.98	6.96	6.55	4	0
11/12/2015 22:55	6.21	6.55	7.18	7.11	6.76	4	0
11/12/2015 23:00	6.72	6.88	7.55	7.47	7.15	4	0
11/12/2015 23:05	5.25	5.47	6.11	6.16	5.75	4	0
11/12/2015 23:10	5.39	5.77	6.26	6.5	5.98	4	0
11/12/2015 23:15	5.28	5.65	6.14	6.37	5.86	4	0
11/12/2015 23:20	5.13	5.57	6.13	6.12	5.74	4	0
11/12/2015 23:25	4.71	5.02	5.54	5.57	5.21	4	0
11/12/2015 23:30	4.6	4.96	5.4	5.56	5.13	4	0
11/12/2015 23:35	4.8	5.23	5.68	5.62	5.33	4	0
11/12/2015 23:40	5.46	5.77	6.37	6.35	5.99	4	0
11/12/2015 23:45	4.26	4.83	5.3	5.27	4.91	4	0
11/12/2015 23:50	4.65	5.04	5.46	5.44	5.15	4	0
11/12/2015 23:55	3.88	4.51	4.95	4.94	4.57	4	0
11/13/2015 00:00	4.14	4.73	5.19	5.16	4.8	4	0
11/13/2015 00:05	4.09	4.68	5.14	5.12	4.76	4	0
11/13/2015 00:10	4.44	4.83	5.28	5.35	4.97	4	0
11/13/2015 00:15	3.68	4.3	4.62	4.59	4.3	4	0
11/13/2015 00:20	3.93	4.33	4.65	4.62	4.38	4	0
11/13/2015 00:25	3.4	3.97	4.35	4.41	4.03	4	0
11/13/2015 00:30	3.22	3.93	4.3	4.35	3.95	4	0
11/13/2015 00:35	3.65	4.04	4.32	4.3	4.08	4	0
11/13/2015 00:40	3.67	4.06	4.37	4.44	4.13	4	0
11/13/2015 00:45	3.31	3.96	4.35	4.41	4.01	4	0
11/13/2015 00:50	3.08	3.61	3.87	3.85	3.6	4	0
11/13/2015 00:55	3.07	3.64	3.87	3.85	3.61	4	0
11/13/2015 01:00	2.92	3.46	3.73	3.76	3.47	4	0
11/13/2015 01:05	3.14	3.7	4.01	4	3.71	4	0
11/13/2015 01:10	2.58	2.96	3.23	3.29	3.02	4	0
11/13/2015 01:15	3.09	3.56	3.78	3.82	3.56	4	0
11/13/2015 01:20	2.58	3.34	3.67	3.69	3.32	4	0
11/13/2015 01:25	3.09	3.6	3.94	4	3.66	4	0
11/13/2015 01:30	2.64	3.27	3.57	3.63	3.28	4	0
11/13/2015 01:35	2.49	2.99	3.27	3.34	3.02	4	0
11/13/2015 01:40	2.67	3.36	3.56	3.62	3.3	4	0
11/13/2015 01:45	2.66	3.49	3.84	3.85	3.46	4	0
11/13/2015 01:50	2.6	2.92	3.21	3.19	2.98	4	0
11/13/2015 01:55	2.59	3.13	3.29	3.28	3.07	4	0
11/13/2015 02:00	2.63	2.95	3.23	3.32	3.03	4	0
11/13/2015 02:05	2.73	3.55	3.9	3.91	3.52	4	0
11/13/2015 02:10	2.86	3.48	3.8	3.85	3.5	4	0
11/13/2015 02:15	2.83	3.44	3.76	3.82	3.46	4	0
11/13/2015 02:20	2.62	3.16	3.39	3.41	3.14	4	0
11/13/2015 02:25	2.78	3.39	3.71	3.77	3.41	4	0
11/13/2015 02:30	2.37	3.12	3.41	3.47	3.09	4	0
11/13/2015 02:35	2.69	3.29	3.62	3.63	3.31	4	0
11/13/2015 02:40	2.95	3.66	3.92	3.94	3.62	4	0
11/13/2015 02:45	2.59	3.4	3.73	3.78	3.38	4	0
11/13/2015 02:50	3.02	3.77	4.1	4.08	3.74	4	0
11/13/2015 02:55	2.44	2.88	3.14	3.2	2.91	4	0
11/13/2015 03:00	2.51	3.14	3.43	3.49	3.14	4	0
11/13/2015 03:05	2.61	3.02	3.3	3.39	3.08	4	0
11/13/2015 03:10	2.75	3.36	3.68	3.73	3.38	4	0
11/13/2015 03:15	2.69	3.31	3.62	3.68	3.33	4	0
11/13/2015 03:20	2.58	3.2	3.5	3.56	3.21	4	0
11/13/2015 03:25	2.8	3.47	3.81	3.82	3.48	4	0
11/13/2015 03:30	3.22	3.81	4.17	4.23	3.86	4	0
11/13/2015 03:35	3.29	3.79	4.17	4.23	3.87	4	0
11/13/2015 03:40	2.97	3.43	3.77	3.84	3.5	4	0
11/13/2015 03:45	3.03	3.42	3.65	3.72	3.45	4	0
11/13/2015 03:50	2.92	3.3	3.62	3.69	3.38	4	0
11/13/2015 03:55	3.22	3.81	4.17	4.23	3.86	4	0
11/13/2015 04:00	3.31	4.04	4.44	4.43	4.06	4	0
11/13/2015 04:05	3.36	3.93	4.31	4.37	3.99	4	0
11/13/2015 04:10	3.51	4.08	4.47	4.53	4.15	4	0
11/13/2015 04:15	3.64	4.19	4.6	4.67	4.28	4	0
11/13/2015 04:20	3.77	4.31	4.74	4.8	4.4	4	0
11/13/2015 04:25	4.23	4.62	4.98	4.94	4.69	4	0
11/13/2015 04:30	4.54	4.85	5.36	5.39	5.03	4	0
11/13/2015 04:35	4.6	5.02	5.44	5.51	5.14	4	0
11/13/2015 04:40	4.69	5.17	5.69	5.76	5.33	4	0
11/13/2015 04:45	4.67	5.13	5.67	5.69	5.29	4	0
11/13/2015 04:50	4.77	5.25	5.77	5.84	5.41	4	0
11/13/2015 04:55	4.71	5.19	5.7	5.77	5.34	4	0
11/13/2015 05:00	5.04	5.4	5.96	5.97	5.59	4	0
11/13/2015 05:05	4.97	5.42	5.95	5.92	5.57	4	0
11/13/2015 05:10	5.54	5.93	6.47	6.41	6.09	4	0
11/13/2015 05:15	6.3	6.67	7.34	7.3	6.9	4	0
11/13/2015 05:20	5.23	5.62	6.11	6.13	5.77	4	0
11/13/2015 05:25	5.95	6.35	6.99	7.06	6.59	4	0
11/13/2015 05:30	6.73	7.11	7.81	7.72	7.34	4	0
11/13/2015 05:35	7.17	7.56	8.32	8.32	7.84	4	0
11/13/2015 05:40	7.66	7.84	8.59	8.48	8.14	4	0
11/13/2015 05:45	7.36	7.66	8.44	8.53	8	4	0
11/13/2015 05:50	6.99	7.38	8.11	8.01	7.62	4	0
11/13/2015 05:55	6.9	7.22	7.96	8.05	7.53	4	0
11/13/2015 06:00	7.38	7.79	8.47	8.46	8.02	4	0
11/13/2015 06:05	6.79	7.19	7.79	8.15	7.48	4	0
11/13/2015 06:10	6.8	7.19	7.9	7.8	7.42	4	0
11/13/2015 06:15	6.49	6.88	7.55	7.46	7.09	4	0
11/13/2015 06:20	6.35	6.73	7.38	7.3	6.94	4	0
11/13/2015 06:25	5.87	6.26	6.84	6.8	6.44	4	0
11/13/2015 06:30	6.67	7.01	7.73	7.81	7.3	4	0
11/13/2015 06:35	7.88	8.06	8.83	8.72	8.37	4	0
11/13/2015 06:40	5.97	6.37	7.01	7.09	6.61	4	0
11/13/2015 06:45	6.62	7	7.69	7.6	7.23	4	0
11/13/2015 06:50	6.82	7.16	7.89	7.97	7.46	4	0
11/13/2015 06:55	6.66	7.05	7.64	8	7.34	4	0
11/13/2015 07:00	6.91	7.24	7.98	8.06	7.55	4	0
11/13/2015 07:05	7.88	8.27	9.12	9	8.57	4	0
11/13/2015 07:10	8.38	8.76	9.69	9.56	9.1	4	0
11/13/2015 07:15	8.22	8.64	9.34	9.56	8.94	4	0
11/13/2015 07:20	7.53	7.81	8.61	8.7	8.16	4	0
11/13/2015 07:25	7.26	7.56	8.33	8.5	7.91	4	0
11/13/2015 07:30	8.27	8.5	9.38	9.48	8.91	4	0
11/13/2015 07:35	7.67	7.95	8.76	8.86	8.31	4	0
11/13/2015 07:40	7.86	8.12	8.95	9.04	8.49	4	0
11/13/2015 07:45	7.86	8.12	8.96	9.05	8.5	4	0
11/13/2015 07:50	7.75	8.02	8.85	8.94	8.39	4	0
11/13/2015 07:55	7.5	7.62	8.59	8.66	8.09	4	0
11/13/2015 08:00	7.94	8.2	9.04	9.14	8.58	4	0
11/13/2015 08:05	8.29	8.52	9.4	9.5	8.93	4	0
11/13/2015 08:10	8.84	9.03	9.97	10.07	9.48	4	0
11/13/2015 08:15	7.94	8.2	9.04	9.14	8.58	4	0
11/13/2015 08:20	9.03	9.1	10.28	10.45	9.71	4	0
11/13/2015 08:25	9.56	9.65	10.57	10.41	10.05	4	0
11/13/2015 08:30	9.68	9.78	10.72	10.55	10.18	4	0
11/13/2015 08:35	8.01	8.26	9.11	9.21	8.65	4	0
11/13/2015 08:40	8.68	9.12	9.85	10.28	9.48	4	0
11/13/2015 08:45	8.74	9.11	9.91	9.84	9.4	4	0
11/13/2015 08:50	8.9	9.34	10.09	10.13	9.62	4	0
11/13/2015 08:55	9.29	9.59	10.65	10.49	10.01	4	0
11/13/2015 09:00	9.21	9.65	10.42	10.55	9.96	4	0
11/13/2015 09:05	8.84	8.65	9.49	9.35	9.08	4	0
11/13/2015 09:10	8.73	9.03	10.02	9.94	9.43	4	0
11/13/2015 09:15	8.87	9.26	10.25	10.11	9.62	4	0
11/13/2015 09:20	10.1	10.4	11.56	11.43	10.87	4	0
11/13/2015 09:25	9.71	9.7	10.63	10.47	10.13	4	0
11/13/2015 09:30	9.64	9.67	10.6	10.44	10.09	4	0
11/13/2015 09:35	8.98	9.3	10.3	10.21	9.7	4	0
11/13/2015 09:40	9.61	9.65	10.63	10.47	10.09	4	0
11/13/2015 09:45	9.9	9.9	10.92	10.76	10.37	4	0
11/13/2015 09:50	8.82	9.2	10.19	10.05	9.56	4	0
11/13/2015 09:55	8.62	8.93	9.91	9.77	9.31	4	0
11/13/2015 10:00	9.01	9.25	10.14	9.99	9.6	4	0
11/13/2015 10:05	8.44	8.82	9.76	9.63	9.16	4	0
11/13/2015 10:10	9.06	9.44	10.45	10.31	9.81	4	0
11/13/2015 10:15	9.24	8.99	9.85	9.71	9.45	4	0
11/13/2015 10:20	8.16	8.54	9.44	9.31	8.86	4	0
11/13/2015 10:25	8.89	9.19	10.21	10.11	9.6	4	0
11/13/2015 10:30	9.06	9.44	10.42	10.26	9.79	4	0
11/13/2015 10:35	9.63	9.96	10.92	10.75	10.31	4	0
11/13/2015 10:40	10.61	10.56	11.65	11.48	11.08	4	0
11/13/2015 10:45	9.67	9.69	10.68	10.53	10.14	4	0
11/13/2015 10:50	9.56	9.63	10.61	10.45	10.06	4	0
11/13/2015 10:55	8.98	9.36	10.36	10.22	9.73	4	0
11/13/2015 11:00	9.58	9.96	11.04	10.89	10.37	4	0
11/13/2015 11:05	9.25	9.63	10.68	10.53	10.02	4	0
11/13/2015 11:10	10.42	10.05	11.01	10.84	10.58	4	0
11/13/2015 11:15	9.28	9.66	10.71	10.56	10.05	4	0
11/13/2015 11:20	9.42	9.8	10.87	10.72	10.2	4	0
11/13/2015 11:25	9.86	9.51	10.42	10.26	10.01	4	0
11/13/2015 11:30	9.95	10.33	11.47	11.31	10.77	4	0
11/13/2015 11:35	9.16	9.43	10.34	10.19	9.78	4	0
11/13/2015 11:40	9.94	9.77	10.71	10.55	10.24	4	0
11/13/2015 11:45	10.05	10.36	11.51	11.38	10.82	4	0
11/13/2015 11:50	10.32	10.29	11.35	11.18	10.79	4	0
11/13/2015 11:55	9.43	9.42	10.37	10.22	9.86	4	0
11/13/2015 12:00	9.11	9.28	10.21	10.07	9.67	4	0
11/13/2015 12:05	9.49	9.36	10.26	10.11	9.8	4	0
11/13/2015 12:10	9.6	9.98	11.07	10.91	10.39	4	0
11/13/2015 12:15	9.83	10.21	11.33	11.17	10.63	4	0
11/13/2015 12:20	9.87	10.25	11.38	11.22	10.68	4	0
11/13/2015 12:25	9.64	9.9	10.85	10.68	10.27	4	0
11/13/2015 12:30	10.87	11.24	12.5	12.32	11.74	4	0
11/13/2015 12:35	13.33	13.28	15.03	15.48	14.28	4	0
11/13/2015 12:40	14.65	14.44	15.96	16.03	15.27	4	0
11/13/2015 12:45	14.84	15.22	17.01	16.75	15.96	4	0
11/13/2015 12:50	16.33	15.21	17	16.74	16.32	4	0
11/13/2015 12:55	16.48	15.62	17.11	16.78	16.5	4	0
11/13/2015 13:00	17.06	16.2	18.11	17.82	17.3	4	0
11/13/2015 13:05	15.65	15.98	17.51	17.56	16.68	4	0
11/13/2015 13:10	15.51	15.24	17.22	17.49	16.37	4	0
11/13/2015 13:15	19.84	17.85	19.54	19.16	19.1	4	0
11/13/2015 13:20	16.76	17.06	18.98	18.64	17.86	4	0
11/13/2015 13:25	18.48	18.29	20.72	21.5	19.75	4	0
11/13/2015 13:30	21.86	20	21.9	21.45	21.3	4	0
11/13/2015 13:35	19.57	19.43	21.28	20.85	20.28	4	0
11/13/2015 13:40	20.83	18.68	20.45	20.04	20	4	0
11/13/2015 13:45	20.01	18.68	20.95	21.64	20.32	4	0
11/13/2015 13:50	20.26	20.55	22.9	22.48	21.55	4	0
11/13/2015 13:55	15.88	15.91	17.8	17.52	16.78	4	0
11/13/2015 14:00	17.75	18.11	20.11	19.71	18.92	4	0
11/13/2015 14:05	23.72	21.09	23.09	22.62	22.63	4	0
11/13/2015 14:10	20.69	20.32	22.81	22.44	21.57	4	0
11/13/2015 14:15	20.31	18.24	19.97	19.58	19.53	4	0
11/13/2015 14:20	22.42	21.51	23.97	23.52	22.86	4	0
11/13/2015 14:25	21.31	20.32	22.64	22.23	21.62	4	0
11/13/2015 14:30	21.72	22.03	24.55	24.09	23.1	4	0
11/13/2015 14:35	25.59	22.64	24.79	24.27	24.32	4	0
11/13/2015 14:40	22.15	22.46	25.03	24.56	23.55	4	0
11/13/2015 14:45	26.93	25.4	28.56	28.87	27.44	4	0
11/13/2015 14:50	23.97	21.51	23.97	23.52	23.25	4	0
11/13/2015 14:55	21.35	19.46	21.83	21.47	21.03	4	0
11/13/2015 15:00	24.07	23.53	26.8	26.23	25.16	4	0
11/13/2015 15:05	31.65	27.71	30.34	29.67	29.84	4	0
11/13/2015 15:10	23.43	21.7	24.6	25.61	23.84	4	0
11/13/2015 15:15	24.31	21.58	23.92	23.66	23.36	4	0
11/13/2015 15:20	26.37	25.12	27.51	26.98	26.49	4	0
11/13/2015 15:25	27.9	27.55	30.55	30.22	29.05	4	0
11/13/2015 15:30	26.34	24.94	27.7	27.18	26.54	4	0
11/13/2015 15:35	25.13	25.24	28.01	27.62	26.5	4	0
11/13/2015 15:40	24.25	22.5	25.37	26.41	24.63	4	0
11/13/2015 15:45	22.35	22.32	24.65	24.16	23.37	4	0
11/13/2015 15:50	19.78	20.12	22.5	22.11	21.13	4	0
11/13/2015 15:55	28.34	25.52	28.45	27.89	27.55	4	0
11/13/2015 16:00	29.57	29.86	33.66	32.97	31.52	4	0
11/13/2015 16:05	25.27	25.58	28.52	27.95	26.83	4	0
11/13/2015 16:10	29.87	26.23	28.71	28.09	28.23	4	0
11/13/2015 16:15	31.02	28.64	31.36	30.67	30.42	4	0
11/13/2015 16:20	31.46	27.55	30.17	29.51	29.67	4	0
11/13/2015 16:25	27.32	26.23	29.61	29.31	28.11	4	0
11/13/2015 16:30	30.98	27.52	30.68	30.06	29.81	4	0
11/13/2015 16:35	29.08	28.11	30.77	30.1	29.52	4	0
11/13/2015 16:40	33.88	33.45	37.31	36.52	35.29	4	0
11/13/2015 16:45	25.57	23.58	26.74	27.87	25.94	4	0
11/13/2015 16:50	27.54	24.28	26.85	26.33	26.25	4	0
11/13/2015 16:55	31.02	27.47	30.08	29.42	29.5	4	0
11/13/2015 17:00	31.42	27.52	30.13	29.52	29.64	4	0
11/13/2015 17:05	28.55	28.86	32.19	31.53	30.28	4	0
11/13/2015 17:10	26.59	23.49	25.72	25.17	25.24	4	0
11/13/2015 17:15	34.47	30.07	33.2	32.51	32.56	4	0
11/13/2015 17:20	29.72	26.82	29.9	29.3	28.93	4	0
11/13/2015 17:25	33.41	32.75	35.86	35.05	34.27	4	0
11/13/2015 17:30	29.63	27.54	30.7	30.09	29.49	4	0
11/13/2015 17:35	32.48	28.4	31.31	30.68	30.72	4	0
11/13/2015 17:40	34.01	32.73	36.51	35.74	34.75	4	0
11/13/2015 17:45	29.88	29.94	33.39	32.7	31.48	4	0
11/13/2015 17:50	35.72	34.62	38.62	37.79	36.69	4	0
11/13/2015 17:55	29.07	28.85	32.5	31.94	30.59	4	0
11/13/2015 18:00	31.54	31.37	34.99	34.26	33.04	4	0
11/13/2015 18:05	28.63	27.86	31.07	30.44	29.5	4	0
11/13/2015 18:10	32.32	28.27	30.95	30.27	30.45	4	0
11/13/2015 18:15	28.62	28.45	31.72	31.08	29.97	4	0
11/13/2015 18:20	31.65	28.65	31.37	30.68	30.59	4	0
11/13/2015 18:25	27.84	24.52	26.85	26.28	26.37	4	0
11/13/2015 18:30	29.04	29.19	32.88	33.67	31.19	4	0
11/13/2015 18:35	33.72	29.73	32.55	31.83	31.95	4	0
11/13/2015 18:40	30.37	29.74	33.17	32.48	31.44	4	0
11/13/2015 18:45	30.85	27.04	29.9	30.01	29.45	4	0
11/13/2015 18:50	31.81	28.77	32.08	31.43	31.02	4	0
11/13/2015 18:55	27.92	27.23	30.36	30.24	28.94	4	0
11/13/2015 19:00	32.43	30.12	33.59	32.89	32.26	4	0
11/13/2015 19:05	29.65	27.2	30.32	29.72	29.22	4	0
11/13/2015 19:10	30.94	27.77	30.41	29.74	29.72	4	0
11/13/2015 19:15	25.54	22.61	24.79	24.76	24.42	4	0
11/13/2015 19:20	29.23	25.69	28.13	27.52	27.64	4	0
11/13/2015 19:25	28.54	25.45	27.86	27.26	27.28	4	0
11/13/2015 19:30	29.68	26.07	28.54	27.92	28.05	4	0
11/13/2015 19:35	27.51	24.48	27.6	28.78	27.09	4	0
11/13/2015 19:40	21.53	19.77	22.02	21.63	21.24	4	0
11/13/2015 19:45	25.42	22.5	24.64	24.12	24.17	4	0
11/13/2015 19:50	21.96	20.88	22.87	22.39	22.02	4	0
11/13/2015 19:55	19.78	17.89	19.93	19.59	19.3	4	0
11/13/2015 20:00	22.41	22.76	24.98	24.45	23.65	4	0
11/13/2015 20:05	17.35	17.24	18.88	18.8	18.07	4	0
11/13/2015 20:10	18.06	17.88	20.27	21.02	19.31	4	0
11/13/2015 20:15	16.71	16.57	18.15	17.79	17.3	4	0
11/13/2015 20:20	15.31	15.29	17.31	17.27	16.29	4	0
11/13/2015 20:25	14.57	14.5	16.41	16.39	15.47	4	0
11/13/2015 20:30	11.07	11.09	12.54	12.84	11.88	4	0
11/13/2015 20:35	9.34	9.41	10.63	10.82	10.05	4	0
11/13/2015 20:40	8.69	8.53	9.35	9.22	8.95	4	0
11/13/2015 20:45	7.82	8.13	9	8.95	8.47	4	0
11/13/2015 20:50	8.31	8.55	9.37	9.24	8.87	4	0
11/13/2015 20:55	8.81	8.63	9.46	9.33	9.06	4	0
11/13/2015 21:00	7.56	7.94	8.75	8.64	8.22	4	0
11/13/2015 21:05	8.93	9.03	9.9	9.76	9.41	4	0
11/13/2015 21:10	8.5	8.59	9.7	9.83	9.16	4	0
11/13/2015 21:15	7.65	8.07	8.73	8.95	8.35	4	0
11/13/2015 21:20	7.62	7.63	8.37	8.43	8.01	4	0
11/13/2015 21:25	8.08	8.51	9.2	9.68	8.87	4	0
11/13/2015 21:30	8.33	8.56	9.38	9.25	8.88	4	0
11/13/2015 21:35	8.03	8.13	8.91	8.79	8.46	4	0
11/13/2015 21:40	7.87	8.26	9.11	9	8.56	4	0
11/13/2015 21:45	8.4	8.28	9.08	8.96	8.68	4	0
11/13/2015 21:50	8.54	8.41	9.22	9.09	8.81	4	0
11/13/2015 21:55	6.52	6.92	7.5	7.84	7.19	4	0
11/13/2015 22:00	7.53	7.56	8.29	8.19	7.89	4	0
11/13/2015 22:05	7.44	7.86	8.5	8.76	8.14	4	0
11/13/2015 22:10	7.77	7.76	8.51	8.4	8.11	4	0
11/13/2015 22:15	6.71	7.11	7.7	8.06	7.4	4	0
11/13/2015 22:20	7.36	7.49	8.21	8.11	7.79	4	0
11/13/2015 22:25	6.16	6.47	7.16	7.3	6.77	4	0
11/13/2015 22:30	7.35	7.65	8.39	8.29	7.92	4	0
11/13/2015 22:35	6.95	7.35	7.96	8.25	7.63	4	0
11/13/2015 22:40	8.09	8.1	8.88	8.76	8.46	4	0
11/13/2015 22:45	8.35	8.74	9.66	9.53	9.07	4	0
11/13/2015 22:50	7.35	7.74	8.52	8.42	8.01	4	0
11/13/2015 22:55	7.44	7.83	8.62	8.51	8.1	4	0
11/13/2015 23:00	7.23	7.63	8.26	8.29	7.85	4	0
11/13/2015 23:05	6.57	6.87	7.54	7.45	7.11	4	0
11/13/2015 23:10	6.58	6.96	7.64	7.56	7.19	4	0
11/13/2015 23:15	5.89	6.18	6.82	6.98	6.47	4	0
11/13/2015 23:20	5.78	6.17	6.74	6.67	6.34	4	0
11/13/2015 23:25	5.6	5.86	6.5	6.44	6.1	4	0
11/13/2015 23:30	5.85	6.25	6.88	6.96	6.48	4	0
11/13/2015 23:35	5.75	6.12	6.65	6.71	6.31	4	0
11/13/2015 23:40	5.41	5.78	6.28	6.51	5.99	4	0
11/13/2015 23:45	5.45	5.82	6.32	6.34	5.98	4	0
11/13/2015 23:50	5.25	5.66	6.16	6.16	5.8	4	0
11/13/2015 23:55	4.83	5.19	5.65	5.83	5.38	4	0
11/14/2015 00:00	4.4	4.79	5.17	5.13	4.87	4	0
11/14/2015 00:05	5.1	5.49	5.97	5.91	5.62	4	0
11/14/2015 00:10	5	5.45	5.98	5.93	5.59	4	0
11/14/2015 00:15	5.09	5.52	6.06	6.01	5.67	4	0
11/14/2015 00:20	4.84	5.22	5.67	5.62	5.34	4	0
11/14/2015 00:25	4.69	5.07	5.57	5.53	5.22	4	0
11/14/2015 00:30	4.6	4.99	5.4	5.41	5.1	4	0
11/14/2015 00:35	4.41	4.8	5.28	5.35	4.96	4	0
11/14/2015 00:40	3.73	4.13	4.42	4.39	4.17	4	0
11/14/2015 00:45	3.96	4.49	4.93	4.92	4.58	4	0
11/14/2015 00:50	3.69	4.09	4.38	4.38	4.13	4	0
11/14/2015 00:55	4.12	4.71	5.17	5.15	4.79	4	0
11/14/2015 01:00	3.54	4.08	4.43	4.41	4.11	4	0
11/14/2015 01:05	3.6	4.13	4.48	4.46	4.17	4	0
11/14/2015 01:10	3.76	4.15	4.51	4.49	4.23	4	0
11/14/2015 01:15	3.33	3.9	4.28	4.34	3.96	4	0
11/14/2015 01:20	3.74	4.31	4.64	4.69	4.35	4	0
11/14/2015 01:25	3.56	3.95	4.22	4.24	3.99	4	0
11/14/2015 01:30	3.15	3.57	3.91	3.97	3.65	4	0
11/14/2015 01:35	3.27	3.65	4	4.06	3.74	4	0
11/14/2015 01:40	3.93	4.32	4.65	4.72	4.4	4	0
11/14/2015 01:45	3.02	3.79	4.07	4.05	3.73	4	0
11/14/2015 01:50	3.12	3.69	4.04	4.1	3.74	4	0
11/14/2015 01:55	3.03	3.43	3.63	3.61	3.42	4	0
11/14/2015 02:00	3.25	3.81	4.18	4.18	3.85	4	0
11/14/2015 02:05	3.68	4.23	4.65	4.71	4.32	4	0
11/14/2015 02:10	3.37	3.93	4.26	4.25	3.95	4	0
11/14/2015 02:15	3.26	3.79	4.1	4.11	3.81	4	0
11/14/2015 02:20	3.13	3.89	4.27	4.27	3.89	4	0
11/14/2015 02:25	3.11	3.69	3.94	3.99	3.68	4	0
11/14/2015 02:30	3.1	3.81	4.19	4.19	3.82	4	0
11/14/2015 02:35	3.17	3.66	4.01	4.06	3.72	4	0
11/14/2015 02:40	3.03	3.6	3.95	4	3.64	4	0
11/14/2015 02:45	2.63	3.24	3.55	3.6	3.26	4	0
11/14/2015 02:50	3.13	3.66	4.01	4.07	3.72	4	0
11/14/2015 02:55	3.11	3.55	3.77	3.8	3.56	4	0
11/14/2015 03:00	2.84	3.26	3.5	3.5	3.27	4	0
11/14/2015 03:05	3.01	3.79	4.11	4.09	3.75	4	0
11/14/2015 03:10	3.02	3.53	3.81	3.84	3.55	4	0
11/14/2015 03:15	2.81	3.32	3.57	3.6	3.32	4	0
11/14/2015 03:20	2.63	3.16	3.52	3.4	3.18	4	0
11/14/2015 03:25	2.8	3.3	3.55	3.58	3.31	4	0
11/14/2015 03:30	3.18	3.67	3.96	3.99	3.7	4	0
11/14/2015 03:35	2.84	3.21	3.46	3.49	3.25	4	0
11/14/2015 03:40	2.85	3.33	3.59	3.62	3.35	4	0
11/14/2015 03:45	2.73	3.31	3.57	3.6	3.3	4	0
11/14/2015 03:50	2.9	3.46	3.8	3.84	3.5	4	0
11/14/2015 03:55	3.12	3.51	3.85	3.88	3.59	4	0
11/14/2015 04:00	3.31	3.88	4.24	4.3	3.93	4	0
11/14/2015 04:05	2.78	3.21	3.52	3.6	3.28	4	0
11/14/2015 04:10	3.31	3.87	4.19	4.18	3.89	4	0
11/14/2015 04:15	3.1	3.45	3.72	3.74	3.5	4	0
11/14/2015 04:20	3.23	3.75	4.06	4.07	3.78	4	0
11/14/2015 04:25	3.07	3.42	3.68	3.71	3.47	4	0
11/14/2015 04:30	3.51	3.86	4.18	4.2	3.93	4	0
11/14/2015 04:35	2.94	3.51	3.78	3.78	3.5	4	0
11/14/2015 04:40	3.52	3.85	4.2	4.26	3.96	4	0
11/14/2015 04:45	3.82	4.13	4.54	4.6	4.27	4	0
11/14/2015 04:50	3.34	3.78	4.16	4.22	3.87	4	0
11/14/2015 04:55	3.53	3.83	4.22	4.28	3.97	4	0
11/14/2015 05:00	3.59	4.08	4.47	4.53	4.17	4	0
11/14/2015 05:05	3.39	3.96	4.35	4.41	4.03	4	0
11/14/2015 05:10	4.07	4.46	4.8	4.76	4.52	4	0
11/14/2015 05:15	4.48	5.02	5.5	5.47	5.12	4	0
11/14/2015 05:20	4.1	4.51	4.95	5.02	4.64	4	0
11/14/2015 05:25	4.12	4.6	4.97	4.93	4.66	4	0
11/14/2015 05:30	4.14	4.66	5.12	5.18	4.78	4	0
11/14/2015 05:35	4.09	4.64	5.09	5.07	4.72	4	0
11/14/2015 05:40	4.97	5.32	5.87	5.89	5.51	4	0
11/14/2015 05:45	4.81	5.28	5.81	5.88	5.44	4	0
11/14/2015 05:50	4.59	5	5.49	5.56	5.16	4	0
11/14/2015 05:55	4.45	4.84	5.23	5.19	4.93	4	0
11/14/2015 06:00	4.88	5.26	5.81	5.83	5.45	4	0
11/14/2015 06:05	4.8	5.18	5.62	5.57	5.29	4	0
11/14/2015 06:10	4.94	5.28	5.79	5.77	5.45	4	0
11/14/2015 06:15	5.27	5.61	6.16	6.13	5.79	4	0
11/14/2015 06:20	4.75	5.22	5.74	5.82	5.38	4	0
11/14/2015 06:25	5.44	5.8	6.34	6.28	5.97	4	0
11/14/2015 06:30	5.15	5.5	6.03	6.01	5.67	4	0
11/14/2015 06:35	5.53	5.79	6.44	6.38	6.03	4	0
11/14/2015 06:40	6.09	6.44	7.09	7.04	6.67	4	0
11/14/2015 06:45	6.53	6.87	7.58	7.52	7.13	4	0
11/14/2015 06:50	5.63	5.98	6.57	6.53	6.18	4	0
11/14/2015 06:55	5.58	5.97	6.51	6.44	6.13	4	0
11/14/2015 07:00	6.46	6.85	7.51	7.43	7.06	4	0
11/14/2015 07:05	6.13	6.51	7.17	7.25	6.77	4	0
11/14/2015 07:10	6.92	7.27	7.98	7.89	7.52	4	0
11/14/2015 07:15	7.01	7.36	8.07	7.97	7.6	4	0
11/14/2015 07:20	6.66	7	7.72	7.66	7.26	4	0
11/14/2015 07:25	7.75	8.03	8.82	8.71	8.33	4	0
11/14/2015 07:30	7.48	7.64	8.38	8.28	7.94	4	0
11/14/2015 07:35	7.18	7.52	8.31	8.23	7.81	4	0
11/14/2015 07:40	8.23	8.36	9.2	9.08	8.72	4	0
11/14/2015 07:45	8.28	8.49	9.34	9.21	8.83	4	0
11/14/2015 07:50	8.02	8.2	9.01	8.9	8.53	4	0
11/14/2015 07:55	7.94	8.28	9.17	9.08	8.62	4	0
11/14/2015 08:00	7.78	7.94	8.72	8.61	8.26	4	0
11/14/2015 08:05	7.87	7.98	8.76	8.64	8.31	4	0
11/14/2015 08:10	8.24	8.32	9.15	9.02	8.68	4	0
11/14/2015 08:15	7.84	7.98	8.76	8.65	8.31	4	0
11/14/2015 08:20	7.74	7.91	8.7	8.59	8.24	4	0
11/14/2015 08:25	6.67	7	7.67	7.58	7.23	4	0
11/14/2015 08:30	6.65	6.97	7.63	7.54	7.2	4	0
11/14/2015 08:35	8.13	8.37	9.19	9.07	8.69	4	0
11/14/2015 08:40	9.06	9.32	10.27	10.12	9.69	4	0
11/14/2015 08:45	8.93	9.27	10.22	10.1	9.63	4	0
11/14/2015 08:50	8.83	8.88	9.77	9.63	9.28	4	0
11/14/2015 08:55	8.69	9	9.99	9.9	9.39	4	0
11/14/2015 09:00	9.3	9.64	10.67	10.51	10.03	4	0
11/14/2015 09:05	8.59	8.94	9.9	9.8	9.31	4	0
11/14/2015 09:10	9.52	9.56	10.54	10.39	10.01	4	0
11/14/2015 09:15	9.71	9.74	10.74	10.58	10.19	4	0
11/14/2015 09:20	9.98	10.33	11.47	11.32	10.77	4	0
11/14/2015 09:25	8.96	9.1	10.01	9.88	9.49	4	0
11/14/2015 09:30	9.53	9.91	10.99	10.84	10.32	4	0
11/14/2015 09:35	10.52	10.75	11.86	11.68	11.2	4	0
11/14/2015 09:40	8.14	8.33	9.18	9.06	8.68	4	0
11/14/2015 09:45	8.98	9.03	9.97	9.85	9.46	4	0
11/14/2015 09:50	8.04	8.23	9.08	8.99	8.58	4	0
11/14/2015 09:55	8.78	9.13	10.09	9.97	9.49	4	0
11/14/2015 10:00	8.92	9.17	10.11	9.99	9.55	4	0
11/14/2015 10:05	9.34	9.72	10.77	10.63	10.12	4	0
11/14/2015 10:10	10.11	10.09	11.14	10.99	10.58	4	0
11/14/2015 10:15	10.98	11.14	12.29	12.12	11.63	4	0
11/14/2015 10:20	10.41	10.43	11.5	11.35	10.92	4	0
11/14/2015 10:25	10.06	10.33	11.39	11.22	10.75	4	0
11/14/2015 10:30	9.92	10.16	11.19	11.03	10.58	4	0
11/14/2015 10:35	10.66	10.57	11.67	11.51	11.11	4	0
11/14/2015 10:40	9.71	9.74	10.75	10.64	10.21	4	0
11/14/2015 10:45	10.46	10.62	11.71	11.53	11.08	4	0
11/14/2015 10:50	10.22	10.24	11.3	11.15	10.73	4	0
11/14/2015 10:55	9.46	9.84	10.91	10.75	10.24	4	0
11/14/2015 11:00	9.62	9.93	11.03	10.91	10.37	4	0
11/14/2015 11:05	9.11	9.55	10.32	10.74	9.93	4	0
11/14/2015 11:10	9.87	10.21	11.33	11.19	10.65	4	0
11/14/2015 11:15	10.94	11.01	12.14	11.95	11.51	4	0
11/14/2015 11:20	11.43	11.92	12.85	13.22	12.36	4	0
11/14/2015 11:25	10.18	10.56	11.73	11.55	11.01	4	0
11/14/2015 11:30	10.63	11.01	12.2	12	11.46	4	0
11/14/2015 11:35	13.04	13	14.71	15.14	13.97	4	0
11/14/2015 11:40	13.7	13.64	15.23	15.36	14.48	4	0
11/14/2015 11:45	14.25	14.06	15.65	15.42	14.84	4	0
11/14/2015 11:50	15.72	16.02	17.92	17.63	16.82	4	0
11/14/2015 11:55	19.85	19.62	22.24	22.1	20.95	4	0
11/14/2015 12:00	20.23	20.16	22.85	22.73	21.49	4	0
11/14/2015 12:05	19.21	18.69	20.57	20.85	19.83	4	0
11/14/2015 12:10	20.79	21.13	23.63	23.22	22.19	4	0
11/14/2015 12:15	20.82	20.32	22.84	23.08	21.76	4	0
11/14/2015 12:20	20.87	20.64	23.09	22.69	21.82	4	0
11/14/2015 12:25	19.71	19.59	22.01	21.89	20.8	4	0
11/14/2015 12:30	13.78	13.6	15.15	14.92	14.36	4	0
11/14/2015 12:35	12.46	12.57	13.88	13.66	13.14	4	0
11/14/2015 12:40	13.28	13.05	14.41	14.37	13.78	4	0
11/14/2015 12:45	15.92	16.15	18.07	18.23	17.09	4	0
11/14/2015 12:50	14.05	14.23	15.74	15.48	14.87	4	0
11/14/2015 12:55	9.27	9.3	10.24	10.1	9.73	4	0
11/14/2015 13:00	12.16	11.91	13.15	12.96	12.55	4	0
11/14/2015 13:05	14.95	15.29	17.05	16.79	16.02	4	0
11/14/2015 13:10	15.43	15.49	17.36	17.28	16.39	4	0
11/14/2015 13:15	15.17	15.47	17.26	16.99	16.22	4	0
11/14/2015 13:20	18.61	16.81	18.41	18.06	17.97	4	0
11/14/2015 13:25	16.53	15.08	16.77	17.06	16.36	4	0
11/14/2015 13:30	20.13	19.1	21.27	20.9	20.35	4	0
11/14/2015 13:35	16.69	15.21	16.66	16.4	16.24	4	0
11/14/2015 13:40	16.07	16.38	18.23	17.93	17.15	4	0
11/14/2015 13:45	18.7	17.3	18.95	18.57	18.38	4	0
11/14/2015 13:50	18.08	17.81	19.7	19.38	18.74	4	0
11/14/2015 13:55	17.71	17.62	19.62	19.29	18.56	4	0
11/14/2015 14:00	15.82	16.07	17.89	17.6	16.84	4	0
11/14/2015 14:05	18.98	17.76	19.97	20.71	19.36	4	0
11/14/2015 14:10	16.1	16.18	18.11	17.82	17.05	4	0
11/14/2015 14:15	19.65	19.96	22.24	21.84	20.92	4	0
11/14/2015 14:20	17.91	16.24	18.05	17.77	17.49	4	0
11/14/2015 14:25	18.87	18.21	19.94	19.54	19.14	4	0
11/14/2015 14:30	19.12	18.91	21.43	21.96	20.35	4	0
11/14/2015 14:35	21.89	19.56	21.42	20.98	20.96	4	0
11/14/2015 14:40	16.29	15.76	17.54	17.46	16.76	4	0
11/14/2015 14:45	19.46	17.53	19.19	18.82	18.75	4	0
11/14/2015 14:50	16.72	16.71	18.3	17.94	17.42	4	0
11/14/2015 14:55	20.26	20.57	23.36	22.87	21.77	4	0
11/14/2015 15:00	18.71	19.02	21.68	22.57	20.49	4	0
11/14/2015 15:05	19.37	18.48	20.58	20.22	19.66	4	0
11/14/2015 15:10	20.39	19.29	21.48	21.1	20.57	4	0
11/14/2015 15:15	18.9	17.44	19.76	20.48	19.15	4	0
11/14/2015 15:20	17.33	15.74	17.45	17.17	16.92	4	0
11/14/2015 15:25	20.13	18.95	21.11	20.89	20.27	4	0
11/14/2015 15:30	18.27	18.58	20.55	20.2	19.4	4	0
11/14/2015 15:35	19.36	17.44	19.1	19.26	18.79	4	0
11/14/2015 15:40	24.04	23.42	25.92	26.13	24.88	4	0
11/14/2015 15:45	19.5	17.7	20.06	20.8	19.51	4	0
11/14/2015 15:50	24.11	21.42	23.45	22.96	22.99	4	0
11/14/2015 15:55	21.5	19.37	21.58	21.19	20.91	4	0
11/14/2015 16:00	21.05	21.27	23.29	23.36	22.24	4	0
11/14/2015 16:05	18.82	19.45	20.91	21.58	20.19	4	0
11/14/2015 16:10	18.86	19.17	21.35	21.2	20.14	4	0
11/14/2015 16:15	19.44	19.56	21.42	20.98	20.35	4	0
11/14/2015 16:20	17.44	17.75	19.77	19.43	18.6	4	0
11/14/2015 16:25	16.53	16.9	18.93	18.63	17.75	4	0
11/14/2015 16:30	25.42	22.51	24.65	24.13	24.18	4	0
11/14/2015 16:35	21.39	21.67	24.75	25.41	23.31	4	0
11/14/2015 16:40	21.92	19.58	21.68	21.53	21.18	4	0
11/14/2015 16:45	20.03	20.33	22.66	22.24	21.32	4	0
11/14/2015 16:50	23.66	23.36	25.57	25.03	24.41	4	0
11/14/2015 16:55	25.22	23.33	25.55	25.05	24.79	4	0
11/14/2015 17:00	23.54	21.32	23.94	23.55	23.09	4	0
11/14/2015 17:05	21.16	18.95	20.75	20.33	20.29	4	0
11/14/2015 17:10	22.77	21.42	24.06	23.67	22.98	4	0
11/14/2015 17:15	26.17	23.14	25.33	24.8	24.86	4	0
11/14/2015 17:20	19.24	18.64	20.76	20.4	19.76	4	0
11/14/2015 17:25	22.87	20.38	22.31	21.86	21.85	4	0
11/14/2015 17:30	21.38	19.13	21.1	20.73	20.58	4	0
11/14/2015 17:35	26.21	24.21	26.51	25.94	25.72	4	0
11/14/2015 17:40	26.81	23.67	25.92	25.37	25.44	4	0
11/14/2015 17:45	21.08	21.39	23.83	23.39	22.42	4	0
11/14/2015 17:50	22.94	22.62	25.66	25.9	24.28	4	0
11/14/2015 17:55	20.75	20.3	22.62	22.21	21.47	4	0
11/14/2015 18:00	21.68	21.99	24.5	24.04	23.05	4	0
11/14/2015 18:05	22.2	22.51	25.71	25.16	23.9	4	0
11/14/2015 18:10	22.77	23.07	26.37	25.94	24.54	4	0
11/14/2015 18:15	24.51	23.38	25.59	25.05	24.63	4	0
11/14/2015 18:20	21.31	19.61	21.98	22.83	21.43	4	0
11/14/2015 18:25	18.72	17.78	19.93	19.61	19.01	4	0
11/14/2015 18:30	21.3	19.06	20.87	20.45	20.42	4	0
11/14/2015 18:35	19.19	19.5	22.21	21.76	20.66	4	0
11/14/2015 18:40	23.52	20.92	23.16	22.73	22.58	4	0
11/14/2015 18:45	22.3	22.34	24.47	23.95	23.27	4	0
11/14/2015 18:50	17.78	17.16	18.79	18.68	18.1	4	0
11/14/2015 18:55	19.5	17.56	19.23	18.85	18.78	4	0
11/14/2015 19:00	18.36	18.01	20.19	19.87	19.11	4	0
11/14/2015 19:05	16.94	16.85	18.86	18.92	17.89	4	0
11/14/2015 19:10	16.39	15.88	17.61	17.3	16.8	4	0
11/14/2015 19:15	14.79	14.61	16.16	15.89	15.36	4	0
11/14/2015 19:20	14	13.94	15.78	16.27	15	4	0
11/14/2015 19:25	14.8	14.72	16.66	17.2	15.85	4	0
11/14/2015 19:30	14.93	15.16	16.61	16.29	15.75	4	0
11/14/2015 19:35	7.22	7.6	8.37	8.27	7.87	4	0
11/14/2015 19:40	8.49	8.79	9.63	9.5	9.1	4	0
11/14/2015 19:45	8.21	8.13	8.91	8.85	8.53	4	0
11/14/2015 19:50	8.22	8.52	9.42	9.29	8.86	4	0
11/14/2015 19:55	8.32	8.43	9.24	9.11	8.77	4	0
11/14/2015 20:00	8.43	8.56	9.38	9.26	8.91	4	0
11/14/2015 20:05	7.08	7.47	8.22	8.12	7.72	4	0
11/14/2015 20:10	8.37	8.5	9.36	9.23	8.86	4	0
11/14/2015 20:15	7.99	8.33	9.16	9.04	8.63	4	0
11/14/2015 20:20	7.37	7.78	8.42	8.45	8	4	0
11/14/2015 20:25	7.74	8.12	8.96	8.85	8.42	4	0
11/14/2015 20:30	7.78	7.98	8.75	8.63	8.28	4	0
11/14/2015 20:35	8.21	8.13	8.91	8.79	8.51	4	0
11/14/2015 20:40	7.58	7.99	8.65	8.66	8.22	4	0
11/14/2015 20:45	7.44	7.55	8.27	8.17	7.86	4	0
11/14/2015 20:50	7.13	7.52	8.27	8.17	7.77	4	0
11/14/2015 20:55	7.42	7.72	8.56	8.49	8.05	4	0
11/14/2015 21:00	7.22	7.42	8.14	8.04	7.71	4	0
11/14/2015 21:05	6.91	7.29	8.02	7.92	7.54	4	0
11/14/2015 21:10	7.05	7.44	8.18	8.08	7.69	4	0
11/14/2015 21:15	7.82	8.2	8.97	8.94	8.48	4	0
11/14/2015 21:20	7.47	7.76	8.51	8.4	8.04	4	0
11/14/2015 21:25	6.57	6.9	7.56	7.48	7.13	4	0
11/14/2015 21:30	7.57	7.67	8.41	8.3	7.99	4	0
11/14/2015 21:35	7.74	8.04	8.83	8.76	8.34	4	0
11/14/2015 21:40	8	8.13	8.91	8.8	8.46	4	0
11/14/2015 21:45	7.74	7.74	8.48	8.38	8.09	4	0
11/14/2015 21:50	7.31	7.56	8.29	8.19	7.84	4	0
11/14/2015 21:55	6.27	6.66	7.22	7.54	6.92	4	0
11/14/2015 22:00	6.89	7.29	7.9	8.27	7.59	4	0
11/14/2015 22:05	8.14	8.26	9.05	8.93	8.6	4	0
11/14/2015 22:10	7.43	7.84	8.49	8.82	8.14	4	0
11/14/2015 22:15	7.81	8.19	8.99	8.92	8.48	4	0
11/14/2015 22:20	6.87	7.27	7.87	8.13	7.54	4	0
11/14/2015 22:25	7.68	7.98	8.83	8.8	8.32	4	0
11/14/2015 22:30	6.7	6.97	7.72	7.74	7.28	4	0
11/14/2015 22:35	6.63	7.02	7.71	7.68	7.26	4	0
11/14/2015 22:40	8.08	8.5	9.19	9.68	8.86	4	0
11/14/2015 22:45	6.76	6.92	7.59	7.51	7.19	4	0
11/14/2015 22:50	6.71	7	7.77	7.74	7.3	4	0
11/14/2015 22:55	6.71	7.11	7.7	7.99	7.38	4	0
11/14/2015 23:00	6.61	6.94	7.59	7.53	7.17	4	0
11/14/2015 23:05	6.7	6.92	7.69	7.67	7.25	4	0
11/14/2015 23:10	6.44	6.74	7.39	7.32	6.97	4	0
11/14/2015 23:15	5.89	6.23	6.82	7.04	6.49	4	0
11/14/2015 23:20	6.3	6.5	7.27	7.27	6.84	4	0
11/14/2015 23:25	5.94	6.32	6.92	6.84	6.5	4	0
11/14/2015 23:30	5.91	6.21	6.84	6.8	6.44	4	0
11/14/2015 23:35	6.27	6.66	7.3	7.22	6.86	4	0
11/14/2015 23:40	5.75	6.12	6.65	6.92	6.36	4	0
11/14/2015 23:45	6.16	6.47	7.16	7.15	6.73	4	0
11/14/2015 23:50	5.47	5.86	6.39	6.32	6.01	4	0
11/14/2015 23:55	5.35	5.72	6.21	6.41	5.92	4	0
11/15/2015 00:00	5.06	5.42	5.94	5.9	5.58	4	0
11/15/2015 00:05	5.52	5.91	6.44	6.38	6.06	4	0
11/15/2015 00:10	5.24	5.61	6.13	6.32	5.82	4	0
11/15/2015 00:15	5.23	5.6	6.09	6.31	5.81	4	0
11/15/2015 00:20	5.04	5.42	5.99	5.97	5.61	4	0
11/15/2015 00:25	4.98	5.4	5.93	6.01	5.58	4	0
11/15/2015 00:30	4.95	5.32	5.78	5.98	5.51	4	0
11/15/2015 00:35	4.75	5.24	5.75	5.71	5.36	4	0
11/15/2015 00:40	4.76	5.22	5.67	5.72	5.34	4	0
11/15/2015 00:45	4.57	4.89	5.36	5.48	5.08	4	0
11/15/2015 00:50	4.64	5.15	5.65	5.61	5.26	4	0
11/15/2015 00:55	3.97	4.5	4.91	4.9	4.57	4	0
11/15/2015 01:00	4.43	4.88	5.32	5.28	4.98	4	0
11/15/2015 01:05	4.46	4.92	5.37	5.33	5.02	4	0
11/15/2015 01:10	4.33	4.7	5.16	5.12	4.83	4	0
11/15/2015 01:15	4.03	4.42	4.76	4.72	4.48	4	0
11/15/2015 01:20	3.9	4.5	4.84	4.81	4.51	4	0
11/15/2015 01:25	3.66	4.04	4.43	4.49	4.16	4	0
11/15/2015 01:30	3.99	4.4	4.83	4.86	4.52	4	0
11/15/2015 01:35	3.48	3.84	4.2	4.26	3.95	4	0
11/15/2015 01:40	3.38	3.63	4.04	3.93	3.75	4	0
11/15/2015 01:45	3.99	4.29	4.73	4.78	4.44	4	0
11/15/2015 01:50	3.24	3.98	4.36	4.37	3.99	4	0
11/15/2015 01:55	3.24	3.62	3.96	4.01	3.71	4	0
11/15/2015 02:00	3.71	4.1	4.39	4.41	4.15	4	0
11/15/2015 02:05	3.83	4.25	4.66	4.68	4.36	4	0
11/15/2015 02:10	3.85	4.35	4.72	4.7	4.41	4	0
11/15/2015 02:15	3.42	3.96	4.28	4.27	3.98	4	0
11/15/2015 02:20	3.3	3.79	4.1	4.13	3.83	4	0
11/15/2015 02:25	3.35	3.77	4.13	4.1	3.84	4	0
11/15/2015 02:30	3.5	3.98	4.37	4.4	4.06	4	0
11/15/2015 02:35	3.68	4.18	4.55	4.56	4.24	4	0
11/15/2015 02:40	3.31	3.76	4.08	4.1	3.81	4	0
11/15/2015 02:45	3.04	3.45	3.74	3.75	3.5	4	0
11/15/2015 02:50	3.24	3.82	4.14	4.13	3.83	4	0
11/15/2015 02:55	3.05	3.62	3.9	3.89	3.62	4	0
11/15/2015 03:00	3.14	3.71	4.01	4.01	3.72	4	0
11/15/2015 03:05	2.98	3.35	3.61	3.65	3.4	4	0
11/15/2015 03:10	2.94	3.29	3.54	3.57	3.33	4	0
11/15/2015 03:15	2.92	3.42	3.76	3.8	3.48	4	0
11/15/2015 03:20	2.85	3.45	3.72	3.72	3.44	4	0
11/15/2015 03:25	2.93	3.23	3.54	3.62	3.33	4	0
11/15/2015 03:30	2.93	3.42	3.68	3.71	3.43	4	0
11/15/2015 03:35	2.63	3.19	3.43	3.46	3.18	4	0
11/15/2015 03:40	3.06	3.41	3.67	3.7	3.46	4	0
11/15/2015 03:45	2.66	3.02	3.23	3.27	3.04	4	0
11/15/2015 03:50	2.62	3.01	3.22	3.26	3.03	4	0
11/15/2015 03:55	2.9	3.36	3.61	3.64	3.38	4	0
11/15/2015 04:00	2.68	3.04	3.32	3.3	3.08	4	0
11/15/2015 04:05	2.9	3.49	3.77	3.76	3.48	4	0
11/15/2015 04:10	2.83	3.4	3.66	3.68	3.39	4	0
11/15/2015 04:15	2.85	3.33	3.58	3.61	3.34	4	0
11/15/2015 04:20	2.78	3.22	3.46	3.49	3.23	4	0
11/15/2015 04:25	3.31	3.78	4.1	4.12	3.83	4	0
11/15/2015 04:30	2.71	3.32	3.57	3.55	3.29	4	0
11/15/2015 04:35	2.87	3.21	3.45	3.49	3.25	4	0
11/15/2015 04:40	3.26	3.81	4.11	4.1	3.82	4	0
11/15/2015 04:45	3.5	4.04	4.38	4.36	4.07	4	0
11/15/2015 04:50	3.18	3.53	3.81	3.84	3.59	4	0
11/15/2015 04:55	2.96	3.42	3.68	3.71	3.44	4	0
11/15/2015 05:00	3.03	3.52	3.8	3.83	3.55	4	0
11/15/2015 05:05	3.3	3.96	4.36	4.42	4.01	4	0
11/15/2015 05:10	3.27	3.64	3.94	3.96	3.7	4	0
11/15/2015 05:15	2.99	3.32	3.61	3.6	3.38	4	0
11/15/2015 05:20	3.54	3.89	4.21	4.23	3.97	4	0
11/15/2015 05:25	3.47	3.97	4.3	4.31	4.01	4	0
11/15/2015 05:30	3.66	4.01	4.35	4.37	4.1	4	0
11/15/2015 05:35	3.72	4.07	4.41	4.43	4.16	4	0
11/15/2015 05:40	4.03	4.38	4.76	4.77	4.49	4	0
11/15/2015 05:45	3.5	3.84	4.16	4.18	3.92	4	0
11/15/2015 05:50	3.82	4.32	4.69	4.67	4.37	4	0
11/15/2015 05:55	3.83	4.17	4.54	4.55	4.27	4	0
11/15/2015 06:00	3.78	4.25	4.66	4.67	4.34	4	0
11/15/2015 06:05	3.78	4.28	4.64	4.62	4.33	4	0
11/15/2015 06:10	3.93	4.41	4.78	4.75	4.47	4	0
11/15/2015 06:15	4.47	4.81	5.26	5.25	4.95	4	0
11/15/2015 06:20	3.94	4.29	4.66	4.67	4.39	4	0
11/15/2015 06:25	4.23	4.7	5.11	5.08	4.78	4	0
11/15/2015 06:30	4.28	4.73	5.14	5.11	4.81	4	0
11/15/2015 06:35	4.37	4.72	5.14	5.13	4.84	4	0
11/15/2015 06:40	4.53	4.88	5.33	5.32	5.02	4	0
11/15/2015 06:45	4.34	4.68	5.11	5.11	4.81	4	0
11/15/2015 06:50	4.51	4.95	5.39	5.35	5.05	4	0
11/15/2015 06:55	4.27	4.61	5.03	5.03	4.74	4	0
11/15/2015 07:00	4.15	4.54	4.89	4.85	4.61	4	0
11/15/2015 07:05	3.84	4.23	4.54	4.51	4.28	4	0
11/15/2015 07:10	4.79	5.13	5.61	5.6	5.28	4	0
11/15/2015 07:15	4.82	5.17	5.66	5.64	5.32	4	0
11/15/2015 07:20	5.12	5.47	5.99	5.97	5.64	4	0
11/15/2015 07:25	5.09	5.44	5.96	5.93	5.61	4	0
11/15/2015 07:30	5.48	5.83	6.4	6.37	6.02	4	0
11/15/2015 07:35	5.77	6.11	6.72	6.68	6.32	4	0
11/15/2015 07:40	5.6	5.94	6.49	6.43	6.12	4	0
11/15/2015 07:45	6.6	6.9	7.57	7.48	7.14	4	0
11/15/2015 07:50	5.66	5.98	6.54	6.47	6.16	4	0
11/15/2015 07:55	5.17	5.61	6.18	6.19	5.79	4	0
11/15/2015 08:00	6.02	6.41	7.06	7.05	6.64	4	0
11/15/2015 08:05	5.26	5.7	6.27	6.35	5.9	4	0
11/15/2015 08:10	6.27	6.62	7.29	7.24	6.86	4	0
11/15/2015 08:15	6.17	6.51	7.17	7.09	6.74	4	0
11/15/2015 08:20	6.15	6.5	7.16	7.11	6.73	4	0
11/15/2015 08:25	5.82	6.21	6.79	6.71	6.38	4	0
11/15/2015 08:30	6.24	6.62	7.29	7.37	6.88	4	0
11/15/2015 08:35	6.1	6.48	7.14	7.22	6.73	4	0
11/15/2015 08:40	7.54	7.84	8.69	8.64	8.18	4	0
11/15/2015 08:45	6.91	7.17	7.9	7.96	7.48	4	0
11/15/2015 08:50	6.81	7.2	7.91	7.82	7.44	4	0
11/15/2015 08:55	6.54	6.93	7.61	7.52	7.15	4	0
11/15/2015 09:00	6.74	7.14	7.73	8.01	7.41	4	0
11/15/2015 09:05	6.71	7.11	7.78	7.93	7.38	4	0
11/15/2015 09:10	6.78	7.09	7.81	7.75	7.36	4	0
11/15/2015 09:15	8.15	8.27	9.1	8.98	8.62	4	0
11/15/2015 09:20	6.92	7.31	8.03	7.94	7.55	4	0
11/15/2015 09:25	7.74	8.12	8.96	8.85	8.42	4	0
11/15/2015 09:30	7.98	8.37	9.24	9.12	8.68	4	0
11/15/2015 09:35	7.47	7.77	8.62	8.57	8.11	4	0
11/15/2015 09:40	8.31	8.56	9.38	9.25	8.87	4	0
11/15/2015 09:45	8.4	8.5	9.32	9.19	8.85	4	0
11/15/2015 09:50	7.39	7.69	8.53	8.48	8.02	4	0
11/15/2015 09:55	8.21	8.13	8.91	8.8	8.51	4	0
11/15/2015 10:00	8.1	8.04	8.81	8.7	8.41	4	0
11/15/2015 10:05	8.86	8.67	9.51	9.37	9.1	4	0
11/15/2015 10:10	8.12	8.2	8.99	8.87	8.55	4	0
11/15/2015 10:15	9.12	9.17	10.05	9.9	9.56	4	0
11/15/2015 10:20	8.56	8.77	9.67	9.77	9.19	4	0
11/15/2015 10:25	9.13	9.09	9.96	9.82	9.5	4	0
11/15/2015 10:30	8.42	8.72	9.68	9.6	9.11	4	0
11/15/2015 10:35	8.61	8.81	9.65	9.52	9.15	4	0
11/15/2015 10:40	8.85	9.23	10.22	10.08	9.59	4	0
11/15/2015 10:45	9.56	9.94	10.99	10.82	10.33	4	0
11/15/2015 10:50	9.19	9.13	10	9.86	9.54	4	0
11/15/2015 10:55	9.04	9.26	10.15	10	9.61	4	0
11/15/2015 11:00	8.02	8.17	8.95	8.88	8.51	4	0
11/15/2015 11:05	8.74	9.12	10.09	9.96	9.48	4	0
11/15/2015 11:10	9.44	9.82	10.78	10.62	10.17	4	0
11/15/2015 11:15	10.11	10.49	11.65	11.48	10.93	4	0
11/15/2015 11:20	10.38	10.29	11.27	11.1	10.76	4	0
11/15/2015 11:25	9.68	9.94	10.9	10.73	10.31	4	0
11/15/2015 11:30	8.91	9.29	10.29	10.15	9.66	4	0
11/15/2015 11:35	9.47	9.78	10.86	10.75	10.22	4	0
11/15/2015 11:40	9.43	9.4	10.3	10.15	9.82	4	0
11/15/2015 11:45	9.81	9.51	10.43	10.27	10	4	0
11/15/2015 11:50	9.24	9.38	10.29	10.13	9.76	4	0
11/15/2015 11:55	9.18	9.49	10.53	10.37	9.89	4	0
11/15/2015 12:00	9.01	9.45	10.21	10.69	9.84	4	0
11/15/2015 12:05	9.11	9.34	10.38	10.48	9.83	4	0
11/15/2015 12:10	9.64	9.66	10.58	10.42	10.08	4	0
11/15/2015 12:15	10.33	10.56	11.58	11.39	10.96	4	0
11/15/2015 12:20	9.56	9.96	10.87	11.07	10.36	4	0
11/15/2015 12:25	9.46	9.18	10.06	9.91	9.65	4	0
11/15/2015 12:30	9.39	9.69	10.76	10.66	10.12	4	0
11/15/2015 12:35	9.83	10.21	11.33	11.36	10.68	4	0
11/15/2015 12:40	9.63	9.72	10.94	11.15	10.36	4	0
11/15/2015 12:45	9.22	9.53	10.58	10.48	9.95	4	0
11/15/2015 12:50	8.6	8.91	9.89	9.8	9.3	4	0
11/15/2015 12:55	9.16	9.47	10.45	10.41	9.87	4	0
11/15/2015 13:00	9.77	9.43	10.56	10.74	10.12	4	0
11/15/2015 13:05	9.42	9.14	10.02	9.99	9.64	4	0
11/15/2015 13:10	9.22	9.53	10.58	10.43	9.94	4	0
11/15/2015 13:15	10.08	9.95	10.9	10.93	10.46	4	0
11/15/2015 13:20	10.07	10.38	11.53	11.47	10.86	4	0
11/15/2015 13:25	8.97	9.04	10.03	9.94	9.5	4	0
11/15/2015 13:30	9.88	10.13	11.25	11.45	10.68	4	0
11/15/2015 13:35	10.99	10.45	11.46	11.27	11.04	4	0
11/15/2015 13:40	11.26	11.64	12.79	12.58	12.07	4	0
11/15/2015 13:45	10.78	10.96	12.14	12.16	11.51	4	0
11/15/2015 13:50	10.07	10.29	11.27	11.1	10.68	4	0
11/15/2015 13:55	9.23	9.27	10.16	10.02	9.67	4	0
11/15/2015 14:00	9.34	9.72	10.77	10.63	10.12	4	0
11/15/2015 14:05	10.62	10.96	12.01	11.82	11.35	4	0
11/15/2015 14:10	13.15	12.89	14.12	13.87	13.5	4	0
11/15/2015 14:15	12.77	13.29	14.32	14.76	13.79	4	0
11/15/2015 14:20	11.99	11.9	13.46	13.8	12.79	4	0
11/15/2015 14:25	15.78	15.44	17.27	17	16.37	4	0
11/15/2015 14:30	13.59	13.77	15.37	15.13	14.47	4	0
11/15/2015 14:35	15.41	15.72	17.49	17.45	16.52	4	0
11/15/2015 14:40	14.16	14.2	15.86	15.62	14.96	4	0
11/15/2015 14:45	14.19	14.56	16.27	16.02	15.26	4	0
11/15/2015 14:50	18.5	17.81	19.74	19.4	18.86	4	0
11/15/2015 14:55	13.95	14.26	15.87	15.63	14.93	4	0
11/15/2015 15:00	15.67	16.04	17.95	18.19	16.96	4	0
11/15/2015 15:05	17.39	17.7	19.4	19.02	18.38	4	0
11/15/2015 15:10	16.65	16.95	18.99	18.69	17.82	4	0
11/15/2015 15:15	16.93	15.83	17.71	17.43	16.97	4	0
11/15/2015 15:20	20.21	18.15	19.88	19.48	19.43	4	0
11/15/2015 15:25	15.78	16.15	18.08	17.86	16.97	4	0
11/15/2015 15:30	15.44	14.96	16.72	16.81	15.98	4	0
11/15/2015 15:35	16.5	16.25	18.18	17.9	17.21	4	0
11/15/2015 15:40	17.44	16.04	17.88	18.43	17.45	4	0
11/15/2015 15:45	18.04	16.77	18.78	18.48	18.02	4	0
11/15/2015 15:50	18.5	17.12	19.18	18.87	18.42	4	0
11/15/2015 15:55	14.33	14.67	16.39	16.14	15.38	4	0
11/15/2015 16:00	17.28	17.59	19.58	19.25	18.43	4	0
11/15/2015 16:05	17.48	17.07	19.12	18.81	18.12	4	0
11/15/2015 16:10	17.37	16.64	18.58	19.24	17.96	4	0
11/15/2015 16:15	16.93	16.78	19.01	19.69	18.1	4	0
11/15/2015 16:20	15.15	15.42	16.89	16.93	16.1	4	0
11/15/2015 16:25	15.36	15.73	17.59	17.32	16.5	4	0
11/15/2015 16:30	17.41	15.82	17.32	16.99	16.89	4	0
11/15/2015 16:35	16.59	16.9	18.82	18.5	17.7	4	0
11/15/2015 16:40	15.77	15.3	17.03	16.76	16.22	4	0
11/15/2015 16:45	15.18	15.14	17.08	16.84	16.06	4	0
11/15/2015 16:50	15.85	16.12	17.95	17.82	16.94	4	0
11/15/2015 16:55	16.02	15.65	17.51	17.24	16.6	4	0
11/15/2015 17:00	11.69	11.88	13.22	13.57	12.59	4	0
11/15/2015 17:05	13.43	13.48	15.1	15.31	14.33	4	0
11/15/2015 17:10	14.64	14.56	16.09	15.79	15.27	4	0
11/15/2015 17:15	12.89	12.9	14.55	14.5	13.71	4	0
11/15/2015 17:20	15.01	14.1	15.56	15.7	15.09	4	0
11/15/2015 17:25	13.88	14.02	15.78	15.54	14.8	4	0
11/15/2015 17:30	14.54	14.47	16.38	16.8	15.55	4	0
11/15/2015 17:35	15.1	14.94	16.44	16.67	15.79	4	0
11/15/2015 17:40	12.7	13.07	14.58	14.36	13.68	4	0
11/15/2015 17:45	14.22	14.15	15.64	15.36	14.84	4	0
11/15/2015 17:50	11.73	11.73	13.27	13.61	12.58	4	0
11/15/2015 17:55	14.06	14.36	15.96	15.66	15.01	4	0
11/15/2015 18:00	10.24	10.29	11.62	11.87	11.01	4	0
11/15/2015 18:05	9.48	9.91	10.72	10.89	10.25	4	0
11/15/2015 18:10	8.62	8.92	9.9	9.81	9.31	4	0
11/15/2015 18:15	7.84	8.13	8.91	8.8	8.42	4	0
11/15/2015 18:20	9.41	9.46	10.48	10.38	9.93	4	0
11/15/2015 18:25	8.24	8.62	9.53	9.4	8.95	4	0
11/15/2015 18:30	8.38	8.67	9.5	9.37	8.98	4	0
11/15/2015 18:35	8.68	8.78	9.62	9.48	9.14	4	0
11/15/2015 18:40	7.36	7.75	8.53	8.43	8.02	4	0
11/15/2015 18:45	8.79	9.18	10.06	9.92	9.49	4	0
11/15/2015 18:50	8.71	9.09	10.01	9.93	9.44	4	0
11/15/2015 18:55	8.17	8.47	9.4	9.33	8.84	4	0
11/15/2015 19:00	8.1	8.48	9.37	9.24	8.8	4	0
11/15/2015 19:05	8.58	8.44	9.25	9.12	8.85	4	0
11/15/2015 19:10	8.72	8.88	9.73	9.6	9.23	4	0
11/15/2015 19:15	8.86	9.16	10.17	10.08	9.56	4	0
11/15/2015 19:20	8.01	8.03	8.81	8.69	8.39	4	0
11/15/2015 19:25	8.86	8.81	9.65	9.52	9.21	4	0
11/15/2015 19:30	7.94	8.33	9.19	9.07	8.63	4	0
11/15/2015 19:35	8.31	8.62	9.56	9.49	8.99	4	0
11/15/2015 19:40	8.57	8.76	9.6	9.46	9.1	4	0
11/15/2015 19:45	7.49	7.79	8.64	8.59	8.13	4	0
11/15/2015 19:50	8.42	8.64	9.47	9.33	8.96	4	0
11/15/2015 19:55	7.39	7.77	8.56	8.46	8.05	4	0
11/15/2015 20:00	8.04	8.1	8.88	8.76	8.45	4	0
11/15/2015 20:05	8.04	8.46	9.15	9.6	8.81	4	0
11/15/2015 20:10	8.48	8.92	9.63	9.66	9.17	4	0
11/15/2015 20:15	7.67	7.92	8.69	8.57	8.21	4	0
11/15/2015 20:20	8.28	8.33	9.13	9.04	8.69	4	0
11/15/2015 20:25	7.33	7.72	8.5	8.4	7.99	4	0
11/15/2015 20:30	7.23	7.45	8.17	8.07	7.73	4	0
11/15/2015 20:35	7.86	7.95	8.71	8.6	8.28	4	0
11/15/2015 20:40	7.44	7.83	8.62	8.52	8.1	4	0
11/15/2015 20:45	7.1	7.49	8.22	8.14	7.74	4	0
11/15/2015 20:50	7.03	7.43	8.05	8.44	7.74	4	0
11/15/2015 20:55	7.7	8.08	8.92	8.8	8.37	4	0
11/15/2015 21:00	6.4	6.78	7.44	7.35	6.99	4	0
11/15/2015 21:05	6.76	7.16	7.76	8.12	7.45	4	0
11/15/2015 21:10	8.01	8.43	9.11	9.11	8.66	4	0
11/15/2015 21:15	7.15	7.45	8.26	8.3	7.79	4	0
11/15/2015 21:20	7.73	8.03	8.8	8.68	8.31	4	0
11/15/2015 21:25	7.95	7.91	8.67	8.56	8.27	4	0
11/15/2015 21:30	9.65	10.03	11.11	10.97	10.44	4	0
11/15/2015 21:35	7.06	7.47	8.09	8.21	7.71	4	0
11/15/2015 21:40	7.28	7.68	8.32	8.73	8	4	0
11/15/2015 21:45	6.28	6.53	7.25	7.27	6.83	4	0
11/15/2015 21:50	6.83	7.14	7.83	7.74	7.39	4	0
11/15/2015 21:55	6.85	7.25	7.85	8.17	7.53	4	0
11/15/2015 22:00	6.77	7.15	7.86	7.77	7.39	4	0
11/15/2015 22:05	6.67	6.96	7.63	7.54	7.2	4	0
11/15/2015 22:10	6.02	6.4	7.03	7.11	6.64	4	0
11/15/2015 22:15	6.38	6.78	7.34	7.49	7	4	0
11/15/2015 22:20	6.15	6.53	7.15	7.07	6.73	4	0
11/15/2015 22:25	6.29	6.53	7.16	7.09	6.77	4	0
11/15/2015 22:30	5.77	6.09	6.68	6.62	6.29	4	0
11/15/2015 22:35	5.67	6.05	6.61	6.54	6.22	4	0
11/15/2015 22:40	5.46	5.85	6.38	6.32	6	4	0
11/15/2015 22:45	5.71	6.04	6.63	6.57	6.24	4	0
11/15/2015 22:50	5.19	5.62	6.1	6.2	5.78	4	0
11/15/2015 22:55	4.84	5.31	5.84	5.91	5.48	4	0
11/15/2015 23:00	4.48	4.84	5.27	5.42	5	4	0
11/15/2015 23:05	5.78	6.08	6.72	6.68	6.31	4	0
11/15/2015 23:10	4.93	5.29	5.76	5.77	5.44	4	0
11/15/2015 23:15	4.9	5.37	5.83	5.77	5.47	4	0
11/15/2015 23:20	4.96	5.35	5.82	5.94	5.52	4	0
11/15/2015 23:25	4.25	4.65	5.01	4.97	4.72	4	0
11/15/2015 23:30	4.46	4.85	5.29	5.35	4.99	4	0
11/15/2015 23:35	4.05	4.59	5.04	5.02	4.68	4	0
11/15/2015 23:40	3.95	4.29	4.69	4.74	4.42	4	0
11/15/2015 23:45	4.23	4.53	4.99	5.03	4.69	4	0
11/15/2015 23:50	4.19	4.61	5.06	5.13	4.75	4	0
11/15/2015 23:55	4	4.59	5.06	5.04	4.67	4	0
