5 Minutes	Lane 1 Flow (Veh/5 Minutes)	Lane 2 Flow (Veh/5 Minutes)	Lane 3 Flow (Veh/5 Minutes)	Lane 4 Flow (Veh/5 Minutes)	Flow (Veh/5 Minutes)	# Lane Points	% Observed
11/09/2015 00:00	29	33	48	21	131	4	75
11/09/2015 00:05	28	39	42	20	129	4	75
11/09/2015 00:10	36	38	49	17	140	4	75
11/09/2015 00:15	33	31	49	20	133	4	75
11/09/2015 00:20	29	31	44	14	118	4	75
11/09/2015 00:25	25	34	35	9	103	4	75
11/09/2015 00:30	28	26	46	20	120	4	75
11/09/2015 00:35	27	27	34	17	105	4	75
11/09/2015 00:40	27	28	33	8	96	4	75
11/09/2015 00:45	22	23	26	6	77	4	75
11/09/2015 00:50	23	23	33	14	93	4	75
11/09/2015 00:55	21	21	30	11	83	4	75
11/09/2015 01:00	19	27	24	20	90	4	0
11/09/2015 01:05	18	27	24	19	88	4	0
11/09/2015 01:10	18	26	23	19	86	4	0
11/09/2015 01:15	15	21	19	7	62	4	75
11/09/2015 01:20	21	21	31	13	86	4	75
11/09/2015 01:25	21	17	23	16	77	4	75
11/09/2015 01:30	18	10	26	10	64	4	75
11/09/2015 01:35	14	17	16	6	53	4	75
11/09/2015 01:40	17	19	24	7	67	4	75
11/09/2015 01:45	20	16	26	9	71	4	75
11/09/2015 01:50	17	14	21	9	61	4	75
11/09/2015 01:55	15	14	20	7	56	4	75
11/09/2015 02:00	17	14	21	4	56	4	75
11/09/2015 02:05	14	14	17	6	51	4	75
11/09/2015 02:10	12	17	16	4	49	4	75
11/09/2015 02:15	18	13	24	9	64	4	75
11/09/2015 02:20	11	17	13	3	44	4	75
11/09/2015 02:25	18	11	23	3	55	4	75
11/09/2015 02:30	15	17	19	6	57	4	75
11/09/2015 02:35	16	10	21	6	53	4	75
11/09/2015 02:40	17	9	21	6	53	4	75
11/09/2015 02:45	16	9	20	6	51	4	75
11/09/2015 02:50	18	10	31	10	69	4	75
11/09/2015 02:55	17	17	23	6	63	4	75
11/09/2015 03:00	13	10	17	6	46	4	75
11/09/2015 03:05	14	11	13	6	44	4	75
11/09/2015 03:10	14	16	17	6	53	4	75
11/09/2015 03:15	13	23	20	5	61	4	75
11/09/2015 03:20	19	14	23	7	63	4	75
11/09/2015 03:25	12	19	17	1	49	4	75
11/09/2015 03:30	15	24	21	7	67	4	75
11/09/2015 03:35	23	33	36	10	102	4	75
11/09/2015 03:40	20	23	27	9	79	4	75
11/09/2015 03:45	19	26	27	11	83	4	75
11/09/2015 03:50	26	30	33	9	98	4	75
11/09/2015 03:55	26	33	39	13	111	4	75
11/09/2015 04:00	30	21	54	19	124	4	75
11/09/2015 04:05	24	31	44	11	110	4	75
11/09/2015 04:10	28	39	51	20	138	4	75
11/09/2015 04:15	34	60	56	19	169	4	75
11/09/2015 04:20	45	44	56	13	158	4	75
11/09/2015 04:25	52	54	73	14	193	4	75
11/09/2015 04:30	42	66	63	17	188	4	75
11/09/2015 04:35	58	71	77	20	226	4	75
11/09/2015 04:40	46	59	89	24	218	4	75
11/09/2015 04:45	51	66	64	14	195	4	75
11/09/2015 04:50	56	71	101	33	261	4	75
11/09/2015 04:55	49	63	83	20	215	4	75
11/09/2015 05:00	48	67	77	26	218	4	75
11/09/2015 05:05	54	84	77	23	238	4	75
11/09/2015 05:10	52	99	89	30	270	4	75
11/09/2015 05:15	65	87	99	30	281	4	75
11/09/2015 05:20	78	106	116	39	339	4	75
11/09/2015 05:25	74	106	120	34	334	4	75
11/09/2015 05:30	67	126	110	39	342	4	75
11/09/2015 05:35	68	111	121	47	347	4	75
11/09/2015 05:40	101	120	159	56	436	4	75
11/09/2015 05:45	82	119	151	53	405	4	75
11/09/2015 05:50	104	126	147	59	436	4	75
11/09/2015 05:55	78	121	137	54	390	4	75
11/09/2015 06:00	79	121	144	50	394	4	75
11/09/2015 06:05	79	137	130	44	390	4	75
11/09/2015 06:10	78	104	136	43	361	4	75
11/09/2015 06:15	74	119	124	53	370	4	75
11/09/2015 06:20	81	123	134	46	384	4	75
11/09/2015 06:25	71	103	121	51	346	4	75
11/09/2015 06:30	78	107	126	37	348	4	75
11/09/2015 06:35	84	106	119	47	356	4	75
11/09/2015 06:40	72	107	136	53	368	4	75
11/09/2015 06:45	107	116	156	41	420	4	75
11/09/2015 06:50	88	97	150	39	374	4	75
11/09/2015 06:55	74	127	139	57	397	4	75
11/09/2015 07:00	79	124	129	39	371	4	75
11/09/2015 07:05	96	131	134	36	397	4	75
11/09/2015 07:10	87	123	135	51	396	4	75
11/09/2015 07:15	81	120	123	41	365	4	75
11/09/2015 07:20	81	129	106	46	362	4	75
11/09/2015 07:25	96	121	131	40	388	4	75
11/09/2015 07:30	84	114	111	26	335	4	75
11/09/2015 07:35	88	129	117	39	373	4	75
11/09/2015 07:40	87	134	141	46	408	4	75
11/09/2015 07:45	81	104	133	53	371	4	75
11/09/2015 07:50	100	121	140	51	412	4	75
11/09/2015 07:55	84	126	121	36	367	4	75
11/09/2015 08:00	96	131	139	44	410	4	75
11/09/2015 08:05	100	143	143	57	443	4	75
11/09/2015 08:10	87	139	139	50	415	4	75
11/09/2015 08:15	87	131	141	54	413	4	75
11/09/2015 08:20	81	136	129	56	402	4	75
11/09/2015 08:25	104	116	146	47	413	4	75
11/09/2015 08:30	103	131	139	47	420	4	75
11/09/2015 08:35	98	136	151	63	448	4	75
11/09/2015 08:40	84	107	136	56	383	4	75
11/09/2015 08:45	86	124	146	54	410	4	75
11/09/2015 08:50	77	103	117	39	336	4	75
11/09/2015 08:55	84	111	120	46	361	4	75
11/09/2015 09:00	96	113	130	50	389	4	75
11/09/2015 09:05	87	120	139	64	410	4	75
11/09/2015 09:10	86	126	136	61	409	4	75
11/09/2015 09:15	90	119	126	43	378	4	75
11/09/2015 09:20	87	110	134	51	382	4	75
11/09/2015 09:25	110	120	151	67	448	4	75
11/09/2015 09:30	97	124	150	74	445	4	75
11/09/2015 09:35	78	131	139	64	412	4	75
11/09/2015 09:40	84	113	134	54	385	4	75
11/09/2015 09:45	107	126	137	37	407	4	75
11/09/2015 09:50	72	134	120	43	369	4	75
11/09/2015 09:55	72	106	110	41	329	4	75
11/09/2015 10:00	88	113	144	50	395	4	75
11/09/2015 10:05	77	123	130	60	390	4	75
11/09/2015 10:10	101	119	139	56	415	4	75
11/09/2015 10:15	91	104	137	59	391	4	75
11/09/2015 10:20	101	123	141	39	404	4	75
11/09/2015 10:25	87	109	130	51	377	4	75
11/09/2015 10:30	77	103	114	50	344	4	75
11/09/2015 10:35	84	90	121	34	329	4	75
11/09/2015 10:40	82	103	123	54	362	4	75
11/09/2015 10:45	81	100	111	46	338	4	75
11/09/2015 10:50	90	99	133	51	373	4	75
11/09/2015 10:55	98	110	130	59	397	4	75
11/09/2015 11:00	100	126	127	50	403	4	75
11/09/2015 11:05	90	133	130	50	403	4	75
11/09/2015 11:10	113	130	159	64	466	4	75
11/09/2015 11:15	116	137	156	63	472	4	75
11/09/2015 11:20	106	116	131	46	399	4	75
11/09/2015 11:25	97	121	151	59	428	4	75
11/09/2015 11:30	90	140	141	53	424	4	75
11/09/2015 11:35	108	131	139	59	437	4	75
11/09/2015 11:40	86	109	126	57	378	4	75
11/09/2015 11:45	84	124	137	60	405	4	75
11/09/2015 11:50	108	126	143	70	447	4	75
11/09/2015 11:55	98	137	137	56	428	4	75
11/09/2015 12:00	113	134	130	40	417	4	75
11/09/2015 12:05	108	134	147	59	448	4	75
11/09/2015 12:10	106	120	144	49	419	4	75
11/09/2015 12:15	84	96	130	53	363	4	75
11/09/2015 12:20	93	121	144	50	408	4	75
11/09/2015 12:25	98	111	136	54	399	4	75
11/09/2015 12:30	91	124	139	61	415	4	75
11/09/2015 12:35	100	121	140	60	421	4	75
11/09/2015 12:40	84	124	136	56	400	4	75
11/09/2015 12:45	81	120	127	56	384	4	75
11/09/2015 12:50	94	131	139	63	427	4	75
11/09/2015 12:55	100	146	149	60	455	4	75
11/09/2015 13:00	93	117	139	47	396	4	75
11/09/2015 13:05	91	109	133	51	384	4	75
11/09/2015 13:10	90	123	136	51	400	4	75
11/09/2015 13:15	90	121	121	50	382	4	75
11/09/2015 13:20	96	123	131	54	404	4	75
11/09/2015 13:25	101	123	143	60	427	4	75
11/09/2015 13:30	79	130	111	46	366	4	75
11/09/2015 13:35	93	130	137	57	417	4	75
11/09/2015 13:40	107	107	133	43	390	4	75
11/09/2015 13:45	106	120	149	56	431	4	75
11/09/2015 13:50	81	105	124	54	364	4	75
11/09/2015 13:55	100	118	124	48	390	4	75
11/09/2015 14:00	88	87	139	44	358	4	75
11/09/2015 14:05	84	114	124	51	373	4	75
11/09/2015 14:10	101	129	143	56	429	4	75
11/09/2015 14:15	93	130	133	63	419	4	75
11/09/2015 14:20	72	89	100	64	325	4	75
11/09/2015 14:25	68	70	59	49	246	4	75
11/09/2015 14:30	86	106	83	77	352	4	75
11/09/2015 14:35	87	91	91	67	336	4	75
11/09/2015 14:40	107	123	109	98	437	4	75
11/09/2015 14:45	96	107	101	87	391	4	75
11/09/2015 14:50	107	103	114	93	417	4	75
11/09/2015 14:55	93	105	95	84	377	4	75
11/09/2015 15:00	88	106	91	76	361	4	75
11/09/2015 15:05	83	80	81	70	314	4	75
11/09/2015 15:10	88	106	84	79	357	4	75
11/09/2015 15:15	83	109	96	80	368	4	75
11/09/2015 15:20	88	84	96	79	347	4	75
11/09/2015 15:25	93	108	89	84	374	4	75
11/09/2015 15:30	88	104	91	75	358	4	75
11/09/2015 15:35	82	64	73	76	295	4	75
11/09/2015 15:40	81	83	66	77	307	4	75
11/09/2015 15:45	90	98	94	83	365	4	75
11/09/2015 15:50	86	93	91	77	347	4	75
11/09/2015 15:55	81	71	73	79	304	4	75
11/09/2015 16:00	80	89	79	74	322	4	75
11/09/2015 16:05	79	71	79	71	300	4	75
11/09/2015 16:10	84	87	76	77	324	4	75
11/09/2015 16:15	96	104	113	83	396	4	75
11/09/2015 16:20	86	87	90	77	340	4	75
11/09/2015 16:25	79	89	84	71	323	4	75
11/09/2015 16:30	83	89	86	77	335	4	75
11/09/2015 16:35	71	76	74	60	281	4	75
11/09/2015 16:40	76	84	91	56	307	4	75
11/09/2015 16:45	75	90	76	70	311	4	75
11/09/2015 16:50	83	103	94	74	354	4	75
11/09/2015 16:55	77	93	70	69	309	4	75
11/09/2015 17:00	86	93	81	81	341	4	75
11/09/2015 17:05	81	77	84	67	309	4	75
11/09/2015 17:10	78	89	87	70	324	4	75
11/09/2015 17:15	69	89	60	61	279	4	75
11/09/2015 17:20	71	91	63	57	282	4	75
11/09/2015 17:25	84	89	90	74	337	4	75
11/09/2015 17:30	75	80	66	70	291	4	75
11/09/2015 17:35	74	84	67	66	291	4	75
11/09/2015 17:40	70	76	73	47	266	4	75
11/09/2015 17:45	78	74	86	56	294	4	75
11/09/2015 17:50	67	86	84	59	296	4	75
11/09/2015 17:55	71	80	66	63	280	4	75
11/09/2015 18:00	66	71	79	51	267	4	75
11/09/2015 18:05	77	79	99	69	324	4	75
11/09/2015 18:10	68	80	86	56	290	4	75
11/09/2015 18:15	70	80	73	61	284	4	75
11/09/2015 18:20	64	74	60	56	254	4	75
11/09/2015 18:25	72	93	90	64	319	4	75
11/09/2015 18:30	77	89	80	69	315	4	75
11/09/2015 18:35	64	80	81	47	272	4	75
11/09/2015 18:40	71	89	100	60	320	4	75
11/09/2015 18:45	76	96	79	67	318	4	75
11/09/2015 18:50	86	94	83	87	350	4	75
11/09/2015 18:55	75	84	90	67	316	4	75
11/09/2015 19:00	72	90	81	64	307	4	75
11/09/2015 19:05	76	89	100	68	333	4	75
11/09/2015 19:10	77	93	94	36	300	4	75
11/09/2015 19:15	81	88	114	39	322	4	75
11/09/2015 19:20	93	101	133	57	384	4	75
11/09/2015 19:25	95	96	113	54	358	4	75
11/09/2015 19:30	87	97	134	47	365	4	75
11/09/2015 19:35	82	109	116	51	358	4	75
11/09/2015 19:40	90	130	139	67	426	4	75
11/09/2015 19:45	103	111	147	64	425	4	75
11/09/2015 19:50	88	115	140	60	403	4	75
11/09/2015 19:55	74	93	120	54	341	4	75
11/09/2015 20:00	64	91	105	44	304	4	75
11/09/2015 20:05	75	84	130	63	352	4	75
11/09/2015 20:10	77	101	103	33	314	4	75
11/09/2015 20:15	68	81	89	36	274	4	75
11/09/2015 20:20	67	97	106	46	316	4	75
11/09/2015 20:25	77	87	126	49	339	4	75
11/09/2015 20:30	69	96	119	51	335	4	75
11/09/2015 20:35	78	100	111	36	325	4	75
11/09/2015 20:40	87	90	109	41	327	4	75
11/09/2015 20:45	68	97	99	43	307	4	75
11/09/2015 20:50	87	81	116	43	327	4	75
11/09/2015 20:55	84	86	117	53	340	4	75
11/09/2015 21:00	69	111	119	41	340	4	75
11/09/2015 21:05	84	86	121	43	334	4	75
11/09/2015 21:10	74	100	103	46	323	4	75
11/09/2015 21:15	75	79	106	43	303	4	75
11/09/2015 21:20	61	87	103	37	288	4	75
11/09/2015 21:25	82	93	109	41	325	4	75
11/09/2015 21:30	69	77	104	43	293	4	75
11/09/2015 21:35	71	87	120	53	331	4	75
11/09/2015 21:40	58	81	80	36	255	4	75
11/09/2015 21:45	72	79	94	31	276	4	75
11/09/2015 21:50	62	64	90	36	252	4	75
11/09/2015 21:55	58	81	80	39	258	4	75
11/09/2015 22:00	62	77	84	33	256	4	75
11/09/2015 22:05	58	69	85	34	246	4	75
11/09/2015 22:10	58	60	87	40	245	4	75
11/09/2015 22:15	49	64	83	33	229	4	75
11/09/2015 22:20	67	76	90	29	262	4	75
11/09/2015 22:25	67	70	103	53	293	4	75
11/09/2015 22:30	57	56	83	26	222	4	75
11/09/2015 22:35	61	60	81	31	233	4	75
11/09/2015 22:40	46	51	74	30	201	4	75
11/09/2015 22:45	43	56	64	21	184	4	75
11/09/2015 22:50	46	50	69	23	188	4	75
11/09/2015 22:55	41	46	59	30	176	4	75
11/09/2015 23:00	57	57	79	34	227	4	75
11/09/2015 23:05	46	56	67	27	196	4	75
11/09/2015 23:10	53	54	76	29	212	4	75
11/09/2015 23:15	49	51	69	29	198	4	75
11/09/2015 23:20	36	60	59	20	175	4	75
11/09/2015 23:25	43	40	61	24	168	4	75
11/09/2015 23:30	43	39	60	24	166	4	75
11/09/2015 23:35	39	50	53	20	162	4	75
11/09/2015 23:40	40	34	63	27	164	4	75
11/09/2015 23:45	32	43	50	21	146	4	75
11/09/2015 23:50	31	44	50	21	146	4	75
11/09/2015 23:55	27	36	46	18	127	4	75
11/10/2015 00:00	30	30	44	18	122	4	75
11/10/2015 00:05	27	26	41	11	105	4	75
11/10/2015 00:10	29	27	35	11	102	4	75
11/10/2015 00:15	24	32	37	14	107	4	75
11/10/2015 00:20	23	25	36	12	96	4	75
11/10/2015 00:25	29	30	40	14	113	4	75
11/10/2015 00:30	21	22	28	10	81	4	75
11/10/2015 00:35	24	20	39	16	99	4	75
11/10/2015 00:40	19	16	26	6	67	4	75
11/10/2015 00:45	21	24	26	9	80	4	75
11/10/2015 00:50	19	20	26	9	74	4	75
11/10/2015 00:55	18	20	20	7	65	4	75
11/10/2015 01:00	16	23	21	17	77	4	0
11/10/2015 01:05	16	24	21	17	78	4	0
11/10/2015 01:10	16	24	21	17	78	4	0
11/10/2015 01:15	17	15	20	9	61	4	75
11/10/2015 01:20	15	16	19	9	59	4	75
11/10/2015 01:25	11	11	13	3	38	4	75
11/10/2015 01:30	12	20	13	3	48	4	75
11/10/2015 01:35	19	13	26	11	69	4	75
11/10/2015 01:40	14	14	17	6	51	4	75
11/10/2015 01:45	10	10	14	1	35	4	75
11/10/2015 01:50	14	13	19	6	52	4	75
11/10/2015 01:55	19	9	27	11	66	4	75
11/10/2015 02:00	18	16	23	4	61	4	75
11/10/2015 02:05	17	11	20	4	52	4	75
11/10/2015 02:10	25	19	42	12	98	4	75
11/10/2015 02:15	20	16	30	10	76	4	75
11/10/2015 02:20	16	7	20	11	54	4	75
11/10/2015 02:25	14	13	17	6	50	4	75
11/10/2015 02:30	21	18	26	9	74	4	75
11/10/2015 02:35	11	16	13	3	43	4	75
11/10/2015 02:40	18	11	24	7	60	4	75
11/10/2015 02:45	15	17	19	4	55	4	75
11/10/2015 02:50	19	16	21	7	63	4	75
11/10/2015 02:55	13	6	17	4	40	4	75
11/10/2015 03:00	12	16	16	3	47	4	75
11/10/2015 03:05	19	16	31	6	72	4	75
11/10/2015 03:10	18	9	23	7	57	4	75
11/10/2015 03:15	18	20	23	9	70	4	75
11/10/2015 03:20	19	20	23	7	69	4	75
11/10/2015 03:25	12	23	14	4	53	4	75
11/10/2015 03:30	15	19	21	6	61	4	75
11/10/2015 03:35	26	20	31	15	92	4	75
11/10/2015 03:40	23	31	34	9	97	4	75
11/10/2015 03:45	18	23	23	6	70	4	75
11/10/2015 03:50	28	29	40	13	110	4	75
11/10/2015 03:55	26	40	40	10	116	4	75
11/10/2015 04:00	29	26	49	21	125	4	75
11/10/2015 04:05	30	41	46	13	130	4	75
11/10/2015 04:10	34	34	59	20	147	4	75
11/10/2015 04:15	31	34	56	20	141	4	75
11/10/2015 04:20	26	36	41	13	116	4	75
11/10/2015 04:25	32	50	50	14	146	4	75
11/10/2015 04:30	33	49	53	16	151	4	75
11/10/2015 04:35	33	49	60	20	162	4	75
11/10/2015 04:40	48	69	76	21	214	4	75
11/10/2015 04:45	36	56	59	16	167	4	75
11/10/2015 04:50	47	64	91	26	228	4	75
11/10/2015 04:55	40	56	76	21	193	4	75
11/10/2015 05:00	46	73	77	20	216	4	75
11/10/2015 05:05	62	84	109	30	285	4	75
11/10/2015 05:10	42	67	89	30	228	4	75
11/10/2015 05:15	65	86	126	44	321	4	75
11/10/2015 05:20	77	91	101	40	309	4	75
11/10/2015 05:25	61	90	104	27	282	4	75
11/10/2015 05:30	72	99	293	47	511	4	75
11/10/2015 05:35	77	119	390	43	629	4	75
11/10/2015 05:40	84	109	196	46	435	4	75
11/10/2015 05:45	88	121	209	53	471	4	75
11/10/2015 05:50	75	107	160	43	385	4	75
11/10/2015 05:55	77	106	166	43	392	4	75
11/10/2015 06:00	71	137	136	39	383	4	75
11/10/2015 06:05	68	107	144	41	360	4	75
11/10/2015 06:10	81	109	151	59	400	4	75
11/10/2015 06:15	81	123	153	47	404	4	75
11/10/2015 06:20	71	120	157	36	384	4	75
11/10/2015 06:25	69	119	151	31	370	4	75
11/10/2015 06:30	69	116	150	49	384	4	75
11/10/2015 06:35	91	114	151	37	393	4	75
11/10/2015 06:40	77	120	159	47	403	4	75
11/10/2015 06:45	82	124	187	66	459	4	75
11/10/2015 06:50	72	104	143	44	363	4	75
11/10/2015 06:55	86	136	176	39	437	4	75
11/10/2015 07:00	61	100	320	37	518	4	75
11/10/2015 07:05	71	113	220	46	450	4	75
11/10/2015 07:10	90	117	176	41	424	4	75
11/10/2015 07:15	69	123	117	34	343	4	75
11/10/2015 07:20	69	111	146	41	367	4	75
11/10/2015 07:25	57	106	127	41	331	4	75
11/10/2015 07:30	75	103	136	36	350	4	75
11/10/2015 07:35	69	114	131	36	350	4	75
11/10/2015 07:40	84	121	144	34	383	4	75
11/10/2015 07:45	90	121	164	44	419	4	75
11/10/2015 07:50	81	124	141	39	385	4	75
11/10/2015 07:55	88	133	173	44	438	4	75
11/10/2015 08:00	77	120	179	47	423	4	75
11/10/2015 08:05	72	127	169	53	421	4	75
11/10/2015 08:10	82	120	171	46	419	4	75
11/10/2015 08:15	90	110	140	37	377	4	75
11/10/2015 08:20	90	114	170	53	427	4	75
11/10/2015 08:25	96	127	173	47	443	4	75
11/10/2015 08:30	91	123	149	46	409	4	75
11/10/2015 08:35	94	121	164	46	425	4	75
11/10/2015 08:40	94	130	161	50	435	4	75
11/10/2015 08:45	68	113	123	37	341	4	75
11/10/2015 08:50	72	121	139	44	376	4	75
11/10/2015 08:55	75	111	110	37	333	4	75
11/10/2015 09:00	73	129	129	46	377	4	75
11/10/2015 09:05	69	126	127	43	365	4	75
11/10/2015 09:10	93	123	150	60	426	4	75
11/10/2015 09:15	81	119	136	56	392	4	75
11/10/2015 09:20	86	120	124	46	376	4	75
11/10/2015 09:25	78	116	131	49	374	4	75
11/10/2015 09:30	75	109	120	59	363	4	75
11/10/2015 09:35	109	210	220	100	639	4	75
11/10/2015 09:40	130	122	106	52	410	4	0
11/10/2015 09:45	123	108	123	55	409	4	0
11/10/2015 09:50	82	109	117	40	348	4	75
11/10/2015 09:55	97	124	137	56	414	4	75
11/10/2015 10:00	93	124	146	61	424	4	75
11/10/2015 10:05	84	126	130	43	383	4	75
11/10/2015 10:10	100	123	139	46	408	4	75
11/10/2015 10:15	78	129	119	43	369	4	75
11/10/2015 10:20	103	128	140	51	422	4	75
11/10/2015 10:25	84	124	124	51	383	4	75
11/10/2015 10:30	100	120	150	60	430	4	75
11/10/2015 10:35	78	117	141	63	399	4	75
11/10/2015 10:40	96	124	144	69	433	4	75
11/10/2015 10:45	69	101	103	39	312	4	75
11/10/2015 10:50	89	90	160	80	419	4	75
11/10/2015 10:55	136	127	131	60	454	4	0
11/10/2015 11:00	132	119	124	45	420	4	0
11/10/2015 11:05	84	123	103	36	346	4	75
11/10/2015 11:10	78	130	100	10	318	4	75
11/10/2015 11:15	132	134	131	47	444	4	0
11/10/2015 11:20	133	135	139	50	457	4	0
11/10/2015 11:25	78	123	120	37	358	4	75
11/10/2015 11:30	135	126	131	50	442	4	0
11/10/2015 11:35	148	129	149	55	481	4	0
11/10/2015 11:40	86	119	133	54	392	4	75
11/10/2015 11:45	87	130	117	40	374	4	75
11/10/2015 11:50	75	121	110	47	353	4	75
11/10/2015 11:55	78	109	113	44	344	4	75
11/10/2015 12:00	91	103	136	56	386	4	75
11/10/2015 12:05	94	124	124	49	391	4	75
11/10/2015 12:10	96	129	136	47	408	4	75
11/10/2015 12:15	116	127	133	44	420	4	75
11/10/2015 12:20	84	131	127	49	391	4	75
11/10/2015 12:25	94	123	113	51	381	4	75
11/10/2015 12:30	90	134	130	69	423	4	75
11/10/2015 12:35	93	120	119	51	383	4	75
11/10/2015 12:40	104	116	134	64	418	4	75
11/10/2015 12:45	52	63	86	37	238	4	75
11/10/2015 12:50	87	121	96	37	341	4	75
11/10/2015 12:55	84	114	130	49	377	4	75
11/10/2015 13:00	83	116	139	74	412	4	75
11/10/2015 13:05	101	121	141	69	432	4	75
11/10/2015 13:10	103	139	146	64	452	4	75
11/10/2015 13:15	104	119	133	73	429	4	75
11/10/2015 13:20	84	134	129	67	414	4	75
11/10/2015 13:25	93	117	126	49	385	4	75
11/10/2015 13:30	107	111	127	61	406	4	75
11/10/2015 13:35	101	136	137	56	430	4	75
11/10/2015 13:40	104	126	141	64	435	4	75
11/10/2015 13:45	84	107	136	67	394	4	75
11/10/2015 13:50	95	114	134	86	429	4	75
11/10/2015 13:55	97	107	146	70	420	4	75
11/10/2015 14:00	97	136	133	69	435	4	75
11/10/2015 14:05	107	113	110	87	417	4	75
11/10/2015 14:10	98	116	101	94	409	4	75
11/10/2015 14:15	97	116	104	84	401	4	75
11/10/2015 14:20	103	101	123	93	420	4	75
11/10/2015 14:25	103	124	106	93	426	4	75
11/10/2015 14:30	101	101	123	89	414	4	75
11/10/2015 14:35	80	67	69	67	283	4	75
11/10/2015 14:40	55	53	46	44	198	4	75
11/10/2015 14:45	78	88	81	75	322	4	75
11/10/2015 14:50	69	81	59	61	270	4	75
11/10/2015 14:55	81	79	74	77	311	4	75
11/10/2015 15:00	64	56	61	60	241	4	75
11/10/2015 15:05	98	107	101	90	396	4	75
11/10/2015 15:10	100	107	91	91	389	4	75
11/10/2015 15:15	88	87	77	81	333	4	75
11/10/2015 15:20	85	100	81	83	349	4	75
11/10/2015 15:25	93	101	106	84	384	4	75
11/10/2015 15:30	93	104	96	91	384	4	75
11/10/2015 15:35	78	83	68	70	299	4	75
11/10/2015 15:40	73	76	79	61	289	4	75
11/10/2015 15:45	73	85	75	71	304	4	75
11/10/2015 15:50	68	84	67	60	279	4	75
11/10/2015 15:55	77	86	59	69	291	4	75
11/10/2015 16:00	78	76	87	61	302	4	75
11/10/2015 16:05	74	79	63	61	277	4	75
11/10/2015 16:10	74	83	69	69	295	4	75
11/10/2015 16:15	70	83	73	57	283	4	75
11/10/2015 16:20	83	91	71	74	319	4	75
11/10/2015 16:25	83	97	97	74	351	4	75
11/10/2015 16:30	77	80	59	60	276	4	75
11/10/2015 16:35	74	71	74	66	285	4	75
11/10/2015 16:40	86	83	89	87	345	4	75
11/10/2015 16:45	73	80	81	63	297	4	75
11/10/2015 16:50	86	87	89	89	351	4	75
11/10/2015 16:55	93	94	105	83	375	4	75
11/10/2015 17:00	69	77	69	60	275	4	75
11/10/2015 17:05	56	57	67	46	226	4	75
11/10/2015 17:10	61	69	54	51	235	4	75
11/10/2015 17:15	56	61	61	53	231	4	75
11/10/2015 17:20	57	69	53	49	228	4	75
11/10/2015 17:25	69	81	67	53	270	4	75
11/10/2015 17:30	61	71	64	50	246	4	75
11/10/2015 17:35	57	66	71	54	248	4	75
11/10/2015 17:40	69	70	63	63	265	4	75
11/10/2015 17:45	62	60	65	45	232	4	75
11/10/2015 17:50	57	64	60	45	226	4	75
11/10/2015 17:55	64	71	71	55	261	4	75
11/10/2015 18:00	60	67	63	56	246	4	75
11/10/2015 18:05	68	73	89	52	282	4	75
11/10/2015 18:10	68	83	67	64	282	4	75
11/10/2015 18:15	90	103	80	81	354	4	75
11/10/2015 18:20	64	64	59	56	243	4	75
11/10/2015 18:25	66	69	69	51	255	4	75
11/10/2015 18:30	75	84	73	67	299	4	75
11/10/2015 18:35	80	89	83	78	330	4	75
11/10/2015 18:40	69	89	71	77	306	4	75
11/10/2015 18:45	71	66	74	50	261	4	75
11/10/2015 18:50	64	81	84	47	276	4	75
11/10/2015 18:55	81	80	121	58	340	4	75
11/10/2015 19:00	81	79	84	40	284	4	75
11/10/2015 19:05	88	89	91	79	347	4	75
11/10/2015 19:10	82	79	79	73	313	4	75
11/10/2015 19:15	73	77	57	70	277	4	75
11/10/2015 19:20	86	89	90	77	342	4	75
11/10/2015 19:25	75	80	100	61	316	4	75
11/10/2015 19:30	87	96	107	67	357	4	75
11/10/2015 19:35	74	74	77	69	294	4	75
11/10/2015 19:40	85	100	81	76	342	4	75
11/10/2015 19:45	94	111	100	77	382	4	75
11/10/2015 19:50	91	96	94	70	351	4	75
11/10/2015 19:55	84	90	69	81	324	4	75
11/10/2015 20:00	93	103	104	74	374	4	75
11/10/2015 20:05	74	74	104	66	318	4	75
11/10/2015 20:10	79	96	111	64	350	4	75
11/10/2015 20:15	79	101	129	71	380	4	75
11/10/2015 20:20	68	96	111	45	320	4	75
11/10/2015 20:25	84	93	131	57	365	4	75
11/10/2015 20:30	86	99	110	44	339	4	75
11/10/2015 20:35	67	71	111	41	290	4	75
11/10/2015 20:40	91	129	111	44	375	4	75
11/10/2015 20:45	87	106	114	40	347	4	75
11/10/2015 20:50	80	94	117	53	344	4	75
11/10/2015 20:55	71	90	110	51	322	4	75
11/10/2015 21:00	84	111	119	48	362	4	75
11/10/2015 21:05	78	106	113	43	340	4	75
11/10/2015 21:10	88	101	129	51	369	4	75
11/10/2015 21:15	75	91	124	49	339	4	75
11/10/2015 21:20	69	99	94	41	303	4	75
11/10/2015 21:25	84	97	129	54	364	4	75
11/10/2015 21:30	77	88	118	57	340	4	75
11/10/2015 21:35	68	76	101	43	288	4	75
11/10/2015 21:40	77	94	116	46	333	4	75
11/10/2015 21:45	72	91	120	43	326	4	75
11/10/2015 21:50	81	86	117	36	320	4	75
11/10/2015 21:55	71	79	110	36	296	4	75
11/10/2015 22:00	78	83	116	31	308	4	75
11/10/2015 22:05	74	80	116	44	314	4	75
11/10/2015 22:10	79	80	107	34	300	4	75
11/10/2015 22:15	67	91	107	46	311	4	75
11/10/2015 22:20	75	94	97	26	292	4	75
11/10/2015 22:25	58	74	100	37	269	4	75
11/10/2015 22:30	59	69	83	24	235	4	75
11/10/2015 22:35	68	67	107	36	278	4	75
11/10/2015 22:40	58	60	79	26	223	4	75
11/10/2015 22:45	58	56	96	31	241	4	75
11/10/2015 22:50	66	76	80	23	245	4	75
11/10/2015 22:55	55	71	71	23	220	4	75
11/10/2015 23:00	48	66	69	23	206	4	75
11/10/2015 23:05	46	47	61	14	168	4	75
11/10/2015 23:10	42	60	69	23	194	4	75
11/10/2015 23:15	43	54	66	26	189	4	75
11/10/2015 23:20	48	49	83	30	210	4	75
11/10/2015 23:25	40	46	50	17	153	4	75
11/10/2015 23:30	38	51	63	24	176	4	75
11/10/2015 23:35	45	40	56	20	161	4	75
11/10/2015 23:40	50	56	78	24	208	4	75
11/10/2015 23:45	53	54	66	15	188	4	75
11/10/2015 23:50	37	40	45	14	136	4	75
11/10/2015 23:55	36	46	53	16	151	4	75
11/11/2015 00:00	33	30	39	26	128	4	50
11/11/2015 00:05	32	32	42	17	123	4	50
11/11/2015 00:10	32	29	42	15	118	4	50
11/11/2015 00:15	28	34	39	20	121	4	50
11/11/2015 00:20	25	25	36	14	100	4	50
11/11/2015 00:25	23	27	36	14	100	4	50
11/11/2015 00:30	20	19	30	14	83	4	50
11/11/2015 00:35	22	23	34	9	88	4	50
11/11/2015 00:40	24	30	36	15	105	4	50
11/11/2015 00:45	24	24	37	10	95	4	50
11/11/2015 00:50	17	20	29	9	75	4	50
11/11/2015 00:55	22	21	34	11	88	4	50
11/11/2015 01:00	19	28	25	20	92	4	0
11/11/2015 01:05	19	28	25	20	92	4	0
11/11/2015 01:10	19	28	25	20	92	4	0
11/11/2015 01:15	25	19	35	10	89	4	50
11/11/2015 01:20	23	20	33	13	89	4	50
11/11/2015 01:25	19	15	30	10	74	4	50
11/11/2015 01:30	18	18	30	8	74	4	50
11/11/2015 01:35	18	19	31	10	78	4	50
11/11/2015 01:40	20	16	31	9	76	4	50
11/11/2015 01:45	16	9	27	6	58	4	50
11/11/2015 01:50	16	7	25	9	57	4	50
11/11/2015 01:55	17	17	31	7	72	4	50
11/11/2015 02:00	23	17	33	9	82	4	50
11/11/2015 02:05	18	10	27	10	65	4	50
11/11/2015 02:10	23	21	32	14	90	4	50
11/11/2015 02:15	14	17	28	4	63	4	50
11/11/2015 02:20	19	16	30	11	76	4	50
11/11/2015 02:25	18	16	29	10	73	4	50
11/11/2015 02:30	17	13	29	6	65	4	50
11/11/2015 02:35	19	11	30	11	71	4	50
11/11/2015 02:40	19	11	28	10	68	4	50
11/11/2015 02:45	16	16	29	6	67	4	50
11/11/2015 02:50	14	9	26	7	56	4	50
11/11/2015 02:55	16	10	26	9	61	4	50
11/11/2015 03:00	21	11	29	11	72	4	50
11/11/2015 03:05	20	21	31	10	82	4	50
11/11/2015 03:10	12	13	25	4	54	4	50
11/11/2015 03:15	13	14	27	4	58	4	50
11/11/2015 03:20	18	14	29	7	68	4	50
11/11/2015 03:25	20	22	32	7	81	4	50
11/11/2015 03:30	15	17	29	4	65	4	50
11/11/2015 03:35	17	17	31	6	71	4	50
11/11/2015 03:40	20	16	32	10	78	4	50
11/11/2015 03:45	16	26	33	4	79	4	50
11/11/2015 03:50	21	29	36	7	93	4	50
11/11/2015 03:55	21	24	34	6	85	4	50
11/11/2015 04:00	16	23	30	6	75	4	50
11/11/2015 04:05	28	31	39	19	117	4	50
11/11/2015 04:10	31	39	45	9	124	4	50
11/11/2015 04:15	24	39	40	11	114	4	50
11/11/2015 04:20	29	34	40	11	114	4	50
11/11/2015 04:25	29	36	40	17	122	4	50
11/11/2015 04:30	22	40	39	11	112	4	50
11/11/2015 04:35	28	50	48	9	135	4	50
11/11/2015 04:40	35	61	52	23	171	4	50
11/11/2015 04:45	30	50	44	23	147	4	50
11/11/2015 04:50	38	71	58	14	181	4	50
11/11/2015 04:55	37	61	51	26	175	4	50
11/11/2015 05:00	44	60	56	31	191	4	50
11/11/2015 05:05	44	64	58	28	194	4	50
11/11/2015 05:10	44	64	57	21	186	4	50
11/11/2015 05:15	35	81	59	20	195	4	50
11/11/2015 05:20	48	87	65	33	233	4	50
11/11/2015 05:25	55	100	74	34	263	4	50
11/11/2015 05:30	52	97	74	31	254	4	50
11/11/2015 05:35	62	113	81	47	303	4	50
11/11/2015 05:40	68	109	85	43	305	4	50
11/11/2015 05:45	53	104	75	34	266	4	50
11/11/2015 05:50	58	113	81	39	291	4	50
11/11/2015 05:55	68	119	88	44	319	4	50
11/11/2015 06:00	58	106	76	43	283	4	50
11/11/2015 06:05	71	107	82	53	313	4	50
11/11/2015 06:10	147	112	117	45	421	4	0
11/11/2015 06:15	149	120	123	53	445	4	0
11/11/2015 06:20	114	102	114	55	385	4	0
11/11/2015 06:25	56	117	83	33	289	4	50
11/11/2015 06:30	62	95	80	33	270	4	50
11/11/2015 06:35	63	111	83	40	297	4	50
11/11/2015 06:40	63	116	82	41	302	4	50
11/11/2015 06:45	62	106	79	44	291	4	50
11/11/2015 06:50	63	109	83	40	295	4	50
11/11/2015 06:55	62	106	82	37	287	4	50
11/11/2015 07:00	64	106	76	46	292	4	50
11/11/2015 07:05	72	127	92	50	341	4	50
11/11/2015 07:10	134	124	130	38	426	4	0
11/11/2015 07:15	146	122	125	45	438	4	0
11/11/2015 07:20	139	115	134	47	435	4	0
11/11/2015 07:25	58	123	86	30	297	4	50
11/11/2015 07:30	70	130	95	41	336	4	50
11/11/2015 07:35	79	110	89	53	331	4	50
11/11/2015 07:40	74	114	89	50	327	4	50
11/11/2015 07:45	65	130	91	40	326	4	50
11/11/2015 07:50	69	109	89	31	298	4	50
11/11/2015 07:55	71	121	87	47	326	4	50
11/11/2015 08:00	55	113	77	40	285	4	50
11/11/2015 08:05	80	118	89	64	351	4	50
11/11/2015 08:10	134	119	136	58	447	4	0
11/11/2015 08:15	126	132	130	51	439	4	0
11/11/2015 08:20	139	123	147	55	464	4	0
11/11/2015 08:25	131	130	141	52	454	4	0
11/11/2015 08:30	131	115	139	51	436	4	0
11/11/2015 08:35	159	131	151	58	499	4	0
11/11/2015 08:40	134	111	143	49	437	4	0
11/11/2015 08:45	137	118	134	50	439	4	0
11/11/2015 08:50	131	125	141	56	453	4	0
11/11/2015 08:55	65	111	84	41	301	4	50
11/11/2015 09:00	77	127	92	57	353	4	50
11/11/2015 09:05	77	121	93	50	341	4	50
11/11/2015 09:10	124	126	140	50	440	4	0
11/11/2015 09:15	141	125	123	47	436	4	0
11/11/2015 09:20	130	140	137	61	468	4	0
11/11/2015 09:25	119	125	130	47	421	4	0
11/11/2015 09:30	130	111	120	43	404	4	0
11/11/2015 09:35	133	123	144	53	453	4	0
11/11/2015 09:40	139	122	130	50	441	4	0
11/11/2015 09:45	123	116	130	54	423	4	0
11/11/2015 09:50	127	115	124	55	421	4	0
11/11/2015 09:55	83	120	94	60	357	4	50
11/11/2015 10:00	131	127	130	50	438	4	0
11/11/2015 10:05	120	119	144	45	428	4	0
11/11/2015 10:10	114	110	127	45	396	4	0
11/11/2015 10:15	121	117	133	45	416	4	0
11/11/2015 10:20	137	123	149	51	460	4	0
11/11/2015 10:25	85	130	98	60	373	4	50
11/11/2015 10:30	131	110	129	50	420	4	0
11/11/2015 10:35	131	119	153	55	458	4	0
11/11/2015 10:40	106	123	153	42	424	4	0
11/11/2015 10:45	86	110	89	69	354	4	50
11/11/2015 10:50	92	134	102	64	392	4	50
11/11/2015 10:55	83	127	93	59	362	4	50
11/11/2015 11:00	69	100	80	50	299	4	50
11/11/2015 11:05	73	109	89	41	312	4	50
11/11/2015 11:10	141	117	154	60	472	4	0
11/11/2015 11:15	139	126	146	59	470	4	0
11/11/2015 11:20	131	127	137	52	447	4	0
11/11/2015 11:25	86	131	98	60	375	4	50
11/11/2015 11:30	74	130	95	44	343	4	50
11/11/2015 11:35	71	120	91	43	325	4	50
11/11/2015 11:40	86	140	102	63	391	4	50
11/11/2015 11:45	66	110	84	43	303	4	50
11/11/2015 11:50	70	111	85	51	317	4	50
11/11/2015 11:55	78	119	92	54	343	4	50
11/11/2015 12:00	85	129	91	64	369	4	50
11/11/2015 12:05	73	120	90	46	329	4	50
11/11/2015 12:10	71	114	89	44	318	4	50
11/11/2015 12:15	83	121	95	57	356	4	50
11/11/2015 12:20	91	97	85	80	353	4	50
11/11/2015 12:25	90	109	84	89	372	4	50
11/11/2015 12:30	86	97	86	67	336	4	50
11/11/2015 12:35	74	104	82	60	320	4	50
11/11/2015 12:40	92	104	88	79	363	4	50
11/11/2015 12:45	96	110	91	84	381	4	50
11/11/2015 12:50	99	96	85	93	373	4	50
11/11/2015 12:55	96	96	88	80	360	4	50
11/11/2015 13:00	76	81	75	64	296	4	50
11/11/2015 13:05	74	94	70	77	315	4	50
11/11/2015 13:10	96	131	88	96	411	4	50
11/11/2015 13:15	77	111	77	74	339	4	50
11/11/2015 13:20	68	121	85	47	321	4	50
11/11/2015 13:25	91	124	98	67	380	4	50
11/11/2015 13:30	89	86	81	76	332	4	50
11/11/2015 13:35	100	123	97	87	407	4	50
11/11/2015 13:40	83	106	80	84	353	4	50
11/11/2015 13:45	91	119	91	83	384	4	50
11/11/2015 13:50	91	84	80	81	336	4	50
11/11/2015 13:55	96	131	93	90	410	4	50
11/11/2015 14:00	110	109	95	100	414	4	50
11/11/2015 14:05	86	110	88	73	357	4	50
11/11/2015 14:10	105	104	90	100	399	4	50
11/11/2015 14:15	91	104	85	86	366	4	50
11/11/2015 14:20	102	116	90	96	404	4	50
11/11/2015 14:25	101	106	91	91	389	4	50
11/11/2015 14:30	99	119	94	89	401	4	50
11/11/2015 14:35	97	101	85	93	376	4	50
11/11/2015 14:40	103	109	90	99	401	4	50
11/11/2015 14:45	90	106	87	80	363	4	50
11/11/2015 14:50	100	109	92	89	390	4	50
11/11/2015 14:55	88	99	82	83	352	4	50
11/11/2015 15:00	82	99	77	83	341	4	50
11/11/2015 15:05	85	103	82	79	349	4	50
11/11/2015 15:10	96	96	85	89	366	4	50
11/11/2015 15:15	77	100	83	60	320	4	50
11/11/2015 15:20	86	119	91	73	369	4	50
11/11/2015 15:25	84	106	84	76	350	4	50
11/11/2015 15:30	88	94	83	76	341	4	50
11/11/2015 15:35	89	84	79	81	333	4	50
11/11/2015 15:40	88	99	84	75	346	4	50
11/11/2015 15:45	97	101	87	86	371	4	50
11/11/2015 15:50	96	88	84	84	352	4	50
11/11/2015 15:55	88	97	80	84	349	4	50
11/11/2015 16:00	90	81	78	81	330	4	50
11/11/2015 16:05	90	93	81	86	350	4	50
11/11/2015 16:10	85	93	78	83	339	4	50
11/11/2015 16:15	81	80	74	77	312	4	50
11/11/2015 16:20	81	93	80	70	324	4	50
11/11/2015 16:25	75	86	73	71	305	4	50
11/11/2015 16:30	82	96	79	76	333	4	50
11/11/2015 16:35	76	97	77	70	320	4	50
11/11/2015 16:40	78	94	81	61	314	4	50
11/11/2015 16:45	86	104	79	81	350	4	50
11/11/2015 16:50	73	108	82	61	324	4	50
11/11/2015 16:55	76	94	82	56	308	4	50
11/11/2015 17:00	72	104	78	63	317	4	50
11/11/2015 17:05	76	110	81	66	333	4	50
11/11/2015 17:10	73	80	74	60	287	4	50
11/11/2015 17:15	84	90	77	80	331	4	50
11/11/2015 17:20	78	100	83	60	321	4	50
11/11/2015 17:25	74	93	72	71	310	4	50
11/11/2015 17:30	82	87	82	61	312	4	50
11/11/2015 17:35	73	86	78	54	291	4	50
11/11/2015 17:40	76	79	75	61	291	4	50
11/11/2015 17:45	75	87	75	59	296	4	50
11/11/2015 17:50	66	83	70	57	276	4	50
11/11/2015 17:55	71	90	72	66	299	4	50
11/11/2015 18:00	71	84	73	60	288	4	50
11/11/2015 18:05	69	99	79	53	300	4	50
11/11/2015 18:10	66	81	73	47	267	4	50
11/11/2015 18:15	65	99	75	47	286	4	50
11/11/2015 18:20	70	91	78	51	290	4	50
11/11/2015 18:25	71	87	75	57	290	4	50
11/11/2015 18:30	75	93	80	59	307	4	50
11/11/2015 18:35	63	93	75	46	277	4	50
11/11/2015 18:40	75	100	82	57	314	4	50
11/11/2015 18:45	67	73	70	50	260	4	50
11/11/2015 18:50	73	99	81	54	307	4	50
11/11/2015 18:55	66	93	77	46	282	4	50
11/11/2015 19:00	70	100	81	44	295	4	50
11/11/2015 19:05	72	97	80	54	303	4	50
11/11/2015 19:10	79	120	87	61	347	4	50
11/11/2015 19:15	78	104	84	63	329	4	50
11/11/2015 19:20	75	107	88	49	319	4	50
11/11/2015 19:25	65	89	75	46	275	4	50
11/11/2015 19:30	79	114	93	46	332	4	50
11/11/2015 19:35	53	81	66	39	239	4	50
11/11/2015 19:40	88	116	95	64	363	4	50
11/11/2015 19:45	82	113	90	61	346	4	50
11/11/2015 19:50	72	103	79	59	313	4	50
11/11/2015 19:55	59	110	83	29	281	4	50
11/11/2015 20:00	60	103	76	36	275	4	50
11/11/2015 20:05	62	86	73	46	267	4	50
11/11/2015 20:10	60	89	72	43	264	4	50
11/11/2015 20:15	64	101	72	49	286	4	50
11/11/2015 20:20	81	119	92	53	345	4	50
11/11/2015 20:25	61	91	74	39	265	4	50
11/11/2015 20:30	60	80	68	37	245	4	50
11/11/2015 20:35	58	84	72	36	250	4	50
11/11/2015 20:40	73	99	82	47	301	4	50
11/11/2015 20:45	59	92	78	29	258	4	50
11/11/2015 20:50	67	96	79	44	286	4	50
11/11/2015 20:55	58	87	70	33	248	4	50
11/11/2015 21:00	63	83	69	46	261	4	50
11/11/2015 21:05	59	89	76	27	251	4	50
11/11/2015 21:10	63	76	71	44	254	4	50
11/11/2015 21:15	68	104	80	44	296	4	50
11/11/2015 21:20	64	73	69	46	252	4	50
11/11/2015 21:25	66	94	76	47	283	4	50
11/11/2015 21:30	60	90	78	26	254	4	50
11/11/2015 21:35	60	79	72	31	242	4	50
11/11/2015 21:40	59	74	69	39	241	4	50
11/11/2015 21:45	52	67	61	33	213	4	50
11/11/2015 21:50	61	103	80	40	284	4	50
11/11/2015 21:55	58	74	68	40	240	4	50
11/11/2015 22:00	65	89	76	44	274	4	50
11/11/2015 22:05	57	84	69	43	253	4	50
11/11/2015 22:10	62	89	72	41	264	4	50
11/11/2015 22:15	53	71	65	33	222	4	50
11/11/2015 22:20	53	81	69	26	229	4	50
11/11/2015 22:25	58	76	69	37	240	4	50
11/11/2015 22:30	45	66	55	36	202	4	50
11/11/2015 22:35	51	64	63	31	209	4	50
11/11/2015 22:40	58	84	68	44	254	4	50
11/11/2015 22:45	41	70	61	16	188	4	50
11/11/2015 22:50	54	66	62	37	219	4	50
11/11/2015 22:55	49	56	56	35	196	4	50
11/11/2015 23:00	44	69	59	30	202	4	50
11/11/2015 23:05	51	71	62	31	215	4	50
11/11/2015 23:10	48	66	59	36	209	4	50
11/11/2015 23:15	38	51	49	29	167	4	50
11/11/2015 23:20	42	57	54	24	177	4	50
11/11/2015 23:25	35	46	47	23	151	4	50
11/11/2015 23:30	36	41	47	21	145	4	50
11/11/2015 23:35	37	57	51	21	166	4	50
11/11/2015 23:40	47	46	49	40	182	4	50
11/11/2015 23:45	36	43	47	24	150	4	50
11/11/2015 23:50	33	34	46	16	129	4	50
11/11/2015 23:55	37	41	41	33	152	4	50
11/12/2015 00:00	31	34	44	17	126	4	75
11/12/2015 00:05	29	42	29	19	119	4	75
11/12/2015 00:10	33	33	37	16	119	4	75
11/12/2015 00:15	30	30	34	16	110	4	75
11/12/2015 00:20	37	31	41	18	127	4	75
11/12/2015 00:25	30	24	34	17	105	4	75
11/12/2015 00:30	25	31	29	13	98	4	75
11/12/2015 00:35	20	29	24	9	82	4	75
11/12/2015 00:40	22	24	37	7	90	4	75
11/12/2015 00:45	18	29	17	9	73	4	75
11/12/2015 00:50	20	24	23	13	80	4	75
11/12/2015 00:55	18	21	19	14	72	4	75
11/12/2015 01:00	16	23	21	17	77	4	0
11/12/2015 01:05	16	23	20	17	76	4	0
11/12/2015 01:10	16	23	21	17	77	4	0
11/12/2015 01:15	20	29	16	9	74	4	75
11/12/2015 01:20	19	20	15	11	65	4	75
11/12/2015 01:25	16	20	20	9	65	4	75
11/12/2015 01:30	15	16	13	7	51	4	75
11/12/2015 01:35	15	17	16	7	55	4	75
11/12/2015 01:40	19	19	10	13	61	4	75
11/12/2015 01:45	12	3	20	4	39	4	75
11/12/2015 01:50	15	14	13	7	49	4	75
11/12/2015 01:55	19	16	21	8	64	4	75
11/12/2015 02:00	15	16	19	7	57	4	75
11/12/2015 02:05	17	6	10	12	45	4	75
11/12/2015 02:10	16	25	36	12	89	4	0
11/12/2015 02:15	10	22	26	10	68	4	0
11/12/2015 02:20	8	17	24	10	59	4	0
11/12/2015 02:25	10	13	23	7	53	4	0
11/12/2015 02:30	6	10	15	6	37	4	0
11/12/2015 02:35	10	12	16	6	44	4	0
11/12/2015 02:40	19	21	14	11	65	4	75
11/12/2015 02:45	18	13	14	10	55	4	75
11/12/2015 02:50	15	14	19	4	52	4	75
11/12/2015 02:55	15	17	14	7	53	4	75
11/12/2015 03:00	15	9	20	7	51	4	75
11/12/2015 03:05	18	14	14	16	62	4	75
11/12/2015 03:10	20	19	24	9	72	4	75
11/12/2015 03:15	19	21	17	11	68	4	75
11/12/2015 03:20	17	13	14	8	52	4	75
11/12/2015 03:25	18	23	18	10	69	4	75
11/12/2015 03:30	15	17	19	1	52	4	75
11/12/2015 03:35	17	17	17	7	58	4	75
11/12/2015 03:40	18	19	16	11	64	4	75
11/12/2015 03:45	16	24	20	10	70	4	75
11/12/2015 03:50	22	27	17	14	80	4	75
11/12/2015 03:55	29	36	26	21	112	4	75
11/12/2015 04:00	19	30	23	10	82	4	75
11/12/2015 04:05	25	40	37	16	118	4	75
11/12/2015 04:10	30	36	30	12	108	4	0
11/12/2015 04:15	30	37	41	15	123	4	0
11/12/2015 04:20	41	48	41	13	143	4	0
11/12/2015 04:25	49	42	56	17	164	4	0
11/12/2015 04:30	56	62	71	32	221	4	0
11/12/2015 04:35	77	67	60	30	234	4	0
11/12/2015 04:40	46	52	63	21	182	4	0
11/12/2015 04:45	73	56	67	23	219	4	0
11/12/2015 04:50	59	56	63	22	200	4	0
11/12/2015 04:55	46	40	50	10	146	4	75
11/12/2015 05:00	77	64	76	32	249	4	0
11/12/2015 05:05	77	78	57	20	232	4	0
11/12/2015 05:10	53	72	56	28	209	4	75
11/12/2015 05:15	113	83	96	38	330	4	0
11/12/2015 05:20	110	94	91	39	334	4	0
11/12/2015 05:25	147	115	110	42	414	4	0
11/12/2015 05:30	72	113	100	44	329	4	75
11/12/2015 05:35	71	133	109	36	349	4	75
11/12/2015 05:40	82	137	97	54	370	4	75
11/12/2015 05:45	88	126	91	51	356	4	75
11/12/2015 05:50	78	121	81	49	329	4	75
11/12/2015 05:55	79	130	89	50	348	4	75
11/12/2015 06:00	78	104	81	41	304	4	75
11/12/2015 06:05	74	111	110	36	331	4	75
11/12/2015 06:10	71	121	96	46	334	4	75
11/12/2015 06:15	65	107	84	39	295	4	75
11/12/2015 06:20	87	127	90	43	347	4	75
11/12/2015 06:25	62	103	74	26	265	4	75
11/12/2015 06:30	72	109	111	41	333	4	75
11/12/2015 06:35	81	103	93	47	324	4	75
11/12/2015 06:40	77	114	91	33	315	4	75
11/12/2015 06:45	77	109	91	41	318	4	75
11/12/2015 06:50	84	117	117	47	365	4	75
11/12/2015 06:55	68	117	83	47	315	4	75
11/12/2015 07:00	68	109	100	40	317	4	75
11/12/2015 07:05	86	124	96	43	349	4	75
11/12/2015 07:10	84	124	87	49	344	4	75
11/12/2015 07:15	86	131	94	47	358	4	75
11/12/2015 07:20	100	127	136	40	403	4	75
11/12/2015 07:25	71	124	81	39	315	4	75
11/12/2015 07:30	93	119	99	47	358	4	75
11/12/2015 07:35	82	127	89	36	334	4	75
11/12/2015 07:40	88	136	94	29	347	4	75
11/12/2015 07:45	72	60	100	50	282	4	75
11/12/2015 07:50	107	106	119	34	366	4	0
11/12/2015 07:55	109	121	127	47	404	4	0
11/12/2015 08:00	84	121	103	50	358	4	75
11/12/2015 08:05	87	130	90	30	337	4	75
11/12/2015 08:10	111	114	134	44	403	4	0
11/12/2015 08:15	123	107	130	51	411	4	0
11/12/2015 08:20	88	103	156	67	414	4	75
11/12/2015 08:25	93	109	198	78	478	4	75
11/12/2015 08:30	92	119	259	83	553	4	75
11/12/2015 08:35	78	110	110	60	358	4	75
11/12/2015 08:40	113	126	127	58	424	4	0
11/12/2015 08:45	106	110	144	54	414	4	0
11/12/2015 08:50	98	140	123	61	422	4	75
11/12/2015 08:55	84	131	103	49	367	4	75
11/12/2015 09:00	79	117	86	39	321	4	75
11/12/2015 09:05	77	116	83	53	329	4	75
11/12/2015 09:10	87	144	111	43	385	4	75
11/12/2015 09:15	71	113	212	54	450	4	75
11/12/2015 09:20	87	119	348	54	608	4	75
11/12/2015 09:25	91	107	281	40	519	4	75
11/12/2015 09:30	98	126	182	41	447	4	75
11/12/2015 09:35	101	124	166	51	442	4	75
11/12/2015 09:40	82	113	177	51	423	4	75
11/12/2015 09:45	77	124	140	44	385	4	75
11/12/2015 09:50	93	114	146	51	404	4	75
11/12/2015 09:55	84	124	134	51	393	4	75
11/12/2015 10:00	103	127	136	43	409	4	75
11/12/2015 10:05	86	121	124	33	364	4	75
11/12/2015 10:10	94	111	127	46	378	4	75
11/12/2015 10:15	108	124	141	76	449	4	75
11/12/2015 10:20	87	114	137	57	395	4	75
11/12/2015 10:25	103	117	151	54	425	4	75
11/12/2015 10:30	90	120	126	46	382	4	75
11/12/2015 10:35	86	124	129	57	396	4	75
11/12/2015 10:40	90	121	131	43	385	4	75
11/12/2015 10:45	91	119	121	56	387	4	75
11/12/2015 10:50	82	96	124	49	351	4	75
11/12/2015 10:55	90	133	133	37	393	4	75
11/12/2015 11:00	96	131	151	69	447	4	75
11/12/2015 11:05	110	119	130	51	410	4	75
11/12/2015 11:10	93	119	136	49	397	4	75
11/12/2015 11:15	103	143	124	51	421	4	75
11/12/2015 11:20	105	115	148	59	427	4	75
11/12/2015 11:25	101	130	149	64	444	4	75
11/12/2015 11:30	88	109	143	66	406	4	75
11/12/2015 11:35	84	137	133	66	420	4	75
11/12/2015 11:40	91	129	114	43	377	4	75
11/12/2015 11:45	93	120	132	53	398	4	75
11/12/2015 11:50	101	137	146	50	434	4	75
11/12/2015 11:55	94	110	123	54	381	4	75
11/12/2015 12:00	90	124	123	41	378	4	75
11/12/2015 12:05	88	120	124	44	376	4	75
11/12/2015 12:10	93	136	140	50	419	4	75
11/12/2015 12:15	93	127	143	69	432	4	75
11/12/2015 12:20	84	123	131	44	382	4	75
11/12/2015 12:25	110	134	139	59	442	4	75
11/12/2015 12:30	91	149	143	66	449	4	75
11/12/2015 12:35	84	111	121	60	376	4	75
11/12/2015 12:40	81	113	117	44	355	4	75
11/12/2015 12:45	94	110	149	69	422	4	75
11/12/2015 12:50	103	124	129	51	407	4	75
11/12/2015 12:55	101	124	130	51	406	4	75
11/12/2015 13:00	105	135	138	48	426	4	75
11/12/2015 13:05	103	116	130	70	419	4	75
11/12/2015 13:10	111	98	120	90	419	4	75
11/12/2015 13:15	91	117	141	80	429	4	75
11/12/2015 13:20	88	120	133	70	411	4	75
11/12/2015 13:25	98	106	139	87	430	4	75
11/12/2015 13:30	103	116	117	84	420	4	75
11/12/2015 13:35	111	107	124	90	432	4	75
11/12/2015 13:40	93	91	116	84	384	4	75
11/12/2015 13:45	108	113	117	99	437	4	75
11/12/2015 13:50	97	123	119	84	423	4	75
11/12/2015 13:55	100	113	154	91	458	4	75
11/12/2015 14:00	78	93	126	56	353	4	75
11/12/2015 14:05	82	100	113	51	346	4	75
11/12/2015 14:10	81	89	140	57	367	4	75
11/12/2015 14:15	72	90	119	44	325	4	75
11/12/2015 14:20	51	70	80	27	228	4	75
11/12/2015 14:25	102	129	164	79	474	4	75
11/12/2015 14:30	103	113	156	71	443	4	75
11/12/2015 14:35	100	113	147	81	441	4	75
11/12/2015 14:40	96	110	134	83	423	4	75
11/12/2015 14:45	84	90	136	79	389	4	75
11/12/2015 14:50	98	97	156	87	438	4	75
11/12/2015 14:55	89	106	150	89	434	4	75
11/12/2015 15:00	92	94	100	70	356	4	75
11/12/2015 15:05	93	91	141	61	386	4	75
11/12/2015 15:10	89	97	133	79	398	4	75
11/12/2015 15:15	78	101	128	64	371	4	75
11/12/2015 15:20	92	104	107	76	379	4	75
11/12/2015 15:25	79	87	146	71	383	4	75
11/12/2015 15:30	72	89	123	64	348	4	75
11/12/2015 15:35	77	101	130	66	374	4	75
11/12/2015 15:40	74	97	100	61	332	4	75
11/12/2015 15:45	88	103	137	69	397	4	75
11/12/2015 15:50	66	86	107	54	313	4	75
11/12/2015 15:55	89	92	140	79	400	4	75
11/12/2015 16:00	79	80	99	70	328	4	75
11/12/2015 16:05	74	79	94	56	303	4	75
11/12/2015 16:10	87	86	104	73	350	4	75
11/12/2015 16:15	69	83	119	61	332	4	75
11/12/2015 16:20	83	86	116	74	359	4	75
11/12/2015 16:25	78	87	126	59	350	4	75
11/12/2015 16:30	83	83	106	74	346	4	75
11/12/2015 16:35	77	86	111	69	343	4	75
11/12/2015 16:40	81	64	93	67	305	4	75
11/12/2015 16:45	75	87	104	69	335	4	75
11/12/2015 16:50	78	76	99	71	324	4	75
11/12/2015 16:55	96	89	158	58	401	4	75
11/12/2015 17:00	63	57	106	54	280	4	75
11/12/2015 17:05	71	83	109	63	326	4	75
11/12/2015 17:10	80	93	134	64	371	4	75
11/12/2015 17:15	81	83	104	51	319	4	75
11/12/2015 17:20	78	99	126	69	372	4	75
11/12/2015 17:25	78	86	127	70	361	4	75
11/12/2015 17:30	78	70	134	59	341	4	75
11/12/2015 17:35	69	66	73	51	259	4	75
11/12/2015 17:40	59	70	74	44	247	4	75
11/12/2015 17:45	74	84	114	66	338	4	75
11/12/2015 17:50	68	78	100	49	295	4	75
11/12/2015 17:55	72	71	120	64	327	4	75
11/12/2015 18:00	67	68	93	49	277	4	75
11/12/2015 18:05	59	64	91	47	261	4	75
11/12/2015 18:10	65	84	116	44	309	4	75
11/12/2015 18:15	62	74	86	44	266	4	75
11/12/2015 18:20	56	71	119	47	293	4	75
11/12/2015 18:25	84	89	99	60	332	4	75
11/12/2015 18:30	75	84	103	60	322	4	75
11/12/2015 18:35	75	93	106	54	328	4	75
11/12/2015 18:40	78	80	110	57	325	4	75
11/12/2015 18:45	83	70	91	64	308	4	75
11/12/2015 18:50	72	81	94	56	303	4	75
11/12/2015 18:55	75	72	104	56	307	4	75
11/12/2015 19:00	78	90	97	66	331	4	75
11/12/2015 19:05	74	69	90	66	299	4	75
11/12/2015 19:10	76	86	117	63	342	4	75
11/12/2015 19:15	72	86	96	70	324	4	75
11/12/2015 19:20	80	83	83	59	305	4	75
11/12/2015 19:25	77	94	96	69	336	4	75
11/12/2015 19:30	72	87	100	63	322	4	75
11/12/2015 19:35	78	87	100	63	328	4	75
11/12/2015 19:40	76	97	103	60	336	4	75
11/12/2015 19:45	90	110	127	76	403	4	75
11/12/2015 19:50	82	86	106	70	344	4	75
11/12/2015 19:55	89	86	97	80	352	4	75
11/12/2015 20:00	89	86	94	74	343	4	75
11/12/2015 20:05	91	109	101	77	378	4	75
11/12/2015 20:10	92	89	106	81	368	4	75
11/12/2015 20:15	93	104	120	84	401	4	75
11/12/2015 20:20	81	99	116	84	380	4	75
11/12/2015 20:25	87	106	97	83	373	4	75
11/12/2015 20:30	93	104	133	84	414	4	75
11/12/2015 20:35	84	94	111	60	349	4	75
11/12/2015 20:40	79	93	121	50	343	4	75
11/12/2015 20:45	72	100	117	51	340	4	75
11/12/2015 20:50	87	100	127	50	364	4	75
11/12/2015 20:55	78	89	126	57	350	4	75
11/12/2015 21:00	78	87	121	57	343	4	75
11/12/2015 21:05	81	96	126	56	359	4	75
11/12/2015 21:10	89	94	113	39	335	4	75
11/12/2015 21:15	81	97	113	43	334	4	75
11/12/2015 21:20	84	97	139	50	370	4	75
11/12/2015 21:25	84	111	134	54	383	4	75
11/12/2015 21:30	84	83	147	51	365	4	75
11/12/2015 21:35	74	97	120	51	342	4	75
11/12/2015 21:40	65	87	107	40	299	4	75
11/12/2015 21:45	77	103	129	50	359	4	75
11/12/2015 21:50	95	99	159	47	400	4	75
11/12/2015 21:55	67	87	116	29	299	4	75
11/12/2015 22:00	82	109	111	43	345	4	75
11/12/2015 22:05	80	97	124	49	350	4	75
11/12/2015 22:10	75	90	141	61	367	4	75
11/12/2015 22:15	75	106	110	43	334	4	75
11/12/2015 22:20	75	91	117	44	327	4	75
11/12/2015 22:25	72	81	106	34	293	4	75
11/12/2015 22:30	74	93	117	37	321	4	75
11/12/2015 22:35	59	89	116	49	313	4	75
11/12/2015 22:40	67	81	113	31	292	4	75
11/12/2015 22:45	56	75	95	34	260	4	75
11/12/2015 22:50	54	67	93	33	247	4	75
11/12/2015 22:55	54	60	77	17	208	4	75
11/12/2015 23:00	62	64	94	33	253	4	75
11/12/2015 23:05	43	53	60	20	176	4	75
11/12/2015 23:10	46	64	77	27	214	4	75
11/12/2015 23:15	45	64	83	27	219	4	75
11/12/2015 23:20	64	71	84	29	248	4	75
11/12/2015 23:25	38	50	69	20	177	4	75
11/12/2015 23:30	42	46	69	16	173	4	75
11/12/2015 23:35	53	54	73	20	200	4	75
11/12/2015 23:40	51	60	90	26	227	4	75
11/12/2015 23:45	46	50	76	21	193	4	75
11/12/2015 23:50	36	53	57	21	167	4	75
11/12/2015 23:55	36	36	54	20	146	4	75
11/13/2015 00:00	37	44	60	20	161	4	75
11/13/2015 00:05	39	43	66	19	167	4	75
11/13/2015 00:10	49	53	55	10	167	4	75
11/13/2015 00:15	36	37	52	14	139	4	75
11/13/2015 00:20	36	33	55	12	136	4	75
11/13/2015 00:25	28	34	50	20	132	4	75
11/13/2015 00:30	28	24	36	7	95	4	75
11/13/2015 00:35	36	33	46	13	128	4	75
11/13/2015 00:40	31	37	46	16	130	4	75
11/13/2015 00:45	28	23	40	14	105	4	75
11/13/2015 00:50	30	23	50	13	116	4	75
11/13/2015 00:55	23	29	34	6	92	4	75
11/13/2015 01:00	22	32	29	24	107	4	0
11/13/2015 01:05	22	31	28	23	104	4	0
11/13/2015 01:10	9	10	30	0	49	4	75
11/13/2015 01:15	27	21	54	18	120	4	75
11/13/2015 01:20	20	18	31	8	77	4	75
11/13/2015 01:25	30	25	58	14	127	4	75
11/13/2015 01:30	18	17	27	10	72	4	75
11/13/2015 01:35	17	16	27	7	67	4	75
11/13/2015 01:40	20	17	40	11	88	4	75
11/13/2015 01:45	23	17	41	10	91	4	75
11/13/2015 01:50	19	27	23	11	80	4	75
11/13/2015 01:55	17	19	23	3	62	4	75
11/13/2015 02:00	19	19	93	10	141	4	75
11/13/2015 02:05	19	20	410	11	460	4	75
11/13/2015 02:10	19	23	400	7	449	4	75
11/13/2015 02:15	21	21	395	11	448	4	75
11/13/2015 02:20	20	17	33	1	71	4	50
11/13/2015 02:25	21	20	100	13	154	4	75
11/13/2015 02:30	22	14	40	13	89	4	75
11/13/2015 02:35	23	18	44	15	100	4	75
11/13/2015 02:40	25	24	40	13	102	4	75
11/13/2015 02:45	17	21	20	6	64	4	75
11/13/2015 02:50	28	26	47	17	118	4	75
11/13/2015 02:55	24	9	73	16	122	4	75
11/13/2015 03:00	22	15	28	13	78	4	75
11/13/2015 03:05	21	17	168	11	217	4	75
11/13/2015 03:10	18	20	53	9	100	4	75
11/13/2015 03:15	23	19	33	8	83	4	75
11/13/2015 03:20	25	17	188	14	244	4	75
11/13/2015 03:25	28	24	90	14	156	4	75
11/13/2015 03:30	23	29	137	10	199	4	75
11/13/2015 03:35	26	31	70	9	136	4	75
11/13/2015 03:40	21	27	275	10	333	4	75
11/13/2015 03:45	24	26	182	11	243	4	75
11/13/2015 03:50	18	27	35	4	84	4	75
11/13/2015 03:55	31	30	78	17	156	4	75
11/13/2015 04:00	36	38	159	20	253	4	75
11/13/2015 04:05	24	33	238	11	306	4	75
11/13/2015 04:10	28	37	81	13	159	4	75
11/13/2015 04:15	35	39	142	14	230	4	75
11/13/2015 04:20	39	43	146	17	245	4	75
11/13/2015 04:25	35	46	114	23	218	4	75
11/13/2015 04:30	39	59	153	14	265	4	75
11/13/2015 04:35	45	61	170	24	300	4	75
11/13/2015 04:40	42	66	182	29	319	4	75
11/13/2015 04:45	40	64	88	19	211	4	75
11/13/2015 04:50	43	66	92	21	222	4	75
11/13/2015 04:55	36	63	134	16	249	4	75
11/13/2015 05:00	42	56	120	20	238	4	75
11/13/2015 05:05	57	66	123	40	286	4	75
11/13/2015 05:10	64	66	157	21	308	4	75
11/13/2015 05:15	64	96	67	37	264	4	75
11/13/2015 05:20	71	66	97	37	271	4	75
11/13/2015 05:25	64	86	67	41	258	4	75
11/13/2015 05:30	66	116	75	35	292	4	75
11/13/2015 05:35	93	114	114	43	364	4	75
11/13/2015 05:40	67	126	70	51	314	4	75
11/13/2015 05:45	90	117	99	46	352	4	75
11/13/2015 05:50	74	123	90	37	324	4	75
11/13/2015 05:55	61	109	79	51	300	4	75
11/13/2015 06:00	84	126	104	41	355	4	75
11/13/2015 06:05	82	96	97	47	322	4	75
11/13/2015 06:10	64	120	87	29	300	4	75
11/13/2015 06:15	76	121	79	29	305	4	75
11/13/2015 06:20	78	114	81	44	317	4	75
11/13/2015 06:25	72	87	79	39	277	4	75
11/13/2015 06:30	61	101	83	41	286	4	75
11/13/2015 06:35	88	126	91	51	356	4	75
11/13/2015 06:40	59	91	80	46	276	4	75
11/13/2015 06:45	78	104	81	39	302	4	75
11/13/2015 06:50	59	107	93	46	305	4	75
11/13/2015 06:55	71	86	133	43	333	4	75
11/13/2015 07:00	88	110	94	40	332	4	75
11/13/2015 07:05	71	107	208	41	427	4	75
11/13/2015 07:10	97	123	328	47	595	4	75
11/13/2015 07:15	84	113	138	27	362	4	75
11/13/2015 07:20	77	120	101	39	337	4	75
11/13/2015 07:25	84	119	96	37	336	4	75
11/13/2015 07:30	86	137	97	57	377	4	75
11/13/2015 07:35	87	121	107	43	358	4	75
11/13/2015 07:40	75	127	87	53	342	4	75
11/13/2015 07:45	85	120	109	60	374	4	75
11/13/2015 07:50	97	123	100	53	373	4	75
11/13/2015 07:55	82	113	94	37	326	4	75
11/13/2015 08:00	82	127	86	41	336	4	75
11/13/2015 08:05	88	133	114	47	382	4	75
11/13/2015 08:10	84	136	97	50	367	4	75
11/13/2015 08:15	88	130	109	49	376	4	75
11/13/2015 08:20	96	116	103	56	371	4	75
11/13/2015 08:25	75	126	363	44	608	4	75
11/13/2015 08:30	88	116	123	50	377	4	75
11/13/2015 08:35	90	121	94	56	361	4	75
11/13/2015 08:40	84	117	170	54	425	4	75
11/13/2015 08:45	90	116	179	61	446	4	75
11/13/2015 08:50	84	127	154	46	411	4	75
11/13/2015 08:55	91	119	196	57	463	4	75
11/13/2015 09:00	84	103	150	36	373	4	75
11/13/2015 09:05	86	120	144	49	399	4	75
11/13/2015 09:10	100	117	157	53	427	4	75
11/13/2015 09:15	94	133	129	41	397	4	75
11/13/2015 09:20	96	140	156	64	456	4	75
11/13/2015 09:25	84	106	131	56	377	4	75
11/13/2015 09:30	110	139	146	53	448	4	75
11/13/2015 09:35	58	140	140	50	388	4	75
11/13/2015 09:40	123	119	143	53	438	4	0
11/13/2015 09:45	120	113	123	45	401	4	0
11/13/2015 09:50	96	133	139	54	422	4	75
11/13/2015 09:55	109	116	156	66	447	4	75
11/13/2015 10:00	84	119	120	51	374	4	75
11/13/2015 10:05	85	138	158	65	446	4	75
11/13/2015 10:10	88	104	127	47	366	4	75
11/13/2015 10:15	98	113	117	43	371	4	75
11/13/2015 10:20	87	115	133	53	388	4	75
11/13/2015 10:25	78	128	130	67	403	4	75
11/13/2015 10:30	84	116	136	47	383	4	75
11/13/2015 10:35	103	119	140	53	415	4	75
11/13/2015 10:40	139	127	137	55	458	4	0
11/13/2015 10:45	144	128	161	48	481	4	0
11/13/2015 10:50	141	122	157	50	470	4	0
11/13/2015 10:55	94	107	125	47	373	4	75
11/13/2015 11:00	94	117	132	43	386	4	75
11/13/2015 11:05	94	128	132	57	411	4	75
11/13/2015 11:10	95	128	123	45	391	4	75
11/13/2015 11:15	86	119	136	41	382	4	75
11/13/2015 11:20	99	118	150	57	424	4	75
11/13/2015 11:25	99	123	153	57	432	4	75
11/13/2015 11:30	92	122	128	50	392	4	75
11/13/2015 11:35	81	107	118	42	348	4	75
11/13/2015 11:40	100	122	122	33	377	4	75
11/13/2015 11:45	100	127	137	55	419	4	75
11/13/2015 11:50	131	115	131	49	426	4	0
11/13/2015 11:55	126	115	131	42	414	4	0
11/13/2015 12:00	130	123	139	49	441	4	0
11/13/2015 12:05	90	110	132	55	387	4	75
11/13/2015 12:10	87	123	125	43	378	4	75
11/13/2015 12:15	92	122	142	58	414	4	75
11/13/2015 12:20	97	123	132	55	407	4	75
11/13/2015 12:25	94	117	133	55	399	4	75
11/13/2015 12:30	94	140	143	58	435	4	75
11/13/2015 12:35	92	147	137	57	433	4	75
11/13/2015 12:40	104	122	143	72	441	4	75
11/13/2015 12:45	89	145	153	75	462	4	75
11/13/2015 12:50	107	130	143	75	455	4	75
11/13/2015 12:55	92	118	135	62	407	4	75
11/13/2015 13:00	101	123	136	71	431	4	75
11/13/2015 13:05	110	125	162	90	487	4	75
11/13/2015 13:10	101	115	132	92	440	4	75
11/13/2015 13:15	97	120	120	87	424	4	75
11/13/2015 13:20	101	88	132	92	413	4	75
11/13/2015 13:25	99	97	110	90	396	4	75
11/13/2015 13:30	104	95	127	100	426	4	75
11/13/2015 13:35	98	105	117	77	397	4	75
11/13/2015 13:40	93	117	134	74	418	4	75
11/13/2015 13:45	89	117	113	80	399	4	75
11/13/2015 13:50	106	116	143	97	462	4	75
11/13/2015 13:55	102	123	138	88	451	4	75
11/13/2015 14:00	91	112	158	90	451	4	75
11/13/2015 14:05	102	96	126	93	417	4	75
11/13/2015 14:10	102	108	150	84	444	4	75
11/13/2015 14:15	109	100	168	88	465	4	75
11/13/2015 14:20	103	100	125	95	423	4	75
11/13/2015 14:25	100	98	160	85	443	4	75
11/13/2015 14:30	105	95	131	81	412	4	75
11/13/2015 14:35	97	70	101	70	338	4	75
11/13/2015 14:40	96	84	137	73	390	4	75
11/13/2015 14:45	84	98	153	68	403	4	75
11/13/2015 14:50	74	75	123	63	335	4	75
11/13/2015 14:55	84	85	138	73	380	4	75
11/13/2015 15:00	97	105	137	88	427	4	75
11/13/2015 15:05	76	73	118	65	332	4	75
11/13/2015 15:10	94	97	145	87	423	4	75
11/13/2015 15:15	89	93	128	85	395	4	75
11/13/2015 15:20	92	96	140	83	411	4	75
11/13/2015 15:25	116	92	110	77	395	4	0
11/13/2015 15:30	117	93	86	76	372	4	0
11/13/2015 15:35	94	77	69	61	301	4	0
11/13/2015 15:40	69	80	95	85	329	4	75
11/13/2015 15:45	101	73	85	70	329	4	0
11/13/2015 15:50	97	85	109	77	368	4	0
11/13/2015 15:55	92	85	118	83	378	4	75
11/13/2015 16:00	91	77	108	82	358	4	75
11/13/2015 16:05	81	90	115	72	358	4	75
11/13/2015 16:10	74	83	105	62	324	4	75
11/13/2015 16:15	94	92	117	85	388	4	75
11/13/2015 16:20	71	67	102	63	303	4	75
11/13/2015 16:25	84	92	125	78	379	4	75
11/13/2015 16:30	73	80	105	55	313	4	75
11/13/2015 16:35	71	78	83	57	289	4	75
11/13/2015 16:40	70	68	92	62	292	4	75
11/13/2015 16:45	73	77	80	63	293	4	75
11/13/2015 16:50	81	93	88	58	320	4	75
11/13/2015 16:55	79	87	99	71	336	4	75
11/13/2015 17:00	72	75	88	60	295	4	75
11/13/2015 17:05	84	92	90	58	324	4	75
11/13/2015 17:10	79	78	86	62	305	4	75
11/13/2015 17:15	81	87	78	63	309	4	75
11/13/2015 17:20	79	72	103	67	321	4	75
11/13/2015 17:25	72	80	75	67	294	4	75
11/13/2015 17:30	74	77	80	52	283	4	75
11/13/2015 17:35	64	75	83	55	277	4	75
11/13/2015 17:40	62	75	95	54	286	4	75
11/13/2015 17:45	74	85	93	50	302	4	75
11/13/2015 17:50	59	67	85	48	259	4	75
11/13/2015 17:55	71	82	97	43	293	4	75
11/13/2015 18:00	56	67	78	48	249	4	75
11/13/2015 18:05	74	80	87	57	298	4	75
11/13/2015 18:10	65	72	82	53	272	4	75
11/13/2015 18:15	64	70	67	48	249	4	75
11/13/2015 18:20	64	77	90	42	273	4	75
11/13/2015 18:25	76	73	83	67	299	4	75
11/13/2015 18:30	71	83	83	63	300	4	75
11/13/2015 18:35	71	73	80	57	281	4	75
11/13/2015 18:40	70	72	73	62	277	4	75
11/13/2015 18:45	66	70	70	58	264	4	75
11/13/2015 18:50	70	82	83	62	297	4	75
11/13/2015 18:55	65	80	68	53	266	4	75
11/13/2015 19:00	66	87	95	58	306	4	75
11/13/2015 19:05	69	73	82	58	282	4	75
11/13/2015 19:10	65	80	88	48	281	4	75
11/13/2015 19:15	72	87	82	57	298	4	75
11/13/2015 19:20	77	92	102	68	339	4	75
11/13/2015 19:25	84	98	102	73	357	4	75
11/13/2015 19:30	73	73	75	48	269	4	75
11/13/2015 19:35	87	90	85	72	334	4	75
11/13/2015 19:40	83	90	92	65	330	4	75
11/13/2015 19:45	91	110	120	82	403	4	75
11/13/2015 19:50	82	107	113	73	375	4	75
11/13/2015 19:55	79	93	93	80	345	4	75
11/13/2015 20:00	85	99	124	76	384	4	75
11/13/2015 20:05	70	78	103	47	298	4	75
11/13/2015 20:10	69	95	106	34	304	4	75
11/13/2015 20:15	65	93	102	42	302	4	75
11/13/2015 20:20	89	97	123	50	359	4	75
11/13/2015 20:25	80	92	117	38	327	4	75
11/13/2015 20:30	78	109	110	49	346	4	75
11/13/2015 20:35	65	98	108	35	306	4	75
11/13/2015 20:40	87	102	123	50	362	4	75
11/13/2015 20:45	84	98	105	38	325	4	75
11/13/2015 20:50	85	115	133	58	391	4	75
11/13/2015 20:55	84	100	123	45	352	4	75
11/13/2015 21:00	87	111	110	44	352	4	75
11/13/2015 21:05	92	113	138	58	401	4	75
11/13/2015 21:10	89	88	113	45	335	4	75
11/13/2015 21:15	55	98	90	25	268	4	75
11/13/2015 21:20	95	98	117	43	353	4	75
11/13/2015 21:25	71	104	116	41	332	4	75
11/13/2015 21:30	81	98	115	35	329	4	75
11/13/2015 21:35	69	97	89	34	289	4	75
11/13/2015 21:40	90	97	123	53	363	4	75
11/13/2015 21:45	75	90	108	43	316	4	75
11/13/2015 21:50	80	107	110	47	344	4	75
11/13/2015 21:55	66	98	83	25	272	4	75
11/13/2015 22:00	68	82	107	42	299	4	75
11/13/2015 22:05	65	74	96	41	276	4	75
11/13/2015 22:10	63	88	97	37	285	4	75
11/13/2015 22:15	66	82	85	25	258	4	75
11/13/2015 22:20	74	83	112	30	299	4	75
11/13/2015 22:25	58	84	84	30	256	4	75
11/13/2015 22:30	73	92	95	33	293	4	75
11/13/2015 22:35	70	83	93	32	278	4	75
11/13/2015 22:40	92	97	127	53	369	4	75
11/13/2015 22:45	75	105	118	43	341	4	75
11/13/2015 22:50	74	90	99	31	294	4	75
11/13/2015 22:55	62	91	110	34	297	4	75
11/13/2015 23:00	75	85	107	30	297	4	75
11/13/2015 23:05	58	88	97	33	276	4	75
11/13/2015 23:10	78	90	108	47	323	4	75
11/13/2015 23:15	53	50	78	20	201	4	75
11/13/2015 23:20	68	75	105	43	291	4	75
11/13/2015 23:25	41	63	75	27	206	4	75
11/13/2015 23:30	61	87	83	22	253	4	75
11/13/2015 23:35	44	63	68	20	195	4	75
11/13/2015 23:40	60	57	72	12	201	4	75
11/13/2015 23:45	42	53	58	22	175	4	75
11/13/2015 23:50	46	55	75	35	211	4	75
11/13/2015 23:55	43	51	61	23	178	4	75
11/14/2015 00:00	43	49	65	19	176	4	75
11/14/2015 00:05	51	54	68	28	201	4	75
11/14/2015 00:10	44	53	76	25	198	4	75
11/14/2015 00:15	51	56	72	19	198	4	75
11/14/2015 00:20	48	52	68	23	191	4	75
11/14/2015 00:25	38	30	63	15	146	4	75
11/14/2015 00:30	51	55	55	20	181	4	75
11/14/2015 00:35	58	57	67	23	205	4	75
11/14/2015 00:40	31	22	50	22	125	4	75
11/14/2015 00:45	38	36	66	23	163	4	75
11/14/2015 00:50	31	35	43	17	126	4	75
11/14/2015 00:55	42	38	58	22	160	4	75
11/14/2015 01:00	36	52	46	38	172	4	0
11/14/2015 01:05	35	51	45	37	168	4	0
11/14/2015 01:10	20	50	45	20	135	4	0
11/14/2015 01:15	27	33	33	10	103	4	75
11/14/2015 01:20	31	42	48	15	136	4	75
11/14/2015 01:25	26	30	43	13	112	4	75
11/14/2015 01:30	27	23	35	13	98	4	75
11/14/2015 01:35	29	28	43	3	103	4	75
11/14/2015 01:40	29	43	42	12	126	4	75
11/14/2015 01:45	24	25	30	7	86	4	75
11/14/2015 01:50	27	25	47	12	111	4	75
11/14/2015 01:55	26	17	33	7	83	4	75
11/14/2015 02:00	27	30	42	13	112	4	75
11/14/2015 02:05	33	38	70	23	164	4	75
11/14/2015 02:10	28	35	39	13	115	4	0
11/14/2015 02:15	27	30	40	18	115	4	0
11/14/2015 02:20	26	25	50	10	111	4	75
11/14/2015 02:25	27	27	35	8	97	4	75
11/14/2015 02:30	31	23	50	21	125	4	75
11/14/2015 02:35	27	25	50	12	114	4	75
11/14/2015 02:40	26	27	35	10	98	4	75
11/14/2015 02:45	24	18	33	10	85	4	75
11/14/2015 02:50	23	30	33	12	98	4	75
11/14/2015 02:55	22	25	37	8	92	4	75
11/14/2015 03:00	21	22	30	10	83	4	75
11/14/2015 03:05	30	23	43	5	101	4	75
11/14/2015 03:10	26	32	26	16	100	4	0
11/14/2015 03:15	30	30	26	16	102	4	0
11/14/2015 03:20	24	13	30	7	74	4	75
11/14/2015 03:25	24	33	26	13	96	4	0
11/14/2015 03:30	20	31	26	11	88	4	0
11/14/2015 03:35	29	29	26	9	93	4	0
11/14/2015 03:40	35	27	22	14	98	4	0
11/14/2015 03:45	15	33	26	14	88	4	0
11/14/2015 03:50	20	28	25	13	86	4	0
11/14/2015 03:55	24	40	28	7	99	4	75
11/14/2015 04:00	26	28	30	8	92	4	75
11/14/2015 04:05	24	18	42	7	91	4	75
11/14/2015 04:10	20	31	25	7	83	4	0
11/14/2015 04:15	28	27	20	9	84	4	0
11/14/2015 04:20	27	31	22	13	93	4	0
11/14/2015 04:25	27	36	22	15	100	4	0
11/14/2015 04:30	37	33	25	11	106	4	0
11/14/2015 04:35	26	35	26	7	94	4	0
11/14/2015 04:40	32	40	58	18	148	4	75
11/14/2015 04:45	36	48	45	8	137	4	75
11/14/2015 04:50	24	37	62	7	130	4	75
11/14/2015 04:55	26	39	63	11	139	4	75
11/14/2015 05:00	36	40	260	18	354	4	75
11/14/2015 05:05	29	35	55	12	131	4	75
11/14/2015 05:10	40	40	213	17	310	4	75
11/14/2015 05:15	55	63	165	20	303	4	75
11/14/2015 05:20	34	45	190	18	287	4	75
11/14/2015 05:25	34	56	106	18	214	4	75
11/14/2015 05:30	46	53	154	23	276	4	75
11/14/2015 05:35	48	57	128	18	251	4	75
11/14/2015 05:40	40	66	157	20	283	4	75
11/14/2015 05:45	46	65	162	17	290	4	75
11/14/2015 05:50	46	58	203	23	330	4	75
11/14/2015 05:55	42	67	340	22	471	4	75
11/14/2015 06:00	39	68	370	17	494	4	75
11/14/2015 06:05	42	70	110	8	230	4	75
11/14/2015 06:10	67	69	65	17	218	4	0
11/14/2015 06:15	63	63	65	22	213	4	0
11/14/2015 06:20	46	67	143	32	288	4	75
11/14/2015 06:25	59	70	71	22	222	4	0
11/14/2015 06:30	91	74	83	30	278	4	0
11/14/2015 06:35	81	76	82	31	270	4	0
11/14/2015 06:40	95	81	85	30	291	4	0
11/14/2015 06:45	97	76	96	30	299	4	0
11/14/2015 06:50	87	87	95	26	295	4	0
11/14/2015 06:55	56	80	80	20	236	4	75
11/14/2015 07:00	68	78	122	27	295	4	75
11/14/2015 07:05	63	95	73	40	271	4	75
11/14/2015 07:10	103	88	96	25	312	4	0
11/14/2015 07:15	87	95	101	34	317	4	0
11/14/2015 07:20	105	95	107	31	338	4	0
11/14/2015 07:25	102	98	112	36	348	4	0
11/14/2015 07:30	120	107	99	37	363	4	0
11/14/2015 07:35	123	119	98	29	369	4	0
11/14/2015 07:40	126	114	131	38	409	4	0
11/14/2015 07:45	127	119	138	43	427	4	0
11/14/2015 07:50	124	114	137	38	413	4	0
11/14/2015 07:55	117	104	131	46	398	4	0
11/14/2015 08:00	137	105	127	45	414	4	0
11/14/2015 08:05	134	114	128	39	415	4	0
11/14/2015 08:10	133	115	131	38	417	4	0
11/14/2015 08:15	135	112	136	43	426	4	0
11/14/2015 08:20	125	114	138	42	419	4	0
11/14/2015 08:25	135	113	143	53	444	4	0
11/14/2015 08:30	124	117	147	58	446	4	0
11/14/2015 08:35	125	109	154	49	437	4	0
11/14/2015 08:40	128	102	159	45	434	4	0
11/14/2015 08:45	118	117	161	53	449	4	0
11/14/2015 08:50	125	119	161	46	451	4	0
11/14/2015 08:55	107	120	178	55	460	4	75
11/14/2015 09:00	121	117	151	50	439	4	0
11/14/2015 09:05	121	129	131	43	424	4	0
11/14/2015 09:10	129	130	143	45	447	4	0
11/14/2015 09:15	141	133	144	50	468	4	0
11/14/2015 09:20	134	128	161	61	484	4	0
11/14/2015 09:25	151	130	165	46	492	4	0
11/14/2015 09:30	95	133	150	50	428	4	75
11/14/2015 09:35	145	128	170	48	491	4	0
11/14/2015 09:40	134	131	175	49	489	4	0
11/14/2015 09:45	142	116	177	49	484	4	0
11/14/2015 09:50	148	113	173	44	478	4	0
11/14/2015 09:55	138	127	170	57	492	4	0
11/14/2015 10:00	141	130	174	47	492	4	0
11/14/2015 10:05	95	125	132	52	404	4	75
11/14/2015 10:10	149	141	169	60	519	4	0
11/14/2015 10:15	135	131	169	53	488	4	0
11/14/2015 10:20	142	137	174	53	506	4	0
11/14/2015 10:25	146	141	171	51	509	4	0
11/14/2015 10:30	131	137	173	49	490	4	0
11/14/2015 10:35	140	132	176	57	505	4	0
11/14/2015 10:40	135	119	181	53	488	4	0
11/14/2015 10:45	134	109	181	54	478	4	0
11/14/2015 10:50	128	129	182	66	505	4	0
11/14/2015 10:55	94	133	142	57	426	4	75
11/14/2015 11:00	112	123	157	55	447	4	75
11/14/2015 11:05	90	128	125	53	396	4	75
11/14/2015 11:10	126	123	180	67	496	4	0
11/14/2015 11:15	126	126	184	66	502	4	0
11/14/2015 11:20	110	130	155	52	447	4	75
11/14/2015 11:25	87	130	133	55	405	4	75
11/14/2015 11:30	91	107	144	64	406	4	75
11/14/2015 11:35	97	135	145	53	430	4	75
11/14/2015 11:40	97	125	155	78	455	4	75
11/14/2015 11:45	107	107	143	62	419	4	75
11/14/2015 11:50	92	112	128	73	405	4	75
11/14/2015 11:55	104	120	138	95	457	4	75
11/14/2015 12:00	99	102	123	77	401	4	75
11/14/2015 12:05	73	95	145	65	378	4	75
11/14/2015 12:10	116	107	192	83	498	4	0
11/14/2015 12:15	131	121	195	90	537	4	0
11/14/2015 12:20	128	105	195	88	516	4	0
11/14/2015 12:25	115	106	194	70	485	4	0
11/14/2015 12:30	128	117	196	62	503	4	0
11/14/2015 12:35	116	112	195	67	490	4	0
11/14/2015 12:40	102	89	192	63	446	4	0
11/14/2015 12:45	130	119	195	75	519	4	0
11/14/2015 12:50	130	118	194	73	515	4	0
11/14/2015 12:55	139	123	193	80	535	4	0
11/14/2015 13:00	139	120	191	79	529	4	0
11/14/2015 13:05	130	125	191	87	533	4	0
11/14/2015 13:10	90	97	150	78	415	4	75
11/14/2015 13:15	114	128	138	77	457	4	75
11/14/2015 13:20	90	101	124	79	394	4	75
11/14/2015 13:25	102	120	138	93	453	4	75
11/14/2015 13:30	97	97	125	82	401	4	75
11/14/2015 13:35	109	102	113	85	409	4	75
11/14/2015 13:40	109	118	152	100	479	4	75
11/14/2015 13:45	105	123	145	92	465	4	75
11/14/2015 13:50	105	112	153	85	455	4	75
11/14/2015 13:55	109	97	112	92	410	4	75
11/14/2015 14:00	96	108	152	87	443	4	75
11/14/2015 14:05	101	102	122	83	408	4	75
11/14/2015 14:10	107	105	142	93	447	4	75
11/14/2015 14:15	111	113	130	83	437	4	75
11/14/2015 14:20	105	83	108	78	374	4	75
11/14/2015 14:25	114	93	145	108	460	4	75
11/14/2015 14:30	106	118	138	97	459	4	75
11/14/2015 14:35	97	98	110	88	393	4	75
11/14/2015 14:40	101	110	130	92	433	4	75
11/14/2015 14:45	94	108	142	75	419	4	75
11/14/2015 14:50	112	108	118	108	446	4	75
11/14/2015 14:55	111	113	138	102	464	4	75
11/14/2015 15:00	107	92	128	98	425	4	75
11/14/2015 15:05	107	99	113	87	406	4	75
11/14/2015 15:10	96	88	113	87	384	4	75
11/14/2015 15:15	105	130	128	87	450	4	75
11/14/2015 15:20	104	105	108	90	407	4	75
11/14/2015 15:25	107	117	128	87	439	4	75
11/14/2015 15:30	105	103	117	87	412	4	75
11/14/2015 15:35	104	100	107	95	406	4	75
11/14/2015 15:40	102	105	127	102	436	4	75
11/14/2015 15:45	92	107	127	83	409	4	75
11/14/2015 15:50	94	85	107	85	371	4	75
11/14/2015 15:55	97	95	122	78	392	4	75
11/14/2015 16:00	96	102	113	87	398	4	75
11/14/2015 16:05	96	115	158	87	456	4	75
11/14/2015 16:10	96	82	103	100	381	4	75
11/14/2015 16:15	97	113	150	88	448	4	75
11/14/2015 16:20	105	77	110	92	384	4	75
11/14/2015 16:25	100	92	110	83	385	4	75
11/14/2015 16:30	102	90	118	78	388	4	75
11/14/2015 16:35	105	85	118	97	405	4	75
11/14/2015 16:40	100	101	117	91	409	4	75
11/14/2015 16:45	92	85	105	88	370	4	75
11/14/2015 16:50	103	85	107	82	377	4	75
11/14/2015 16:55	92	98	110	83	383	4	75
11/14/2015 17:00	87	98	113	82	380	4	75
11/14/2015 17:05	75	72	83	67	297	4	75
11/14/2015 17:10	99	93	108	90	390	4	75
11/14/2015 17:15	92	87	103	83	365	4	75
11/14/2015 17:20	92	92	130	75	389	4	75
11/14/2015 17:25	87	108	97	77	369	4	75
11/14/2015 17:30	91	97	112	68	368	4	75
11/14/2015 17:35	85	85	95	82	347	4	75
11/14/2015 17:40	89	97	100	83	369	4	75
11/14/2015 17:45	82	83	92	72	329	4	75
11/14/2015 17:50	102	107	122	93	424	4	75
11/14/2015 17:55	87	92	100	73	352	4	75
11/14/2015 18:00	93	95	114	75	377	4	75
11/14/2015 18:05	85	98	120	93	396	4	75
11/14/2015 18:10	100	93	125	100	418	4	75
11/14/2015 18:15	100	105	117	87	409	4	75
11/14/2015 18:20	90	90	118	82	380	4	75
11/14/2015 18:25	86	94	107	70	357	4	75
11/14/2015 18:30	86	93	83	77	339	4	75
11/14/2015 18:35	105	112	127	83	427	4	75
11/14/2015 18:40	92	108	95	83	378	4	75
11/14/2015 18:45	102	97	128	93	420	4	75
11/14/2015 18:50	89	95	92	90	366	4	75
11/14/2015 18:55	84	93	115	75	367	4	75
11/14/2015 19:00	97	102	100	93	392	4	75
11/14/2015 19:05	96	108	163	105	472	4	75
11/14/2015 19:10	86	103	166	46	401	4	0
11/14/2015 19:15	73	120	166	54	413	4	0
11/14/2015 19:20	83	108	120	55	366	4	75
11/14/2015 19:25	76	97	115	42	330	4	75
11/14/2015 19:30	76	93	115	42	326	4	75
11/14/2015 19:35	68	93	110	43	314	4	75
11/14/2015 19:40	102	108	138	47	395	4	75
11/14/2015 19:45	73	85	127	65	350	4	75
11/14/2015 19:50	87	108	122	42	359	4	75
11/14/2015 19:55	77	96	123	57	353	4	75
11/14/2015 20:00	85	113	123	45	366	4	75
11/14/2015 20:05	100	103	120	40	363	4	75
11/14/2015 20:10	94	84	139	53	370	4	0
11/14/2015 20:15	90	91	137	43	361	4	0
11/14/2015 20:20	65	88	102	40	295	4	75
11/14/2015 20:25	85	97	128	45	355	4	75
11/14/2015 20:30	83	93	125	43	344	4	75
11/14/2015 20:35	84	97	115	38	334	4	75
11/14/2015 20:40	80	97	105	37	319	4	75
11/14/2015 20:45	75	87	117	53	332	4	75
11/14/2015 20:50	92	97	130	47	366	4	75
11/14/2015 20:55	66	72	107	45	290	4	75
11/14/2015 21:00	68	98	110	40	316	4	75
11/14/2015 21:05	83	90	120	42	335	4	75
11/14/2015 21:10	76	92	127	52	347	4	75
11/14/2015 21:15	60	95	115	47	317	4	75
11/14/2015 21:20	65	102	108	43	318	4	75
11/14/2015 21:25	53	78	103	38	272	4	75
11/14/2015 21:30	77	107	109	37	330	4	75
11/14/2015 21:35	76	90	113	45	324	4	75
11/14/2015 21:40	87	97	125	50	359	4	75
11/14/2015 21:45	73	85	128	50	336	4	75
11/14/2015 21:50	84	106	129	47	366	4	75
11/14/2015 21:55	56	88	93	30	267	4	75
11/14/2015 22:00	58	92	107	32	289	4	75
11/14/2015 22:05	94	97	145	60	396	4	75
11/14/2015 22:10	71	84	106	30	291	4	75
11/14/2015 22:15	75	90	112	32	309	4	75
11/14/2015 22:20	66	90	85	35	276	4	75
11/14/2015 22:25	75	82	118	38	313	4	75
11/14/2015 22:30	71	80	105	32	288	4	75
11/14/2015 22:35	60	100	112	47	319	4	75
11/14/2015 22:40	81	105	113	38	337	4	75
11/14/2015 22:45	56	80	110	32	278	4	75
11/14/2015 22:50	61	83	103	33	280	4	75
11/14/2015 22:55	69	89	104	43	305	4	75
11/14/2015 23:00	65	75	100	37	277	4	75
11/14/2015 23:05	61	78	103	38	280	4	75
11/14/2015 23:10	66	77	90	37	270	4	75
11/14/2015 23:15	63	77	87	35	262	4	75
11/14/2015 23:20	69	77	98	32	276	4	75
11/14/2015 23:25	63	67	117	30	277	4	75
11/14/2015 23:30	67	62	95	27	251	4	75
11/14/2015 23:35	51	72	100	42	265	4	75
11/14/2015 23:40	66	73	83	18	240	4	75
11/14/2015 23:45	46	58	82	28	214	4	75
11/14/2015 23:50	58	58	92	37	245	4	75
11/14/2015 23:55	42	64	79	30	215	4	75
11/15/2015 00:00	44	46	77	24	191	4	75
11/15/2015 00:05	47	56	93	32	228	4	75
11/15/2015 00:10	51	69	81	28	229	4	75
11/15/2015 00:15	49	58	77	25	209	4	75
11/15/2015 00:20	50	51	81	22	204	4	75
11/15/2015 00:25	51	65	75	20	211	4	75
11/15/2015 00:30	50	55	80	20	205	4	75
11/15/2015 00:35	43	40	67	15	165	4	75
11/15/2015 00:40	43	50	68	27	188	4	75
11/15/2015 00:45	44	52	73	17	186	4	75
11/15/2015 00:50	48	48	97	35	228	4	75
11/15/2015 00:55	41	50	60	15	166	4	75
11/15/2015 01:00	40	59	52	42	193	4	0
11/15/2015 01:05	41	60	53	43	197	4	0
11/15/2015 01:10	40	50	40	0	130	4	0
11/15/2015 01:15	38	40	64	21	163	4	75
11/15/2015 01:20	36	42	72	25	175	4	75
11/15/2015 01:25	27	35	43	12	117	4	75
11/15/2015 01:30	39	43	52	18	152	4	75
11/15/2015 01:35	28	32	50	20	130	4	75
11/15/2015 01:40	22	28	43	13	106	4	75
11/15/2015 01:45	31	43	62	17	153	4	75
11/15/2015 01:50	29	26	47	13	115	4	75
11/15/2015 01:55	32	27	48	15	122	4	75
11/15/2015 02:00	32	35	48	12	127	4	75
11/15/2015 02:05	28	45	55	20	148	4	75
11/15/2015 02:10	20	36	48	23	127	4	0
11/15/2015 02:15	21	29	34	13	97	4	0
11/15/2015 02:20	33	29	52	17	131	4	0
11/15/2015 02:25	33	27	35	14	109	4	0
11/15/2015 02:30	31	33	41	14	119	4	0
11/15/2015 02:35	29	32	41	19	121	4	0
11/15/2015 02:40	26	28	42	16	112	4	0
11/15/2015 02:45	24	25	37	11	97	4	0
11/15/2015 02:50	26	32	35	14	107	4	0
11/15/2015 02:55	21	33	36	14	104	4	0
11/15/2015 03:00	13	28	36	11	88	4	0
11/15/2015 03:05	11	21	38	14	84	4	0
11/15/2015 03:10	9	19	28	12	68	4	0
11/15/2015 03:15	43	40	44	12	139	4	0
11/15/2015 03:20	19	32	42	14	107	4	0
11/15/2015 03:25	21	30	30	13	94	4	75
11/15/2015 03:30	26	30	30	9	95	4	0
11/15/2015 03:35	21	21	30	8	80	4	0
11/15/2015 03:40	23	27	26	10	86	4	0
11/15/2015 03:45	19	24	23	6	72	4	0
11/15/2015 03:50	11	28	27	10	76	4	0
11/15/2015 03:55	13	24	29	8	74	4	0
11/15/2015 04:00	9	19	28	8	64	4	0
11/15/2015 04:05	16	31	30	13	90	4	0
11/15/2015 04:10	14	27	30	7	78	4	0
11/15/2015 04:15	13	23	30	8	74	4	0
11/15/2015 04:20	24	31	37	12	104	4	0
11/15/2015 04:25	23	30	38	15	106	4	0
11/15/2015 04:30	13	20	15	0	48	4	75
11/15/2015 04:35	26	38	38	12	114	4	0
11/15/2015 04:40	23	37	39	16	115	4	0
11/15/2015 04:45	29	34	33	10	106	4	0
11/15/2015 04:50	17	32	35	9	93	4	0
11/15/2015 04:55	17	30	31	8	86	4	0
11/15/2015 05:00	14	30	31	9	84	4	0
11/15/2015 05:05	43	35	55	13	146	4	75
11/15/2015 05:10	23	42	37	11	113	4	0
11/15/2015 05:15	23	38	42	12	115	4	0
11/15/2015 05:20	30	36	45	13	124	4	0
11/15/2015 05:25	29	46	42	12	129	4	0
11/15/2015 05:30	37	40	57	20	154	4	0
11/15/2015 05:35	40	46	49	14	149	4	0
11/15/2015 05:40	40	45	58	17	160	4	0
11/15/2015 05:45	37	38	56	18	149	4	0
11/15/2015 05:50	43	49	49	16	157	4	0
11/15/2015 05:55	51	48	45	12	156	4	0
11/15/2015 06:00	36	45	54	15	150	4	0
11/15/2015 06:05	41	54	44	13	152	4	0
11/15/2015 06:10	41	48	55	18	162	4	0
11/15/2015 06:15	46	50	66	17	179	4	0
11/15/2015 06:20	40	49	67	17	173	4	0
11/15/2015 06:25	50	63	64	18	195	4	0
11/15/2015 06:30	49	63	69	22	203	4	0
11/15/2015 06:35	40	58	49	15	162	4	0
11/15/2015 06:40	36	73	72	22	203	4	0
11/15/2015 06:45	47	53	64	19	183	4	0
11/15/2015 06:50	30	59	75	26	190	4	0
11/15/2015 06:55	51	65	64	21	201	4	0
11/15/2015 07:00	41	75	45	27	188	4	75
11/15/2015 07:05	38	43	38	15	134	4	75
11/15/2015 07:10	56	66	77	24	223	4	0
11/15/2015 07:15	54	67	65	24	210	4	0
11/15/2015 07:20	47	67	72	24	210	4	0
11/15/2015 07:25	59	77	72	23	231	4	0
11/15/2015 07:30	73	72	73	21	239	4	0
11/15/2015 07:35	73	81	87	26	267	4	0
11/15/2015 07:40	91	80	87	29	287	4	0
11/15/2015 07:45	56	79	74	30	239	4	0
11/15/2015 07:50	70	78	82	23	253	4	0
11/15/2015 07:55	41	72	77	22	212	4	75
11/15/2015 08:00	63	88	72	40	263	4	75
11/15/2015 08:05	38	72	42	27	179	4	75
11/15/2015 08:10	83	82	96	34	295	4	0
11/15/2015 08:15	69	75	90	24	258	4	0
11/15/2015 08:20	56	95	91	33	275	4	0
11/15/2015 08:25	53	87	90	17	247	4	75
11/15/2015 08:30	78	100	90	45	313	4	75
11/15/2015 08:35	60	90	63	32	245	4	75
11/15/2015 08:40	85	110	153	45	393	4	75
11/15/2015 08:45	76	110	152	45	383	4	75
11/15/2015 08:50	71	93	137	40	341	4	75
11/15/2015 08:55	75	92	128	33	328	4	75
11/15/2015 09:00	75	88	118	32	313	4	75
11/15/2015 09:05	73	108	118	30	329	4	75
11/15/2015 09:10	83	100	105	37	325	4	0
11/15/2015 09:15	110	105	109	36	360	4	0
11/15/2015 09:20	84	118	128	45	375	4	75
11/15/2015 09:25	87	117	110	37	351	4	75
11/15/2015 09:30	110	125	152	52	439	4	75
11/15/2015 09:35	94	115	108	32	349	4	75
11/15/2015 09:40	95	108	135	47	385	4	75
11/15/2015 09:45	89	103	133	45	370	4	75
11/15/2015 09:50	78	90	143	60	371	4	75
11/15/2015 09:55	85	107	150	55	397	4	75
11/15/2015 10:00	81	99	111	39	330	4	75
11/15/2015 10:05	89	122	135	60	406	4	75
11/15/2015 10:10	81	115	133	53	382	4	75
11/15/2015 10:15	109	120	157	53	439	4	75
11/15/2015 10:20	98	139	154	60	451	4	75
11/15/2015 10:25	122	140	163	73	498	4	75
11/15/2015 10:30	92	110	138	55	395	4	75
11/15/2015 10:35	87	122	132	50	391	4	75
11/15/2015 10:40	95	133	143	57	428	4	75
11/15/2015 10:45	90	127	153	75	445	4	75
11/15/2015 10:50	92	117	147	48	404	4	75
11/15/2015 10:55	89	113	133	53	388	4	75
11/15/2015 11:00	89	125	113	50	377	4	75
11/15/2015 11:05	110	143	147	62	462	4	75
11/15/2015 11:10	95	138	150	72	455	4	75
11/15/2015 11:15	109	135	138	48	430	4	75
11/15/2015 11:20	94	116	156	67	433	4	75
11/15/2015 11:25	117	137	157	54	465	4	75
11/15/2015 11:30	99	123	132	38	392	4	75
11/15/2015 11:35	87	123	137	60	407	4	75
11/15/2015 11:40	107	132	152	58	449	4	75
11/15/2015 11:45	92	127	142	53	414	4	75
11/15/2015 11:50	78	120	133	53	384	4	75
11/15/2015 11:55	100	123	147	58	428	4	75
11/15/2015 12:00	90	112	125	43	370	4	75
11/15/2015 12:05	88	111	134	61	394	4	75
11/15/2015 12:10	100	133	168	62	463	4	75
11/15/2015 12:15	114	135	168	70	487	4	75
11/15/2015 12:20	86	127	139	60	412	4	75
11/15/2015 12:25	108	115	148	44	415	4	75
11/15/2015 12:30	101	134	149	69	453	4	75
11/15/2015 12:35	102	116	161	71	450	4	75
11/15/2015 12:40	94	125	169	58	446	4	75
11/15/2015 12:45	101	117	142	61	421	4	75
11/15/2015 12:50	93	119	140	57	409	4	75
11/15/2015 12:55	87	131	129	57	404	4	75
11/15/2015 13:00	102	122	146	56	426	4	75
11/15/2015 13:05	98	117	144	47	406	4	75
11/15/2015 13:10	96	110	158	61	425	4	75
11/15/2015 13:15	96	125	142	61	424	4	75
11/15/2015 13:20	97	137	145	56	435	4	75
11/15/2015 13:25	103	115	155	71	444	4	75
11/15/2015 13:30	113	125	168	72	478	4	75
11/15/2015 13:35	110	130	161	55	456	4	75
11/15/2015 13:40	109	131	152	66	458	4	75
11/15/2015 13:45	85	121	146	71	423	4	75
11/15/2015 13:50	110	132	153	77	472	4	75
11/15/2015 13:55	113	135	175	70	493	4	75
11/15/2015 14:00	106	133	155	64	458	4	75
11/15/2015 14:05	118	134	157	60	469	4	75
11/15/2015 14:10	114	135	163	67	479	4	75
11/15/2015 14:15	94	123	152	67	436	4	75
11/15/2015 14:20	104	132	163	62	461	4	75
11/15/2015 14:25	107	128	160	88	483	4	75
11/15/2015 14:30	85	109	149	71	414	4	75
11/15/2015 14:35	102	114	146	88	450	4	75
11/15/2015 14:40	112	120	150	103	485	4	75
11/15/2015 14:45	117	97	130	107	451	4	75
11/15/2015 14:50	120	115	155	102	492	4	75
11/15/2015 14:55	97	127	145	83	452	4	75
11/15/2015 15:00	101	116	137	80	434	4	75
11/15/2015 15:05	109	105	122	82	418	4	75
11/15/2015 15:10	103	111	119	92	425	4	75
11/15/2015 15:15	108	108	134	99	449	4	75
11/15/2015 15:20	117	142	148	97	504	4	75
11/15/2015 15:25	111	108	136	97	452	4	75
11/15/2015 15:30	115	97	130	96	438	4	75
11/15/2015 15:35	111	118	143	102	474	4	75
11/15/2015 15:40	119	123	125	95	462	4	75
11/15/2015 15:45	111	109	123	87	430	4	75
11/15/2015 15:50	107	103	127	98	435	4	75
11/15/2015 15:55	101	88	130	92	411	4	75
11/15/2015 16:00	88	116	141	77	422	4	75
11/15/2015 16:05	95	105	153	83	436	4	75
11/15/2015 16:10	99	100	131	84	414	4	75
11/15/2015 16:15	106	114	128	88	436	4	75
11/15/2015 16:20	111	118	120	96	445	4	75
11/15/2015 16:25	112	103	124	93	432	4	75
11/15/2015 16:30	103	104	130	90	427	4	75
11/15/2015 16:35	111	110	139	101	461	4	75
11/15/2015 16:40	106	116	148	97	467	4	75
11/15/2015 16:45	99	103	142	90	434	4	75
11/15/2015 16:50	98	113	146	89	446	4	75
11/15/2015 16:55	93	106	134	70	403	4	75
11/15/2015 17:00	94	126	143	57	420	4	75
11/15/2015 17:05	99	118	140	67	424	4	75
11/15/2015 17:10	84	115	123	48	370	4	75
11/15/2015 17:15	86	114	157	60	417	4	75
11/15/2015 17:20	100	115	173	81	469	4	75
11/15/2015 17:25	95	103	155	78	431	4	75
11/15/2015 17:30	100	110	135	63	408	4	75
11/15/2015 17:35	85	122	123	57	387	4	75
11/15/2015 17:40	95	120	138	52	405	4	75
11/15/2015 17:45	74	93	124	50	341	4	75
11/15/2015 17:50	86	103	127	47	363	4	75
11/15/2015 17:55	87	120	144	63	414	4	75
11/15/2015 18:00	74	111	126	41	352	4	75
11/15/2015 18:05	99	113	131	48	391	4	75
11/15/2015 18:10	98	112	140	56	406	4	75
11/15/2015 18:15	97	108	142	56	403	4	75
11/15/2015 18:20	87	125	137	45	394	4	75
11/15/2015 18:25	97	111	144	54	406	4	75
11/15/2015 18:30	71	98	124	60	353	4	75
11/15/2015 18:35	87	121	136	58	402	4	75
11/15/2015 18:40	91	106	126	43	366	4	75
11/15/2015 18:45	89	110	128	60	387	4	75
11/15/2015 18:50	88	109	129	54	380	4	75
11/15/2015 18:55	91	111	130	53	385	4	75
11/15/2015 19:00	73	106	123	46	348	4	75
11/15/2015 19:05	79	120	132	59	390	4	75
11/15/2015 19:10	94	114	156	53	417	4	75
11/15/2015 19:15	102	113	148	57	420	4	75
11/15/2015 19:20	84	108	120	42	354	4	75
11/15/2015 19:25	93	111	131	50	385	4	75
11/15/2015 19:30	92	109	121	40	362	4	75
11/15/2015 19:35	100	125	152	63	440	4	75
11/15/2015 19:40	105	108	127	57	397	4	75
11/15/2015 19:45	80	102	130	42	354	4	75
11/15/2015 19:50	91	110	164	70	435	4	75
11/15/2015 19:55	93	96	127	51	367	4	75
11/15/2015 20:00	98	101	146	46	391	4	75
11/15/2015 20:05	78	100	113	33	324	4	75
11/15/2015 20:10	78	117	127	53	375	4	75
11/15/2015 20:15	93	99	133	41	366	4	75
11/15/2015 20:20	87	126	151	66	430	4	75
11/15/2015 20:25	84	101	123	41	349	4	75
11/15/2015 20:30	83	97	123	48	351	4	75
11/15/2015 20:35	84	93	117	41	335	4	75
11/15/2015 20:40	75	103	127	47	352	4	75
11/15/2015 20:45	81	109	117	44	351	4	75
11/15/2015 20:50	76	108	113	42	339	4	75
11/15/2015 20:55	95	103	158	57	413	4	75
11/15/2015 21:00	81	87	127	41	336	4	75
11/15/2015 21:05	78	94	101	36	309	4	75
11/15/2015 21:10	84	104	134	51	373	4	75
11/15/2015 21:15	84	112	138	43	377	4	75
11/15/2015 21:20	84	116	131	34	365	4	75
11/15/2015 21:25	96	100	146	44	386	4	75
11/15/2015 21:30	113	130	179	66	488	4	75
11/15/2015 21:35	81	80	128	42	331	4	75
11/15/2015 21:40	75	103	137	39	354	4	75
11/15/2015 21:45	72	91	93	29	285	4	75
11/15/2015 21:50	80	87	120	37	324	4	75
11/15/2015 21:55	80	90	114	32	316	4	75
11/15/2015 22:00	72	84	129	43	328	4	75
11/15/2015 22:05	54	91	120	34	299	4	75
11/15/2015 22:10	73	88	125	33	319	4	75
11/15/2015 22:15	62	83	121	37	303	4	75
11/15/2015 22:20	65	73	130	44	312	4	75
11/15/2015 22:25	65	77	132	47	321	4	75
11/15/2015 22:30	64	74	107	37	282	4	75
11/15/2015 22:35	59	67	86	24	236	4	75
11/15/2015 22:40	70	68	92	25	255	4	75
11/15/2015 22:45	59	73	109	37	278	4	75
11/15/2015 22:50	48	73	85	29	235	4	75
11/15/2015 22:55	42	63	77	27	209	4	75
11/15/2015 23:00	56	48	67	18	189	4	75
11/15/2015 23:05	54	67	110	23	254	4	75
11/15/2015 23:10	46	63	77	16	202	4	75
11/15/2015 23:15	42	71	71	26	210	4	75
11/15/2015 23:20	54	70	87	26	237	4	75
11/15/2015 23:25	42	45	83	27	197	4	75
11/15/2015 23:30	52	56	71	20	199	4	75
11/15/2015 23:35	49	53	87	29	218	4	75
11/15/2015 23:40	39	60	75	20	194	4	75
11/15/2015 23:45	42	57	63	10	172	4	75
11/15/2015 23:50	54	50	80	30	214	4	75
11/15/2015 23:55	29	56	67	17	169	4	75
