5 Minutes	Lane 1 Occ (%)	Lane 2 Occ (%)	Lane 3 Occ (%)	Lane 4 Occ (%)	Occupancy (%)	# Lane Points	% Observed
11/09/2015 00:00	3.69	2.75	4.33	4.25	3.76	4	100
11/09/2015 00:05	3.62	2.54	4.28	3.42	3.47	4	100
11/09/2015 00:10	3.52	2.47	4.08	2.76	3.21	4	100
11/09/2015 00:15	3.51	2.14	3.66	3.47	3.19	4	100
11/09/2015 00:20	3.32	2.07	3.47	3.19	3.01	4	100
11/09/2015 00:25	2.35	1.92	3.2	3.79	2.82	4	100
11/09/2015 00:30	3.37	2.78	3.76	2.44	3.09	4	100
11/09/2015 00:35	2.75	2.38	2.97	3.1	2.8	4	100
11/09/2015 00:40	2.18	1.8	2.29	2.75	2.26	4	100
11/09/2015 00:45	2.26	1.81	3.04	1.98	2.27	4	100
11/09/2015 00:50	1.94	1.4	2.13	2.89	2.09	4	100
11/09/2015 00:55	2.13	1.33	2.29	2.3	2.01	4	100
11/09/2015 01:00	.71	1.1	1.15	1.04	1	4	0
11/09/2015 01:05	.71	1.1	1.15	1.04	1	4	0
11/09/2015 01:10	.7	1.09	1.13	1.03	.99	4	0
11/09/2015 01:15	1.22	1.04	1.58	2.6	1.61	4	100
11/09/2015 01:20	1.6	1.28	1.99	2.63	1.87	4	100
11/09/2015 01:25	1.21	1.37	1.28	3.2	1.76	4	100
11/09/2015 01:30	.52	.41	1.29	1.86	1.02	4	100
11/09/2015 01:35	.53	.79	1.21	1.58	1.03	4	100
11/09/2015 01:40	1.06	1.06	2.78	1.32	1.56	4	100
11/09/2015 01:45	1.41	1.3	1.83	2.22	1.69	4	100
11/09/2015 01:50	.83	.62	1.27	1.49	1.05	4	100
11/09/2015 01:55	.48	.87	1.45	3.02	1.46	4	100
11/09/2015 02:00	.61	.47	1.35	.98	.85	4	100
11/09/2015 02:05	.59	.84	.7	1.68	.95	4	100
11/09/2015 02:10	.94	.91	2.07	1.83	1.44	4	100
11/09/2015 02:15	.8	1.04	1.25	1.41	1.12	4	100
11/09/2015 02:20	.71	.82	1.35	1.9	1.19	4	100
11/09/2015 02:25	.72	.27	1.25	.97	.8	4	100
11/09/2015 02:30	.53	.7	1.24	1.1	.89	4	100
11/09/2015 02:35	.57	.46	.75	1.76	.89	4	100
11/09/2015 02:40	1.04	.75	1.51	1.59	1.22	4	100
11/09/2015 02:45	.74	.38	.91	.87	.72	4	100
11/09/2015 02:50	.71	.61	.85	.68	.71	4	100
11/09/2015 02:55	.6	.34	.79	1.58	.83	4	100
11/09/2015 03:00	.32	.6	.97	3.01	1.23	4	100
11/09/2015 03:05	.71	.43	.83	1.1	.77	4	100
11/09/2015 03:10	.41	.31	1.12	.54	.6	4	100
11/09/2015 03:15	.44	.36	1.45	1.49	.94	4	100
11/09/2015 03:20	.4	.47	1.11	1.36	.83	4	100
11/09/2015 03:25	.89	.52	1.74	1.5	1.16	4	100
11/09/2015 03:30	.81	.64	1.92	1.5	1.22	4	100
11/09/2015 03:35	.48	.76	1.26	1.52	1	4	100
11/09/2015 03:40	.73	.67	.98	3.04	1.35	4	100
11/09/2015 03:45	.67	.84	1.33	1.65	1.12	4	100
11/09/2015 03:50	.87	.89	1.21	1.52	1.12	4	100
11/09/2015 03:55	.87	.5	.97	1.36	.92	4	100
11/09/2015 04:00	.63	.61	1.78	1.47	1.12	4	100
11/09/2015 04:05	1.18	1.08	1.82	1.8	1.47	4	100
11/09/2015 04:10	2.44	1.59	2.84	1.56	2.11	4	100
11/09/2015 04:15	1.28	1.15	1.58	1.3	1.33	4	100
11/09/2015 04:20	1.45	1.51	2.86	1.5	1.83	4	100
11/09/2015 04:25	2.09	1.61	3.01	2.52	2.31	4	100
11/09/2015 04:30	1.7	1.41	1.58	3.22	1.98	4	100
11/09/2015 04:35	2.18	2.15	2.99	2.19	2.38	4	100
11/09/2015 04:40	2.69	1.7	2.81	2.71	2.48	4	100
11/09/2015 04:45	2.74	1.82	2.06	2.49	2.28	4	100
11/09/2015 04:50	3.67	2.24	3.87	3.54	3.33	4	100
11/09/2015 04:55	2.6	1.87	2.26	2.17	2.22	4	100
11/09/2015 05:00	4.05	2.54	3.67	2.64	3.23	4	100
11/09/2015 05:05	3.79	2.15	4.69	3.68	3.58	4	100
11/09/2015 05:10	4.5	2.45	3.72	2.6	3.32	4	100
11/09/2015 05:15	5.88	3.22	4.21	4.2	4.38	4	100
11/09/2015 05:20	5.62	3.29	3.84	3.3	4.01	4	100
11/09/2015 05:25	7.02	3.77	4.24	4.58	4.9	4	100
11/09/2015 05:30	7.64	3.6	5.79	4.61	5.41	4	100
11/09/2015 05:35	7.65	4.17	5.4	6.56	5.95	4	100
11/09/2015 05:40	8.63	4.04	6.98	5.24	6.22	4	100
11/09/2015 05:45	7.26	3.79	6.69	5.11	5.71	4	100
11/09/2015 05:50	9.05	4.42	6.09	6.3	6.46	4	100
11/09/2015 05:55	7.02	4.27	6.11	5.35	5.69	4	100
11/09/2015 06:00	8.48	4.58	6.09	6.5	6.41	4	100
11/09/2015 06:05	6.41	3.48	4.94	4.43	4.81	4	100
11/09/2015 06:10	8.42	4.85	7.46	5.12	6.46	4	100
11/09/2015 06:15	7.96	3.82	6.29	5.74	5.95	4	100
11/09/2015 06:20	8.58	4.74	8.02	5.62	6.74	4	100
11/09/2015 06:25	8.82	4.71	7.78	7.13	7.11	4	100
11/09/2015 06:30	11.39	5.74	7.4	8.43	8.24	4	100
11/09/2015 06:35	10.29	5.45	9.45	7.62	8.2	4	100
11/09/2015 06:40	11.94	6.02	10.23	6.96	8.79	4	100
11/09/2015 06:45	9.56	5.29	8.32	8.1	7.82	4	100
11/09/2015 06:50	10.01	5.61	8.25	8.17	8.01	4	100
11/09/2015 06:55	10.26	6.91	8.28	7.6	8.26	4	100
11/09/2015 07:00	10.1	5.91	8.15	8.56	8.18	4	100
11/09/2015 07:05	12.77	6.71	11.54	9.83	10.21	4	100
11/09/2015 07:10	13.38	6.12	12.25	11.95	10.92	4	100
11/09/2015 07:15	14.09	7.34	10.99	9.56	10.5	4	100
11/09/2015 07:20	11.3	6.52	10.29	10.56	9.67	4	100
11/09/2015 07:25	11.53	6.21	10.7	9.71	9.54	4	100
11/09/2015 07:30	13.77	6.8	10.77	8.45	9.95	4	100
11/09/2015 07:35	14.4	9.71	16.17	13.46	13.43	4	100
11/09/2015 07:40	29.15	20.6	29.96	30.19	27.47	4	100
11/09/2015 07:45	24.47	14.48	19.21	18.97	19.28	4	100
11/09/2015 07:50	16.17	7.75	10.94	10.32	11.3	4	100
11/09/2015 07:55	10.73	7.32	9.5	9.6	9.29	4	100
11/09/2015 08:00	10.54	6.37	10.36	9.4	9.17	4	100
11/09/2015 08:05	13.84	7.46	11.71	11.54	11.14	4	100
11/09/2015 08:10	13.5	8.13	13.35	12.76	11.93	4	100
11/09/2015 08:15	13.8	7.72	11.39	10.26	10.79	4	100
11/09/2015 08:20	13.2	7.48	10.74	9.68	10.28	4	100
11/09/2015 08:25	14.08	7.67	11.5	7.8	10.26	4	100
11/09/2015 08:30	15.48	8.15	12.02	9.53	11.3	4	100
11/09/2015 08:35	13.86	7.76	10.95	9.43	10.5	4	100
11/09/2015 08:40	14.6	7.96	10	9.55	10.53	4	100
11/09/2015 08:45	14.46	7.79	11.66	8.81	10.68	4	100
11/09/2015 08:50	12.37	7.33	11.59	10.75	10.51	4	100
11/09/2015 08:55	13.8	7.64	9.71	11.33	10.62	4	100
11/09/2015 09:00	12.61	6.82	10.13	9.25	9.7	4	100
11/09/2015 09:05	11.52	6.11	9.43	9.06	9.03	4	100
11/09/2015 09:10	13.06	6.7	11.58	9.23	10.14	4	100
11/09/2015 09:15	12.63	6.93	9.96	10.1	9.9	4	100
11/09/2015 09:20	12.3	8.02	11.58	10.37	10.57	4	100
11/09/2015 09:25	15.67	7.11	12.33	10.67	11.45	4	100
11/09/2015 09:30	13.05	7.52	11.41	10.2	10.54	4	100
11/09/2015 09:35	13.48	6.8	12.24	12.17	11.17	4	100
11/09/2015 09:40	13.15	6.75	10.44	8.95	9.82	4	100
11/09/2015 09:45	11.13	6.68	10.09	8.92	9.2	4	100
11/09/2015 09:50	10.44	5.94	9.47	9.18	8.76	4	100
11/09/2015 09:55	11.8	6.22	10.64	10.72	9.84	4	100
11/09/2015 10:00	11.17	5.5	10.32	9.23	9.05	4	100
11/09/2015 10:05	10.63	7.24	11.55	7.91	9.33	4	100
11/09/2015 10:10	14.57	7.19	11.85	9.83	10.86	4	100
11/09/2015 10:15	15.51	7.94	14.46	11.38	12.32	4	100
11/09/2015 10:20	14.35	7.29	12.71	9.91	11.06	4	100
11/09/2015 10:25	14.95	8.12	13.25	10.68	11.75	4	100
11/09/2015 10:30	11.86	6.87	12.45	9.74	10.23	4	100
11/09/2015 10:35	14.14	9.08	13.59	13.21	12.5	4	100
11/09/2015 10:40	17.28	9.82	20.44	14.79	15.58	4	100
11/09/2015 10:45	21.77	12.88	23.36	17.61	18.91	4	100
11/09/2015 10:50	20.36	11.56	19.16	15.86	16.73	4	100
11/09/2015 10:55	22.41	12.79	23.8	20.2	19.8	4	100
11/09/2015 11:00	15.66	9.33	15.58	14.37	13.73	4	100
11/09/2015 11:05	17	9.22	15.01	12.87	13.53	4	100
11/09/2015 11:10	13.32	8.13	11.77	11.63	11.21	4	100
11/09/2015 11:15	14.25	7.65	11.94	11.63	11.37	4	100
11/09/2015 11:20	14.52	7.72	12.92	14.51	12.42	4	100
11/09/2015 11:25	17.25	9.04	13.13	12.87	13.07	4	100
11/09/2015 11:30	12.05	6.23	13.6	12.14	11	4	100
11/09/2015 11:35	11.44	7.27	13.35	11.94	11	4	100
11/09/2015 11:40	13.01	7.89	13.1	10.76	11.19	4	100
11/09/2015 11:45	12.71	6.48	12.29	10.04	10.38	4	100
11/09/2015 11:50	12.68	7.17	13.29	12.48	11.41	4	100
11/09/2015 11:55	11.99	6.63	11.24	10.57	10.11	4	100
11/09/2015 12:00	12.09	6.8	12.17	14.17	11.31	4	100
11/09/2015 12:05	12.72	7.06	14.11	10.47	11.09	4	100
11/09/2015 12:10	14.33	7.75	14.14	10.87	11.77	4	100
11/09/2015 12:15	12.79	6.86	11.88	12.47	11	4	100
11/09/2015 12:20	12.54	7.24	13.56	11.33	11.17	4	100
11/09/2015 12:25	13.09	7.99	13.66	10.76	11.37	4	100
11/09/2015 12:30	20.57	11.44	14.83	13.59	15.11	4	100
11/09/2015 12:35	12.16	7.12	13.34	10.47	10.77	4	100
11/09/2015 12:40	13.09	8.06	12.76	11.81	11.43	4	100
11/09/2015 12:45	13.64	6.73	10.62	10.86	10.46	4	100
11/09/2015 12:50	14.43	7.9	14.35	10.68	11.84	4	100
11/09/2015 12:55	12.09	7.94	10.78	11.05	10.46	4	100
11/09/2015 13:00	13.63	7.35	12.72	12.63	11.58	4	100
11/09/2015 13:05	12.79	7.25	13.85	13.42	11.83	4	100
11/09/2015 13:10	12.95	7.52	13.49	12.02	11.49	4	100
11/09/2015 13:15	14.47	7.79	14.88	11.63	12.19	4	100
11/09/2015 13:20	16.53	9.4	12.81	14.35	13.27	4	100
11/09/2015 13:25	13.13	8.15	11.74	11.9	11.23	4	100
11/09/2015 13:30	14.79	7.48	13.01	11.55	11.71	4	100
11/09/2015 13:35	16.52	8.13	14.88	12.28	12.95	4	100
11/09/2015 13:40	14.27	7.52	14.96	13.05	12.45	4	100
11/09/2015 13:45	15.48	7.37	13.44	11.98	12.07	4	100
11/09/2015 13:50	15.61	7.42	13.03	13.74	12.45	4	100
11/09/2015 13:55	15.25	8.18	14.35	13.72	12.88	4	100
11/09/2015 14:00	17.83	22.87	14.75	14.28	17.43	4	100
11/09/2015 14:05	23.75	14.22	18.48	15.32	17.94	4	100
11/09/2015 14:10	22.86	15.21	21.88	18.83	19.7	4	100
11/09/2015 14:15	17.83	9.45	17.65	16.65	15.4	4	100
11/09/2015 14:20	18.86	10.68	18.39	18.03	16.49	4	100
11/09/2015 14:25	18.32	11.48	18.49	18.14	16.61	4	100
11/09/2015 14:30	26.07	13.62	21.39	20.12	20.3	4	100
11/09/2015 14:35	20	12.25	19.14	17.66	17.26	4	100
11/09/2015 14:40	27.23	15.84	24.24	22.31	22.4	4	100
11/09/2015 14:45	28.58	13.55	28.38	23.85	23.59	4	100
11/09/2015 14:50	24.33	14.43	20.98	20.37	20.03	4	100
11/09/2015 14:55	33.4	15.49	23.39	22.5	23.69	4	100
11/09/2015 15:00	23.2	13.37	22.03	19.14	19.44	4	100
11/09/2015 15:05	30.09	17.54	25.33	25.8	24.69	4	100
11/09/2015 15:10	31.17	16.67	22.72	19.94	22.63	4	100
11/09/2015 15:15	24.21	14.05	25.53	20.81	21.15	4	100
11/09/2015 15:20	28.34	15.22	24.4	20.26	22.05	4	100
11/09/2015 15:25	20.61	11.63	19.4	17.45	17.27	4	100
11/09/2015 15:30	29.16	15.89	27.7	23.03	23.94	4	100
11/09/2015 15:35	20.67	12.83	19.01	19.23	17.93	4	100
11/09/2015 15:40	33.53	17.17	26.28	20.06	24.26	4	100
11/09/2015 15:45	27.45	17.1	28.05	23.88	24.12	4	100
11/09/2015 15:50	24.36	14.16	23.49	19.67	20.42	4	100
11/09/2015 15:55	32.79	18.39	28.78	23.1	25.77	4	100
11/09/2015 16:00	28.02	15.65	25.82	20.84	22.58	4	100
11/09/2015 16:05	26.52	17.2	28.63	23.52	23.97	4	100
11/09/2015 16:10	30.66	16	23.99	18.78	22.36	4	100
11/09/2015 16:15	42.55	22.17	33.96	27.87	31.64	4	100
11/09/2015 16:20	36.95	16.78	29.71	28.69	28.03	4	100
11/09/2015 16:25	29.23	16.98	25.9	23.12	23.81	4	100
11/09/2015 16:30	38.37	23.59	31.83	28.94	30.68	4	100
11/09/2015 16:35	41.34	22.2	45.18	37.04	36.44	4	100
11/09/2015 16:40	40.76	21.21	36.45	29.86	32.07	4	100
11/09/2015 16:45	32.81	18.9	30.5	32.77	28.74	4	100
11/09/2015 16:50	33.58	22.14	32.44	24.13	28.07	4	100
11/09/2015 16:55	32.87	16.98	28.7	30.49	27.26	4	100
11/09/2015 17:00	43.98	25.34	42.55	41.57	38.36	4	100
11/09/2015 17:05	36.32	22.5	35.37	34.87	32.26	4	100
11/09/2015 17:10	30.01	22.55	37.05	32.63	30.56	4	100
11/09/2015 17:15	46.36	25.31	40.23	41.25	38.29	4	100
11/09/2015 17:20	38.39	20.84	30.54	35.8	31.39	4	100
11/09/2015 17:25	31.96	25.3	34.79	38.67	32.68	4	100
11/09/2015 17:30	48.95	21.83	42.77	47.33	40.22	4	100
11/09/2015 17:35	32.42	18.98	36.34	32.32	30.01	4	100
11/09/2015 17:40	44.13	23.39	43.41	33.18	36.03	4	100
11/09/2015 17:45	40.71	23.29	43.14	38.76	36.48	4	100
11/09/2015 17:50	34.64	18.99	39.17	33.27	31.52	4	100
11/09/2015 17:55	34.96	19.86	31.01	26.94	28.19	4	100
11/09/2015 18:00	35.51	22.65	30.78	25.21	28.54	4	100
11/09/2015 18:05	45.13	23.74	44.45	37.08	37.6	4	100
11/09/2015 18:10	32.87	20.76	32.22	33.56	29.85	4	100
11/09/2015 18:15	44.09	21.54	47.4	37.56	37.65	4	100
11/09/2015 18:20	36.02	20.33	40.41	32.38	32.28	4	100
11/09/2015 18:25	33.78	21.48	33.75	36.32	31.33	4	100
11/09/2015 18:30	39.28	26.48	44.8	35.51	36.52	4	100
11/09/2015 18:35	43.4	21.15	36.33	35.35	34.06	4	100
11/09/2015 18:40	39.53	21.56	31.52	30.72	30.83	4	100
11/09/2015 18:45	45.71	27.66	39.46	47.52	40.09	4	100
11/09/2015 18:50	30.45	20.29	33.02	28.36	28.03	4	100
11/09/2015 18:55	38.58	17.39	34.08	23.73	28.44	4	100
11/09/2015 19:00	32.13	17.04	33.1	21.21	25.87	4	100
11/09/2015 19:05	41.67	23.06	44.49	45.87	38.77	4	100
11/09/2015 19:10	32.94	18.1	32.64	28.65	28.08	4	100
11/09/2015 19:15	36.28	17	23.35	20.33	24.24	4	100
11/09/2015 19:20	42.79	20.37	26.36	28.02	29.39	4	100
11/09/2015 19:25	33.33	17.82	23.07	22.26	24.12	4	100
11/09/2015 19:30	43.2	23.04	42.82	35.97	36.26	4	100
11/09/2015 19:35	33.54	18.85	32.27	30.87	28.88	4	100
11/09/2015 19:40	24.06	12.67	18.8	17.74	18.32	4	100
11/09/2015 19:45	31.65	14.02	20.8	15.59	20.51	4	100
11/09/2015 19:50	20.03	9.63	13.97	11.88	13.88	4	100
11/09/2015 19:55	10.51	6.36	10.21	10.8	9.47	4	100
11/09/2015 20:00	9.58	5.87	8.87	8.96	8.32	4	100
11/09/2015 20:05	9.29	5.44	9.33	9.17	8.31	4	100
11/09/2015 20:10	11.83	7.4	12.63	11.87	10.93	4	100
11/09/2015 20:15	11.27	7.32	12.45	12.18	10.81	4	100
11/09/2015 20:20	10.83	6.52	12.27	23.78	13.35	4	100
11/09/2015 20:25	9.87	6.52	12.05	11.03	9.87	4	100
11/09/2015 20:30	10.93	6.72	11.94	10.55	10.03	4	100
11/09/2015 20:35	8.55	5.41	9.21	8.27	7.86	4	100
11/09/2015 20:40	9.72	6.25	9	9.44	8.6	4	100
11/09/2015 20:45	7.08	5.18	9.26	7.61	7.28	4	100
11/09/2015 20:50	9.02	5.66	10.79	10.01	8.87	4	100
11/09/2015 20:55	8.91	4.67	8.59	7.86	7.51	4	100
11/09/2015 21:00	10.19	5.88	10.25	10.27	9.15	4	100
11/09/2015 21:05	8.9	5.22	10.57	8.35	8.26	4	100
11/09/2015 21:10	8.95	5.75	9.5	8.5	8.18	4	100
11/09/2015 21:15	9.25	5.42	9.15	8.89	8.18	4	100
11/09/2015 21:20	10.06	5.95	10.27	9.6	8.97	4	100
11/09/2015 21:25	7.2	4.57	8.8	10.06	7.66	4	100
11/09/2015 21:30	9.94	5.59	10.15	9.04	8.68	4	100
11/09/2015 21:35	7.83	5.27	8.16	7.99	7.31	4	100
11/09/2015 21:40	7.56	5.75	9.39	8.24	7.74	4	100
11/09/2015 21:45	8.53	5.03	8.82	8.77	7.79	4	100
11/09/2015 21:50	7.86	5.69	10.92	9.17	8.41	4	100
11/09/2015 21:55	7.4	4.51	7.84	9.56	7.33	4	100
11/09/2015 22:00	6.99	4.41	6.15	5.79	5.83	4	100
11/09/2015 22:05	8.12	4.38	8.81	7.83	7.28	4	100
11/09/2015 22:10	8.06	4.51	7.6	8.3	7.12	4	100
11/09/2015 22:15	7.8	4.6	9.35	8.14	7.47	4	100
11/09/2015 22:20	6.5	4.14	7.26	6.62	6.13	4	100
11/09/2015 22:25	6.52	4.68	9.1	7.43	6.93	4	100
11/09/2015 22:30	6.8	4.29	8.42	8.27	6.94	4	100
11/09/2015 22:35	5.71	4.79	6.69	6.72	5.98	4	100
11/09/2015 22:40	5.11	3.87	6.56	6.52	5.51	4	100
11/09/2015 22:45	6.1	3.87	7.14	5.52	5.66	4	100
11/09/2015 22:50	5.62	2.6	6.21	5.79	5.05	4	100
11/09/2015 22:55	6.83	4.42	7.57	6.95	6.44	4	100
11/09/2015 23:00	5.62	4.65	5.99	5.3	5.39	4	100
11/09/2015 23:05	4.88	3.69	6.71	6.02	5.32	4	100
11/09/2015 23:10	4.84	3.64	5.38	5.59	4.86	4	100
11/09/2015 23:15	5.13	3.17	6.16	5.27	4.93	4	100
11/09/2015 23:20	5.25	2.85	6.33	5.21	4.91	4	100
11/09/2015 23:25	4.51	2.96	5.53	4.71	4.43	4	100
11/09/2015 23:30	4.13	2.63	5.6	4.87	4.31	4	100
11/09/2015 23:35	3.07	2.38	3.58	4.15	3.3	4	100
11/09/2015 23:40	2.77	2.48	4.38	3.83	3.36	4	100
11/09/2015 23:45	3.54	2.51	5.35	5.08	4.12	4	100
11/09/2015 23:50	2.1	2.28	4.18	3.71	3.07	4	100
11/09/2015 23:55	2.86	2.25	4.33	4.2	3.41	4	100
11/10/2015 00:00	2.42	1.94	3.19	4.21	2.94	4	100
11/10/2015 00:05	2.77	2.63	5.14	3.89	3.61	4	100
11/10/2015 00:10	2.22	2.32	3.81	3.91	3.06	4	100
11/10/2015 00:15	2.97	2.01	3.23	3.8	3	4	100
11/10/2015 00:20	2.22	1.78	2.48	2.67	2.29	4	100
11/10/2015 00:25	2.77	2.38	3.93	2.46	2.89	4	100
11/10/2015 00:30	2.36	1.59	3.01	2.63	2.4	4	100
11/10/2015 00:35	2.4	1.62	2.72	3	2.44	4	100
11/10/2015 00:40	1.64	1.24	2.17	2.98	2.01	4	100
11/10/2015 00:45	1.23	1.48	3.09	3.3	2.27	4	100
11/10/2015 00:50	1.9	1.18	1.98	2.04	1.78	4	100
11/10/2015 00:55	1.17	.95	2.33	2.82	1.82	4	100
11/10/2015 01:00	.72	1.11	1.16	1.05	1.01	4	0
11/10/2015 01:05	.72	1.11	1.16	1.05	1.01	4	0
11/10/2015 01:10	.71	1.1	1.15	1.04	1	4	0
11/10/2015 01:15	.89	1.07	2.25	2.44	1.66	4	100
11/10/2015 01:20	1.05	.65	1.2	1.76	1.17	4	100
11/10/2015 01:25	1.4	1.24	1.61	4.13	2.09	4	100
11/10/2015 01:30	1.55	1.18	1.98	1.89	1.65	4	100
11/10/2015 01:35	.74	1.1	1.87	2.21	1.48	4	100
11/10/2015 01:40	.71	1.24	2.2	1.66	1.45	4	100
11/10/2015 01:45	.95	1.17	2.62	2.15	1.72	4	100
11/10/2015 01:50	.83	1.05	2.37	1.56	1.45	4	100
11/10/2015 01:55	1.08	.63	.79	2.54	1.26	4	100
11/10/2015 02:00	.85	1	1.78	1.5	1.28	4	100
11/10/2015 02:05	1.41	1.07	1.62	1.95	1.51	4	100
11/10/2015 02:10	.86	.58	1.57	2.11	1.28	4	100
11/10/2015 02:15	.32	1.05	1.13	.77	.82	4	100
11/10/2015 02:20	.41	.41	1.71	2.7	1.31	4	100
11/10/2015 02:25	.41	.61	1.27	2.36	1.16	4	100
11/10/2015 02:30	.53	.79	1.9	2.43	1.41	4	100
11/10/2015 02:35	.32	.4	1.76	1.25	.93	4	100
11/10/2015 02:40	.74	.72	1.75	1.63	1.21	4	100
11/10/2015 02:45	.67	.82	1.25	1.6	1.09	4	100
11/10/2015 02:50	.87	.86	2.07	1.93	1.43	4	100
11/10/2015 02:55	.93	.6	1.15	1.69	1.09	4	100
11/10/2015 03:00	.33	.36	1.28	1.35	.83	4	100
11/10/2015 03:05	.38	.68	1.16	1	.8	4	100
11/10/2015 03:10	.6	.63	1.67	2.25	1.29	4	100
11/10/2015 03:15	.41	.62	1.01	.9	.74	4	100
11/10/2015 03:20	.83	.65	.93	2.98	1.35	4	100
11/10/2015 03:25	.44	.67	1.31	2.02	1.11	4	100
11/10/2015 03:30	.86	.56	.98	2.02	1.11	4	100
11/10/2015 03:35	.54	.76	2.08	2	1.35	4	100
11/10/2015 03:40	.81	.85	1.21	1.33	1.05	4	100
11/10/2015 03:45	1.13	.45	1.25	1.68	1.13	4	100
11/10/2015 03:50	.91	.95	.72	2.24	1.2	4	100
11/10/2015 03:55	.98	.86	1.31	1.6	1.19	4	100
11/10/2015 04:00	.94	.99	1.23	2.37	1.38	4	100
11/10/2015 04:05	.56	1.24	1.01	1.69	1.12	4	100
11/10/2015 04:10	1.12	.7	2.34	1.33	1.37	4	100
11/10/2015 04:15	1.33	1.23	1.62	2.53	1.68	4	100
11/10/2015 04:20	1.77	1.37	1.52	2.29	1.74	4	100
11/10/2015 04:25	1.5	1.36	3	4.85	2.68	4	100
11/10/2015 04:30	1.85	1.39	1.73	2.17	1.78	4	100
11/10/2015 04:35	1.82	1.6	2.21	3.93	2.39	4	100
11/10/2015 04:40	1.84	1.48	2.06	4.34	2.43	4	100
11/10/2015 04:45	3.06	2.15	3.38	4.36	3.24	4	100
11/10/2015 04:50	3.11	1.75	3.21	2.23	2.57	4	100
11/10/2015 04:55	2.36	1.88	4.1	4.49	3.21	4	100
11/10/2015 05:00	3.52	1.66	3.36	3.06	2.9	4	100
11/10/2015 05:05	4.66	2.55	4.33	3.4	3.74	4	100
11/10/2015 05:10	2.83	1.87	4.37	4.06	3.28	4	100
11/10/2015 05:15	3.48	2.57	3.75	3.07	3.22	4	100
11/10/2015 05:20	4.56	2.92	4.21	3.92	3.9	4	100
11/10/2015 05:25	6.47	3.74	5.74	4.4	5.09	4	100
11/10/2015 05:30	7.18	4.14	5.79	6.6	5.93	4	100
11/10/2015 05:35	6.41	3.33	5.38	5.03	5.04	4	100
11/10/2015 05:40	6.25	3.89	6.93	5.66	5.68	4	100
11/10/2015 05:45	7.01	3.97	6.63	5.34	5.74	4	100
11/10/2015 05:50	7	4.73	6.64	7.12	6.37	4	100
11/10/2015 05:55	6.52	3.75	4.73	5.77	5.19	4	100
11/10/2015 06:00	6.61	3.17	6.02	5.06	5.22	4	100
11/10/2015 06:05	8.04	4.22	6.56	4.35	5.79	4	100
11/10/2015 06:10	7.98	3.98	6.52	6.48	6.24	4	100
11/10/2015 06:15	8.9	4.75	6.94	5.51	6.53	4	100
11/10/2015 06:20	7.96	4.66	5.9	6.94	6.36	4	100
11/10/2015 06:25	9.48	4.62	8.14	6.22	7.11	4	100
11/10/2015 06:30	8.9	4.82	8.67	7.53	7.48	4	100
11/10/2015 06:35	10.57	5.78	9	9	8.59	4	100
11/10/2015 06:40	10.53	6.27	8.48	7.51	8.2	4	100
11/10/2015 06:45	10.54	5.83	8.48	7.52	8.09	4	100
11/10/2015 06:50	11.85	6.56	10.2	10.67	9.82	4	100
11/10/2015 06:55	11.75	5.78	9.52	8.8	8.96	4	100
11/10/2015 07:00	11.79	7.08	10.33	9.02	9.56	4	100
11/10/2015 07:05	13.94	8.08	12.96	10.93	11.48	4	100
11/10/2015 07:10	12.87	7.12	12.66	10.21	10.71	4	100
11/10/2015 07:15	11.57	7.25	11.29	10.83	10.23	4	100
11/10/2015 07:20	12.35	7.79	11.44	11.21	10.7	4	100
11/10/2015 07:25	15.53	7.9	11.66	9.58	11.17	4	100
11/10/2015 07:30	12.58	6.52	10.15	10.42	9.92	4	100
11/10/2015 07:35	15.24	7.47	12.28	11.26	11.56	4	100
11/10/2015 07:40	11.36	6.94	10.66	9.41	9.59	4	100
11/10/2015 07:45	11.16	6.5	9.11	8.56	8.83	4	100
11/10/2015 07:50	11.33	7.71	10.39	9.65	9.77	4	100
11/10/2015 07:55	11.18	6.66	9.78	12.09	9.93	4	100
11/10/2015 08:00	13.32	8.26	11.6	10.45	10.91	4	100
11/10/2015 08:05	13.18	7.03	11.03	8.75	10	4	100
11/10/2015 08:10	13.17	7.84	10.38	8.47	9.97	4	100
11/10/2015 08:15	15.36	7.77	11.9	11.51	11.63	4	100
11/10/2015 08:20	13.14	8.44	11.16	9.69	10.61	4	100
11/10/2015 08:25	11.75	7.27	10.94	10.22	10.04	4	100
11/10/2015 08:30	13.52	8.35	12.85	10.9	11.4	4	100
11/10/2015 08:35	14.35	7.46	12.15	9.02	10.75	4	100
11/10/2015 08:40	13.55	7.44	12.52	10.03	10.89	4	100
11/10/2015 08:45	13.6	8.2	12.29	9.81	10.98	4	100
11/10/2015 08:50	12.97	6.06	9.42	9.17	9.41	4	100
11/10/2015 08:55	11.12	7.02	10.25	10.51	9.73	4	100
11/10/2015 09:00	11.14	6.01	8.94	8.77	8.71	4	100
11/10/2015 09:05	11.29	6.89	9.05	8.9	9.03	4	100
11/10/2015 09:10	10.13	5.61	9.06	7.06	7.96	4	100
11/10/2015 09:15	22.71	6.44	10.3	8.69	12.03	4	100
11/10/2015 09:20	11.35	6.1	9.33	8.72	8.87	4	100
11/10/2015 09:25	13.99	7.25	11.91	9.86	10.75	4	100
11/10/2015 09:30	13.37	7.26	11.07	10.41	10.53	4	100
11/10/2015 09:35	10.39	5.61	8.61	11.11	8.93	4	100
11/10/2015 09:40	12.23	6.48	9.91	8.8	9.35	4	0
11/10/2015 09:45	10.83	5.92	9.75	9.2	8.92	4	0
11/10/2015 09:50	10.66	6.46	9.52	8.97	8.9	4	100
11/10/2015 09:55	11.17	6.45	11.38	11.19	10.05	4	100
11/10/2015 10:00	10.52	5.64	8.63	10.27	8.77	4	100
11/10/2015 10:05	11.09	5.75	9.19	9.04	8.77	4	100
11/10/2015 10:10	12.1	7.41	10.3	9.71	9.88	4	100
11/10/2015 10:15	9.82	5.81	10.63	9.02	8.82	4	100
11/10/2015 10:20	11.82	5.67	11	7.88	9.09	4	100
11/10/2015 10:25	9.98	6.12	9.75	10.95	9.2	4	100
11/10/2015 10:30	11.64	6.78	9.39	8.75	9.14	4	100
11/10/2015 10:35	11.6	6.64	8.56	10.58	9.35	4	100
11/10/2015 10:40	10.72	5.93	9.81	9.91	9.09	4	100
11/10/2015 10:45	10.81	5.71	10.26	7.57	8.59	4	100
11/10/2015 10:50	7.78	3.72	6.28	4.22	5.5	4	100
11/10/2015 10:55	12.2	6.43	10.64	9.46	9.68	4	0
11/10/2015 11:00	11.5	6.33	10.44	10.61	9.72	4	0
11/10/2015 11:05	11.45	6.27	11.21	11.68	10.15	4	100
11/10/2015 11:10	13.61	7.28	15.5	12.28	12.17	4	100
11/10/2015 11:15	18.42	6.95	11.8	10.62	11.95	4	0
11/10/2015 11:20	11.52	5.94	11.51	9.69	9.66	4	0
11/10/2015 11:25	13.76	7.06	10.83	11.96	10.9	4	100
11/10/2015 11:30	11.89	6.64	12.11	10.86	10.38	4	0
11/10/2015 11:35	12.67	7.12	12.14	9.76	10.42	4	0
11/10/2015 11:40	12.67	5.46	12.46	9.4	10	4	100
11/10/2015 11:45	12.79	6.9	11.9	10.3	10.47	4	100
11/10/2015 11:50	12.4	7.14	13.32	12.41	11.32	4	100
11/10/2015 11:55	12.56	6.82	11.17	10.22	10.19	4	100
11/10/2015 12:00	14.49	8.22	15.28	11.76	12.44	4	100
11/10/2015 12:05	13.16	7.02	11.7	12.89	11.19	4	100
11/10/2015 12:10	12.88	6.94	12.75	10.18	10.69	4	100
11/10/2015 12:15	14.17	7.22	12.77	12.05	11.55	4	100
11/10/2015 12:20	14.8	7.94	13.16	11.04	11.73	4	100
11/10/2015 12:25	15.65	8.5	18.7	13.71	14.14	4	100
11/10/2015 12:30	22.29	10.11	15.55	12.81	15.19	4	100
11/10/2015 12:35	14.87	9.29	15.51	14.36	13.51	4	100
11/10/2015 12:40	16.8	9.25	16.39	12.68	13.78	4	100
11/10/2015 12:45	14.7	7.63	12.4	13.75	12.12	4	100
11/10/2015 12:50	15.7	9.46	15.96	12.66	13.45	4	100
11/10/2015 12:55	17.27	9.04	15.77	13.59	13.92	4	100
11/10/2015 13:00	14.84	7.79	14.59	12.19	12.35	4	100
11/10/2015 13:05	14.8	9.39	15.91	13.67	13.44	4	100
11/10/2015 13:10	16.52	8.7	16.81	13.08	13.78	4	100
11/10/2015 13:15	16.86	7.85	16	11.64	13.09	4	100
11/10/2015 13:20	15.5	8.98	13.14	14.45	13.02	4	100
11/10/2015 13:25	15.79	9.15	15.16	10.78	12.72	4	100
11/10/2015 13:30	16.66	9.72	16.87	12.71	13.99	4	100
11/10/2015 13:35	18.59	10.72	15.4	14.49	14.8	4	100
11/10/2015 13:40	30.77	13.2	21.17	17.41	20.64	4	100
11/10/2015 13:45	20.71	12.65	20.49	19.24	18.27	4	100
11/10/2015 13:50	20.51	10.5	17.01	19.1	16.78	4	100
11/10/2015 13:55	18.44	9.78	18.1	16.81	15.78	4	100
11/10/2015 14:00	21.87	13.86	20.06	18.59	18.6	4	100
11/10/2015 14:05	25.44	11.44	20.59	19.07	19.13	4	100
11/10/2015 14:10	25.71	13.3	19.86	18.91	19.45	4	100
11/10/2015 14:15	22.49	12.24	19.22	16.19	17.54	4	100
11/10/2015 14:20	17.25	11.28	20.52	20.19	17.31	4	100
11/10/2015 14:25	18.67	11.06	19.83	20.82	17.59	4	100
11/10/2015 14:30	20.69	13.58	21.67	18.56	18.62	4	100
11/10/2015 14:35	29.76	14.65	25.69	23.24	23.34	4	100
11/10/2015 14:40	18.17	11.14	19.34	17.54	16.55	4	100
11/10/2015 14:45	33.22	16.68	22.7	22.44	23.76	4	100
11/10/2015 14:50	26.8	13.78	21.01	19.65	20.31	4	100
11/10/2015 14:55	33.29	16.3	34.79	27.06	27.86	4	100
11/10/2015 15:00	31.64	16.76	28.11	23.56	25.02	4	100
11/10/2015 15:05	28.89	16.39	27.18	27.9	25.09	4	100
11/10/2015 15:10	26.59	17.83	27.99	23.73	24.04	4	100
11/10/2015 15:15	31.52	16.4	25.42	20.98	23.58	4	100
11/10/2015 15:20	32.49	23.05	26.19	25.51	26.81	4	100
11/10/2015 15:25	44.4	20.59	33.4	28.38	31.69	4	100
11/10/2015 15:30	26.76	16.45	26.54	24.75	23.63	4	100
11/10/2015 15:35	29.24	14.99	27.41	23.36	23.75	4	100
11/10/2015 15:40	32.13	18.63	35.15	30.93	29.21	4	100
11/10/2015 15:45	50.53	26.67	33.24	36.84	36.82	4	100
11/10/2015 15:50	37.34	24.69	35.91	29.96	31.97	4	100
11/10/2015 15:55	29.93	15.57	22.94	21.81	22.56	4	100
11/10/2015 16:00	46.7	28.01	43.39	38.59	39.17	4	100
11/10/2015 16:05	28.53	22.44	30.34	32.67	28.5	4	100
11/10/2015 16:10	22.23	13.29	22.87	21.17	19.89	4	100
11/10/2015 16:15	34.43	18.59	34.1	30.43	29.39	4	100
11/10/2015 16:20	29.25	19.21	35.21	32.74	29.1	4	100
11/10/2015 16:25	48.44	24.98	40.34	45.12	39.72	4	100
11/10/2015 16:30	35.4	23.62	42.19	41.64	35.71	4	100
11/10/2015 16:35	27.36	16.39	25.17	23.2	23.03	4	100
11/10/2015 16:40	41.47	27.82	43.7	41.23	38.56	4	100
11/10/2015 16:45	33.6	21.82	35.64	33.56	31.15	4	100
11/10/2015 16:50	32.67	19.58	33.69	28.07	28.5	4	100
11/10/2015 16:55	39.13	26.98	46.95	44.78	39.46	4	100
11/10/2015 17:00	37.28	19.75	39.28	31.52	31.96	4	100
11/10/2015 17:05	30.02	16.87	28.75	23.95	24.9	4	100
11/10/2015 17:10	37.79	21.92	32.22	36.59	32.13	4	100
11/10/2015 17:15	38.1	26.36	46.78	41.43	38.17	4	100
11/10/2015 17:20	36.35	20.82	36.82	38.87	33.22	4	100
11/10/2015 17:25	38.48	21.37	39.77	38.99	34.65	4	100
11/10/2015 17:30	40.67	22.15	40.4	29.44	33.17	4	100
11/10/2015 17:35	41.39	21.76	37.29	44.46	36.22	4	100
11/10/2015 17:40	38.66	20.05	48.23	41.84	37.2	4	100
11/10/2015 17:45	35.48	24.09	41.58	43.22	36.09	4	100
11/10/2015 17:50	36.54	23.71	40.18	39.89	35.08	4	100
11/10/2015 17:55	43.79	25.81	37.76	39.29	36.66	4	100
11/10/2015 18:00	37.13	24.03	41.21	33.29	33.92	4	100
11/10/2015 18:05	42.35	20.4	39.32	35.88	34.49	4	100
11/10/2015 18:10	44.21	26.56	42.41	39.71	38.22	4	100
11/10/2015 18:15	37.03	22.21	40.15	37.28	34.17	4	100
11/10/2015 18:20	43.38	21.33	43.68	35.53	35.98	4	100
11/10/2015 18:25	29.5	16.29	29.99	29.73	26.38	4	100
11/10/2015 18:30	20.2	10.8	16.83	12.08	14.98	4	100
11/10/2015 18:35	13.65	8.91	13.19	13.05	12.2	4	100
11/10/2015 18:40	13.25	9.58	13.25	12.6	12.17	4	100
11/10/2015 18:45	23.12	17.01	17.24	15.9	18.32	4	100
11/10/2015 18:50	24.02	9.94	17.63	14.25	16.46	4	100
11/10/2015 18:55	16.12	9.97	17.08	12.92	14.02	4	100
11/10/2015 19:00	25.04	15.31	22.49	16.91	19.94	4	100
11/10/2015 19:05	31.6	18.65	30.57	24.28	26.27	4	100
11/10/2015 19:10	35.44	24.54	36.3	28.83	31.28	4	100
11/10/2015 19:15	38.63	17.67	32.18	30.02	29.63	4	100
11/10/2015 19:20	41.23	16.79	23.06	22.81	25.97	4	100
11/10/2015 19:25	33.95	19.93	29.33	22.59	26.45	4	100
11/10/2015 19:30	35.66	20.21	36.86	27.6	30.08	4	100
11/10/2015 19:35	31.58	15.16	30.9	29.31	26.74	4	100
11/10/2015 19:40	28.31	20.14	25.71	24.69	24.71	4	100
11/10/2015 19:45	32.13	20.13	34.23	26.09	28.14	4	100
11/10/2015 19:50	38.98	20.11	36.37	31.64	31.77	4	100
11/10/2015 19:55	36.16	19.92	31.48	27.53	28.77	4	100
11/10/2015 20:00	17.45	9.97	18.43	16.76	15.65	4	100
11/10/2015 20:05	22.22	12.86	20.16	18.12	18.34	4	100
11/10/2015 20:10	29.28	15.34	20.46	17.19	20.57	4	100
11/10/2015 20:15	26.06	20.98	29.75	25.71	25.62	4	100
11/10/2015 20:20	26.14	11.38	17.24	17.56	18.08	4	100
11/10/2015 20:25	18.98	12.16	19.83	18.96	17.48	4	100
11/10/2015 20:30	23.1	13.39	22.08	18.33	19.23	4	100
11/10/2015 20:35	20.25	11.15	19.8	17.72	17.23	4	100
11/10/2015 20:40	30.72	17.56	25.36	21.46	23.77	4	100
11/10/2015 20:45	38.15	18.86	43.61	22.23	30.71	4	100
11/10/2015 20:50	24.89	12.38	18.23	16.16	17.92	4	100
11/10/2015 20:55	15.09	7.88	11.13	12.06	11.54	4	100
11/10/2015 21:00	10.18	6.78	11.42	10.48	9.72	4	100
11/10/2015 21:05	10.79	6.09	11	9.51	9.35	4	100
11/10/2015 21:10	11.73	7.35	11.9	9.36	10.08	4	100
11/10/2015 21:15	11.67	6.9	11.11	10.77	10.11	4	100
11/10/2015 21:20	11.58	7.32	12.54	11.55	10.75	4	100
11/10/2015 21:25	10.39	6.54	11.55	9.14	9.4	4	100
11/10/2015 21:30	8.8	6.2	10.75	9.73	8.87	4	100
11/10/2015 21:35	9.35	6.05	10.29	8.72	8.6	4	100
11/10/2015 21:40	10.29	6.6	10.49	8.92	9.07	4	100
11/10/2015 21:45	9.63	5.93	10.43	8.64	8.66	4	100
11/10/2015 21:50	10.34	6.14	8.95	8.67	8.52	4	100
11/10/2015 21:55	10.75	6.49	10.68	10.55	9.62	4	100
11/10/2015 22:00	8.9	5.23	9.86	10.29	8.57	4	100
11/10/2015 22:05	10.5	5.48	11.73	10.3	9.5	4	100
11/10/2015 22:10	9.08	5.71	10.79	9.05	8.66	4	100
11/10/2015 22:15	9.63	6.14	10.03	10.08	8.97	4	100
11/10/2015 22:20	9.2	5.79	11.06	8.98	8.76	4	100
11/10/2015 22:25	7.49	4.6	7.44	9.1	7.16	4	100
11/10/2015 22:30	8.75	5.09	8	8.95	7.7	4	100
11/10/2015 22:35	10.68	5.94	10.47	9.14	9.06	4	100
11/10/2015 22:40	7.02	4.46	9.55	8.13	7.29	4	100
11/10/2015 22:45	8.06	4.63	8.06	8.06	7.2	4	100
11/10/2015 22:50	20.64	4.4	8.86	5.94	9.96	4	100
11/10/2015 22:55	6.38	3.93	7.62	7	6.23	4	100
11/10/2015 23:00	5.98	4.32	7.77	8	6.52	4	100
11/10/2015 23:05	6.26	3.61	7.64	6.1	5.9	4	100
11/10/2015 23:10	5.61	3.98	6.88	5.6	5.52	4	100
11/10/2015 23:15	5.85	3.84	6.09	7.1	5.72	4	100
11/10/2015 23:20	4.7	3.19	5.82	5.47	4.79	4	100
11/10/2015 23:25	5.21	3.22	5.71	5.58	4.93	4	100
11/10/2015 23:30	3.78	3	5.05	5.54	4.34	4	100
11/10/2015 23:35	3.45	2.7	5.33	4.25	3.93	4	100
11/10/2015 23:40	4.16	2.95	5.2	5.6	4.48	4	100
11/10/2015 23:45	5.01	3.27	5.03	5.09	4.6	4	100
11/10/2015 23:50	3.05	2.17	4.48	3.36	3.26	4	100
11/10/2015 23:55	3.29	3	5.44	3.92	3.91	4	100
11/11/2015 00:00	3.88	3.01	4.46	4.14	3.87	4	100
11/11/2015 00:05	2.11	1.98	4.72	4.26	3.27	4	100
11/11/2015 00:10	2.3	2.28	4.34	3.93	3.21	4	100
11/11/2015 00:15	2.32	2.06	3.85	4.04	3.07	4	100
11/11/2015 00:20	3.01	2	3.31	3.37	2.92	4	100
11/11/2015 00:25	1.45	2.17	3.59	4.64	2.96	4	100
11/11/2015 00:30	2.2	1.76	3.32	3.55	2.71	4	100
11/11/2015 00:35	2.11	2.15	3.42	3.16	2.71	4	100
11/11/2015 00:40	1.62	1.71	2.97	2.72	2.26	4	100
11/11/2015 00:45	1.98	1.72	3.62	2.66	2.5	4	100
11/11/2015 00:50	2.18	1.86	3.71	2.31	2.51	4	100
11/11/2015 00:55	1.82	1.79	3.38	1.91	2.22	4	100
11/11/2015 01:00	.69	1.07	1.11	1.01	.97	4	0
11/11/2015 01:05	.74	1.15	1.19	1.08	1.04	4	0
11/11/2015 01:10	.74	1.16	1.2	1.1	1.05	4	0
11/11/2015 01:15	1.03	1.35	2.55	2.39	1.83	4	100
11/11/2015 01:20	1.89	1.2	2.15	3.3	2.14	4	100
11/11/2015 01:25	.93	1.08	2.15	2.94	1.77	4	100
11/11/2015 01:30	1.45	1.38	1.66	2.92	1.85	4	100
11/11/2015 01:35	1.17	1.47	2.1	2.02	1.69	4	100
11/11/2015 01:40	1	1.22	3.02	3.52	2.19	4	100
11/11/2015 01:45	.67	.82	2.12	1.94	1.39	4	100
11/11/2015 01:50	.8	.93	1.59	2.44	1.44	4	100
11/11/2015 01:55	.99	1.04	1.13	2.44	1.4	4	100
11/11/2015 02:00	1.08	.88	1.59	2.09	1.41	4	100
11/11/2015 02:05	.92	.74	2.73	1.8	1.55	4	100
11/11/2015 02:10	.87	1.07	1.61	1.98	1.38	4	100
11/11/2015 02:15	.32	.73	1.63	1.21	.97	4	100
11/11/2015 02:20	.48	.64	1.96	2.53	1.4	4	100
11/11/2015 02:25	.76	.63	1.7	2.24	1.33	4	100
11/11/2015 02:30	.3	.81	1.2	.95	.81	4	100
11/11/2015 02:35	.52	.72	1.12	1.43	.95	4	100
11/11/2015 02:40	.78	1.04	1.82	2.05	1.42	4	100
11/11/2015 02:45	.64	1.12	1.49	1.5	1.19	4	100
11/11/2015 02:50	.58	.74	1.61	2.67	1.4	4	100
11/11/2015 02:55	.94	.73	1.52	2.61	1.45	4	100
11/11/2015 03:00	.63	.4	1.63	1.9	1.14	4	100
11/11/2015 03:05	.6	.64	1.55	2.03	1.2	4	100
11/11/2015 03:10	.63	.56	1.67	2.15	1.25	4	100
11/11/2015 03:15	.69	.83	.9	1.13	.89	4	100
11/11/2015 03:20	1.36	.96	1.03	2.04	1.35	4	100
11/11/2015 03:25	.95	.55	3.22	1.74	1.61	4	100
11/11/2015 03:30	.62	.75	1.13	2.56	1.27	4	100
11/11/2015 03:35	.74	.58	1.64	2.72	1.42	4	100
11/11/2015 03:40	.77	.4	2.62	2.25	1.51	4	100
11/11/2015 03:45	1.24	.85	2.52	3.1	1.93	4	100
11/11/2015 03:50	.74	.85	1.96	1.44	1.25	4	100
11/11/2015 03:55	.67	.6	1.19	1.44	.97	4	100
11/11/2015 04:00	1.3	1	2.05	1.75	1.52	4	100
11/11/2015 04:05	.44	.88	1.43	2.2	1.24	4	100
11/11/2015 04:10	1.53	.73	1.91	2.78	1.74	4	100
11/11/2015 04:15	1.17	.78	1.47	1.77	1.3	4	100
11/11/2015 04:20	.91	.95	1.9	1.93	1.42	4	100
11/11/2015 04:25	1.44	1.52	2.7	3.11	2.19	4	100
11/11/2015 04:30	1.29	1.44	1.84	2.02	1.65	4	100
11/11/2015 04:35	2.24	1.11	3.25	3.44	2.51	4	100
11/11/2015 04:40	1.9	1.19	4.21	2.21	2.38	4	100
11/11/2015 04:45	1.66	1.53	2.37	4.25	2.45	4	100
11/11/2015 04:50	2.6	1.6	3.39	3.64	2.81	4	100
11/11/2015 04:55	1.87	1.82	2.75	2.39	2.21	4	100
11/11/2015 05:00	2.28	1.52	4.68	1.87	2.59	4	100
11/11/2015 05:05	2.31	1.87	2.92	2.96	2.52	4	100
11/11/2015 05:10	2.55	2.07	3.19	3.35	2.79	4	100
11/11/2015 05:15	3.44	2.02	4.27	3.71	3.36	4	100
11/11/2015 05:20	4.06	2.73	4.36	3.89	3.76	4	100
11/11/2015 05:25	3.89	2.58	4.25	4.87	3.9	4	100
11/11/2015 05:30	6.05	3.22	5.07	6.17	5.13	4	100
11/11/2015 05:35	5.47	3.05	5.11	4.63	4.57	4	100
11/11/2015 05:40	6.9	4.02	7.05	5.44	5.85	4	100
11/11/2015 05:45	5.57	3.47	5.4	4.77	4.8	4	100
11/11/2015 05:50	5.96	3.39	4.92	6.16	5.11	4	100
11/11/2015 05:55	5.46	4.18	5.96	7.52	5.78	4	100
11/11/2015 06:00	5.88	3.24	5.25	6.32	5.17	4	100
11/11/2015 06:05	7.53	4.29	6.13	7.33	6.32	4	100
11/11/2015 06:10	8.42	4.56	6.43	6.2	6.4	4	0
11/11/2015 06:15	8.76	4.57	6.88	7.5	6.93	4	0
11/11/2015 06:20	8.09	4.49	7.24	6.63	6.61	4	0
11/11/2015 06:25	9.29	4.66	7.6	8.84	7.6	4	100
11/11/2015 06:30	9.11	4.67	6.49	6.47	6.68	4	100
11/11/2015 06:35	9.59	4.61	7.21	8.68	7.52	4	100
11/11/2015 06:40	10.25	5.86	9.35	10.14	8.9	4	100
11/11/2015 06:45	10.4	5.79	9.94	9.26	8.85	4	100
11/11/2015 06:50	10.48	5.72	8.36	8.27	8.21	4	100
11/11/2015 06:55	9.92	5.33	8.69	9.09	8.26	4	100
11/11/2015 07:00	11.42	7.27	10.55	10.11	9.84	4	100
11/11/2015 07:05	10.33	5.87	10.18	9.4	8.95	4	100
11/11/2015 07:10	14.93	8.42	11.71	11.36	11.6	4	0
11/11/2015 07:15	15.06	7.68	11.57	10.25	11.14	4	0
11/11/2015 07:20	14.93	7.81	11.4	16.84	12.75	4	0
11/11/2015 07:25	11.91	6.48	10.75	8.88	9.5	4	100
11/11/2015 07:30	10.42	5.83	10.44	10.31	9.25	4	100
11/11/2015 07:35	11.57	6.81	9.91	10.28	9.64	4	100
11/11/2015 07:40	11.44	6.51	10.55	10.02	9.63	4	100
11/11/2015 07:45	13.37	7.65	12.07	11.56	11.16	4	100
11/11/2015 07:50	12.53	7.42	12.08	9.52	10.39	4	100
11/11/2015 07:55	12.69	7.45	11.94	10.48	10.64	4	100
11/11/2015 08:00	11.81	6.31	10.49	9.3	9.48	4	100
11/11/2015 08:05	11.26	7.24	11.69	9.82	10	4	100
11/11/2015 08:10	13.58	7.23	11.02	11.06	10.72	4	0
11/11/2015 08:15	13.09	7.02	11.14	10.65	10.47	4	0
11/11/2015 08:20	14.66	7.74	11.9	10.12	11.1	4	0
11/11/2015 08:25	13.01	7.19	10.71	8.58	9.87	4	0
11/11/2015 08:30	14.31	8.23	11.93	10.42	11.22	4	0
11/11/2015 08:35	14.24	8.11	11.1	10.18	10.91	4	0
11/11/2015 08:40	13.58	6.52	10.09	8.62	9.7	4	0
11/11/2015 08:45	12.87	6.77	8.97	9.28	9.47	4	0
11/11/2015 08:50	12.6	6.82	9.94	9.56	9.73	4	0
11/11/2015 08:55	10.33	6.77	11.2	10.56	9.71	4	100
11/11/2015 09:00	12.23	6.61	10.94	10.11	9.97	4	100
11/11/2015 09:05	11.19	6.25	10.84	9.06	9.34	4	100
11/11/2015 09:10	13.57	7.83	12.58	10.44	11.1	4	0
11/11/2015 09:15	14.41	7.45	11.32	11.23	11.1	4	0
11/11/2015 09:20	12.66	7.1	10.46	8.52	9.69	4	0
11/11/2015 09:25	13.99	7.03	11.07	10.05	10.53	4	0
11/11/2015 09:30	13.28	7.12	11.79	10.57	10.69	4	0
11/11/2015 09:35	11.93	6.75	11.54	10.32	10.14	4	0
11/11/2015 09:40	12.25	6.87	10.93	10.46	10.13	4	0
11/11/2015 09:45	11.84	6.26	10.85	9.73	9.67	4	0
11/11/2015 09:50	12.73	6.53	10.28	9.38	9.73	4	0
11/11/2015 09:55	12.5	6.89	14.11	10.61	11.03	4	100
11/11/2015 10:00	11.24	6.55	10.12	8.93	9.21	4	0
11/11/2015 10:05	18.13	6.42	9.58	8.96	10.77	4	0
11/11/2015 10:10	12.71	6.59	10.96	9.2	9.86	4	0
11/11/2015 10:15	12.56	6.82	12.24	11.02	10.66	4	0
11/11/2015 10:20	12.9	6.23	9.33	8.74	9.3	4	0
11/11/2015 10:25	13.02	7.72	12.55	11.25	11.14	4	100
11/11/2015 10:30	11.48	6.39	11.14	8.12	9.28	4	0
11/11/2015 10:35	13.46	7.25	11.8	10.55	10.76	4	0
11/11/2015 10:40	12.68	7.39	11.43	9.7	10.3	4	0
11/11/2015 10:45	13.46	6.86	13.03	11.21	11.14	4	100
11/11/2015 10:50	11.43	6.02	10.34	11.56	9.84	4	100
11/11/2015 10:55	11.53	7.01	12.16	11.29	10.5	4	100
11/11/2015 11:00	12.52	7.28	12.13	12.64	11.14	4	100
11/11/2015 11:05	10.66	6.13	10.9	10.86	9.64	4	100
11/11/2015 11:10	12.99	6.53	12.12	9.45	10.27	4	0
11/11/2015 11:15	11.16	6.44	10.66	9.99	9.56	4	0
11/11/2015 11:20	13.92	7.85	11.96	12.19	11.48	4	0
11/11/2015 11:25	14.12	6.96	10.8	12.24	11.03	4	100
11/11/2015 11:30	13.12	7.28	12.22	10.91	10.88	4	100
11/11/2015 11:35	16.82	8.45	15.25	13.2	13.43	4	100
11/11/2015 11:40	12.43	5.82	12.06	9.98	10.07	4	100
11/11/2015 11:45	12.91	6.4	12.3	9.39	10.25	4	100
11/11/2015 11:50	13.7	7.66	12.8	10.77	11.23	4	100
11/11/2015 11:55	12.67	6.98	10.91	10.75	10.33	4	100
11/11/2015 12:00	12.25	6.94	12.9	9.03	10.28	4	100
11/11/2015 12:05	13.48	20.67	12.02	9.96	14.03	4	100
11/11/2015 12:10	12.83	7.84	12.68	12.17	11.38	4	100
11/11/2015 12:15	9.7	6.37	10.95	9.24	9.06	4	100
11/11/2015 12:20	14.14	7.98	13.91	12.79	12.21	4	100
11/11/2015 12:25	10.28	6.3	10.7	10.4	9.42	4	100
11/11/2015 12:30	14.02	7.74	13.72	11.22	11.67	4	100
11/11/2015 12:35	14.26	8.08	14.14	12.34	12.21	4	100
11/11/2015 12:40	12.72	6.55	13.15	12.25	11.17	4	100
11/11/2015 12:45	12.97	6.82	13.68	11.37	11.21	4	100
11/11/2015 12:50	12.75	6.71	11.87	11.98	10.83	4	100
11/11/2015 12:55	14.32	7.82	12.28	11.87	11.57	4	100
11/11/2015 13:00	11.72	6.11	11.68	10.64	10.04	4	100
11/11/2015 13:05	13.84	7.51	13.14	12.21	11.67	4	100
11/11/2015 13:10	14.41	8.48	14	12.8	12.42	4	100
11/11/2015 13:15	15.44	9.15	14.03	11.09	12.43	4	100
11/11/2015 13:20	13.71	8.06	12.72	11.62	11.53	4	100
11/11/2015 13:25	14.83	7.01	13.37	12.35	11.89	4	100
11/11/2015 13:30	16.08	8.43	16.11	13.77	13.6	4	100
11/11/2015 13:35	12.33	8.23	14.32	11.59	11.62	4	100
11/11/2015 13:40	16.36	9.33	16.86	13.57	14.03	4	100
11/11/2015 13:45	14.02	7.25	13.17	11.17	11.4	4	100
11/11/2015 13:50	13.98	8.93	13.79	12.08	12.2	4	100
11/11/2015 13:55	14.92	8.38	14.79	13.63	12.93	4	100
11/11/2015 14:00	16.26	8.09	14.17	14.56	13.27	4	100
11/11/2015 14:05	16.15	8.32	15.17	13.47	13.28	4	100
11/11/2015 14:10	17.94	9.68	16.16	14.91	14.67	4	100
11/11/2015 14:15	18.83	10.23	18.87	17.16	16.27	4	100
11/11/2015 14:20	19.68	10.06	19.96	18.75	17.11	4	100
11/11/2015 14:25	24.26	12.56	23.15	20.15	20.03	4	100
11/11/2015 14:30	23.32	12.49	21.04	19.29	19.03	4	100
11/11/2015 14:35	18.55	10.17	17.1	17.24	15.77	4	100
11/11/2015 14:40	26.91	15.32	21.49	17.32	20.26	4	100
11/11/2015 14:45	22.83	12.29	18.76	19	18.22	4	100
11/11/2015 14:50	19.21	11.18	18.84	17.28	16.63	4	100
11/11/2015 14:55	19.13	11.3	17.44	17.71	16.4	4	100
11/11/2015 15:00	28.23	14.71	25.53	19.33	21.95	4	100
11/11/2015 15:05	20.93	11.83	25.2	18.33	19.07	4	100
11/11/2015 15:10	32.3	15.86	23.74	20.7	23.15	4	100
11/11/2015 15:15	23.81	12.81	23.6	21.91	20.53	4	100
11/11/2015 15:20	28.58	14.14	20.47	17.55	20.19	4	100
11/11/2015 15:25	29.12	14.19	21.69	19.67	21.17	4	100
11/11/2015 15:30	24.52	13.53	24.55	19.48	20.52	4	100
11/11/2015 15:35	31.6	21.13	23.98	21.71	24.6	4	100
11/11/2015 15:40	23.33	13.52	25.86	33.01	23.93	4	100
11/11/2015 15:45	41.79	18.23	27.21	26.83	28.52	4	100
11/11/2015 15:50	33.56	19.79	26.78	25	26.28	4	100
11/11/2015 15:55	34.4	17.93	31.48	29.22	28.26	4	100
11/11/2015 16:00	30.52	16.54	29.22	24.83	25.28	4	100
11/11/2015 16:05	30.18	14.82	24.29	20.6	22.47	4	100
11/11/2015 16:10	29.98	16.39	26.9	21.43	23.68	4	100
11/11/2015 16:15	31.58	15.1	24.09	23.22	23.5	4	100
11/11/2015 16:20	31.3	14.94	25.73	21.39	23.34	4	100
11/11/2015 16:25	23.56	13.73	22.98	22.16	20.61	4	100
11/11/2015 16:30	27.34	13.48	21.35	19.9	20.52	4	100
11/11/2015 16:35	28.36	15.13	24.79	24.03	23.08	4	100
11/11/2015 16:40	29.25	17.14	25.17	25.96	24.38	4	100
11/11/2015 16:45	32.55	19.29	25.95	23.24	25.26	4	100
11/11/2015 16:50	25.37	16.24	25.07	24.28	22.74	4	100
11/11/2015 16:55	39.02	21.36	37.14	27.79	31.33	4	100
11/11/2015 17:00	31.89	17.95	30.67	27.91	27.11	4	100
11/11/2015 17:05	35.36	17.79	31.65	27.91	28.18	4	100
11/11/2015 17:10	31.02	16.97	24.83	20.93	23.44	4	100
11/11/2015 17:15	30.72	20.28	27.67	26.29	26.24	4	100
11/11/2015 17:20	33.12	18.17	31.76	22.75	26.45	4	100
11/11/2015 17:25	39.81	20.15	32.22	31.79	30.99	4	100
11/11/2015 17:30	23.12	13.21	19.71	17.68	18.43	4	100
11/11/2015 17:35	27.06	16.12	28.46	25.94	24.4	4	100
11/11/2015 17:40	27.7	17.47	28.67	25.13	24.74	4	100
11/11/2015 17:45	28.79	17.24	27.9	23.54	24.37	4	100
11/11/2015 17:50	40.45	18.29	31.1	26.24	29.02	4	100
11/11/2015 17:55	31	14.22	22.27	19.86	21.84	4	100
11/11/2015 18:00	23.61	15.97	24.64	21.21	21.36	4	100
11/11/2015 18:05	29.24	15.4	28.59	22.93	24.04	4	100
11/11/2015 18:10	25.76	14.94	21.25	19.04	20.25	4	100
11/11/2015 18:15	24.23	12.63	23.9	20.33	20.27	4	100
11/11/2015 18:20	26.17	12.21	19.78	19.15	19.33	4	100
11/11/2015 18:25	18.55	11.13	19.24	16.78	16.43	4	100
11/11/2015 18:30	33.49	17.99	27.72	21.91	25.28	4	100
11/11/2015 18:35	25.82	15.79	22.95	21.99	21.64	4	100
11/11/2015 18:40	20.2	10.76	17.87	16.9	16.43	4	100
11/11/2015 18:45	35.84	16.3	22.05	20.17	23.59	4	100
11/11/2015 18:50	20.85	12.83	18.94	16.91	17.38	4	100
11/11/2015 18:55	23.02	12.33	26.38	21.25	20.74	4	100
11/11/2015 19:00	25.44	12.06	19.58	15.56	18.16	4	100
11/11/2015 19:05	25.23	10.87	14.76	13.73	16.15	4	100
11/11/2015 19:10	28.67	16.64	23.04	16.84	21.3	4	100
11/11/2015 19:15	12.49	7.22	13.19	11.6	11.12	4	100
11/11/2015 19:20	12.03	7.5	13.59	11.7	11.2	4	100
11/11/2015 19:25	13.41	7.78	12.89	10.79	11.22	4	100
11/11/2015 19:30	11.35	6.8	14.08	12.58	11.2	4	100
11/11/2015 19:35	13.83	7.35	12.33	11.53	11.26	4	100
11/11/2015 19:40	13.67	7.29	13.08	11.47	11.38	4	100
11/11/2015 19:45	13.73	7.54	13.18	11.35	11.45	4	100
11/11/2015 19:50	12.17	6.92	13.52	9.37	10.5	4	100
11/11/2015 19:55	11.7	6.4	11.49	10.81	10.1	4	100
11/11/2015 20:00	12.75	8.16	12.91	11.33	11.29	4	100
11/11/2015 20:05	13.03	7.27	14.41	12.25	11.74	4	100
11/11/2015 20:10	13.01	8.04	11.68	11.56	11.07	4	100
11/11/2015 20:15	12.1	5.94	12.09	11.92	10.51	4	100
11/11/2015 20:20	13.35	7.77	12.07	10.48	10.92	4	100
11/11/2015 20:25	9.64	7.14	10.48	9.94	9.3	4	100
11/11/2015 20:30	13.22	7.33	13.59	11.2	11.34	4	100
11/11/2015 20:35	10.23	6.29	9.14	10.03	8.92	4	100
11/11/2015 20:40	10.09	6.75	9.15	9.51	8.88	4	100
11/11/2015 20:45	8.53	5.41	8.94	9.36	8.06	4	100
11/11/2015 20:50	10.96	6.62	10.32	9.13	9.26	4	100
11/11/2015 20:55	8.38	4.62	8.3	8.76	7.52	4	100
11/11/2015 21:00	9.16	6.88	10.71	9.75	9.12	4	100
11/11/2015 21:05	9.67	6.83	9.18	9.92	8.9	4	100
11/11/2015 21:10	11.34	7.21	11.83	10.6	10.24	4	100
11/11/2015 21:15	10.54	6.81	11.48	11.02	9.96	4	100
11/11/2015 21:20	12.14	7.24	11.77	11.48	10.66	4	100
11/11/2015 21:25	10.99	6.03	10.27	10.94	9.56	4	100
11/11/2015 21:30	10.35	6.18	11.06	9.64	9.31	4	100
11/11/2015 21:35	9.31	5.51	9.87	10.32	8.75	4	100
11/11/2015 21:40	9.77	6.46	9.98	8.54	8.69	4	100
11/11/2015 21:45	8.32	5.3	8.4	7.16	7.3	4	100
11/11/2015 21:50	7.74	4.9	8.64	8.5	7.45	4	100
11/11/2015 21:55	8.92	5.36	8.57	8.98	7.96	4	100
11/11/2015 22:00	9.04	5.34	9.51	8.37	8.06	4	100
11/11/2015 22:05	10.33	5.94	12.26	9.16	9.42	4	100
11/11/2015 22:10	8.52	5.04	7.81	8.13	7.37	4	100
11/11/2015 22:15	7.48	5.37	9.66	9.19	7.93	4	100
11/11/2015 22:20	8.05	5.36	9.86	11.48	8.69	4	100
11/11/2015 22:25	6.54	5.28	7.79	7.05	6.67	4	100
11/11/2015 22:30	8.85	5.48	8.71	8.33	7.84	4	100
11/11/2015 22:35	6.9	3.77	6.65	6.08	5.85	4	100
11/11/2015 22:40	6.64	3.87	8.13	7.86	6.63	4	100
11/11/2015 22:45	5.84	4.65	7.1	7	6.15	4	100
11/11/2015 22:50	6.59	4.45	7.94	8.16	6.78	4	100
11/11/2015 22:55	5.73	3.34	6.06	6.83	5.49	4	100
11/11/2015 23:00	5.79	3.68	6.63	6.06	5.54	4	100
11/11/2015 23:05	4.76	3.88	5.96	6.33	5.23	4	100
11/11/2015 23:10	5.52	3.4	5.38	6.19	5.12	4	100
11/11/2015 23:15	5.41	3.37	6.16	6.74	5.42	4	100
11/11/2015 23:20	5.85	3.69	6.47	7.6	5.9	4	100
11/11/2015 23:25	4.71	3.27	4.96	6.65	4.9	4	100
11/11/2015 23:30	3.27	2.92	4.85	4.25	3.82	4	100
11/11/2015 23:35	4.42	2.7	5.24	6.05	4.6	4	100
11/11/2015 23:40	3.37	2.96	4.1	5.6	4.01	4	100
11/11/2015 23:45	4.7	3.36	5.63	4.28	4.49	4	100
11/11/2015 23:50	2.87	1.94	5.17	3.73	3.43	4	100
11/11/2015 23:55	2.97	2.33	3.87	3.92	3.27	4	100
11/12/2015 00:00	3.37	2.27	4.86	4.28	3.7	4	100
11/12/2015 00:05	3.29	2.05	4.37	4.38	3.52	4	100
11/12/2015 00:10	3.07	2.26	3.92	4.81	3.52	4	100
11/12/2015 00:15	3.66	2.43	4.37	3.92	3.59	4	100
11/12/2015 00:20	2.55	2.21	3.65	4.14	3.14	4	100
11/12/2015 00:25	2.17	1.31	2.9	2.86	2.31	4	100
11/12/2015 00:30	3.46	2.09	4.81	4.1	3.62	4	100
11/12/2015 00:35	2.26	1.22	2.93	3.87	2.57	4	100
11/12/2015 00:40	2.21	2.14	2.96	3.67	2.75	4	100
11/12/2015 00:45	1.37	1.64	3.02	3.43	2.37	4	100
11/12/2015 00:50	2.58	1.55	3.05	2.8	2.49	4	100
11/12/2015 00:55	1.13	1.66	3.03	3.03	2.21	4	100
11/12/2015 01:00	.69	1.07	1.11	1.01	.97	4	0
11/12/2015 01:05	.65	1.01	1.05	.96	.92	4	0
11/12/2015 01:10	.64	.99	1.03	.94	.9	4	0
11/12/2015 01:15	1.17	1.25	3.32	3.65	2.35	4	100
11/12/2015 01:20	.98	1.6	2.22	2.57	1.84	4	100
11/12/2015 01:25	.44	.72	1.56	2.42	1.29	4	100
11/12/2015 01:30	.87	.97	1.55	2.61	1.5	4	100
11/12/2015 01:35	.95	.94	2.3	1.62	1.45	4	100
11/12/2015 01:40	.92	1.33	2.02	2.97	1.81	4	100
11/12/2015 01:45	1.1	1.33	1.81	2.58	1.7	4	100
11/12/2015 01:50	1.22	.66	1.71	.95	1.14	4	100
11/12/2015 01:55	.72	.69	1.67	3.33	1.6	4	100
11/12/2015 02:00	.44	.64	1.37	1.41	.97	4	100
11/12/2015 02:05	.54	.48	1.02	1.22	.82	4	100
11/12/2015 02:10	1	.87	2.3	2.08	1.56	4	0
11/12/2015 02:15	1.28	.9	2.16	2.84	1.8	4	0
11/12/2015 02:20	.77	1.16	1.46	2.27	1.41	4	0
11/12/2015 02:25	.75	1.01	2.01	1.95	1.43	4	0
11/12/2015 02:30	.82	.54	1.36	1.35	1.02	4	0
11/12/2015 02:35	.84	.78	2.01	1.79	1.35	4	0
11/12/2015 02:40	.23	.72	.6	1.8	.84	4	100
11/12/2015 02:45	.61	.7	.59	1.16	.76	4	100
11/12/2015 02:50	.71	.84	1.57	.97	1.02	4	100
11/12/2015 02:55	.59	.43	1.78	2.62	1.35	4	100
11/12/2015 03:00	.89	.61	1.38	1.4	1.07	4	100
11/12/2015 03:05	.52	.68	1.41	2.79	1.35	4	100
11/12/2015 03:10	.71	.63	2.52	1.4	1.32	4	100
11/12/2015 03:15	.42	.56	1.71	1.13	.95	4	100
11/12/2015 03:20	.36	.72	1.49	.95	.88	4	100
11/12/2015 03:25	.58	.83	1.95	1.44	1.2	4	100
11/12/2015 03:30	.74	.6	1.41	.93	.92	4	100
11/12/2015 03:35	.75	.74	1.34	1.75	1.15	4	100
11/12/2015 03:40	.67	.65	1.75	1.26	1.08	4	100
11/12/2015 03:45	.94	.71	1.33	3.95	1.73	4	100
11/12/2015 03:50	.85	.68	1.43	.79	.94	4	100
11/12/2015 03:55	1	.91	2.17	2.03	1.53	4	100
11/12/2015 04:00	.5	.79	1.48	1.67	1.11	4	100
11/12/2015 04:05	1.03	.47	1.48	2.48	1.36	4	100
11/12/2015 04:10	.84	.77	1.33	2.45	1.35	4	0
11/12/2015 04:15	.83	.82	1.14	2.81	1.4	4	0
11/12/2015 04:20	1.21	1.06	2	3.19	1.86	4	0
11/12/2015 04:25	2.04	1.32	1.82	2.59	1.94	4	0
11/12/2015 04:30	2.33	1.4	2.41	2.73	2.22	4	0
11/12/2015 04:35	2.24	1.45	2.29	1.9	1.97	4	0
11/12/2015 04:40	2.08	1.69	3.5	3.13	2.6	4	0
11/12/2015 04:45	2.66	1.67	2.79	3.07	2.55	4	0
11/12/2015 04:50	2.37	1.89	3.02	3.17	2.61	4	0
11/12/2015 04:55	1.89	1.39	4.28	2.89	2.61	4	100
11/12/2015 05:00	2.84	1.92	2.37	2.9	2.51	4	0
11/12/2015 05:05	3.15	2.38	3.39	4.3	3.3	4	0
11/12/2015 05:10	3.96	2.87	4.7	6.07	4.4	4	100
11/12/2015 05:15	4.76	2.92	3.56	4.53	3.94	4	0
11/12/2015 05:20	4.69	2.69	4.61	4.29	4.07	4	0
11/12/2015 05:25	6.32	3.78	5.42	4.05	4.89	4	0
11/12/2015 05:30	5.95	3.54	4.79	4.64	4.73	4	100
11/12/2015 05:35	8.28	4.73	6.71	6.59	6.58	4	100
11/12/2015 05:40	7.09	3.88	5.75	4.92	5.41	4	100
11/12/2015 05:45	7.7	4.25	5.33	7.47	6.19	4	100
11/12/2015 05:50	6.91	4.25	7.05	5.06	5.82	4	100
11/12/2015 05:55	6.34	3.1	5.47	5.15	5.02	4	100
11/12/2015 06:00	7.64	3.62	7.76	6.41	6.36	4	100
11/12/2015 06:05	6.49	3.48	4.71	4.61	4.82	4	100
11/12/2015 06:10	6.74	4.39	5.5	6.06	5.67	4	100
11/12/2015 06:15	8.89	4.51	9.49	8.37	7.81	4	100
11/12/2015 06:20	7.37	4	7.73	6.07	6.29	4	100
11/12/2015 06:25	7.64	4.71	7.75	6.8	6.73	4	100
11/12/2015 06:30	9.23	6.03	8.16	6.84	7.56	4	100
11/12/2015 06:35	10.52	5.52	7.47	8.96	8.12	4	100
11/12/2015 06:40	12.29	20.08	11.62	9.7	13.42	4	100
11/12/2015 06:45	9.91	5.13	7.82	7.69	7.64	4	100
11/12/2015 06:50	9.29	6.21	9.05	8.13	8.17	4	100
11/12/2015 06:55	10.15	5.03	8.36	8.38	7.98	4	100
11/12/2015 07:00	11.13	6.34	10.22	10.44	9.53	4	100
11/12/2015 07:05	13.46	7.9	13.13	13.42	11.98	4	100
11/12/2015 07:10	13.98	6.72	11.46	9.36	10.38	4	100
11/12/2015 07:15	12.52	7.21	11.41	11.23	10.59	4	100
11/12/2015 07:20	12.09	6.69	11.19	10.4	10.09	4	100
11/12/2015 07:25	13.66	7.37	11.4	10.89	10.83	4	100
11/12/2015 07:30	13.34	7.45	12.33	10.63	10.94	4	100
11/12/2015 07:35	13.38	7.29	10.89	10.95	10.63	4	100
11/12/2015 07:40	12.61	6.68	10.17	10.51	9.99	4	100
11/12/2015 07:45	13.78	6.5	13.39	11.28	11.24	4	100
11/12/2015 07:50	16.8	9.89	16.63	17.03	15.09	4	0
11/12/2015 07:55	17.63	9.87	16.3	17.44	15.31	4	0
11/12/2015 08:00	12.54	7.98	10.75	9.68	10.24	4	100
11/12/2015 08:05	13.39	7.28	15.89	10.22	11.7	4	100
11/12/2015 08:10	20.41	11.65	19.23	16.93	17.06	4	0
11/12/2015 08:15	18.99	10.87	19.15	18.17	16.8	4	0
11/12/2015 08:20	13.4	7.59	11.94	10.25	10.8	4	100
11/12/2015 08:25	12.08	7.22	11.17	8.58	9.76	4	100
11/12/2015 08:30	15.06	7.29	10.73	9.9	10.75	4	100
11/12/2015 08:35	12	5.28	7.11	5.5	7.47	4	100
11/12/2015 08:40	20.8	12.33	17.66	15.83	16.66	4	0
11/12/2015 08:45	20.79	12.24	17.94	15.11	16.52	4	0
11/12/2015 08:50	12.44	7.6	11.56	10.27	10.47	4	100
11/12/2015 08:55	12.38	6.34	9.84	10.31	9.72	4	100
11/12/2015 09:00	12.79	7.23	11.22	11.07	10.58	4	100
11/12/2015 09:05	11.44	6.89	10.43	9.42	9.55	4	100
11/12/2015 09:10	13.6	7.73	12.29	10.19	10.95	4	100
11/12/2015 09:15	12.93	7	11.01	10.11	10.26	4	100
11/12/2015 09:20	13.95	6.63	10.16	11.36	10.53	4	100
11/12/2015 09:25	12.36	6.57	11.77	10.9	10.4	4	100
11/12/2015 09:30	12.27	7.26	10.63	8.36	9.63	4	100
11/12/2015 09:35	10.6	6.65	10.43	9.44	9.28	4	100
11/12/2015 09:40	12.81	6.25	11.25	10.98	10.32	4	100
11/12/2015 09:45	11.38	6.5	10.78	9.26	9.48	4	100
11/12/2015 09:50	9.79	5.9	9.62	7.12	8.11	4	100
11/12/2015 09:55	12.02	7.02	10.06	9.21	9.58	4	100
11/12/2015 10:00	10.17	5.78	9.99	10.39	9.08	4	100
11/12/2015 10:05	11.25	6.64	11.08	9.96	9.73	4	100
11/12/2015 10:10	11.75	5.98	11.4	10.04	9.79	4	100
11/12/2015 10:15	11.33	6.53	11.08	9.6	9.63	4	100
11/12/2015 10:20	11.21	6.23	10.4	10.57	9.6	4	100
11/12/2015 10:25	13.5	7.54	11.6	8.67	10.33	4	100
11/12/2015 10:30	11.72	6.52	11.8	10.07	10.03	4	100
11/12/2015 10:35	12.11	6.78	12.8	10.19	10.47	4	100
11/12/2015 10:40	12.04	7.43	12.43	10.47	10.59	4	100
11/12/2015 10:45	12.09	7.83	13.87	11.91	11.42	4	100
11/12/2015 10:50	12.71	6.43	10.86	9.54	9.88	4	100
11/12/2015 10:55	12.18	6.13	11.07	9.93	9.83	4	100
11/12/2015 11:00	12.38	6.48	11.62	10.69	10.29	4	100
11/12/2015 11:05	10.94	7.13	11.41	11	10.12	4	100
11/12/2015 11:10	13.55	7.09	12.89	12.39	11.48	4	100
11/12/2015 11:15	12.33	6.58	11.09	10.39	10.1	4	100
11/12/2015 11:20	13.61	7.38	13.31	11.19	11.37	4	100
11/12/2015 11:25	18.71	8.07	13.08	11.43	12.82	4	100
11/12/2015 11:30	13.32	7.98	13.38	14.27	12.24	4	100
11/12/2015 11:35	14.52	7.17	13.13	11.06	11.47	4	100
11/12/2015 11:40	13.98	7.77	12.19	12.14	11.52	4	100
11/12/2015 11:45	12.48	6.72	12.01	12.22	10.86	4	100
11/12/2015 11:50	14.41	7.02	13.71	10.43	11.39	4	100
11/12/2015 11:55	12.94	7.37	12.02	10.25	10.65	4	100
11/12/2015 12:00	12.23	7.89	12.68	10.81	10.9	4	100
11/12/2015 12:05	13.63	7.91	12.88	12.83	11.81	4	100
11/12/2015 12:10	14.49	8.09	13.66	11.37	11.9	4	100
11/12/2015 12:15	15.11	8.03	14.15	10.35	11.91	4	100
11/12/2015 12:20	20.71	9.94	13.78	11.6	14.01	4	100
11/12/2015 12:25	13.81	7.85	14.26	12.59	12.13	4	100
11/12/2015 12:30	15.67	7.94	14.84	13.82	13.07	4	100
11/12/2015 12:35	14.93	7.9	15.96	11.84	12.66	4	100
11/12/2015 12:40	13.62	7.17	13.26	11.71	11.44	4	100
11/12/2015 12:45	14.9	7.48	14.36	11.15	11.97	4	100
11/12/2015 12:50	15.29	8.47	13.83	11.43	12.26	4	100
11/12/2015 12:55	14.13	7.12	13.83	10.96	11.51	4	100
11/12/2015 13:00	21.07	10.03	17.53	12.84	15.37	4	100
11/12/2015 13:05	29.03	13.13	20.37	15.87	19.6	4	100
11/12/2015 13:10	15.85	8.48	16.81	14.04	13.79	4	100
11/12/2015 13:15	14.61	8.17	12.68	10.41	11.47	4	100
11/12/2015 13:20	16.4	8.38	13.81	12.96	12.89	4	100
11/12/2015 13:25	17.69	9.25	17.57	14.45	14.74	4	100
11/12/2015 13:30	16.02	8.7	15.9	12.06	13.17	4	100
11/12/2015 13:35	16.22	9.9	14.78	13.75	13.66	4	100
11/12/2015 13:40	14.1	8.04	13.17	13.46	12.19	4	100
11/12/2015 13:45	14.87	8.56	15.61	13.33	13.09	4	100
11/12/2015 13:50	18.36	10.61	16.95	13.04	14.74	4	100
11/12/2015 13:55	17.52	10.07	17.24	14.45	14.82	4	100
11/12/2015 14:00	26.67	11.02	18.76	17.57	18.5	4	100
11/12/2015 14:05	22.01	11.6	18.52	19.19	17.83	4	100
11/12/2015 14:10	28.83	18.83	30.5	24.44	25.65	4	100
11/12/2015 14:15	27.9	14.67	24.01	20.95	21.88	4	100
11/12/2015 14:20	28.96	14.88	22.16	20.25	21.56	4	100
11/12/2015 14:25	20.42	12.11	18.32	18.11	17.24	4	100
11/12/2015 14:30	35.42	16.56	25.19	24.41	25.4	4	100
11/12/2015 14:35	30.52	14.98	21.44	22.08	22.25	4	100
11/12/2015 14:40	30.64	17.22	24.65	21.01	23.38	4	100
11/12/2015 14:45	31.82	17.1	26.13	21.47	24.13	4	100
11/12/2015 14:50	45.71	25.52	47.21	40	39.61	4	100
11/12/2015 14:55	28.9	18.34	25.17	21.45	23.46	4	100
11/12/2015 15:00	31.7	16.41	27.71	24.65	25.12	4	100
11/12/2015 15:05	25.42	14.54	22.24	17.27	19.87	4	100
11/12/2015 15:10	31.59	16.08	23.58	22.68	23.48	4	100
11/12/2015 15:15	27.61	18.15	21.14	18.87	21.44	4	100
11/12/2015 15:20	23.12	12.36	19.22	16.94	17.91	4	100
11/12/2015 15:25	35.56	17.56	25.66	17.31	24.02	4	100
11/12/2015 15:30	33.57	17.21	27.01	21.84	24.91	4	100
11/12/2015 15:35	28.8	14.75	24.65	20.2	22.1	4	100
11/12/2015 15:40	28.94	14.15	27.07	20.48	22.66	4	100
11/12/2015 15:45	32.97	16.02	24.16	22.69	23.96	4	100
11/12/2015 15:50	36.04	20.63	31.69	29.71	29.52	4	100
11/12/2015 15:55	32.68	17.56	26.36	24.61	25.3	4	100
11/12/2015 16:00	32.98	20.91	31.9	32.3	29.52	4	100
11/12/2015 16:05	28.31	17.41	24.83	23.1	23.41	4	100
11/12/2015 16:10	34.73	24.94	34.53	26.6	30.2	4	100
11/12/2015 16:15	44.84	27.36	41.72	42.84	39.19	4	100
11/12/2015 16:20	33.71	15.72	28.45	27.94	26.45	4	100
11/12/2015 16:25	36.05	21.52	32.34	28.51	29.61	4	100
11/12/2015 16:30	44.88	24.09	48.67	49.39	41.76	4	100
11/12/2015 16:35	33.5	16.69	32.95	35.12	29.57	4	100
11/12/2015 16:40	34.41	20.41	37.75	30.07	30.66	4	100
11/12/2015 16:45	36.68	25.85	32.94	34.75	32.56	4	100
11/12/2015 16:50	38.14	22.66	31.26	29.32	30.34	4	100
11/12/2015 16:55	40.69	25.88	37.82	37.37	35.44	4	100
11/12/2015 17:00	37.44	24.3	41.39	43.4	36.63	4	100
11/12/2015 17:05	28.63	19.48	37.02	32.75	29.47	4	100
11/12/2015 17:10	37.4	23.74	46.05	39.53	36.68	4	100
11/12/2015 17:15	41.71	22.53	38.19	37.95	35.1	4	100
11/12/2015 17:20	32.03	18.21	32.57	31.93	28.68	4	100
11/12/2015 17:25	30.08	19.91	31.06	27.29	27.08	4	100
11/12/2015 17:30	40.28	22.13	40.04	40.08	35.63	4	100
11/12/2015 17:35	37.98	22.9	39.44	40.41	35.18	4	100
11/12/2015 17:40	37.09	22.29	42.13	41.45	35.74	4	100
11/12/2015 17:45	44.03	28.06	42.73	48.25	40.77	4	100
11/12/2015 17:50	33.08	20.89	36.49	39.31	32.44	4	100
11/12/2015 17:55	37.72	25.98	44.44	47.55	38.92	4	100
11/12/2015 18:00	39.01	24.3	43.71	46	38.26	4	100
11/12/2015 18:05	39.22	25.13	39.15	42.94	36.61	4	100
11/12/2015 18:10	44.4	24.33	48.3	44.36	40.35	4	100
11/12/2015 18:15	38.48	20.73	42.31	41.75	35.82	4	100
11/12/2015 18:20	37.93	23.75	44.28	46.96	38.23	4	100
11/12/2015 18:25	33.24	19.38	42.51	45.41	35.13	4	100
11/12/2015 18:30	31.99	19.82	36.57	38.79	31.79	4	100
11/12/2015 18:35	33.06	21.73	49	39.67	35.87	4	100
11/12/2015 18:40	38.65	18.34	35.38	27.05	29.86	4	100
11/12/2015 18:45	49.95	24.57	38.77	35.87	37.29	4	100
11/12/2015 18:50	27.37	16.49	24.82	24.48	23.29	4	100
11/12/2015 18:55	33.3	22.46	30.56	28.3	28.65	4	100
11/12/2015 19:00	49.76	24.14	41.94	39.06	38.72	4	100
11/12/2015 19:05	33.6	21.5	38.19	36.47	32.44	4	100
11/12/2015 19:10	37.63	20.1	38.4	43.1	34.81	4	100
11/12/2015 19:15	30.58	17.41	27.03	25.17	25.05	4	100
11/12/2015 19:20	28.91	15.48	23	19.05	21.61	4	100
11/12/2015 19:25	27.78	17.19	24.99	19.13	22.27	4	100
11/12/2015 19:30	37.41	22.33	38.25	35.63	33.41	4	100
11/12/2015 19:35	33.78	20.83	37.58	40.77	33.24	4	100
11/12/2015 19:40	37.91	23.7	34.9	34.88	32.85	4	100
11/12/2015 19:45	32.79	20.74	35.16	31.64	30.08	4	100
11/12/2015 19:50	41.05	18.38	32.41	26.65	29.62	4	100
11/12/2015 19:55	39.59	22.35	32.91	25.1	29.99	4	100
11/12/2015 20:00	32.48	20.48	34.6	25.06	28.15	4	100
11/12/2015 20:05	31.16	16.89	25.44	20.92	23.6	4	100
11/12/2015 20:10	25.74	13.83	22.72	18.95	20.31	4	100
11/12/2015 20:15	26.02	14.18	22.37	20.56	20.78	4	100
11/12/2015 20:20	30.29	18.96	21.7	19.54	22.62	4	100
11/12/2015 20:25	24.67	12.73	18.84	16.47	18.18	4	100
11/12/2015 20:30	22.9	13.43	22.14	19.21	19.42	4	100
11/12/2015 20:35	19.2	11.8	19.52	18.73	17.31	4	100
11/12/2015 20:40	12.07	7.33	14.27	12.58	11.56	4	100
11/12/2015 20:45	11.64	7.27	13.06	11.31	10.82	4	100
11/12/2015 20:50	11.29	6.93	11.22	11.53	10.24	4	100
11/12/2015 20:55	11.05	7.41	9.53	10.43	9.6	4	100
11/12/2015 21:00	12.17	6.1	12.13	9.64	10.01	4	100
11/12/2015 21:05	11.83	6.92	12.92	11.94	10.9	4	100
11/12/2015 21:10	11.04	6.06	10.89	10.52	9.63	4	100
11/12/2015 21:15	11.58	6.94	10.67	12.02	10.3	4	100
11/12/2015 21:20	12.33	6.59	11.87	10.44	10.31	4	100
11/12/2015 21:25	12.37	5.93	9.95	9.69	9.48	4	100
11/12/2015 21:30	10.93	6.66	12.44	10.84	10.22	4	100
11/12/2015 21:35	11.37	6.35	11.94	12.14	10.45	4	100
11/12/2015 21:40	12.86	7.12	12.78	11.91	11.17	4	100
11/12/2015 21:45	8.39	6.01	10.56	9.85	8.7	4	100
11/12/2015 21:50	12.41	6.79	12.83	11.34	10.84	4	100
11/12/2015 21:55	10.58	6	10.42	8.74	8.94	4	100
11/12/2015 22:00	11.82	5.89	12.91	11.37	10.5	4	100
11/12/2015 22:05	9.8	5.72	10.49	10.63	9.16	4	100
11/12/2015 22:10	8.9	5.63	9.72	11.05	8.82	4	100
11/12/2015 22:15	10.29	6.48	9.91	11.1	9.45	4	100
11/12/2015 22:20	10.29	6.37	9.17	9.9	8.93	4	100
11/12/2015 22:25	9.08	5.84	9.66	11.17	8.94	4	100
11/12/2015 22:30	9.18	6.14	8.7	9.6	8.4	4	100
11/12/2015 22:35	8.73	5.98	10.44	9.78	8.73	4	100
11/12/2015 22:40	8.92	5.63	9.48	22.32	11.59	4	100
11/12/2015 22:45	9.31	4.42	9.62	8.62	7.99	4	100
11/12/2015 22:50	7.64	4.91	8.9	9.8	7.81	4	100
11/12/2015 22:55	7.78	5.03	7.73	5.82	6.59	4	100
11/12/2015 23:00	6.89	3.97	6.9	7.37	6.28	4	100
11/12/2015 23:05	6.69	4.33	7.72	7.34	6.52	4	100
11/12/2015 23:10	7.09	4.29	9.65	7.17	7.05	4	100
11/12/2015 23:15	6.22	4.45	7.66	6	6.08	4	100
11/12/2015 23:20	7.02	4.48	6.64	7.25	6.35	4	100
11/12/2015 23:25	5.64	4.1	5.75	6.33	5.46	4	100
11/12/2015 23:30	5.25	4.24	6.92	6.49	5.72	4	100
11/12/2015 23:35	4.77	3.35	6.44	5.79	5.09	4	100
11/12/2015 23:40	4.01	3.27	6.1	5.43	4.7	4	100
11/12/2015 23:45	4.61	3.5	5.36	5.57	4.76	4	100
11/12/2015 23:50	3.61	2.22	5.66	6.06	4.39	4	100
11/12/2015 23:55	3.66	3.1	4.7	5.25	4.18	4	100
11/13/2015 00:00	4.61	3.14	5.29	4.96	4.5	4	100
11/13/2015 00:05	4.04	2.34	4.17	5.16	3.93	4	100
11/13/2015 00:10	2.81	2.37	4.24	4.76	3.55	4	100
11/13/2015 00:15	3.91	2.78	4.93	6.68	4.57	4	100
11/13/2015 00:20	3.09	1.98	4.85	4.37	3.57	4	100
11/13/2015 00:25	2.71	2.25	4.84	4.28	3.52	4	100
11/13/2015 00:30	3.53	2.64	3.93	4.81	3.73	4	100
11/13/2015 00:35	2.87	2.08	4.39	3.87	3.3	4	100
11/13/2015 00:40	2.54	1.86	5.04	3.75	3.3	4	100
11/13/2015 00:45	1.79	1.92	1.99	4.46	2.54	4	100
11/13/2015 00:50	2.1	1.34	3.3	2.66	2.35	4	100
11/13/2015 00:55	2.88	1.73	3.01	4.12	2.94	4	100
11/13/2015 01:00	.82	1.28	1.33	1.21	1.16	4	0
11/13/2015 01:05	.84	1.31	1.36	1.24	1.19	4	0
11/13/2015 01:10	.72	1	2.61	4.72	2.26	4	100
11/13/2015 01:15	1.15	1.52	2.39	3.98	2.26	4	100
11/13/2015 01:20	1.64	1.83	3.38	3.34	2.55	4	100
11/13/2015 01:25	1.49	1.31	2.82	3.66	2.32	4	100
11/13/2015 01:30	1.15	1.29	2.97	3.25	2.16	4	100
11/13/2015 01:35	1.47	1.35	3.86	2.83	2.38	4	100
11/13/2015 01:40	1.52	1.26	1.99	3.81	2.15	4	100
11/13/2015 01:45	1.23	.98	2.73	3.06	2	4	100
11/13/2015 01:50	1.13	1.56	2.75	3.06	2.13	4	100
11/13/2015 01:55	1.92	.99	1.64	1.94	1.62	4	100
11/13/2015 02:00	1.29	.9	2.29	2.18	1.66	4	100
11/13/2015 02:05	1.13	1.02	2.19	2.97	1.83	4	100
11/13/2015 02:10	.9	1.2	3.12	4.07	2.32	4	100
11/13/2015 02:15	.31	.74	2.52	1.75	1.33	4	100
11/13/2015 02:20	1.34	.94	1.68	2.58	1.63	4	100
11/13/2015 02:25	1.01	.99	3.18	2.96	2.04	4	100
11/13/2015 02:30	1.31	1	2.24	2.18	1.68	4	100
11/13/2015 02:35	.95	1.13	1.38	2.59	1.51	4	100
11/13/2015 02:40	.69	.94	2.71	2.6	1.74	4	100
11/13/2015 02:45	.69	.91	1.66	1.98	1.31	4	100
11/13/2015 02:50	.63	.78	1.17	3.98	1.64	4	100
11/13/2015 02:55	.46	1.1	1.94	3.01	1.63	4	100
11/13/2015 03:00	.53	.55	1.77	2.28	1.28	4	100
11/13/2015 03:05	.51	.56	1.01	1.78	.96	4	100
11/13/2015 03:10	.4	.4	1.75	2.22	1.19	4	100
11/13/2015 03:15	.67	.92	1.4	2.47	1.37	4	100
11/13/2015 03:20	.29	.65	1.42	1.67	1.01	4	100
11/13/2015 03:25	1.16	.78	1.85	3.21	1.75	4	100
11/13/2015 03:30	1.19	.93	2.75	2.8	1.92	4	100
11/13/2015 03:35	.53	.62	.92	2.57	1.16	4	100
11/13/2015 03:40	.91	.76	1.72	4.42	1.95	4	100
11/13/2015 03:45	1.33	1.05	3.08	1.71	1.79	4	100
11/13/2015 03:50	.77	.79	.82	2.1	1.12	4	100
11/13/2015 03:55	.69	.94	1.49	2.75	1.47	4	100
11/13/2015 04:00	1.1	1.07	1.53	3.1	1.7	4	100
11/13/2015 04:05	.89	1.14	.92	2.6	1.39	4	100
11/13/2015 04:10	1.3	1.28	1.6	1.73	1.48	4	100
11/13/2015 04:15	1.05	1.02	2.64	2.71	1.86	4	100
11/13/2015 04:20	1.34	1.26	2.02	3.24	1.97	4	100
11/13/2015 04:25	1.94	1.11	3.18	2.67	2.22	4	100
11/13/2015 04:30	2.5	1.46	2.9	3.9	2.69	4	100
11/13/2015 04:35	1.86	.77	2.09	2.53	1.81	4	100
11/13/2015 04:40	2.13	1.57	1.31	2.71	1.93	4	100
11/13/2015 04:45	2.27	2.07	2.74	3.72	2.7	4	100
11/13/2015 04:50	2.25	1.87	4.36	2.88	2.84	4	100
11/13/2015 04:55	2.77	1.87	3.29	1.9	2.46	4	100
11/13/2015 05:00	2.78	2.16	3.37	2.41	2.68	4	100
11/13/2015 05:05	3.16	1.75	3.27	2.71	2.72	4	100
11/13/2015 05:10	2.86	1.98	3.53	3.79	3.04	4	100
11/13/2015 05:15	4.59	2.97	4.45	4.21	4.06	4	100
11/13/2015 05:20	5.32	3.29	5.66	3.74	4.5	4	100
11/13/2015 05:25	4.89	3.18	4.83	6.02	4.73	4	100
11/13/2015 05:30	6.95	3.72	8	5.04	5.93	4	100
11/13/2015 05:35	6.98	3.42	4.47	5.48	5.09	4	100
11/13/2015 05:40	6.65	4.37	6.78	5.63	5.86	4	100
11/13/2015 05:45	7.81	4.02	7.49	5.03	6.09	4	100
11/13/2015 05:50	6.15	3.64	5.02	4.16	4.74	4	100
11/13/2015 05:55	5.95	3.62	6.56	6.08	5.55	4	100
11/13/2015 06:00	7.26	3.87	5.33	7.48	5.99	4	100
11/13/2015 06:05	7.25	3.48	6.71	5.12	5.64	4	100
11/13/2015 06:10	8.75	3.69	6.5	6.07	6.25	4	100
11/13/2015 06:15	7.52	4.59	8.52	5.73	6.59	4	100
11/13/2015 06:20	7.4	4.09	6.37	5.5	5.84	4	100
11/13/2015 06:25	9.12	4.51	6.87	6.08	6.65	4	100
11/13/2015 06:30	9.4	4.7	8.27	7.08	7.36	4	100
11/13/2015 06:35	8.76	5.3	9.15	7.66	7.72	4	100
11/13/2015 06:40	10.24	5.64	8.86	8.59	8.33	4	100
11/13/2015 06:45	12.63	6.6	10.65	8.63	9.63	4	100
11/13/2015 06:50	9.52	5.5	9.07	8.97	8.27	4	100
11/13/2015 06:55	10.94	5.76	9.64	7.08	8.35	4	100
11/13/2015 07:00	11.19	6.87	9.63	8.81	9.12	4	100
11/13/2015 07:05	10.13	19.45	11.34	8.59	12.38	4	100
11/13/2015 07:10	12.15	7.38	10.72	10.52	10.19	4	100
11/13/2015 07:15	13.98	6.71	12.16	10.91	10.94	4	100
11/13/2015 07:20	11.84	6.75	10.45	9.34	9.59	4	100
11/13/2015 07:25	13.16	7.61	9.98	9.7	10.11	4	100
11/13/2015 07:30	11.67	6.52	10.44	9.13	9.44	4	100
11/13/2015 07:35	13.99	7.21	12.13	10.1	10.86	4	100
11/13/2015 07:40	9.99	5.54	8.44	9.79	8.44	4	100
11/13/2015 07:45	12.14	6.99	10.44	8.28	9.46	4	100
11/13/2015 07:50	11.38	6.56	9.59	10.15	9.42	4	100
11/13/2015 07:55	11.71	7.02	10.71	9.94	9.84	4	100
11/13/2015 08:00	12.42	6.23	10.43	10.69	9.94	4	100
11/13/2015 08:05	12.26	6.52	10.37	10	9.79	4	100
11/13/2015 08:10	14.47	8.46	12.45	10.17	11.39	4	100
11/13/2015 08:15	13.29	5.74	10.85	9.81	9.92	4	100
11/13/2015 08:20	12.23	7.88	11.12	9.2	10.11	4	100
11/13/2015 08:25	14.29	7.63	13.02	10.48	11.36	4	100
11/13/2015 08:30	11.06	6.47	10.1	8.85	9.12	4	100
11/13/2015 08:35	13.81	7.11	12.15	10.25	10.83	4	100
11/13/2015 08:40	13	7.33	11.88	8.01	10.06	4	100
11/13/2015 08:45	10.96	6.48	9.43	8.51	8.85	4	100
11/13/2015 08:50	14.87	7.82	11.53	10.06	11.07	4	100
11/13/2015 08:55	12.79	7.2	10.1	8.77	9.72	4	100
11/13/2015 09:00	14.64	7.33	11.97	10.12	11.02	4	100
11/13/2015 09:05	12.32	5.97	11.22	9.34	9.71	4	100
11/13/2015 09:10	13.08	7.24	10.96	9.51	10.2	4	100
11/13/2015 09:15	12.86	6.16	10.94	10.77	10.18	4	100
11/13/2015 09:20	10.48	5.49	9.79	9.23	8.75	4	100
11/13/2015 09:25	11.79	6.12	9.62	8.46	9	4	100
11/13/2015 09:30	11.64	6.48	9.68	9.21	9.25	4	100
11/13/2015 09:35	12.5	8.39	9.11	10.11	10.03	4	100
11/13/2015 09:40	12.54	6.71	10.28	9.68	9.8	4	0
11/13/2015 09:45	12.88	6.97	10.68	8.59	9.78	4	0
11/13/2015 09:50	13.82	7.29	13.8	11.81	11.68	4	100
11/13/2015 09:55	12.69	6.54	10.01	8.24	9.37	4	100
11/13/2015 10:00	14.12	7.8	13.49	12.37	11.95	4	100
11/13/2015 10:05	10.23	6.68	10.45	8.18	8.88	4	100
11/13/2015 10:10	11.82	7.71	12.76	11.29	10.89	4	100
11/13/2015 10:15	13.82	7.11	11.78	10.7	10.85	4	100
11/13/2015 10:20	15.03	7.66	11.6	11.56	11.46	4	100
11/13/2015 10:25	12.37	6.21	10.93	9.99	9.88	4	100
11/13/2015 10:30	13.15	7.39	12.4	12.19	11.28	4	100
11/13/2015 10:35	15.58	8.63	13.88	10.22	12.08	4	100
11/13/2015 10:40	11.72	6.73	11.82	9.33	9.9	4	0
11/13/2015 10:45	12.77	7	12.08	10.49	10.58	4	0
11/13/2015 10:50	13.49	7.32	13.37	11.57	11.44	4	0
11/13/2015 10:55	12.82	8.04	10.61	13.49	11.24	4	100
11/13/2015 11:00	12.24	7.5	11.23	8.72	9.92	4	100
11/13/2015 11:05	12.44	7.5	14.69	11.66	11.57	4	100
11/13/2015 11:10	14.57	8.72	15.11	11.78	12.55	4	100
11/13/2015 11:15	13.7	6.86	13.15	10.76	11.12	4	100
11/13/2015 11:20	13.28	7.56	14.59	12.12	11.89	4	100
11/13/2015 11:25	15.15	8.2	14.51	10.54	12.1	4	100
11/13/2015 11:30	13.11	7.51	11.67	12.41	11.17	4	100
11/13/2015 11:35	14.16	8.71	14.1	10.83	11.95	4	100
11/13/2015 11:40	12.75	6.82	13.94	12.96	11.62	4	100
11/13/2015 11:45	12.17	7.93	13	9.3	10.6	4	100
11/13/2015 11:50	15.51	7.12	11.91	11.67	11.55	4	0
11/13/2015 11:55	16	7.64	13.6	12.06	12.32	4	0
11/13/2015 12:00	16.08	8.09	13.75	12.5	12.6	4	0
11/13/2015 12:05	14.12	7.14	12.58	9.92	10.94	4	100
11/13/2015 12:10	15.39	8.08	14	11.33	12.2	4	100
11/13/2015 12:15	13.3	7.2	11.29	12.39	11.05	4	100
11/13/2015 12:20	13.95	7.02	11.84	10.71	10.88	4	100
11/13/2015 12:25	14.05	6.98	13.11	11.06	11.3	4	100
11/13/2015 12:30	28.58	7.93	15.2	12.3	16	4	100
11/13/2015 12:35	15.42	7.45	11.8	13.75	12.11	4	100
11/13/2015 12:40	14.93	7.92	14.06	12.38	12.32	4	100
11/13/2015 12:45	16.09	8.24	13.14	10.26	11.93	4	100
11/13/2015 12:50	12.8	6.89	12.3	10.74	10.68	4	100
11/13/2015 12:55	13.56	7.57	11.61	12.11	11.21	4	100
11/13/2015 13:00	13.44	7.09	12.11	11.62	11.06	4	100
11/13/2015 13:05	14.29	7.5	12.11	11.03	11.23	4	100
11/13/2015 13:10	18	9.46	16.08	13.89	14.36	4	100
11/13/2015 13:15	16.94	9.32	15.23	12.87	13.59	4	100
11/13/2015 13:20	18.62	9.88	13.16	12.9	13.64	4	100
11/13/2015 13:25	17.26	9.66	15.82	14.52	14.31	4	100
11/13/2015 13:30	23.84	14.29	20.61	17.25	19	4	100
11/13/2015 13:35	18.87	10.37	15.27	13.44	14.49	4	100
11/13/2015 13:40	17.89	10.67	16.56	17.57	15.67	4	100
11/13/2015 13:45	25.39	17.06	23.01	21.5	21.74	4	100
11/13/2015 13:50	18.75	11.25	21.54	16.74	17.07	4	100
11/13/2015 13:55	30.46	15.38	21.45	18.8	21.52	4	100
11/13/2015 14:00	19.29	13.07	19.78	16.69	17.21	4	100
11/13/2015 14:05	27.69	16.2	27.58	21.76	23.31	4	100
11/13/2015 14:10	26.72	13.01	22.8	21.56	21.02	4	100
11/13/2015 14:15	17.99	11.48	22.05	20.21	17.93	4	100
11/13/2015 14:20	24.19	15.17	24.41	24.42	22.05	4	100
11/13/2015 14:25	27.49	15.75	25.5	19.97	22.18	4	100
11/13/2015 14:30	30.14	17.67	29.53	24.81	25.54	4	100
11/13/2015 14:35	33.35	21	30.71	24.08	27.28	4	100
11/13/2015 14:40	32.19	21.21	29.97	20.52	25.97	4	100
11/13/2015 14:45	29.21	15.76	27.93	22.62	23.88	4	100
11/13/2015 14:50	29.39	15.6	22.87	19.35	21.8	4	100
11/13/2015 14:55	28.42	14.67	24	20.81	21.98	4	100
11/13/2015 15:00	24.72	17.56	24.57	22.19	22.26	4	100
11/13/2015 15:05	28.68	19.89	30.29	25.83	26.17	4	100
11/13/2015 15:10	29.39	16.03	24.88	21.76	23.01	4	100
11/13/2015 15:15	24.03	12.68	21.96	19.64	19.58	4	100
11/13/2015 15:20	30.02	17.13	22.56	21.6	22.83	4	100
11/13/2015 15:25	26.51	14.57	23.68	22.55	21.83	4	0
11/13/2015 15:30	34.16	18.74	27.11	23.46	25.87	4	0
11/13/2015 15:35	28.67	16.15	23.35	20.03	22.05	4	0
11/13/2015 15:40	27.56	19.89	25.64	22.56	23.91	4	100
11/13/2015 15:45	37.2	21.15	37.77	31.58	31.93	4	0
11/13/2015 15:50	36.49	21.79	35.61	34.66	32.14	4	0
11/13/2015 15:55	32.26	20.56	39.3	35.31	31.86	4	100
11/13/2015 16:00	35.19	17.49	30.99	26.71	27.6	4	100
11/13/2015 16:05	35.25	18.44	29.78	28.67	28.03	4	100
11/13/2015 16:10	30.71	16.94	29.73	30.73	27.03	4	100
11/13/2015 16:15	34.52	18.95	35.61	33.8	30.72	4	100
11/13/2015 16:20	38.4	23.88	33.98	31.88	32.04	4	100
11/13/2015 16:25	31.27	19.13	37.4	35.08	30.72	4	100
11/13/2015 16:30	36.14	20.74	35.77	29.53	30.54	4	100
11/13/2015 16:35	35.19	23.19	39.95	41.35	34.92	4	100
11/13/2015 16:40	36.61	23.82	28.58	26.49	28.87	4	100
11/13/2015 16:45	42.45	27.92	50.01	49.91	42.57	4	100
11/13/2015 16:50	30.81	21.2	37.99	33.45	30.86	4	100
11/13/2015 16:55	35.53	23.31	42.16	41.89	35.72	4	100
11/13/2015 17:00	33.17	22.9	41.03	37.8	33.72	4	100
11/13/2015 17:05	34.58	25.2	46.33	45.02	37.78	4	100
11/13/2015 17:10	41.57	24.09	39.63	29.58	33.72	4	100
11/13/2015 17:15	23.12	14.03	22.19	21.42	20.19	4	100
11/13/2015 17:20	23.6	13.83	23.42	18.55	19.85	4	100
11/13/2015 17:25	34.54	20.35	37.56	30.95	30.85	4	100
11/13/2015 17:30	39.87	19.9	45.83	40.65	36.56	4	100
11/13/2015 17:35	30.96	18.8	31.45	28.59	27.45	4	100
11/13/2015 17:40	39.83	20.98	31.38	26.45	29.66	4	100
11/13/2015 17:45	41.71	22.13	40.46	35.31	34.9	4	100
11/13/2015 17:50	34.36	22.14	34.25	34.41	31.29	4	100
11/13/2015 17:55	30.96	14.26	28.38	20.77	23.59	4	100
11/13/2015 18:00	37.2	16.09	33.58	29.95	29.2	4	100
11/13/2015 18:05	34.77	24.13	38.2	37.54	33.66	4	100
11/13/2015 18:10	44.29	22.89	39.36	43.76	37.57	4	100
11/13/2015 18:15	30.79	17.05	32.45	27.42	26.93	4	100
11/13/2015 18:20	43.09	23.15	33.7	27.71	31.91	4	100
11/13/2015 18:25	34.31	23.56	35.13	33.25	31.56	4	100
11/13/2015 18:30	34.54	19.84	35.81	33.21	30.85	4	100
11/13/2015 18:35	41.35	21.13	32.69	24.23	29.85	4	100
11/13/2015 18:40	46.27	18.31	35.1	29.75	32.36	4	100
11/13/2015 18:45	33.42	26.65	39.75	36.1	33.98	4	100
11/13/2015 18:50	24.89	15.45	27.82	23.2	22.84	4	100
11/13/2015 18:55	25.48	17.48	20.08	20.28	20.83	4	100
11/13/2015 19:00	40.5	17.89	34.93	27.67	30.25	4	100
11/13/2015 19:05	23.7	15.35	27.67	22.67	22.35	4	100
11/13/2015 19:10	28.21	14.77	27.51	22.45	23.24	4	100
11/13/2015 19:15	23.94	15.08	23.46	22.98	21.37	4	100
11/13/2015 19:20	18.49	11.11	18.59	16.77	16.24	4	100
11/13/2015 19:25	34.73	17.65	20.78	21.59	23.69	4	100
11/13/2015 19:30	35.33	18.34	25.83	22.14	25.41	4	100
11/13/2015 19:35	32.68	18.66	29.52	16.64	24.37	4	100
11/13/2015 19:40	26.76	16.35	20.77	16.56	20.11	4	100
11/13/2015 19:45	31.76	16.71	24.8	17.33	22.65	4	100
11/13/2015 19:50	16.65	10.02	17.6	15.51	14.94	4	100
11/13/2015 19:55	11.91	7.66	12.11	11.86	10.88	4	100
11/13/2015 20:00	12.6	8.53	12.13	11.3	11.14	4	100
11/13/2015 20:05	11.33	6.58	11.56	9.89	9.84	4	100
11/13/2015 20:10	11.6	7.34	11.36	9.3	9.9	4	100
11/13/2015 20:15	13.1	6.75	12.22	10.05	10.53	4	100
11/13/2015 20:20	14.95	7.3	11.01	11.87	11.28	4	100
11/13/2015 20:25	13.18	7.63	12.13	10.99	10.98	4	100
11/13/2015 20:30	12.01	7.17	12.61	10.64	10.61	4	100
11/13/2015 20:35	12.35	6.11	11.81	8.93	9.8	4	100
11/13/2015 20:40	13.02	7.17	12.09	11.65	10.98	4	100
11/13/2015 20:45	12.14	6.52	10.35	10.06	9.77	4	100
11/13/2015 20:50	11.3	7.11	10.09	9.46	9.49	4	100
11/13/2015 20:55	13.57	6.78	12.04	10.52	10.73	4	100
11/13/2015 21:00	12.3	6.48	10.38	9.27	9.61	4	100
11/13/2015 21:05	11.19	7.19	11.77	10.05	10.05	4	100
11/13/2015 21:10	10.18	5.5	10.27	9	8.74	4	100
11/13/2015 21:15	11.22	6.38	11.8	8.35	9.44	4	100
11/13/2015 21:20	11.07	6.26	9.57	9.69	9.15	4	100
11/13/2015 21:25	11.21	6.17	9.15	7.75	8.57	4	100
11/13/2015 21:30	8.92	6.27	9.79	8.94	8.48	4	100
11/13/2015 21:35	11.56	6.73	10.4	9.77	9.61	4	100
11/13/2015 21:40	10.56	6.28	11.51	8.26	9.15	4	100
11/13/2015 21:45	11.01	7.72	13.19	9.45	10.34	4	100
11/13/2015 21:50	10.7	21.29	10.9	11.52	13.6	4	100
11/13/2015 21:55	12.36	7.19	11.33	10.29	10.29	4	100
11/13/2015 22:00	10.67	7.35	12.19	10.1	10.08	4	100
11/13/2015 22:05	10.45	5.77	10.32	8.52	8.77	4	100
11/13/2015 22:10	10.88	5.75	10.25	8.58	8.86	4	100
11/13/2015 22:15	10.8	6.56	10.07	10.83	9.56	4	100
11/13/2015 22:20	11.46	5.99	10.02	11.48	9.74	4	100
11/13/2015 22:25	10.63	5.85	10.56	8.9	8.98	4	100
11/13/2015 22:30	10.77	6.21	11.59	9.66	9.56	4	100
11/13/2015 22:35	10.26	6.25	10.96	10.02	9.37	4	100
11/13/2015 22:40	10.14	6.16	10.9	10.35	9.39	4	100
11/13/2015 22:45	8.19	6.25	9.99	8.74	8.29	4	100
11/13/2015 22:50	9.21	4.93	9.34	8.31	7.95	4	100
11/13/2015 22:55	7.95	4.61	8.52	8.69	7.44	4	100
11/13/2015 23:00	8.68	5.76	9.72	9.72	8.47	4	100
11/13/2015 23:05	8.2	5.39	10.59	8.61	8.2	4	100
11/13/2015 23:10	7.38	4.83	8.91	8.68	7.45	4	100
11/13/2015 23:15	7.04	4.46	7.7	6.84	6.51	4	100
11/13/2015 23:20	5.76	4.54	7.38	6.65	6.08	4	100
11/13/2015 23:25	6.68	3.19	7.53	5.82	5.8	4	100
11/13/2015 23:30	5.54	4.75	6.74	8.6	6.41	4	100
11/13/2015 23:35	5.78	4.06	7.95	6.49	6.07	4	100
11/13/2015 23:40	5.58	3.85	7.67	6.52	5.9	4	100
11/13/2015 23:45	4.46	3.52	7.91	6.5	5.6	4	100
11/13/2015 23:50	5.96	3.58	7.7	8.25	6.37	4	100
11/13/2015 23:55	5.67	3.67	7.51	7.28	6.03	4	100
11/14/2015 00:00	4.53	3.42	6.06	6.14	5.04	4	100
11/14/2015 00:05	5.52	3.72	6.29	5.82	5.34	4	100
11/14/2015 00:10	6.59	4.3	6.08	6.92	5.97	4	100
11/14/2015 00:15	4.63	3.41	5.88	6.49	5.1	4	100
11/14/2015 00:20	4.34	3.01	5.49	5.46	4.57	4	100
11/14/2015 00:25	4.52	2.95	5.67	5.48	4.65	4	100
11/14/2015 00:30	4.27	3.13	5.59	6.12	4.78	4	100
11/14/2015 00:35	4.32	2.87	5.32	5.45	4.49	4	100
11/14/2015 00:40	4.33	2.66	4.71	4.01	3.93	4	100
11/14/2015 00:45	3.41	2.72	3.87	3.94	3.48	4	100
11/14/2015 00:50	2.26	2.44	4.97	5.19	3.72	4	100
11/14/2015 00:55	3.02	2.07	3.74	4.56	3.35	4	100
11/14/2015 01:00	1.28	1.98	2.06	1.88	1.8	4	0
11/14/2015 01:05	1.24	1.93	2.01	1.83	1.75	4	0
11/14/2015 01:10	6.39	2.72	5.67	2.75	4.38	4	0
11/14/2015 01:15	2.96	2.24	3.26	4.41	3.22	4	100
11/14/2015 01:20	2.11	1.54	4.27	2.97	2.72	4	100
11/14/2015 01:25	2.66	2.46	3.88	3.46	3.11	4	100
11/14/2015 01:30	1.57	1.68	4.04	3.81	2.77	4	100
11/14/2015 01:35	1.24	1.55	2.96	3.27	2.26	4	100
11/14/2015 01:40	1.67	1.49	3.04	3.27	2.37	4	100
11/14/2015 01:45	2.09	2.41	4.25	3.19	2.98	4	100
11/14/2015 01:50	2.01	1.5	2.9	2.42	2.21	4	100
11/14/2015 01:55	1.75	1.81	2.76	2.53	2.21	4	100
11/14/2015 02:00	2.41	1.51	2.55	4.17	2.66	4	100
11/14/2015 02:05	2.03	1.57	3.31	4.47	2.84	4	100
11/14/2015 02:10	2.3	1.5	3.36	3.3	2.61	4	0
11/14/2015 02:15	2.06	1.7	3.17	3.02	2.49	4	0
11/14/2015 02:20	1.49	1.36	3.74	3.18	2.44	4	100
11/14/2015 02:25	1.58	1.39	3.27	2.47	2.18	4	100
11/14/2015 02:30	2.06	2.1	3.69	3.94	2.95	4	100
11/14/2015 02:35	1.66	1.89	3.43	2.44	2.36	4	100
11/14/2015 02:40	2.03	1.53	3.67	3.3	2.63	4	100
11/14/2015 02:45	2.45	1.93	3.75	2.21	2.59	4	100
11/14/2015 02:50	1.03	1.34	2.54	2.37	1.82	4	100
11/14/2015 02:55	2.32	1.75	2.71	2.47	2.31	4	100
11/14/2015 03:00	1.2	1.59	1.75	3.11	1.91	4	100
11/14/2015 03:05	1.47	1.75	3.24	1.22	1.92	4	100
11/14/2015 03:10	1.26	1.03	2.54	2.13	1.74	4	0
11/14/2015 03:15	1.48	1.12	2.44	2.56	1.9	4	0
11/14/2015 03:20	1.43	.95	2.02	2.4	1.7	4	100
11/14/2015 03:25	1.03	1.06	2.18	2	1.57	4	0
11/14/2015 03:30	1.18	.9	1.97	2.36	1.6	4	0
11/14/2015 03:35	1.66	1.16	2.09	1.58	1.62	4	0
11/14/2015 03:40	1.39	.89	1.87	1.67	1.46	4	0
11/14/2015 03:45	1.42	1.14	1.41	2.27	1.56	4	0
11/14/2015 03:50	1.08	.88	1.6	1.83	1.35	4	0
11/14/2015 03:55	.83	1.13	1.91	2.54	1.6	4	100
11/14/2015 04:00	.8	.67	1.23	.77	.87	4	100
11/14/2015 04:05	1.42	.71	2.3	3.19	1.9	4	100
11/14/2015 04:10	.85	.93	1.89	1.8	1.37	4	0
11/14/2015 04:15	.86	1.2	2.1	2.09	1.56	4	0
11/14/2015 04:20	1.44	1.2	1.91	2.1	1.66	4	0
11/14/2015 04:25	1.9	1.37	1.92	2.12	1.83	4	0
11/14/2015 04:30	1.28	.94	1.74	2.15	1.53	4	0
11/14/2015 04:35	1.46	.96	2.17	2.35	1.73	4	0
11/14/2015 04:40	1.58	1.43	2.01	3.18	2.05	4	100
11/14/2015 04:45	1.1	1.08	3.04	2.92	2.04	4	100
11/14/2015 04:50	1.84	1.24	1.38	3.87	2.08	4	100
11/14/2015 04:55	1.68	1.1	1.53	1.13	1.36	4	100
11/14/2015 05:00	1.94	1.1	2.33	3.24	2.15	4	100
11/14/2015 05:05	1.61	1.03	2.35	3.27	2.07	4	100
11/14/2015 05:10	2.3	1.98	2.22	2.36	2.21	4	100
11/14/2015 05:15	1.91	1.98	2.37	2.71	2.24	4	100
11/14/2015 05:20	2.92	2.1	3.04	1.69	2.44	4	100
11/14/2015 05:25	2.54	1.54	3.1	2.79	2.49	4	100
11/14/2015 05:30	3.9	2.14	3.46	3.08	3.14	4	100
11/14/2015 05:35	3.21	2.06	3.48	2.49	2.81	4	100
11/14/2015 05:40	3.33	2.18	3.46	2.42	2.85	4	100
11/14/2015 05:45	2.58	2.34	2.32	4.21	2.86	4	100
11/14/2015 05:50	3.34	2.01	3.62	3.59	3.14	4	100
11/14/2015 05:55	4.02	2.55	4.33	3.59	3.62	4	100
11/14/2015 06:00	3.77	2.35	3.18	4.46	3.44	4	100
11/14/2015 06:05	4.32	2.11	4.05	2.63	3.28	4	100
11/14/2015 06:10	3.64	2.29	3.81	3.24	3.25	4	0
11/14/2015 06:15	4.92	2.8	4.51	4.93	4.29	4	0
11/14/2015 06:20	4.88	2.82	4.39	3.98	4.02	4	100
11/14/2015 06:25	4.69	3.21	4.47	4.5	4.22	4	0
11/14/2015 06:30	5.71	3.18	5.19	3.98	4.52	4	0
11/14/2015 06:35	5.17	3.33	5.01	4.69	4.55	4	0
11/14/2015 06:40	6.59	3.48	5.25	4.6	4.98	4	0
11/14/2015 06:45	6.38	3.6	5.27	4.67	4.98	4	0
11/14/2015 06:50	6.37	3.4	6.48	4.97	5.3	4	0
11/14/2015 06:55	5.95	4.74	6.03	5.04	5.44	4	100
11/14/2015 07:00	7.65	4.6	7.94	6.89	6.77	4	100
11/14/2015 07:05	6.11	4.01	4.53	6.56	5.3	4	100
11/14/2015 07:10	6.33	4	6.63	5.41	5.59	4	0
11/14/2015 07:15	8.74	4.85	7.51	6.89	7	4	0
11/14/2015 07:20	7.93	4.89	7.53	6.3	6.66	4	0
11/14/2015 07:25	8.13	5.21	7.68	6.29	6.83	4	0
11/14/2015 07:30	8.02	4.84	7.24	7.89	7	4	0
11/14/2015 07:35	10.47	5.52	9.42	7.26	8.17	4	0
11/14/2015 07:40	9.92	5.52	8.39	8.08	7.98	4	0
11/14/2015 07:45	9.44	5.43	8.15	8.52	7.89	4	0
11/14/2015 07:50	10.36	5.77	8.92	7.83	8.22	4	0
11/14/2015 07:55	9.13	5.24	8.44	9.01	7.95	4	0
11/14/2015 08:00	9.59	5.54	8.49	8.48	8.03	4	0
11/14/2015 08:05	9.42	5.79	8.14	7.88	7.81	4	0
11/14/2015 08:10	10.07	5.25	8.12	8.61	8.01	4	0
11/14/2015 08:15	9.83	5.91	8.43	7.51	7.92	4	0
11/14/2015 08:20	10.67	5.85	10.03	8.38	8.73	4	0
11/14/2015 08:25	9.75	5.51	8.3	8.5	8.02	4	0
11/14/2015 08:30	10.49	6.06	9.74	9.51	8.95	4	0
11/14/2015 08:35	10.65	6.34	9.43	7.54	8.49	4	0
11/14/2015 08:40	11.53	6.06	9.54	9.01	9.03	4	0
11/14/2015 08:45	10.08	5.82	8.53	8.56	8.25	4	0
11/14/2015 08:50	10.35	5.76	8.84	9.13	8.52	4	0
11/14/2015 08:55	10.52	5.89	10.59	7.75	8.69	4	100
11/14/2015 09:00	9.73	5.77	8.64	9.49	8.41	4	0
11/14/2015 09:05	10.18	5.73	8.66	9.25	8.45	4	0
11/14/2015 09:10	11.22	6.85	10.76	9.14	9.49	4	0
11/14/2015 09:15	10.65	6.12	10.71	9.97	9.36	4	0
11/14/2015 09:20	11.58	7.09	11.24	9.17	9.77	4	0
11/14/2015 09:25	11.75	6.63	10.71	9.65	9.68	4	0
11/14/2015 09:30	12.1	7.07	11.5	7.7	9.59	4	100
11/14/2015 09:35	11.96	6.49	11.79	10.31	10.14	4	0
11/14/2015 09:40	11.84	6.92	9.9	10.84	9.87	4	0
11/14/2015 09:45	12.37	6.69	10.51	10.17	9.93	4	0
11/14/2015 09:50	11.65	6.88	9.61	9.85	9.5	4	0
11/14/2015 09:55	12.49	6.66	10.66	9.37	9.8	4	0
11/14/2015 10:00	10.54	6.57	10.05	9.37	9.13	4	0
11/14/2015 10:05	12.2	7.02	9.69	9.25	9.54	4	100
11/14/2015 10:10	12.8	7.42	11.19	10.42	10.46	4	0
11/14/2015 10:15	11.78	6.88	10.75	10.86	10.07	4	0
11/14/2015 10:20	12.34	6.26	11.43	10.41	10.11	4	0
11/14/2015 10:25	11.8	5.71	10.46	8.98	9.24	4	0
11/14/2015 10:30	10.54	6.36	11.14	9.24	9.32	4	0
11/14/2015 10:35	12.31	6.8	10.83	10.91	10.21	4	0
11/14/2015 10:40	15.34	8.46	12.59	11.61	12	4	0
11/14/2015 10:45	13.76	7.33	12.26	10.7	11.01	4	0
11/14/2015 10:50	13.38	7.55	11.86	11.02	10.95	4	0
11/14/2015 10:55	12.58	7.2	10.85	10.73	10.34	4	100
11/14/2015 11:00	13.49	7.15	11.26	12.06	10.99	4	100
11/14/2015 11:05	11	7.98	12.36	10.9	10.56	4	100
11/14/2015 11:10	13.41	7.58	12.38	9.69	10.76	4	0
11/14/2015 11:15	13.87	7.87	11.41	10.21	10.84	4	0
11/14/2015 11:20	12.73	7.7	12.98	12.74	11.54	4	100
11/14/2015 11:25	12	7.29	10.51	11.62	10.36	4	100
11/14/2015 11:30	12.52	6.59	8.83	9.98	9.48	4	100
11/14/2015 11:35	14.05	7.91	13.65	11.62	11.81	4	100
11/14/2015 11:40	13.03	7.55	11.75	9.53	10.46	4	100
11/14/2015 11:45	11.97	7.49	11.28	10.23	10.24	4	100
11/14/2015 11:50	13.11	7.83	12.44	12.06	11.36	4	100
11/14/2015 11:55	11.26	6.09	9.47	9.96	9.2	4	100
11/14/2015 12:00	12.5	7.27	10.54	10.16	10.12	4	100
11/14/2015 12:05	12.96	6.82	11.52	10.11	10.35	4	100
11/14/2015 12:10	13.44	7.21	12.57	10.34	10.89	4	0
11/14/2015 12:15	13.38	8.2	12.57	10.46	11.15	4	0
11/14/2015 12:20	14.28	8.36	11.3	11.58	11.38	4	0
11/14/2015 12:25	12.34	7.86	11.94	10.77	10.73	4	0
11/14/2015 12:30	13.57	6.75	11.5	11.45	10.82	4	0
11/14/2015 12:35	14.25	8.05	11.58	10.23	11.03	4	0
11/14/2015 12:40	13.81	7.71	12.71	10.65	11.22	4	0
11/14/2015 12:45	12.91	7.66	12.36	10.96	10.97	4	0
11/14/2015 12:50	13.46	7.44	12.2	12.96	11.51	4	0
11/14/2015 12:55	13.01	7.66	12.76	10.87	11.08	4	0
11/14/2015 13:00	14.37	8.29	12.05	10.8	11.38	4	0
11/14/2015 13:05	15.66	8.79	15.15	12.03	12.91	4	0
11/14/2015 13:10	21.87	13.75	18.39	15.38	17.35	4	100
11/14/2015 13:15	18.66	11.11	18.07	15.64	15.87	4	100
11/14/2015 13:20	25.11	14.26	18.82	18.76	19.24	4	100
11/14/2015 13:25	19.34	11.69	17.46	14.58	15.77	4	100
11/14/2015 13:30	13.56	7.68	12	11.76	11.25	4	100
11/14/2015 13:35	20.06	12.23	18.49	17.81	17.15	4	100
11/14/2015 13:40	14.96	7.79	12.59	11.55	11.72	4	100
11/14/2015 13:45	14.67	9.13	13.96	14.55	13.08	4	100
11/14/2015 13:50	14.85	8.22	12.18	10.96	11.55	4	100
11/14/2015 13:55	14.57	8.28	13.15	11.31	11.83	4	100
11/14/2015 14:00	13.76	7.08	13.12	10.94	11.23	4	100
11/14/2015 14:05	14.14	8.67	12.36	12.29	11.87	4	100
11/14/2015 14:10	14.75	7.99	14.82	12.77	12.58	4	100
11/14/2015 14:15	15.09	8.33	13	13.94	12.59	4	100
11/14/2015 14:20	26.56	12.02	21.11	16.92	19.15	4	100
11/14/2015 14:25	25.63	12.85	20.98	19	19.61	4	100
11/14/2015 14:30	18.48	10.86	17.18	16.6	15.78	4	100
11/14/2015 14:35	20.34	12.98	17.24	16.5	16.77	4	100
11/14/2015 14:40	25.32	12.93	20.58	18.01	19.21	4	100
11/14/2015 14:45	26.93	13.64	24.19	20.6	21.34	4	100
11/14/2015 14:50	18.45	10.55	15.96	14.97	14.98	4	100
11/14/2015 14:55	22.85	13.65	18.97	16.57	18.01	4	100
11/14/2015 15:00	20.26	12.4	17.62	18.34	17.16	4	100
11/14/2015 15:05	23.6	14.02	22.21	17.76	19.4	4	100
11/14/2015 15:10	27.18	15.01	21.61	18.07	20.47	4	100
11/14/2015 15:15	19.65	10.25	17.56	13.89	15.34	4	100
11/14/2015 15:20	18.98	10.67	20.18	17.82	16.91	4	100
11/14/2015 15:25	27.69	14.65	21.96	20.94	21.31	4	100
11/14/2015 15:30	19.83	13.12	16.9	15.75	16.4	4	100
11/14/2015 15:35	28.41	13.8	23.15	17.75	20.78	4	100
11/14/2015 15:40	24.35	15.09	21.43	18.14	19.75	4	100
11/14/2015 15:45	21.79	14.02	20.38	17.41	18.4	4	100
11/14/2015 15:50	27.99	16.06	23.22	19.8	21.77	4	100
11/14/2015 15:55	22.56	12.86	24.19	19.79	19.85	4	100
11/14/2015 16:00	21.31	12.21	18.85	18	17.59	4	100
11/14/2015 16:05	22.76	13.52	27.03	24.08	21.85	4	100
11/14/2015 16:10	34.93	12.84	19.35	16.94	21.02	4	100
11/14/2015 16:15	29.18	16.42	22.37	22.72	22.67	4	100
11/14/2015 16:20	20.22	12.13	19.05	16.65	17.01	4	100
11/14/2015 16:25	20.04	11.27	18.88	17.66	16.96	4	100
11/14/2015 16:30	27.21	14.03	23.02	20.09	21.09	4	100
11/14/2015 16:35	25.06	15.92	23.95	22.27	21.8	4	100
11/14/2015 16:40	19.07	12.3	19.26	15.87	16.63	4	100
11/14/2015 16:45	32.6	15.12	24.23	19.2	22.79	4	100
11/14/2015 16:50	30.44	13.9	21.94	18.25	21.13	4	100
11/14/2015 16:55	28.77	15.2	24.54	17.81	21.58	4	100
11/14/2015 17:00	19.91	13.93	20.79	19.25	18.47	4	100
11/14/2015 17:05	21.76	14.03	22.45	18.68	19.23	4	100
11/14/2015 17:10	28.27	14.3	24.75	20.31	21.91	4	100
11/14/2015 17:15	31.81	16.65	25.83	23.95	24.56	4	100
11/14/2015 17:20	28.31	15.95	23.47	18.97	21.67	4	100
11/14/2015 17:25	19.95	11.08	17.68	16.85	16.39	4	100
11/14/2015 17:30	18.36	10.61	18.7	16.99	16.17	4	100
11/14/2015 17:35	24.28	15.52	26.18	22.12	22.03	4	100
11/14/2015 17:40	25.25	12.14	23.31	18.67	19.84	4	100
11/14/2015 17:45	26.05	17.69	22.42	22.2	22.09	4	100
11/14/2015 17:50	19.1	9.78	17.35	15.17	15.35	4	100
11/14/2015 17:55	24.52	12.75	21.03	18.48	19.19	4	100
11/14/2015 18:00	19.33	11.68	18.54	16.41	16.49	4	100
11/14/2015 18:05	23.82	14.09	20.96	22.32	20.3	4	100
11/14/2015 18:10	29.94	13.97	22.78	18.21	21.23	4	100
11/14/2015 18:15	27.49	15.79	25.78	20.01	22.27	4	100
11/14/2015 18:20	19.06	12.23	17.57	17.31	16.54	4	100
11/14/2015 18:25	21.72	16.38	20.29	20.1	19.62	4	100
11/14/2015 18:30	27.87	13.32	21.15	17.2	19.89	4	100
11/14/2015 18:35	20.21	13.1	20.24	16.72	17.57	4	100
11/14/2015 18:40	26.23	13.57	26.03	17.88	20.93	4	100
11/14/2015 18:45	22.3	13.41	20.8	17.77	18.57	4	100
11/14/2015 18:50	20.6	14.1	22.68	20.69	19.52	4	100
11/14/2015 18:55	17.52	10.94	17.91	13.25	14.91	4	100
11/14/2015 19:00	15.6	9.8	16.2	11.54	13.29	4	100
11/14/2015 19:05	7.9	5.39	10.28	31.51	13.77	4	100
11/14/2015 19:10	14.78	8.49	12.71	12.66	12.16	4	0
11/14/2015 19:15	13.93	8.11	13.83	12.54	12.1	4	0
11/14/2015 19:20	11.96	7.59	9.83	8.44	9.45	4	100
11/14/2015 19:25	11.9	6.78	11.65	9.53	9.97	4	100
11/14/2015 19:30	12.07	8.25	11.86	9.08	10.31	4	100
11/14/2015 19:35	10.54	21.4	9.44	9.69	12.77	4	100
11/14/2015 19:40	8.45	6.21	10.03	9.43	8.53	4	100
11/14/2015 19:45	9.97	6.61	8.66	8.95	8.55	4	100
11/14/2015 19:50	8.93	5.96	9.61	9.08	8.39	4	100
11/14/2015 19:55	10.34	6.25	11.31	9.29	9.3	4	100
11/14/2015 20:00	10.26	6.87	10.16	8.59	8.97	4	100
11/14/2015 20:05	8.14	5.54	11.3	8.75	8.43	4	100
11/14/2015 20:10	11.82	6.76	11.22	11.03	10.21	4	0
11/14/2015 20:15	10.55	6.5	11	9.23	9.32	4	0
11/14/2015 20:20	8.78	4.89	9.95	8.7	8.08	4	100
11/14/2015 20:25	7.62	5.22	8.6	6.44	6.97	4	100
11/14/2015 20:30	7.82	5.01	9.05	8.49	7.59	4	100
11/14/2015 20:35	8.93	5.81	8.45	7.74	7.73	4	100
11/14/2015 20:40	9.26	5.79	8.62	8.56	8.06	4	100
11/14/2015 20:45	9.71	5.67	9.87	8.98	8.56	4	100
11/14/2015 20:50	9.22	5.46	8.04	8.59	7.83	4	100
11/14/2015 20:55	8.55	5.54	9.19	8.46	7.94	4	100
11/14/2015 21:00	8.73	5.05	10.14	8.81	8.18	4	100
11/14/2015 21:05	8.45	4.58	8.14	5.28	6.61	4	100
11/14/2015 21:10	9.86	5.86	9.2	8.96	8.47	4	100
11/14/2015 21:15	9.28	5.92	10.42	7.82	8.36	4	100
11/14/2015 21:20	8.46	5.54	22.81	8.79	11.4	4	100
11/14/2015 21:25	9.43	5.49	8.91	8.19	8.01	4	100
11/14/2015 21:30	8.32	5.41	9.18	8.4	7.83	4	100
11/14/2015 21:35	7.67	4.51	8.97	7.83	7.25	4	100
11/14/2015 21:40	8.64	5.09	8.5	7.17	7.35	4	100
11/14/2015 21:45	9.08	5.31	8.47	8.95	7.95	4	100
11/14/2015 21:50	10.03	5.52	10.32	9.52	8.85	4	100
11/14/2015 21:55	8.47	5.93	10.49	8.01	8.22	4	100
11/14/2015 22:00	10.91	6.75	10.17	8.05	8.97	4	100
11/14/2015 22:05	9.5	6.05	11.23	8.47	8.81	4	100
11/14/2015 22:10	11.34	6.56	12.11	11.06	10.27	4	100
11/14/2015 22:15	9.51	6.39	8.92	9.77	8.65	4	100
11/14/2015 22:20	9.25	6.55	11.3	8.33	8.86	4	100
11/14/2015 22:25	10.56	5.36	10.43	8.43	8.69	4	100
11/14/2015 22:30	12.85	6.87	11.69	8.38	9.95	4	100
11/14/2015 22:35	11.65	5.99	9.79	11.65	9.77	4	100
11/14/2015 22:40	8.75	6.05	9.72	9.82	8.58	4	100
11/14/2015 22:45	10.54	6.29	9.6	9.02	8.86	4	100
11/14/2015 22:50	9.73	5.1	9.58	8.17	8.14	4	100
11/14/2015 22:55	9.48	4.86	9.41	8.36	8.03	4	100
11/14/2015 23:00	9.27	6.3	7.3	8.82	7.92	4	100
11/14/2015 23:05	9.41	6.17	10.8	8.64	8.75	4	100
11/14/2015 23:10	8.74	5.65	9.57	11.16	8.78	4	100
11/14/2015 23:15	8.66	4.43	23.23	6.79	10.78	4	100
11/14/2015 23:20	10.42	6.22	10.32	8.78	8.93	4	100
11/14/2015 23:25	9.89	6.24	8.52	8.9	8.39	4	100
11/14/2015 23:30	23.49	5.17	8.49	9.71	11.72	4	100
11/14/2015 23:35	9.36	5.1	9.5	8.81	8.19	4	100
11/14/2015 23:40	6.89	4.15	8.4	9.32	7.19	4	100
11/14/2015 23:45	7.58	5.01	7.86	8.9	7.34	4	100
11/14/2015 23:50	7.1	4.24	7.45	7.94	6.68	4	100
11/14/2015 23:55	6.71	4.19	8.02	6.12	6.26	4	100
11/15/2015 00:00	6.18	3.51	5.51	6.3	5.37	4	100
11/15/2015 00:05	6.63	4.16	7.76	7.49	6.51	4	100
11/15/2015 00:10	5.73	4.37	8.11	5.99	6.05	4	100
11/15/2015 00:15	6.02	4.1	7.04	6.35	5.88	4	100
11/15/2015 00:20	6.22	4.16	7.51	6.64	6.13	4	100
11/15/2015 00:25	5.91	4.64	6.62	5.48	5.66	4	100
11/15/2015 00:30	5.6	4.01	7.05	6.92	5.89	4	100
11/15/2015 00:35	4.74	3.84	6.26	6.71	5.39	4	100
11/15/2015 00:40	4.97	3.28	6.15	7.41	5.45	4	100
11/15/2015 00:45	4.95	3.44	6.05	5.89	5.08	4	100
11/15/2015 00:50	4.73	3.31	7.45	6.35	5.46	4	100
11/15/2015 00:55	4	3.31	5.32	4.54	4.29	4	100
11/15/2015 01:00	1.4	2.17	2.26	2.06	1.97	4	0
11/15/2015 01:05	1.36	2.12	2.2	2	1.92	4	0
11/15/2015 01:10	2.28	2	3	2.61	2.47	4	0
11/15/2015 01:15	2.52	2.71	4.97	5.37	3.89	4	100
11/15/2015 01:20	3.11	2.13	4.63	4.9	3.69	4	100
11/15/2015 01:25	2.77	2.76	3.55	4.85	3.48	4	100
11/15/2015 01:30	3.71	1.9	4.1	5.31	3.76	4	100
11/15/2015 01:35	2.1	2.04	4.77	3.58	3.12	4	100
11/15/2015 01:40	2.16	1.71	4.27	3.89	3.01	4	100
11/15/2015 01:45	2.06	2.33	4.61	3.5	3.12	4	100
11/15/2015 01:50	2.25	1.65	3.95	2.75	2.65	4	100
11/15/2015 01:55	3.31	2.33	4.01	3.93	3.4	4	100
11/15/2015 02:00	2.29	1.69	3.76	3.5	2.81	4	100
11/15/2015 02:05	2.72	2.29	4.21	4.18	3.35	4	100
11/15/2015 02:10	2.46	2.22	4.08	3.83	3.15	4	0
11/15/2015 02:15	2.11	2.15	3.54	3.85	2.91	4	0
11/15/2015 02:20	2.05	2.13	3.65	3.43	2.82	4	0
11/15/2015 02:25	1.54	1.9	3.46	3.6	2.63	4	0
11/15/2015 02:30	1.54	1.61	3.43	3.19	2.44	4	0
11/15/2015 02:35	1.97	1.91	2.96	3.08	2.48	4	0
11/15/2015 02:40	2.03	1.61	3.67	3.18	2.62	4	0
11/15/2015 02:45	1.99	1.63	3.26	2.4	2.32	4	0
11/15/2015 02:50	1.81	1.24	2.89	3	2.23	4	0
11/15/2015 02:55	1.25	1.36	2.82	2.62	2.01	4	0
11/15/2015 03:00	1.29	1.18	2.75	2.6	1.95	4	0
11/15/2015 03:05	1.53	1.07	2.42	2.72	1.93	4	0
11/15/2015 03:10	1.22	1.34	2.71	3.11	2.09	4	0
11/15/2015 03:15	1.14	1.27	2.36	3.28	2.01	4	0
11/15/2015 03:20	.91	.95	1.94	2.3	1.52	4	0
11/15/2015 03:25	1.08	.95	3.06	1.81	1.73	4	100
11/15/2015 03:30	1.14	.68	1.95	1.83	1.4	4	0
11/15/2015 03:35	.91	.99	1.92	1.31	1.28	4	0
11/15/2015 03:40	1.02	1.09	1.85	1.87	1.46	4	0
11/15/2015 03:45	1.06	.86	1.65	2.18	1.44	4	0
11/15/2015 03:50	.97	.86	2	2.06	1.47	4	0
11/15/2015 03:55	.64	1.16	1.86	2.29	1.49	4	0
11/15/2015 04:00	.9	.68	2.05	1.42	1.26	4	0
11/15/2015 04:05	.97	.83	1.68	2.09	1.39	4	0
11/15/2015 04:10	.75	.7	1.75	.9	1.03	4	0
11/15/2015 04:15	.9	.95	1.6	1.76	1.3	4	0
11/15/2015 04:20	.93	.68	.81	.91	.83	4	0
11/15/2015 04:25	.78	.8	1.58	1.81	1.24	4	0
11/15/2015 04:30	.66	.61	.39	1.25	.73	4	100
11/15/2015 04:35	.88	.76	1.44	.82	.97	4	0
11/15/2015 04:40	.97	.82	1.38	1.61	1.19	4	0
11/15/2015 04:45	.81	.73	1.43	1.89	1.22	4	0
11/15/2015 04:50	1.23	1	1.31	1.29	1.21	4	0
11/15/2015 04:55	1.4	.93	1.58	2.06	1.49	4	0
11/15/2015 05:00	1.43	.96	2.53	1.53	1.61	4	0
11/15/2015 05:05	1.61	.95	1.39	1.78	1.43	4	100
11/15/2015 05:10	1.42	1.11	2.04	1.56	1.53	4	0
11/15/2015 05:15	1.73	1.02	2.65	1.65	1.76	4	0
11/15/2015 05:20	1.7	1.57	1.97	1.21	1.61	4	0
11/15/2015 05:25	1.47	1.37	1.91	2.13	1.72	4	0
11/15/2015 05:30	1.53	1.41	1.56	2.18	1.67	4	0
11/15/2015 05:35	1.94	1.31	2.47	2.33	2.01	4	0
11/15/2015 05:40	1.34	1.37	1.9	3.38	2	4	0
11/15/2015 05:45	1.84	1.37	1.84	1.98	1.76	4	0
11/15/2015 05:50	1.74	1.81	2.13	2.62	2.08	4	0
11/15/2015 05:55	2.04	1.61	2.88	3.34	2.47	4	0
11/15/2015 06:00	2.13	1.71	2.23	2.39	2.12	4	0
11/15/2015 06:05	2.17	1.22	2	1.56	1.74	4	0
11/15/2015 06:10	2.14	1.77	2.17	1.99	2.02	4	0
11/15/2015 06:15	2.64	1.8	3.01	2.76	2.55	4	0
11/15/2015 06:20	3.34	2.37	3.41	2.39	2.88	4	0
11/15/2015 06:25	3.1	2.11	3.09	2.69	2.75	4	0
11/15/2015 06:30	2.77	2.5	3.12	2.54	2.73	4	0
11/15/2015 06:35	2.89	2.17	3.31	3.22	2.9	4	0
11/15/2015 06:40	3.7	2.42	3.99	2.71	3.2	4	0
11/15/2015 06:45	3.02	2.07	3.42	3.2	2.93	4	0
11/15/2015 06:50	3.84	2.73	3.88	3.69	3.53	4	0
11/15/2015 06:55	3.41	2.39	4.24	2.48	3.13	4	0
11/15/2015 07:00	3.83	2.58	3.83	3.08	3.33	4	100
11/15/2015 07:05	2.87	2.26	3.43	2.87	2.86	4	100
11/15/2015 07:10	4.07	2.81	4.57	3.66	3.78	4	0
11/15/2015 07:15	4.75	2.89	4.62	4.43	4.17	4	0
11/15/2015 07:20	4.95	3.26	4.31	3.85	4.09	4	0
11/15/2015 07:25	4.14	2.91	4.8	3.44	3.82	4	0
11/15/2015 07:30	4.35	3.09	5.61	4.44	4.37	4	0
11/15/2015 07:35	5.36	3.24	5.15	4.39	4.53	4	0
11/15/2015 07:40	4.76	3.08	4.37	4.58	4.2	4	0
11/15/2015 07:45	5.45	3.96	5.75	5.32	5.12	4	0
11/15/2015 07:50	5.65	3.56	5.23	5.25	4.92	4	0
11/15/2015 07:55	4.04	3.33	5.63	4.17	4.29	4	100
11/15/2015 08:00	3.95	3.08	3.93	3.43	3.6	4	100
11/15/2015 08:05	5.53	4.39	6.23	5.6	5.44	4	100
11/15/2015 08:10	4.81	3.54	5.43	4.2	4.49	4	0
11/15/2015 08:15	6.32	3.45	5.95	4.82	5.13	4	0
11/15/2015 08:20	5.77	3.73	6.16	5.25	5.23	4	0
11/15/2015 08:25	5.83	3.98	5.56	6.5	5.47	4	100
11/15/2015 08:30	6.17	3.47	6.1	5.88	5.4	4	100
11/15/2015 08:35	6.06	3.49	5.42	5.37	5.08	4	100
11/15/2015 08:40	7.05	4.67	7.35	6.11	6.29	4	100
11/15/2015 08:45	5.46	4.57	6.39	6.07	5.62	4	100
11/15/2015 08:50	7.08	4.18	6.68	7.04	6.25	4	100
11/15/2015 08:55	5.04	4.06	6.2	5.45	5.19	4	100
11/15/2015 09:00	6.83	4.36	4.66	5.8	5.41	4	100
11/15/2015 09:05	6.57	4.43	4.82	4.39	5.05	4	100
11/15/2015 09:10	8.38	4.74	7.08	6.83	6.76	4	0
11/15/2015 09:15	8.21	5.25	7.67	7.76	7.22	4	0
11/15/2015 09:20	8.09	4.11	6.97	6.5	6.42	4	100
11/15/2015 09:25	8.39	4.82	8.92	8.06	7.55	4	100
11/15/2015 09:30	10.76	5.59	8.68	8.05	8.27	4	100
11/15/2015 09:35	7.26	5.21	7.87	9	7.33	4	100
11/15/2015 09:40	9.43	5.89	8.83	7.9	8.01	4	100
11/15/2015 09:45	10.67	5.91	7	7.36	7.74	4	100
11/15/2015 09:50	9.88	6.02	9.83	8.05	8.44	4	100
11/15/2015 09:55	8.45	4.66	7.8	8.01	7.23	4	100
11/15/2015 10:00	9.39	5.65	9.07	8.51	8.15	4	100
11/15/2015 10:05	10.32	5.86	8.7	6.67	7.89	4	100
11/15/2015 10:10	12.25	6.27	9.76	8.87	9.29	4	100
11/15/2015 10:15	10.29	6.31	10.08	9.07	8.94	4	100
11/15/2015 10:20	12.52	7.51	9.91	10.99	10.23	4	100
11/15/2015 10:25	12.14	6.27	9.1	8.02	8.88	4	100
11/15/2015 10:30	11.2	6.73	9.77	7.82	8.88	4	100
11/15/2015 10:35	9.62	5.46	9.52	7.02	7.9	4	100
11/15/2015 10:40	10.32	7.01	9.96	7.77	8.77	4	100
11/15/2015 10:45	11.8	6.07	8.93	7.96	8.69	4	100
11/15/2015 10:50	11.38	6.23	10.2	7.49	8.82	4	100
11/15/2015 10:55	12.69	4.79	9.78	9.2	9.12	4	100
11/15/2015 11:00	10.97	6.8	9.45	8.13	8.84	4	100
11/15/2015 11:05	11.5	7.41	8.96	8.61	9.12	4	100
11/15/2015 11:10	13.78	7	11.35	11.49	10.91	4	100
11/15/2015 11:15	9.6	6.15	10.62	10.54	9.23	4	100
11/15/2015 11:20	9.91	6.52	22.5	9.8	12.18	4	100
11/15/2015 11:25	10.13	6.71	9.1	8.14	8.52	4	100
11/15/2015 11:30	12.7	6.85	10.8	9.3	9.91	4	100
11/15/2015 11:35	12.86	7.17	10.76	10.46	10.31	4	100
11/15/2015 11:40	13.69	7.89	10.91	11.53	11	4	100
11/15/2015 11:45	11.95	6.47	10.4	8.82	9.41	4	100
11/15/2015 11:50	15.73	7.53	13	11.24	11.88	4	100
11/15/2015 11:55	11.07	6.45	10.47	9.99	9.5	4	100
11/15/2015 12:00	13.37	7.92	11.73	10.94	10.99	4	100
11/15/2015 12:05	14.41	8.12	12.11	11.8	11.61	4	100
11/15/2015 12:10	13.72	8.08	12.8	12.5	11.77	4	100
11/15/2015 12:15	15.1	8.54	15.35	13.2	13.05	4	100
11/15/2015 12:20	13.14	6.94	10.94	9.68	10.17	4	100
11/15/2015 12:25	13.69	7.62	12.8	10.24	11.09	4	100
11/15/2015 12:30	12.9	7.78	12.03	9.56	10.57	4	100
11/15/2015 12:35	11.48	6.51	11.24	10.07	9.83	4	100
11/15/2015 12:40	14.19	7.32	12.56	11.14	11.3	4	100
11/15/2015 12:45	13.41	7.04	12.05	10.42	10.73	4	100
11/15/2015 12:50	15.23	8.12	13.34	12.79	12.37	4	100
11/15/2015 12:55	12.14	7.5	11.78	10.36	10.44	4	100
11/15/2015 13:00	13.05	7.66	11.58	10.61	10.73	4	100
11/15/2015 13:05	12.41	6.9	11.92	10.45	10.42	4	100
11/15/2015 13:10	14.08	8.87	12.8	13.67	12.36	4	100
11/15/2015 13:15	13.63	7.62	12.44	12.28	11.49	4	100
11/15/2015 13:20	12.71	7.56	12.33	11.05	10.91	4	100
11/15/2015 13:25	14.23	8.54	12.62	11.79	11.79	4	100
11/15/2015 13:30	14.52	8.09	11.03	11.21	11.21	4	100
11/15/2015 13:35	14.24	8.47	12.91	11.9	11.88	4	100
11/15/2015 13:40	13.97	7.47	11.18	9.89	10.63	4	100
11/15/2015 13:45	14.1	7.83	11.84	10.26	11.01	4	100
11/15/2015 13:50	13.47	7.92	12.67	11.09	11.29	4	100
11/15/2015 13:55	13.72	8.06	11.76	11.21	11.19	4	100
11/15/2015 14:00	15.28	8.72	13.07	10.83	11.98	4	100
11/15/2015 14:05	15.98	8.57	13.59	12.62	12.69	4	100
11/15/2015 14:10	11.72	6.73	11.08	8.82	9.59	4	100
11/15/2015 14:15	13.04	7.76	13.11	11.95	11.46	4	100
11/15/2015 14:20	15.38	8.39	13.01	10.61	11.85	4	100
11/15/2015 14:25	15.22	7.98	13.85	12.79	12.46	4	100
11/15/2015 14:30	13.2	7.37	11.02	11.89	10.87	4	100
11/15/2015 14:35	12.86	7.04	12.65	10.84	10.85	4	100
11/15/2015 14:40	12.69	7.92	11.93	10.8	10.84	4	100
11/15/2015 14:45	14.41	8.92	13.89	10.34	11.89	4	100
11/15/2015 14:50	14.12	8.14	11.65	11.44	11.34	4	100
11/15/2015 14:55	12.42	7.82	12.67	11.14	11.01	4	100
11/15/2015 15:00	14.48	8.06	13.04	11.79	11.84	4	100
11/15/2015 15:05	13.44	7.53	11.26	11.07	10.83	4	100
11/15/2015 15:10	14.67	8.8	11.97	12.64	12.02	4	100
11/15/2015 15:15	13.6	8.72	12.94	11.67	11.73	4	100
11/15/2015 15:20	13.91	7.59	10.68	10.3	10.62	4	100
11/15/2015 15:25	13.94	7.87	12.02	11.51	11.34	4	100
11/15/2015 15:30	12.77	7.33	11.56	9.73	10.35	4	100
11/15/2015 15:35	13.27	7.45	12.05	10.82	10.9	4	100
11/15/2015 15:40	13.82	8.22	13.12	10.29	11.36	4	100
11/15/2015 15:45	13.51	7.42	11.78	11.58	11.07	4	100
11/15/2015 15:50	15.06	8.19	12.15	9.71	11.28	4	100
11/15/2015 15:55	14.71	8.4	13.43	9.74	11.57	4	100
11/15/2015 16:00	13.08	7.56	11.01	10.35	10.5	4	100
11/15/2015 16:05	12.5	6.83	11.67	9.95	10.24	4	100
11/15/2015 16:10	13.87	8.11	11.94	10.31	11.06	4	100
11/15/2015 16:15	14.4	7.15	11.97	9.68	10.8	4	100
11/15/2015 16:20	13.16	7.48	11.97	8.88	10.37	4	100
11/15/2015 16:25	12.3	8.2	10.62	10.19	10.33	4	100
11/15/2015 16:30	13.09	7.9	11.64	10.17	10.7	4	100
11/15/2015 16:35	14.06	8.07	11.93	10.67	11.18	4	100
11/15/2015 16:40	13.82	7.52	12.25	10.16	10.94	4	100
11/15/2015 16:45	14.02	7.13	11.73	12.43	11.33	4	100
11/15/2015 16:50	13.91	7.81	11.93	10.32	10.99	4	100
11/15/2015 16:55	13.19	7.81	11.17	9.67	10.46	4	100
11/15/2015 17:00	11.99	6.85	11.4	10.34	10.14	4	100
11/15/2015 17:05	12.93	7.7	12.71	12.36	11.42	4	100
11/15/2015 17:10	13.26	8.27	12.75	9.89	11.04	4	100
11/15/2015 17:15	13.52	8.16	14.13	13.43	12.31	4	100
11/15/2015 17:20	13.18	7.01	12.53	9.98	10.67	4	100
11/15/2015 17:25	10.07	6.9	12.06	8.79	9.45	4	100
11/15/2015 17:30	14.72	8.93	12.9	12.1	12.16	4	100
11/15/2015 17:35	12.47	7.14	12.6	11.31	10.88	4	100
11/15/2015 17:40	14.72	9.34	16.05	11.08	12.8	4	100
11/15/2015 17:45	13.25	7.79	11.59	12.45	11.27	4	100
11/15/2015 17:50	13.05	7.67	11.94	11.02	10.92	4	100
11/15/2015 17:55	13.39	7.93	13.49	11.05	11.46	4	100
11/15/2015 18:00	13.13	6.69	11.44	11.11	10.59	4	100
11/15/2015 18:05	13.65	7.62	11.78	10.12	10.79	4	100
11/15/2015 18:10	13.98	7.45	13.69	11.82	11.73	4	100
11/15/2015 18:15	14.19	7.75	13.45	11.9	11.82	4	100
11/15/2015 18:20	12.24	7.16	10.36	10.21	9.99	4	100
11/15/2015 18:25	14.33	7.88	12.19	10.84	11.31	4	100
11/15/2015 18:30	14.83	8.38	13.76	11.01	12	4	100
11/15/2015 18:35	12.43	6.76	11.47	10.62	10.32	4	100
11/15/2015 18:40	12.93	6.96	10.64	9.72	10.06	4	100
11/15/2015 18:45	12.02	6.9	10.07	8.91	9.48	4	100
11/15/2015 18:50	12.21	6.93	10.22	9.14	9.63	4	100
11/15/2015 18:55	11.19	6.05	10.4	9.14	9.19	4	100
11/15/2015 19:00	10.45	6.12	9.11	8.01	8.42	4	100
11/15/2015 19:05	10.33	5.54	10.91	9.28	9.02	4	100
11/15/2015 19:10	10.05	5.6	9.03	8.66	8.34	4	100
11/15/2015 19:15	10.22	6.44	10.91	10.84	9.6	4	100
11/15/2015 19:20	10.62	6.9	11.78	10.18	9.87	4	100
11/15/2015 19:25	12.03	6.88	11.43	10.79	10.28	4	100
11/15/2015 19:30	10.65	6.32	8.52	7.22	8.18	4	100
11/15/2015 19:35	11.19	6.93	11.43	11.16	10.18	4	100
11/15/2015 19:40	9.97	6.47	10.96	7.81	8.8	4	100
11/15/2015 19:45	11.04	5.9	25.59	9.65	13.05	4	100
11/15/2015 19:50	10.5	6.56	10.13	8.94	9.03	4	100
11/15/2015 19:55	9.99	6.12	10.45	9.03	8.9	4	100
11/15/2015 20:00	9.82	6.13	10	10.23	9.05	4	100
11/15/2015 20:05	10.33	6.5	10.43	9.23	9.12	4	100
11/15/2015 20:10	10.42	5.67	9.91	7.56	8.39	4	100
11/15/2015 20:15	10.3	5.88	9.67	9.72	8.89	4	100
11/15/2015 20:20	10.77	6.24	8.7	7.89	8.4	4	100
11/15/2015 20:25	10.87	6.05	9.24	8.95	8.78	4	100
11/15/2015 20:30	10.46	5.19	9.01	9.4	8.52	4	100
11/15/2015 20:35	9.29	5.51	9.21	7.9	7.98	4	100
11/15/2015 20:40	8.27	5.05	7.29	7.46	7.02	4	100
11/15/2015 20:45	8.3	5.84	9.47	8.15	7.94	4	100
11/15/2015 20:50	7.78	5.34	8.38	7.52	7.25	4	100
11/15/2015 20:55	10.48	5.67	9.19	8.27	8.4	4	100
11/15/2015 21:00	8.88	5.3	8.07	9.12	7.84	4	100
11/15/2015 21:05	9.65	5.36	8.99	6.75	7.69	4	100
11/15/2015 21:10	10.12	6.4	9.17	8.06	8.44	4	100
11/15/2015 21:15	10.17	5.82	9.52	10.19	8.92	4	100
11/15/2015 21:20	9.99	6.06	9.34	9.29	8.67	4	100
11/15/2015 21:25	7.52	6.05	9.77	9.42	8.19	4	100
11/15/2015 21:30	8.12	5.03	7.12	7.83	7.02	4	100
11/15/2015 21:35	10.38	6.36	10.3	8.76	8.95	4	100
11/15/2015 21:40	9.84	6.38	9.5	8.8	8.63	4	100
11/15/2015 21:45	8.5	4.64	8.84	7.21	7.3	4	100
11/15/2015 21:50	8.4	4.83	9.18	7.16	7.39	4	100
11/15/2015 21:55	9.66	5.68	7.65	6.68	7.42	4	100
11/15/2015 22:00	8.22	4.06	8.77	7.99	7.26	4	100
11/15/2015 22:05	6.61	4.4	7.86	6.98	6.46	4	100
11/15/2015 22:10	8.07	5.02	7.42	7.4	6.98	4	100
11/15/2015 22:15	7.44	4.59	8.31	6.29	6.66	4	100
11/15/2015 22:20	8.25	4.47	6.62	6.97	6.58	4	100
11/15/2015 22:25	7.8	4.87	8.14	5.62	6.61	4	100
11/15/2015 22:30	6.73	5.04	5.44	6.63	5.96	4	100
11/15/2015 22:35	6.43	3.97	6.98	5.52	5.73	4	100
11/15/2015 22:40	5.8	3.81	5.78	6.11	5.38	4	100
11/15/2015 22:45	7.47	3.64	6.35	6.31	5.94	4	100
11/15/2015 22:50	5.59	4.12	5.87	5.44	5.25	4	100
11/15/2015 22:55	5.48	3.31	5.6	4.42	4.7	4	100
11/15/2015 23:00	4.24	2.99	5.37	4.78	4.35	4	100
11/15/2015 23:05	4.34	3.33	5.94	6.14	4.94	4	100
11/15/2015 23:10	5.95	3.99	6.69	6.18	5.7	4	100
11/15/2015 23:15	4.91	3.47	6.11	4.75	4.81	4	100
11/15/2015 23:20	4.81	3.05	5.24	4.79	4.47	4	100
11/15/2015 23:25	4.14	2.94	5.19	5.74	4.5	4	100
11/15/2015 23:30	4.02	2.74	3.76	5.28	3.95	4	100
11/15/2015 23:35	3.4	2.33	4.09	4.35	3.54	4	100
11/15/2015 23:40	4.03	2.48	3.77	3.82	3.53	4	100
11/15/2015 23:45	2.2	1.74	2.77	2.84	2.39	4	100
11/15/2015 23:50	2.96	2.78	3.84	3.43	3.25	4	100
11/15/2015 23:55	3.32	2.48	4.35	4.61	3.69	4	100
