5 Minutes	Lane 1 Flow (Veh/5 Minutes)	Lane 2 Flow (Veh/5 Minutes)	Lane 3 Flow (Veh/5 Minutes)	Lane 4 Flow (Veh/5 Minutes)	Flow (Veh/5 Minutes)	# Lane Points	% Observed
11/02/2015 00:00	50	57	48	39	194	4	0
11/02/2015 00:05	55	54	48	44	201	4	0
11/02/2015 00:10	51	55	55	44	205	4	0
11/02/2015 00:15	49	57	44	41	191	4	0
11/02/2015 00:20	58	56	48	37	199	4	0
11/02/2015 00:25	41	53	47	43	184	4	0
11/02/2015 00:30	43	53	39	39	174	4	0
11/02/2015 00:35	40	46	39	34	159	4	0
11/02/2015 00:40	34	39	39	26	138	4	0
11/02/2015 00:45	40	54	39	30	163	4	0
11/02/2015 00:50	33	40	37	31	141	4	0
11/02/2015 00:55	30	34	33	30	127	4	0
11/02/2015 01:00	19	27	24	20	90	4	0
11/02/2015 01:05	18	27	24	19	88	4	0
11/02/2015 01:10	30	20	30	20	100	4	0
11/02/2015 01:15	19	29	23	26	97	4	0
11/02/2015 01:20	26	32	29	20	107	4	0
11/02/2015 01:25	15	26	20	16	77	4	0
11/02/2015 01:30	16	25	24	24	89	4	0
11/02/2015 01:35	19	26	21	20	86	4	0
11/02/2015 01:40	19	24	23	25	91	4	0
11/02/2015 01:45	18	24	19	23	84	4	0
11/02/2015 01:50	18	20	19	23	80	4	0
11/02/2015 01:55	11	18	16	15	60	4	0
11/02/2015 02:00	18	23	20	16	77	4	0
11/02/2015 02:05	9	18	17	14	58	4	0
11/02/2015 02:10	10	16	13	17	56	4	0
11/02/2015 02:15	10	11	20	14	55	4	0
11/02/2015 02:20	14	17	16	14	61	4	0
11/02/2015 02:25	9	13	11	11	44	4	0
11/02/2015 02:30	11	19	15	11	56	4	0
11/02/2015 02:35	9	16	14	13	52	4	0
11/02/2015 02:40	7	16	13	14	50	4	0
11/02/2015 02:45	9	14	11	14	48	4	0
11/02/2015 02:50	10	14	11	13	48	4	0
11/02/2015 02:55	11	14	13	13	51	4	0
11/02/2015 03:00	11	16	11	14	52	4	0
11/02/2015 03:05	9	13	14	13	49	4	0
11/02/2015 03:10	8	9	10	10	37	4	0
11/02/2015 03:15	7	17	14	10	48	4	0
11/02/2015 03:20	9	13	13	10	45	4	0
11/02/2015 03:25	9	16	9	11	45	4	0
11/02/2015 03:30	9	14	11	14	48	4	0
11/02/2015 03:35	10	18	17	19	64	4	0
11/02/2015 03:40	11	16	17	16	60	4	0
11/02/2015 03:45	10	21	11	11	53	4	0
11/02/2015 03:50	7	19	13	10	49	4	0
11/02/2015 03:55	13	19	18	11	61	4	0
11/02/2015 04:00	10	15	16	13	54	4	0
11/02/2015 04:05	14	16	14	11	55	4	0
11/02/2015 04:10	18	26	17	15	76	4	0
11/02/2015 04:15	23	25	20	10	78	4	0
11/02/2015 04:20	24	30	24	16	94	4	0
11/02/2015 04:25	26	26	21	16	89	4	0
11/02/2015 04:30	26	33	21	23	103	4	0
11/02/2015 04:35	30	33	24	19	106	4	0
11/02/2015 04:40	35	41	21	21	118	4	0
11/02/2015 04:45	26	41	33	25	125	4	0
11/02/2015 04:50	36	41	33	21	131	4	0
11/02/2015 04:55	43	39	26	20	128	4	0
11/02/2015 05:00	50	45	34	27	156	4	0
11/02/2015 05:05	53	51	34	24	162	4	0
11/02/2015 05:10	62	61	43	30	196	4	0
11/02/2015 05:15	55	61	45	32	193	4	0
11/02/2015 05:20	83	68	53	37	241	4	0
11/02/2015 05:25	83	75	53	41	252	4	0
11/02/2015 05:30	88	80	59	39	266	4	0
11/02/2015 05:35	91	79	59	44	273	4	0
11/02/2015 05:40	96	83	56	46	281	4	0
11/02/2015 05:45	103	81	64	49	297	4	0
11/02/2015 05:50	106	86	66	49	307	4	0
11/02/2015 05:55	101	91	61	48	301	4	0
11/02/2015 06:00	114	94	70	57	335	4	0
11/02/2015 06:05	100	83	68	59	310	4	0
11/02/2015 06:10	109	93	76	60	338	4	0
11/02/2015 06:15	113	99	68	60	340	4	0
11/02/2015 06:20	116	106	74	71	367	4	0
11/02/2015 06:25	116	96	87	60	359	4	0
11/02/2015 06:30	120	103	90	76	389	4	0
11/02/2015 06:35	114	114	101	83	412	4	0
11/02/2015 06:40	131	106	87	74	398	4	0
11/02/2015 06:45	117	110	89	77	393	4	0
11/02/2015 06:50	125	109	91	76	401	4	0
11/02/2015 06:55	146	123	96	80	445	4	0
11/02/2015 07:00	133	126	94	73	426	4	0
11/02/2015 07:05	159	136	107	81	483	4	0
11/02/2015 07:10	143	139	112	93	487	4	0
11/02/2015 07:15	162	144	116	96	518	4	0
11/02/2015 07:20	166	140	111	111	528	4	0
11/02/2015 07:25	170	146	115	106	537	4	0
11/02/2015 07:30	160	134	116	101	511	4	0
11/02/2015 07:35	169	147	123	109	548	4	0
11/02/2015 07:40	160	136	106	96	498	4	0
11/02/2015 07:45	159	139	111	90	499	4	0
11/02/2015 07:50	147	128	106	93	474	4	0
11/02/2015 07:55	153	130	121	90	494	4	0
11/02/2015 08:00	160	149	120	104	533	4	0
11/02/2015 08:05	173	146	124	110	553	4	0
11/02/2015 08:10	176	144	127	94	541	4	0
11/02/2015 08:15	179	168	130	109	586	4	0
11/02/2015 08:20	166	153	116	98	533	4	0
11/02/2015 08:25	159	141	109	91	500	4	0
11/02/2015 08:30	164	139	111	99	513	4	0
11/02/2015 08:35	164	133	113	96	506	4	0
11/02/2015 08:40	163	130	110	87	490	4	0
11/02/2015 08:45	171	141	104	100	516	4	0
11/02/2015 08:50	148	126	111	78	463	4	0
11/02/2015 08:55	163	125	97	86	471	4	0
11/02/2015 09:00	153	124	105	73	455	4	0
11/02/2015 09:05	146	120	93	75	434	4	0
11/02/2015 09:10	136	121	100	81	438	4	0
11/02/2015 09:15	143	121	91	66	421	4	0
11/02/2015 09:20	150	140	103	83	476	4	0
11/02/2015 09:25	161	135	123	84	503	4	0
11/02/2015 09:30	164	133	114	97	508	4	0
11/02/2015 09:35	165	134	113	94	506	4	0
11/02/2015 09:40	153	136	107	87	483	4	0
11/02/2015 09:45	154	136	109	101	500	4	0
11/02/2015 09:50	163	144	109	94	510	4	0
11/02/2015 09:55	141	126	110	89	466	4	0
11/02/2015 10:00	150	130	101	89	470	4	0
11/02/2015 10:05	144	131	101	96	472	4	0
11/02/2015 10:10	157	134	108	90	489	4	0
11/02/2015 10:15	153	134	106	98	491	4	0
11/02/2015 10:20	160	140	96	96	492	4	0
11/02/2015 10:25	121	123	99	94	437	4	0
11/02/2015 10:30	131	134	103	86	454	4	0
11/02/2015 10:35	133	120	91	91	435	4	0
11/02/2015 10:40	130	133	109	101	473	4	0
11/02/2015 10:45	143	127	103	86	459	4	0
11/02/2015 10:50	141	126	103	101	471	4	0
11/02/2015 10:55	137	110	110	103	460	4	0
11/02/2015 11:00	150	126	110	90	476	4	0
11/02/2015 11:05	137	113	109	99	458	4	0
11/02/2015 11:10	146	140	103	97	486	4	0
11/02/2015 11:15	151	127	107	106	491	4	0
11/02/2015 11:20	151	141	106	106	504	4	0
11/02/2015 11:25	168	144	116	93	521	4	0
11/02/2015 11:30	139	119	104	100	462	4	0
11/02/2015 11:35	156	140	111	107	514	4	0
11/02/2015 11:40	164	131	107	104	506	4	0
11/02/2015 11:45	161	146	124	103	534	4	0
11/02/2015 11:50	151	127	113	101	492	4	0
11/02/2015 11:55	151	130	105	100	486	4	0
11/02/2015 12:00	154	138	110	100	502	4	0
11/02/2015 12:05	159	129	119	111	518	4	0
11/02/2015 12:10	153	123	99	93	468	4	0
11/02/2015 12:15	151	134	113	96	494	4	0
11/02/2015 12:20	169	150	120	109	548	4	0
11/02/2015 12:25	169	136	116	91	512	4	0
11/02/2015 12:30	171	139	109	106	525	4	0
11/02/2015 12:35	153	146	114	114	527	4	0
11/02/2015 12:40	159	141	121	106	527	4	0
11/02/2015 12:45	176	151	123	106	556	4	0
11/02/2015 12:50	170	141	116	101	528	4	0
11/02/2015 12:55	171	141	120	91	523	4	0
11/02/2015 13:00	160	144	137	101	542	4	0
11/02/2015 13:05	161	138	111	96	506	4	0
11/02/2015 13:10	161	131	109	96	497	4	0
11/02/2015 13:15	179	159	120	104	562	4	0
11/02/2015 13:20	168	136	111	98	513	4	0
11/02/2015 13:25	181	156	131	124	592	4	0
11/02/2015 13:30	170	166	126	120	582	4	0
11/02/2015 13:35	166	160	123	113	562	4	0
11/02/2015 13:40	166	144	114	111	535	4	0
11/02/2015 13:45	170	151	134	120	575	4	0
11/02/2015 13:50	183	159	126	124	592	4	0
11/02/2015 13:55	183	155	121	113	572	4	0
11/02/2015 14:00	168	148	131	119	566	4	0
11/02/2015 14:05	160	147	133	126	566	4	0
11/02/2015 14:10	156	146	134	123	559	4	0
11/02/2015 14:15	174	157	134	140	605	4	0
11/02/2015 14:20	134	136	127	133	530	4	0
11/02/2015 14:25	160	144	137	130	571	4	0
11/02/2015 14:30	157	150	138	120	565	4	0
11/02/2015 14:35	143	141	121	120	525	4	0
11/02/2015 14:40	143	139	120	131	533	4	0
11/02/2015 14:45	144	149	123	129	545	4	0
11/02/2015 14:50	149	140	121	127	537	4	0
11/02/2015 14:55	147	150	126	139	562	4	0
11/02/2015 15:00	150	139	123	131	543	4	0
11/02/2015 15:05	141	131	111	134	517	4	0
11/02/2015 15:10	136	129	121	130	516	4	0
11/02/2015 15:15	144	133	128	126	531	4	0
11/02/2015 15:20	146	139	124	130	539	4	0
11/02/2015 15:25	130	123	111	127	491	4	0
11/02/2015 15:30	114	119	113	121	467	4	0
11/02/2015 15:35	110	105	106	117	438	4	0
11/02/2015 15:40	118	109	110	126	463	4	0
11/02/2015 15:45	141	134	124	125	524	4	0
11/02/2015 15:50	126	113	114	126	479	4	0
11/02/2015 15:55	113	103	94	101	411	4	0
11/02/2015 16:00	114	114	107	121	456	4	0
11/02/2015 16:05	110	103	104	107	424	4	0
11/02/2015 16:10	110	109	103	99	421	4	0
11/02/2015 16:15	111	113	104	114	442	4	0
11/02/2015 16:20	127	127	114	119	487	4	0
11/02/2015 16:25	116	107	109	123	455	4	0
11/02/2015 16:30	106	109	91	103	409	4	0
11/02/2015 16:35	120	110	104	117	451	4	0
11/02/2015 16:40	101	101	98	109	409	4	0
11/02/2015 16:45	110	98	96	109	413	4	0
11/02/2015 16:50	97	91	90	96	374	4	0
11/02/2015 16:55	87	84	71	90	332	4	0
11/02/2015 17:00	113	104	99	109	425	4	0
11/02/2015 17:05	117	115	114	123	469	4	0
11/02/2015 17:10	113	117	111	133	474	4	0
11/02/2015 17:15	116	123	116	117	472	4	0
11/02/2015 17:20	106	110	111	117	444	4	0
11/02/2015 17:25	114	111	107	130	462	4	0
11/02/2015 17:30	91	91	89	89	360	4	0
11/02/2015 17:35	115	119	108	119	461	4	0
11/02/2015 17:40	121	114	117	121	473	4	0
11/02/2015 17:45	130	121	121	120	492	4	0
11/02/2015 17:50	123	113	110	121	467	4	0
11/02/2015 17:55	114	106	99	114	433	4	0
11/02/2015 18:00	101	89	84	100	374	4	0
11/02/2015 18:05	106	104	100	106	416	4	0
11/02/2015 18:10	97	97	86	100	380	4	0
11/02/2015 18:15	91	90	81	93	355	4	0
11/02/2015 18:20	119	113	110	114	456	4	0
11/02/2015 18:25	126	134	128	126	514	4	0
11/02/2015 18:30	126	127	116	111	480	4	0
11/02/2015 18:35	121	120	111	124	476	4	0
11/02/2015 18:40	136	126	106	129	497	4	0
11/02/2015 18:45	115	105	100	118	438	4	0
11/02/2015 18:50	131	116	121	119	487	4	0
11/02/2015 18:55	103	104	103	114	424	4	0
11/02/2015 19:00	121	113	110	119	463	4	0
11/02/2015 19:05	101	101	85	104	391	4	0
11/02/2015 19:10	120	107	98	106	431	4	0
11/02/2015 19:15	131	120	118	124	493	4	0
11/02/2015 19:20	125	120	119	124	488	4	0
11/02/2015 19:25	111	109	119	110	449	4	0
11/02/2015 19:30	108	106	106	106	426	4	0
11/02/2015 19:35	103	97	96	111	407	4	0
11/02/2015 19:40	128	134	121	119	502	4	0
11/02/2015 19:45	120	120	120	122	482	4	0
11/02/2015 19:50	141	131	120	120	512	4	0
11/02/2015 19:55	139	147	131	123	540	4	0
11/02/2015 20:00	138	128	128	118	512	4	0
11/02/2015 20:05	149	120	123	107	499	4	0
11/02/2015 20:10	139	123	131	124	517	4	0
11/02/2015 20:15	136	120	118	117	491	4	0
11/02/2015 20:20	131	127	129	116	503	4	0
11/02/2015 20:25	143	120	113	101	477	4	0
11/02/2015 20:30	121	123	100	104	448	4	0
11/02/2015 20:35	113	109	93	99	414	4	0
11/02/2015 20:40	131	124	121	120	496	4	0
11/02/2015 20:45	125	103	110	110	448	4	0
11/02/2015 20:50	121	121	107	107	456	4	0
11/02/2015 20:55	124	114	93	90	421	4	0
11/02/2015 21:00	124	117	106	105	452	4	0
11/02/2015 21:05	119	107	100	99	425	4	0
11/02/2015 21:10	129	104	110	101	444	4	0
11/02/2015 21:15	134	116	106	96	452	4	0
11/02/2015 21:20	116	114	106	99	435	4	0
11/02/2015 21:25	119	110	97	101	427	4	0
11/02/2015 21:30	109	105	86	94	394	4	0
11/02/2015 21:35	106	110	99	104	419	4	0
11/02/2015 21:40	99	100	97	96	392	4	0
11/02/2015 21:45	106	99	93	91	389	4	0
11/02/2015 21:50	113	106	95	81	395	4	0
11/02/2015 21:55	113	100	91	90	394	4	0
11/02/2015 22:00	103	98	84	84	369	4	0
11/02/2015 22:05	106	94	104	90	394	4	0
11/02/2015 22:10	114	109	106	93	422	4	0
11/02/2015 22:15	101	97	85	83	366	4	0
11/02/2015 22:20	104	100	96	86	386	4	0
11/02/2015 22:25	95	104	99	93	391	4	0
11/02/2015 22:30	88	80	74	86	328	4	0
11/02/2015 22:35	86	81	86	69	322	4	0
11/02/2015 22:40	81	83	66	66	296	4	0
11/02/2015 22:45	86	80	71	74	311	4	0
11/02/2015 22:50	74	79	67	61	281	4	0
11/02/2015 22:55	73	80	66	58	277	4	0
11/02/2015 23:00	70	73	64	60	267	4	0
11/02/2015 23:05	74	60	69	59	262	4	0
11/02/2015 23:10	60	64	56	54	234	4	0
11/02/2015 23:15	60	68	66	56	250	4	0
11/02/2015 23:20	63	64	61	61	249	4	0
11/02/2015 23:25	63	71	55	59	248	4	0
11/02/2015 23:30	55	66	59	50	230	4	0
11/02/2015 23:35	46	56	57	40	199	4	0
11/02/2015 23:40	49	51	61	53	214	4	0
11/02/2015 23:45	53	59	47	41	200	4	0
11/02/2015 23:50	44	55	56	43	198	4	0
11/02/2015 23:55	50	53	41	39	183	4	0
11/03/2015 00:00	41	45	45	44	175	4	0
11/03/2015 00:05	38	44	37	32	151	4	0
11/03/2015 00:10	43	48	45	38	174	4	0
11/03/2015 00:15	35	49	39	37	160	4	0
11/03/2015 00:20	39	44	39	40	162	4	0
11/03/2015 00:25	36	41	34	42	153	4	0
11/03/2015 00:30	37	42	34	30	143	4	0
11/03/2015 00:35	31	37	36	33	137	4	0
11/03/2015 00:40	26	37	34	36	133	4	0
11/03/2015 00:45	26	44	27	27	124	4	0
11/03/2015 00:50	23	36	29	28	116	4	0
11/03/2015 00:55	27	33	29	28	117	4	0
11/03/2015 01:00	16	23	21	17	77	4	0
11/03/2015 01:05	16	24	21	17	78	4	0
11/03/2015 01:10	10	0	10	40	60	4	0
11/03/2015 01:15	15	28	19	20	82	4	0
11/03/2015 01:20	18	20	24	23	85	4	0
11/03/2015 01:25	16	29	25	19	89	4	0
11/03/2015 01:30	18	25	25	19	87	4	0
11/03/2015 01:35	16	23	19	24	82	4	0
11/03/2015 01:40	16	23	24	19	82	4	0
11/03/2015 01:45	17	21	17	19	74	4	0
11/03/2015 01:50	9	14	17	20	60	4	0
11/03/2015 01:55	11	21	15	15	62	4	0
11/03/2015 02:00	15	17	16	16	64	4	0
11/03/2015 02:05	10	18	16	17	61	4	0
11/03/2015 02:10	10	20	20	18	68	4	0
11/03/2015 02:15	11	18	16	16	61	4	0
11/03/2015 02:20	11	14	21	16	62	4	0
11/03/2015 02:25	8	15	15	19	57	4	0
11/03/2015 02:30	10	13	10	17	50	4	0
11/03/2015 02:35	9	10	13	16	48	4	0
11/03/2015 02:40	14	15	20	11	60	4	0
11/03/2015 02:45	7	13	18	14	52	4	0
11/03/2015 02:50	9	14	14	13	50	4	0
11/03/2015 02:55	8	11	14	13	46	4	0
11/03/2015 03:00	9	11	13	16	49	4	0
11/03/2015 03:05	10	9	8	11	38	4	0
11/03/2015 03:10	10	14	16	14	54	4	0
11/03/2015 03:15	13	13	11	10	47	4	0
11/03/2015 03:20	6	14	11	14	45	4	0
11/03/2015 03:25	10	11	10	10	41	4	0
11/03/2015 03:30	13	11	13	13	50	4	0
11/03/2015 03:35	8	14	10	14	46	4	0
11/03/2015 03:40	11	20	13	14	58	4	0
11/03/2015 03:45	11	19	19	13	62	4	0
11/03/2015 03:50	17	14	10	11	52	4	0
11/03/2015 03:55	11	18	14	10	53	4	0
11/03/2015 04:00	8	16	14	9	47	4	0
11/03/2015 04:05	15	19	17	13	64	4	0
11/03/2015 04:10	14	17	17	19	67	4	0
11/03/2015 04:15	15	21	14	16	66	4	0
11/03/2015 04:20	18	23	17	17	75	4	0
11/03/2015 04:25	20	29	21	23	93	4	0
11/03/2015 04:30	29	36	30	17	112	4	0
11/03/2015 04:35	29	36	30	20	115	4	0
11/03/2015 04:40	29	30	24	19	102	4	0
11/03/2015 04:45	38	38	26	21	123	4	0
11/03/2015 04:50	40	44	26	24	134	4	0
11/03/2015 04:55	37	43	29	25	134	4	0
11/03/2015 05:00	47	44	35	21	147	4	0
11/03/2015 05:05	41	39	31	23	134	4	0
11/03/2015 05:10	56	53	43	31	183	4	0
11/03/2015 05:15	61	53	44	31	189	4	0
11/03/2015 05:20	70	52	43	38	203	4	0
11/03/2015 05:25	91	81	47	38	257	4	0
11/03/2015 05:30	91	79	57	50	277	4	0
11/03/2015 05:35	89	69	54	51	263	4	0
11/03/2015 05:40	103	79	59	50	291	4	0
11/03/2015 05:45	109	86	63	49	307	4	0
11/03/2015 05:50	109	85	53	51	298	4	0
11/03/2015 05:55	90	79	59	59	287	4	0
11/03/2015 06:00	99	76	61	53	289	4	0
11/03/2015 06:05	104	87	65	59	315	4	0
11/03/2015 06:10	98	94	66	66	324	4	0
11/03/2015 06:15	124	104	76	63	367	4	0
11/03/2015 06:20	104	96	73	70	343	4	0
11/03/2015 06:25	113	100	70	56	339	4	0
11/03/2015 06:30	123	111	84	70	388	4	0
11/03/2015 06:35	117	107	89	71	384	4	0
11/03/2015 06:40	133	114	87	79	413	4	0
11/03/2015 06:45	131	119	86	93	429	4	0
11/03/2015 06:50	133	128	94	96	451	4	0
11/03/2015 06:55	141	128	94	91	454	4	0
11/03/2015 07:00	154	121	103	97	475	4	0
11/03/2015 07:05	170	139	114	96	519	4	0
11/03/2015 07:10	179	150	123	108	560	4	0
11/03/2015 07:15	171	144	136	104	555	4	0
11/03/2015 07:20	179	145	121	103	548	4	0
11/03/2015 07:25	176	144	118	99	537	4	0
11/03/2015 07:30	176	156	124	106	562	4	0
11/03/2015 07:35	167	138	117	95	517	4	0
11/03/2015 07:40	179	140	114	101	534	4	0
11/03/2015 07:45	167	150	110	101	528	4	0
11/03/2015 07:50	169	136	106	95	506	4	0
11/03/2015 07:55	176	137	111	100	524	4	0
11/03/2015 08:00	160	134	101	88	483	4	0
11/03/2015 08:05	174	147	136	101	558	4	0
11/03/2015 08:10	174	153	126	103	556	4	0
11/03/2015 08:15	173	154	121	111	559	4	0
11/03/2015 08:20	164	157	127	109	557	4	0
11/03/2015 08:25	171	145	110	99	525	4	0
11/03/2015 08:30	176	129	108	94	507	4	0
11/03/2015 08:35	170	131	115	98	514	4	0
11/03/2015 08:40	174	149	119	96	538	4	0
11/03/2015 08:45	160	116	104	84	464	4	0
11/03/2015 08:50	164	145	101	91	501	4	0
11/03/2015 08:55	161	149	109	94	513	4	0
11/03/2015 09:00	154	136	113	88	491	4	0
11/03/2015 09:05	155	130	105	87	477	4	0
11/03/2015 09:10	170	127	124	93	514	4	0
11/03/2015 09:15	158	134	113	94	499	4	0
11/03/2015 09:20	159	129	101	100	489	4	0
11/03/2015 09:25	159	138	120	84	501	4	0
11/03/2015 09:30	160	144	107	98	509	4	0
11/03/2015 09:35	156	138	100	94	488	4	0
11/03/2015 09:40	160	130	110	91	491	4	0
11/03/2015 09:45	146	124	103	87	460	4	0
11/03/2015 09:50	151	130	110	88	479	4	0
11/03/2015 09:55	147	123	96	89	455	4	0
11/03/2015 10:00	155	133	98	90	476	4	0
11/03/2015 10:05	145	113	110	88	456	4	0
11/03/2015 10:10	150	123	93	84	450	4	0
11/03/2015 10:15	167	136	109	86	498	4	0
11/03/2015 10:20	153	136	106	97	492	4	0
11/03/2015 10:25	148	136	106	87	477	4	0
11/03/2015 10:30	146	126	103	93	468	4	0
11/03/2015 10:35	138	130	101	100	469	4	0
11/03/2015 10:40	146	125	95	90	456	4	0
11/03/2015 10:45	139	119	97	91	446	4	0
11/03/2015 10:50	133	103	106	90	432	4	0
11/03/2015 10:55	154	134	96	91	475	4	0
11/03/2015 11:00	143	123	99	88	453	4	0
11/03/2015 11:05	131	121	105	94	451	4	0
11/03/2015 11:10	156	131	118	94	499	4	0
11/03/2015 11:15	154	129	103	98	484	4	0
11/03/2015 11:20	147	116	103	101	467	4	0
11/03/2015 11:25	160	133	101	103	497	4	0
11/03/2015 11:30	147	130	119	101	497	4	0
11/03/2015 11:35	161	140	99	94	494	4	0
11/03/2015 11:40	156	131	114	104	505	4	0
11/03/2015 11:45	168	134	114	113	529	4	0
11/03/2015 11:50	150	137	106	90	483	4	0
11/03/2015 11:55	159	135	116	100	510	4	0
11/03/2015 12:00	164	134	112	98	508	4	0
11/03/2015 12:05	154	133	110	96	493	4	0
11/03/2015 12:10	183	140	130	110	563	4	0
11/03/2015 12:15	163	144	117	111	535	4	0
11/03/2015 12:20	159	143	119	103	524	4	0
11/03/2015 12:25	166	146	113	107	532	4	0
11/03/2015 12:30	151	137	110	103	501	4	0
11/03/2015 12:35	170	134	119	111	534	4	0
11/03/2015 12:40	179	147	119	105	550	4	0
11/03/2015 12:45	179	146	118	103	546	4	0
11/03/2015 12:50	158	153	126	115	552	4	0
11/03/2015 12:55	173	149	117	110	549	4	0
11/03/2015 13:00	161	136	110	101	508	4	0
11/03/2015 13:05	170	149	114	111	544	4	0
11/03/2015 13:10	176	156	124	105	561	4	0
11/03/2015 13:15	158	136	116	111	521	4	0
11/03/2015 13:20	180	149	128	118	575	4	0
11/03/2015 13:25	170	143	120	123	556	4	0
11/03/2015 13:30	171	150	121	118	560	4	0
11/03/2015 13:35	174	144	124	126	568	4	0
11/03/2015 13:40	166	149	114	117	546	4	0
11/03/2015 13:45	173	144	123	105	545	4	0
11/03/2015 13:50	177	153	128	116	574	4	0
11/03/2015 13:55	169	147	119	120	555	4	0
11/03/2015 14:00	174	143	121	120	558	4	0
11/03/2015 14:05	163	143	126	119	551	4	0
11/03/2015 14:10	151	150	124	123	548	4	0
11/03/2015 14:15	160	153	133	133	579	4	0
11/03/2015 14:20	147	141	119	114	521	4	0
11/03/2015 14:25	150	139	133	121	543	4	0
11/03/2015 14:30	131	121	110	123	485	4	0
11/03/2015 14:35	147	131	124	127	529	4	0
11/03/2015 14:40	131	129	113	114	487	4	0
11/03/2015 14:45	133	136	116	126	511	4	0
11/03/2015 14:50	129	120	130	129	508	4	0
11/03/2015 14:55	139	138	126	123	526	4	0
11/03/2015 15:00	128	125	128	114	495	4	0
11/03/2015 15:05	140	138	118	126	522	4	0
11/03/2015 15:10	139	124	130	123	516	4	0
11/03/2015 15:15	121	119	127	121	488	4	0
11/03/2015 15:20	106	101	100	114	421	4	0
11/03/2015 15:25	136	130	114	127	507	4	0
11/03/2015 15:30	118	113	115	124	470	4	0
11/03/2015 15:35	124	123	118	119	484	4	0
11/03/2015 15:40	105	108	106	116	435	4	0
11/03/2015 15:45	119	110	106	124	459	4	0
11/03/2015 15:50	118	117	106	119	460	4	0
11/03/2015 15:55	110	109	109	117	445	4	0
11/03/2015 16:00	123	123	119	124	489	4	0
11/03/2015 16:05	120	111	111	116	458	4	0
11/03/2015 16:10	114	117	118	130	479	4	0
11/03/2015 16:15	123	117	106	116	462	4	0
11/03/2015 16:20	125	118	109	117	469	4	0
11/03/2015 16:25	121	116	104	113	454	4	0
11/03/2015 16:30	118	111	113	121	463	4	0
11/03/2015 16:35	137	130	113	131	511	4	0
11/03/2015 16:40	124	114	113	121	472	4	0
11/03/2015 16:45	121	114	119	127	481	4	0
11/03/2015 16:50	117	116	110	124	467	4	0
11/03/2015 16:55	119	111	117	118	465	4	0
11/03/2015 17:00	115	118	115	114	462	4	0
11/03/2015 17:05	119	110	116	115	460	4	0
11/03/2015 17:10	119	109	114	116	458	4	0
11/03/2015 17:15	109	104	104	106	423	4	0
11/03/2015 17:20	114	105	111	124	454	4	0
11/03/2015 17:25	104	104	101	104	413	4	0
11/03/2015 17:30	113	110	105	116	444	4	0
11/03/2015 17:35	103	106	100	99	408	4	0
11/03/2015 17:40	110	103	99	107	419	4	0
11/03/2015 17:45	111	104	103	119	437	4	0
11/03/2015 17:50	104	106	109	111	430	4	0
11/03/2015 17:55	109	111	101	111	432	4	0
11/03/2015 18:00	111	105	101	130	447	4	0
11/03/2015 18:05	101	101	100	113	415	4	0
11/03/2015 18:10	111	103	111	127	452	4	0
11/03/2015 18:15	108	109	103	105	425	4	0
11/03/2015 18:20	96	93	94	109	392	4	0
11/03/2015 18:25	110	100	104	101	415	4	0
11/03/2015 18:30	111	104	101	121	437	4	0
11/03/2015 18:35	118	115	106	121	460	4	0
11/03/2015 18:40	109	106	110	109	434	4	0
11/03/2015 18:45	117	114	110	126	467	4	0
11/03/2015 18:50	114	113	110	114	451	4	0
11/03/2015 18:55	114	114	107	124	459	4	0
11/03/2015 19:00	114	116	116	123	469	4	0
11/03/2015 19:05	103	97	98	94	392	4	0
11/03/2015 19:10	109	106	107	109	431	4	0
11/03/2015 19:15	106	90	99	104	399	4	0
11/03/2015 19:20	113	114	117	113	457	4	0
11/03/2015 19:25	119	131	117	126	493	4	0
11/03/2015 19:30	118	121	121	114	474	4	0
11/03/2015 19:35	133	125	121	110	489	4	0
11/03/2015 19:40	120	123	120	114	477	4	0
11/03/2015 19:45	110	103	109	104	426	4	0
11/03/2015 19:50	119	116	109	117	461	4	0
11/03/2015 19:55	131	123	121	114	489	4	0
11/03/2015 20:00	123	121	123	120	487	4	0
11/03/2015 20:05	91	87	92	94	364	4	0
11/03/2015 20:10	149	148	122	127	546	4	0
11/03/2015 20:15	146	133	137	119	535	4	0
11/03/2015 20:20	148	144	129	127	548	4	0
11/03/2015 20:25	150	128	131	119	528	4	0
11/03/2015 20:30	126	114	117	111	468	4	0
11/03/2015 20:35	124	119	109	120	472	4	0
11/03/2015 20:40	156	139	119	116	530	4	0
11/03/2015 20:45	131	116	123	113	483	4	0
11/03/2015 20:50	139	116	109	103	467	4	0
11/03/2015 20:55	113	106	106	93	418	4	0
11/03/2015 21:00	140	119	111	113	483	4	0
11/03/2015 21:05	123	117	117	113	470	4	0
11/03/2015 21:10	141	124	103	111	479	4	0
11/03/2015 21:15	146	125	124	116	511	4	0
11/03/2015 21:20	146	124	113	116	499	4	0
11/03/2015 21:25	130	119	121	106	476	4	0
11/03/2015 21:30	144	128	124	97	493	4	0
11/03/2015 21:35	134	119	116	104	473	4	0
11/03/2015 21:40	123	109	96	111	439	4	0
11/03/2015 21:45	130	123	107	91	451	4	0
11/03/2015 21:50	129	120	109	98	456	4	0
11/03/2015 21:55	123	119	104	93	439	4	0
11/03/2015 22:00	115	110	104	98	427	4	0
11/03/2015 22:05	117	111	93	99	420	4	0
11/03/2015 22:10	133	116	114	111	474	4	0
11/03/2015 22:15	114	109	110	90	423	4	0
11/03/2015 22:20	124	119	108	100	451	4	0
11/03/2015 22:25	114	109	90	97	410	4	0
11/03/2015 22:30	110	110	99	86	405	4	0
11/03/2015 22:35	105	104	90	75	374	4	0
11/03/2015 22:40	90	94	80	87	351	4	0
11/03/2015 22:45	89	83	80	84	336	4	0
11/03/2015 22:50	94	84	79	79	336	4	0
11/03/2015 22:55	87	83	84	74	328	4	0
11/03/2015 23:00	93	89	74	67	323	4	0
11/03/2015 23:05	79	73	71	73	296	4	0
11/03/2015 23:10	73	81	69	64	287	4	0
11/03/2015 23:15	66	71	70	70	277	4	0
11/03/2015 23:20	84	79	71	64	298	4	0
11/03/2015 23:25	66	69	70	64	269	4	0
11/03/2015 23:30	60	69	59	56	244	4	0
11/03/2015 23:35	47	63	61	51	222	4	0
11/03/2015 23:40	63	57	65	54	239	4	0
11/03/2015 23:45	51	61	50	59	221	4	0
11/03/2015 23:50	64	64	61	43	232	4	0
11/03/2015 23:55	53	60	44	50	207	4	0
11/04/2015 00:00	51	50	43	49	193	4	0
11/04/2015 00:05	37	50	45	47	179	4	0
11/04/2015 00:10	42	51	50	43	186	4	0
11/04/2015 00:15	40	48	52	36	176	4	0
11/04/2015 00:20	41	49	43	41	174	4	0
11/04/2015 00:25	44	51	38	39	172	4	0
11/04/2015 00:30	28	36	39	40	143	4	0
11/04/2015 00:35	31	46	34	31	142	4	0
11/04/2015 00:40	29	38	34	34	135	4	0
11/04/2015 00:45	30	47	34	31	142	4	0
11/04/2015 00:50	21	30	31	23	105	4	0
11/04/2015 00:55	23	31	30	28	112	4	0
11/04/2015 01:00	19	28	25	20	92	4	0
11/04/2015 01:05	19	28	25	20	92	4	0
11/04/2015 01:10	10	20	20	0	50	4	0
11/04/2015 01:15	20	33	28	25	106	4	0
11/04/2015 01:20	15	25	23	21	84	4	0
11/04/2015 01:25	15	23	18	20	76	4	0
11/04/2015 01:30	16	24	21	23	84	4	0
11/04/2015 01:35	22	21	21	21	85	4	0
11/04/2015 01:40	13	21	18	24	76	4	0
11/04/2015 01:45	18	24	23	19	84	4	0
11/04/2015 01:50	11	16	21	21	69	4	0
11/04/2015 01:55	13	21	12	18	64	4	0
11/04/2015 02:00	10	14	19	18	61	4	0
11/04/2015 02:05	10	18	16	18	62	4	0
11/04/2015 02:10	13	23	20	21	77	4	0
11/04/2015 02:15	11	18	20	20	69	4	0
11/04/2015 02:20	11	16	18	16	61	4	0
11/04/2015 02:25	11	17	14	17	59	4	0
11/04/2015 02:30	14	18	19	15	66	4	0
11/04/2015 02:35	10	16	19	10	55	4	0
11/04/2015 02:40	7	13	16	14	50	4	0
11/04/2015 02:45	7	14	13	11	45	4	0
11/04/2015 02:50	9	13	13	14	49	4	0
11/04/2015 02:55	9	10	10	10	39	4	0
11/04/2015 03:00	6	13	14	9	42	4	0
11/04/2015 03:05	8	13	14	16	51	4	0
11/04/2015 03:10	10	9	16	11	46	4	0
11/04/2015 03:15	10	17	14	16	57	4	0
11/04/2015 03:20	9	15	10	11	45	4	0
11/04/2015 03:25	10	18	14	17	59	4	0
11/04/2015 03:30	10	16	11	9	46	4	0
11/04/2015 03:35	8	13	16	10	47	4	0
11/04/2015 03:40	10	14	16	16	56	4	0
11/04/2015 03:45	11	14	13	13	51	4	0
11/04/2015 03:50	9	15	16	14	54	4	0
11/04/2015 03:55	11	17	13	16	57	4	0
11/04/2015 04:00	11	14	10	13	48	4	0
11/04/2015 04:05	9	15	14	12	50	4	0
11/04/2015 04:10	18	19	17	16	70	4	0
11/04/2015 04:15	18	20	16	24	78	4	0
11/04/2015 04:20	27	26	19	14	86	4	0
11/04/2015 04:25	30	31	21	20	102	4	0
11/04/2015 04:30	26	34	21	19	100	4	0
11/04/2015 04:35	33	31	24	20	108	4	0
11/04/2015 04:40	31	40	24	20	115	4	0
11/04/2015 04:45	29	30	21	21	101	4	0
11/04/2015 04:50	30	37	29	20	116	4	0
11/04/2015 04:55	40	43	31	24	138	4	0
11/04/2015 05:00	39	46	28	24	137	4	0
11/04/2015 05:05	36	39	31	25	131	4	0
11/04/2015 05:10	61	53	39	26	179	4	0
11/04/2015 05:15	61	55	45	30	191	4	0
11/04/2015 05:20	76	64	46	30	216	4	0
11/04/2015 05:25	83	76	49	38	246	4	0
11/04/2015 05:30	90	79	56	39	264	4	0
11/04/2015 05:35	86	78	54	41	259	4	0
11/04/2015 05:40	100	76	50	48	274	4	0
11/04/2015 05:45	91	87	57	51	286	4	0
11/04/2015 05:50	100	76	59	54	289	4	0
11/04/2015 05:55	98	76	58	48	280	4	0
11/04/2015 06:00	97	72	63	51	283	4	0
11/04/2015 06:05	94	74	55	57	280	4	0
11/04/2015 06:10	110	94	76	56	336	4	0
11/04/2015 06:15	116	97	76	69	358	4	0
11/04/2015 06:20	108	94	80	69	351	4	0
11/04/2015 06:25	105	85	70	59	319	4	0
11/04/2015 06:30	119	99	83	69	370	4	0
11/04/2015 06:35	109	104	83	74	370	4	0
11/04/2015 06:40	136	109	99	77	421	4	0
11/04/2015 06:45	135	119	91	83	428	4	0
11/04/2015 06:50	129	113	89	80	411	4	0
11/04/2015 06:55	145	136	104	86	471	4	0
11/04/2015 07:00	154	141	119	96	510	4	0
11/04/2015 07:05	180	141	119	100	540	4	0
11/04/2015 07:10	183	161	114	110	568	4	0
11/04/2015 07:15	189	155	120	115	579	4	0
11/04/2015 07:20	186	156	120	111	573	4	0
11/04/2015 07:25	179	157	123	114	573	4	0
11/04/2015 07:30	181	151	127	110	569	4	0
11/04/2015 07:35	186	150	121	109	566	4	0
11/04/2015 07:40	160	135	114	93	502	4	0
11/04/2015 07:45	173	153	116	101	543	4	0
11/04/2015 07:50	169	144	106	106	525	4	0
11/04/2015 07:55	160	129	121	91	501	4	0
11/04/2015 08:00	154	137	117	96	504	4	0
11/04/2015 08:05	179	143	120	103	545	4	0
11/04/2015 08:10	178	147	116	101	542	4	0
11/04/2015 08:15	165	134	116	104	519	4	0
11/04/2015 08:20	180	143	121	97	541	4	0
11/04/2015 08:25	174	150	113	98	535	4	0
11/04/2015 08:30	179	161	120	111	571	4	0
11/04/2015 08:35	170	161	117	93	541	4	0
11/04/2015 08:40	173	136	110	91	510	4	0
11/04/2015 08:45	168	134	104	98	504	4	0
11/04/2015 08:50	161	138	115	88	502	4	0
11/04/2015 08:55	170	133	114	101	518	4	0
11/04/2015 09:00	157	130	107	89	483	4	0
11/04/2015 09:05	160	136	109	97	502	4	0
11/04/2015 09:10	163	138	111	101	513	4	0
11/04/2015 09:15	176	142	123	101	542	4	0
11/04/2015 09:20	156	139	105	91	491	4	0
11/04/2015 09:25	159	135	116	94	504	4	0
11/04/2015 09:30	160	146	121	103	530	4	0
11/04/2015 09:35	146	127	101	85	459	4	0
11/04/2015 09:40	158	134	110	91	493	4	0
11/04/2015 09:45	154	126	111	90	481	4	0
11/04/2015 09:50	151	131	98	89	469	4	0
11/04/2015 09:55	154	131	111	97	493	4	0
11/04/2015 10:00	143	131	93	93	460	4	0
11/04/2015 10:05	156	130	91	90	467	4	0
11/04/2015 10:10	159	129	104	91	483	4	0
11/04/2015 10:15	156	133	116	89	494	4	0
11/04/2015 10:20	151	119	95	81	446	4	0
11/04/2015 10:25	158	122	104	87	471	4	0
11/04/2015 10:30	147	129	109	80	465	4	0
11/04/2015 10:35	156	140	104	97	497	4	0
11/04/2015 10:40	154	139	100	85	478	4	0
11/04/2015 10:45	150	130	115	97	492	4	0
11/04/2015 10:50	137	118	100	89	444	4	0
11/04/2015 10:55	138	133	103	90	464	4	0
11/04/2015 11:00	147	114	113	98	472	4	0
11/04/2015 11:05	146	131	106	98	481	4	0
11/04/2015 11:10	154	129	96	89	468	4	0
11/04/2015 11:15	146	129	113	94	482	4	0
11/04/2015 11:20	156	140	109	114	519	4	0
11/04/2015 11:25	154	131	109	101	495	4	0
11/04/2015 11:30	143	121	104	99	467	4	0
11/04/2015 11:35	155	125	108	96	484	4	0
11/04/2015 11:40	166	141	117	96	520	4	0
11/04/2015 11:45	159	126	109	104	498	4	0
11/04/2015 11:50	149	140	103	87	479	4	0
11/04/2015 11:55	149	130	113	101	493	4	0
11/04/2015 12:00	163	127	111	107	508	4	0
11/04/2015 12:05	149	131	116	99	495	4	0
11/04/2015 12:10	157	143	109	101	510	4	0
11/04/2015 12:15	157	143	120	99	519	4	0
11/04/2015 12:20	160	130	106	103	499	4	0
11/04/2015 12:25	170	151	117	100	538	4	0
11/04/2015 12:30	166	137	117	106	526	4	0
11/04/2015 12:35	160	143	121	119	543	4	0
11/04/2015 12:40	164	147	114	107	532	4	0
11/04/2015 12:45	173	146	120	117	556	4	0
11/04/2015 12:50	166	144	127	97	534	4	0
11/04/2015 12:55	163	134	110	99	506	4	0
11/04/2015 13:00	167	149	133	103	552	4	0
11/04/2015 13:05	176	141	119	103	539	4	0
11/04/2015 13:10	164	131	123	94	512	4	0
11/04/2015 13:15	169	151	121	123	564	4	0
11/04/2015 13:20	169	157	111	114	551	4	0
11/04/2015 13:25	181	154	124	114	573	4	0
11/04/2015 13:30	180	150	117	117	564	4	0
11/04/2015 13:35	176	157	130	102	565	4	0
11/04/2015 13:40	163	144	133	121	561	4	0
11/04/2015 13:45	167	144	137	130	578	4	0
11/04/2015 13:50	160	150	130	119	559	4	0
11/04/2015 13:55	160	146	120	114	540	4	0
11/04/2015 14:00	163	140	133	125	561	4	0
11/04/2015 14:05	161	146	138	123	568	4	0
11/04/2015 14:10	156	134	126	130	546	4	0
11/04/2015 14:15	154	149	143	137	583	4	0
11/04/2015 14:20	149	141	125	133	548	4	0
11/04/2015 14:25	143	130	121	132	526	4	0
11/04/2015 14:30	151	143	125	127	546	4	0
11/04/2015 14:35	157	129	117	137	540	4	0
11/04/2015 14:40	139	136	124	129	528	4	0
11/04/2015 14:45	139	131	114	129	513	4	0
11/04/2015 14:50	140	136	126	127	529	4	0
11/04/2015 14:55	120	123	121	127	491	4	0
11/04/2015 15:00	124	127	123	130	504	4	0
11/04/2015 15:05	130	128	109	127	494	4	0
11/04/2015 15:10	136	131	119	124	510	4	0
11/04/2015 15:15	128	118	119	131	496	4	0
11/04/2015 15:20	112	121	113	128	474	4	0
11/04/2015 15:25	130	124	114	131	499	4	0
11/04/2015 15:30	111	104	113	117	445	4	0
11/04/2015 15:35	113	108	122	122	465	4	0
11/04/2015 15:40	126	117	120	119	482	4	0
11/04/2015 15:45	130	110	114	131	485	4	0
11/04/2015 15:50	127	125	118	117	487	4	0
11/04/2015 15:55	115	113	110	121	459	4	0
11/04/2015 16:00	116	110	101	114	441	4	0
11/04/2015 16:05	113	106	99	103	421	4	0
11/04/2015 16:10	107	109	107	123	446	4	0
11/04/2015 16:15	99	100	99	119	417	4	0
11/04/2015 16:20	111	106	107	111	435	4	0
11/04/2015 16:25	124	125	120	123	492	4	0
11/04/2015 16:30	90	88	89	80	347	4	0
11/04/2015 16:35	93	90	95	90	368	4	0
11/04/2015 16:40	96	84	86	90	356	4	0
11/04/2015 16:45	111	106	100	109	426	4	0
11/04/2015 16:50	108	108	108	120	444	4	0
11/04/2015 16:55	93	89	100	104	386	4	0
11/04/2015 17:00	103	102	106	111	422	4	0
11/04/2015 17:05	109	110	108	115	442	4	0
11/04/2015 17:10	107	102	103	107	419	4	0
11/04/2015 17:15	109	105	108	110	432	4	0
11/04/2015 17:20	108	102	112	105	427	4	0
11/04/2015 17:25	120	126	123	121	490	4	0
11/04/2015 17:30	110	113	105	115	443	4	0
11/04/2015 17:35	104	97	100	99	400	4	0
11/04/2015 17:40	108	108	80	116	412	4	0
11/04/2015 17:45	103	94	100	117	414	4	0
11/04/2015 17:50	118	117	105	125	465	4	0
11/04/2015 17:55	101	96	100	103	400	4	0
11/04/2015 18:00	92	92	93	104	381	4	0
11/04/2015 18:05	100	100	96	107	403	4	0
11/04/2015 18:10	102	94	93	103	392	4	0
11/04/2015 18:15	90	93	95	97	375	4	0
11/04/2015 18:20	98	100	97	106	401	4	0
11/04/2015 18:25	96	94	90	98	378	4	0
11/04/2015 18:30	107	103	87	97	394	4	0
11/04/2015 18:35	104	100	107	110	421	4	0
11/04/2015 18:40	109	106	110	117	442	4	0
11/04/2015 18:45	108	104	96	109	417	4	0
11/04/2015 18:50	120	118	105	115	458	4	0
11/04/2015 18:55	99	97	106	104	406	4	0
11/04/2015 19:00	110	107	105	111	433	4	0
11/04/2015 19:05	115	102	102	105	424	4	0
11/04/2015 19:10	123	108	97	119	447	4	0
11/04/2015 19:15	123	111	106	114	454	4	0
11/04/2015 19:20	131	111	123	100	465	4	0
11/04/2015 19:25	116	111	109	104	440	4	0
11/04/2015 19:30	127	117	114	126	484	4	0
11/04/2015 19:35	119	121	106	121	467	4	0
11/04/2015 19:40	117	109	104	121	451	4	0
11/04/2015 19:45	94	96	79	106	375	4	0
11/04/2015 19:50	82	84	81	89	336	4	0
11/04/2015 19:55	99	107	99	109	414	4	0
11/04/2015 20:00	114	114	103	116	447	4	0
11/04/2015 20:05	110	110	107	119	446	4	0
11/04/2015 20:10	103	116	120	107	446	4	0
11/04/2015 20:15	113	114	119	121	467	4	0
11/04/2015 20:20	114	109	119	119	461	4	0
11/04/2015 20:25	120	123	120	111	474	4	0
11/04/2015 20:30	139	123	107	111	480	4	0
11/04/2015 20:35	110	106	116	110	442	4	0
11/04/2015 20:40	137	123	123	118	501	4	0
11/04/2015 20:45	129	124	119	114	486	4	0
11/04/2015 20:50	134	129	111	108	482	4	0
11/04/2015 20:55	133	116	110	109	468	4	0
11/04/2015 21:00	130	119	117	113	479	4	0
11/04/2015 21:05	137	123	117	110	487	4	0
11/04/2015 21:10	129	116	121	109	475	4	0
11/04/2015 21:15	144	137	129	106	516	4	0
11/04/2015 21:20	136	135	127	114	512	4	0
11/04/2015 21:25	136	133	120	103	492	4	0
11/04/2015 21:30	141	127	119	120	507	4	0
11/04/2015 21:35	134	123	127	119	503	4	0
11/04/2015 21:40	133	131	117	110	491	4	0
11/04/2015 21:45	123	115	114	107	459	4	0
11/04/2015 21:50	131	127	126	109	493	4	0
11/04/2015 21:55	120	118	115	97	450	4	0
11/04/2015 22:00	121	123	105	109	458	4	0
11/04/2015 22:05	121	116	112	104	453	4	0
11/04/2015 22:10	136	124	104	99	463	4	0
11/04/2015 22:15	116	119	111	97	443	4	0
11/04/2015 22:20	121	123	104	112	460	4	0
11/04/2015 22:25	113	109	107	99	428	4	0
11/04/2015 22:30	113	109	101	93	416	4	0
11/04/2015 22:35	123	97	93	91	404	4	0
11/04/2015 22:40	115	93	84	90	382	4	0
11/04/2015 22:45	104	101	93	91	389	4	0
11/04/2015 22:50	95	88	90	75	348	4	0
11/04/2015 22:55	87	90	77	80	334	4	0
11/04/2015 23:00	86	79	80	79	324	4	0
11/04/2015 23:05	97	81	84	67	329	4	0
11/04/2015 23:10	73	89	80	77	319	4	0
11/04/2015 23:15	87	73	77	68	305	4	0
11/04/2015 23:20	76	82	70	60	288	4	0
11/04/2015 23:25	74	71	71	60	276	4	0
11/04/2015 23:30	67	79	64	65	275	4	0
11/04/2015 23:35	60	76	69	64	269	4	0
11/04/2015 23:40	60	67	68	59	254	4	0
11/04/2015 23:45	59	57	63	50	229	4	0
11/04/2015 23:50	60	63	50	58	231	4	0
11/04/2015 23:55	57	61	53	51	222	4	0
11/05/2015 00:00	56	54	50	46	206	4	0
11/05/2015 00:05	54	53	53	48	208	4	0
11/05/2015 00:10	47	60	48	43	198	4	0
11/05/2015 00:15	46	57	45	46	194	4	0
11/05/2015 00:20	54	61	50	42	207	4	0
11/05/2015 00:25	50	47	53	41	191	4	0
11/05/2015 00:30	41	54	46	39	180	4	0
11/05/2015 00:35	53	60	49	39	201	4	0
11/05/2015 00:40	37	49	50	34	170	4	0
11/05/2015 00:45	37	48	41	29	155	4	0
11/05/2015 00:50	23	47	54	30	154	4	0
11/05/2015 00:55	30	33	31	31	125	4	0
11/05/2015 01:00	16	23	21	17	77	4	0
11/05/2015 01:05	16	23	20	17	76	4	0
11/05/2015 01:10	16	23	21	17	77	4	0
11/05/2015 01:15	21	34	33	25	113	4	0
11/05/2015 01:20	21	35	26	24	106	4	0
11/05/2015 01:25	28	35	26	26	115	4	0
11/05/2015 01:30	23	29	24	15	91	4	0
11/05/2015 01:35	19	21	31	16	87	4	0
11/05/2015 01:40	23	28	29	23	103	4	0
11/05/2015 01:45	10	19	20	16	65	4	0
11/05/2015 01:50	13	17	16	13	59	4	0
11/05/2015 01:55	16	15	23	16	70	4	0
11/05/2015 02:00	13	17	21	20	71	4	0
11/05/2015 02:05	13	20	16	19	68	4	0
11/05/2015 02:10	17	20	21	17	75	4	0
11/05/2015 02:15	19	21	26	20	86	4	0
11/05/2015 02:20	14	24	19	19	76	4	0
11/05/2015 02:25	13	23	24	14	74	4	0
11/05/2015 02:30	14	14	14	14	56	4	0
11/05/2015 02:35	13	19	23	11	66	4	0
11/05/2015 02:40	20	27	14	14	75	4	0
11/05/2015 02:45	15	21	20	13	69	4	0
11/05/2015 02:50	11	20	10	9	50	4	0
11/05/2015 02:55	8	16	14	16	54	4	0
11/05/2015 03:00	14	15	11	14	54	4	0
11/05/2015 03:05	9	16	14	11	50	4	0
11/05/2015 03:10	9	11	13	11	44	4	0
11/05/2015 03:15	14	13	14	11	52	4	0
11/05/2015 03:20	10	14	16	16	56	4	0
11/05/2015 03:25	11	16	16	16	59	4	0
11/05/2015 03:30	10	14	13	11	48	4	0
11/05/2015 03:35	13	18	15	13	59	4	0
11/05/2015 03:40	10	11	16	13	50	4	0
11/05/2015 03:45	11	11	13	13	48	4	0
11/05/2015 03:50	12	23	18	14	67	4	0
11/05/2015 03:55	15	20	16	8	59	4	0
11/05/2015 04:00	13	21	13	13	60	4	0
11/05/2015 04:05	13	14	17	10	54	4	0
11/05/2015 04:10	14	16	10	14	54	4	0
11/05/2015 04:15	11	20	9	16	56	4	0
11/05/2015 04:20	20	27	20	20	87	4	0
11/05/2015 04:25	26	30	19	17	92	4	0
11/05/2015 04:30	30	30	26	20	106	4	0
11/05/2015 04:35	31	31	24	20	106	4	0
11/05/2015 04:40	30	40	25	18	113	4	0
11/05/2015 04:45	33	37	25	21	116	4	0
11/05/2015 04:50	33	44	27	21	125	4	0
11/05/2015 04:55	38	40	27	21	126	4	0
11/05/2015 05:00	39	34	33	27	133	4	0
11/05/2015 05:05	47	50	32	30	159	4	0
11/05/2015 05:10	47	47	31	31	156	4	0
11/05/2015 05:15	65	60	38	31	194	4	0
11/05/2015 05:20	70	61	47	39	217	4	0
11/05/2015 05:25	79	70	51	33	233	4	0
11/05/2015 05:30	79	70	52	47	248	4	0
11/05/2015 05:35	96	81	51	44	272	4	0
11/05/2015 05:40	93	73	54	47	267	4	0
11/05/2015 05:45	92	76	63	53	284	4	0
11/05/2015 05:50	106	77	53	50	286	4	0
11/05/2015 05:55	89	79	59	51	278	4	0
11/05/2015 06:00	103	73	64	53	293	4	0
11/05/2015 06:05	109	90	56	49	304	4	0
11/05/2015 06:10	93	96	63	65	317	4	0
11/05/2015 06:15	117	101	77	70	365	4	0
11/05/2015 06:20	117	110	79	67	373	4	0
11/05/2015 06:25	112	106	80	67	365	4	0
11/05/2015 06:30	130	111	86	76	403	4	0
11/05/2015 06:35	119	116	93	79	407	4	0
11/05/2015 06:40	130	120	90	79	419	4	0
11/05/2015 06:45	129	109	87	76	401	4	0
11/05/2015 06:50	130	109	94	87	420	4	0
11/05/2015 06:55	147	123	101	93	464	4	0
11/05/2015 07:00	150	123	104	80	457	4	0
11/05/2015 07:05	143	125	124	93	485	4	0
11/05/2015 07:10	150	133	110	107	500	4	0
11/05/2015 07:15	161	126	120	97	504	4	0
11/05/2015 07:20	176	147	124	100	547	4	0
11/05/2015 07:25	176	143	117	109	545	4	0
11/05/2015 07:30	171	143	123	108	545	4	0
11/05/2015 07:35	153	137	115	103	508	4	0
11/05/2015 07:40	162	143	131	98	534	4	0
11/05/2015 07:45	168	141	116	96	521	4	0
11/05/2015 07:50	160	138	106	92	496	4	0
11/05/2015 07:55	166	133	102	94	495	4	0
11/05/2015 08:00	146	138	107	85	476	4	0
11/05/2015 08:05	151	134	107	90	482	4	0
11/05/2015 08:10	159	143	123	105	530	4	0
11/05/2015 08:15	167	148	113	108	536	4	0
11/05/2015 08:20	170	158	125	100	553	4	0
11/05/2015 08:25	180	145	137	116	578	4	0
11/05/2015 08:30	172	148	129	92	541	4	0
11/05/2015 08:35	175	146	120	85	526	4	0
11/05/2015 08:40	180	149	123	101	553	4	0
11/05/2015 08:45	160	147	133	99	539	4	0
11/05/2015 08:50	164	137	112	107	520	4	0
11/05/2015 08:55	153	153	121	107	534	4	0
11/05/2015 09:00	167	132	112	104	515	4	0
11/05/2015 09:05	160	133	113	87	493	4	0
11/05/2015 09:10	170	147	109	96	522	4	0
11/05/2015 09:15	171	146	109	108	534	4	0
11/05/2015 09:20	170	138	113	96	517	4	0
11/05/2015 09:25	163	146	114	88	511	4	0
11/05/2015 09:30	173	143	123	97	536	4	0
11/05/2015 09:35	160	139	100	88	487	4	0
11/05/2015 09:40	156	133	98	98	485	4	0
11/05/2015 09:45	153	140	101	94	488	4	0
11/05/2015 09:50	164	131	106	89	490	4	0
11/05/2015 09:55	161	130	113	89	493	4	0
11/05/2015 10:00	152	136	100	85	473	4	0
11/05/2015 10:05	140	129	114	98	481	4	0
11/05/2015 10:10	160	127	107	97	491	4	0
11/05/2015 10:15	152	137	107	80	476	4	0
11/05/2015 10:20	150	119	108	96	473	4	0
11/05/2015 10:25	164	137	109	100	510	4	0
11/05/2015 10:30	157	130	110	99	496	4	0
11/05/2015 10:35	150	122	117	82	471	4	0
11/05/2015 10:40	157	140	120	90	507	4	0
11/05/2015 10:45	145	148	106	97	496	4	0
11/05/2015 10:50	144	127	103	91	465	4	0
11/05/2015 10:55	156	127	106	100	489	4	0
11/05/2015 11:00	159	124	101	93	477	4	0
11/05/2015 11:05	163	141	121	101	526	4	0
11/05/2015 11:10	156	133	110	92	491	4	0
11/05/2015 11:15	139	127	109	91	466	4	0
11/05/2015 11:20	160	139	123	98	520	4	0
11/05/2015 11:25	168	146	113	109	536	4	0
11/05/2015 11:30	150	133	120	88	491	4	0
11/05/2015 11:35	157	130	111	102	500	4	0
11/05/2015 11:40	156	140	109	107	512	4	0
11/05/2015 11:45	165	129	107	99	500	4	0
11/05/2015 11:50	151	141	111	101	504	4	0
11/05/2015 11:55	159	129	106	94	488	4	0
11/05/2015 12:00	157	139	115	97	508	4	0
11/05/2015 12:05	166	140	111	100	517	4	0
11/05/2015 12:10	164	136	119	101	520	4	0
11/05/2015 12:15	176	134	117	110	537	4	0
11/05/2015 12:20	160	138	107	103	508	4	0
11/05/2015 12:25	157	144	114	110	525	4	0
11/05/2015 12:30	176	146	127	110	559	4	0
11/05/2015 12:35	180	142	121	103	546	4	0
11/05/2015 12:40	163	140	111	100	514	4	0
11/05/2015 12:45	165	153	119	109	546	4	0
11/05/2015 12:50	173	149	120	123	565	4	0
11/05/2015 12:55	171	146	134	86	537	4	0
11/05/2015 13:00	174	147	124	109	554	4	0
11/05/2015 13:05	171	150	125	115	561	4	0
11/05/2015 13:10	179	137	117	111	544	4	0
11/05/2015 13:15	163	147	124	116	550	4	0
11/05/2015 13:20	161	136	126	114	537	4	0
11/05/2015 13:25	170	151	114	121	556	4	0
11/05/2015 13:30	153	147	129	130	559	4	0
11/05/2015 13:35	144	144	123	117	528	4	0
11/05/2015 13:40	150	143	114	123	530	4	0
11/05/2015 13:45	162	152	126	118	558	4	0
11/05/2015 13:50	171	139	128	120	558	4	0
11/05/2015 13:55	142	137	124	127	530	4	0
11/05/2015 14:00	140	131	123	130	524	4	0
11/05/2015 14:05	154	134	123	122	533	4	0
11/05/2015 14:10	142	139	123	124	528	4	0
11/05/2015 14:15	151	139	124	127	541	4	0
11/05/2015 14:20	143	143	125	125	536	4	0
11/05/2015 14:25	139	132	119	125	515	4	0
11/05/2015 14:30	139	141	122	130	532	4	0
11/05/2015 14:35	134	124	122	121	501	4	0
11/05/2015 14:40	137	128	116	122	503	4	0
11/05/2015 14:45	136	129	110	127	502	4	0
11/05/2015 14:50	123	120	115	118	476	4	0
11/05/2015 14:55	142	122	110	123	497	4	0
11/05/2015 15:00	129	125	116	132	502	4	0
11/05/2015 15:05	134	124	111	125	494	4	0
11/05/2015 15:10	123	111	116	114	464	4	0
11/05/2015 15:15	122	117	107	115	461	4	0
11/05/2015 15:20	131	127	120	132	510	4	0
11/05/2015 15:25	118	114	108	118	458	4	0
11/05/2015 15:30	120	106	106	112	444	4	0
11/05/2015 15:35	129	121	117	126	493	4	0
11/05/2015 15:40	121	115	129	123	488	4	0
11/05/2015 15:45	112	111	108	113	444	4	0
11/05/2015 15:50	119	114	103	113	449	4	0
11/05/2015 15:55	114	106	100	109	429	4	0
11/05/2015 16:00	105	103	104	104	416	4	0
11/05/2015 16:05	126	120	111	120	477	4	0
11/05/2015 16:10	120	108	111	113	452	4	0
11/05/2015 16:15	129	117	113	110	469	4	0
11/05/2015 16:20	121	124	107	121	473	4	0
11/05/2015 16:25	116	107	113	124	460	4	0
11/05/2015 16:30	116	113	108	126	463	4	0
11/05/2015 16:35	123	118	103	126	470	4	0
11/05/2015 16:40	94	92	82	88	356	4	0
11/05/2015 16:45	99	91	86	103	379	4	0
11/05/2015 16:50	114	110	110	127	461	4	0
11/05/2015 16:55	103	94	103	106	406	4	0
11/05/2015 17:00	109	104	107	109	429	4	0
11/05/2015 17:05	107	105	116	123	451	4	0
11/05/2015 17:10	131	123	135	126	515	4	0
11/05/2015 17:15	111	109	103	121	444	4	0
11/05/2015 17:20	85	80	85	92	342	4	0
11/05/2015 17:25	108	108	112	116	444	4	0
11/05/2015 17:30	109	110	103	104	426	4	0
11/05/2015 17:35	93	94	88	92	367	4	0
11/05/2015 17:40	101	98	102	105	406	4	0
11/05/2015 17:45	103	100	102	100	405	4	0
11/05/2015 17:50	117	108	100	110	435	4	0
11/05/2015 17:55	99	99	94	97	389	4	0
11/05/2015 18:00	126	123	110	123	482	4	0
11/05/2015 18:05	102	103	102	118	425	4	0
11/05/2015 18:10	123	117	117	123	480	4	0
11/05/2015 18:15	93	110	90	91	384	4	0
11/05/2015 18:20	112	112	111	123	458	4	0
11/05/2015 18:25	102	105	95	112	414	4	0
11/05/2015 18:30	100	102	106	112	420	4	0
11/05/2015 18:35	106	105	113	120	444	4	0
11/05/2015 18:40	118	120	110	113	461	4	0
11/05/2015 18:45	104	115	117	111	447	4	0
11/05/2015 18:50	112	98	102	113	425	4	0
11/05/2015 18:55	115	106	108	108	437	4	0
11/05/2015 19:00	116	114	117	123	470	4	0
11/05/2015 19:05	107	100	90	110	407	4	0
11/05/2015 19:10	104	93	100	97	394	4	0
11/05/2015 19:15	111	104	101	109	425	4	0
11/05/2015 19:20	107	101	101	109	418	4	0
11/05/2015 19:25	108	98	103	116	425	4	0
11/05/2015 19:30	132	125	107	114	478	4	0
11/05/2015 19:35	113	108	117	112	450	4	0
11/05/2015 19:40	114	113	113	121	461	4	0
11/05/2015 19:45	113	110	118	108	449	4	0
11/05/2015 19:50	92	91	92	97	372	4	0
11/05/2015 19:55	100	95	98	107	400	4	0
11/05/2015 20:00	105	100	109	94	408	4	0
11/05/2015 20:05	86	88	80	85	339	4	0
11/05/2015 20:10	98	105	97	117	417	4	0
11/05/2015 20:15	93	95	98	108	394	4	0
11/05/2015 20:20	104	100	103	120	427	4	0
11/05/2015 20:25	107	106	106	117	436	4	0
11/05/2015 20:30	103	102	102	107	414	4	0
11/05/2015 20:35	101	109	115	106	431	4	0
11/05/2015 20:40	137	134	121	122	514	4	0
11/05/2015 20:45	133	138	123	132	526	4	0
11/05/2015 20:50	148	125	121	127	521	4	0
11/05/2015 20:55	136	129	124	123	512	4	0
11/05/2015 21:00	142	129	120	107	498	4	0
11/05/2015 21:05	136	129	122	105	492	4	0
11/05/2015 21:10	158	140	137	120	555	4	0
11/05/2015 21:15	158	141	114	121	534	4	0
11/05/2015 21:20	147	135	120	120	522	4	0
11/05/2015 21:25	140	125	122	114	501	4	0
11/05/2015 21:30	148	132	119	113	512	4	0
11/05/2015 21:35	151	136	114	111	512	4	0
11/05/2015 21:40	154	130	119	121	524	4	0
11/05/2015 21:45	154	124	114	100	492	4	0
11/05/2015 21:50	127	129	121	121	498	4	0
11/05/2015 21:55	147	122	113	107	489	4	0
11/05/2015 22:00	143	134	122	103	502	4	0
11/05/2015 22:05	141	136	116	118	511	4	0
11/05/2015 22:10	134	129	110	116	489	4	0
11/05/2015 22:15	149	131	121	114	515	4	0
11/05/2015 22:20	137	126	124	105	492	4	0
11/05/2015 22:25	129	115	110	100	454	4	0
11/05/2015 22:30	152	127	121	112	512	4	0
11/05/2015 22:35	117	114	98	98	427	4	0
11/05/2015 22:40	108	113	96	89	406	4	0
11/05/2015 22:45	91	98	91	79	359	4	0
11/05/2015 22:50	106	107	97	98	408	4	0
11/05/2015 22:55	107	104	96	89	396	4	0
11/05/2015 23:00	96	96	83	74	349	4	0
11/05/2015 23:05	101	95	91	82	369	4	0
11/05/2015 23:10	81	90	72	69	312	4	0
11/05/2015 23:15	97	78	86	77	338	4	0
11/05/2015 23:20	95	91	83	71	340	4	0
11/05/2015 23:25	76	82	83	70	311	4	0
11/05/2015 23:30	78	70	69	65	282	4	0
11/05/2015 23:35	69	82	63	69	283	4	0
11/05/2015 23:40	77	69	68	65	279	4	0
11/05/2015 23:45	77	78	70	70	295	4	0
11/05/2015 23:50	74	73	60	58	265	4	0
11/05/2015 23:55	67	71	66	50	254	4	0
11/06/2015 00:00	47	62	57	52	218	4	0
11/06/2015 00:05	62	56	53	50	221	4	0
11/06/2015 00:10	55	58	59	51	223	4	0
11/06/2015 00:15	53	53	50	55	211	4	0
11/06/2015 00:20	47	55	56	55	213	4	0
11/06/2015 00:25	46	51	49	53	199	4	0
11/06/2015 00:30	51	51	45	40	187	4	0
11/06/2015 00:35	41	50	37	40	168	4	0
11/06/2015 00:40	38	50	48	33	169	4	0
11/06/2015 00:45	44	48	40	34	166	4	0
11/06/2015 00:50	36	49	31	34	150	4	0
11/06/2015 00:55	34	37	37	38	146	4	0
11/06/2015 01:00	22	32	29	24	107	4	0
11/06/2015 01:05	22	31	28	23	104	4	0
11/06/2015 01:10	22	31	28	23	104	4	0
11/06/2015 01:15	29	31	34	30	124	4	0
11/06/2015 01:20	21	25	31	28	105	4	0
11/06/2015 01:25	26	29	30	34	119	4	0
11/06/2015 01:30	31	31	29	24	115	4	0
11/06/2015 01:35	20	31	27	36	114	4	0
11/06/2015 01:40	30	38	35	22	125	4	0
11/06/2015 01:45	22	26	28	26	102	4	0
11/06/2015 01:50	19	25	25	26	95	4	0
11/06/2015 01:55	10	21	23	17	71	4	0
11/06/2015 02:00	22	23	23	21	89	4	0
11/06/2015 02:05	15	27	25	24	91	4	0
11/06/2015 02:10	13	27	24	30	94	4	0
11/06/2015 02:15	16	27	23	26	92	4	0
11/06/2015 02:20	14	23	28	30	95	4	0
11/06/2015 02:25	13	20	23	19	75	4	0
11/06/2015 02:30	18	23	20	23	84	4	0
11/06/2015 02:35	16	21	20	21	78	4	0
11/06/2015 02:40	14	23	19	20	76	4	0
11/06/2015 02:45	13	19	22	17	71	4	0
11/06/2015 02:50	11	17	20	20	68	4	0
11/06/2015 02:55	10	14	18	18	60	4	0
11/06/2015 03:00	13	23	19	19	74	4	0
11/06/2015 03:05	10	17	14	13	54	4	0
11/06/2015 03:10	11	23	16	13	63	4	0
11/06/2015 03:15	16	20	15	16	67	4	0
11/06/2015 03:20	10	22	13	16	61	4	0
11/06/2015 03:25	10	16	19	11	56	4	0
11/06/2015 03:30	13	20	17	17	67	4	0
11/06/2015 03:35	12	24	20	19	75	4	0
11/06/2015 03:40	14	17	9	13	53	4	0
11/06/2015 03:45	16	20	13	11	60	4	0
11/06/2015 03:50	11	23	20	18	72	4	0
11/06/2015 03:55	14	16	14	11	55	4	0
11/06/2015 04:00	10	21	16	14	61	4	0
11/06/2015 04:05	11	16	21	19	67	4	0
11/06/2015 04:10	11	17	20	17	65	4	0
11/06/2015 04:15	21	23	15	16	75	4	0
11/06/2015 04:20	23	24	20	17	84	4	0
11/06/2015 04:25	24	31	19	21	95	4	0
11/06/2015 04:30	31	28	24	21	104	4	0
11/06/2015 04:35	24	39	20	20	103	4	0
11/06/2015 04:40	25	33	20	24	102	4	0
11/06/2015 04:45	33	35	24	25	117	4	0
11/06/2015 04:50	36	42	26	26	130	4	0
11/06/2015 04:55	31	42	31	27	131	4	0
11/06/2015 05:00	35	45	30	15	125	4	0
11/06/2015 05:05	37	39	31	20	127	4	0
11/06/2015 05:10	49	53	37	33	172	4	0
11/06/2015 05:15	59	59	39	29	186	4	0
11/06/2015 05:20	80	63	43	28	214	4	0
11/06/2015 05:25	61	70	43	33	207	4	0
11/06/2015 05:30	80	72	53	47	252	4	0
11/06/2015 05:35	87	84	57	37	265	4	0
11/06/2015 05:40	104	73	57	37	271	4	0
11/06/2015 05:45	91	83	56	54	284	4	0
11/06/2015 05:50	98	83	52	59	292	4	0
11/06/2015 05:55	108	80	60	55	303	4	0
11/06/2015 06:00	98	77	67	47	289	4	0
11/06/2015 06:05	113	81	59	44	297	4	0
11/06/2015 06:10	97	84	55	53	289	4	0
11/06/2015 06:15	109	89	66	62	326	4	0
11/06/2015 06:20	116	97	87	76	376	4	0
11/06/2015 06:25	96	88	79	60	323	4	0
11/06/2015 06:30	113	105	87	67	372	4	0
11/06/2015 06:35	127	103	88	77	395	4	0
11/06/2015 06:40	122	107	86	82	397	4	0
11/06/2015 06:45	127	121	92	83	423	4	0
11/06/2015 06:50	130	106	97	90	423	4	0
11/06/2015 06:55	140	121	101	93	455	4	0
11/06/2015 07:00	146	129	111	85	471	4	0
11/06/2015 07:05	155	130	116	87	488	4	0
11/06/2015 07:10	174	143	113	86	516	4	0
11/06/2015 07:15	173	146	123	106	548	4	0
11/06/2015 07:20	168	145	123	102	538	4	0
11/06/2015 07:25	177	134	121	93	525	4	0
11/06/2015 07:30	184	166	113	88	551	4	0
11/06/2015 07:35	166	134	113	91	504	4	0
11/06/2015 07:40	147	123	97	97	464	4	0
11/06/2015 07:45	170	150	117	100	537	4	0
11/06/2015 07:50	154	132	114	90	490	4	0
11/06/2015 07:55	173	132	104	97	506	4	0
11/06/2015 08:00	179	140	123	91	533	4	0
11/06/2015 08:05	177	143	116	103	539	4	0
11/06/2015 08:10	175	137	116	103	531	4	0
11/06/2015 08:15	163	151	121	99	534	4	0
11/06/2015 08:20	171	144	123	93	531	4	0
11/06/2015 08:25	179	149	124	93	545	4	0
11/06/2015 08:30	167	146	112	92	517	4	0
11/06/2015 08:35	151	131	109	80	471	4	0
11/06/2015 08:40	170	141	126	94	531	4	0
11/06/2015 08:45	157	137	107	98	499	4	0
11/06/2015 08:50	156	124	101	99	480	4	0
11/06/2015 08:55	151	131	102	78	462	4	0
11/06/2015 09:00	164	134	105	96	499	4	0
11/06/2015 09:05	141	139	93	96	469	4	0
11/06/2015 09:10	153	109	88	84	434	4	0
11/06/2015 09:15	139	119	100	102	460	4	0
11/06/2015 09:20	152	133	111	92	488	4	0
11/06/2015 09:25	157	132	97	87	473	4	0
11/06/2015 09:30	151	123	106	93	473	4	0
11/06/2015 09:35	169	146	111	90	516	4	0
11/06/2015 09:40	156	130	112	94	492	4	0
11/06/2015 09:45	152	138	104	87	481	4	0
11/06/2015 09:50	153	134	110	87	484	4	0
11/06/2015 09:55	141	118	94	90	443	4	0
11/06/2015 10:00	157	130	97	95	479	4	0
11/06/2015 10:05	152	130	100	79	461	4	0
11/06/2015 10:10	154	127	101	110	492	4	0
11/06/2015 10:15	152	141	126	91	510	4	0
11/06/2015 10:20	169	122	104	111	506	4	0
11/06/2015 10:25	164	119	115	92	490	4	0
11/06/2015 10:30	149	140	103	97	489	4	0
11/06/2015 10:35	163	137	103	94	497	4	0
11/06/2015 10:40	146	133	95	86	460	4	0
11/06/2015 10:45	154	123	110	93	480	4	0
11/06/2015 10:50	162	134	116	103	515	4	0
11/06/2015 10:55	158	126	104	100	488	4	0
11/06/2015 11:00	149	134	105	95	483	4	0
11/06/2015 11:05	161	128	105	96	490	4	0
11/06/2015 11:10	151	130	105	90	476	4	0
11/06/2015 11:15	163	136	107	90	496	4	0
11/06/2015 11:20	150	136	103	113	502	4	0
11/06/2015 11:25	171	130	115	92	508	4	0
11/06/2015 11:30	151	144	100	97	492	4	0
11/06/2015 11:35	156	131	110	112	509	4	0
11/06/2015 11:40	160	130	124	103	517	4	0
11/06/2015 11:45	170	141	117	102	530	4	0
11/06/2015 11:50	173	133	114	97	517	4	0
11/06/2015 11:55	170	133	115	106	524	4	0
11/06/2015 12:00	176	143	112	110	541	4	0
11/06/2015 12:05	166	142	111	111	530	4	0
11/06/2015 12:10	169	153	124	106	552	4	0
11/06/2015 12:15	174	162	120	102	558	4	0
11/06/2015 12:20	174	148	113	123	558	4	0
11/06/2015 12:25	170	159	130	110	569	4	0
11/06/2015 12:30	169	150	122	102	543	4	0
11/06/2015 12:35	170	167	125	103	565	4	0
11/06/2015 12:40	166	146	127	111	550	4	0
11/06/2015 12:45	169	150	126	114	559	4	0
11/06/2015 12:50	176	153	130	104	563	4	0
11/06/2015 12:55	170	159	121	119	569	4	0
11/06/2015 13:00	162	150	131	103	546	4	0
11/06/2015 13:05	181	153	133	112	579	4	0
11/06/2015 13:10	191	163	140	114	608	4	0
11/06/2015 13:15	173	146	120	114	553	4	0
11/06/2015 13:20	161	147	130	121	559	4	0
11/06/2015 13:25	166	157	120	120	563	4	0
11/06/2015 13:30	152	130	130	127	539	4	0
11/06/2015 13:35	126	124	106	114	470	4	0
11/06/2015 13:40	151	131	125	120	527	4	0
11/06/2015 13:45	143	142	131	111	527	4	0
11/06/2015 13:50	143	137	123	123	526	4	0
11/06/2015 13:55	154	144	134	126	558	4	0
11/06/2015 14:00	151	139	117	123	530	4	0
11/06/2015 14:05	141	125	141	126	533	4	0
11/06/2015 14:10	141	131	133	133	538	4	0
11/06/2015 14:15	134	130	126	125	515	4	0
11/06/2015 14:20	145	128	130	132	535	4	0
11/06/2015 14:25	142	125	121	133	521	4	0
11/06/2015 14:30	134	129	118	123	504	4	0
11/06/2015 14:35	150	131	126	133	540	4	0
11/06/2015 14:40	132	135	118	120	505	4	0
11/06/2015 14:45	131	129	116	119	495	4	0
11/06/2015 14:50	119	124	127	127	497	4	0
11/06/2015 14:55	124	126	113	116	479	4	0
11/06/2015 15:00	104	101	111	119	435	4	0
11/06/2015 15:05	141	130	130	121	522	4	0
11/06/2015 15:10	110	123	103	126	462	4	0
11/06/2015 15:15	149	132	121	122	524	4	0
11/06/2015 15:20	117	121	113	124	475	4	0
11/06/2015 15:25	133	127	124	132	516	4	0
11/06/2015 15:30	114	111	103	111	439	4	0
11/06/2015 15:35	129	124	117	123	493	4	0
11/06/2015 15:40	140	127	118	127	512	4	0
11/06/2015 15:45	105	98	94	110	407	4	0
11/06/2015 15:50	121	117	104	120	462	4	0
11/06/2015 15:55	112	115	118	112	457	4	0
11/06/2015 16:00	120	122	110	126	478	4	0
11/06/2015 16:05	106	110	107	120	443	4	0
11/06/2015 16:10	115	113	109	115	452	4	0
11/06/2015 16:15	100	92	88	106	386	4	0
11/06/2015 16:20	103	103	110	119	435	4	0
11/06/2015 16:25	102	94	98	112	406	4	0
11/06/2015 16:30	123	116	120	119	478	4	0
11/06/2015 16:35	96	87	100	103	386	4	0
11/06/2015 16:40	118	123	118	124	483	4	0
11/06/2015 16:45	116	117	124	114	471	4	0
11/06/2015 16:50	98	100	93	104	395	4	0
11/06/2015 16:55	107	106	100	110	423	4	0
11/06/2015 17:00	122	120	98	118	458	4	0
11/06/2015 17:05	130	123	121	120	494	4	0
11/06/2015 17:10	104	100	103	117	424	4	0
11/06/2015 17:15	100	97	87	109	393	4	0
11/06/2015 17:20	100	89	97	97	383	4	0
11/06/2015 17:25	116	113	111	109	449	4	0
11/06/2015 17:30	114	120	111	116	461	4	0
11/06/2015 17:35	104	106	100	103	413	4	0
11/06/2015 17:40	102	106	94	103	405	4	0
11/06/2015 17:45	110	109	96	119	434	4	0
11/06/2015 17:50	124	117	114	107	462	4	0
11/06/2015 17:55	93	87	82	96	358	4	0
11/06/2015 18:00	84	81	80	74	319	4	0
11/06/2015 18:05	93	94	90	96	373	4	0
11/06/2015 18:10	96	97	91	101	385	4	0
11/06/2015 18:15	100	103	91	105	399	4	0
11/06/2015 18:20	107	104	109	112	432	4	0
11/06/2015 18:25	118	118	116	125	477	4	0
11/06/2015 18:30	103	96	101	99	399	4	0
11/06/2015 18:35	105	95	97	102	399	4	0
11/06/2015 18:40	104	100	104	109	417	4	0
11/06/2015 18:45	113	114	106	117	450	4	0
11/06/2015 18:50	115	104	106	113	438	4	0
11/06/2015 18:55	130	119	119	114	482	4	0
11/06/2015 19:00	124	117	123	126	490	4	0
11/06/2015 19:05	110	101	102	111	424	4	0
11/06/2015 19:10	111	102	109	116	438	4	0
11/06/2015 19:15	121	110	123	117	471	4	0
11/06/2015 19:20	113	109	115	115	452	4	0
11/06/2015 19:25	123	121	115	118	477	4	0
11/06/2015 19:30	125	120	114	123	482	4	0
11/06/2015 19:35	128	123	123	127	501	4	0
11/06/2015 19:40	125	129	129	120	503	4	0
11/06/2015 19:45	117	119	119	123	478	4	0
11/06/2015 19:50	128	123	116	113	480	4	0
11/06/2015 19:55	134	131	124	120	509	4	0
11/06/2015 20:00	121	116	123	124	484	4	0
11/06/2015 20:05	126	121	124	124	495	4	0
11/06/2015 20:10	123	120	128	116	487	4	0
11/06/2015 20:15	157	147	129	123	556	4	0
11/06/2015 20:20	148	139	120	113	520	4	0
11/06/2015 20:25	142	136	119	109	506	4	0
11/06/2015 20:30	154	137	130	100	521	4	0
11/06/2015 20:35	144	137	125	123	529	4	0
11/06/2015 20:40	160	141	130	110	541	4	0
11/06/2015 20:45	147	137	121	128	533	4	0
11/06/2015 20:50	150	121	133	103	507	4	0
11/06/2015 20:55	143	135	111	110	499	4	0
11/06/2015 21:00	147	129	130	108	514	4	0
11/06/2015 21:05	155	133	107	106	501	4	0
11/06/2015 21:10	134	130	112	104	480	4	0
11/06/2015 21:15	165	134	117	108	524	4	0
11/06/2015 21:20	165	141	121	110	537	4	0
11/06/2015 21:25	149	131	127	103	510	4	0
11/06/2015 21:30	151	127	113	109	500	4	0
11/06/2015 21:35	147	130	112	108	497	4	0
11/06/2015 21:40	147	120	120	103	490	4	0
11/06/2015 21:45	134	109	117	103	463	4	0
11/06/2015 21:50	136	134	114	98	482	4	0
11/06/2015 21:55	136	121	117	94	468	4	0
11/06/2015 22:00	136	120	116	108	480	4	0
11/06/2015 22:05	142	121	109	98	470	4	0
11/06/2015 22:10	134	123	107	101	465	4	0
11/06/2015 22:15	130	113	107	101	451	4	0
11/06/2015 22:20	130	124	110	91	455	4	0
11/06/2015 22:25	133	119	111	106	469	4	0
11/06/2015 22:30	149	121	118	109	497	4	0
11/06/2015 22:35	130	117	117	93	457	4	0
11/06/2015 22:40	129	120	92	105	446	4	0
11/06/2015 22:45	129	113	117	93	452	4	0
11/06/2015 22:50	119	111	111	94	435	4	0
11/06/2015 22:55	139	129	107	94	469	4	0
11/06/2015 23:00	124	123	109	101	457	4	0
11/06/2015 23:05	119	120	107	90	436	4	0
11/06/2015 23:10	114	109	109	94	426	4	0
11/06/2015 23:15	126	125	106	89	446	4	0
11/06/2015 23:20	124	114	109	106	453	4	0
11/06/2015 23:25	117	103	96	84	400	4	0
11/06/2015 23:30	116	103	103	86	408	4	0
11/06/2015 23:35	100	102	87	89	378	4	0
11/06/2015 23:40	86	89	84	77	336	4	0
11/06/2015 23:45	90	87	90	83	350	4	0
11/06/2015 23:50	99	93	81	89	362	4	0
11/06/2015 23:55	89	87	73	81	330	4	0
11/07/2015 00:00	72	88	77	74	311	4	100
11/07/2015 00:05	75	72	74	62	283	4	100
11/07/2015 00:10	68	74	63	66	271	4	100
11/07/2015 00:15	64	77	70	63	274	4	100
11/07/2015 00:20	60	67	66	61	254	4	100
11/07/2015 00:25	63	62	62	53	240	4	100
11/07/2015 00:30	64	54	56	56	230	4	100
11/07/2015 00:35	48	48	63	47	206	4	100
11/07/2015 00:40	55	56	50	48	209	4	100
11/07/2015 00:45	27	59	60	53	199	4	100
11/07/2015 00:50	52	55	52	43	202	4	100
11/07/2015 00:55	37	48	55	53	193	4	100
11/07/2015 01:00	36	52	46	38	172	4	0
11/07/2015 01:05	35	51	45	37	168	4	0
11/07/2015 01:10	70	30	60	20	180	4	100
11/07/2015 01:15	37	50	57	40	184	4	100
11/07/2015 01:20	37	43	55	37	172	4	100
11/07/2015 01:25	35	48	37	32	152	4	100
11/07/2015 01:30	34	47	47	37	165	4	100
11/07/2015 01:35	32	47	43	37	159	4	100
11/07/2015 01:40	42	42	32	35	151	4	100
11/07/2015 01:45	33	48	27	40	148	4	100
11/07/2015 01:50	22	38	35	38	133	4	100
11/07/2015 01:55	25	32	27	28	112	4	100
11/07/2015 02:00	33	36	41	31	141	4	100
11/07/2015 02:05	24	30	27	39	120	4	100
11/07/2015 02:10	25	27	45	30	127	4	100
11/07/2015 02:15	26	30	37	36	129	4	100
11/07/2015 02:20	32	30	30	53	145	4	100
11/07/2015 02:25	18	23	38	30	109	4	100
11/07/2015 02:30	13	30	30	33	106	4	100
11/07/2015 02:35	27	32	37	50	146	4	100
11/07/2015 02:40	37	32	32	35	136	4	100
11/07/2015 02:45	32	28	28	32	120	4	100
11/07/2015 02:50	15	22	17	18	72	4	100
11/07/2015 02:55	27	25	27	32	111	4	100
11/07/2015 03:00	21	25	31	23	100	4	100
11/07/2015 03:05	19	24	24	17	84	4	100
11/07/2015 03:10	18	22	17	23	80	4	100
11/07/2015 03:15	23	25	20	12	80	4	100
11/07/2015 03:20	18	30	18	18	84	4	100
11/07/2015 03:25	14	23	19	13	69	4	100
11/07/2015 03:30	17	15	18	18	68	4	100
11/07/2015 03:35	25	28	22	15	90	4	100
11/07/2015 03:40	13	17	18	18	66	4	100
11/07/2015 03:45	23	20	12	15	70	4	100
11/07/2015 03:50	15	8	20	13	56	4	100
11/07/2015 03:55	15	22	30	13	80	4	100
11/07/2015 04:00	8	17	15	20	60	4	100
11/07/2015 04:05	14	18	11	16	59	4	100
11/07/2015 04:10	12	20	13	20	65	4	100
11/07/2015 04:15	8	23	18	17	66	4	100
11/07/2015 04:20	20	21	16	16	73	4	100
11/07/2015 04:25	10	20	18	17	65	4	100
11/07/2015 04:30	18	25	18	15	76	4	100
11/07/2015 04:35	20	25	25	20	90	4	100
11/07/2015 04:40	20	20	15	8	63	4	100
11/07/2015 04:45	20	22	13	22	77	4	100
11/07/2015 04:50	20	24	20	13	77	4	100
11/07/2015 04:55	18	22	12	13	65	4	100
11/07/2015 05:00	22	33	20	13	88	4	100
11/07/2015 05:05	28	28	23	10	89	4	100
11/07/2015 05:10	30	41	30	16	117	4	100
11/07/2015 05:15	34	33	33	17	117	4	100
11/07/2015 05:20	32	45	25	25	127	4	100
11/07/2015 05:25	47	42	30	28	147	4	100
11/07/2015 05:30	50	42	40	20	152	4	100
11/07/2015 05:35	38	38	32	32	140	4	100
11/07/2015 05:40	42	53	35	25	155	4	100
11/07/2015 05:45	35	45	35	33	148	4	100
11/07/2015 05:50	38	47	45	35	165	4	100
11/07/2015 05:55	38	47	37	30	152	4	100
11/07/2015 06:00	58	62	35	35	190	4	100
11/07/2015 06:05	44	47	47	40	178	4	100
11/07/2015 06:10	50	52	35	40	177	4	100
11/07/2015 06:15	80	57	55	45	237	4	100
11/07/2015 06:20	57	60	50	33	200	4	100
11/07/2015 06:25	63	77	48	48	236	4	100
11/07/2015 06:30	80	67	50	37	234	4	100
11/07/2015 06:35	93	72	58	60	283	4	100
11/07/2015 06:40	93	75	55	42	265	4	100
11/07/2015 06:45	68	65	48	58	239	4	100
11/07/2015 06:50	93	87	73	43	296	4	100
11/07/2015 06:55	87	72	63	65	287	4	100
11/07/2015 07:00	93	77	63	60	293	4	100
11/07/2015 07:05	102	93	80	50	325	4	100
11/07/2015 07:10	87	84	69	57	297	4	0
11/07/2015 07:15	111	99	79	56	345	4	0
11/07/2015 07:20	103	103	77	74	357	4	0
11/07/2015 07:25	130	125	95	88	438	4	100
11/07/2015 07:30	103	100	82	80	365	4	100
11/07/2015 07:35	121	114	101	81	417	4	100
11/07/2015 07:40	123	122	107	70	422	4	100
11/07/2015 07:45	120	98	78	92	388	4	100
11/07/2015 07:50	143	118	102	88	451	4	100
11/07/2015 07:55	121	97	106	100	424	4	100
11/07/2015 08:00	127	118	93	92	430	4	100
11/07/2015 08:05	127	128	78	95	428	4	100
11/07/2015 08:10	131	109	91	89	420	4	0
11/07/2015 08:15	124	116	93	84	417	4	0
11/07/2015 08:20	140	119	99	93	451	4	0
11/07/2015 08:25	131	114	99	86	430	4	0
11/07/2015 08:30	131	133	109	101	474	4	0
11/07/2015 08:35	141	131	109	87	468	4	0
11/07/2015 08:40	148	120	103	101	472	4	0
11/07/2015 08:45	129	119	100	90	438	4	0
11/07/2015 08:50	134	114	99	90	437	4	0
11/07/2015 08:55	135	119	104	97	455	4	0
11/07/2015 09:00	130	120	101	100	451	4	0
11/07/2015 09:05	130	115	104	89	438	4	0
11/07/2015 09:10	143	134	109	107	493	4	0
11/07/2015 09:15	141	127	124	103	495	4	0
11/07/2015 09:20	157	143	110	100	510	4	0
11/07/2015 09:25	163	142	122	100	527	4	100
11/07/2015 09:30	154	150	123	107	534	4	0
11/07/2015 09:35	151	135	127	105	518	4	0
11/07/2015 09:40	149	140	119	111	519	4	0
11/07/2015 09:45	166	137	111	106	520	4	0
11/07/2015 09:50	143	136	104	101	484	4	0
11/07/2015 09:55	156	139	117	97	509	4	0
11/07/2015 10:00	141	138	117	97	493	4	0
11/07/2015 10:05	140	134	106	99	479	4	0
11/07/2015 10:10	161	136	120	104	521	4	0
11/07/2015 10:15	137	138	88	97	460	4	100
11/07/2015 10:20	157	120	117	95	489	4	100
11/07/2015 10:25	152	117	120	98	487	4	100
11/07/2015 10:30	137	125	125	97	484	4	100
11/07/2015 10:35	160	135	117	113	525	4	100
11/07/2015 10:40	180	162	120	102	564	4	100
11/07/2015 10:45	171	140	113	105	529	4	100
11/07/2015 10:50	168	135	130	118	551	4	100
11/07/2015 10:55	152	125	115	120	512	4	100
11/07/2015 11:00	170	150	122	108	550	4	100
11/07/2015 11:05	147	138	125	95	505	4	100
11/07/2015 11:10	173	157	133	98	561	4	100
11/07/2015 11:15	138	135	127	97	497	4	100
11/07/2015 11:20	158	147	140	103	548	4	100
11/07/2015 11:25	165	140	108	123	536	4	100
11/07/2015 11:30	165	130	120	98	513	4	100
11/07/2015 11:35	163	137	127	103	530	4	100
11/07/2015 11:40	168	148	123	97	536	4	100
11/07/2015 11:45	152	148	122	103	525	4	100
11/07/2015 11:50	140	130	113	117	500	4	100
11/07/2015 11:55	148	142	117	105	512	4	100
11/07/2015 12:00	146	131	106	109	492	4	100
11/07/2015 12:05	169	160	136	111	576	4	100
11/07/2015 12:10	157	135	128	112	532	4	100
11/07/2015 12:15	162	157	122	100	541	4	100
11/07/2015 12:20	177	162	118	123	580	4	100
11/07/2015 12:25	153	133	137	100	523	4	100
11/07/2015 12:30	162	152	122	127	563	4	100
11/07/2015 12:35	175	145	123	103	546	4	100
11/07/2015 12:40	176	144	140	140	600	4	100
11/07/2015 12:45	160	148	138	127	573	4	100
11/07/2015 12:50	158	130	137	137	562	4	100
11/07/2015 12:55	157	147	135	108	547	4	100
11/07/2015 13:00	168	155	142	128	593	4	100
11/07/2015 13:05	175	153	150	120	598	4	100
11/07/2015 13:10	180	158	143	107	588	4	100
11/07/2015 13:15	175	167	137	113	592	4	100
11/07/2015 13:20	170	153	128	113	564	4	100
11/07/2015 13:25	167	150	145	88	550	4	100
11/07/2015 13:30	183	158	140	123	604	4	100
11/07/2015 13:35	177	145	107	117	546	4	100
11/07/2015 13:40	155	155	133	125	568	4	100
11/07/2015 13:45	148	143	112	120	523	4	100
11/07/2015 13:50	150	147	140	122	559	4	100
11/07/2015 13:55	167	138	115	125	545	4	100
11/07/2015 14:00	170	140	128	108	546	4	100
11/07/2015 14:05	172	153	132	113	570	4	100
11/07/2015 14:10	162	160	125	128	575	4	100
11/07/2015 14:15	157	125	125	120	527	4	100
11/07/2015 14:20	167	142	135	135	579	4	100
11/07/2015 14:25	150	142	137	122	551	4	100
11/07/2015 14:30	168	152	142	123	585	4	100
11/07/2015 14:35	147	145	130	128	550	4	100
11/07/2015 14:40	189	164	137	137	627	4	100
11/07/2015 14:45	137	127	130	121	515	4	100
11/07/2015 14:50	165	147	145	127	584	4	100
11/07/2015 14:55	156	160	143	126	585	4	100
11/07/2015 15:00	143	130	126	120	519	4	100
11/07/2015 15:05	166	139	119	114	538	4	100
11/07/2015 15:10	163	154	137	136	590	4	100
11/07/2015 15:15	165	163	160	128	616	4	100
11/07/2015 15:20	153	140	144	127	564	4	100
11/07/2015 15:25	150	141	129	136	556	4	100
11/07/2015 15:30	149	146	129	126	550	4	100
11/07/2015 15:35	156	154	124	139	573	4	100
11/07/2015 15:40	144	136	117	130	527	4	100
11/07/2015 15:45	149	121	141	117	528	4	100
11/07/2015 15:50	164	144	139	123	570	4	100
11/07/2015 15:55	141	130	120	124	515	4	100
11/07/2015 16:00	153	125	128	125	531	4	100
11/07/2015 16:05	160	143	128	110	541	4	100
11/07/2015 16:10	155	153	137	133	578	4	100
11/07/2015 16:15	159	143	137	141	580	4	100
11/07/2015 16:20	140	142	132	123	537	4	100
11/07/2015 16:25	169	146	140	139	594	4	100
11/07/2015 16:30	160	156	149	138	603	4	100
11/07/2015 16:35	164	153	141	131	589	4	100
11/07/2015 16:40	146	149	140	139	574	4	100
11/07/2015 16:45	163	143	135	145	586	4	100
11/07/2015 16:50	138	135	120	133	526	4	100
11/07/2015 16:55	145	150	127	133	555	4	100
11/07/2015 17:00	116	111	113	131	471	4	100
11/07/2015 17:05	138	138	143	117	536	4	100
11/07/2015 17:10	160	143	144	140	587	4	100
11/07/2015 17:15	141	153	131	114	539	4	100
11/07/2015 17:20	140	133	131	129	533	4	100
11/07/2015 17:25	141	140	134	136	551	4	100
11/07/2015 17:30	151	136	134	124	545	4	100
11/07/2015 17:35	163	157	157	124	601	4	100
11/07/2015 17:40	151	143	137	120	551	4	100
11/07/2015 17:45	138	135	130	123	526	4	100
11/07/2015 17:50	137	130	130	114	511	4	100
11/07/2015 17:55	146	149	136	137	568	4	100
11/07/2015 18:00	146	149	143	133	571	4	100
11/07/2015 18:05	131	151	140	140	562	4	100
11/07/2015 18:10	145	145	145	130	565	4	100
11/07/2015 18:15	153	149	141	121	564	4	100
11/07/2015 18:20	113	122	125	123	483	4	100
11/07/2015 18:25	144	143	119	120	526	4	100
11/07/2015 18:30	141	141	133	124	539	4	100
11/07/2015 18:35	151	130	123	123	527	4	100
11/07/2015 18:40	159	140	134	110	543	4	100
11/07/2015 18:45	153	138	140	118	549	4	100
11/07/2015 18:50	160	142	105	102	509	4	100
11/07/2015 18:55	140	132	112	92	476	4	100
11/07/2015 19:00	141	123	120	90	474	4	100
11/07/2015 19:05	147	126	103	97	473	4	100
11/07/2015 19:10	124	130	113	96	463	4	100
11/07/2015 19:15	157	143	127	117	544	4	100
11/07/2015 19:20	140	132	123	102	497	4	100
11/07/2015 19:25	122	125	128	120	495	4	100
11/07/2015 19:30	128	128	128	108	492	4	100
11/07/2015 19:35	143	132	112	92	479	4	100
11/07/2015 19:40	137	120	118	105	480	4	100
11/07/2015 19:45	152	117	125	103	497	4	100
11/07/2015 19:50	136	136	116	110	498	4	100
11/07/2015 19:55	133	127	114	104	478	4	100
11/07/2015 20:00	133	116	121	103	473	4	100
11/07/2015 20:05	115	122	95	85	417	4	100
11/07/2015 20:10	101	113	103	101	418	4	100
11/07/2015 20:15	126	121	107	94	448	4	100
11/07/2015 20:20	111	104	91	86	392	4	100
11/07/2015 20:25	136	127	111	87	461	4	100
11/07/2015 20:30	151	125	133	88	497	4	100
11/07/2015 20:35	120	118	103	96	437	4	100
11/07/2015 20:40	124	113	101	91	429	4	100
11/07/2015 20:45	156	123	109	96	484	4	100
11/07/2015 20:50	131	127	113	113	484	4	100
11/07/2015 20:55	110	114	93	81	398	4	100
11/07/2015 21:00	127	109	100	89	425	4	100
11/07/2015 21:05	115	103	100	103	421	4	100
11/07/2015 21:10	130	123	115	112	480	4	100
11/07/2015 21:15	139	122	110	94	465	4	100
11/07/2015 21:20	124	109	101	94	428	4	100
11/07/2015 21:25	106	109	84	99	398	4	100
11/07/2015 21:30	107	106	104	96	413	4	100
11/07/2015 21:35	104	100	94	99	397	4	100
11/07/2015 21:40	107	110	97	91	405	4	100
11/07/2015 21:45	125	119	109	89	442	4	100
11/07/2015 21:50	137	117	94	101	449	4	100
11/07/2015 21:55	109	111	96	121	437	4	100
11/07/2015 22:00	135	118	107	102	462	4	100
11/07/2015 22:05	134	117	97	99	447	4	100
11/07/2015 22:10	140	117	118	112	487	4	100
11/07/2015 22:15	124	134	126	116	500	4	100
11/07/2015 22:20	127	119	111	106	463	4	100
11/07/2015 22:25	144	136	117	111	508	4	100
11/07/2015 22:30	132	112	98	83	425	4	100
11/07/2015 22:35	136	121	113	116	486	4	100
11/07/2015 22:40	133	126	116	94	469	4	100
11/07/2015 22:45	116	103	106	94	419	4	100
11/07/2015 22:50	113	117	103	108	441	4	100
11/07/2015 22:55	150	133	103	92	478	4	100
11/07/2015 23:00	132	123	105	88	448	4	100
11/07/2015 23:05	113	107	102	102	424	4	100
11/07/2015 23:10	140	123	109	101	473	4	100
11/07/2015 23:15	143	137	120	100	500	4	100
11/07/2015 23:20	129	113	99	99	440	4	100
11/07/2015 23:25	141	133	121	94	489	4	100
11/07/2015 23:30	137	116	110	103	466	4	100
11/07/2015 23:35	133	110	97	88	428	4	100
11/07/2015 23:40	110	116	116	89	431	4	100
11/07/2015 23:45	126	124	105	93	448	4	100
11/07/2015 23:50	111	110	101	101	423	4	100
11/07/2015 23:55	90	120	89	80	379	4	100
11/08/2015 00:00	93	77	84	89	343	4	100
11/08/2015 00:05	87	80	96	74	337	4	100
11/08/2015 00:10	110	107	83	88	388	4	100
11/08/2015 00:15	69	86	101	91	347	4	100
11/08/2015 00:20	62	81	80	71	294	4	100
11/08/2015 00:25	65	73	71	65	274	4	100
11/08/2015 00:30	61	71	59	67	258	4	100
11/08/2015 00:35	59	71	50	57	237	4	100
11/08/2015 00:40	61	61	71	70	263	4	100
11/08/2015 00:45	57	59	60	56	232	4	100
11/08/2015 00:50	43	57	57	55	212	4	100
11/08/2015 00:55	46	43	50	51	190	4	100
11/08/2015 01:00	40	59	52	42	193	4	0
11/08/2015 01:05	41	60	53	43	197	4	0
11/08/2015 01:10	30	40	40	30	140	4	100
11/08/2015 01:15	39	37	49	54	179	4	100
11/08/2015 01:20	43	44	56	47	190	4	100
11/08/2015 01:25	40	39	39	45	163	4	100
11/08/2015 01:30	33	33	43	50	159	4	100
11/08/2015 01:35	31	49	50	49	179	4	100
11/08/2015 01:40	38	43	48	58	187	4	100
11/08/2015 01:45	36	41	37	44	158	4	100
11/08/2015 01:50	24	38	41	38	141	4	100
11/08/2015 01:55	26	33	51	47	157	4	100
11/08/2015 02:00	24	34	36	39	133	4	100
11/08/2015 02:05	17	27	40	36	120	4	100
11/08/2015 02:10	36	39	53	41	169	4	100
11/08/2015 02:15	31	41	50	49	171	4	100
11/08/2015 02:20	16	34	36	43	129	4	100
11/08/2015 02:25	19	29	43	49	140	4	100
11/08/2015 02:30	16	33	41	31	121	4	100
11/08/2015 02:35	21	33	34	33	121	4	100
11/08/2015 02:40	29	33	45	39	146	4	100
11/08/2015 02:45	24	31	36	26	117	4	100
11/08/2015 02:50	17	20	33	31	101	4	100
11/08/2015 02:55	16	29	33	30	108	4	100
11/08/2015 03:00	11	23	33	31	98	4	100
11/08/2015 03:05	15	20	30	26	91	4	100
11/08/2015 03:10	14	27	26	30	97	4	100
11/08/2015 03:15	17	34	21	29	101	4	100
11/08/2015 03:20	16	16	21	21	74	4	100
11/08/2015 03:25	14	21	21	26	82	4	100
11/08/2015 03:30	14	14	24	23	75	4	100
11/08/2015 03:35	14	14	21	19	68	4	100
11/08/2015 03:40	19	20	20	19	78	4	100
11/08/2015 03:45	13	20	19	23	75	4	100
11/08/2015 03:50	9	13	19	29	70	4	100
11/08/2015 03:55	10	26	20	17	73	4	100
11/08/2015 04:00	14	13	20	13	60	4	100
11/08/2015 04:05	10	14	14	21	59	4	100
11/08/2015 04:10	7	13	21	6	47	4	100
11/08/2015 04:15	7	17	20	16	60	4	100
11/08/2015 04:20	7	11	9	7	34	4	100
11/08/2015 04:25	10	14	14	17	55	4	100
11/08/2015 04:30	14	16	27	17	74	4	100
11/08/2015 04:35	11	13	13	10	47	4	100
11/08/2015 04:40	17	20	14	16	67	4	100
11/08/2015 04:45	10	20	14	21	65	4	100
11/08/2015 04:50	16	23	11	14	64	4	100
11/08/2015 04:55	19	20	20	16	75	4	100
11/08/2015 05:00	17	19	17	16	69	4	100
11/08/2015 05:05	24	26	16	16	82	4	100
11/08/2015 05:10	16	23	20	13	72	4	100
11/08/2015 05:15	23	19	30	17	89	4	100
11/08/2015 05:20	26	37	26	17	106	4	100
11/08/2015 05:25	15	30	19	20	84	4	100
11/08/2015 05:30	24	30	26	20	100	4	100
11/08/2015 05:35	26	29	24	23	102	4	100
11/08/2015 05:40	19	24	14	26	83	4	100
11/08/2015 05:45	26	26	19	19	90	4	100
11/08/2015 05:50	26	40	27	29	122	4	100
11/08/2015 05:55	29	35	29	28	121	4	100
11/08/2015 06:00	32	37	29	19	117	4	100
11/08/2015 06:05	36	38	31	24	129	4	100
11/08/2015 06:10	34	35	25	21	115	4	100
11/08/2015 06:15	44	48	30	29	151	4	100
11/08/2015 06:20	48	49	33	34	164	4	100
11/08/2015 06:25	60	54	44	21	179	4	100
11/08/2015 06:30	36	51	39	29	155	4	100
11/08/2015 06:35	40	44	43	34	161	4	100
11/08/2015 06:40	46	46	49	27	168	4	100
11/08/2015 06:45	43	43	41	27	154	4	100
11/08/2015 06:50	49	63	46	41	199	4	100
11/08/2015 06:55	56	53	59	36	204	4	100
11/08/2015 07:00	44	46	41	40	171	4	100
11/08/2015 07:05	59	61	51	40	211	4	100
11/08/2015 07:10	64	64	64	39	231	4	100
11/08/2015 07:15	67	59	56	53	235	4	100
11/08/2015 07:20	60	67	54	41	222	4	100
11/08/2015 07:25	56	66	64	53	239	4	100
11/08/2015 07:30	63	67	73	61	264	4	100
11/08/2015 07:35	76	79	54	56	265	4	100
11/08/2015 07:40	60	61	51	60	232	4	100
11/08/2015 07:45	70	86	67	67	290	4	100
11/08/2015 07:50	74	69	53	66	262	4	100
11/08/2015 07:55	77	87	74	53	291	4	100
11/08/2015 08:00	67	76	70	64	277	4	100
11/08/2015 08:05	79	77	80	67	303	4	100
11/08/2015 08:10	53	81	67	57	258	4	100
11/08/2015 08:15	89	80	79	54	302	4	100
11/08/2015 08:20	85	74	80	59	298	4	100
11/08/2015 08:25	81	83	66	61	291	4	100
11/08/2015 08:30	76	84	63	66	289	4	100
11/08/2015 08:35	86	100	80	69	335	4	100
11/08/2015 08:40	104	100	89	73	366	4	100
11/08/2015 08:45	111	91	81	70	353	4	100
11/08/2015 08:50	109	101	87	79	376	4	100
11/08/2015 08:55	79	93	76	71	319	4	100
11/08/2015 09:00	94	103	71	74	342	4	100
11/08/2015 09:05	100	110	87	89	386	4	100
11/08/2015 09:10	110	101	87	81	379	4	100
11/08/2015 09:15	110	109	94	99	412	4	100
11/08/2015 09:20	120	114	90	89	413	4	100
11/08/2015 09:25	121	107	80	93	401	4	100
11/08/2015 09:30	133	116	97	100	446	4	100
11/08/2015 09:35	137	129	107	93	466	4	100
11/08/2015 09:40	127	114	113	77	431	4	100
11/08/2015 09:45	137	129	99	81	446	4	100
11/08/2015 09:50	141	121	123	107	492	4	100
11/08/2015 09:55	121	117	87	80	405	4	100
11/08/2015 10:00	119	113	99	81	412	4	100
11/08/2015 10:05	147	116	96	87	446	4	100
11/08/2015 10:10	143	133	116	106	498	4	100
11/08/2015 10:15	128	125	101	100	454	4	100
11/08/2015 10:20	136	124	120	93	473	4	100
11/08/2015 10:25	154	134	110	110	508	4	100
11/08/2015 10:30	140	130	96	113	479	4	100
11/08/2015 10:35	151	137	130	99	517	4	100
11/08/2015 10:40	133	137	126	114	510	4	100
11/08/2015 10:45	147	129	127	109	512	4	100
11/08/2015 10:50	143	124	131	101	499	4	100
11/08/2015 10:55	148	126	96	95	465	4	100
11/08/2015 11:00	156	142	123	119	540	4	100
11/08/2015 11:05	143	129	124	109	505	4	100
11/08/2015 11:10	161	140	120	114	535	4	100
11/08/2015 11:15	146	127	133	106	512	4	100
11/08/2015 11:20	176	143	143	106	568	4	100
11/08/2015 11:25	143	123	123	119	508	4	100
11/08/2015 11:30	147	139	133	126	545	4	100
11/08/2015 11:35	147	129	109	110	495	4	100
11/08/2015 11:40	164	154	119	119	556	4	100
11/08/2015 11:45	150	134	124	119	527	4	100
11/08/2015 11:50	139	116	119	100	474	4	100
11/08/2015 11:55	157	144	113	107	521	4	100
11/08/2015 12:00	149	116	103	96	464	4	100
11/08/2015 12:05	147	129	110	106	492	4	100
11/08/2015 12:10	160	139	139	114	552	4	100
11/08/2015 12:15	153	151	129	117	550	4	100
11/08/2015 12:20	159	153	136	127	575	4	100
11/08/2015 12:25	146	137	109	112	504	4	100
11/08/2015 12:30	162	134	125	116	537	4	100
11/08/2015 12:35	130	120	120	104	474	4	100
11/08/2015 12:40	160	121	116	111	508	4	100
11/08/2015 12:45	153	126	118	114	511	4	100
11/08/2015 12:50	156	131	127	117	531	4	100
11/08/2015 12:55	161	142	117	114	534	4	100
11/08/2015 13:00	161	147	126	122	556	4	100
11/08/2015 13:05	156	135	116	111	518	4	100
11/08/2015 13:10	157	150	128	116	551	4	100
11/08/2015 13:15	163	160	132	128	583	4	100
11/08/2015 13:20	166	149	139	121	575	4	100
11/08/2015 13:25	170	146	132	109	557	4	100
11/08/2015 13:30	169	149	123	112	553	4	100
11/08/2015 13:35	186	163	130	126	605	4	100
11/08/2015 13:40	171	153	129	132	585	4	100
11/08/2015 13:45	165	151	122	124	562	4	100
11/08/2015 13:50	169	154	128	132	583	4	100
11/08/2015 13:55	163	151	123	115	552	4	100
11/08/2015 14:00	161	144	132	116	553	4	100
11/08/2015 14:05	184	162	144	137	627	4	100
11/08/2015 14:10	181	164	146	123	614	4	100
11/08/2015 14:15	176	141	133	110	560	4	100
11/08/2015 14:20	167	151	141	120	579	4	100
11/08/2015 14:25	99	96	109	117	421	4	100
11/08/2015 14:30	93	114	108	111	426	4	100
11/08/2015 14:35	91	108	100	104	403	4	100
11/08/2015 14:40	102	99	110	94	405	4	100
11/08/2015 14:45	152	148	144	125	569	4	100
11/08/2015 14:50	169	167	153	131	620	4	100
11/08/2015 14:55	166	154	144	126	590	4	100
11/08/2015 15:00	157	151	129	140	577	4	100
11/08/2015 15:05	160	144	134	127	565	4	100
11/08/2015 15:10	158	147	138	134	577	4	100
11/08/2015 15:15	159	144	137	146	586	4	100
11/08/2015 15:20	151	141	140	134	566	4	100
11/08/2015 15:25	170	149	130	122	571	4	100
11/08/2015 15:30	143	127	127	129	526	4	100
11/08/2015 15:35	162	152	137	128	579	4	100
11/08/2015 15:40	156	147	133	127	563	4	100
11/08/2015 15:45	160	144	147	133	584	4	100
11/08/2015 15:50	165	149	138	136	588	4	100
11/08/2015 15:55	151	143	127	132	553	4	100
11/08/2015 16:00	156	134	133	142	565	4	100
11/08/2015 16:05	154	170	137	126	587	4	100
11/08/2015 16:10	151	138	136	130	555	4	100
11/08/2015 16:15	156	157	145	149	607	4	100
11/08/2015 16:20	159	160	149	125	593	4	100
11/08/2015 16:25	162	143	145	132	582	4	100
11/08/2015 16:30	145	141	134	122	542	4	100
11/08/2015 16:35	156	151	116	119	542	4	100
11/08/2015 16:40	169	147	135	123	574	4	100
11/08/2015 16:45	167	141	131	109	548	4	100
11/08/2015 16:50	160	146	125	110	541	4	100
11/08/2015 16:55	176	140	139	109	564	4	100
11/08/2015 17:00	157	136	106	110	509	4	100
11/08/2015 17:05	163	154	130	113	560	4	100
11/08/2015 17:10	161	144	140	131	576	4	100
11/08/2015 17:15	169	144	146	126	585	4	100
11/08/2015 17:20	160	143	140	129	572	4	100
11/08/2015 17:25	150	141	124	121	536	4	100
11/08/2015 17:30	164	143	130	120	557	4	100
11/08/2015 17:35	139	126	117	117	499	4	100
11/08/2015 17:40	159	147	144	131	581	4	100
11/08/2015 17:45	163	129	147	104	543	4	100
11/08/2015 17:50	173	156	137	120	586	4	100
11/08/2015 17:55	159	136	117	110	522	4	100
11/08/2015 18:00	147	151	114	110	522	4	100
11/08/2015 18:05	149	133	123	111	516	4	100
11/08/2015 18:10	154	166	134	121	575	4	100
11/08/2015 18:15	154	143	131	110	538	4	100
11/08/2015 18:20	163	146	133	144	586	4	100
11/08/2015 18:25	155	132	130	121	538	4	100
11/08/2015 18:30	156	133	119	103	511	4	100
11/08/2015 18:35	148	136	134	98	516	4	100
11/08/2015 18:40	150	141	117	114	522	4	100
11/08/2015 18:45	150	142	116	112	520	4	100
11/08/2015 18:50	129	113	100	102	444	4	100
11/08/2015 18:55	143	134	127	102	506	4	100
11/08/2015 19:00	154	150	113	114	531	4	100
11/08/2015 19:05	157	137	109	96	499	4	100
11/08/2015 19:10	157	140	132	106	535	4	100
11/08/2015 19:15	149	136	117	99	501	4	100
11/08/2015 19:20	166	136	126	124	552	4	100
11/08/2015 19:25	154	140	124	109	527	4	100
11/08/2015 19:30	143	119	121	90	473	4	100
11/08/2015 19:35	159	133	126	93	511	4	100
11/08/2015 19:40	147	131	127	111	516	4	100
11/08/2015 19:45	149	131	116	110	506	4	100
11/08/2015 19:50	116	134	120	129	499	4	100
11/08/2015 19:55	147	130	117	96	490	4	100
11/08/2015 20:00	148	131	107	87	473	4	100
11/08/2015 20:05	116	124	106	91	437	4	100
11/08/2015 20:10	164	134	129	104	531	4	100
11/08/2015 20:15	149	141	111	86	487	4	100
11/08/2015 20:20	143	113	100	96	452	4	100
11/08/2015 20:25	157	113	100	93	463	4	100
11/08/2015 20:30	136	124	107	86	453	4	100
11/08/2015 20:35	136	130	101	100	467	4	100
11/08/2015 20:40	139	116	105	83	443	4	100
11/08/2015 20:45	121	110	101	88	420	4	100
11/08/2015 20:50	119	119	110	96	444	4	100
11/08/2015 20:55	147	127	101	101	476	4	100
11/08/2015 21:00	143	116	96	106	461	4	100
11/08/2015 21:05	134	121	110	93	458	4	100
11/08/2015 21:10	139	128	106	105	478	4	100
11/08/2015 21:15	147	134	111	103	495	4	100
11/08/2015 21:20	114	124	113	87	438	4	100
11/08/2015 21:25	124	117	116	99	456	4	100
11/08/2015 21:30	127	119	101	100	447	4	100
11/08/2015 21:35	134	106	96	100	436	4	100
11/08/2015 21:40	130	96	117	99	442	4	100
11/08/2015 21:45	123	107	111	76	417	4	100
11/08/2015 21:50	109	109	86	79	383	4	100
11/08/2015 21:55	106	96	86	69	357	4	100
11/08/2015 22:00	100	96	77	69	342	4	100
11/08/2015 22:05	106	99	83	94	382	4	100
11/08/2015 22:10	110	97	73	86	366	4	100
11/08/2015 22:15	77	97	89	91	354	4	100
11/08/2015 22:20	108	98	90	85	381	4	100
11/08/2015 22:25	134	127	104	99	464	4	100
11/08/2015 22:30	91	90	76	84	341	4	100
11/08/2015 22:35	93	100	91	74	358	4	100
11/08/2015 22:40	119	104	80	87	390	4	100
11/08/2015 22:45	86	84	87	61	318	4	100
11/08/2015 22:50	86	76	76	67	305	4	100
11/08/2015 22:55	81	70	70	67	288	4	100
11/08/2015 23:00	90	64	66	54	274	4	100
11/08/2015 23:05	84	90	70	60	304	4	100
11/08/2015 23:10	99	87	86	76	348	4	100
11/08/2015 23:15	86	84	73	77	320	4	100
11/08/2015 23:20	94	83	76	57	310	4	100
11/08/2015 23:25	73	74	67	56	270	4	100
11/08/2015 23:30	87	79	57	61	284	4	100
11/08/2015 23:35	76	76	63	53	268	4	100
11/08/2015 23:40	61	69	67	60	257	4	100
11/08/2015 23:45	66	59	51	44	220	4	100
11/08/2015 23:50	77	73	60	43	253	4	100
11/08/2015 23:55	50	57	49	51	207	4	100
