5 Minutes	Lane 1 Flow (Veh/5 Minutes)	Lane 2 Flow (Veh/5 Minutes)	Lane 3 Flow (Veh/5 Minutes)	Lane 4 Flow (Veh/5 Minutes)	Lane 5 Flow (Veh/5 Minutes)	Lane 6 Flow (Veh/5 Minutes)	Flow (Veh/5 Minutes)	# Lane Points	% Observed
11/02/2015 00:00	182	70	48	23	9	1	333	6	0
11/02/2015 00:05	177	67	41	25	10	3	323	6	0
11/02/2015 00:10	171	64	41	23	8	3	310	6	0
11/02/2015 00:15	177	61	40	24	8	2	312	6	0
11/02/2015 00:20	185	68	48	21	6	1	329	6	0
11/02/2015 00:25	189	65	43	24	7	0	328	6	0
11/02/2015 00:30	179	66	36	17	9	3	310	6	0
11/02/2015 00:35	183	54	35	16	9	1	298	6	0
11/02/2015 00:40	189	69	34	18	6	1	317	6	0
11/02/2015 00:45	184	56	33	15	6	1	295	6	0
11/02/2015 00:50	170	60	33	20	4	1	288	6	0
11/02/2015 00:55	167	56	33	14	4	0	274	6	0
11/02/2015 01:00	11	13	11	12	11	8	66	6	0
11/02/2015 01:05	11	13	11	11	10	8	64	6	0
11/02/2015 01:10	210	40	10	20	0	10	290	6	0
11/02/2015 01:15	163	45	28	10	3	3	252	6	0
11/02/2015 01:20	167	46	34	14	5	1	267	6	0
11/02/2015 01:25	181	46	23	16	3	1	270	6	0
11/02/2015 01:30	164	51	28	9	3	0	255	6	0
11/02/2015 01:35	148	43	23	11	1	0	226	6	0
11/02/2015 01:40	159	45	26	13	1	0	244	6	0
11/02/2015 01:45	171	53	30	11	4	0	269	6	0
11/02/2015 01:50	163	39	23	5	3	1	234	6	0
11/02/2015 01:55	169	44	29	9	4	1	256	6	0
11/02/2015 02:00	151	48	18	13	6	0	236	6	0
11/02/2015 02:05	158	46	31	10	2	1	248	6	0
11/02/2015 02:10	155	44	23	9	0	0	231	6	0
11/02/2015 02:15	183	36	25	9	3	1	257	6	0
11/02/2015 02:20	159	54	29	6	4	1	253	6	0
11/02/2015 02:25	160	43	23	7	6	0	239	6	0
11/02/2015 02:30	160	41	24	9	4	1	239	6	0
11/02/2015 02:35	153	41	27	9	4	1	235	6	0
11/02/2015 02:40	180	44	30	11	6	1	272	6	0
11/02/2015 02:45	179	50	26	10	3	1	269	6	0
11/02/2015 02:50	144	51	27	9	5	0	236	6	0
11/02/2015 02:55	181	47	27	9	3	1	268	6	0
11/02/2015 03:00	161	43	25	14	3	1	247	6	0
11/02/2015 03:05	159	54	24	7	4	1	249	6	0
11/02/2015 03:10	170	50	26	11	4	0	261	6	0
11/02/2015 03:15	174	39	30	7	7	0	257	6	0
11/02/2015 03:20	168	41	28	11	1	0	249	6	0
11/02/2015 03:25	157	53	32	13	4	1	260	6	0
11/02/2015 03:30	164	58	31	16	3	1	273	6	0
11/02/2015 03:35	184	70	39	16	4	1	314	6	0
11/02/2015 03:40	179	63	24	19	7	2	294	6	0
11/02/2015 03:45	186	59	37	20	8	1	311	6	0
11/02/2015 03:50	183	60	24	19	4	0	290	6	0
11/02/2015 03:55	169	65	33	14	4	1	286	6	0
11/02/2015 04:00	187	56	34	19	9	3	308	6	0
11/02/2015 04:05	177	63	41	24	7	1	313	6	0
11/02/2015 04:10	209	71	41	23	11	1	356	6	0
11/02/2015 04:15	216	71	50	35	10	1	383	6	0
11/02/2015 04:20	197	97	51	34	13	1	393	6	0
11/02/2015 04:25	211	96	66	33	16	4	426	6	0
11/02/2015 04:30	220	91	60	39	19	3	432	6	0
11/02/2015 04:35	227	119	73	49	21	5	494	6	0
11/02/2015 04:40	241	107	78	53	26	3	508	6	0
11/02/2015 04:45	241	110	80	53	30	3	517	6	0
11/02/2015 04:50	240	107	74	59	27	8	515	6	0
11/02/2015 04:55	244	120	73	49	29	5	520	6	0
11/02/2015 05:00	259	124	75	55	31	3	547	6	0
11/02/2015 05:05	276	144	87	72	28	2	609	6	0
11/02/2015 05:10	270	160	103	74	49	4	660	6	0
11/02/2015 05:15	282	164	104	92	62	9	713	6	0
11/02/2015 05:20	291	193	129	113	61	10	797	6	0
11/02/2015 05:25	283	193	140	135	84	7	842	6	0
11/02/2015 05:30	283	173	151	136	123	13	879	6	0
11/02/2015 05:35	301	188	145	128	121	18	901	6	0
11/02/2015 05:40	250	166	154	144	134	18	866	6	0
11/02/2015 05:45	266	170	149	140	144	24	893	6	0
11/02/2015 05:50	277	170	144	139	143	33	906	6	0
11/02/2015 05:55	238	156	143	126	141	36	840	6	0
11/02/2015 06:00	254	156	138	133	130	29	840	6	0
11/02/2015 06:05	233	161	139	130	120	60	843	6	0
11/02/2015 06:10	221	141	140	127	131	54	814	6	0
11/02/2015 06:15	213	144	124	114	114	77	786	6	0
11/02/2015 06:20	191	129	116	117	109	84	746	6	0
11/02/2015 06:25	176	126	111	107	104	94	718	6	0
11/02/2015 06:30	196	131	118	109	100	104	758	6	0
11/02/2015 06:35	199	131	114	103	101	97	745	6	0
11/02/2015 06:40	189	130	109	104	106	99	737	6	0
11/02/2015 06:45	204	136	111	103	99	110	763	6	0
11/02/2015 06:50	206	127	114	106	109	96	758	6	0
11/02/2015 06:55	195	130	107	101	109	96	738	6	0
11/02/2015 07:00	156	94	91	73	86	104	604	6	0
11/02/2015 07:05	184	120	101	103	97	100	705	6	0
11/02/2015 07:10	174	120	91	91	101	99	676	6	0
11/02/2015 07:15	179	116	93	74	83	100	645	6	0
11/02/2015 07:20	189	127	95	97	101	103	712	6	0
11/02/2015 07:25	177	121	96	94	93	101	682	6	0
11/02/2015 07:30	169	116	67	89	98	101	640	6	0
11/02/2015 07:35	147	114	96	87	89	101	634	6	0
11/02/2015 07:40	175	121	111	97	101	114	719	6	0
11/02/2015 07:45	163	119	83	86	96	107	654	6	0
11/02/2015 07:50	160	109	100	89	98	103	659	6	0
11/02/2015 07:55	173	120	96	99	90	88	666	6	0
11/02/2015 08:00	141	95	81	64	73	84	538	6	0
11/02/2015 08:05	158	119	83	83	81	84	608	6	0
11/02/2015 08:10	180	114	94	95	86	109	678	6	0
11/02/2015 08:15	145	96	86	80	79	84	570	6	0
11/02/2015 08:20	159	102	87	72	70	89	579	6	0
11/02/2015 08:25	162	115	93	98	98	100	666	6	0
11/02/2015 08:30	179	116	99	90	83	99	666	6	0
11/02/2015 08:35	157	120	90	84	89	91	631	6	0
11/02/2015 08:40	161	106	83	81	90	89	610	6	0
11/02/2015 08:45	155	114	77	76	83	93	598	6	0
11/02/2015 08:50	166	120	94	96	100	107	683	6	0
11/02/2015 08:55	171	116	79	85	93	106	650	6	0
11/02/2015 09:00	183	129	101	103	89	101	706	6	0
11/02/2015 09:05	166	94	73	89	73	84	579	6	0
11/02/2015 09:10	171	110	96	81	83	96	637	6	0
11/02/2015 09:15	149	109	54	81	76	85	554	6	0
11/02/2015 09:20	170	117	89	91	81	91	639	6	0
11/02/2015 09:25	144	94	78	79	74	83	552	6	0
11/02/2015 09:30	161	103	79	80	83	83	589	6	0
11/02/2015 09:35	153	106	86	83	84	95	607	6	0
11/02/2015 09:40	149	94	71	56	61	81	512	6	0
11/02/2015 09:45	170	120	96	94	74	96	650	6	0
11/02/2015 09:50	144	91	79	79	79	94	566	6	0
11/02/2015 09:55	153	98	65	70	75	76	537	6	0
11/02/2015 10:00	165	108	90	83	91	70	607	6	0
11/02/2015 10:05	143	96	54	75	64	84	516	6	0
11/02/2015 10:10	164	105	70	85	86	60	570	6	0
11/02/2015 10:15	151	103	81	71	78	72	556	6	0
11/02/2015 10:20	150	108	70	74	86	67	555	6	0
11/02/2015 10:25	156	104	71	67	71	66	535	6	0
11/02/2015 10:30	161	110	93	96	107	59	626	6	0
11/02/2015 10:35	178	120	91	108	99	56	652	6	0
11/02/2015 10:40	174	141	106	101	114	59	695	6	0
11/02/2015 10:45	193	144	119	119	106	55	736	6	0
11/02/2015 10:50	184	123	73	106	121	51	658	6	0
11/02/2015 10:55	189	120	87	111	115	41	663	6	0
11/02/2015 11:00	193	130	96	116	119	40	694	6	0
11/02/2015 11:05	193	143	99	116	111	37	699	6	0
11/02/2015 11:10	164	114	100	110	113	26	627	6	0
11/02/2015 11:15	199	141	109	129	111	27	716	6	0
11/02/2015 11:20	214	154	99	104	95	26	692	6	0
11/02/2015 11:25	217	164	119	120	104	29	753	6	0
11/02/2015 11:30	216	163	139	120	99	21	758	6	0
11/02/2015 11:35	240	171	121	111	89	27	759	6	0
11/02/2015 11:40	262	160	124	104	71	27	748	6	0
11/02/2015 11:45	270	176	127	113	76	25	787	6	0
11/02/2015 11:50	274	159	113	96	70	24	736	6	0
11/02/2015 11:55	283	170	115	103	56	23	750	6	0
11/02/2015 12:00	263	160	111	96	63	27	720	6	0
11/02/2015 12:05	276	173	117	106	74	20	766	6	0
11/02/2015 12:10	285	161	123	103	77	19	768	6	0
11/02/2015 12:15	281	181	113	104	66	23	768	6	0
11/02/2015 12:20	283	165	129	103	80	29	789	6	0
11/02/2015 12:25	269	178	134	110	66	20	777	6	0
11/02/2015 12:30	269	175	126	119	80	20	789	6	0
11/02/2015 12:35	258	170	134	106	79	24	771	6	0
11/02/2015 12:40	271	161	130	89	79	25	755	6	0
11/02/2015 12:45	274	177	129	104	68	24	776	6	0
11/02/2015 12:50	271	174	113	107	71	23	759	6	0
11/02/2015 12:55	263	165	120	104	71	15	738	6	0
11/02/2015 13:00	255	161	120	101	70	16	723	6	0
11/02/2015 13:05	266	160	126	101	66	24	743	6	0
11/02/2015 13:10	259	169	126	106	61	18	739	6	0
11/02/2015 13:15	256	164	129	109	73	24	755	6	0
11/02/2015 13:20	275	170	118	106	70	21	760	6	0
11/02/2015 13:25	264	163	126	120	79	23	775	6	0
11/02/2015 13:30	269	164	129	106	67	17	752	6	0
11/02/2015 13:35	271	164	113	113	64	21	746	6	0
11/02/2015 13:40	283	167	119	111	72	16	768	6	0
11/02/2015 13:45	263	159	113	97	74	19	725	6	0
11/02/2015 13:50	253	154	133	101	74	24	739	6	0
11/02/2015 13:55	243	163	100	96	66	27	695	6	0
11/02/2015 14:00	243	167	101	96	76	17	700	6	0
11/02/2015 14:05	243	138	125	106	61	19	692	6	0
11/02/2015 14:10	273	149	119	110	69	17	737	6	0
11/02/2015 14:15	274	159	133	106	71	25	768	6	0
11/02/2015 14:20	274	159	130	104	83	20	770	6	0
11/02/2015 14:25	263	173	131	113	73	16	769	6	0
11/02/2015 14:30	270	171	136	111	63	21	772	6	0
11/02/2015 14:35	254	170	117	114	73	24	752	6	0
11/02/2015 14:40	284	165	115	110	60	16	750	6	0
11/02/2015 14:45	275	159	128	97	79	19	757	6	0
11/02/2015 14:50	267	161	117	97	72	23	737	6	0
11/02/2015 14:55	268	164	109	100	60	20	721	6	0
11/02/2015 15:00	256	157	119	94	61	17	704	6	0
11/02/2015 15:05	237	150	110	102	59	17	675	6	0
11/02/2015 15:10	248	145	110	100	61	14	678	6	0
11/02/2015 15:15	250	163	103	91	66	20	693	6	0
11/02/2015 15:20	247	157	120	96	56	16	692	6	0
11/02/2015 15:25	263	163	121	100	53	20	720	6	0
11/02/2015 15:30	270	166	123	101	54	19	733	6	0
11/02/2015 15:35	266	156	120	105	56	19	722	6	0
11/02/2015 15:40	250	167	118	98	64	23	720	6	0
11/02/2015 15:45	267	167	121	99	71	24	749	6	0
11/02/2015 15:50	260	156	107	100	67	14	704	6	0
11/02/2015 15:55	273	160	112	86	61	24	716	6	0
11/02/2015 16:00	254	163	117	87	65	14	700	6	0
11/02/2015 16:05	263	151	117	87	64	16	698	6	0
11/02/2015 16:10	277	163	131	100	74	15	760	6	0
11/02/2015 16:15	256	153	120	86	70	24	709	6	0
11/02/2015 16:20	255	153	117	90	66	23	704	6	0
11/02/2015 16:25	261	151	101	76	56	10	655	6	0
11/02/2015 16:30	271	157	114	94	57	20	713	6	0
11/02/2015 16:35	266	163	119	106	58	18	730	6	0
11/02/2015 16:40	259	153	111	90	56	24	693	6	0
11/02/2015 16:45	280	168	133	99	75	17	772	6	0
11/02/2015 16:50	266	164	110	100	57	23	720	6	0
11/02/2015 16:55	280	167	127	97	66	17	754	6	0
11/02/2015 17:00	261	156	110	93	69	23	712	6	0
11/02/2015 17:05	259	163	117	107	70	23	739	6	0
11/02/2015 17:10	277	165	118	109	66	24	759	6	0
11/02/2015 17:15	291	167	111	116	73	27	785	6	0
11/02/2015 17:20	266	155	121	103	64	21	730	6	0
11/02/2015 17:25	271	163	120	107	72	31	764	6	0
11/02/2015 17:30	281	164	117	98	70	26	756	6	0
11/02/2015 17:35	276	171	129	108	66	23	773	6	0
11/02/2015 17:40	274	170	131	103	80	23	781	6	0
11/02/2015 17:45	264	159	111	105	74	29	742	6	0
11/02/2015 17:50	254	168	126	106	81	29	764	6	0
11/02/2015 17:55	274	157	133	116	84	30	794	6	0
11/02/2015 18:00	257	164	123	120	79	33	776	6	0
11/02/2015 18:05	257	161	125	116	69	25	753	6	0
11/02/2015 18:10	256	166	129	103	60	28	742	6	0
11/02/2015 18:15	260	160	131	113	77	29	770	6	0
11/02/2015 18:20	271	167	131	119	81	26	795	6	0
11/02/2015 18:25	274	159	135	103	70	29	770	6	0
11/02/2015 18:30	281	164	131	109	71	31	787	6	0
11/02/2015 18:35	267	175	133	101	76	20	772	6	0
11/02/2015 18:40	277	174	121	103	66	17	758	6	0
11/02/2015 18:45	283	169	134	104	64	16	770	6	0
11/02/2015 18:50	293	170	121	109	74	20	787	6	0
11/02/2015 18:55	257	159	120	109	61	19	725	6	0
11/02/2015 19:00	263	151	121	96	66	17	714	6	0
11/02/2015 19:05	286	151	119	94	60	14	724	6	0
11/02/2015 19:10	257	150	106	80	61	20	674	6	0
11/02/2015 19:15	281	157	113	93	59	19	722	6	0
11/02/2015 19:20	247	154	113	78	60	16	668	6	0
11/02/2015 19:25	264	137	104	84	56	10	655	6	0
11/02/2015 19:30	280	145	114	94	61	13	707	6	0
11/02/2015 19:35	254	143	123	93	51	15	679	6	0
11/02/2015 19:40	256	155	104	86	57	15	673	6	0
11/02/2015 19:45	254	150	114	87	42	12	659	6	0
11/02/2015 19:50	270	144	108	83	49	11	665	6	0
11/02/2015 19:55	266	136	99	80	46	14	641	6	0
11/02/2015 20:00	245	133	94	74	51	13	610	6	0
11/02/2015 20:05	241	130	98	73	42	12	596	6	0
11/02/2015 20:10	236	126	89	61	34	11	557	6	0
11/02/2015 20:15	241	110	86	68	44	9	558	6	0
11/02/2015 20:20	249	131	83	73	39	11	586	6	0
11/02/2015 20:25	224	115	91	70	43	6	549	6	0
11/02/2015 20:30	249	129	99	77	43	8	605	6	0
11/02/2015 20:35	223	129	93	67	34	11	557	6	0
11/02/2015 20:40	223	120	74	67	30	6	520	6	0
11/02/2015 20:45	225	99	81	55	31	9	500	6	0
11/02/2015 20:50	230	107	79	60	31	9	516	6	0
11/02/2015 20:55	229	121	71	63	26	7	517	6	0
11/02/2015 21:00	216	119	81	61	33	7	517	6	0
11/02/2015 21:05	229	120	84	59	36	9	537	6	0
11/02/2015 21:10	213	114	83	61	31	9	511	6	0
11/02/2015 21:15	221	124	80	57	29	7	518	6	0
11/02/2015 21:20	227	109	81	59	30	4	510	6	0
11/02/2015 21:25	214	115	87	57	20	1	494	6	0
11/02/2015 21:30	231	117	80	49	27	5	509	6	0
11/02/2015 21:35	214	114	74	56	17	9	484	6	0
11/02/2015 21:40	226	117	83	51	27	4	508	6	0
11/02/2015 21:45	221	114	74	54	27	6	496	6	0
11/02/2015 21:50	235	103	84	53	29	3	507	6	0
11/02/2015 21:55	233	106	70	47	23	6	485	6	0
11/02/2015 22:00	214	101	69	41	17	4	446	6	0
11/02/2015 22:05	211	104	63	44	20	4	446	6	0
11/02/2015 22:10	241	100	65	56	19	4	485	6	0
11/02/2015 22:15	228	107	70	46	30	6	487	6	0
11/02/2015 22:20	214	90	66	41	20	4	435	6	0
11/02/2015 22:25	225	91	63	47	19	5	450	6	0
11/02/2015 22:30	196	93	49	39	22	3	402	6	0
11/02/2015 22:35	221	86	46	43	20	3	419	6	0
11/02/2015 22:40	209	99	50	36	17	0	411	6	0
11/02/2015 22:45	191	91	50	33	17	3	385	6	0
11/02/2015 22:50	216	86	44	34	14	2	396	6	0
11/02/2015 22:55	199	86	46	37	19	3	390	6	0
11/02/2015 23:00	199	76	44	31	11	1	362	6	0
11/02/2015 23:05	180	74	47	36	11	7	355	6	0
11/02/2015 23:10	180	84	43	26	16	1	350	6	0
11/02/2015 23:15	186	79	53	23	9	3	353	6	0
11/02/2015 23:20	173	69	30	27	11	1	311	6	0
11/02/2015 23:25	191	69	37	27	9	3	336	6	0
11/02/2015 23:30	195	75	40	19	9	1	339	6	0
11/02/2015 23:35	194	70	44	24	11	4	347	6	0
11/02/2015 23:40	196	67	43	21	9	1	337	6	0
11/02/2015 23:45	171	71	43	17	6	1	309	6	0
11/02/2015 23:50	194	70	33	20	9	3	329	6	0
11/02/2015 23:55	161	56	31	19	7	1	275	6	0
11/03/2015 00:00	180	59	39	21	8	0	307	6	0
11/03/2015 00:05	191	62	29	16	3	1	302	6	0
11/03/2015 00:10	178	54	35	15	3	1	286	6	0
11/03/2015 00:15	165	51	34	11	5	0	266	6	0
11/03/2015 00:20	154	59	25	14	6	2	260	6	0
11/03/2015 00:25	169	39	33	13	1	0	255	6	0
11/03/2015 00:30	179	51	26	13	4	0	273	6	0
11/03/2015 00:35	169	49	26	7	1	3	255	6	0
11/03/2015 00:40	156	51	14	13	4	0	238	6	0
11/03/2015 00:45	191	49	26	16	3	0	285	6	0
11/03/2015 00:50	167	50	27	11	3	0	258	6	0
11/03/2015 00:55	157	41	19	6	3	0	226	6	0
11/03/2015 01:00	8	10	9	9	8	6	50	6	0
11/03/2015 01:05	10	11	10	10	9	7	57	6	0
11/03/2015 01:10	180	20	0	0	0	0	200	6	0
11/03/2015 01:15	163	43	16	8	3	1	234	6	0
11/03/2015 01:20	153	51	21	10	5	0	240	6	0
11/03/2015 01:25	153	43	24	10	3	1	234	6	0
11/03/2015 01:30	168	38	16	13	0	0	235	6	0
11/03/2015 01:35	167	48	20	9	3	0	247	6	0
11/03/2015 01:40	176	43	19	10	3	1	252	6	0
11/03/2015 01:45	145	43	17	6	0	0	211	6	0
11/03/2015 01:50	162	37	22	9	1	1	232	6	0
11/03/2015 01:55	178	40	20	9	6	3	256	6	0
11/03/2015 02:00	176	37	19	4	3	0	239	6	0
11/03/2015 02:05	164	44	25	7	4	1	245	6	0
11/03/2015 02:10	183	44	20	7	0	0	254	6	0
11/03/2015 02:15	166	49	17	4	3	0	239	6	0
11/03/2015 02:20	185	40	24	10	1	0	260	6	0
11/03/2015 02:25	167	47	16	9	1	0	240	6	0
11/03/2015 02:30	177	37	16	6	3	0	239	6	0
11/03/2015 02:35	156	45	16	9	1	0	227	6	0
11/03/2015 02:40	179	40	17	9	1	0	246	6	0
11/03/2015 02:45	172	39	20	9	1	0	241	6	0
11/03/2015 02:50	169	49	19	10	3	0	250	6	0
11/03/2015 02:55	171	53	26	10	1	0	261	6	0
11/03/2015 03:00	181	37	27	7	1	0	253	6	0
11/03/2015 03:05	166	46	24	14	5	0	255	6	0
11/03/2015 03:10	167	56	21	6	7	2	259	6	0
11/03/2015 03:15	181	50	23	11	3	0	268	6	0
11/03/2015 03:20	177	53	29	9	4	1	273	6	0
11/03/2015 03:25	159	51	23	17	1	1	252	6	0
11/03/2015 03:30	170	59	26	11	7	1	274	6	0
11/03/2015 03:35	179	58	31	11	3	1	283	6	0
11/03/2015 03:40	174	54	19	13	7	0	267	6	0
11/03/2015 03:45	176	53	27	16	3	0	275	6	0
11/03/2015 03:50	171	60	27	9	7	3	277	6	0
11/03/2015 03:55	183	66	30	14	1	1	295	6	0
11/03/2015 04:00	174	67	39	16	9	0	305	6	0
11/03/2015 04:05	171	73	28	16	8	1	297	6	0
11/03/2015 04:10	214	76	47	20	13	1	371	6	0
11/03/2015 04:15	209	90	46	21	10	3	379	6	0
11/03/2015 04:20	191	93	55	24	13	0	376	6	0
11/03/2015 04:25	244	96	60	34	13	4	451	6	0
11/03/2015 04:30	214	104	51	34	15	1	419	6	0
11/03/2015 04:35	224	93	69	46	14	1	447	6	0
11/03/2015 04:40	254	116	80	46	20	3	519	6	0
11/03/2015 04:45	244	109	77	55	24	3	512	6	0
11/03/2015 04:50	244	133	77	43	23	4	524	6	0
11/03/2015 04:55	268	116	59	44	19	3	509	6	0
11/03/2015 05:00	254	131	81	49	24	6	545	6	0
11/03/2015 05:05	240	130	77	56	31	4	538	6	0
11/03/2015 05:10	290	150	89	79	49	6	663	6	0
11/03/2015 05:15	261	166	113	83	59	9	691	6	0
11/03/2015 05:20	311	167	126	119	71	10	804	6	0
11/03/2015 05:25	290	173	137	121	80	10	811	6	0
11/03/2015 05:30	288	179	151	136	116	11	881	6	0
11/03/2015 05:35	286	184	144	133	114	13	874	6	0
11/03/2015 05:40	265	165	153	139	154	23	899	6	0
11/03/2015 05:45	247	174	144	137	151	24	877	6	0
11/03/2015 05:50	231	157	137	139	133	29	826	6	0
11/03/2015 05:55	237	144	147	130	133	46	837	6	0
11/03/2015 06:00	230	150	134	117	137	39	807	6	0
11/03/2015 06:05	237	149	131	126	130	55	828	6	0
11/03/2015 06:10	247	144	116	119	127	60	813	6	0
11/03/2015 06:15	227	136	117	121	120	79	800	6	0
11/03/2015 06:20	234	133	111	107	103	73	761	6	0
11/03/2015 06:25	219	143	123	110	107	107	809	6	0
11/03/2015 06:30	207	121	113	101	104	101	747	6	0
11/03/2015 06:35	190	134	121	103	118	104	770	6	0
11/03/2015 06:40	198	136	116	101	111	106	768	6	0
11/03/2015 06:45	201	123	101	103	107	96	731	6	0
11/03/2015 06:50	204	130	106	100	104	104	748	6	0
11/03/2015 06:55	181	125	109	96	93	107	711	6	0
11/03/2015 07:00	186	124	107	91	109	104	721	6	0
11/03/2015 07:05	169	117	106	98	108	103	701	6	0
11/03/2015 07:10	176	113	85	86	86	92	638	6	0
11/03/2015 07:15	173	129	102	106	110	110	730	6	0
11/03/2015 07:20	180	113	98	84	99	104	678	6	0
11/03/2015 07:25	159	114	84	91	86	89	623	6	0
11/03/2015 07:30	189	126	106	105	104	110	740	6	0
11/03/2015 07:35	174	115	93	93	95	104	674	6	0
11/03/2015 07:40	154	109	94	84	81	99	621	6	0
11/03/2015 07:45	180	124	97	96	101	106	704	6	0
11/03/2015 07:50	186	123	94	100	84	103	690	6	0
11/03/2015 07:55	157	119	89	96	90	106	657	6	0
11/03/2015 08:00	159	109	87	86	78	88	607	6	0
11/03/2015 08:05	181	109	101	90	91	108	680	6	0
11/03/2015 08:10	171	116	100	94	84	103	668	6	0
11/03/2015 08:15	148	89	83	70	66	79	535	6	0
11/03/2015 08:20	184	126	99	101	96	107	713	6	0
11/03/2015 08:25	154	100	84	79	73	91	581	6	0
11/03/2015 08:30	146	106	87	79	80	88	586	6	0
11/03/2015 08:35	206	133	113	107	113	111	783	6	0
11/03/2015 08:40	124	97	76	69	71	77	514	6	0
11/03/2015 08:45	139	103	89	84	80	91	586	6	0
11/03/2015 08:50	156	103	91	86	81	91	608	6	0
11/03/2015 08:55	173	124	96	93	94	97	677	6	0
11/03/2015 09:00	130	110	87	87	87	90	591	6	0
11/03/2015 09:05	131	126	84	90	76	91	598	6	0
11/03/2015 09:10	156	101	87	80	79	89	592	6	0
11/03/2015 09:15	170	116	89	83	87	89	634	6	0
11/03/2015 09:20	178	114	98	88	81	100	659	6	0
11/03/2015 09:25	139	100	73	80	87	99	578	6	0
11/03/2015 09:30	179	115	104	87	84	91	660	6	0
11/03/2015 09:35	153	114	91	90	76	101	625	6	0
11/03/2015 09:40	189	129	97	100	101	104	720	6	0
11/03/2015 09:45	175	123	100	99	101	103	701	6	0
11/03/2015 09:50	186	121	90	96	94	104	691	6	0
11/03/2015 09:55	144	88	78	69	80	81	540	6	0
11/03/2015 10:00	140	93	76	69	79	83	540	6	0
11/03/2015 10:05	131	93	57	60	68	82	491	6	0
11/03/2015 10:10	146	103	66	73	69	85	542	6	0
11/03/2015 10:15	127	76	56	63	61	58	441	6	0
11/03/2015 10:20	154	111	95	81	85	84	610	6	0
11/03/2015 10:25	153	98	70	68	75	80	544	6	0
11/03/2015 10:30	169	121	91	93	97	80	651	6	0
11/03/2015 10:35	184	117	86	91	75	85	638	6	0
11/03/2015 10:40	136	89	67	71	80	86	529	6	0
11/03/2015 10:45	145	110	86	80	84	76	581	6	0
11/03/2015 10:50	148	108	70	70	69	64	529	6	0
11/03/2015 10:55	139	107	67	71	83	63	530	6	0
11/03/2015 11:00	176	137	100	107	110	55	685	6	0
11/03/2015 11:05	166	110	83	116	104	51	630	6	0
11/03/2015 11:10	181	126	96	119	116	53	691	6	0
11/03/2015 11:15	155	114	97	101	107	49	623	6	0
11/03/2015 11:20	200	124	71	113	105	56	669	6	0
11/03/2015 11:25	195	123	80	104	104	63	669	6	0
11/03/2015 11:30	179	127	67	110	123	47	653	6	0
11/03/2015 11:35	199	128	84	108	118	66	703	6	0
11/03/2015 11:40	169	117	100	103	101	51	641	6	0
11/03/2015 11:45	160	120	67	94	105	50	596	6	0
11/03/2015 11:50	211	134	113	123	115	41	737	6	0
11/03/2015 11:55	183	127	109	109	119	41	688	6	0
11/03/2015 12:00	202	144	77	115	110	27	675	6	0
11/03/2015 12:05	187	131	116	100	109	43	686	6	0
11/03/2015 12:10	191	149	119	117	113	38	727	6	0
11/03/2015 12:15	216	136	114	115	119	51	751	6	0
11/03/2015 12:20	203	143	120	119	127	51	763	6	0
11/03/2015 12:25	197	126	121	127	114	41	726	6	0
11/03/2015 12:30	209	144	124	117	129	33	756	6	0
11/03/2015 12:35	209	153	124	121	109	44	760	6	0
11/03/2015 12:40	187	140	131	117	121	33	729	6	0
11/03/2015 12:45	223	160	131	113	106	40	773	6	0
11/03/2015 12:50	237	164	140	100	109	29	779	6	0
11/03/2015 12:55	243	161	120	97	80	23	724	6	0
11/03/2015 13:00	239	157	133	113	70	27	739	6	0
11/03/2015 13:05	268	165	149	116	76	23	797	6	0
11/03/2015 13:10	271	166	123	111	77	21	769	6	0
11/03/2015 13:15	261	161	133	109	83	20	767	6	0
11/03/2015 13:20	276	157	128	110	86	21	778	6	0
11/03/2015 13:25	285	170	133	106	80	16	790	6	0
11/03/2015 13:30	276	157	144	104	93	19	793	6	0
11/03/2015 13:35	261	173	126	101	70	20	751	6	0
11/03/2015 13:40	264	164	114	113	74	19	748	6	0
11/03/2015 13:45	263	170	129	105	75	14	756	6	0
11/03/2015 13:50	266	163	127	101	85	24	766	6	0
11/03/2015 13:55	286	150	133	106	89	16	780	6	0
11/03/2015 14:00	263	161	120	109	67	24	744	6	0
11/03/2015 14:05	274	173	138	110	79	19	793	6	0
11/03/2015 14:10	274	163	133	114	74	17	775	6	0
11/03/2015 14:15	276	168	125	109	80	30	788	6	0
11/03/2015 14:20	263	160	139	110	89	25	786	6	0
11/03/2015 14:25	264	180	121	124	73	16	778	6	0
11/03/2015 14:30	275	167	139	113	81	23	798	6	0
11/03/2015 14:35	261	166	126	116	69	30	768	6	0
11/03/2015 14:40	284	168	126	102	81	15	776	6	0
11/03/2015 14:45	270	169	126	114	76	24	779	6	0
11/03/2015 14:50	250	165	126	116	66	14	737	6	0
11/03/2015 14:55	263	166	124	96	69	20	738	6	0
11/03/2015 15:00	276	163	126	107	65	24	761	6	0
11/03/2015 15:05	256	167	121	100	63	19	726	6	0
11/03/2015 15:10	260	159	123	97	61	19	719	6	0
11/03/2015 15:15	256	156	107	86	60	21	686	6	0
11/03/2015 15:20	274	154	124	109	70	26	757	6	0
11/03/2015 15:25	276	156	121	93	68	23	737	6	0
11/03/2015 15:30	263	181	120	104	68	16	752	6	0
11/03/2015 15:35	260	150	114	94	64	15	697	6	0
11/03/2015 15:40	262	160	110	90	60	16	698	6	0
11/03/2015 15:45	245	144	106	88	68	17	668	6	0
11/03/2015 15:50	244	163	120	103	54	16	700	6	0
11/03/2015 15:55	246	150	106	90	66	26	684	6	0
11/03/2015 16:00	263	163	111	91	56	19	703	6	0
11/03/2015 16:05	259	159	124	89	53	20	704	6	0
11/03/2015 16:10	276	164	123	89	61	26	739	6	0
11/03/2015 16:15	260	150	129	96	66	23	724	6	0
11/03/2015 16:20	267	151	134	93	69	26	740	6	0
11/03/2015 16:25	286	161	123	91	60	26	747	6	0
11/03/2015 16:30	266	169	124	114	68	21	762	6	0
11/03/2015 16:35	274	146	133	97	66	16	732	6	0
11/03/2015 16:40	264	160	114	90	61	19	708	6	0
11/03/2015 16:45	281	151	125	104	61	23	745	6	0
11/03/2015 16:50	274	159	126	100	61	26	746	6	0
11/03/2015 16:55	269	159	113	94	59	14	708	6	0
11/03/2015 17:00	274	164	116	91	56	24	725	6	0
11/03/2015 17:05	255	154	135	95	57	23	719	6	0
11/03/2015 17:10	253	161	116	100	71	30	731	6	0
11/03/2015 17:15	270	174	131	109	77	27	788	6	0
11/03/2015 17:20	275	169	136	106	75	36	797	6	0
11/03/2015 17:25	260	158	116	110	65	33	742	6	0
11/03/2015 17:30	279	171	134	107	76	33	800	6	0
11/03/2015 17:35	274	167	130	109	73	30	783	6	0
11/03/2015 17:40	279	169	135	106	70	31	790	6	0
11/03/2015 17:45	283	160	128	96	69	28	764	6	0
11/03/2015 17:50	251	181	143	101	80	28	784	6	0
11/03/2015 17:55	263	154	120	106	70	27	740	6	0
11/03/2015 18:00	251	163	134	111	70	20	749	6	0
11/03/2015 18:05	281	164	134	111	84	23	797	6	0
11/03/2015 18:10	281	177	139	113	84	34	828	6	0
11/03/2015 18:15	270	165	130	101	81	30	777	6	0
11/03/2015 18:20	263	171	126	106	86	33	785	6	0
11/03/2015 18:25	267	165	121	109	80	31	773	6	0
11/03/2015 18:30	291	174	149	124	90	31	859	6	0
11/03/2015 18:35	273	163	133	112	79	26	786	6	0
11/03/2015 18:40	270	154	137	116	73	31	781	6	0
11/03/2015 18:45	259	166	124	103	70	19	741	6	0
11/03/2015 18:50	283	157	125	101	74	20	760	6	0
11/03/2015 18:55	266	150	127	90	73	25	731	6	0
11/03/2015 19:00	250	151	129	95	68	23	716	6	0
11/03/2015 19:05	259	144	127	100	64	17	711	6	0
11/03/2015 19:10	270	146	126	88	63	20	713	6	0
11/03/2015 19:15	259	150	118	90	59	21	697	6	0
11/03/2015 19:20	281	156	116	89	61	19	722	6	0
11/03/2015 19:25	267	161	120	91	59	21	719	6	0
11/03/2015 19:30	266	154	115	97	54	19	705	6	0
11/03/2015 19:35	266	163	119	86	60	19	713	6	0
11/03/2015 19:40	260	147	125	99	63	11	705	6	0
11/03/2015 19:45	253	136	115	83	49	13	649	6	0
11/03/2015 19:50	246	131	107	70	41	19	614	6	0
11/03/2015 19:55	242	138	109	67	44	11	611	6	0
11/03/2015 20:00	253	147	113	73	43	14	643	6	0
11/03/2015 20:05	243	130	106	77	40	13	609	6	0
11/03/2015 20:10	241	136	101	77	43	13	611	6	0
11/03/2015 20:15	253	129	90	66	36	9	583	6	0
11/03/2015 20:20	233	129	103	70	41	14	590	6	0
11/03/2015 20:25	247	136	102	73	41	12	611	6	0
11/03/2015 20:30	232	121	90	64	39	8	554	6	0
11/03/2015 20:35	253	124	100	69	30	9	585	6	0
11/03/2015 20:40	244	117	93	67	39	12	572	6	0
11/03/2015 20:45	214	133	86	67	44	13	557	6	0
11/03/2015 20:50	231	130	94	67	33	7	562	6	0
11/03/2015 20:55	211	120	88	67	33	10	529	6	0
11/03/2015 21:00	223	119	90	70	39	10	551	6	0
11/03/2015 21:05	229	123	79	66	37	9	543	6	0
11/03/2015 21:10	220	111	83	66	30	8	518	6	0
11/03/2015 21:15	226	104	91	63	31	10	525	6	0
11/03/2015 21:20	221	114	93	70	33	7	538	6	0
11/03/2015 21:25	216	106	86	70	37	11	526	6	0
11/03/2015 21:30	233	119	96	66	31	10	555	6	0
11/03/2015 21:35	220	126	94	68	33	6	547	6	0
11/03/2015 21:40	218	122	88	66	31	7	532	6	0
11/03/2015 21:45	226	106	84	63	34	10	523	6	0
11/03/2015 21:50	214	121	84	57	23	3	502	6	0
11/03/2015 21:55	225	119	84	61	33	9	531	6	0
11/03/2015 22:00	216	111	74	51	24	9	485	6	0
11/03/2015 22:05	207	96	73	53	21	7	457	6	0
11/03/2015 22:10	216	104	74	55	26	4	479	6	0
11/03/2015 22:15	226	104	71	53	24	9	487	6	0
11/03/2015 22:20	208	89	77	55	34	9	472	6	0
11/03/2015 22:25	227	104	69	53	21	8	482	6	0
11/03/2015 22:30	207	96	79	53	21	3	459	6	0
11/03/2015 22:35	223	101	69	46	23	6	468	6	0
11/03/2015 22:40	222	93	63	41	20	5	444	6	0
11/03/2015 22:45	203	89	68	39	17	7	423	6	0
11/03/2015 22:50	190	84	57	35	17	4	387	6	0
11/03/2015 22:55	198	71	66	38	14	5	392	6	0
11/03/2015 23:00	193	71	59	34	11	4	372	6	0
11/03/2015 23:05	190	83	54	37	19	3	386	6	0
11/03/2015 23:10	184	69	45	34	16	7	355	6	0
11/03/2015 23:15	188	74	46	29	16	4	357	6	0
11/03/2015 23:20	184	70	46	21	13	6	340	6	0
11/03/2015 23:25	211	73	41	30	16	3	374	6	0
11/03/2015 23:30	173	71	51	26	13	6	340	6	0
11/03/2015 23:35	163	68	41	25	9	1	307	6	0
11/03/2015 23:40	184	67	44	29	10	6	340	6	0
11/03/2015 23:45	205	83	49	24	13	3	377	6	0
11/03/2015 23:50	193	70	39	26	6	3	337	6	0
11/03/2015 23:55	177	56	34	21	6	1	295	6	0
11/04/2015 00:00	176	63	30	17	9	3	298	6	0
11/04/2015 00:05	181	58	33	21	9	6	308	6	0
11/04/2015 00:10	172	56	36	20	6	1	291	6	0
11/04/2015 00:15	171	61	31	22	4	1	290	6	0
11/04/2015 00:20	183	55	29	20	8	2	297	6	0
11/04/2015 00:25	173	48	34	13	5	0	273	6	0
11/04/2015 00:30	164	51	26	20	4	1	266	6	0
11/04/2015 00:35	176	59	36	15	7	3	296	6	0
11/04/2015 00:40	176	44	31	19	7	3	280	6	0
11/04/2015 00:45	164	44	27	13	4	1	253	6	0
11/04/2015 00:50	144	53	33	16	5	3	254	6	0
11/04/2015 00:55	175	40	24	15	6	0	260	6	0
11/04/2015 01:00	10	12	10	11	10	8	61	6	0
11/04/2015 01:05	11	12	11	11	10	8	63	6	0
11/04/2015 01:10	180	20	20	10	0	0	230	6	0
11/04/2015 01:15	160	41	26	13	8	3	251	6	0
11/04/2015 01:20	171	55	23	10	4	1	264	6	0
11/04/2015 01:25	164	45	24	11	4	1	249	6	0
11/04/2015 01:30	171	41	24	9	3	3	251	6	0
11/04/2015 01:35	151	39	25	9	4	2	230	6	0
11/04/2015 01:40	161	38	23	14	4	0	240	6	0
11/04/2015 01:45	154	48	21	9	4	0	236	6	0
11/04/2015 01:50	161	44	20	10	5	0	240	6	0
11/04/2015 01:55	155	33	19	9	3	1	220	6	0
11/04/2015 02:00	173	40	19	11	3	0	246	6	0
11/04/2015 02:05	179	48	18	8	4	1	258	6	0
11/04/2015 02:10	164	35	21	7	3	0	230	6	0
11/04/2015 02:15	141	44	21	9	4	3	222	6	0
11/04/2015 02:20	169	45	30	6	4	0	254	6	0
11/04/2015 02:25	146	36	21	6	6	0	215	6	0
11/04/2015 02:30	173	47	27	13	6	1	267	6	0
11/04/2015 02:35	160	39	26	9	4	0	238	6	0
11/04/2015 02:40	168	44	24	10	3	1	250	6	0
11/04/2015 02:45	169	43	27	14	4	0	257	6	0
11/04/2015 02:50	171	43	24	9	3	0	250	6	0
11/04/2015 02:55	161	47	26	9	1	0	244	6	0
11/04/2015 03:00	171	44	27	13	4	1	260	6	0
11/04/2015 03:05	149	44	33	13	3	0	242	6	0
11/04/2015 03:10	169	47	27	7	1	0	251	6	0
11/04/2015 03:15	166	57	33	10	4	0	270	6	0
11/04/2015 03:20	167	46	30	16	4	0	263	6	0
11/04/2015 03:25	176	43	29	9	4	1	262	6	0
11/04/2015 03:30	163	57	36	14	4	0	274	6	0
11/04/2015 03:35	158	59	34	16	9	0	276	6	0
11/04/2015 03:40	174	61	29	14	6	1	285	6	0
11/04/2015 03:45	184	56	29	20	7	1	297	6	0
11/04/2015 03:50	185	56	36	13	5	1	296	6	0
11/04/2015 03:55	179	61	39	14	8	2	303	6	0
11/04/2015 04:00	186	73	37	21	6	1	324	6	0
11/04/2015 04:05	201	64	40	24	12	2	343	6	0
11/04/2015 04:10	194	71	44	20	9	3	341	6	0
11/04/2015 04:15	214	76	53	23	11	4	381	6	0
11/04/2015 04:20	210	83	56	30	14	3	396	6	0
11/04/2015 04:25	206	87	54	31	13	6	397	6	0
11/04/2015 04:30	222	99	53	41	16	2	433	6	0
11/04/2015 04:35	227	94	66	37	19	5	448	6	0
11/04/2015 04:40	233	100	70	47	24	6	480	6	0
11/04/2015 04:45	260	117	81	51	26	1	536	6	0
11/04/2015 04:50	237	119	70	46	29	6	507	6	0
11/04/2015 04:55	230	109	77	50	31	4	501	6	0
11/04/2015 05:00	234	111	89	54	30	4	522	6	0
11/04/2015 05:05	263	139	94	64	31	4	595	6	0
11/04/2015 05:10	267	151	98	80	43	9	648	6	0
11/04/2015 05:15	279	168	120	89	58	10	724	6	0
11/04/2015 05:20	298	180	123	101	53	10	765	6	0
11/04/2015 05:25	283	181	143	117	99	11	834	6	0
11/04/2015 05:30	290	188	144	150	110	18	900	6	0
11/04/2015 05:35	249	173	150	119	114	17	822	6	0
11/04/2015 05:40	234	170	141	146	150	21	862	6	0
11/04/2015 05:45	271	170	159	128	146	25	899	6	0
11/04/2015 05:50	256	163	145	157	139	30	890	6	0
11/04/2015 05:55	231	159	150	145	144	34	863	6	0
11/04/2015 06:00	224	156	141	147	134	46	848	6	0
11/04/2015 06:05	207	146	137	134	133	79	836	6	0
11/04/2015 06:10	216	145	120	134	135	69	819	6	0
11/04/2015 06:15	203	141	123	120	120	89	796	6	0
11/04/2015 06:20	194	139	121	109	113	84	760	6	0
11/04/2015 06:25	181	126	111	100	109	104	731	6	0
11/04/2015 06:30	184	134	119	109	101	99	746	6	0
11/04/2015 06:35	197	124	117	107	104	110	759	6	0
11/04/2015 06:40	196	126	114	114	114	97	761	6	0
11/04/2015 06:45	201	121	113	104	115	106	760	6	0
11/04/2015 06:50	201	131	110	97	103	111	753	6	0
11/04/2015 06:55	178	124	103	91	100	111	707	6	0
11/04/2015 07:00	190	123	101	94	98	109	715	6	0
11/04/2015 07:05	162	114	94	79	97	100	646	6	0
11/04/2015 07:10	174	104	90	86	86	96	636	6	0
11/04/2015 07:15	201	130	106	103	104	111	755	6	0
11/04/2015 07:20	167	126	106	101	111	109	720	6	0
11/04/2015 07:25	171	130	99	99	104	104	707	6	0
11/04/2015 07:30	171	106	95	87	94	104	657	6	0
11/04/2015 07:35	169	116	94	96	101	104	680	6	0
11/04/2015 07:40	190	126	100	103	101	114	734	6	0
11/04/2015 07:45	160	99	87	84	86	113	629	6	0
11/04/2015 07:50	166	110	99	91	93	103	662	6	0
11/04/2015 07:55	166	117	94	93	96	98	664	6	0
11/04/2015 08:00	174	113	100	101	86	103	677	6	0
11/04/2015 08:05	150	116	106	96	94	99	661	6	0
11/04/2015 08:10	178	117	94	88	84	104	665	6	0
11/04/2015 08:15	151	113	96	91	96	104	651	6	0
11/04/2015 08:20	181	137	105	103	100	108	734	6	0
11/04/2015 08:25	163	110	89	99	93	107	661	6	0
11/04/2015 08:30	177	113	101	90	86	94	661	6	0
11/04/2015 08:35	161	113	93	90	84	104	645	6	0
11/04/2015 08:40	178	130	103	94	101	105	711	6	0
11/04/2015 08:45	177	116	101	100	87	99	680	6	0
11/04/2015 08:50	189	121	90	94	89	93	676	6	0
11/04/2015 08:55	151	111	91	90	86	97	626	6	0
11/04/2015 09:00	196	126	101	98	100	98	719	6	0
11/04/2015 09:05	183	113	95	90	96	104	681	6	0
11/04/2015 09:10	149	111	86	89	83	94	612	6	0
11/04/2015 09:15	182	124	100	94	99	106	705	6	0
11/04/2015 09:20	158	114	88	88	86	101	635	6	0
11/04/2015 09:25	173	119	101	90	89	101	673	6	0
11/04/2015 09:30	169	120	103	85	90	101	668	6	0
11/04/2015 09:35	184	131	106	91	100	96	708	6	0
11/04/2015 09:40	179	123	83	97	91	105	678	6	0
11/04/2015 09:45	144	105	75	86	81	106	597	6	0
11/04/2015 09:50	167	103	80	81	80	87	598	6	0
11/04/2015 09:55	176	120	91	93	100	101	681	6	0
11/04/2015 10:00	179	111	84	84	98	100	656	6	0
11/04/2015 10:05	193	127	93	93	96	99	701	6	0
11/04/2015 10:10	150	104	81	74	73	90	572	6	0
11/04/2015 10:15	160	111	79	88	80	89	607	6	0
11/04/2015 10:20	150	116	70	74	84	74	568	6	0
11/04/2015 10:25	179	120	87	106	111	73	676	6	0
11/04/2015 10:30	194	119	96	90	100	76	675	6	0
11/04/2015 10:35	205	124	89	79	78	76	651	6	0
11/04/2015 10:40	176	125	87	100	108	80	676	6	0
11/04/2015 10:45	173	110	89	93	104	80	649	6	0
11/04/2015 10:50	163	123	59	96	86	64	591	6	0
11/04/2015 10:55	183	123	91	110	116	67	690	6	0
11/04/2015 11:00	154	96	89	80	97	61	577	6	0
11/04/2015 11:05	170	124	70	97	103	61	625	6	0
11/04/2015 11:10	169	119	73	86	110	60	617	6	0
11/04/2015 11:15	170	123	97	94	117	63	664	6	0
11/04/2015 11:20	187	133	119	111	116	50	716	6	0
11/04/2015 11:25	201	124	101	106	124	56	712	6	0
11/04/2015 11:30	167	113	96	97	90	61	624	6	0
11/04/2015 11:35	184	123	93	104	111	59	674	6	0
11/04/2015 11:40	154	120	66	111	124	57	632	6	0
11/04/2015 11:45	189	127	106	101	130	59	712	6	0
11/04/2015 11:50	193	124	74	103	119	47	660	6	0
11/04/2015 11:55	196	129	94	111	133	50	713	6	0
11/04/2015 12:00	186	130	114	114	116	56	716	6	0
11/04/2015 12:05	196	124	99	113	119	46	697	6	0
11/04/2015 12:10	154	101	100	107	107	57	626	6	0
11/04/2015 12:15	180	124	103	108	111	59	685	6	0
11/04/2015 12:20	184	123	119	109	121	37	693	6	0
11/04/2015 12:25	203	149	126	126	114	51	769	6	0
11/04/2015 12:30	219	150	120	119	110	53	771	6	0
11/04/2015 12:35	216	139	121	123	123	46	768	6	0
11/04/2015 12:40	206	157	126	120	121	50	780	6	0
11/04/2015 12:45	199	144	126	130	124	50	773	6	0
11/04/2015 12:50	204	147	113	113	116	41	734	6	0
11/04/2015 12:55	209	147	121	126	114	47	764	6	0
11/04/2015 13:00	226	147	126	128	109	24	760	6	0
11/04/2015 13:05	234	136	111	100	107	24	712	6	0
11/04/2015 13:10	219	164	134	130	114	27	788	6	0
11/04/2015 13:15	259	164	129	117	90	40	799	6	0
11/04/2015 13:20	239	154	126	104	89	33	745	6	0
11/04/2015 13:25	226	166	134	120	90	28	764	6	0
11/04/2015 13:30	246	161	138	107	88	27	767	6	0
11/04/2015 13:35	275	163	120	110	64	19	751	6	0
11/04/2015 13:40	265	167	133	109	73	23	770	6	0
11/04/2015 13:45	259	146	128	120	77	20	750	6	0
11/04/2015 13:50	257	165	120	95	83	13	733	6	0
11/04/2015 13:55	257	170	129	116	80	20	772	6	0
11/04/2015 14:00	280	166	133	110	70	16	775	6	0
11/04/2015 14:05	264	161	121	102	81	21	750	6	0
11/04/2015 14:10	266	172	130	109	94	23	794	6	0
11/04/2015 14:15	266	149	128	105	87	23	758	6	0
11/04/2015 14:20	266	160	126	113	63	25	753	6	0
11/04/2015 14:25	237	158	133	106	74	23	731	6	0
11/04/2015 14:30	254	170	126	115	84	23	772	6	0
11/04/2015 14:35	259	147	127	126	70	16	745	6	0
11/04/2015 14:40	259	161	130	107	76	30	763	6	0
11/04/2015 14:45	250	156	131	109	66	27	739	6	0
11/04/2015 14:50	247	173	123	114	83	19	759	6	0
11/04/2015 14:55	257	169	131	101	73	22	753	6	0
11/04/2015 15:00	254	154	129	100	62	19	718	6	0
11/04/2015 15:05	254	148	118	93	61	18	692	6	0
11/04/2015 15:10	243	144	110	91	61	17	666	6	0
11/04/2015 15:15	253	164	117	99	58	25	716	6	0
11/04/2015 15:20	270	157	120	115	54	24	740	6	0
11/04/2015 15:25	270	160	107	103	54	21	715	6	0
11/04/2015 15:30	253	164	131	86	54	21	709	6	0
11/04/2015 15:35	270	153	127	97	61	21	729	6	0
11/04/2015 15:40	277	166	114	90	56	17	720	6	0
11/04/2015 15:45	251	161	120	80	60	21	693	6	0
11/04/2015 15:50	268	150	110	84	60	20	692	6	0
11/04/2015 15:55	259	164	116	96	54	21	710	6	0
11/04/2015 16:00	276	153	102	99	60	21	711	6	0
11/04/2015 16:05	256	150	116	97	55	23	697	6	0
11/04/2015 16:10	250	151	107	93	66	20	687	6	0
11/04/2015 16:15	256	151	111	90	64	20	692	6	0
11/04/2015 16:20	267	168	123	97	63	26	744	6	0
11/04/2015 16:25	266	151	109	95	57	23	701	6	0
11/04/2015 16:30	269	160	113	96	63	19	720	6	0
11/04/2015 16:35	244	145	109	91	71	27	687	6	0
11/04/2015 16:40	269	147	126	100	63	24	729	6	0
11/04/2015 16:45	269	157	118	98	70	17	729	6	0
11/04/2015 16:50	268	158	113	87	69	26	721	6	0
11/04/2015 16:55	270	153	119	97	62	25	726	6	0
11/04/2015 17:00	271	161	121	94	56	16	719	6	0
11/04/2015 17:05	286	168	113	100	73	28	768	6	0
11/04/2015 17:10	278	167	118	97	62	29	751	6	0
11/04/2015 17:15	263	154	111	100	71	28	727	6	0
11/04/2015 17:20	266	155	120	106	76	31	754	6	0
11/04/2015 17:25	274	156	136	111	71	37	785	6	0
11/04/2015 17:30	261	141	99	106	66	34	707	6	0
11/04/2015 17:35	247	150	117	107	70	33	724	6	0
11/04/2015 17:40	257	163	110	107	75	27	739	6	0
11/04/2015 17:45	252	150	123	103	80	33	741	6	0
11/04/2015 17:50	267	154	126	121	84	33	785	6	0
11/04/2015 17:55	259	164	126	88	75	33	745	6	0
11/04/2015 18:00	272	157	125	105	76	29	764	6	0
11/04/2015 18:05	273	163	133	99	76	27	771	6	0
11/04/2015 18:10	280	181	123	113	80	33	810	6	0
11/04/2015 18:15	263	146	118	118	92	27	764	6	0
11/04/2015 18:20	253	156	127	113	107	21	777	6	0
11/04/2015 18:25	266	158	130	103	71	37	765	6	0
11/04/2015 18:30	283	156	120	114	93	33	799	6	0
11/04/2015 18:35	273	160	129	96	83	41	782	6	0
11/04/2015 18:40	271	167	106	110	63	37	754	6	0
11/04/2015 18:45	288	144	117	106	80	31	766	6	0
11/04/2015 18:50	267	150	113	93	55	31	709	6	0
11/04/2015 18:55	278	143	104	95	64	26	710	6	0
11/04/2015 19:00	243	163	117	111	64	27	725	6	0
11/04/2015 19:05	246	163	110	110	77	20	726	6	0
11/04/2015 19:10	261	164	122	104	65	20	736	6	0
11/04/2015 19:15	233	157	116	110	70	26	712	6	0
11/04/2015 19:20	251	156	124	100	54	27	712	6	0
11/04/2015 19:25	270	176	137	111	84	20	798	6	0
11/04/2015 19:30	250	154	116	100	61	15	696	6	0
11/04/2015 19:35	269	144	113	100	63	17	706	6	0
11/04/2015 19:40	243	149	126	89	59	13	679	6	0
11/04/2015 19:45	254	154	100	90	57	12	667	6	0
11/04/2015 19:50	260	168	110	83	47	14	682	6	0
11/04/2015 19:55	244	136	104	84	42	8	618	6	0
11/04/2015 20:00	261	139	97	83	50	10	640	6	0
11/04/2015 20:05	232	140	98	77	56	10	613	6	0
11/04/2015 20:10	251	121	99	66	46	7	590	6	0
11/04/2015 20:15	245	128	100	65	49	10	597	6	0
11/04/2015 20:20	239	124	97	77	53	13	603	6	0
11/04/2015 20:25	251	137	106	71	44	11	620	6	0
11/04/2015 20:30	237	136	105	81	40	15	614	6	0
11/04/2015 20:35	229	126	103	71	33	15	577	6	0
11/04/2015 20:40	236	119	97	71	41	13	577	6	0
11/04/2015 20:45	224	136	97	67	34	13	571	6	0
11/04/2015 20:50	233	120	89	65	34	5	546	6	0
11/04/2015 20:55	243	127	88	66	36	10	570	6	0
11/04/2015 21:00	235	121	87	70	38	10	561	6	0
11/04/2015 21:05	236	120	94	54	35	12	551	6	0
11/04/2015 21:10	244	120	90	63	34	11	562	6	0
11/04/2015 21:15	228	123	79	61	27	13	531	6	0
11/04/2015 21:20	233	130	86	44	27	8	528	6	0
11/04/2015 21:25	236	127	90	63	33	13	562	6	0
11/04/2015 21:30	226	106	79	63	33	11	518	6	0
11/04/2015 21:35	241	116	83	64	39	17	560	6	0
11/04/2015 21:40	220	123	80	65	29	7	524	6	0
11/04/2015 21:45	221	113	87	67	36	10	534	6	0
11/04/2015 21:50	225	104	86	55	36	7	513	6	0
11/04/2015 21:55	223	107	77	51	31	9	498	6	0
11/04/2015 22:00	225	113	74	51	30	7	500	6	0
11/04/2015 22:05	222	97	74	51	27	10	481	6	0
11/04/2015 22:10	223	105	77	42	21	6	474	6	0
11/04/2015 22:15	211	94	76	50	24	8	463	6	0
11/04/2015 22:20	220	110	80	50	25	7	492	6	0
11/04/2015 22:25	237	105	84	45	23	3	497	6	0
11/04/2015 22:30	209	107	69	43	26	8	462	6	0
11/04/2015 22:35	208	93	75	48	23	9	456	6	0
11/04/2015 22:40	230	107	80	51	24	9	501	6	0
11/04/2015 22:45	210	104	73	39	17	4	447	6	0
11/04/2015 22:50	232	96	60	41	14	8	451	6	0
11/04/2015 22:55	186	83	53	46	21	4	393	6	0
11/04/2015 23:00	193	89	70	39	14	9	414	6	0
11/04/2015 23:05	185	80	56	32	11	5	369	6	0
11/04/2015 23:10	180	83	57	31	14	4	369	6	0
11/04/2015 23:15	191	90	54	32	13	6	386	6	0
11/04/2015 23:20	203	77	53	36	14	9	392	6	0
11/04/2015 23:25	190	77	54	35	17	1	374	6	0
11/04/2015 23:30	174	87	47	27	11	1	347	6	0
11/04/2015 23:35	173	80	50	33	10	1	347	6	0
11/04/2015 23:40	177	60	50	28	6	6	327	6	0
11/04/2015 23:45	200	76	41	23	11	3	354	6	0
11/04/2015 23:50	181	80	45	21	12	2	341	6	0
11/04/2015 23:55	193	60	43	15	10	1	322	6	0
11/05/2015 00:00	183	59	43	14	8	1	308	6	0
11/05/2015 00:05	184	58	32	14	12	3	303	6	0
11/05/2015 00:10	173	55	33	14	9	3	287	6	0
11/05/2015 00:15	178	59	36	15	9	2	299	6	0
11/05/2015 00:20	166	46	30	20	7	2	271	6	0
11/05/2015 00:25	179	65	31	13	6	4	298	6	0
11/05/2015 00:30	166	55	34	13	6	3	277	6	0
11/05/2015 00:35	182	47	27	16	3	1	276	6	0
11/05/2015 00:40	172	60	29	15	6	1	283	6	0
11/05/2015 00:45	158	49	30	10	7	2	256	6	0
11/05/2015 00:50	157	46	25	16	5	3	252	6	0
11/05/2015 00:55	175	53	31	13	7	3	282	6	0
11/05/2015 01:00	10	11	10	10	9	7	57	6	0
11/05/2015 01:05	10	12	10	10	9	7	58	6	0
11/05/2015 01:10	10	12	10	11	10	7	60	6	0
11/05/2015 01:15	153	45	24	7	3	0	232	6	0
11/05/2015 01:20	160	53	26	9	4	3	255	6	0
11/05/2015 01:25	185	46	26	9	3	3	272	6	0
11/05/2015 01:30	165	39	21	14	3	1	243	6	0
11/05/2015 01:35	156	43	26	10	4	0	239	6	0
11/05/2015 01:40	151	44	31	9	3	1	239	6	0
11/05/2015 01:45	154	47	25	13	4	1	244	6	0
11/05/2015 01:50	160	46	25	10	1	1	243	6	0
11/05/2015 01:55	150	43	24	10	1	0	228	6	0
11/05/2015 02:00	159	42	23	10	4	1	239	6	0
11/05/2015 02:05	151	36	20	10	3	0	220	6	0
11/05/2015 02:10	159	55	26	6	3	0	249	6	0
11/05/2015 02:15	170	38	16	7	3	1	235	6	0
11/05/2015 02:20	151	44	18	4	3	0	220	6	0
11/05/2015 02:25	164	47	23	4	1	0	239	6	0
11/05/2015 02:30	154	49	19	5	1	0	228	6	0
11/05/2015 02:35	169	41	23	10	1	1	245	6	0
11/05/2015 02:40	167	48	24	10	1	0	250	6	0
11/05/2015 02:45	177	44	23	8	3	1	256	6	0
11/05/2015 02:50	174	41	21	10	1	0	247	6	0
11/05/2015 02:55	164	37	27	4	4	0	236	6	0
11/05/2015 03:00	174	44	27	8	6	1	260	6	0
11/05/2015 03:05	170	57	20	6	7	1	261	6	0
11/05/2015 03:10	154	50	29	9	5	3	250	6	0
11/05/2015 03:15	179	34	31	10	9	1	264	6	0
11/05/2015 03:20	148	47	30	9	1	0	235	6	0
11/05/2015 03:25	177	60	27	14	4	1	283	6	0
11/05/2015 03:30	174	51	27	11	3	0	266	6	0
11/05/2015 03:35	160	59	31	17	3	1	271	6	0
11/05/2015 03:40	171	56	33	16	7	5	288	6	0
11/05/2015 03:45	168	52	34	23	8	1	286	6	0
11/05/2015 03:50	191	64	33	17	6	2	313	6	0
11/05/2015 03:55	197	58	34	18	7	2	316	6	0
11/05/2015 04:00	165	72	38	19	10	1	305	6	0
11/05/2015 04:05	191	70	28	20	7	1	317	6	0
11/05/2015 04:10	211	83	44	23	9	3	373	6	0
11/05/2015 04:15	180	62	52	21	13	4	332	6	0
11/05/2015 04:20	223	109	56	36	10	4	438	6	0
11/05/2015 04:25	223	92	61	40	19	4	439	6	0
11/05/2015 04:30	214	95	57	33	17	3	419	6	0
11/05/2015 04:35	233	97	72	43	18	3	466	6	0
11/05/2015 04:40	242	105	75	48	23	3	496	6	0
11/05/2015 04:45	233	102	80	50	30	3	498	6	0
11/05/2015 04:50	232	121	76	51	22	6	508	6	0
11/05/2015 04:55	252	104	72	56	27	3	514	6	0
11/05/2015 05:00	244	112	83	60	35	3	537	6	0
11/05/2015 05:05	257	139	77	60	30	5	568	6	0
11/05/2015 05:10	284	143	112	74	43	6	662	6	0
11/05/2015 05:15	290	148	111	84	53	8	694	6	0
11/05/2015 05:20	319	178	126	103	56	7	789	6	0
11/05/2015 05:25	260	179	146	130	85	14	814	6	0
11/05/2015 05:30	280	187	152	121	113	19	872	6	0
11/05/2015 05:35	271	175	155	137	120	17	875	6	0
11/05/2015 05:40	254	177	144	153	133	29	890	6	0
11/05/2015 05:45	232	168	151	139	147	27	864	6	0
11/05/2015 05:50	249	161	143	153	143	37	886	6	0
11/05/2015 05:55	231	152	141	140	129	32	825	6	0
11/05/2015 06:00	223	153	127	139	143	45	830	6	0
11/05/2015 06:05	185	153	137	135	134	54	798	6	0
11/05/2015 06:10	202	152	124	132	140	78	828	6	0
11/05/2015 06:15	196	134	122	121	118	89	780	6	0
11/05/2015 06:20	191	149	110	107	110	83	750	6	0
11/05/2015 06:25	194	131	113	114	110	104	766	6	0
11/05/2015 06:30	202	127	111	107	111	107	765	6	0
11/05/2015 06:35	180	126	115	105	101	109	736	6	0
11/05/2015 06:40	187	132	99	100	91	103	712	6	0
11/05/2015 06:45	174	126	88	87	89	98	662	6	0
11/05/2015 06:50	160	108	97	88	101	103	657	6	0
11/05/2015 06:55	179	121	97	103	101	97	698	6	0
11/05/2015 07:00	166	116	89	91	98	105	665	6	0
11/05/2015 07:05	187	121	91	86	97	100	682	6	0
11/05/2015 07:10	163	109	89	86	85	98	630	6	0
11/05/2015 07:15	177	123	103	91	100	104	698	6	0
11/05/2015 07:20	186	127	109	91	90	97	700	6	0
11/05/2015 07:25	176	119	93	98	103	95	684	6	0
11/05/2015 07:30	126	107	80	87	87	103	590	6	0
11/05/2015 07:35	170	116	97	101	102	117	703	6	0
11/05/2015 07:40	183	121	96	93	103	110	706	6	0
11/05/2015 07:45	189	126	97	104	97	114	727	6	0
11/05/2015 07:50	167	109	104	92	88	98	658	6	0
11/05/2015 07:55	157	113	91	98	93	98	650	6	0
11/05/2015 08:00	147	108	83	87	86	96	607	6	0
11/05/2015 08:05	157	103	89	86	92	99	626	6	0
11/05/2015 08:10	176	123	110	96	95	110	710	6	0
11/05/2015 08:15	120	101	65	67	63	65	481	6	0
11/05/2015 08:20	166	106	89	83	89	80	613	6	0
11/05/2015 08:25	179	124	109	97	103	109	721	6	0
11/05/2015 08:30	177	120	104	91	102	107	701	6	0
11/05/2015 08:35	183	136	107	90	107	101	724	6	0
11/05/2015 08:40	133	100	93	80	68	78	552	6	0
11/05/2015 08:45	175	124	100	100	103	110	712	6	0
11/05/2015 08:50	188	122	92	93	92	90	677	6	0
11/05/2015 08:55	138	117	92	88	82	95	612	6	0
11/05/2015 09:00	139	104	89	79	76	91	578	6	0
11/05/2015 09:05	197	137	111	99	90	113	747	6	0
11/05/2015 09:10	182	119	103	103	103	117	727	6	0
11/05/2015 09:15	145	106	77	76	66	80	550	6	0
11/05/2015 09:20	153	112	96	88	103	107	659	6	0
11/05/2015 09:25	158	111	86	81	85	91	612	6	0
11/05/2015 09:30	152	121	74	91	105	103	646	6	0
11/05/2015 09:35	205	114	94	93	109	114	729	6	0
11/05/2015 09:40	173	120	1	92	95	111	592	6	0
11/05/2015 09:45	164	109	2	88	83	98	544	6	0
11/05/2015 09:50	185	123	0	97	91	104	600	6	0
11/05/2015 09:55	180	120	0	94	93	90	577	6	0
11/05/2015 10:00	160	106	0	88	93	95	542	6	0
11/05/2015 10:05	160	101	45	87	85	90	568	6	0
11/05/2015 10:10	168	121	80	92	90	95	646	6	0
11/05/2015 10:15	177	100	73	93	91	91	625	6	0
11/05/2015 10:20	163	119	91	89	90	103	655	6	0
11/05/2015 10:25	187	127	97	100	96	93	700	6	0
11/05/2015 10:30	156	108	90	85	86	96	621	6	0
11/05/2015 10:35	187	131	95	99	101	85	698	6	0
11/05/2015 10:40	163	110	77	81	77	81	589	6	0
11/05/2015 10:45	177	128	107	87	113	70	682	6	0
11/05/2015 10:50	158	107	88	100	107	67	627	6	0
11/05/2015 10:55	177	111	84	91	86	61	610	6	0
11/05/2015 11:00	184	123	89	89	86	59	630	6	0
11/05/2015 11:05	174	128	97	110	121	61	691	6	0
11/05/2015 11:10	167	110	97	101	103	50	628	6	0
11/05/2015 11:15	163	125	103	98	101	59	649	6	0
11/05/2015 11:20	194	126	103	105	109	63	700	6	0
11/05/2015 11:25	173	115	100	106	120	51	665	6	0
11/05/2015 11:30	188	140	105	117	120	64	734	6	0
11/05/2015 11:35	180	124	107	109	110	50	680	6	0
11/05/2015 11:40	181	130	114	120	133	49	727	6	0
11/05/2015 11:45	148	115	87	107	124	56	637	6	0
11/05/2015 11:50	120	129	79	80	99	61	568	6	0
11/05/2015 11:55	200	138	101	121	113	47	720	6	0
11/05/2015 12:00	199	132	113	102	123	47	716	6	0
11/05/2015 12:05	173	121	97	103	97	59	650	6	0
11/05/2015 12:10	186	117	99	113	124	46	685	6	0
11/05/2015 12:15	183	130	114	117	121	37	702	6	0
11/05/2015 12:20	199	141	114	119	120	45	738	6	0
11/05/2015 12:25	220	152	119	127	126	42	786	6	0
11/05/2015 12:30	209	138	120	122	114	47	750	6	0
11/05/2015 12:35	199	140	121	120	117	43	740	6	0
11/05/2015 12:40	170	104	104	111	113	36	638	6	0
11/05/2015 12:45	219	141	123	117	114	39	753	6	0
11/05/2015 12:50	221	157	129	116	114	37	774	6	0
11/05/2015 12:55	199	139	130	116	112	24	720	6	0
11/05/2015 13:00	224	142	140	124	108	41	779	6	0
11/05/2015 13:05	209	146	124	116	104	37	736	6	0
11/05/2015 13:10	261	155	126	96	96	19	753	6	0
11/05/2015 13:15	236	133	126	107	113	25	740	6	0
11/05/2015 13:20	234	144	122	126	94	30	750	6	0
11/05/2015 13:25	216	145	136	116	109	33	755	6	0
11/05/2015 13:30	226	157	127	133	113	33	789	6	0
11/05/2015 13:35	220	171	125	122	101	19	758	6	0
11/05/2015 13:40	250	144	115	115	99	28	751	6	0
11/05/2015 13:45	271	167	124	113	83	20	778	6	0
11/05/2015 13:50	261	164	140	110	73	23	771	6	0
11/05/2015 13:55	287	150	121	105	72	17	752	6	0
11/05/2015 14:00	264	115	114	106	71	29	699	6	0
11/05/2015 14:05	269	160	130	109	87	26	781	6	0
11/05/2015 14:10	253	156	128	109	72	19	737	6	0
11/05/2015 14:15	251	172	126	123	79	21	772	6	0
11/05/2015 14:20	207	159	146	116	89	28	745	6	0
11/05/2015 14:25	218	156	122	111	120	27	754	6	0
11/05/2015 14:30	197	161	123	130	113	25	749	6	0
11/05/2015 14:35	200	167	129	138	85	30	749	6	0
11/05/2015 14:40	252	154	133	112	103	27	781	6	0
11/05/2015 14:45	253	156	126	117	85	31	768	6	0
11/05/2015 14:50	250	154	125	121	71	17	738	6	0
11/05/2015 14:55	256	156	113	100	64	20	709	6	0
11/05/2015 15:00	266	155	120	94	67	20	722	6	0
11/05/2015 15:05	253	153	112	93	65	22	698	6	0
11/05/2015 15:10	261	148	125	94	54	20	702	6	0
11/05/2015 15:15	243	157	130	89	61	24	704	6	0
11/05/2015 15:20	255	148	112	85	50	22	672	6	0
11/05/2015 15:25	244	135	108	97	55	21	660	6	0
11/05/2015 15:30	246	147	115	87	59	20	674	6	0
11/05/2015 15:35	262	156	118	87	57	23	703	6	0
11/05/2015 15:40	266	166	134	97	67	21	751	6	0
11/05/2015 15:45	263	150	111	87	64	20	695	6	0
11/05/2015 15:50	250	145	103	87	60	24	669	6	0
11/05/2015 15:55	257	157	100	87	53	23	677	6	0
11/05/2015 16:00	250	147	105	90	63	27	682	6	0
11/05/2015 16:05	253	156	124	84	59	20	696	6	0
11/05/2015 16:10	250	154	123	93	66	24	710	6	0
11/05/2015 16:15	273	156	117	103	61	30	740	6	0
11/05/2015 16:20	264	151	105	100	54	19	693	6	0
11/05/2015 16:25	262	160	100	87	57	23	689	6	0
11/05/2015 16:30	270	168	126	88	71	23	746	6	0
11/05/2015 16:35	271	156	112	95	62	17	713	6	0
11/05/2015 16:40	280	150	116	91	64	26	727	6	0
11/05/2015 16:45	256	153	124	92	63	27	715	6	0
11/05/2015 16:50	254	162	115	88	47	21	687	6	0
11/05/2015 16:55	273	165	129	90	69	20	746	6	0
11/05/2015 17:00	264	161	119	96	56	30	726	6	0
11/05/2015 17:05	267	158	113	93	66	20	717	6	0
11/05/2015 17:10	280	152	117	108	80	24	761	6	0
11/05/2015 17:15	276	158	118	107	65	27	751	6	0
11/05/2015 17:20	257	156	123	101	70	24	731	6	0
11/05/2015 17:25	266	155	130	101	74	29	755	6	0
11/05/2015 17:30	271	162	126	105	75	30	769	6	0
11/05/2015 17:35	269	167	132	99	64	36	767	6	0
11/05/2015 17:40	272	158	131	109	74	30	774	6	0
11/05/2015 17:45	266	162	117	83	70	28	726	6	0
11/05/2015 17:50	265	160	134	107	77	23	766	6	0
11/05/2015 17:55	263	157	120	97	77	31	745	6	0
11/05/2015 18:00	273	162	130	101	68	24	758	6	0
11/05/2015 18:05	287	174	133	112	77	32	815	6	0
11/05/2015 18:10	269	156	130	106	81	28	770	6	0
11/05/2015 18:15	266	168	130	99	76	25	764	6	0
11/05/2015 18:20	279	164	128	112	71	32	786	6	0
11/05/2015 18:25	262	178	123	103	72	33	771	6	0
11/05/2015 18:30	272	165	139	100	71	22	769	6	0
11/05/2015 18:35	253	159	121	103	68	18	722	6	0
11/05/2015 18:40	268	167	130	100	79	22	766	6	0
11/05/2015 18:45	267	162	113	95	73	29	739	6	0
11/05/2015 18:50	263	186	134	109	83	27	802	6	0
11/05/2015 18:55	278	161	134	116	70	23	782	6	0
11/05/2015 19:00	280	162	130	102	82	27	783	6	0
11/05/2015 19:05	262	152	125	100	65	17	721	6	0
11/05/2015 19:10	256	164	125	100	75	20	740	6	0
11/05/2015 19:15	267	159	130	88	56	25	725	6	0
11/05/2015 19:20	267	158	127	98	76	20	746	6	0
11/05/2015 19:25	273	153	115	100	68	11	720	6	0
11/05/2015 19:30	260	152	120	99	63	19	713	6	0
11/05/2015 19:35	270	167	123	103	65	11	739	6	0
11/05/2015 19:40	290	172	126	103	61	16	768	6	0
11/05/2015 19:45	266	162	120	105	58	15	726	6	0
11/05/2015 19:50	270	158	105	100	65	21	719	6	0
11/05/2015 19:55	251	145	113	90	42	13	654	6	0
11/05/2015 20:00	257	129	104	79	47	18	634	6	0
11/05/2015 20:05	232	133	105	78	52	14	614	6	0
11/05/2015 20:10	233	131	90	70	51	14	589	6	0
11/05/2015 20:15	224	137	94	83	57	13	608	6	0
11/05/2015 20:20	236	138	104	83	50	13	624	6	0
11/05/2015 20:25	247	132	93	73	51	11	607	6	0
11/05/2015 20:30	250	128	98	74	41	13	604	6	0
11/05/2015 20:35	226	128	93	70	40	10	567	6	0
11/05/2015 20:40	230	131	84	63	43	9	560	6	0
11/05/2015 20:45	236	110	85	63	39	11	544	6	0
11/05/2015 20:50	223	125	82	67	34	8	539	6	0
11/05/2015 20:55	255	129	89	60	39	11	583	6	0
11/05/2015 21:00	238	130	101	69	30	10	578	6	0
11/05/2015 21:05	237	120	94	74	36	9	570	6	0
11/05/2015 21:10	250	129	94	79	38	10	600	6	0
11/05/2015 21:15	234	128	95	76	32	9	574	6	0
11/05/2015 21:20	243	136	102	77	42	10	610	6	0
11/05/2015 21:25	229	126	87	65	40	17	564	6	0
11/05/2015 21:30	235	129	100	69	38	12	583	6	0
11/05/2015 21:35	243	125	93	80	39	10	590	6	0
11/05/2015 21:40	238	126	97	71	34	13	579	6	0
11/05/2015 21:45	236	112	91	60	34	13	546	6	0
11/05/2015 21:50	234	126	94	65	36	10	565	6	0
11/05/2015 21:55	220	114	91	66	27	9	527	6	0
11/05/2015 22:00	232	112	75	62	32	7	520	6	0
11/05/2015 22:05	216	115	79	59	25	7	501	6	0
11/05/2015 22:10	251	113	86	52	30	13	545	6	0
11/05/2015 22:15	233	122	96	68	27	9	555	6	0
11/05/2015 22:20	224	115	90	59	33	5	526	6	0
11/05/2015 22:25	204	103	77	58	33	7	482	6	0
11/05/2015 22:30	233	117	87	57	22	9	525	6	0
11/05/2015 22:35	217	108	86	59	25	7	502	6	0
11/05/2015 22:40	228	115	65	52	28	9	497	6	0
11/05/2015 22:45	217	109	78	58	23	4	489	6	0
11/05/2015 22:50	214	124	70	43	21	9	481	6	0
11/05/2015 22:55	194	91	69	44	23	7	428	6	0
11/05/2015 23:00	188	102	68	40	15	5	418	6	0
11/05/2015 23:05	196	78	56	36	15	4	385	6	0
11/05/2015 23:10	206	89	60	37	20	10	422	6	0
11/05/2015 23:15	203	87	52	37	13	6	398	6	0
11/05/2015 23:20	190	94	69	26	21	7	407	6	0
11/05/2015 23:25	219	88	53	33	16	4	413	6	0
11/05/2015 23:30	189	81	51	33	13	3	370	6	0
11/05/2015 23:35	188	69	54	37	8	1	357	6	0
11/05/2015 23:40	191	78	52	33	16	0	370	6	0
11/05/2015 23:45	190	75	37	35	13	3	353	6	0
11/05/2015 23:50	190	77	47	30	9	1	354	6	0
11/05/2015 23:55	169	77	53	25	12	2	338	6	0
11/06/2015 00:00	191	65	45	24	8	4	337	6	0
11/06/2015 00:05	167	68	44	26	7	4	316	6	0
11/06/2015 00:10	182	72	40	17	8	3	322	6	0
11/06/2015 00:15	179	64	38	16	6	3	306	6	0
11/06/2015 00:20	176	70	28	17	6	3	300	6	0
11/06/2015 00:25	167	50	42	15	7	3	284	6	0
11/06/2015 00:30	184	63	38	14	8	2	309	6	0
11/06/2015 00:35	163	46	30	13	4	2	258	6	0
11/06/2015 00:40	187	55	40	15	12	2	311	6	0
11/06/2015 00:45	170	60	27	17	7	3	284	6	0
11/06/2015 00:50	173	57	37	20	9	4	300	6	0
11/06/2015 00:55	189	56	30	13	5	2	295	6	0
11/06/2015 01:00	12	14	13	13	12	9	73	6	0
11/06/2015 01:05	13	15	13	14	13	10	78	6	0
11/06/2015 01:10	14	16	14	14	13	10	81	6	0
11/06/2015 01:15	164	54	24	13	7	1	263	6	0
11/06/2015 01:20	176	56	29	10	4	0	275	6	0
11/06/2015 01:25	184	57	27	11	6	3	288	6	0
11/06/2015 01:30	166	49	20	13	3	1	252	6	0
11/06/2015 01:35	181	53	24	12	5	0	275	6	0
11/06/2015 01:40	180	52	15	13	5	2	267	6	0
11/06/2015 01:45	153	59	33	15	3	1	264	6	0
11/06/2015 01:50	155	60	32	15	2	0	264	6	0
11/06/2015 01:55	173	50	27	9	4	1	264	6	0
11/06/2015 02:00	164	46	20	20	5	2	257	6	0
11/06/2015 02:05	173	46	33	10	4	0	266	6	0
11/06/2015 02:10	190	45	28	15	4	2	284	6	0
11/06/2015 02:15	170	46	27	11	6	2	262	6	0
11/06/2015 02:20	152	50	23	7	3	1	236	6	0
11/06/2015 02:25	174	47	15	10	1	0	247	6	0
11/06/2015 02:30	160	37	28	11	4	0	240	6	0
11/06/2015 02:35	166	50	30	10	3	0	259	6	0
11/06/2015 02:40	173	47	27	13	3	0	263	6	0
11/06/2015 02:45	180	50	27	10	5	0	272	6	0
11/06/2015 02:50	158	57	25	10	8	1	259	6	0
11/06/2015 02:55	184	52	27	9	4	1	277	6	0
11/06/2015 03:00	171	47	33	9	6	1	267	6	0
11/06/2015 03:05	164	53	28	17	6	0	268	6	0
11/06/2015 03:10	169	64	37	8	10	1	289	6	0
11/06/2015 03:15	161	57	27	14	6	0	265	6	0
11/06/2015 03:20	177	51	24	13	7	2	274	6	0
11/06/2015 03:25	184	60	27	14	6	3	294	6	0
11/06/2015 03:30	189	44	27	10	7	2	279	6	0
11/06/2015 03:35	189	53	35	11	9	1	298	6	0
11/06/2015 03:40	183	69	28	22	12	3	317	6	0
11/06/2015 03:45	187	67	34	23	7	1	319	6	0
11/06/2015 03:50	190	64	30	20	7	1	312	6	0
11/06/2015 03:55	201	67	27	19	5	1	320	6	0
11/06/2015 04:00	171	73	32	16	11	3	306	6	0
11/06/2015 04:05	199	83	39	17	6	3	347	6	0
11/06/2015 04:10	205	69	48	26	11	3	362	6	0
11/06/2015 04:15	192	76	50	20	14	4	356	6	0
11/06/2015 04:20	213	75	48	25	19	2	382	6	0
11/06/2015 04:25	206	87	53	33	17	5	401	6	0
11/06/2015 04:30	211	92	48	33	14	3	401	6	0
11/06/2015 04:35	237	92	68	32	23	3	455	6	0
11/06/2015 04:40	235	100	60	47	22	10	474	6	0
11/06/2015 04:45	242	107	74	43	23	3	492	6	0
11/06/2015 04:50	248	103	70	42	20	7	490	6	0
11/06/2015 04:55	230	117	67	55	31	6	506	6	0
11/06/2015 05:00	233	109	75	54	30	0	501	6	0
11/06/2015 05:05	251	113	77	67	30	4	542	6	0
11/06/2015 05:10	267	142	109	72	36	7	633	6	0
11/06/2015 05:15	267	158	106	77	49	9	666	6	0
11/06/2015 05:20	293	166	130	95	53	12	749	6	0
11/06/2015 05:25	283	176	123	96	69	12	759	6	0
11/06/2015 05:30	250	164	121	134	81	13	763	6	0
11/06/2015 05:35	265	168	127	134	99	17	810	6	0
11/06/2015 05:40	283	181	146	149	127	21	907	6	0
11/06/2015 05:45	249	157	127	134	133	20	820	6	0
11/06/2015 05:50	252	180	150	143	127	23	875	6	0
11/06/2015 05:55	214	152	137	130	131	30	794	6	0
11/06/2015 06:00	232	146	134	137	132	44	825	6	0
11/06/2015 06:05	211	150	127	129	136	56	809	6	0
11/06/2015 06:10	219	150	129	123	116	58	795	6	0
11/06/2015 06:15	217	137	120	118	122	80	794	6	0
11/06/2015 06:20	218	133	114	111	123	83	782	6	0
11/06/2015 06:25	189	141	121	104	121	93	769	6	0
11/06/2015 06:30	222	140	131	114	119	89	815	6	0
11/06/2015 06:35	199	134	114	104	107	100	758	6	0
11/06/2015 06:40	186	123	110	101	110	97	727	6	0
11/06/2015 06:45	183	128	113	100	104	109	737	6	0
11/06/2015 06:50	189	121	96	106	109	103	724	6	0
11/06/2015 06:55	187	120	106	100	99	99	711	6	0
11/06/2015 07:00	186	113	103	104	96	104	706	6	0
11/06/2015 07:05	167	108	95	87	90	103	650	6	0
11/06/2015 07:10	179	123	101	91	107	109	710	6	0
11/06/2015 07:15	173	107	100	95	98	97	670	6	0
11/06/2015 07:20	163	104	100	90	90	100	647	6	0
11/06/2015 07:25	187	113	104	97	100	109	710	6	0
11/06/2015 07:30	169	116	83	99	106	109	682	6	0
11/06/2015 07:35	190	119	106	96	99	109	719	6	0
11/06/2015 07:40	183	128	99	107	102	113	732	6	0
11/06/2015 07:45	166	113	90	81	89	97	636	6	0
11/06/2015 07:50	169	113	87	96	90	93	648	6	0
11/06/2015 07:55	161	113	92	83	88	97	634	6	0
11/06/2015 08:00	157	110	94	84	100	101	646	6	0
11/06/2015 08:05	143	105	86	81	79	94	588	6	0
11/06/2015 08:10	168	105	83	91	90	97	634	6	0
11/06/2015 08:15	171	119	96	90	91	97	664	6	0
11/06/2015 08:20	146	103	89	93	99	106	636	6	0
11/06/2015 08:25	189	117	101	97	99	104	707	6	0
11/06/2015 08:30	170	121	99	94	84	101	669	6	0
11/06/2015 08:35	160	114	86	83	70	83	596	6	0
11/06/2015 08:40	171	109	91	89	103	97	660	6	0
11/06/2015 08:45	132	108	90	87	69	88	574	6	0
11/06/2015 08:50	160	117	89	86	86	91	629	6	0
11/06/2015 08:55	179	119	103	95	93	95	684	6	0
11/06/2015 09:00	174	115	96	90	85	96	656	6	0
11/06/2015 09:05	157	97	97	94	86	109	640	6	0
11/06/2015 09:10	161	118	79	73	80	87	598	6	0
11/06/2015 09:15	189	122	97	95	99	95	697	6	0
11/06/2015 09:20	174	104	89	100	109	104	680	6	0
11/06/2015 09:25	153	108	87	83	85	88	604	6	0
11/06/2015 09:30	183	120	90	77	72	84	626	6	0
11/06/2015 09:35	145	110	80	68	65	85	553	6	0
11/06/2015 09:40	164	109	81	87	96	94	631	6	0
11/06/2015 09:45	146	117	77	90	92	84	606	6	0
11/06/2015 09:50	151	117	84	91	83	77	603	6	0
11/06/2015 09:55	180	119	100	88	97	77	661	6	0
11/06/2015 10:00	143	103	88	77	85	81	577	6	0
11/06/2015 10:05	187	122	103	92	109	75	688	6	0
11/06/2015 10:10	162	108	89	94	90	77	620	6	0
11/06/2015 10:15	167	111	103	103	114	57	655	6	0
11/06/2015 10:20	160	106	83	84	74	66	573	6	0
11/06/2015 10:25	183	126	84	96	107	50	646	6	0
11/06/2015 10:30	174	117	100	101	117	53	662	6	0
11/06/2015 10:35	143	127	97	98	103	57	625	6	0
11/06/2015 10:40	154	103	80	74	93	69	573	6	0
11/06/2015 10:45	176	119	106	106	107	43	657	6	0
11/06/2015 10:50	136	108	86	88	110	49	577	6	0
11/06/2015 10:55	194	126	107	103	110	51	691	6	0
11/06/2015 11:00	176	124	113	103	114	44	674	6	0
11/06/2015 11:05	187	123	106	121	116	54	707	6	0
11/06/2015 11:10	189	135	110	105	110	38	687	6	0
11/06/2015 11:15	160	110	93	112	103	47	625	6	0
11/06/2015 11:20	189	121	119	99	119	50	697	6	0
11/06/2015 11:25	191	134	115	117	121	37	715	6	0
11/06/2015 11:30	209	160	124	106	116	35	750	6	0
11/06/2015 11:35	168	115	108	95	101	37	624	6	0
11/06/2015 11:40	206	139	109	116	106	51	727	6	0
11/06/2015 11:45	197	140	120	116	119	33	725	6	0
11/06/2015 11:50	206	147	119	113	107	40	732	6	0
11/06/2015 11:55	147	113	102	96	79	30	567	6	0
11/06/2015 12:00	193	128	117	113	90	30	671	6	0
11/06/2015 12:05	161	126	106	106	109	46	654	6	0
11/06/2015 12:10	200	150	114	110	107	33	714	6	0
11/06/2015 12:15	250	166	107	103	103	27	756	6	0
11/06/2015 12:20	233	153	114	111	113	30	754	6	0
11/06/2015 12:25	236	164	122	119	116	28	785	6	0
11/06/2015 12:30	205	133	107	126	120	34	725	6	0
11/06/2015 12:35	207	143	113	116	107	47	733	6	0
11/06/2015 12:40	279	151	103	116	94	34	777	6	0
11/06/2015 12:45	244	156	116	119	101	37	773	6	0
11/06/2015 12:50	191	133	108	113	117	34	696	6	0
11/06/2015 12:55	236	170	107	118	96	29	756	6	0
11/06/2015 13:00	263	160	122	113	94	29	781	6	0
11/06/2015 13:05	233	154	119	125	92	26	749	6	0
11/06/2015 13:10	217	147	126	117	107	26	740	6	0
11/06/2015 13:15	231	142	108	93	91	18	683	6	0
11/06/2015 13:20	243	157	112	112	86	26	736	6	0
11/06/2015 13:25	248	147	125	89	79	34	722	6	0
11/06/2015 13:30	200	150	113	123	110	23	719	6	0
11/06/2015 13:35	208	131	122	114	109	26	710	6	0
11/06/2015 13:40	203	136	129	127	97	22	714	6	0
11/06/2015 13:45	209	137	100	110	119	31	706	6	0
11/06/2015 13:50	255	153	104	94	98	28	732	6	0
11/06/2015 13:55	254	156	111	106	67	19	713	6	0
11/06/2015 14:00	245	143	117	111	77	26	719	6	0
11/06/2015 14:05	262	157	126	110	92	32	779	6	0
11/06/2015 14:10	233	152	129	117	64	24	719	6	0
11/06/2015 14:15	266	171	127	113	71	23	771	6	0
11/06/2015 14:20	243	163	121	102	70	24	723	6	0
11/06/2015 14:25	263	162	119	109	78	23	754	6	0
11/06/2015 14:30	271	158	120	95	70	17	731	6	0
11/06/2015 14:35	266	162	117	103	63	22	733	6	0
11/06/2015 14:40	252	164	123	100	74	24	737	6	0
11/06/2015 14:45	273	163	116	98	67	17	734	6	0
11/06/2015 14:50	256	161	120	103	69	12	721	6	0
11/06/2015 14:55	263	144	110	90	56	17	680	6	0
11/06/2015 15:00	244	154	104	97	57	29	685	6	0
11/06/2015 15:05	257	151	100	87	64	21	680	6	0
11/06/2015 15:10	256	132	117	89	67	29	690	6	0
11/06/2015 15:15	243	156	122	90	73	10	694	6	0
11/06/2015 15:20	249	146	106	89	67	24	681	6	0
11/06/2015 15:25	265	160	121	94	63	27	730	6	0
11/06/2015 15:30	265	160	123	97	66	23	734	6	0
11/06/2015 15:35	260	147	113	85	50	19	674	6	0
11/06/2015 15:40	264	153	120	96	69	24	726	6	0
11/06/2015 15:45	271	157	119	96	61	27	731	6	0
11/06/2015 15:50	249	154	105	87	63	20	678	6	0
11/06/2015 15:55	240	157	105	82	56	23	663	6	0
11/06/2015 16:00	273	163	111	100	66	14	727	6	0
11/06/2015 16:05	253	161	113	91	56	19	693	6	0
11/06/2015 16:10	257	151	115	88	67	20	698	6	0
11/06/2015 16:15	259	158	112	82	57	24	692	6	0
11/06/2015 16:20	254	160	115	99	60	21	709	6	0
11/06/2015 16:25	263	145	120	80	73	21	702	6	0
11/06/2015 16:30	276	170	124	99	67	26	762	6	0
11/06/2015 16:35	249	157	116	93	57	23	695	6	0
11/06/2015 16:40	268	149	118	95	72	22	724	6	0
11/06/2015 16:45	259	161	120	84	59	16	699	6	0
11/06/2015 16:50	259	152	106	90	68	30	705	6	0
11/06/2015 16:55	267	164	113	109	69	27	749	6	0
11/06/2015 17:00	253	160	120	87	60	27	707	6	0
11/06/2015 17:05	269	162	116	97	63	20	727	6	0
11/06/2015 17:10	261	154	116	90	69	30	720	6	0
11/06/2015 17:15	270	152	116	94	77	27	736	6	0
11/06/2015 17:20	263	153	115	103	69	29	732	6	0
11/06/2015 17:25	280	163	114	104	73	33	767	6	0
11/06/2015 17:30	255	157	119	99	68	27	725	6	0
11/06/2015 17:35	256	157	140	103	71	32	759	6	0
11/06/2015 17:40	281	168	140	94	79	27	789	6	0
11/06/2015 17:45	270	164	127	97	76	24	758	6	0
11/06/2015 17:50	266	159	120	92	66	35	738	6	0
11/06/2015 17:55	269	157	127	98	70	30	751	6	0
11/06/2015 18:00	250	163	124	91	65	27	720	6	0
11/06/2015 18:05	252	160	114	107	62	22	717	6	0
11/06/2015 18:10	271	159	122	101	74	28	755	6	0
11/06/2015 18:15	251	161	132	104	60	25	733	6	0
11/06/2015 18:20	290	163	128	109	67	31	788	6	0
11/06/2015 18:25	273	158	131	103	80	20	765	6	0
11/06/2015 18:30	250	156	135	105	70	24	740	6	0
11/06/2015 18:35	266	174	130	107	63	20	760	6	0
11/06/2015 18:40	273	162	127	107	74	23	766	6	0
11/06/2015 18:45	280	159	125	101	66	13	744	6	0
11/06/2015 18:50	272	166	127	102	63	24	754	6	0
11/06/2015 18:55	262	163	137	93	73	19	747	6	0
11/06/2015 19:00	275	172	136	96	68	21	768	6	0
11/06/2015 19:05	269	172	137	102	77	17	774	6	0
11/06/2015 19:10	264	136	123	111	84	23	741	6	0
11/06/2015 19:15	276	153	129	107	73	16	754	6	0
11/06/2015 19:20	278	157	128	110	81	20	774	6	0
11/06/2015 19:25	260	176	126	103	77	19	761	6	0
11/06/2015 19:30	252	158	133	106	58	18	725	6	0
11/06/2015 19:35	275	168	130	113	67	25	778	6	0
11/06/2015 19:40	258	160	130	103	63	17	731	6	0
11/06/2015 19:45	256	156	124	103	60	19	718	6	0
11/06/2015 19:50	267	157	127	99	69	14	733	6	0
11/06/2015 19:55	267	140	117	100	59	16	699	6	0
11/06/2015 20:00	256	147	116	86	57	11	673	6	0
11/06/2015 20:05	233	147	117	100	59	19	675	6	0
11/06/2015 20:10	241	141	123	76	50	8	639	6	0
11/06/2015 20:15	225	123	98	68	38	20	572	6	0
11/06/2015 20:20	215	128	94	70	43	16	566	6	0
11/06/2015 20:25	258	147	117	104	60	16	702	6	0
11/06/2015 20:30	231	137	105	95	53	10	631	6	0
11/06/2015 20:35	254	125	110	83	45	13	630	6	0
11/06/2015 20:40	255	146	94	73	46	12	626	6	0
11/06/2015 20:45	248	140	107	77	37	11	620	6	0
11/06/2015 20:50	262	129	90	82	43	10	616	6	0
11/06/2015 20:55	261	130	113	79	47	12	642	6	0
11/06/2015 21:00	265	137	105	86	44	10	647	6	0
11/06/2015 21:05	250	133	105	72	37	13	610	6	0
11/06/2015 21:10	238	127	93	77	32	7	574	6	0
11/06/2015 21:15	237	135	85	73	46	10	586	6	0
11/06/2015 21:20	259	136	100	67	40	9	611	6	0
11/06/2015 21:25	237	135	97	69	36	9	583	6	0
11/06/2015 21:30	240	125	89	70	35	11	570	6	0
11/06/2015 21:35	239	139	97	74	41	12	602	6	0
11/06/2015 21:40	246	125	98	76	39	10	594	6	0
11/06/2015 21:45	245	133	91	67	47	16	599	6	0
11/06/2015 21:50	246	147	102	87	38	14	634	6	0
11/06/2015 21:55	248	130	97	60	34	9	578	6	0
11/06/2015 22:00	234	130	99	67	41	7	578	6	0
11/06/2015 22:05	235	134	95	74	41	8	587	6	0
11/06/2015 22:10	229	111	93	51	27	10	521	6	0
11/06/2015 22:15	230	120	94	63	31	6	544	6	0
11/06/2015 22:20	223	130	80	64	36	16	549	6	0
11/06/2015 22:25	229	116	87	64	31	6	533	6	0
11/06/2015 22:30	233	119	89	61	33	9	544	6	0
11/06/2015 22:35	230	118	77	69	30	11	535	6	0
11/06/2015 22:40	223	110	96	60	31	6	526	6	0
11/06/2015 22:45	238	118	99	64	34	10	563	6	0
11/06/2015 22:50	221	104	83	56	33	10	507	6	0
11/06/2015 22:55	227	108	80	54	36	6	511	6	0
11/06/2015 23:00	207	111	67	56	17	9	467	6	0
11/06/2015 23:05	209	114	77	44	25	6	475	6	0
11/06/2015 23:10	224	116	84	51	33	9	517	6	0
11/06/2015 23:15	219	120	61	43	24	6	473	6	0
11/06/2015 23:20	213	106	71	51	30	7	478	6	0
11/06/2015 23:25	237	110	71	40	24	8	490	6	0
11/06/2015 23:30	193	114	71	52	19	10	459	6	0
11/06/2015 23:35	207	93	70	45	25	8	448	6	0
11/06/2015 23:40	213	98	63	54	26	9	463	6	0
11/06/2015 23:45	214	97	80	43	19	10	463	6	0
11/06/2015 23:50	199	89	70	43	20	7	428	6	0
11/06/2015 23:55	211	90	66	44	17	4	432	6	0
11/07/2015 00:00	215	61	46	28	16	3	369	6	100
11/07/2015 00:05	217	77	59	35	16	9	413	6	100
11/07/2015 00:10	208	71	58	24	14	2	377	6	100
11/07/2015 00:15	180	64	47	30	15	7	343	6	100
11/07/2015 00:20	181	66	53	23	13	1	337	6	100
11/07/2015 00:25	183	65	40	20	10	0	318	6	100
11/07/2015 00:30	150	57	40	17	9	3	276	6	100
11/07/2015 00:35	197	52	25	17	5	0	296	6	100
11/07/2015 00:40	173	56	30	21	9	6	295	6	100
11/07/2015 00:45	204	71	47	19	14	9	364	6	100
11/07/2015 00:50	198	70	50	32	10	7	367	6	100
11/07/2015 00:55	140	70	50	38	7	2	307	6	100
11/07/2015 01:00	21	24	21	21	19	15	121	6	0
11/07/2015 01:05	22	25	22	22	20	16	127	6	0
11/07/2015 01:10	250	100	40	30	0	0	420	6	100
11/07/2015 01:15	183	50	33	23	5	3	297	6	100
11/07/2015 01:20	172	73	47	20	7	2	321	6	100
11/07/2015 01:25	198	50	37	23	10	5	323	6	100
11/07/2015 01:30	180	56	33	19	6	1	295	6	100
11/07/2015 01:35	175	58	43	13	10	3	302	6	100
11/07/2015 01:40	208	78	33	17	8	0	344	6	100
11/07/2015 01:45	180	48	38	20	8	0	294	6	100
11/07/2015 01:50	193	60	35	10	7	0	305	6	100
11/07/2015 01:55	158	58	43	17	3	3	282	6	100
11/07/2015 02:00	194	64	31	20	6	4	319	6	100
11/07/2015 02:05	166	44	37	11	6	3	267	6	100
11/07/2015 02:10	162	28	35	10	7	2	244	6	100
11/07/2015 02:15	190	53	34	17	4	4	302	6	100
11/07/2015 02:20	192	50	35	12	5	2	296	6	100
11/07/2015 02:25	192	58	38	27	5	2	322	6	100
11/07/2015 02:30	168	55	37	20	2	2	284	6	100
11/07/2015 02:35	190	62	27	8	7	2	296	6	100
11/07/2015 02:40	173	52	15	13	5	2	260	6	100
11/07/2015 02:45	185	57	30	13	3	3	291	6	100
11/07/2015 02:50	168	38	23	5	8	0	242	6	100
11/07/2015 02:55	175	43	32	3	3	2	258	6	100
11/07/2015 03:00	183	38	25	11	5	1	263	6	100
11/07/2015 03:05	184	44	26	6	4	0	264	6	100
11/07/2015 03:10	168	37	30	12	3	2	252	6	100
11/07/2015 03:15	182	40	33	12	2	0	269	6	100
11/07/2015 03:20	183	48	28	17	8	2	286	6	100
11/07/2015 03:25	177	54	30	7	9	6	283	6	100
11/07/2015 03:30	163	53	23	12	12	2	265	6	100
11/07/2015 03:35	157	62	22	10	10	0	261	6	100
11/07/2015 03:40	198	45	28	12	2	2	287	6	100
11/07/2015 03:45	160	48	23	12	8	2	253	6	100
11/07/2015 03:50	192	48	28	17	7	2	294	6	100
11/07/2015 03:55	212	45	30	20	7	7	321	6	100
11/07/2015 04:00	180	35	25	3	10	5	258	6	100
11/07/2015 04:05	211	68	23	13	6	3	324	6	100
11/07/2015 04:10	185	48	38	13	3	0	287	6	100
11/07/2015 04:15	182	58	32	22	10	3	307	6	100
11/07/2015 04:20	184	59	39	13	7	1	303	6	100
11/07/2015 04:25	197	72	25	25	3	2	324	6	100
11/07/2015 04:30	187	58	37	23	5	0	310	6	100
11/07/2015 04:35	172	47	30	18	13	2	282	6	100
11/07/2015 04:40	205	60	48	23	7	5	348	6	100
11/07/2015 04:45	212	63	45	22	12	0	354	6	100
11/07/2015 04:50	186	59	43	33	11	0	332	6	100
11/07/2015 04:55	185	50	42	18	10	2	307	6	100
11/07/2015 05:00	203	62	38	25	10	0	338	6	100
11/07/2015 05:05	228	63	45	20	10	0	366	6	100
11/07/2015 05:10	207	66	50	31	19	1	374	6	100
11/07/2015 05:15	191	83	53	26	13	0	366	6	100
11/07/2015 05:20	228	83	38	35	18	3	405	6	100
11/07/2015 05:25	233	85	55	45	17	3	438	6	100
11/07/2015 05:30	225	108	67	40	22	3	465	6	100
11/07/2015 05:35	242	107	73	50	15	7	494	6	100
11/07/2015 05:40	235	90	68	48	30	3	474	6	100
11/07/2015 05:45	237	100	80	47	23	5	492	6	100
11/07/2015 05:50	215	112	58	42	28	8	463	6	100
11/07/2015 05:55	243	107	63	47	17	2	479	6	100
11/07/2015 06:00	215	118	72	48	27	5	485	6	100
11/07/2015 06:05	227	119	79	41	21	7	494	6	100
11/07/2015 06:10	252	110	90	55	33	12	552	6	100
11/07/2015 06:15	280	127	78	75	33	8	601	6	100
11/07/2015 06:20	245	132	103	72	40	8	600	6	100
11/07/2015 06:25	285	145	113	70	48	3	664	6	100
11/07/2015 06:30	282	150	97	83	47	7	666	6	100
11/07/2015 06:35	287	132	105	78	48	12	662	6	100
11/07/2015 06:40	288	155	98	75	43	15	674	6	100
11/07/2015 06:45	290	147	98	78	47	17	677	6	100
11/07/2015 06:50	292	163	108	83	47	17	710	6	100
11/07/2015 06:55	277	113	103	77	43	2	615	6	100
11/07/2015 07:00	287	137	107	93	48	3	675	6	100
11/07/2015 07:05	277	155	127	80	60	10	709	6	100
11/07/2015 07:10	264	141	111	74	48	8	646	6	0
11/07/2015 07:15	276	164	111	90	49	11	701	6	0
11/07/2015 07:20	276	164	126	100	59	20	745	6	0
11/07/2015 07:25	305	193	135	112	60	10	815	6	100
11/07/2015 07:30	287	187	153	110	90	13	840	6	100
11/07/2015 07:35	307	169	124	114	79	11	804	6	100
11/07/2015 07:40	308	190	147	102	63	12	822	6	100
11/07/2015 07:45	310	190	125	97	62	10	794	6	100
11/07/2015 07:50	318	193	133	122	75	13	854	6	100
11/07/2015 07:55	314	161	149	121	71	17	833	6	100
11/07/2015 08:00	310	160	123	98	52	13	756	6	100
11/07/2015 08:05	307	172	132	100	52	15	778	6	100
11/07/2015 08:10	283	171	129	96	63	14	756	6	0
11/07/2015 08:15	307	189	139	103	77	14	829	6	0
11/07/2015 08:20	287	189	150	111	90	21	848	6	0
11/07/2015 08:25	268	180	140	123	99	21	831	6	0
11/07/2015 08:30	274	173	157	130	106	19	859	6	0
11/07/2015 08:35	243	159	140	133	114	22	811	6	0
11/07/2015 08:40	256	171	141	126	121	21	836	6	0
11/07/2015 08:45	279	176	149	129	116	26	875	6	0
11/07/2015 08:50	241	157	150	131	104	24	807	6	0
11/07/2015 08:55	237	159	137	130	110	19	792	6	0
11/07/2015 09:00	231	166	147	136	97	20	797	6	0
11/07/2015 09:05	224	154	144	123	117	21	783	6	0
11/07/2015 09:10	246	157	137	120	96	17	773	6	0
11/07/2015 09:15	231	163	134	124	116	26	794	6	0
11/07/2015 09:20	230	168	146	130	120	11	805	6	0
11/07/2015 09:25	232	168	142	133	88	23	786	6	100
11/07/2015 09:30	201	161	129	134	113	24	762	6	0
11/07/2015 09:35	215	150	139	133	124	28	789	6	0
11/07/2015 09:40	220	155	136	129	126	29	795	6	0
11/07/2015 09:45	219	154	141	140	129	39	822	6	0
11/07/2015 09:50	219	151	130	133	138	27	798	6	0
11/07/2015 09:55	218	157	141	120	123	23	782	6	0
11/07/2015 10:00	217	157	143	136	119	31	803	6	0
11/07/2015 10:05	186	143	130	129	120	33	741	6	0
11/07/2015 10:10	214	153	140	121	124	34	786	6	0
11/07/2015 10:15	210	135	135	118	117	28	743	6	100
11/07/2015 10:20	233	160	130	137	140	32	832	6	100
11/07/2015 10:25	195	117	125	132	143	28	740	6	100
11/07/2015 10:30	180	143	137	123	153	33	769	6	100
11/07/2015 10:35	197	142	122	128	123	27	739	6	100
11/07/2015 10:40	165	153	125	113	138	40	734	6	100
11/07/2015 10:45	193	140	134	133	130	33	763	6	100
11/07/2015 10:50	247	155	132	127	125	35	821	6	100
11/07/2015 10:55	193	165	140	127	107	17	749	6	100
11/07/2015 11:00	232	155	132	118	100	20	757	6	100
11/07/2015 11:05	247	155	157	122	130	35	846	6	100
11/07/2015 11:10	205	147	127	128	118	28	753	6	100
11/07/2015 11:15	173	120	145	140	115	27	720	6	100
11/07/2015 11:20	218	142	140	125	108	37	770	6	100
11/07/2015 11:25	232	157	148	130	127	35	829	6	100
11/07/2015 11:30	183	150	145	128	113	23	742	6	100
11/07/2015 11:35	218	160	135	130	112	25	780	6	100
11/07/2015 11:40	237	158	140	137	112	23	807	6	100
11/07/2015 11:45	212	157	165	133	133	27	827	6	100
11/07/2015 11:50	202	162	150	117	112	27	770	6	100
11/07/2015 11:55	175	115	118	107	132	38	685	6	100
11/07/2015 12:00	184	145	130	139	148	20	766	6	100
11/07/2015 12:05	226	139	144	131	126	29	795	6	100
11/07/2015 12:10	215	167	132	137	125	35	811	6	100
11/07/2015 12:15	222	147	153	128	110	20	780	6	100
11/07/2015 12:20	185	132	122	135	103	32	709	6	100
11/07/2015 12:25	197	148	140	132	133	25	775	6	100
11/07/2015 12:30	202	152	137	137	143	25	796	6	100
11/07/2015 12:35	220	170	157	133	113	25	818	6	100
11/07/2015 12:40	231	159	151	127	116	27	811	6	100
11/07/2015 12:45	193	140	133	130	142	27	765	6	100
11/07/2015 12:50	185	130	143	145	125	30	758	6	100
11/07/2015 12:55	205	140	137	133	132	22	769	6	100
11/07/2015 13:00	195	155	153	150	113	18	784	6	100
11/07/2015 13:05	215	142	138	128	115	38	776	6	100
11/07/2015 13:10	213	152	135	133	115	8	756	6	100
11/07/2015 13:15	197	145	145	137	133	18	775	6	100
11/07/2015 13:20	198	147	142	130	102	30	749	6	100
11/07/2015 13:25	178	123	115	118	130	37	701	6	100
11/07/2015 13:30	188	147	133	148	118	18	752	6	100
11/07/2015 13:35	203	162	163	138	137	28	831	6	100
11/07/2015 13:40	227	153	132	135	122	33	802	6	100
11/07/2015 13:45	205	143	137	140	115	28	768	6	100
11/07/2015 13:50	197	143	130	135	103	32	740	6	100
11/07/2015 13:55	205	143	145	147	128	22	790	6	100
11/07/2015 14:00	193	153	125	147	115	25	758	6	100
11/07/2015 14:05	218	142	140	123	127	45	795	6	100
11/07/2015 14:10	203	135	137	137	120	35	767	6	100
11/07/2015 14:15	193	150	148	133	115	30	769	6	100
11/07/2015 14:20	218	145	160	132	123	32	810	6	100
11/07/2015 14:25	173	135	135	132	123	25	723	6	100
11/07/2015 14:30	207	140	130	128	120	27	752	6	100
11/07/2015 14:35	183	145	135	133	113	25	734	6	100
11/07/2015 14:40	176	126	134	113	121	16	686	6	100
11/07/2015 14:45	207	153	141	126	124	37	788	6	100
11/07/2015 14:50	212	137	143	138	117	28	775	6	100
11/07/2015 14:55	203	161	131	110	103	17	725	6	100
11/07/2015 15:00	214	161	134	116	81	16	722	6	100
11/07/2015 15:05	251	163	149	114	81	26	784	6	100
11/07/2015 15:10	244	164	131	133	89	29	790	6	100
11/07/2015 15:15	252	162	118	113	80	18	743	6	100
11/07/2015 15:20	251	176	143	131	71	19	791	6	100
11/07/2015 15:25	221	167	136	109	77	23	733	6	100
11/07/2015 15:30	239	163	131	106	74	23	736	6	100
11/07/2015 15:35	264	174	131	114	69	17	769	6	100
11/07/2015 15:40	250	150	136	90	66	21	713	6	100
11/07/2015 15:45	244	153	139	123	81	30	770	6	100
11/07/2015 15:50	210	136	126	99	71	19	661	6	100
11/07/2015 15:55	221	103	96	114	107	17	658	6	100
11/07/2015 16:00	222	72	95	90	87	22	588	6	100
11/07/2015 16:05	167	30	33	38	53	23	344	6	100
11/07/2015 16:10	250	168	128	112	95	22	775	6	100
11/07/2015 16:15	264	147	143	130	109	29	822	6	100
11/07/2015 16:20	228	167	133	122	105	18	773	6	100
11/07/2015 16:25	230	144	143	136	119	39	811	6	100
11/07/2015 16:30	220	140	150	123	110	26	769	6	100
11/07/2015 16:35	220	149	136	130	113	24	772	6	100
11/07/2015 16:40	270	164	139	96	79	27	775	6	100
11/07/2015 16:45	235	155	128	108	68	25	719	6	100
11/07/2015 16:50	268	130	123	103	53	18	695	6	100
11/07/2015 16:55	260	163	123	100	70	17	733	6	100
11/07/2015 17:00	273	157	137	107	69	26	769	6	100
11/07/2015 17:05	257	165	113	95	82	20	732	6	100
11/07/2015 17:10	269	174	124	103	60	21	751	6	100
11/07/2015 17:15	256	164	119	110	84	16	749	6	100
11/07/2015 17:20	269	167	123	113	60	17	749	6	100
11/07/2015 17:25	271	171	134	113	79	33	801	6	100
11/07/2015 17:30	274	159	129	107	60	10	739	6	100
11/07/2015 17:35	284	167	129	121	77	30	808	6	100
11/07/2015 17:40	243	146	133	113	91	31	757	6	100
11/07/2015 17:45	228	148	140	103	75	10	704	6	100
11/07/2015 17:50	161	111	116	117	94	24	623	6	100
11/07/2015 17:55	186	103	99	89	109	40	626	6	100
11/07/2015 18:00	150	91	84	76	87	23	511	6	100
11/07/2015 18:05	180	99	79	83	89	47	577	6	100
11/07/2015 18:10	175	118	122	125	107	12	659	6	100
11/07/2015 18:15	221	137	119	120	110	37	744	6	100
11/07/2015 18:20	202	127	118	105	95	37	684	6	100
11/07/2015 18:25	241	161	130	114	96	49	791	6	100
11/07/2015 18:30	219	144	124	113	114	26	740	6	100
11/07/2015 18:35	220	151	129	120	113	27	760	6	100
11/07/2015 18:40	199	144	123	117	113	31	727	6	100
11/07/2015 18:45	205	127	115	112	97	20	676	6	100
11/07/2015 18:50	230	163	135	112	107	20	767	6	100
11/07/2015 18:55	245	153	130	105	93	27	753	6	100
11/07/2015 19:00	255	145	118	113	90	19	740	6	100
11/07/2015 19:05	231	139	129	114	94	14	721	6	100
11/07/2015 19:10	264	146	126	103	96	23	758	6	100
11/07/2015 19:15	230	142	118	107	90	23	710	6	100
11/07/2015 19:20	233	137	112	108	67	18	675	6	100
11/07/2015 19:25	308	163	133	107	70	10	791	6	100
11/07/2015 19:30	242	158	127	100	48	15	690	6	100
11/07/2015 19:35	300	160	132	90	70	13	765	6	100
11/07/2015 19:40	268	167	120	90	50	15	710	6	100
11/07/2015 19:45	280	147	110	82	37	3	659	6	100
11/07/2015 19:50	264	126	104	67	57	17	635	6	100
11/07/2015 19:55	263	141	104	94	50	20	672	6	100
11/07/2015 20:00	269	124	104	66	54	13	630	6	100
11/07/2015 20:05	230	137	107	78	32	8	592	6	100
11/07/2015 20:10	257	129	100	66	37	6	595	6	100
11/07/2015 20:15	237	129	97	81	54	9	607	6	100
11/07/2015 20:20	246	131	104	68	43	9	601	6	100
11/07/2015 20:25	266	130	107	70	41	10	624	6	100
11/07/2015 20:30	250	125	96	81	33	9	594	6	100
11/07/2015 20:35	234	116	106	73	38	11	578	6	100
11/07/2015 20:40	276	124	91	74	41	4	610	6	100
11/07/2015 20:45	243	137	106	89	41	9	625	6	100
11/07/2015 20:50	259	131	111	77	40	14	632	6	100
11/07/2015 20:55	228	134	108	71	39	11	591	6	100
11/07/2015 21:00	254	143	86	80	43	16	622	6	100
11/07/2015 21:05	255	108	102	65	33	7	570	6	100
11/07/2015 21:10	267	117	98	60	37	7	586	6	100
11/07/2015 21:15	241	121	88	76	40	7	573	6	100
11/07/2015 21:20	261	133	84	81	37	14	610	6	100
11/07/2015 21:25	273	129	107	84	36	10	639	6	100
11/07/2015 21:30	269	119	97	69	33	13	600	6	100
11/07/2015 21:35	234	110	94	61	39	16	554	6	100
11/07/2015 21:40	226	113	96	71	24	6	536	6	100
11/07/2015 21:45	264	121	116	78	33	6	618	6	100
11/07/2015 21:50	234	123	106	81	36	7	587	6	100
11/07/2015 21:55	260	140	103	77	37	14	631	6	100
11/07/2015 22:00	258	115	92	70	32	5	572	6	100
11/07/2015 22:05	221	136	87	74	30	14	562	6	100
11/07/2015 22:10	283	135	92	80	50	17	657	6	100
11/07/2015 22:15	240	120	96	59	40	20	575	6	100
11/07/2015 22:20	223	127	109	71	37	19	586	6	100
11/07/2015 22:25	239	113	84	56	37	16	545	6	100
11/07/2015 22:30	235	138	123	80	53	12	641	6	100
11/07/2015 22:35	231	120	79	73	37	19	559	6	100
11/07/2015 22:40	244	126	96	64	31	7	568	6	100
11/07/2015 22:45	253	120	91	66	34	6	570	6	100
11/07/2015 22:50	220	108	82	68	42	7	527	6	100
11/07/2015 22:55	247	113	83	52	17	8	520	6	100
11/07/2015 23:00	253	80	97	55	32	2	519	6	100
11/07/2015 23:05	200	97	92	58	37	8	492	6	100
11/07/2015 23:10	199	106	74	57	33	13	482	6	100
11/07/2015 23:15	254	126	77	57	37	9	560	6	100
11/07/2015 23:20	213	117	79	59	24	7	499	6	100
11/07/2015 23:25	237	87	73	34	23	4	458	6	100
11/07/2015 23:30	209	89	80	59	33	17	487	6	100
11/07/2015 23:35	207	85	67	40	18	0	417	6	100
11/07/2015 23:40	186	73	86	54	23	4	426	6	100
11/07/2015 23:45	236	85	83	49	28	4	485	6	100
11/07/2015 23:50	239	84	69	44	17	16	469	6	100
11/07/2015 23:55	210	80	57	47	21	4	419	6	100
11/08/2015 00:00	180	92	59	49	21	6	407	6	100
11/08/2015 00:05	187	93	64	52	9	3	408	6	100
11/08/2015 00:10	198	73	53	43	23	2	392	6	100
11/08/2015 00:15	218	83	59	31	14	4	409	6	100
11/08/2015 00:20	212	90	60	37	20	3	422	6	100
11/08/2015 00:25	194	76	44	40	18	8	380	6	100
11/08/2015 00:30	229	80	46	33	7	3	398	6	100
11/08/2015 00:35	184	81	60	46	19	6	396	6	100
11/08/2015 00:40	184	63	59	39	13	4	362	6	100
11/08/2015 00:45	197	67	50	24	9	6	353	6	100
11/08/2015 00:50	220	75	45	27	8	0	375	6	100
11/08/2015 00:55	184	71	39	26	13	6	339	6	100
11/08/2015 01:00	25	29	25	26	23	18	146	6	0
11/08/2015 01:05	26	30	26	27	25	19	153	6	0
11/08/2015 01:10	220	70	30	50	10	0	380	6	100
11/08/2015 01:15	204	46	40	19	10	3	322	6	100
11/08/2015 01:20	211	56	49	30	11	3	360	6	100
11/08/2015 01:25	191	68	28	33	11	5	336	6	100
11/08/2015 01:30	170	57	36	30	11	3	307	6	100
11/08/2015 01:35	176	61	39	19	7	1	303	6	100
11/08/2015 01:40	193	68	48	26	10	0	345	6	100
11/08/2015 01:45	209	61	49	13	14	4	350	6	100
11/08/2015 01:50	200	63	33	19	1	0	316	6	100
11/08/2015 01:55	179	61	36	16	7	0	299	6	100
11/08/2015 02:00	189	63	36	23	4	3	318	6	100
11/08/2015 02:05	179	64	43	21	7	1	315	6	100
11/08/2015 02:10	184	69	36	11	9	0	309	6	100
11/08/2015 02:15	171	51	39	20	7	3	291	6	100
11/08/2015 02:20	181	53	33	16	10	3	296	6	100
11/08/2015 02:25	181	46	31	19	10	3	290	6	100
11/08/2015 02:30	168	46	35	16	11	0	276	6	100
11/08/2015 02:35	184	44	36	18	3	0	285	6	100
11/08/2015 02:40	194	55	30	14	5	0	298	6	100
11/08/2015 02:45	179	36	20	10	5	1	251	6	100
11/08/2015 02:50	161	54	31	11	4	1	262	6	100
11/08/2015 02:55	180	63	31	10	3	1	288	6	100
11/08/2015 03:00	169	39	34	10	3	0	255	6	100
11/08/2015 03:05	154	38	23	10	1	3	229	6	100
11/08/2015 03:10	187	54	29	19	4	1	294	6	100
11/08/2015 03:15	186	57	34	13	4	0	294	6	100
11/08/2015 03:20	191	60	29	10	9	1	300	6	100
11/08/2015 03:25	194	45	29	11	6	3	288	6	100
11/08/2015 03:30	183	41	33	13	3	1	274	6	100
11/08/2015 03:35	170	37	29	13	3	0	252	6	100
11/08/2015 03:40	171	61	36	17	4	3	292	6	100
11/08/2015 03:45	164	41	31	14	4	1	255	6	100
11/08/2015 03:50	200	53	27	13	1	0	294	6	100
11/08/2015 03:55	151	59	41	10	7	0	268	6	100
11/08/2015 04:00	197	43	24	10	3	3	280	6	100
11/08/2015 04:05	170	64	33	19	1	0	287	6	100
11/08/2015 04:10	157	56	19	11	4	4	251	6	100
11/08/2015 04:15	176	49	39	13	4	4	285	6	100
11/08/2015 04:20	169	50	26	13	3	0	261	6	100
11/08/2015 04:25	206	50	36	20	9	0	321	6	100
11/08/2015 04:30	196	57	36	14	6	0	309	6	100
11/08/2015 04:35	201	56	41	14	4	3	319	6	100
11/08/2015 04:40	199	54	41	19	11	0	324	6	100
11/08/2015 04:45	197	50	41	21	6	0	315	6	100
11/08/2015 04:50	173	59	31	24	7	1	295	6	100
11/08/2015 04:55	186	74	34	13	4	4	315	6	100
11/08/2015 05:00	166	56	34	19	9	1	285	6	100
11/08/2015 05:05	196	66	31	13	3	0	309	6	100
11/08/2015 05:10	211	57	31	26	6	1	332	6	100
11/08/2015 05:15	171	61	43	19	9	1	304	6	100
11/08/2015 05:20	176	81	40	26	9	1	333	6	100
11/08/2015 05:25	194	73	46	21	11	0	345	6	100
11/08/2015 05:30	219	90	57	31	21	7	425	6	100
11/08/2015 05:35	214	91	56	41	10	6	418	6	100
11/08/2015 05:40	220	83	43	31	17	7	401	6	100
11/08/2015 05:45	201	81	59	30	14	3	388	6	100
11/08/2015 05:50	197	77	74	39	24	6	417	6	100
11/08/2015 05:55	210	76	64	25	6	1	382	6	100
11/08/2015 06:00	213	70	49	33	18	3	386	6	100
11/08/2015 06:05	214	74	51	39	19	4	401	6	100
11/08/2015 06:10	205	78	68	39	20	3	413	6	100
11/08/2015 06:15	200	95	75	48	24	5	447	6	100
11/08/2015 06:20	218	101	71	51	19	1	461	6	100
11/08/2015 06:25	233	84	81	46	15	4	463	6	100
11/08/2015 06:30	216	89	89	41	21	7	463	6	100
11/08/2015 06:35	241	110	76	54	29	3	513	6	100
11/08/2015 06:40	236	117	79	60	36	6	534	6	100
11/08/2015 06:45	231	113	83	59	34	3	523	6	100
11/08/2015 06:50	261	111	70	47	27	3	519	6	100
11/08/2015 06:55	236	107	70	51	27	6	497	6	100
11/08/2015 07:00	230	89	76	49	14	1	459	6	100
11/08/2015 07:05	211	113	61	57	26	4	472	6	100
11/08/2015 07:10	230	109	67	53	30	7	496	6	100
11/08/2015 07:15	204	100	76	46	26	3	455	6	100
11/08/2015 07:20	241	100	96	43	31	4	515	6	100
11/08/2015 07:25	253	124	103	67	29	4	580	6	100
11/08/2015 07:30	230	116	101	67	34	7	555	6	100
11/08/2015 07:35	231	89	76	60	34	4	494	6	100
11/08/2015 07:40	246	121	106	66	36	7	582	6	100
11/08/2015 07:45	279	144	103	86	43	6	661	6	100
11/08/2015 07:50	247	124	87	59	31	3	551	6	100
11/08/2015 07:55	253	140	86	54	31	16	580	6	100
11/08/2015 08:00	237	124	81	63	29	10	544	6	100
11/08/2015 08:05	219	114	74	63	26	9	505	6	100
11/08/2015 08:10	247	146	101	66	36	1	597	6	100
11/08/2015 08:15	279	150	107	74	31	7	648	6	100
11/08/2015 08:20	281	131	114	78	55	11	670	6	100
11/08/2015 08:25	251	147	114	69	41	14	636	6	100
11/08/2015 08:30	256	144	90	73	47	20	630	6	100
11/08/2015 08:35	281	139	103	91	54	17	685	6	100
11/08/2015 08:40	269	160	119	97	53	11	709	6	100
11/08/2015 08:45	270	151	114	91	53	10	689	6	100
11/08/2015 08:50	293	141	120	104	57	7	722	6	100
11/08/2015 08:55	264	144	130	69	57	13	677	6	100
11/08/2015 09:00	279	136	125	91	69	15	715	6	100
11/08/2015 09:05	297	160	127	106	49	11	750	6	100
11/08/2015 09:10	283	126	119	87	54	10	679	6	100
11/08/2015 09:15	279	154	109	81	54	10	687	6	100
11/08/2015 09:20	273	170	120	103	47	10	723	6	100
11/08/2015 09:25	266	150	109	93	54	11	683	6	100
11/08/2015 09:30	276	193	133	104	61	13	780	6	100
11/08/2015 09:35	301	187	126	114	76	17	821	6	100
11/08/2015 09:40	294	170	139	111	76	14	804	6	100
11/08/2015 09:45	276	180	119	90	70	16	751	6	100
11/08/2015 09:50	287	189	146	107	69	23	821	6	100
11/08/2015 09:55	270	180	131	100	69	10	760	6	100
11/08/2015 10:00	298	170	130	106	70	10	784	6	100
11/08/2015 10:05	273	173	136	106	60	13	761	6	100
11/08/2015 10:10	283	187	144	123	47	13	797	6	100
11/08/2015 10:15	299	181	136	100	68	15	799	6	100
11/08/2015 10:20	273	161	131	94	60	11	730	6	100
11/08/2015 10:25	276	176	120	120	56	10	758	6	100
11/08/2015 10:30	299	163	153	117	80	14	826	6	100
11/08/2015 10:35	281	196	144	124	80	16	841	6	100
11/08/2015 10:40	307	180	136	110	84	17	834	6	100
11/08/2015 10:45	297	193	136	119	90	23	858	6	100
11/08/2015 10:50	291	191	139	113	59	11	804	6	100
11/08/2015 10:55	275	179	134	120	71	15	794	6	100
11/08/2015 11:00	298	170	143	107	63	18	799	6	100
11/08/2015 11:05	293	169	150	116	70	19	817	6	100
11/08/2015 11:10	274	169	140	121	81	10	795	6	100
11/08/2015 11:15	237	156	154	117	64	29	757	6	100
11/08/2015 11:20	286	180	151	109	79	9	814	6	100
11/08/2015 11:25	286	187	131	96	79	26	805	6	100
11/08/2015 11:30	279	161	136	117	66	31	790	6	100
11/08/2015 11:35	280	167	139	124	77	23	810	6	100
11/08/2015 11:40	277	169	154	119	73	26	818	6	100
11/08/2015 11:45	287	191	153	104	84	29	848	6	100
11/08/2015 11:50	277	180	149	121	80	21	828	6	100
11/08/2015 11:55	264	173	151	113	79	13	793	6	100
11/08/2015 12:00	303	176	130	107	57	17	790	6	100
11/08/2015 12:05	271	177	136	116	64	21	785	6	100
11/08/2015 12:10	273	169	136	111	57	16	762	6	100
11/08/2015 12:15	264	160	140	120	91	19	794	6	100
11/08/2015 12:20	282	178	142	107	77	17	803	6	100
11/08/2015 12:25	269	174	154	121	71	20	809	6	100
11/08/2015 12:30	277	182	141	112	78	16	806	6	100
11/08/2015 12:35	291	188	147	109	83	17	835	6	100
11/08/2015 12:40	270	169	132	116	99	16	802	6	100
11/08/2015 12:45	257	159	137	123	106	24	806	6	100
11/08/2015 12:50	224	150	130	109	85	25	723	6	100
11/08/2015 12:55	220	140	130	106	70	25	691	6	100
11/08/2015 13:00	253	156	138	110	89	25	771	6	100
11/08/2015 13:05	237	167	146	127	111	18	806	6	100
11/08/2015 13:10	235	149	142	122	108	27	783	6	100
11/08/2015 13:15	239	149	146	126	117	23	800	6	100
11/08/2015 13:20	237	166	137	138	87	29	794	6	100
11/08/2015 13:25	228	139	131	137	107	25	767	6	100
11/08/2015 13:30	220	159	143	124	114	19	779	6	100
11/08/2015 13:35	226	158	147	125	122	19	797	6	100
11/08/2015 13:40	241	159	144	112	83	19	758	6	100
11/08/2015 13:45	260	175	155	122	79	27	818	6	100
11/08/2015 13:50	270	168	143	122	73	21	797	6	100
11/08/2015 13:55	289	159	144	111	74	19	796	6	100
11/08/2015 14:00	294	170	130	112	63	21	790	6	100
11/08/2015 14:05	282	190	149	118	58	18	815	6	100
11/08/2015 14:10	234	184	139	109	59	10	735	6	100
11/08/2015 14:15	273	167	131	116	89	20	796	6	100
11/08/2015 14:20	273	159	143	111	67	16	769	6	100
11/08/2015 14:25	261	184	150	106	93	16	810	6	100
11/08/2015 14:30	258	171	131	113	79	23	775	6	100
11/08/2015 14:35	264	151	144	119	93	16	787	6	100
11/08/2015 14:40	240	164	141	127	93	24	789	6	100
11/08/2015 14:45	221	159	148	126	99	18	771	6	100
11/08/2015 14:50	218	155	145	125	109	14	766	6	100
11/08/2015 14:55	227	156	150	119	100	16	768	6	100
11/08/2015 15:00	264	174	133	111	93	16	791	6	100
11/08/2015 15:05	263	167	149	113	83	20	795	6	100
11/08/2015 15:10	240	153	150	124	75	24	766	6	100
11/08/2015 15:15	260	171	142	120	74	17	784	6	100
11/08/2015 15:20	268	170	151	123	70	21	803	6	100
11/08/2015 15:25	268	169	136	110	87	18	788	6	100
11/08/2015 15:30	260	161	124	111	103	11	770	6	100
11/08/2015 15:35	229	159	155	121	111	16	791	6	100
11/08/2015 15:40	217	156	147	126	101	18	765	6	100
11/08/2015 15:45	240	152	145	124	111	15	787	6	100
11/08/2015 15:50	231	161	146	121	102	25	786	6	100
11/08/2015 15:55	247	155	151	132	109	17	811	6	100
11/08/2015 16:00	262	171	130	118	77	23	781	6	100
11/08/2015 16:05	286	174	151	123	84	24	842	6	100
11/08/2015 16:10	299	176	159	110	80	19	843	6	100
11/08/2015 16:15	290	171	143	112	75	18	809	6	100
11/08/2015 16:20	278	177	141	112	68	19	795	6	100
11/08/2015 16:25	273	149	117	103	61	14	717	6	100
11/08/2015 16:30	255	168	144	120	82	23	792	6	100
11/08/2015 16:35	256	161	149	131	107	23	827	6	100
11/08/2015 16:40	217	155	137	121	103	18	751	6	100
11/08/2015 16:45	239	163	143	120	81	13	759	6	100
11/08/2015 16:50	272	173	138	108	81	12	784	6	100
11/08/2015 16:55	246	158	147	107	86	25	769	6	100
11/08/2015 17:00	273	169	133	114	77	16	782	6	100
11/08/2015 17:05	244	149	140	107	89	16	745	6	100
11/08/2015 17:10	269	166	141	123	89	34	822	6	100
11/08/2015 17:15	214	140	143	129	93	26	745	6	100
11/08/2015 17:20	253	159	130	121	96	24	783	6	100
11/08/2015 17:25	241	140	150	129	93	24	777	6	100
11/08/2015 17:30	243	167	137	130	81	14	772	6	100
11/08/2015 17:35	233	153	136	106	97	29	754	6	100
11/08/2015 17:40	244	153	137	116	97	21	768	6	100
11/08/2015 17:45	273	156	124	119	87	19	778	6	100
11/08/2015 17:50	253	161	137	109	91	9	760	6	100
11/08/2015 17:55	253	137	139	109	87	21	746	6	100
11/08/2015 18:00	237	144	144	127	81	7	740	6	100
11/08/2015 18:05	254	160	128	118	96	25	781	6	100
11/08/2015 18:10	249	156	127	109	113	16	770	6	100
11/08/2015 18:15	231	141	126	100	93	20	711	6	100
11/08/2015 18:20	244	134	134	123	70	26	731	6	100
11/08/2015 18:25	253	154	139	108	96	16	766	6	100
11/08/2015 18:30	269	157	120	112	71	12	741	6	100
11/08/2015 18:35	251	162	143	120	95	16	787	6	100
11/08/2015 18:40	291	156	132	115	79	13	786	6	100
11/08/2015 18:45	272	157	134	92	57	8	720	6	100
11/08/2015 18:50	285	154	131	99	64	16	749	6	100
11/08/2015 18:55	279	148	133	98	68	19	745	6	100
11/08/2015 19:00	289	145	132	106	53	13	738	6	100
11/08/2015 19:05	257	157	122	105	73	13	727	6	100
11/08/2015 19:10	289	176	134	111	61	6	777	6	100
11/08/2015 19:15	293	179	147	104	63	13	799	6	100
11/08/2015 19:20	299	160	130	106	57	7	759	6	100
11/08/2015 19:25	300	150	154	104	74	6	788	6	100
11/08/2015 19:30	301	164	143	97	56	10	771	6	100
11/08/2015 19:35	263	146	103	103	54	13	682	6	100
11/08/2015 19:40	286	157	114	91	49	9	706	6	100
11/08/2015 19:45	267	177	109	99	53	11	716	6	100
11/08/2015 19:50	273	150	106	87	53	10	679	6	100
11/08/2015 19:55	261	139	114	86	56	21	677	6	100
11/08/2015 20:00	280	147	115	86	44	11	683	6	100
11/08/2015 20:05	306	159	111	87	57	9	729	6	100
11/08/2015 20:10	279	134	109	91	57	11	681	6	100
11/08/2015 20:15	289	143	117	96	50	10	705	6	100
11/08/2015 20:20	261	143	117	74	40	10	645	6	100
11/08/2015 20:25	286	139	119	103	57	16	720	6	100
11/08/2015 20:30	283	161	116	83	44	11	698	6	100
11/08/2015 20:35	264	156	100	101	56	10	687	6	100
11/08/2015 20:40	265	154	123	81	51	9	683	6	100
11/08/2015 20:45	265	135	125	93	41	6	665	6	100
11/08/2015 20:50	266	134	102	88	57	11	658	6	100
11/08/2015 20:55	279	137	100	81	47	4	648	6	100
11/08/2015 21:00	257	121	100	76	44	6	604	6	100
11/08/2015 21:05	246	156	94	71	43	11	621	6	100
11/08/2015 21:10	273	143	110	74	34	8	642	6	100
11/08/2015 21:15	259	130	101	80	54	17	641	6	100
11/08/2015 21:20	261	144	86	83	36	10	620	6	100
11/08/2015 21:25	240	147	104	69	33	9	602	6	100
11/08/2015 21:30	263	131	107	90	49	14	654	6	100
11/08/2015 21:35	247	123	91	70	33	9	573	6	100
11/08/2015 21:40	241	117	103	73	31	6	571	6	100
11/08/2015 21:45	261	119	86	63	34	11	574	6	100
11/08/2015 21:50	236	133	87	59	23	3	541	6	100
11/08/2015 21:55	260	114	77	50	26	9	536	6	100
11/08/2015 22:00	237	113	90	60	24	7	531	6	100
11/08/2015 22:05	233	116	93	61	30	4	537	6	100
11/08/2015 22:10	267	97	87	67	50	7	575	6	100
11/08/2015 22:15	246	104	71	51	24	7	503	6	100
11/08/2015 22:20	224	91	75	53	21	5	469	6	100
11/08/2015 22:25	220	91	71	50	30	1	463	6	100
11/08/2015 22:30	190	97	63	47	27	3	427	6	100
11/08/2015 22:35	220	96	64	40	17	6	443	6	100
11/08/2015 22:40	226	96	73	49	30	6	480	6	100
11/08/2015 22:45	211	96	67	39	14	3	430	6	100
11/08/2015 22:50	221	100	74	40	13	4	452	6	100
11/08/2015 22:55	201	83	76	34	11	3	408	6	100
11/08/2015 23:00	206	77	63	37	13	9	405	6	100
11/08/2015 23:05	226	79	69	36	21	6	437	6	100
11/08/2015 23:10	199	77	67	43	16	4	406	6	100
11/08/2015 23:15	200	67	54	26	17	6	370	6	100
11/08/2015 23:20	211	80	49	30	20	6	396	6	100
11/08/2015 23:25	181	94	44	36	17	1	373	6	100
11/08/2015 23:30	183	87	57	34	9	4	374	6	100
11/08/2015 23:35	177	63	49	30	7	1	327	6	100
11/08/2015 23:40	190	69	41	23	4	3	330	6	100
11/08/2015 23:45	186	66	51	23	13	0	339	6	100
11/08/2015 23:50	169	59	54	24	11	4	321	6	100
11/08/2015 23:55	170	36	44	16	4	0	270	6	100
