5 Minutes	Lane 1 Flow (Veh/5 Minutes)	Lane 2 Flow (Veh/5 Minutes)	Lane 3 Flow (Veh/5 Minutes)	Lane 4 Flow (Veh/5 Minutes)	Flow (Veh/5 Minutes)	# Lane Points	% Observed
11/02/2015 00:00	20	39	34	23	116	4	100
11/02/2015 00:05	21	35	31	22	109	4	100
11/02/2015 00:10	19	28	21	26	94	4	100
11/02/2015 00:15	23	31	19	28	101	4	100
11/02/2015 00:20	25	33	26	15	99	4	100
11/02/2015 00:25	22	27	19	20	88	4	100
11/02/2015 00:30	21	26	23	20	90	4	100
11/02/2015 00:35	16	24	24	15	79	4	100
11/02/2015 00:40	20	29	18	16	83	4	100
11/02/2015 00:45	16	19	22	21	78	4	100
11/02/2015 00:50	20	20	13	25	78	4	100
11/02/2015 00:55	8	19	16	20	63	4	100
11/02/2015 01:00	7	16	15	11	49	4	100
11/02/2015 01:05	4	21	14	19	58	4	100
11/02/2015 01:10	10	14	14	12	50	4	100
11/02/2015 01:15	7	10	12	9	38	4	100
11/02/2015 01:20	7	19	12	14	52	4	100
11/02/2015 01:25	8	13	14	17	52	4	100
11/02/2015 01:30	9	14	7	11	41	4	100
11/02/2015 01:35	8	18	13	9	48	4	100
11/02/2015 01:40	11	19	16	9	55	4	100
11/02/2015 01:45	6	15	13	15	49	4	100
11/02/2015 01:50	10	13	14	12	49	4	100
11/02/2015 01:55	6	12	13	4	35	4	100
11/02/2015 02:00	12	16	12	5	45	4	100
11/02/2015 02:05	12	18	18	11	59	4	100
11/02/2015 02:10	5	14	12	15	46	4	100
11/02/2015 02:15	3	9	8	18	38	4	100
11/02/2015 02:20	10	15	12	17	54	4	100
11/02/2015 02:25	6	17	14	15	52	4	100
11/02/2015 02:30	11	12	8	18	49	4	100
11/02/2015 02:35	5	15	17	14	51	4	100
11/02/2015 02:40	10	13	16	11	50	4	100
11/02/2015 02:45	11	21	20	16	68	4	100
11/02/2015 02:50	6	18	15	12	51	4	100
11/02/2015 02:55	11	19	11	15	56	4	100
11/02/2015 03:00	12	21	15	15	63	4	100
11/02/2015 03:05	19	27	15	9	70	4	100
11/02/2015 03:10	13	24	20	19	76	4	100
11/02/2015 03:15	13	26	15	21	75	4	100
11/02/2015 03:20	24	31	24	19	98	4	100
11/02/2015 03:25	15	24	16	18	73	4	100
11/02/2015 03:30	22	29	18	16	85	4	100
11/02/2015 03:35	19	34	17	22	92	4	100
11/02/2015 03:40	23	28	19	28	98	4	100
11/02/2015 03:45	27	33	21	23	104	4	100
11/02/2015 03:50	26	33	16	32	107	4	100
11/02/2015 03:55	30	38	22	25	115	4	100
11/02/2015 04:00	23	41	24	28	116	4	100
11/02/2015 04:05	51	54	26	26	157	4	100
11/02/2015 04:10	37	48	31	23	139	4	100
11/02/2015 04:15	53	60	37	36	186	4	100
11/02/2015 04:20	52	56	36	37	181	4	100
11/02/2015 04:25	85	70	41	45	241	4	100
11/02/2015 04:30	88	75	43	47	253	4	100
11/02/2015 04:35	86	79	54	57	276	4	100
11/02/2015 04:40	103	78	67	82	330	4	100
11/02/2015 04:45	92	81	49	76	298	4	100
11/02/2015 04:50	94	86	59	63	302	4	100
11/02/2015 04:55	105	101	54	73	333	4	100
11/02/2015 05:00	117	95	64	60	336	4	100
11/02/2015 05:05	136	111	75	72	394	4	100
11/02/2015 05:10	175	137	86	90	488	4	100
11/02/2015 05:15	176	142	90	112	520	4	100
11/02/2015 05:20	234	187	124	125	670	4	100
11/02/2015 05:25	187	179	130	137	633	4	100
11/02/2015 05:30	133	140	131	137	541	4	100
11/02/2015 05:35	130	124	126	129	509	4	100
11/02/2015 05:40	128	75	119	133	455	4	100
11/02/2015 05:45	116	109	127	116	468	4	100
11/02/2015 05:50	92	93	111	110	406	4	100
11/02/2015 05:55	117	101	99	102	419	4	100
11/02/2015 06:00	110	95	85	85	375	4	100
11/02/2015 06:05	105	85	71	83	344	4	100
11/02/2015 06:10	96	86	81	83	346	4	100
11/02/2015 06:15	78	54	51	69	252	4	100
11/02/2015 06:20	75	63	57	61	256	4	100
11/02/2015 06:25	86	77	62	76	301	4	100
11/02/2015 06:30	73	53	51	63	240	4	100
11/02/2015 06:35	75	57	51	67	250	4	100
11/02/2015 06:40	80	63	43	65	251	4	100
11/02/2015 06:45	73	54	44	67	238	4	100
11/02/2015 06:50	63	43	26	54	186	4	100
11/02/2015 06:55	63	56	45	56	220	4	100
11/02/2015 07:00	62	44	37	61	204	4	100
11/02/2015 07:05	54	50	28	44	176	4	100
11/02/2015 07:10	71	42	33	65	211	4	100
11/02/2015 07:15	61	49	35	63	208	4	100
11/02/2015 07:20	61	48	23	60	192	4	100
11/02/2015 07:25	43	40	13	39	135	4	100
11/02/2015 07:30	65	46	41	50	202	4	100
11/02/2015 07:35	58	40	36	57	191	4	100
11/02/2015 07:40	50	28	16	45	139	4	100
11/02/2015 07:45	61	41	42	56	200	4	100
11/02/2015 07:50	66	53	34	58	211	4	100
11/02/2015 07:55	62	53	35	78	228	4	100
11/02/2015 08:00	43	27	26	52	148	4	100
11/02/2015 08:05	48	45	28	50	171	4	100
11/02/2015 08:10	55	44	16	45	160	4	100
11/02/2015 08:15	58	42	38	76	214	4	100
11/02/2015 08:20	52	37	32	45	166	4	100
11/02/2015 08:25	48	35	22	46	151	4	100
11/02/2015 08:30	54	38	40	70	202	4	100
11/02/2015 08:35	55	32	25	56	168	4	100
11/02/2015 08:40	47	29	15	23	114	4	100
11/02/2015 08:45	44	26	20	56	146	4	100
11/02/2015 08:50	55	32	36	72	195	4	100
11/02/2015 08:55	55	32	28	50	165	4	100
11/02/2015 09:00	41	27	34	34	136	4	100
11/02/2015 09:05	61	44	56	72	233	4	100
11/02/2015 09:10	57	37	26	72	192	4	100
11/02/2015 09:15	59	34	33	62	188	4	100
11/02/2015 09:20	44	27	15	33	119	4	100
11/02/2015 09:25	45	29	30	65	169	4	100
11/02/2015 09:30	63	46	63	65	237	4	100
11/02/2015 09:35	51	35	32	77	195	4	100
11/02/2015 09:40	54	42	43	53	192	4	100
11/02/2015 09:45	72	63	35	67	237	4	100
11/02/2015 09:50	58	48	37	82	225	4	100
11/02/2015 09:55	59	50	31	59	199	4	100
11/02/2015 10:00	58	43	36	56	193	4	100
11/02/2015 10:05	60	52	41	97	250	4	100
11/02/2015 10:10	78	65	59	94	296	4	100
11/02/2015 10:15	70	63	74	113	320	4	100
11/02/2015 10:20	73	69	71	98	311	4	100
11/02/2015 10:25	69	59	58	103	289	4	100
11/02/2015 10:30	89	88	98	123	398	4	100
11/02/2015 10:35	97	91	93	140	421	4	100
11/02/2015 10:40	84	102	102	146	434	4	100
11/02/2015 10:45	108	101	93	143	445	4	100
11/02/2015 10:50	91	95	111	117	414	4	100
11/02/2015 10:55	79	92	101	139	411	4	100
11/02/2015 11:00	101	103	105	140	449	4	100
11/02/2015 11:05	101	108	90	121	420	4	100
11/02/2015 11:10	134	114	126	128	502	4	100
11/02/2015 11:15	133	131	121	150	535	4	100
11/02/2015 11:20	113	108	111	133	465	4	100
11/02/2015 11:25	117	102	116	131	466	4	100
11/02/2015 11:30	113	106	118	135	472	4	100
11/02/2015 11:35	124	116	113	139	492	4	100
11/02/2015 11:40	116	111	112	136	475	4	100
11/02/2015 11:45	93	108	117	120	438	4	100
11/02/2015 11:50	119	106	112	134	471	4	100
11/02/2015 11:55	108	109	91	127	435	4	100
11/02/2015 12:00	107	100	105	136	448	4	100
11/02/2015 12:05	115	114	104	123	456	4	100
11/02/2015 12:10	116	112	114	131	473	4	100
11/02/2015 12:15	98	98	109	140	445	4	100
11/02/2015 12:20	109	103	111	116	439	4	100
11/02/2015 12:25	138	128	149	162	577	4	100
11/02/2015 12:30	127	113	115	135	490	4	100
11/02/2015 12:35	126	119	120	151	516	4	100
11/02/2015 12:40	107	117	112	136	472	4	100
11/02/2015 12:45	128	107	119	134	488	4	100
11/02/2015 12:50	125	107	122	136	490	4	100
11/02/2015 12:55	117	117	115	123	472	4	100
11/02/2015 13:00	90	97	111	132	430	4	100
11/02/2015 13:05	102	101	118	123	444	4	100
11/02/2015 13:10	120	100	104	116	440	4	100
11/02/2015 13:15	117	102	124	147	490	4	100
11/02/2015 13:20	106	106	119	132	463	4	100
11/02/2015 13:25	130	121	114	139	504	4	100
11/02/2015 13:30	108	108	115	134	465	4	100
11/02/2015 13:35	116	95	104	121	436	4	100
11/02/2015 13:40	90	84	108	127	409	4	100
11/02/2015 13:45	97	101	114	136	448	4	100
11/02/2015 13:50	88	99	105	126	418	4	100
11/02/2015 13:55	88	104	121	128	441	4	100
11/02/2015 14:00	101	95	95	120	411	4	100
11/02/2015 14:05	112	107	105	131	455	4	100
11/02/2015 14:10	90	104	101	110	405	4	100
11/02/2015 14:15	127	118	117	131	493	4	100
11/02/2015 14:20	116	109	87	121	433	4	100
11/02/2015 14:25	127	103	113	130	473	4	100
11/02/2015 14:30	105	108	113	144	470	4	100
11/02/2015 14:35	105	101	115	137	458	4	100
11/02/2015 14:40	117	87	105	135	444	4	100
11/02/2015 14:45	94	93	99	111	397	4	100
11/02/2015 14:50	79	80	93	124	376	4	100
11/02/2015 14:55	111	99	109	120	439	4	100
11/02/2015 15:00	113	111	105	119	448	4	100
11/02/2015 15:05	104	94	102	115	415	4	100
11/02/2015 15:10	113	111	96	109	429	4	100
11/02/2015 15:15	99	94	97	106	396	4	100
11/02/2015 15:20	92	99	99	108	398	4	100
11/02/2015 15:25	116	99	96	114	425	4	100
11/02/2015 15:30	99	97	90	114	400	4	100
11/02/2015 15:35	136	123	108	120	487	4	100
11/02/2015 15:40	126	113	121	140	500	4	100
11/02/2015 15:45	124	106	130	114	474	4	100
11/02/2015 15:50	111	91	99	115	416	4	100
11/02/2015 15:55	111	109	95	113	428	4	100
11/02/2015 16:00	115	104	103	107	429	4	100
11/02/2015 16:05	112	94	99	102	407	4	100
11/02/2015 16:10	103	92	110	99	404	4	100
11/02/2015 16:15	129	92	110	116	447	4	100
11/02/2015 16:20	125	101	88	97	411	4	100
11/02/2015 16:25	105	95	99	106	405	4	100
11/02/2015 16:30	119	92	91	112	414	4	100
11/02/2015 16:35	119	104	87	97	407	4	100
11/02/2015 16:40	103	92	107	114	416	4	100
11/02/2015 16:45	113	99	99	102	413	4	100
11/02/2015 16:50	103	102	94	99	398	4	100
11/02/2015 16:55	108	107	92	89	396	4	100
11/02/2015 17:00	110	98	87	102	397	4	100
11/02/2015 17:05	113	99	92	96	400	4	100
11/02/2015 17:10	112	108	97	96	413	4	100
11/02/2015 17:15	130	106	126	68	430	4	100
11/02/2015 17:20	103	92	124	57	376	4	100
11/02/2015 17:25	132	106	113	49	400	4	100
11/02/2015 17:30	119	103	117	49	388	4	100
11/02/2015 17:35	138	115	119	50	422	4	100
11/02/2015 17:40	148	129	139	62	478	4	100
11/02/2015 17:45	117	94	100	78	389	4	100
11/02/2015 17:50	120	113	88	85	406	4	100
11/02/2015 17:55	123	111	83	77	394	4	100
11/02/2015 18:00	124	121	106	96	447	4	100
11/02/2015 18:05	109	113	102	102	426	4	100
11/02/2015 18:10	101	108	99	89	397	4	100
11/02/2015 18:15	123	106	96	83	408	4	100
11/02/2015 18:20	126	108	101	97	432	4	100
11/02/2015 18:25	119	111	79	106	415	4	100
11/02/2015 18:30	116	98	91	87	392	4	100
11/02/2015 18:35	131	106	80	106	423	4	100
11/02/2015 18:40	107	81	91	95	374	4	100
11/02/2015 18:45	95	104	71	88	358	4	100
11/02/2015 18:50	101	97	91	93	382	4	100
11/02/2015 18:55	86	87	81	82	336	4	100
11/02/2015 19:00	93	80	78	92	343	4	100
11/02/2015 19:05	74	73	81	89	317	4	100
11/02/2015 19:10	86	90	86	82	344	4	100
11/02/2015 19:15	82	79	76	90	327	4	100
11/02/2015 19:20	81	80	79	63	303	4	100
11/02/2015 19:25	72	73	76	78	299	4	100
11/02/2015 19:30	65	87	70	85	307	4	100
11/02/2015 19:35	79	61	64	76	280	4	100
11/02/2015 19:40	57	64	66	76	263	4	100
11/02/2015 19:45	58	55	61	81	255	4	100
11/02/2015 19:50	56	66	65	70	257	4	100
11/02/2015 19:55	51	59	61	61	232	4	100
11/02/2015 20:00	53	66	70	77	266	4	100
11/02/2015 20:05	59	64	59	82	264	4	100
11/02/2015 20:10	50	68	59	73	250	4	100
11/02/2015 20:15	55	55	63	92	265	4	100
11/02/2015 20:20	62	62	84	71	279	4	100
11/02/2015 20:25	56	63	68	67	254	4	100
11/02/2015 20:30	62	81	55	64	262	4	100
11/02/2015 20:35	56	64	76	59	255	4	100
11/02/2015 20:40	67	70	74	71	282	4	100
11/02/2015 20:45	46	62	65	70	243	4	100
11/02/2015 20:50	48	57	60	65	230	4	100
11/02/2015 20:55	47	65	63	69	244	4	100
11/02/2015 21:00	56	53	68	57	234	4	100
11/02/2015 21:05	53	58	68	58	237	4	100
11/02/2015 21:10	52	54	72	58	236	4	100
11/02/2015 21:15	59	58	64	67	248	4	100
11/02/2015 21:20	46	52	63	64	225	4	100
11/02/2015 21:25	53	54	61	67	235	4	100
11/02/2015 21:30	56	55	57	51	219	4	100
11/02/2015 21:35	48	53	60	56	217	4	100
11/02/2015 21:40	55	56	75	70	256	4	100
11/02/2015 21:45	64	60	56	58	238	4	100
11/02/2015 21:50	45	53	54	53	205	4	100
11/02/2015 21:55	57	57	48	47	209	4	100
11/02/2015 22:00	43	54	55	55	207	4	100
11/02/2015 22:05	51	51	49	47	198	4	100
11/02/2015 22:10	41	48	53	52	194	4	100
11/02/2015 22:15	52	66	53	50	221	4	100
11/02/2015 22:20	32	34	60	61	187	4	100
11/02/2015 22:25	36	47	49	37	169	4	100
11/02/2015 22:30	42	51	53	44	190	4	100
11/02/2015 22:35	36	45	33	41	155	4	100
11/02/2015 22:40	33	46	55	39	173	4	100
11/02/2015 22:45	27	33	44	47	151	4	100
11/02/2015 22:50	22	38	38	36	134	4	100
11/02/2015 22:55	22	32	36	34	124	4	100
11/02/2015 23:00	26	39	33	35	133	4	100
11/02/2015 23:05	25	23	26	33	107	4	100
11/02/2015 23:10	24	31	31	24	110	4	100
11/02/2015 23:15	25	40	37	35	137	4	100
11/02/2015 23:20	18	33	26	25	102	4	100
11/02/2015 23:25	18	29	23	26	96	4	100
11/02/2015 23:30	19	26	37	24	106	4	100
11/02/2015 23:35	18	26	28	23	95	4	100
11/02/2015 23:40	18	29	20	24	91	4	100
11/02/2015 23:45	13	29	24	21	87	4	100
11/02/2015 23:50	17	19	21	19	76	4	100
11/02/2015 23:55	6	20	29	26	81	4	100
11/03/2015 00:00	16	25	33	24	98	4	75
11/03/2015 00:05	13	20	31	19	83	4	75
11/03/2015 00:10	16	26	35	26	103	4	75
11/03/2015 00:15	11	16	33	20	80	4	75
11/03/2015 00:20	10	17	28	17	72	4	75
11/03/2015 00:25	8	15	30	24	77	4	75
11/03/2015 00:30	12	21	31	17	81	4	75
11/03/2015 00:35	12	16	30	11	69	4	75
11/03/2015 00:40	5	16	30	20	71	4	75
11/03/2015 00:45	10	21	31	21	83	4	75
11/03/2015 00:50	6	18	30	17	71	4	75
11/03/2015 00:55	10	19	29	15	73	4	75
11/03/2015 01:00	4	11	26	12	53	4	75
11/03/2015 01:05	10	16	30	22	78	4	75
11/03/2015 01:10	3	10	25	12	50	4	75
11/03/2015 01:15	4	13	29	14	60	4	75
11/03/2015 01:20	8	18	29	8	63	4	75
11/03/2015 01:25	4	17	28	11	60	4	75
11/03/2015 01:30	7	13	27	10	57	4	75
11/03/2015 01:35	5	12	24	6	47	4	75
11/03/2015 01:40	8	17	28	8	61	4	75
11/03/2015 01:45	6	14	26	12	58	4	75
11/03/2015 01:50	6	13	29	18	66	4	75
11/03/2015 01:55	3	13	27	9	52	4	75
11/03/2015 02:00	8	21	30	16	75	4	75
11/03/2015 02:05	5	17	27	13	62	4	75
11/03/2015 02:10	8	13	27	8	56	4	75
11/03/2015 02:15	3	8	25	11	47	4	75
11/03/2015 02:20	4	12	25	9	50	4	75
11/03/2015 02:25	6	14	27	12	59	4	75
11/03/2015 02:30	5	14	28	9	56	4	75
11/03/2015 02:35	7	8	26	13	54	4	75
11/03/2015 02:40	11	18	30	16	75	4	75
11/03/2015 02:45	12	15	28	12	67	4	75
11/03/2015 02:50	9	11	27	7	54	4	75
11/03/2015 02:55	7	16	29	16	68	4	75
11/03/2015 03:00	11	16	30	17	74	4	75
11/03/2015 03:05	11	17	29	16	73	4	75
11/03/2015 03:10	8	18	30	15	71	4	75
11/03/2015 03:15	10	22	29	14	75	4	75
11/03/2015 03:20	9	21	29	7	66	4	75
11/03/2015 03:25	21	23	32	17	93	4	75
11/03/2015 03:30	25	32	37	29	123	4	75
11/03/2015 03:35	18	30	34	20	102	4	75
11/03/2015 03:40	22	26	34	20	102	4	75
11/03/2015 03:45	33	33	37	27	130	4	75
11/03/2015 03:50	24	30	35	22	111	4	75
11/03/2015 03:55	23	34	39	25	121	4	75
11/03/2015 04:00	26	39	39	31	135	4	75
11/03/2015 04:05	33	40	37	19	129	4	75
11/03/2015 04:10	37	51	45	29	162	4	75
11/03/2015 04:15	55	52	44	30	181	4	75
11/03/2015 04:20	50	61	52	37	200	4	75
11/03/2015 04:25	74	66	53	46	239	4	75
11/03/2015 04:30	80	75	58	49	262	4	75
11/03/2015 04:35	79	67	62	56	264	4	75
11/03/2015 04:40	84	80	68	69	301	4	75
11/03/2015 04:45	94	77	65	59	295	4	75
11/03/2015 04:50	104	95	66	61	326	4	75
11/03/2015 04:55	83	79	65	72	299	4	75
11/03/2015 05:00	115	105	76	64	360	4	75
11/03/2015 05:05	151	123	87	84	445	4	75
11/03/2015 05:10	157	136	90	89	472	4	75
11/03/2015 05:15	164	130	94	93	481	4	75
11/03/2015 05:20	206	178	121	120	625	4	75
11/03/2015 05:25	117	104	87	91	399	4	75
11/03/2015 05:30	188	178	130	130	626	4	75
11/03/2015 05:35	150	161	124	159	594	4	75
11/03/2015 05:40	136	135	109	129	509	4	75
11/03/2015 05:45	116	112	96	103	427	4	75
11/03/2015 05:50	104	98	89	103	394	4	75
11/03/2015 05:55	115	109	93	105	422	4	75
11/03/2015 06:00	102	88	79	96	365	4	75
11/03/2015 06:05	111	93	81	88	373	4	75
11/03/2015 06:10	99	85	78	89	351	4	75
11/03/2015 06:15	75	53	58	74	260	4	75
11/03/2015 06:20	78	60	62	71	271	4	75
11/03/2015 06:25	77	62	61	68	268	4	75
11/03/2015 06:30	72	61	62	83	278	4	75
11/03/2015 06:35	80	59	60	80	279	4	75
11/03/2015 06:40	58	48	55	40	201	4	75
11/03/2015 06:45	58	45	53	57	213	4	75
11/03/2015 06:50	76	52	54	68	250	4	75
11/03/2015 06:55	66	50	55	65	236	4	75
11/03/2015 07:00	48	29	42	40	159	4	75
11/03/2015 07:05	59	41	51	56	207	4	75
11/03/2015 07:10	69	54	57	63	243	4	75
11/03/2015 07:15	68	40	51	53	212	4	75
11/03/2015 07:20	53	23	40	41	157	4	75
11/03/2015 07:25	34	24	38	36	132	4	75
11/03/2015 07:30	50	46	50	60	206	4	75
11/03/2015 07:35	49	38	47	48	182	4	75
11/03/2015 07:40	53	36	47	48	184	4	75
11/03/2015 07:45	51	32	44	36	163	4	75
11/03/2015 07:50	60	43	49	54	206	4	75
11/03/2015 07:55	64	44	53	39	200	4	75
11/03/2015 08:00	59	41	49	48	197	4	75
11/03/2015 08:05	44	26	41	42	153	4	75
11/03/2015 08:10	47	29	43	30	149	4	75
11/03/2015 08:15	44	34	43	43	164	4	75
11/03/2015 08:20	51	41	50	57	199	4	75
11/03/2015 08:25	45	30	42	49	166	4	75
11/03/2015 08:30	58	30	44	39	171	4	75
11/03/2015 08:35	59	41	49	56	205	4	75
11/03/2015 08:40	54	43	51	51	199	4	75
11/03/2015 08:45	56	38	49	54	197	4	75
11/03/2015 08:50	42	21	41	57	161	4	75
11/03/2015 08:55	52	36	47	44	179	4	75
11/03/2015 09:00	54	50	47	33	184	4	75
11/03/2015 09:05	58	50	55	59	222	4	75
11/03/2015 09:10	54	38	48	55	195	4	75
11/03/2015 09:15	53	39	48	40	180	4	75
11/03/2015 09:20	62	40	50	66	218	4	75
11/03/2015 09:25	48	32	41	39	160	4	75
11/03/2015 09:30	50	24	42	42	158	4	75
11/03/2015 09:35	42	32	43	41	158	4	75
11/03/2015 09:40	54	50	54	47	205	4	75
11/03/2015 09:45	66	55	59	74	254	4	75
11/03/2015 09:50	40	37	48	33	158	4	75
11/03/2015 09:55	64	44	52	58	218	4	75
11/03/2015 10:00	44	27	42	68	181	4	75
11/03/2015 10:05	66	61	61	81	269	4	75
11/03/2015 10:10	64	57	60	88	269	4	75
11/03/2015 10:15	48	38	49	61	196	4	75
11/03/2015 10:20	61	56	60	66	243	4	75
11/03/2015 10:25	64	45	52	75	236	4	75
11/03/2015 10:30	81	81	78	95	335	4	75
11/03/2015 10:35	69	63	65	96	293	4	75
11/03/2015 10:40	67	60	64	102	293	4	75
11/03/2015 10:45	82	69	68	104	323	4	75
11/03/2015 10:50	72	64	71	114	321	4	75
11/03/2015 10:55	83	80	78	113	354	4	75
11/03/2015 11:00	85	80	76	108	349	4	75
11/03/2015 11:05	104	100	92	118	414	4	75
11/03/2015 11:10	90	96	90	121	397	4	75
11/03/2015 11:15	98	80	77	131	386	4	75
11/03/2015 11:20	118	116	94	135	463	4	75
11/03/2015 11:25	107	113	101	147	468	4	75
11/03/2015 11:30	123	111	95	135	464	4	75
11/03/2015 11:35	115	112	93	137	457	4	75
11/03/2015 11:40	101	115	94	138	448	4	75
11/03/2015 11:45	89	102	94	126	411	4	75
11/03/2015 11:50	120	113	91	146	470	4	75
11/03/2015 11:55	89	96	88	130	403	4	75
11/03/2015 12:00	114	114	93	136	457	4	75
11/03/2015 12:05	125	111	95	135	466	4	75
11/03/2015 12:10	104	97	87	134	422	4	75
11/03/2015 12:15	118	96	88	139	441	4	75
11/03/2015 12:20	114	107	96	131	448	4	75
11/03/2015 12:25	117	117	96	147	477	4	75
11/03/2015 12:30	116	121	100	146	483	4	75
11/03/2015 12:35	117	113	98	138	466	4	75
11/03/2015 12:40	123	113	101	148	485	4	75
11/03/2015 12:45	114	96	97	141	448	4	75
11/03/2015 12:50	137	127	96	144	504	4	75
11/03/2015 12:55	126	124	99	133	482	4	75
11/03/2015 13:00	110	106	90	136	442	4	75
11/03/2015 13:05	118	114	95	138	465	4	75
11/03/2015 13:10	116	106	88	125	435	4	75
11/03/2015 13:15	99	95	86	120	400	4	75
11/03/2015 13:20	132	105	92	127	456	4	75
11/03/2015 13:25	120	104	95	148	467	4	75
11/03/2015 13:30	124	101	87	129	441	4	75
11/03/2015 13:35	108	97	91	137	433	4	75
11/03/2015 13:40	126	110	93	127	456	4	75
11/03/2015 13:45	98	106	90	127	421	4	75
11/03/2015 13:50	102	104	89	145	440	4	75
11/03/2015 13:55	97	94	82	131	404	4	75
11/03/2015 14:00	114	111	93	134	452	4	75
11/03/2015 14:05	116	107	91	131	445	4	75
11/03/2015 14:10	126	115	95	143	479	4	75
11/03/2015 14:15	120	110	95	134	459	4	75
11/03/2015 14:20	132	111	92	139	474	4	75
11/03/2015 14:25	115	124	100	136	475	4	75
11/03/2015 14:30	125	106	89	142	462	4	75
11/03/2015 14:35	113	118	98	140	469	4	75
11/03/2015 14:40	120	102	87	92	401	4	75
11/03/2015 14:45	132	99	84	92	407	4	75
11/03/2015 14:50	127	107	86	65	385	4	75
11/03/2015 14:55	129	109	88	88	414	4	75
11/03/2015 15:00	124	106	81	71	382	4	75
11/03/2015 15:05	127	112	84	85	408	4	75
11/03/2015 15:10	111	104	87	81	383	4	75
11/03/2015 15:15	97	95	77	78	347	4	75
11/03/2015 15:20	104	108	93	101	406	4	75
11/03/2015 15:25	105	93	80	97	375	4	75
11/03/2015 15:30	96	95	82	97	370	4	75
11/03/2015 15:35	145	124	94	91	454	4	75
11/03/2015 15:40	120	108	93	116	437	4	75
11/03/2015 15:45	113	94	82	87	376	4	75
11/03/2015 15:50	127	114	89	122	452	4	75
11/03/2015 15:55	114	98	84	98	394	4	75
11/03/2015 16:00	107	94	87	128	416	4	75
11/03/2015 16:05	129	116	97	121	463	4	75
11/03/2015 16:10	113	103	90	118	424	4	75
11/03/2015 16:15	117	103	85	96	401	4	75
11/03/2015 16:20	131	133	96	132	492	4	75
11/03/2015 16:25	126	96	83	105	410	4	75
11/03/2015 16:30	102	93	82	114	391	4	75
11/03/2015 16:35	122	108	85	114	429	4	75
11/03/2015 16:40	134	117	96	114	461	4	75
11/03/2015 16:45	122	105	86	121	434	4	75
11/03/2015 16:50	122	110	90	85	407	4	75
11/03/2015 16:55	123	114	88	79	404	4	75
11/03/2015 17:00	117	102	81	77	377	4	75
11/03/2015 17:05	122	95	89	96	402	4	75
11/03/2015 17:10	138	111	92	80	421	4	75
11/03/2015 17:15	127	112	90	85	414	4	75
11/03/2015 17:20	128	112	97	73	410	4	75
11/03/2015 17:25	127	108	91	77	403	4	75
11/03/2015 17:30	144	123	87	78	432	4	75
11/03/2015 17:35	130	109	93	80	412	4	75
11/03/2015 17:40	126	112	91	93	422	4	75
11/03/2015 17:45	133	123	97	90	443	4	75
11/03/2015 17:50	108	101	87	90	386	4	75
11/03/2015 17:55	131	106	90	89	416	4	75
11/03/2015 18:00	103	98	85	96	382	4	75
11/03/2015 18:05	115	106	85	100	406	4	75
11/03/2015 18:10	145	116	89	96	446	4	75
11/03/2015 18:15	127	108	88	89	412	4	75
11/03/2015 18:20	131	107	88	84	410	4	75
11/03/2015 18:25	120	106	90	112	428	4	75
11/03/2015 18:30	111	101	82	96	390	4	75
11/03/2015 18:35	108	103	78	108	397	4	75
11/03/2015 18:40	106	94	84	108	392	4	75
11/03/2015 18:45	81	80	76	104	341	4	75
11/03/2015 18:50	111	94	80	101	386	4	75
11/03/2015 18:55	93	91	80	108	372	4	75
11/03/2015 19:00	88	82	70	83	323	4	75
11/03/2015 19:05	98	88	72	89	347	4	75
11/03/2015 19:10	84	88	78	89	339	4	75
11/03/2015 19:15	72	67	65	75	279	4	75
11/03/2015 19:20	89	80	77	91	337	4	75
11/03/2015 19:25	94	88	75	100	357	4	75
11/03/2015 19:30	78	84	74	86	322	4	75
11/03/2015 19:35	73	73	69	73	288	4	75
11/03/2015 19:40	78	79	70	90	317	4	75
11/03/2015 19:45	63	80	74	93	310	4	75
11/03/2015 19:50	63	77	73	93	306	4	75
11/03/2015 19:55	58	68	66	84	276	4	75
11/03/2015 20:00	61	70	67	79	277	4	75
11/03/2015 20:05	57	63	61	79	260	4	75
11/03/2015 20:10	67	65	65	68	265	4	75
11/03/2015 20:15	61	70	64	78	273	4	75
11/03/2015 20:20	65	73	61	63	262	4	75
11/03/2015 20:25	62	58	58	67	245	4	75
11/03/2015 20:30	54	74	65	68	261	4	75
11/03/2015 20:35	66	70	62	65	263	4	75
11/03/2015 20:40	74	71	63	79	287	4	75
11/03/2015 20:45	61	73	66	82	282	4	75
11/03/2015 20:50	61	67	65	76	269	4	75
11/03/2015 20:55	47	67	65	75	254	4	75
11/03/2015 21:00	56	63	64	85	268	4	75
11/03/2015 21:05	62	57	56	83	258	4	75
11/03/2015 21:10	55	48	59	72	234	4	75
11/03/2015 21:15	53	50	62	69	234	4	75
11/03/2015 21:20	50	56	58	70	234	4	75
11/03/2015 21:25	64	54	59	63	240	4	75
11/03/2015 21:30	49	63	62	81	255	4	75
11/03/2015 21:35	56	65	58	53	232	4	75
11/03/2015 21:40	54	43	55	60	212	4	75
11/03/2015 21:45	52	51	56	56	215	4	75
11/03/2015 21:50	45	67	62	59	233	4	75
11/03/2015 21:55	46	46	51	47	190	4	75
11/03/2015 22:00	44	57	56	51	208	4	75
11/03/2015 22:05	47	47	56	67	217	4	75
11/03/2015 22:10	48	61	62	63	234	4	75
11/03/2015 22:15	65	57	59	57	238	4	75
11/03/2015 22:20	37	43	54	69	203	4	75
11/03/2015 22:25	37	40	48	63	188	4	75
11/03/2015 22:30	43	46	50	43	182	4	75
11/03/2015 22:35	40	49	53	55	197	4	75
11/03/2015 22:40	40	41	48	60	189	4	75
11/03/2015 22:45	32	44	49	47	172	4	75
11/03/2015 22:50	28	41	47	52	168	4	75
11/03/2015 22:55	39	35	45	38	157	4	75
11/03/2015 23:00	18	35	42	39	134	4	75
11/03/2015 23:05	25	39	43	28	135	4	75
11/03/2015 23:10	25	38	44	39	146	4	75
11/03/2015 23:15	24	35	40	31	130	4	75
11/03/2015 23:20	23	34	38	28	123	4	75
11/03/2015 23:25	12	29	37	22	100	4	75
11/03/2015 23:30	18	32	40	28	118	4	75
11/03/2015 23:35	27	27	39	39	132	4	75
11/03/2015 23:40	26	29	37	30	122	4	75
11/03/2015 23:45	17	29	38	31	115	4	75
11/03/2015 23:50	10	31	39	30	110	4	75
11/03/2015 23:55	11	21	35	24	91	4	75
11/04/2015 00:00	13	27	40	23	103	4	75
11/04/2015 00:05	10	22	37	21	90	4	75
11/04/2015 00:10	13	29	41	17	100	4	75
11/04/2015 00:15	15	20	34	19	88	4	75
11/04/2015 00:20	13	24	35	22	94	4	75
11/04/2015 00:25	10	24	36	22	92	4	75
11/04/2015 00:30	10	22	36	15	83	4	75
11/04/2015 00:35	7	17	33	16	73	4	75
11/04/2015 00:40	13	18	34	22	87	4	75
11/04/2015 00:45	8	13	31	11	63	4	75
11/04/2015 00:50	5	18	33	19	75	4	75
11/04/2015 00:55	6	12	30	15	63	4	75
11/04/2015 01:00	6	14	31	12	63	4	75
11/04/2015 01:05	5	7	27	11	50	4	75
11/04/2015 01:10	6	22	36	14	78	4	75
11/04/2015 01:15	8	12	30	9	59	4	75
11/04/2015 01:20	7	15	32	9	63	4	75
11/04/2015 01:25	10	19	35	12	76	4	75
11/04/2015 01:30	4	12	30	14	60	4	75
11/04/2015 01:35	3	15	32	17	67	4	75
11/04/2015 01:40	8	8	27	12	55	4	75
11/04/2015 01:45	5	12	30	9	56	4	75
11/04/2015 01:50	7	15	32	12	66	4	75
11/04/2015 01:55	4	12	30	17	63	4	75
11/04/2015 02:00	3	14	29	11	57	4	75
11/04/2015 02:05	7	16	32	13	68	4	75
11/04/2015 02:10	5	12	30	13	60	4	75
11/04/2015 02:15	4	13	31	8	56	4	75
11/04/2015 02:20	10	13	30	14	67	4	75
11/04/2015 02:25	7	13	31	13	64	4	75
11/04/2015 02:30	5	16	31	10	62	4	75
11/04/2015 02:35	12	15	31	14	72	4	75
11/04/2015 02:40	2	14	29	19	64	4	75
11/04/2015 02:45	9	9	28	21	67	4	75
11/04/2015 02:50	8	18	32	18	76	4	75
11/04/2015 02:55	10	23	37	13	83	4	75
11/04/2015 03:00	10	21	33	15	79	4	75
11/04/2015 03:05	11	26	37	16	90	4	75
11/04/2015 03:10	16	22	34	11	83	4	75
11/04/2015 03:15	16	20	35	10	81	4	75
11/04/2015 03:20	13	21	34	22	90	4	75
11/04/2015 03:25	10	26	38	13	87	4	75
11/04/2015 03:30	16	32	43	20	111	4	75
11/04/2015 03:35	26	35	40	15	116	4	75
11/04/2015 03:40	35	30	42	20	127	4	75
11/04/2015 03:45	23	39	44	31	137	4	75
11/04/2015 03:50	22	35	44	29	130	4	75
11/04/2015 03:55	20	33	42	27	122	4	75
11/04/2015 04:00	30	40	43	27	140	4	75
11/04/2015 04:05	42	47	49	38	176	4	75
11/04/2015 04:10	32	55	51	27	165	4	75
11/04/2015 04:15	36	56	54	31	177	4	75
11/04/2015 04:20	63	67	61	51	242	4	75
11/04/2015 04:25	62	53	57	48	220	4	75
11/04/2015 04:30	68	57	56	52	233	4	75
11/04/2015 04:35	79	82	73	61	295	4	75
11/04/2015 04:40	95	83	73	63	314	4	75
11/04/2015 04:45	91	88	70	86	335	4	75
11/04/2015 04:50	93	93	75	65	326	4	75
11/04/2015 04:55	101	87	78	71	337	4	75
11/04/2015 05:00	121	95	77	65	358	4	75
11/04/2015 05:05	140	113	93	81	427	4	75
11/04/2015 05:10	161	143	105	84	493	4	75
11/04/2015 05:15	179	141	105	106	531	4	75
11/04/2015 05:20	201	171	127	115	614	4	75
11/04/2015 05:25	194	163	125	139	621	4	75
11/04/2015 05:30	129	136	111	123	499	4	75
11/04/2015 05:35	81	78	77	103	339	4	75
11/04/2015 05:40	76	68	67	101	312	4	75
11/04/2015 05:45	92	72	69	93	326	4	75
11/04/2015 05:50	73	71	71	74	289	4	75
11/04/2015 05:55	75	40	65	88	268	4	75
11/04/2015 06:00	64	46	58	79	247	4	75
11/04/2015 06:05	34	29	44	58	165	4	75
11/04/2015 06:10	61	49	54	55	219	4	75
11/04/2015 06:15	58	45	54	77	234	4	75
11/04/2015 06:20	65	52	59	57	233	4	75
11/04/2015 06:25	51	32	50	40	173	4	75
11/04/2015 06:30	75	73	70	63	281	4	75
11/04/2015 06:35	86	78	73	73	310	4	75
11/04/2015 06:40	82	67	67	75	291	4	75
11/04/2015 06:45	74	56	62	71	263	4	75
11/04/2015 06:50	66	59	62	69	256	4	75
11/04/2015 06:55	69	54	57	71	251	4	75
11/04/2015 07:00	69	46	59	66	240	4	75
11/04/2015 07:05	62	32	44	53	191	4	75
11/04/2015 07:10	41	27	41	32	141	4	75
11/04/2015 07:15	61	46	52	50	209	4	75
11/04/2015 07:20	59	43	50	56	208	4	75
11/04/2015 07:25	49	33	44	37	163	4	75
11/04/2015 07:30	55	35	46	41	177	4	75
11/04/2015 07:35	48	38	47	60	193	4	75
11/04/2015 07:40	50	42	50	60	202	4	75
11/04/2015 07:45	44	34	44	41	163	4	75
11/04/2015 07:50	60	48	55	66	229	4	75
11/04/2015 07:55	57	46	52	50	205	4	75
11/04/2015 08:00	50	48	54	58	210	4	75
11/04/2015 08:05	41	26	42	47	156	4	75
11/04/2015 08:10	52	45	52	59	208	4	75
11/04/2015 08:15	45	23	39	55	162	4	75
11/04/2015 08:20	45	24	38	52	159	4	75
11/04/2015 08:25	52	39	48	55	194	4	75
11/04/2015 08:30	41	28	40	34	143	4	75
11/04/2015 08:35	50	25	40	39	154	4	75
11/04/2015 08:40	55	45	52	71	223	4	75
11/04/2015 08:45	45	26	44	41	156	4	75
11/04/2015 08:50	58	46	52	41	197	4	75
11/04/2015 08:55	61	32	49	35	177	4	75
11/04/2015 09:00	49	30	46	42	167	4	75
11/04/2015 09:05	61	38	48	54	201	4	75
11/04/2015 09:10	46	26	39	41	152	4	75
11/04/2015 09:15	65	31	52	55	203	4	75
11/04/2015 09:20	59	47	53	64	223	4	75
11/04/2015 09:25	44	37	46	34	161	4	75
11/04/2015 09:30	53	37	52	34	176	4	75
11/04/2015 09:35	58	50	55	60	223	4	75
11/04/2015 09:40	49	23	42	48	162	4	75
11/04/2015 09:45	67	62	63	53	245	4	75
11/04/2015 09:50	48	32	50	44	174	4	75
11/04/2015 09:55	48	34	44	55	181	4	75
11/04/2015 10:00	50	36	46	40	172	4	75
11/04/2015 10:05	63	38	51	74	226	4	75
11/04/2015 10:10	69	35	51	73	228	4	75
11/04/2015 10:15	46	25	48	58	177	4	75
11/04/2015 10:20	56	46	52	73	227	4	75
11/04/2015 10:25	69	51	62	80	262	4	75
11/04/2015 10:30	81	67	68	83	299	4	75
11/04/2015 10:35	53	38	57	85	233	4	75
11/04/2015 10:40	71	72	69	78	290	4	75
11/04/2015 10:45	75	54	62	89	280	4	75
11/04/2015 10:50	60	48	55	67	230	4	75
11/04/2015 10:55	87	70	69	109	335	4	75
11/04/2015 11:00	74	60	69	113	316	4	75
11/04/2015 11:05	76	75	71	115	337	4	75
11/04/2015 11:10	75	65	72	127	339	4	75
11/04/2015 11:15	78	68	67	108	321	4	75
11/04/2015 11:20	103	90	84	129	406	4	75
11/04/2015 11:25	81	83	85	125	374	4	75
11/04/2015 11:30	87	100	94	127	408	4	75
11/04/2015 11:35	114	120	100	141	475	4	75
11/04/2015 11:40	101	96	85	129	411	4	75
11/04/2015 11:45	110	89	80	133	412	4	75
11/04/2015 11:50	113	100	87	141	441	4	75
11/04/2015 11:55	103	105	91	133	432	4	75
11/04/2015 12:00	105	103	89	136	433	4	75
11/04/2015 12:05	113	99	87	129	428	4	75
11/04/2015 12:10	112	120	100	132	464	4	75
11/04/2015 12:15	124	109	93	149	475	4	75
11/04/2015 12:20	114	107	92	145	458	4	75
11/04/2015 12:25	105	102	89	129	425	4	75
11/04/2015 12:30	123	119	98	134	474	4	75
11/04/2015 12:35	95	111	95	151	452	4	75
11/04/2015 12:40	120	110	94	150	474	4	75
11/04/2015 12:45	117	109	93	156	475	4	75
11/04/2015 12:50	112	116	98	142	468	4	75
11/04/2015 12:55	109	95	84	137	425	4	75
11/04/2015 13:00	104	122	102	139	467	4	75
11/04/2015 13:05	103	106	91	131	431	4	75
11/04/2015 13:10	108	117	97	125	447	4	75
11/04/2015 13:15	130	109	93	139	471	4	75
11/04/2015 13:20	117	106	91	120	434	4	75
11/04/2015 13:25	126	122	102	152	502	4	75
11/04/2015 13:30	134	121	101	134	490	4	75
11/04/2015 13:35	118	117	99	149	483	4	75
11/04/2015 13:40	104	104	91	136	435	4	75
11/04/2015 13:45	104	111	95	140	450	4	75
11/04/2015 13:50	116	120	96	121	453	4	75
11/04/2015 13:55	118	104	90	132	444	4	75
11/04/2015 14:00	107	119	99	122	447	4	75
11/04/2015 14:05	141	103	89	134	467	4	75
11/04/2015 14:10	123	101	88	137	449	4	75
11/04/2015 14:15	108	115	97	134	454	4	75
11/04/2015 14:20	114	116	98	151	479	4	75
11/04/2015 14:25	127	118	99	141	485	4	75
11/04/2015 14:30	119	120	100	135	474	4	75
11/04/2015 14:35	120	96	86	150	452	4	75
11/04/2015 14:40	107	93	83	114	397	4	75
11/04/2015 14:45	107	113	96	140	456	4	75
11/04/2015 14:50	115	98	86	120	419	4	75
11/04/2015 14:55	92	102	89	126	409	4	75
11/04/2015 15:00	103	92	82	105	382	4	75
11/04/2015 15:05	117	105	91	113	426	4	75
11/04/2015 15:10	107	101	88	126	422	4	75
11/04/2015 15:15	101	96	85	125	407	4	75
11/04/2015 15:20	106	91	82	122	401	4	75
11/04/2015 15:25	116	114	93	130	453	4	75
11/04/2015 15:30	127	102	89	102	420	4	75
11/04/2015 15:35	124	99	87	83	393	4	75
11/04/2015 15:40	130	114	97	128	469	4	75
11/04/2015 15:45	128	121	98	124	471	4	75
11/04/2015 15:50	110	110	94	128	442	4	75
11/04/2015 15:55	119	96	89	116	420	4	75
11/04/2015 16:00	116	111	86	106	419	4	75
11/04/2015 16:05	110	105	91	116	422	4	75
11/04/2015 16:10	120	119	93	113	445	4	75
11/04/2015 16:15	108	87	79	114	388	4	75
11/04/2015 16:20	126	109	89	108	432	4	75
11/04/2015 16:25	104	103	89	120	416	4	75
11/04/2015 16:30	123	108	91	108	430	4	75
11/04/2015 16:35	129	109	93	113	444	4	75
11/04/2015 16:40	124	109	93	115	441	4	75
11/04/2015 16:45	130	105	88	96	419	4	75
11/04/2015 16:50	121	115	97	80	413	4	75
11/04/2015 16:55	129	116	96	91	432	4	75
11/04/2015 17:00	117	109	90	81	397	4	75
11/04/2015 17:05	115	115	84	91	405	4	75
11/04/2015 17:10	134	112	95	90	431	4	75
11/04/2015 17:15	130	131	103	82	446	4	75
11/04/2015 17:20	133	125	91	81	430	4	75
11/04/2015 17:25	140	106	91	67	404	4	75
11/04/2015 17:30	133	118	99	71	421	4	75
11/04/2015 17:35	151	129	101	71	452	4	75
11/04/2015 17:40	148	110	91	76	425	4	75
11/04/2015 17:45	137	110	90	64	401	4	75
11/04/2015 17:50	130	110	87	60	387	4	75
11/04/2015 17:55	136	131	101	82	450	4	75
11/04/2015 18:00	143	102	89	79	413	4	75
11/04/2015 18:05	152	117	99	79	447	4	75
11/04/2015 18:10	152	125	101	82	460	4	75
11/04/2015 18:15	133	111	94	87	425	4	75
11/04/2015 18:20	119	112	98	91	420	4	75
11/04/2015 18:25	101	100	87	90	378	4	75
11/04/2015 18:30	140	109	93	124	466	4	75
11/04/2015 18:35	128	114	95	107	444	4	75
11/04/2015 18:40	103	104	88	102	397	4	75
11/04/2015 18:45	110	90	81	118	399	4	75
11/04/2015 18:50	99	86	73	102	360	4	75
11/04/2015 18:55	92	90	79	86	347	4	75
11/04/2015 19:00	87	81	75	91	334	4	75
11/04/2015 19:05	88	96	82	100	366	4	75
11/04/2015 19:10	98	76	72	97	343	4	75
11/04/2015 19:15	102	90	77	97	366	4	75
11/04/2015 19:20	93	102	84	86	365	4	75
11/04/2015 19:25	78	85	75	94	332	4	75
11/04/2015 19:30	81	82	76	84	323	4	75
11/04/2015 19:35	78	71	69	105	323	4	75
11/04/2015 19:40	68	72	69	77	286	4	75
11/04/2015 19:45	63	67	66	91	287	4	75
11/04/2015 19:50	60	69	67	82	278	4	75
11/04/2015 19:55	79	71	65	74	289	4	75
11/04/2015 20:00	62	60	60	75	257	4	75
11/04/2015 20:05	65	77	71	89	302	4	75
11/04/2015 20:10	72	77	72	85	306	4	75
11/04/2015 20:15	59	67	63	73	262	4	75
11/04/2015 20:20	58	76	65	79	278	4	75
11/04/2015 20:25	63	73	65	69	270	4	75
11/04/2015 20:30	56	66	65	84	271	4	75
11/04/2015 20:35	71	69	68	85	293	4	75
11/04/2015 20:40	53	61	62	70	246	4	75
11/04/2015 20:45	55	61	62	75	253	4	75
11/04/2015 20:50	60	64	63	72	259	4	75
11/04/2015 20:55	51	76	63	81	271	4	75
11/04/2015 21:00	73	61	65	75	274	4	75
11/04/2015 21:05	69	74	68	76	287	4	75
11/04/2015 21:10	54	69	67	82	272	4	75
11/04/2015 21:15	50	57	59	86	252	4	75
11/04/2015 21:20	65	66	65	90	286	4	75
11/04/2015 21:25	42	66	65	61	234	4	75
11/04/2015 21:30	61	75	65	71	272	4	75
11/04/2015 21:35	70	71	63	64	268	4	75
11/04/2015 21:40	55	56	60	72	243	4	75
11/04/2015 21:45	57	63	63	67	250	4	75
11/04/2015 21:50	58	62	60	66	246	4	75
11/04/2015 21:55	54	54	55	55	218	4	75
11/04/2015 22:00	45	62	61	50	218	4	75
11/04/2015 22:05	51	48	53	52	204	4	75
11/04/2015 22:10	58	61	62	66	247	4	75
11/04/2015 22:15	58	72	66	69	265	4	75
11/04/2015 22:20	54	58	57	46	215	4	75
11/04/2015 22:25	38	58	60	58	214	4	75
11/04/2015 22:30	47	55	56	48	206	4	75
11/04/2015 22:35	39	65	63	55	222	4	75
11/04/2015 22:40	41	43	50	56	190	4	75
11/04/2015 22:45	49	52	55	47	203	4	75
11/04/2015 22:50	35	52	56	49	192	4	75
11/04/2015 22:55	28	48	51	48	175	4	75
11/04/2015 23:00	27	42	48	49	166	4	75
11/04/2015 23:05	29	34	44	39	146	4	75
11/04/2015 23:10	22	44	51	36	153	4	75
11/04/2015 23:15	28	41	48	28	145	4	75
11/04/2015 23:20	17	29	44	35	125	4	75
11/04/2015 23:25	25	42	46	24	137	4	75
11/04/2015 23:30	25	36	44	32	137	4	75
11/04/2015 23:35	23	30	41	35	129	4	75
11/04/2015 23:40	18	34	40	35	127	4	75
11/04/2015 23:45	15	37	44	31	127	4	75
11/04/2015 23:50	20	26	37	26	109	4	75
11/04/2015 23:55	23	41	45	25	134	4	75
11/05/2015 00:00	11	28	40	28	107	4	75
11/05/2015 00:05	15	24	38	16	93	4	75
11/05/2015 00:10	13	27	37	24	101	4	75
11/05/2015 00:15	5	16	33	17	71	4	75
11/05/2015 00:20	11	24	37	26	98	4	75
11/05/2015 00:25	12	21	36	17	86	4	75
11/05/2015 00:30	8	25	35	22	90	4	75
11/05/2015 00:35	11	17	33	16	77	4	75
11/05/2015 00:40	11	27	38	19	95	4	75
11/05/2015 00:45	15	26	38	20	99	4	75
11/05/2015 00:50	8	13	31	16	68	4	75
11/05/2015 00:55	10	16	31	18	75	4	75
11/05/2015 01:00	4	18	33	25	80	4	75
11/05/2015 01:05	10	20	35	19	84	4	75
11/05/2015 01:10	3	16	32	15	66	4	75
11/05/2015 01:15	10	24	36	18	88	4	75
11/05/2015 01:20	9	15	32	18	74	4	75
11/05/2015 01:25	4	17	33	14	68	4	75
11/05/2015 01:30	6	13	31	21	71	4	75
11/05/2015 01:35	5	12	29	12	58	4	75
11/05/2015 01:40	6	19	34	10	69	4	75
11/05/2015 01:45	9	13	31	13	66	4	75
11/05/2015 01:50	8	9	28	10	55	4	75
11/05/2015 01:55	12	14	31	11	68	4	75
11/05/2015 02:00	6	15	32	11	64	4	75
11/05/2015 02:05	8	13	29	13	63	4	75
11/05/2015 02:10	8	12	30	14	64	4	75
11/05/2015 02:15	8	16	33	14	71	4	75
11/05/2015 02:20	5	12	30	15	62	4	75
11/05/2015 02:25	7	11	29	17	64	4	75
11/05/2015 02:30	7	19	33	20	79	4	75
11/05/2015 02:35	12	20	33	9	74	4	75
11/05/2015 02:40	3	16	31	18	68	4	75
11/05/2015 02:45	11	18	33	18	80	4	75
11/05/2015 02:50	8	15	32	15	70	4	75
11/05/2015 02:55	7	8	27	15	57	4	75
11/05/2015 03:00	10	24	34	19	87	4	75
11/05/2015 03:05	11	22	34	24	91	4	75
11/05/2015 03:10	7	16	33	27	83	4	75
11/05/2015 03:15	18	30	42	18	108	4	75
11/05/2015 03:20	12	18	34	12	76	4	75
11/05/2015 03:25	17	24	38	18	97	4	75
11/05/2015 03:30	22	32	41	22	117	4	75
11/05/2015 03:35	19	29	41	23	112	4	75
11/05/2015 03:40	28	37	40	19	124	4	75
11/05/2015 03:45	32	37	46	23	138	4	75
11/05/2015 03:50	22	28	40	27	117	4	75
11/05/2015 03:55	24	27	40	18	109	4	75
11/05/2015 04:00	13	31	41	28	113	4	75
11/05/2015 04:05	32	47	50	30	159	4	75
11/05/2015 04:10	51	46	49	28	174	4	75
11/05/2015 04:15	52	64	58	39	213	4	75
11/05/2015 04:20	66	58	55	28	207	4	75
11/05/2015 04:25	60	54	57	57	228	4	75
11/05/2015 04:30	79	79	64	44	266	4	75
11/05/2015 04:35	79	76	71	65	291	4	75
11/05/2015 04:40	91	97	72	72	332	4	75
11/05/2015 04:45	88	79	74	73	314	4	75
11/05/2015 04:50	92	85	73	57	307	4	75
11/05/2015 04:55	106	86	72	75	339	4	75
11/05/2015 05:00	123	102	83	73	381	4	75
11/05/2015 05:05	137	115	92	85	429	4	75
11/05/2015 05:10	152	134	101	89	476	4	75
11/05/2015 05:15	187	163	120	114	584	4	75
11/05/2015 05:20	222	176	129	122	649	4	75
11/05/2015 05:25	175	170	126	138	609	4	75
11/05/2015 05:30	136	147	118	149	550	4	75
11/05/2015 05:35	140	141	114	146	541	4	75
11/05/2015 05:40	128	139	113	123	503	4	75
11/05/2015 05:45	125	119	104	122	470	4	75
11/05/2015 05:50	125	112	96	104	437	4	75
11/05/2015 05:55	109	100	90	97	396	4	75
11/05/2015 06:00	106	95	84	107	392	4	75
11/05/2015 06:05	94	58	81	81	314	4	75
11/05/2015 06:10	93	72	72	82	319	4	75
11/05/2015 06:15	90	77	72	96	335	4	75
11/05/2015 06:20	76	72	69	75	292	4	75
11/05/2015 06:25	84	62	63	72	281	4	75
11/05/2015 06:30	72	58	60	60	250	4	75
11/05/2015 06:35	61	48	54	68	231	4	75
11/05/2015 06:40	84	56	59	80	279	4	75
11/05/2015 06:45	56	50	56	66	228	4	75
11/05/2015 06:50	78	10	66	65	219	4	75
11/05/2015 06:55	60	54	57	53	224	4	75
11/05/2015 07:00	58	37	48	49	192	4	75
11/05/2015 07:05	52	30	44	42	168	4	75
11/05/2015 07:10	63	58	60	46	227	4	75
11/05/2015 07:15	46	34	47	48	175	4	75
11/05/2015 07:20	59	40	48	57	204	4	75
11/05/2015 07:25	47	33	47	45	172	4	75
11/05/2015 07:30	55	41	49	36	181	4	75
11/05/2015 07:35	58	45	52	42	197	4	75
11/05/2015 07:40	63	43	51	51	208	4	75
11/05/2015 07:45	44	36	46	45	171	4	75
11/05/2015 07:50	68	49	57	63	237	4	75
11/05/2015 07:55	52	31	43	41	167	4	75
11/05/2015 08:00	57	32	50	43	182	4	75
11/05/2015 08:05	56	30	47	48	181	4	75
11/05/2015 08:10	47	36	46	53	182	4	75
11/05/2015 08:15	48	31	50	52	181	4	75
11/05/2015 08:20	57	37	46	42	182	4	75
11/05/2015 08:25	51	39	50	44	184	4	75
11/05/2015 08:30	45	45	52	54	196	4	75
11/05/2015 08:35	49	41	49	42	181	4	75
11/05/2015 08:40	49	39	48	47	183	4	75
11/05/2015 08:45	41	28	41	24	134	4	75
11/05/2015 08:50	49	37	46	54	186	4	75
11/05/2015 08:55	47	30	51	56	184	4	75
11/05/2015 09:00	46	35	45	38	164	4	75
11/05/2015 09:05	52	34	47	36	169	4	75
11/05/2015 09:10	50	43	50	39	182	4	75
11/05/2015 09:15	52	39	48	68	207	4	75
11/05/2015 09:20	58	42	53	40	193	4	75
11/05/2015 09:25	60	36	46	33	175	4	75
11/05/2015 09:30	64	43	51	58	216	4	75
11/05/2015 09:35	59	38	47	42	186	4	75
11/05/2015 09:40	48	33	44	48	173	4	75
11/05/2015 09:45	52	41	50	81	224	4	75
11/05/2015 09:50	54	36	51	54	195	4	75
11/05/2015 09:55	49	29	43	45	166	4	75
11/05/2015 10:00	60	37	48	53	198	4	75
11/05/2015 10:05	65	43	53	73	234	4	75
11/05/2015 10:10	54	36	53	78	221	4	75
11/05/2015 10:15	68	52	62	71	253	4	75
11/05/2015 10:20	64	49	58	63	234	4	75
11/05/2015 10:25	78	74	73	94	319	4	75
11/05/2015 10:30	76	57	62	86	281	4	75
11/05/2015 10:35	71	52	60	93	276	4	75
11/05/2015 10:40	58	43	50	99	250	4	75
11/05/2015 10:45	77	67	70	97	311	4	75
11/05/2015 10:50	80	74	70	116	340	4	75
11/05/2015 10:55	81	70	69	117	337	4	75
11/05/2015 11:00	74	78	76	119	347	4	75
11/05/2015 11:05	80	86	87	126	379	4	75
11/05/2015 11:10	68	64	67	101	300	4	75
11/05/2015 11:15	72	68	73	103	316	4	75
11/05/2015 11:20	92	93	84	117	386	4	75
11/05/2015 11:25	87	80	84	123	374	4	75
11/05/2015 11:30	93	94	90	141	418	4	75
11/05/2015 11:35	96	106	91	139	432	4	75
11/05/2015 11:40	104	98	89	126	417	4	75
11/05/2015 11:45	116	108	93	146	463	4	75
11/05/2015 11:50	101	108	94	142	445	4	75
11/05/2015 11:55	115	105	91	140	451	4	75
11/05/2015 12:00	94	104	90	124	412	4	75
11/05/2015 12:05	127	114	97	134	472	4	75
11/05/2015 12:10	137	112	95	121	465	4	75
11/05/2015 12:15	126	125	104	153	508	4	75
11/05/2015 12:20	124	115	97	133	469	4	75
11/05/2015 12:25	112	121	101	143	477	4	75
11/05/2015 12:30	116	111	94	125	446	4	75
11/05/2015 12:35	136	117	99	135	487	4	75
11/05/2015 12:40	125	119	100	153	497	4	75
11/05/2015 12:45	105	107	93	152	457	4	75
11/05/2015 12:50	113	105	91	131	440	4	75
11/05/2015 12:55	114	107	92	141	454	4	75
11/05/2015 13:00	117	103	89	136	445	4	75
11/05/2015 13:05	122	106	91	136	455	4	75
11/05/2015 13:10	123	86	82	125	416	4	75
11/05/2015 13:15	123	98	86	148	455	4	75
11/05/2015 13:20	120	108	93	148	469	4	75
11/05/2015 13:25	117	107	92	133	449	4	75
11/05/2015 13:30	127	125	104	164	520	4	75
11/05/2015 13:35	121	113	96	142	472	4	75
11/05/2015 13:40	109	93	83	141	426	4	75
11/05/2015 13:45	111	110	94	135	450	4	75
11/05/2015 13:50	120	112	95	145	472	4	75
11/05/2015 13:55	98	102	89	142	431	4	75
11/05/2015 14:00	118	121	101	138	478	4	75
11/05/2015 14:05	131	115	97	125	468	4	75
11/05/2015 14:10	117	112	95	125	449	4	75
11/05/2015 14:15	100	122	102	138	462	4	75
11/05/2015 14:20	120	123	102	126	471	4	75
11/05/2015 14:25	117	103	89	114	423	4	75
11/05/2015 14:30	108	96	85	118	407	4	75
11/05/2015 14:35	116	96	85	126	423	4	75
11/05/2015 14:40	120	94	89	112	415	4	75
11/05/2015 14:45	91	90	82	121	384	4	75
11/05/2015 14:50	111	98	86	134	429	4	75
11/05/2015 14:55	99	96	85	119	399	4	75
11/05/2015 15:00	128	99	75	83	385	4	75
11/05/2015 15:05	108	87	79	111	385	4	75
11/05/2015 15:10	104	94	81	100	379	4	75
11/05/2015 15:15	106	105	86	104	401	4	75
11/05/2015 15:20	121	99	87	116	423	4	75
11/05/2015 15:25	108	97	85	117	407	4	75
11/05/2015 15:30	112	110	82	115	419	4	75
11/05/2015 15:35	128	111	95	118	452	4	75
11/05/2015 15:40	122	99	84	105	410	4	75
11/05/2015 15:45	115	107	92	102	416	4	75
11/05/2015 15:50	121	98	86	128	433	4	75
11/05/2015 15:55	133	118	89	113	453	4	75
11/05/2015 16:00	108	94	81	102	385	4	75
11/05/2015 16:05	122	99	79	112	412	4	75
11/05/2015 16:10	120	113	94	116	443	4	75
11/05/2015 16:15	157	117	99	139	512	4	75
11/05/2015 16:20	121	101	88	104	414	4	75
11/05/2015 16:25	137	118	93	80	428	4	75
11/05/2015 16:30	149	111	94	78	432	4	75
11/05/2015 16:35	134	118	91	73	416	4	75
11/05/2015 16:40	117	100	87	88	392	4	75
11/05/2015 16:45	132	112	90	91	425	4	75
11/05/2015 16:50	125	112	92	97	426	4	75
11/05/2015 16:55	115	98	84	88	385	4	75
11/05/2015 17:00	135	114	97	101	447	4	75
11/05/2015 17:05	120	104	90	104	418	4	75
11/05/2015 17:10	146	118	92	98	454	4	75
11/05/2015 17:15	143	118	89	115	465	4	75
11/05/2015 17:20	130	109	91	114	444	4	75
11/05/2015 17:25	130	110	94	68	402	4	75
11/05/2015 17:30	146	108	92	80	426	4	75
11/05/2015 17:35	133	113	95	80	421	4	75
11/05/2015 17:40	128	92	82	78	380	4	75
11/05/2015 17:45	131	101	88	66	386	4	75
11/05/2015 17:50	93	91	82	69	335	4	75
11/05/2015 17:55	95	96	82	62	335	4	75
11/05/2015 18:00	107	94	84	72	357	4	75
11/05/2015 18:05	96	91	75	78	340	4	75
11/05/2015 18:10	124	121	94	106	445	4	75
11/05/2015 18:15	161	143	110	111	525	4	75
11/05/2015 18:20	151	130	98	117	496	4	75
11/05/2015 18:25	148	118	94	128	488	4	75
11/05/2015 18:30	132	114	97	120	463	4	75
11/05/2015 18:35	116	93	83	113	405	4	75
11/05/2015 18:40	121	104	87	113	425	4	75
11/05/2015 18:45	101	101	86	117	405	4	75
11/05/2015 18:50	118	98	84	102	402	4	75
11/05/2015 18:55	103	91	82	91	367	4	75
11/05/2015 19:00	98	98	81	96	373	4	75
11/05/2015 19:05	104	93	83	93	373	4	75
11/05/2015 19:10	94	89	80	101	364	4	75
11/05/2015 19:15	111	92	78	90	371	4	75
11/05/2015 19:20	77	82	76	97	332	4	75
11/05/2015 19:25	93	89	80	87	349	4	75
11/05/2015 19:30	83	83	76	90	332	4	75
11/05/2015 19:35	70	84	77	95	326	4	75
11/05/2015 19:40	74	79	74	77	304	4	75
11/05/2015 19:45	90	85	75	86	336	4	75
11/05/2015 19:50	89	93	79	85	346	4	75
11/05/2015 19:55	72	70	68	79	289	4	75
11/05/2015 20:00	71	62	63	76	272	4	75
11/05/2015 20:05	75	76	70	88	309	4	75
11/05/2015 20:10	69	75	71	106	321	4	75
11/05/2015 20:15	57	68	67	72	264	4	75
11/05/2015 20:20	78	70	66	80	294	4	75
11/05/2015 20:25	66	63	63	73	265	4	75
11/05/2015 20:30	66	64	62	62	254	4	75
11/05/2015 20:35	76	75	67	76	294	4	75
11/05/2015 20:40	64	65	59	59	247	4	75
11/05/2015 20:45	77	74	68	69	288	4	75
11/05/2015 20:50	44	62	65	80	251	4	75
11/05/2015 20:55	80	75	67	84	306	4	75
11/05/2015 21:00	63	72	67	71	273	4	75
11/05/2015 21:05	44	72	69	80	265	4	75
11/05/2015 21:10	63	75	71	55	264	4	75
11/05/2015 21:15	59	66	67	73	265	4	75
11/05/2015 21:20	85	60	61	78	284	4	75
11/05/2015 21:25	60	73	70	77	280	4	75
11/05/2015 21:30	72	69	60	68	269	4	75
11/05/2015 21:35	72	71	69	73	285	4	75
11/05/2015 21:40	64	67	65	61	257	4	75
11/05/2015 21:45	74	77	64	66	281	4	75
11/05/2015 21:50	67	64	60	61	252	4	75
11/05/2015 21:55	54	62	63	43	222	4	75
11/05/2015 22:00	59	64	56	70	249	4	75
11/05/2015 22:05	61	58	60	64	243	4	75
11/05/2015 22:10	54	58	57	59	228	4	75
11/05/2015 22:15	65	52	57	57	231	4	75
11/05/2015 22:20	64	62	63	62	251	4	75
11/05/2015 22:25	48	55	55	46	204	4	75
11/05/2015 22:30	42	61	56	48	207	4	75
11/05/2015 22:35	56	52	55	62	225	4	75
11/05/2015 22:40	40	53	56	52	201	4	75
11/05/2015 22:45	42	43	55	54	194	4	75
11/05/2015 22:50	39	44	51	54	188	4	75
11/05/2015 22:55	34	46	50	47	177	4	75
11/05/2015 23:00	33	53	50	35	171	4	75
11/05/2015 23:05	34	57	58	46	195	4	75
11/05/2015 23:10	42	49	50	41	182	4	75
11/05/2015 23:15	28	41	48	39	156	4	75
11/05/2015 23:20	30	42	49	26	147	4	75
11/05/2015 23:25	24	37	46	25	132	4	75
11/05/2015 23:30	29	32	44	42	147	4	75
11/05/2015 23:35	24	34	43	37	138	4	75
11/05/2015 23:40	26	33	44	37	140	4	75
11/05/2015 23:45	21	33	44	23	121	4	75
11/05/2015 23:50	15	30	39	33	117	4	75
11/05/2015 23:55	24	25	38	28	115	4	75
11/06/2015 00:00	18	41	34	27	120	4	50
11/06/2015 00:05	16	35	35	20	106	4	50
11/06/2015 00:10	18	42	38	27	125	4	50
11/06/2015 00:15	18	44	38	30	130	4	50
11/06/2015 00:20	18	34	33	19	104	4	50
11/06/2015 00:25	10	30	32	13	85	4	50
11/06/2015 00:30	18	39	33	26	116	4	50
11/06/2015 00:35	9	35	32	19	95	4	50
11/06/2015 00:40	12	34	33	19	98	4	50
11/06/2015 00:45	17	34	33	19	103	4	50
11/06/2015 00:50	10	29	29	14	82	4	50
11/06/2015 00:55	13	36	32	22	103	4	50
11/06/2015 01:00	6	31	30	16	83	4	50
11/06/2015 01:05	12	32	31	17	92	4	50
11/06/2015 01:10	5	33	30	20	88	4	50
11/06/2015 01:15	7	26	29	11	73	4	50
11/06/2015 01:20	12	29	31	13	85	4	50
11/06/2015 01:25	11	32	28	17	88	4	50
11/06/2015 01:30	11	30	30	14	85	4	50
11/06/2015 01:35	7	29	29	14	79	4	50
11/06/2015 01:40	12	26	29	10	77	4	50
11/06/2015 01:45	5	30	28	15	78	4	50
11/06/2015 01:50	10	26	26	10	72	4	50
11/06/2015 01:55	11	35	32	20	98	4	50
11/06/2015 02:00	10	33	27	18	88	4	50
11/06/2015 02:05	5	29	28	13	75	4	50
11/06/2015 02:10	9	29	24	14	76	4	50
11/06/2015 02:15	19	29	29	12	89	4	50
11/06/2015 02:20	5	32	30	17	84	4	50
11/06/2015 02:25	10	36	33	21	100	4	50
11/06/2015 02:30	7	32	28	17	84	4	50
11/06/2015 02:35	15	32	30	17	94	4	50
11/06/2015 02:40	5	32	29	17	83	4	50
11/06/2015 02:45	12	34	31	19	96	4	50
11/06/2015 02:50	11	31	28	17	87	4	50
11/06/2015 02:55	8	27	27	11	73	4	50
11/06/2015 03:00	11	28	30	13	82	4	50
11/06/2015 03:05	15	29	29	14	87	4	50
11/06/2015 03:10	14	34	33	19	100	4	50
11/06/2015 03:15	23	31	32	14	100	4	50
11/06/2015 03:20	19	31	33	16	99	4	50
11/06/2015 03:25	20	37	34	22	113	4	50
11/06/2015 03:30	21	41	37	34	133	4	50
11/06/2015 03:35	19	40	36	25	120	4	50
11/06/2015 03:40	28	43	36	28	135	4	50
11/06/2015 03:45	11	42	37	27	117	4	50
11/06/2015 03:50	25	46	44	32	147	4	50
11/06/2015 03:55	23	45	42	31	141	4	50
11/06/2015 04:00	33	42	40	27	142	4	50
11/06/2015 04:05	30	34	37	19	120	4	50
11/06/2015 04:10	40	37	41	22	140	4	50
11/06/2015 04:15	50	47	46	33	176	4	50
11/06/2015 04:20	63	51	48	37	199	4	50
11/06/2015 04:25	63	51	48	37	199	4	50
11/06/2015 04:30	74	70	60	58	262	4	50
11/06/2015 04:35	85	74	66	61	286	4	50
11/06/2015 04:40	86	85	71	78	320	4	50
11/06/2015 04:45	86	73	60	67	286	4	50
11/06/2015 04:50	81	74	66	61	282	4	50
11/06/2015 04:55	97	78	69	66	310	4	50
11/06/2015 05:00	101	82	72	70	325	4	50
11/06/2015 05:05	126	97	80	86	389	4	50
11/06/2015 05:10	156	93	92	81	422	4	50
11/06/2015 05:15	185	111	100	100	496	4	50
11/06/2015 05:20	183	133	109	124	549	4	50
11/06/2015 05:25	199	134	123	123	579	4	50
11/06/2015 05:30	167	145	129	136	577	4	50
11/06/2015 05:35	148	134	123	125	530	4	50
11/06/2015 05:40	122	134	120	125	501	4	50
11/06/2015 05:45	129	145	123	137	534	4	50
11/06/2015 05:50	121	128	116	118	483	4	50
11/06/2015 05:55	112	125	113	115	465	4	50
11/06/2015 06:00	106	110	98	99	413	4	50
11/06/2015 06:05	102	111	98	100	411	4	50
11/06/2015 06:10	106	103	100	92	401	4	50
11/06/2015 06:15	90	104	96	93	383	4	50
11/06/2015 06:20	89	89	86	77	341	4	50
11/06/2015 06:25	83	98	91	87	359	4	50
11/06/2015 06:30	74	87	84	75	320	4	50
11/06/2015 06:35	74	88	90	76	328	4	50
11/06/2015 06:40	83	98	87	87	355	4	50
11/06/2015 06:45	68	72	85	59	284	4	50
11/06/2015 06:50	69	63	69	36	237	4	50
11/06/2015 06:55	66	72	70	59	267	4	50
11/06/2015 07:00	69	70	78	57	274	4	50
11/06/2015 07:05	58	57	74	43	232	4	50
11/06/2015 07:10	68	72	71	59	270	4	50
11/06/2015 07:15	60	69	77	56	262	4	50
11/06/2015 07:20	65	84	85	72	306	4	50
11/06/2015 07:25	58	69	79	56	262	4	50
11/06/2015 07:30	56	83	86	71	296	4	50
11/06/2015 07:35	50	79	73	67	269	4	50
11/06/2015 07:40	50	71	76	58	255	4	50
11/06/2015 07:45	50	70	70	57	247	4	50
11/06/2015 07:50	39	50	72	36	197	4	50
11/06/2015 07:55	55	66	73	53	247	4	50
11/06/2015 08:00	48	59	75	45	227	4	50
11/06/2015 08:05	48	68	72	55	243	4	50
11/06/2015 08:10	61	82	75	70	288	4	50
11/06/2015 08:15	50	60	71	46	227	4	50
11/06/2015 08:20	43	73	73	60	249	4	50
11/06/2015 08:25	55	82	74	70	281	4	50
11/06/2015 08:30	56	70	69	57	252	4	50
11/06/2015 08:35	37	48	58	34	177	4	50
11/06/2015 08:40	52	70	65	57	244	4	50
11/06/2015 08:45	58	67	78	54	257	4	50
11/06/2015 08:50	61	63	70	50	244	4	50
11/06/2015 08:55	41	74	73	61	249	4	50
11/06/2015 09:00	52	90	79	78	299	4	50
11/06/2015 09:05	53	84	74	72	283	4	50
11/06/2015 09:10	50	48	51	34	183	4	50
11/06/2015 09:15	57	80	74	68	279	4	50
11/06/2015 09:20	62	67	74	54	257	4	50
11/06/2015 09:25	70	94	75	83	322	4	50
11/06/2015 09:30	64	91	78	79	312	4	50
11/06/2015 09:35	61	89	76	77	303	4	50
11/06/2015 09:40	63	86	79	74	302	4	50
11/06/2015 09:45	63	113	89	103	368	4	50
11/06/2015 09:50	65	85	82	73	305	4	50
11/06/2015 09:55	82	111	85	100	378	4	50
11/06/2015 10:00	72	100	84	89	345	4	50
11/06/2015 10:05	74	125	97	115	411	4	50
11/06/2015 10:10	82	126	99	116	423	4	50
11/06/2015 10:15	90	111	86	111	398	4	50
11/06/2015 10:20	95	127	96	134	452	4	50
11/06/2015 10:25	115	129	103	148	495	4	50
11/06/2015 10:30	118	137	106	141	502	4	50
11/06/2015 10:35	109	105	86	124	424	4	50
11/06/2015 10:40	111	137	101	146	495	4	50
11/06/2015 10:45	102	130	99	147	478	4	50
11/06/2015 10:50	110	124	98	137	469	4	50
11/06/2015 10:55	115	128	98	144	485	4	50
11/06/2015 11:00	110	132	102	143	487	4	50
11/06/2015 11:05	136	130	103	138	507	4	50
11/06/2015 11:10	146	120	104	141	511	4	50
11/06/2015 11:15	147	149	114	164	574	4	50
11/06/2015 11:20	140	143	109	159	551	4	50
11/06/2015 11:25	136	130	103	155	524	4	50
11/06/2015 11:30	157	122	104	142	525	4	50
11/06/2015 11:35	135	141	109	166	551	4	50
11/06/2015 11:40	139	127	104	138	508	4	50
11/06/2015 11:45	140	127	100	160	527	4	50
11/06/2015 11:50	131	145	113	152	541	4	50
11/06/2015 11:55	117	124	98	149	488	4	50
11/06/2015 12:00	120	116	99	131	466	4	50
11/06/2015 12:05	117	121	102	132	472	4	50
11/06/2015 12:10	136	123	99	129	487	4	50
11/06/2015 12:15	149	132	105	148	534	4	50
11/06/2015 12:20	131	127	103	139	500	4	50
11/06/2015 12:25	134	122	100	137	493	4	50
11/06/2015 12:30	145	125	103	143	516	4	50
11/06/2015 12:35	122	138	105	145	510	4	50
11/06/2015 12:40	125	124	104	142	495	4	50
11/06/2015 12:45	123	126	100	130	479	4	50
11/06/2015 12:50	115	132	106	131	484	4	50
11/06/2015 12:55	122	134	104	152	512	4	50
11/06/2015 13:00	137	107	92	117	453	4	50
11/06/2015 13:05	119	110	92	127	448	4	50
11/06/2015 13:10	132	114	93	131	470	4	50
11/06/2015 13:15	132	113	95	133	473	4	50
11/06/2015 13:20	141	127	109	142	519	4	50
11/06/2015 13:25	122	103	89	113	427	4	50
11/06/2015 13:30	131	110	94	126	461	4	50
11/06/2015 13:35	132	124	99	136	491	4	50
11/06/2015 13:40	119	121	96	133	469	4	50
11/06/2015 13:45	118	119	95	142	474	4	50
11/06/2015 13:50	121	113	93	130	457	4	50
11/06/2015 13:55	113	105	88	122	428	4	50
11/06/2015 14:00	111	111	94	126	442	4	50
11/06/2015 14:05	123	117	97	140	477	4	50
11/06/2015 14:10	135	132	109	144	520	4	50
11/06/2015 14:15	122	113	97	126	458	4	50
11/06/2015 14:20	128	119	95	136	478	4	50
11/06/2015 14:25	147	127	107	146	527	4	50
11/06/2015 14:30	130	115	93	111	449	4	50
11/06/2015 14:35	139	107	97	91	434	4	50
11/06/2015 14:40	136	104	92	93	425	4	50
11/06/2015 14:45	121	120	94	138	473	4	50
11/06/2015 14:50	114	107	89	102	412	4	50
11/06/2015 14:55	130	94	80	122	426	4	50
11/06/2015 15:00	112	103	87	111	413	4	50
11/06/2015 15:05	104	99	86	108	397	4	50
11/06/2015 15:10	127	115	95	135	472	4	50
11/06/2015 15:15	99	95	83	114	391	4	50
11/06/2015 15:20	105	92	81	102	380	4	50
11/06/2015 15:25	121	99	86	110	416	4	50
11/06/2015 15:30	122	100	84	118	424	4	50
11/06/2015 15:35	130	104	88	122	444	4	50
11/06/2015 15:40	135	104	90	114	443	4	50
11/06/2015 15:45	114	101	87	105	407	4	50
11/06/2015 15:50	132	101	84	109	426	4	50
11/06/2015 15:55	115	99	83	105	402	4	50
11/06/2015 16:00	137	103	88	113	441	4	50
11/06/2015 16:05	110	103	88	111	412	4	50
11/06/2015 16:10	108	102	84	110	404	4	50
11/06/2015 16:15	127	110	92	133	462	4	50
11/06/2015 16:20	115	111	91	124	441	4	50
11/06/2015 16:25	119	101	88	110	418	4	50
11/06/2015 16:30	119	97	84	104	404	4	50
11/06/2015 16:35	131	103	87	99	420	4	50
11/06/2015 16:40	123	108	92	115	438	4	50
11/06/2015 16:45	153	103	89	123	468	4	50
11/06/2015 16:50	118	98	83	108	407	4	50
11/06/2015 16:55	113	91	77	91	372	4	50
11/06/2015 17:00	125	101	87	120	433	4	50
11/06/2015 17:05	131	94	82	97	404	4	50
11/06/2015 17:10	129	104	84	124	441	4	50
11/06/2015 17:15	132	105	87	102	426	4	50
11/06/2015 17:20	136	108	98	97	439	4	50
11/06/2015 17:25	134	103	95	84	416	4	50
11/06/2015 17:30	122	78	74	37	311	4	50
11/06/2015 17:35	98	48	47	13	206	4	50
11/06/2015 17:40	110	38	39	1	188	4	50
11/06/2015 17:45	127	40	39	0	206	4	50
11/06/2015 17:50	113	49	46	0	208	4	50
11/06/2015 17:55	113	42	45	0	200	4	50
11/06/2015 18:00	101	41	42	2	186	4	50
11/06/2015 18:05	107	45	45	0	197	4	50
11/06/2015 18:10	86	36	39	2	163	4	50
11/06/2015 18:15	96	37	45	1	179	4	50
11/06/2015 18:20	121	42	49	0	212	4	50
11/06/2015 18:25	119	44	49	19	231	4	50
11/06/2015 18:30	137	44	64	30	275	4	50
11/06/2015 18:35	137	53	63	39	292	4	50
11/06/2015 18:40	73	97	82	120	372	4	50
11/06/2015 18:45	49	101	69	109	328	4	50
11/06/2015 18:50	121	112	98	132	463	4	50
11/06/2015 18:55	107	104	86	120	417	4	50
11/06/2015 19:00	94	88	72	86	340	4	50
11/06/2015 19:05	92	96	79	107	374	4	50
11/06/2015 19:10	96	89	78	103	366	4	50
11/06/2015 19:15	93	92	76	84	345	4	50
11/06/2015 19:20	102	101	83	104	390	4	50
11/06/2015 19:25	81	97	79	107	364	4	50
11/06/2015 19:30	98	106	88	111	403	4	50
11/06/2015 19:35	82	91	77	94	344	4	50
11/06/2015 19:40	82	88	74	87	331	4	50
11/06/2015 19:45	89	89	74	93	345	4	50
11/06/2015 19:50	86	88	75	84	333	4	50
11/06/2015 19:55	69	79	67	72	287	4	50
11/06/2015 20:00	76	94	75	95	340	4	50
11/06/2015 20:05	88	94	75	96	353	4	50
11/06/2015 20:10	73	83	67	94	317	4	50
11/06/2015 20:15	75	95	78	102	350	4	50
11/06/2015 20:20	74	83	67	94	318	4	50
11/06/2015 20:25	66	80	70	88	304	4	50
11/06/2015 20:30	81	78	68	75	302	4	50
11/06/2015 20:35	75	85	72	93	325	4	50
11/06/2015 20:40	73	82	72	81	308	4	50
11/06/2015 20:45	79	99	80	102	360	4	50
11/06/2015 20:50	59	81	69	86	295	4	50
11/06/2015 20:55	67	77	63	79	286	4	50
11/06/2015 21:00	81	82	72	70	305	4	50
11/06/2015 21:05	79	85	70	86	320	4	50
11/06/2015 21:10	68	93	79	95	335	4	50
11/06/2015 21:15	80	80	69	82	311	4	50
11/06/2015 21:20	63	77	66	79	285	4	50
11/06/2015 21:25	75	76	65	82	298	4	50
11/06/2015 21:30	64	80	68	76	288	4	50
11/06/2015 21:35	69	80	67	75	291	4	50
11/06/2015 21:40	58	86	69	94	307	4	50
11/06/2015 21:45	75	76	65	73	289	4	50
11/06/2015 21:50	60	89	70	93	312	4	50
11/06/2015 21:55	74	73	62	72	281	4	50
11/06/2015 22:00	68	80	69	74	291	4	50
11/06/2015 22:05	75	80	67	83	305	4	50
11/06/2015 22:10	64	82	67	76	289	4	50
11/06/2015 22:15	62	66	57	64	249	4	50
11/06/2015 22:20	51	76	65	63	255	4	50
11/06/2015 22:25	63	71	61	78	273	4	50
11/06/2015 22:30	66	75	63	68	272	4	50
11/06/2015 22:35	61	78	68	73	280	4	50
11/06/2015 22:40	57	80	67	86	290	4	50
11/06/2015 22:45	52	75	64	63	254	4	50
11/06/2015 22:50	52	70	60	68	250	4	50
11/06/2015 22:55	52	65	55	62	234	4	50
11/06/2015 23:00	40	54	50	40	184	4	50
11/06/2015 23:05	52	66	56	60	234	4	50
11/06/2015 23:10	41	59	51	55	206	4	50
11/06/2015 23:15	42	55	48	49	194	4	50
11/06/2015 23:20	35	62	53	50	200	4	50
11/06/2015 23:25	35	60	50	58	203	4	50
11/06/2015 23:30	48	56	48	45	197	4	50
11/06/2015 23:35	44	65	55	59	223	4	50
11/06/2015 23:40	34	48	42	34	158	4	50
11/06/2015 23:45	28	54	47	40	169	4	50
11/06/2015 23:50	33	47	46	31	157	4	50
11/06/2015 23:55	29	45	42	31	147	4	50
11/07/2015 00:00	25	36	30	45	136	4	100
11/07/2015 00:05	35	44	35	33	147	4	100
11/07/2015 00:10	26	33	38	34	131	4	100
11/07/2015 00:15	15	31	23	39	108	4	100
11/07/2015 00:20	19	32	33	27	111	4	100
11/07/2015 00:25	20	31	25	37	113	4	100
11/07/2015 00:30	20	25	32	32	109	4	100
11/07/2015 00:35	19	31	31	37	118	4	100
11/07/2015 00:40	20	30	19	27	96	4	100
11/07/2015 00:45	17	28	28	30	103	4	100
11/07/2015 00:50	19	34	16	24	93	4	100
11/07/2015 00:55	11	26	23	19	79	4	100
11/07/2015 01:00	24	38	25	24	111	4	100
11/07/2015 01:05	14	41	37	21	113	4	100
11/07/2015 01:10	13	26	30	18	87	4	100
11/07/2015 01:15	14	24	32	28	98	4	100
11/07/2015 01:20	13	29	29	30	101	4	100
11/07/2015 01:25	7	20	20	19	66	4	100
11/07/2015 01:30	14	26	27	21	88	4	100
11/07/2015 01:35	18	26	20	26	90	4	100
11/07/2015 01:40	13	16	21	22	72	4	100
11/07/2015 01:45	17	18	22	29	86	4	100
11/07/2015 01:50	11	26	22	15	74	4	100
11/07/2015 01:55	9	23	25	18	75	4	100
11/07/2015 02:00	5	21	24	16	66	4	100
11/07/2015 02:05	17	22	21	18	78	4	100
11/07/2015 02:10	15	17	22	23	77	4	100
11/07/2015 02:15	4	9	14	18	45	4	100
11/07/2015 02:20	19	26	19	18	82	4	100
11/07/2015 02:25	12	23	22	18	75	4	100
11/07/2015 02:30	9	22	19	19	69	4	100
11/07/2015 02:35	12	23	30	29	94	4	100
11/07/2015 02:40	13	20	16	20	69	4	100
11/07/2015 02:45	11	21	22	22	76	4	100
11/07/2015 02:50	9	19	16	24	68	4	100
11/07/2015 02:55	10	23	20	19	72	4	100
11/07/2015 03:00	17	24	20	18	79	4	100
11/07/2015 03:05	8	19	11	18	56	4	100
11/07/2015 03:10	15	28	21	20	84	4	100
11/07/2015 03:15	16	20	19	17	72	4	100
11/07/2015 03:20	14	25	17	15	71	4	100
11/07/2015 03:25	11	22	20	18	71	4	100
11/07/2015 03:30	14	20	18	14	66	4	100
11/07/2015 03:35	17	39	25	15	96	4	100
11/07/2015 03:40	13	23	20	23	79	4	100
11/07/2015 03:45	12	16	14	28	70	4	100
11/07/2015 03:50	24	22	14	13	73	4	100
11/07/2015 03:55	15	24	26	20	85	4	100
11/07/2015 04:00	19	26	19	22	86	4	100
11/07/2015 04:05	13	29	14	16	72	4	100
11/07/2015 04:10	13	30	23	22	88	4	100
11/07/2015 04:15	22	28	21	17	88	4	100
11/07/2015 04:20	26	40	22	25	113	4	100
11/07/2015 04:25	24	35	24	29	112	4	100
11/07/2015 04:30	24	39	29	41	133	4	100
11/07/2015 04:35	25	37	23	31	116	4	100
11/07/2015 04:40	28	37	29	46	140	4	100
11/07/2015 04:45	29	44	32	38	143	4	100
11/07/2015 04:50	34	44	33	30	141	4	100
11/07/2015 04:55	33	40	25	32	130	4	100
11/07/2015 05:00	36	43	25	35	139	4	100
11/07/2015 05:05	45	52	30	32	159	4	100
11/07/2015 05:10	39	51	33	31	154	4	100
11/07/2015 05:15	53	62	43	44	202	4	100
11/07/2015 05:20	59	62	41	38	200	4	100
11/07/2015 05:25	56	61	53	61	231	4	100
11/07/2015 05:30	76	72	38	62	248	4	100
11/07/2015 05:35	66	77	53	56	252	4	100
11/07/2015 05:40	67	83	51	63	264	4	100
11/07/2015 05:45	65	73	61	80	279	4	100
11/07/2015 05:50	63	64	50	78	255	4	100
11/07/2015 05:55	66	69	43	80	258	4	100
11/07/2015 06:00	70	71	60	63	264	4	100
11/07/2015 06:05	97	77	69	92	335	4	100
11/07/2015 06:10	83	100	65	97	345	4	100
11/07/2015 06:15	92	96	75	106	369	4	100
11/07/2015 06:20	97	94	72	96	359	4	100
11/07/2015 06:25	128	102	94	108	432	4	100
11/07/2015 06:30	124	113	89	139	465	4	100
11/07/2015 06:35	119	115	86	143	463	4	100
11/07/2015 06:40	137	105	86	157	485	4	100
11/07/2015 06:45	135	113	92	146	486	4	100
11/07/2015 06:50	126	108	94	140	468	4	100
11/07/2015 06:55	120	117	105	149	491	4	100
11/07/2015 07:00	119	125	99	151	494	4	100
11/07/2015 07:05	139	123	94	162	518	4	100
11/07/2015 07:10	127	113	100	164	504	4	100
11/07/2015 07:15	148	117	99	147	511	4	100
11/07/2015 07:20	136	131	116	157	540	4	100
11/07/2015 07:25	178	162	136	204	680	4	100
11/07/2015 07:30	157	125	113	177	572	4	100
11/07/2015 07:35	109	109	103	156	477	4	100
11/07/2015 07:40	144	121	119	165	549	4	100
11/07/2015 07:45	162	136	132	130	560	4	100
11/07/2015 07:50	158	135	142	94	529	4	100
11/07/2015 07:55	159	129	140	107	535	4	100
11/07/2015 08:00	144	105	144	101	494	4	100
11/07/2015 08:05	139	116	117	148	520	4	100
11/07/2015 08:10	148	119	107	144	518	4	100
11/07/2015 08:15	133	102	121	154	510	4	100
11/07/2015 08:20	147	118	111	149	525	4	100
11/07/2015 08:25	152	129	132	182	595	4	100
11/07/2015 08:30	152	120	112	166	550	4	100
11/07/2015 08:35	157	123	138	164	582	4	100
11/07/2015 08:40	157	123	142	177	599	4	100
11/07/2015 08:45	146	122	131	164	563	4	100
11/07/2015 08:50	126	127	141	165	559	4	100
11/07/2015 08:55	150	128	134	173	585	4	100
11/07/2015 09:00	138	124	113	134	509	4	100
11/07/2015 09:05	131	113	113	157	514	4	100
11/07/2015 09:10	127	122	124	152	525	4	100
11/07/2015 09:15	131	112	130	136	509	4	100
11/07/2015 09:20	141	118	120	143	522	4	100
11/07/2015 09:25	151	144	115	149	559	4	100
11/07/2015 09:30	151	123	143	173	590	4	100
11/07/2015 09:35	156	136	137	154	583	4	100
11/07/2015 09:40	145	122	126	169	562	4	100
11/07/2015 09:45	144	132	141	177	594	4	100
11/07/2015 09:50	136	117	134	149	536	4	100
11/07/2015 09:55	137	113	143	155	548	4	100
11/07/2015 10:00	129	116	118	144	507	4	100
11/07/2015 10:05	150	119	115	133	517	4	100
11/07/2015 10:10	135	112	107	138	492	4	100
11/07/2015 10:15	140	124	118	140	522	4	100
11/07/2015 10:20	124	122	126	133	505	4	100
11/07/2015 10:25	152	139	128	165	584	4	100
11/07/2015 10:30	125	119	106	141	491	4	100
11/07/2015 10:35	158	129	111	143	541	4	100
11/07/2015 10:40	117	98	127	149	491	4	100
11/07/2015 10:45	124	108	118	144	494	4	100
11/07/2015 10:50	132	112	111	162	517	4	100
11/07/2015 10:55	140	122	122	148	532	4	100
11/07/2015 11:00	115	113	131	118	477	4	100
11/07/2015 11:05	105	99	111	125	440	4	100
11/07/2015 11:10	166	117	134	146	563	4	100
11/07/2015 11:15	136	126	125	162	549	4	100
11/07/2015 11:20	131	120	119	141	511	4	100
11/07/2015 11:25	133	121	113	153	520	4	100
11/07/2015 11:30	147	133	129	142	551	4	100
11/07/2015 11:35	130	119	114	118	481	4	100
11/07/2015 11:40	137	126	112	145	520	4	100
11/07/2015 11:45	139	113	123	147	522	4	100
11/07/2015 11:50	126	121	133	148	528	4	100
11/07/2015 11:55	124	122	121	142	509	4	100
11/07/2015 12:00	131	125	113	133	502	4	100
11/07/2015 12:05	119	114	105	129	467	4	100
11/07/2015 12:10	115	107	101	118	441	4	100
11/07/2015 12:15	125	118	116	124	483	4	100
11/07/2015 12:20	132	124	108	137	501	4	100
11/07/2015 12:25	149	124	116	116	505	4	100
11/07/2015 12:30	125	102	120	128	475	4	100
11/07/2015 12:35	147	119	112	151	529	4	100
11/07/2015 12:40	139	120	125	129	513	4	100
11/07/2015 12:45	139	134	122	119	514	4	100
11/07/2015 12:50	136	122	121	99	478	4	100
11/07/2015 12:55	130	110	118	119	477	4	100
11/07/2015 13:00	126	124	105	112	467	4	100
11/07/2015 13:05	111	111	114	117	453	4	100
11/07/2015 13:10	107	112	118	117	454	4	100
11/07/2015 13:15	89	96	114	125	424	4	100
11/07/2015 13:20	89	69	99	111	368	4	100
11/07/2015 13:25	150	125	105	120	500	4	100
11/07/2015 13:30	117	119	117	124	477	4	100
11/07/2015 13:35	127	102	96	126	451	4	100
11/07/2015 13:40	116	113	10	145	384	4	100
11/07/2015 13:45	126	124	43	139	432	4	100
11/07/2015 13:50	129	121	118	128	496	4	100
11/07/2015 13:55	118	125	113	140	496	4	100
11/07/2015 14:00	133	120	108	125	486	4	100
11/07/2015 14:05	113	103	104	121	441	4	100
11/07/2015 14:10	139	124	111	115	489	4	100
11/07/2015 14:15	123	123	117	131	494	4	100
11/07/2015 14:20	128	106	123	145	502	4	100
11/07/2015 14:25	121	124	119	121	485	4	100
11/07/2015 14:30	135	128	124	122	509	4	100
11/07/2015 14:35	141	128	130	146	545	4	100
11/07/2015 14:40	126	117	109	116	468	4	100
11/07/2015 14:45	120	109	102	124	455	4	100
11/07/2015 14:50	110	104	113	134	461	4	100
11/07/2015 14:55	114	99	102	126	441	4	100
11/07/2015 15:00	132	107	107	124	470	4	100
11/07/2015 15:05	127	110	111	122	470	4	100
11/07/2015 15:10	132	121	118	130	501	4	100
11/07/2015 15:15	117	112	112	130	471	4	100
11/07/2015 15:20	111	122	113	116	462	4	100
11/07/2015 15:25	137	131	125	138	531	4	100
11/07/2015 15:30	128	98	114	118	458	4	100
11/07/2015 15:35	109	110	95	110	424	4	100
11/07/2015 15:40	127	53	120	130	430	4	100
11/07/2015 15:45	122	105	106	129	462	4	100
11/07/2015 15:50	115	124	86	118	443	4	100
11/07/2015 15:55	118	97	101	113	429	4	100
11/07/2015 16:00	108	96	101	125	430	4	100
11/07/2015 16:05	108	106	100	117	431	4	100
11/07/2015 16:10	72	83	104	134	393	4	100
11/07/2015 16:15	117	113	90	129	449	4	100
11/07/2015 16:20	135	130	130	133	528	4	100
11/07/2015 16:25	98	83	101	108	390	4	100
11/07/2015 16:30	121	112	101	113	447	4	100
11/07/2015 16:35	119	114	113	121	467	4	100
11/07/2015 16:40	131	118	110	132	491	4	100
11/07/2015 16:45	118	97	100	112	427	4	100
11/07/2015 16:50	106	103	111	109	429	4	100
11/07/2015 16:55	117	118	108	133	476	4	100
11/07/2015 17:00	100	97	94	106	397	4	100
11/07/2015 17:05	99	108	100	96	403	4	100
11/07/2015 17:10	129	117	98	112	456	4	100
11/07/2015 17:15	108	111	107	104	430	4	100
11/07/2015 17:20	107	99	93	110	409	4	100
11/07/2015 17:25	107	101	110	112	430	4	100
11/07/2015 17:30	112	113	91	99	415	4	100
11/07/2015 17:35	122	110	107	119	458	4	100
11/07/2015 17:40	93	90	94	112	389	4	100
11/07/2015 17:45	112	113	90	112	427	4	100
11/07/2015 17:50	113	102	101	127	443	4	100
11/07/2015 17:55	103	102	106	96	407	4	100
11/07/2015 18:00	110	100	71	84	365	4	100
11/07/2015 18:05	121	105	94	106	426	4	100
11/07/2015 18:10	111	95	91	93	390	4	100
11/07/2015 18:15	108	106	106	97	417	4	100
11/07/2015 18:20	114	120	89	111	434	4	100
11/07/2015 18:25	115	112	100	125	452	4	100
11/07/2015 18:30	105	101	89	115	410	4	100
11/07/2015 18:35	107	97	93	109	406	4	100
11/07/2015 18:40	113	107	83	102	405	4	100
11/07/2015 18:45	113	98	95	99	405	4	100
11/07/2015 18:50	87	104	80	109	380	4	100
11/07/2015 18:55	116	99	90	106	411	4	100
11/07/2015 19:00	96	96	84	94	370	4	100
11/07/2015 19:05	121	102	84	82	389	4	100
11/07/2015 19:10	96	111	91	88	386	4	100
11/07/2015 19:15	93	106	89	103	391	4	100
11/07/2015 19:20	96	104	76	84	360	4	100
11/07/2015 19:25	94	76	87	96	353	4	100
11/07/2015 19:30	109	102	94	88	393	4	100
11/07/2015 19:35	85	78	90	83	336	4	100
11/07/2015 19:40	93	96	93	83	365	4	100
11/07/2015 19:45	74	92	71	81	318	4	100
11/07/2015 19:50	72	87	83	88	330	4	100
11/07/2015 19:55	59	74	59	70	262	4	100
11/07/2015 20:00	90	80	59	73	302	4	100
11/07/2015 20:05	75	78	76	81	310	4	100
11/07/2015 20:10	72	91	78	80	321	4	100
11/07/2015 20:15	71	76	80	104	331	4	100
11/07/2015 20:20	91	97	70	76	334	4	100
11/07/2015 20:25	68	80	83	90	321	4	100
11/07/2015 20:30	83	79	76	84	322	4	100
11/07/2015 20:35	66	79	71	70	286	4	100
11/07/2015 20:40	81	73	68	82	304	4	100
11/07/2015 20:45	81	84	96	87	348	4	100
11/07/2015 20:50	78	90	73	66	307	4	100
11/07/2015 20:55	75	86	71	59	291	4	100
11/07/2015 21:00	66	81	77	78	302	4	100
11/07/2015 21:05	84	81	65	86	316	4	100
11/07/2015 21:10	81	76	90	94	341	4	100
11/07/2015 21:15	74	77	88	78	317	4	100
11/07/2015 21:20	78	78	95	69	320	4	100
11/07/2015 21:25	95	79	88	84	346	4	100
11/07/2015 21:30	74	78	80	71	303	4	100
11/07/2015 21:35	77	83	76	76	312	4	100
11/07/2015 21:40	70	77	82	88	317	4	100
11/07/2015 21:45	68	73	76	91	308	4	100
11/07/2015 21:50	80	81	79	71	311	4	100
11/07/2015 21:55	66	74	80	68	288	4	100
11/07/2015 22:00	68	72	78	68	286	4	100
11/07/2015 22:05	82	77	78	73	310	4	100
11/07/2015 22:10	48	66	70	64	248	4	100
11/07/2015 22:15	62	73	79	73	287	4	100
11/07/2015 22:20	45	69	78	64	256	4	100
11/07/2015 22:25	52	67	74	67	260	4	100
11/07/2015 22:30	68	73	69	60	270	4	100
11/07/2015 22:35	53	70	68	79	270	4	100
11/07/2015 22:40	68	67	71	60	266	4	100
11/07/2015 22:45	74	61	69	78	282	4	100
11/07/2015 22:50	36	47	62	54	199	4	100
11/07/2015 22:55	42	58	66	71	237	4	100
11/07/2015 23:00	41	59	56	65	221	4	100
11/07/2015 23:05	46	53	57	62	218	4	100
11/07/2015 23:10	48	56	68	53	225	4	100
11/07/2015 23:15	52	59	57	59	227	4	100
11/07/2015 23:20	30	53	49	44	176	4	100
11/07/2015 23:25	33	60	59	45	197	4	100
11/07/2015 23:30	52	50	52	40	194	4	100
11/07/2015 23:35	44	44	36	37	161	4	100
11/07/2015 23:40	25	43	42	36	146	4	100
11/07/2015 23:45	37	44	52	48	181	4	100
11/07/2015 23:50	34	47	50	39	170	4	100
11/07/2015 23:55	37	52	56	40	185	4	100
11/08/2015 00:00	34	39	33	35	141	4	100
11/08/2015 00:05	28	51	55	59	193	4	100
11/08/2015 00:10	28	46	43	34	151	4	100
11/08/2015 00:15	29	45	41	28	143	4	100
11/08/2015 00:20	22	44	49	37	152	4	100
11/08/2015 00:25	24	40	36	30	130	4	100
11/08/2015 00:30	21	41	35	27	124	4	100
11/08/2015 00:35	27	43	29	30	129	4	100
11/08/2015 00:40	27	31	38	30	126	4	100
11/08/2015 00:45	29	24	39	32	124	4	100
11/08/2015 00:50	19	36	33	23	111	4	100
11/08/2015 00:55	24	34	29	27	114	4	100
11/08/2015 01:00	21	30	30	21	102	4	100
11/08/2015 01:05	11	19	18	25	73	4	100
11/08/2015 01:10	22	27	32	25	106	4	100
11/08/2015 01:15	11	21	21	22	75	4	100
11/08/2015 01:20	16	23	26	32	97	4	100
11/08/2015 01:25	10	24	23	31	88	4	100
11/08/2015 01:30	13	31	16	23	83	4	100
11/08/2015 01:35	13	30	19	25	87	4	100
11/08/2015 01:40	16	23	23	12	74	4	100
11/08/2015 01:45	8	24	24	18	74	4	100
11/08/2015 01:50	15	19	20	16	70	4	100
11/08/2015 01:55	11	24	16	21	72	4	100
11/08/2015 02:00	13	20	27	19	79	4	100
11/08/2015 02:05	13	27	15	21	76	4	100
11/08/2015 02:10	9	24	30	19	82	4	100
11/08/2015 02:15	15	22	17	14	68	4	100
11/08/2015 02:20	17	24	25	13	79	4	100
11/08/2015 02:25	8	18	25	14	65	4	100
11/08/2015 02:30	16	21	16	22	75	4	100
11/08/2015 02:35	13	20	21	13	67	4	100
11/08/2015 02:40	12	18	19	26	75	4	100
11/08/2015 02:45	12	21	16	16	65	4	100
11/08/2015 02:50	5	19	22	15	61	4	100
11/08/2015 02:55	5	17	18	9	49	4	100
11/08/2015 03:00	9	20	19	19	67	4	100
11/08/2015 03:05	11	22	21	22	76	4	100
11/08/2015 03:10	8	21	18	17	64	4	100
11/08/2015 03:15	11	15	22	12	60	4	100
11/08/2015 03:20	4	22	15	8	49	4	100
11/08/2015 03:25	8	22	21	16	67	4	100
11/08/2015 03:30	11	20	20	20	71	4	100
11/08/2015 03:35	14	25	17	19	75	4	100
11/08/2015 03:40	12	23	25	10	70	4	100
11/08/2015 03:45	12	26	11	22	71	4	100
11/08/2015 03:50	10	24	16	22	72	4	100
11/08/2015 03:55	9	18	18	16	61	4	100
11/08/2015 04:00	5	15	25	19	64	4	100
11/08/2015 04:05	12	19	15	13	59	4	100
11/08/2015 04:10	14	24	14	14	66	4	100
11/08/2015 04:15	15	26	12	19	72	4	100
11/08/2015 04:20	13	23	23	11	70	4	100
11/08/2015 04:25	20	24	14	22	80	4	100
11/08/2015 04:30	22	26	19	21	88	4	100
11/08/2015 04:35	24	28	21	26	99	4	100
11/08/2015 04:40	27	35	23	21	106	4	100
11/08/2015 04:45	16	26	25	18	85	4	100
11/08/2015 04:50	15	25	24	30	94	4	100
11/08/2015 04:55	18	31	20	16	85	4	100
11/08/2015 05:00	22	31	16	31	100	4	100
11/08/2015 05:05	25	32	29	27	113	4	100
11/08/2015 05:10	24	29	19	28	100	4	100
11/08/2015 05:15	35	46	27	31	139	4	100
11/08/2015 05:20	40	43	26	27	136	4	100
11/08/2015 05:25	44	48	35	26	153	4	100
11/08/2015 05:30	43	47	37	36	163	4	100
11/08/2015 05:35	33	52	35	47	167	4	100
11/08/2015 05:40	46	45	31	46	168	4	100
11/08/2015 05:45	45	54	38	47	184	4	100
11/08/2015 05:50	39	54	41	51	185	4	100
11/08/2015 05:55	27	44	34	40	145	4	100
11/08/2015 06:00	34	38	40	36	148	4	100
11/08/2015 06:05	43	41	39	36	159	4	100
11/08/2015 06:10	46	53	39	33	171	4	100
11/08/2015 06:15	47	65	44	56	212	4	100
11/08/2015 06:20	56	60	46	57	219	4	100
11/08/2015 06:25	54	63	36	72	225	4	100
11/08/2015 06:30	66	67	45	63	241	4	100
11/08/2015 06:35	61	71	63	68	263	4	100
11/08/2015 06:40	69	86	67	81	303	4	100
11/08/2015 06:45	71	69	57	73	270	4	100
11/08/2015 06:50	66	55	51	79	251	4	100
11/08/2015 06:55	57	55	59	70	241	4	100
11/08/2015 07:00	53	63	55	84	255	4	100
11/08/2015 07:05	69	68	52	72	261	4	100
11/08/2015 07:10	52	63	50	84	249	4	100
11/08/2015 07:15	57	70	45	64	236	4	100
11/08/2015 07:20	72	84	64	62	282	4	100
11/08/2015 07:25	82	78	63	87	310	4	100
11/08/2015 07:30	65	66	69	80	280	4	100
11/08/2015 07:35	84	82	66	107	339	4	100
11/08/2015 07:40	71	93	75	96	335	4	100
11/08/2015 07:45	76	81	61	84	302	4	100
11/08/2015 07:50	73	66	69	103	311	4	100
11/08/2015 07:55	59	65	64	101	289	4	100
11/08/2015 08:00	64	71	67	76	278	4	100
11/08/2015 08:05	69	74	64	62	269	4	100
11/08/2015 08:10	109	93	86	103	391	4	100
11/08/2015 08:15	80	86	77	89	332	4	100
11/08/2015 08:20	99	94	79	93	365	4	100
11/08/2015 08:25	98	81	75	90	344	4	100
11/08/2015 08:30	92	94	83	116	385	4	100
11/08/2015 08:35	90	98	88	100	376	4	100
11/08/2015 08:40	95	98	97	111	401	4	100
11/08/2015 08:45	102	93	102	121	418	4	100
11/08/2015 08:50	103	93	96	139	431	4	100
11/08/2015 08:55	97	99	85	104	385	4	100
11/08/2015 09:00	103	102	83	112	400	4	100
11/08/2015 09:05	95	98	81	94	368	4	100
11/08/2015 09:10	96	92	94	103	385	4	100
11/08/2015 09:15	103	102	97	112	414	4	100
11/08/2015 09:20	97	91	85	112	385	4	100
11/08/2015 09:25	113	104	92	114	423	4	100
11/08/2015 09:30	106	101	89	135	431	4	100
11/08/2015 09:35	127	112	101	141	481	4	100
11/08/2015 09:40	120	101	114	128	463	4	100
11/08/2015 09:45	114	109	109	143	475	4	100
11/08/2015 09:50	109	101	108	118	436	4	100
11/08/2015 09:55	110	113	95	112	430	4	100
11/08/2015 10:00	107	100	96	132	435	4	100
11/08/2015 10:05	98	105	101	120	424	4	100
11/08/2015 10:10	117	114	107	106	444	4	100
11/08/2015 10:15	112	102	98	123	435	4	100
11/08/2015 10:20	118	114	122	134	488	4	100
11/08/2015 10:25	121	100	110	131	462	4	100
11/08/2015 10:30	101	120	122	133	476	4	100
11/08/2015 10:35	132	119	103	141	495	4	100
11/08/2015 10:40	123	102	111	145	481	4	100
11/08/2015 10:45	118	109	109	146	482	4	100
11/08/2015 10:50	128	115	127	150	520	4	100
11/08/2015 10:55	100	113	109	140	462	4	100
11/08/2015 11:00	109	102	116	130	457	4	100
11/08/2015 11:05	136	119	112	140	507	4	100
11/08/2015 11:10	117	103	121	139	480	4	100
11/08/2015 11:15	120	113	109	121	463	4	100
11/08/2015 11:20	117	112	110	128	467	4	100
11/08/2015 11:25	109	107	108	137	461	4	100
11/08/2015 11:30	134	116	109	137	496	4	100
11/08/2015 11:35	119	112	116	132	479	4	100
11/08/2015 11:40	116	113	117	129	475	4	100
11/08/2015 11:45	125	112	130	142	509	4	100
11/08/2015 11:50	109	105	120	126	460	4	100
11/08/2015 11:55	123	108	117	143	491	4	100
11/08/2015 12:00	114	124	127	121	486	4	100
11/08/2015 12:05	117	112	105	133	467	4	100
11/08/2015 12:10	123	104	111	140	478	4	100
11/08/2015 12:15	108	102	115	120	445	4	100
11/08/2015 12:20	109	115	127	125	476	4	100
11/08/2015 12:25	126	119	117	127	489	4	100
11/08/2015 12:30	130	100	107	145	482	4	100
11/08/2015 12:35	146	132	127	144	549	4	100
11/08/2015 12:40	107	115	127	129	478	4	100
11/08/2015 12:45	125	124	104	140	493	4	100
11/08/2015 12:50	125	110	112	127	474	4	100
11/08/2015 12:55	145	124	99	127	495	4	100
11/08/2015 13:00	109	110	118	134	471	4	100
11/08/2015 13:05	119	106	120	108	453	4	100
11/08/2015 13:10	123	121	110	116	470	4	100
11/08/2015 13:15	123	110	119	128	480	4	100
11/08/2015 13:20	136	132	118	147	533	4	100
11/08/2015 13:25	132	131	117	140	520	4	100
11/08/2015 13:30	116	114	116	131	477	4	100
11/08/2015 13:35	76	93	94	116	379	4	100
11/08/2015 13:40	125	116	112	136	489	4	100
11/08/2015 13:45	134	134	122	145	535	4	100
11/08/2015 13:50	110	104	98	108	420	4	100
11/08/2015 13:55	113	111	103	125	452	4	100
11/08/2015 14:00	106	111	99	124	440	4	100
11/08/2015 14:05	124	127	126	115	492	4	100
11/08/2015 14:10	157	135	97	123	512	4	100
11/08/2015 14:15	108	105	103	122	438	4	100
11/08/2015 14:20	128	115	101	129	473	4	100
11/08/2015 14:25	110	110	102	108	430	4	100
11/08/2015 14:30	143	123	107	135	508	4	100
11/08/2015 14:35	135	140	118	138	531	4	100
11/08/2015 14:40	119	114	106	114	453	4	100
11/08/2015 14:45	140	117	109	141	507	4	100
11/08/2015 14:50	106	99	104	100	409	4	100
11/08/2015 14:55	122	112	104	132	470	4	100
11/08/2015 15:00	122	113	83	109	427	4	100
11/08/2015 15:05	120	110	104	101	435	4	100
11/08/2015 15:10	102	101	97	115	415	4	100
11/08/2015 15:15	122	119	111	108	460	4	100
11/08/2015 15:20	123	117	123	124	487	4	100
11/08/2015 15:25	118	114	111	116	459	4	100
11/08/2015 15:30	135	127	113	109	484	4	100
11/08/2015 15:35	146	139	116	107	508	4	100
11/08/2015 15:40	129	136	116	134	515	4	100
11/08/2015 15:45	108	116	104	123	451	4	100
11/08/2015 15:50	129	127	110	123	489	4	100
11/08/2015 15:55	115	116	113	106	450	4	100
11/08/2015 16:00	122	111	109	119	461	4	100
11/08/2015 16:05	121	123	115	96	455	4	100
11/08/2015 16:10	118	129	96	99	442	4	100
11/08/2015 16:15	126	115	107	123	471	4	100
11/08/2015 16:20	102	94	101	107	404	4	100
11/08/2015 16:25	113	81	95	94	383	4	100
11/08/2015 16:30	163	132	138	144	577	4	100
11/08/2015 16:35	124	115	119	108	466	4	100
11/08/2015 16:40	116	110	128	114	468	4	100
11/08/2015 16:45	131	112	118	103	464	4	100
11/08/2015 16:50	132	122	123	117	494	4	100
11/08/2015 16:55	118	113	95	100	426	4	100
11/08/2015 17:00	129	105	122	115	471	4	100
11/08/2015 17:05	131	119	110	103	463	4	100
11/08/2015 17:10	124	132	106	108	470	4	100
11/08/2015 17:15	127	123	117	118	485	4	100
11/08/2015 17:20	124	116	114	133	487	4	100
11/08/2015 17:25	125	121	102	115	463	4	100
11/08/2015 17:30	126	120	118	120	484	4	100
11/08/2015 17:35	110	108	107	103	428	4	100
11/08/2015 17:40	123	113	120	112	468	4	100
11/08/2015 17:45	117	111	100	102	430	4	100
11/08/2015 17:50	126	105	84	113	428	4	100
11/08/2015 17:55	141	117	91	95	444	4	100
11/08/2015 18:00	106	114	97	88	405	4	100
11/08/2015 18:05	115	114	86	92	407	4	100
11/08/2015 18:10	108	100	75	95	378	4	100
11/08/2015 18:15	115	103	100	88	406	4	100
11/08/2015 18:20	117	113	82	88	400	4	100
11/08/2015 18:25	107	121	81	87	396	4	100
11/08/2015 18:30	107	105	82	88	382	4	100
11/08/2015 18:35	111	98	88	97	394	4	100
11/08/2015 18:40	123	116	95	98	432	4	100
11/08/2015 18:45	99	87	80	92	358	4	100
11/08/2015 18:50	96	99	98	99	392	4	100
11/08/2015 18:55	101	108	90	66	365	4	100
11/08/2015 19:00	111	106	66	75	358	4	100
11/08/2015 19:05	129	115	89	88	421	4	100
11/08/2015 19:10	104	113	93	86	396	4	100
11/08/2015 19:15	114	104	89	98	405	4	100
11/08/2015 19:20	118	108	84	88	398	4	100
11/08/2015 19:25	96	101	82	85	364	4	100
11/08/2015 19:30	97	108	80	90	375	4	100
11/08/2015 19:35	120	105	84	70	379	4	100
11/08/2015 19:40	113	114	82	76	385	4	100
11/08/2015 19:45	104	100	87	74	365	4	100
11/08/2015 19:50	122	95	79	86	382	4	100
11/08/2015 19:55	106	112	70	76	364	4	100
11/08/2015 20:00	106	107	74	80	367	4	100
11/08/2015 20:05	94	87	81	84	346	4	100
11/08/2015 20:10	108	111	80	82	381	4	100
11/08/2015 20:15	99	108	67	79	353	4	100
11/08/2015 20:20	94	96	74	72	336	4	100
11/08/2015 20:25	91	78	84	77	330	4	100
11/08/2015 20:30	107	97	74	65	343	4	100
11/08/2015 20:35	104	96	76	71	347	4	100
11/08/2015 20:40	104	85	69	59	317	4	100
11/08/2015 20:45	89	84	70	76	319	4	100
11/08/2015 20:50	86	94	67	65	312	4	100
11/08/2015 20:55	97	86	63	62	308	4	100
11/08/2015 21:00	82	86	70	78	316	4	100
11/08/2015 21:05	85	77	68	64	294	4	100
11/08/2015 21:10	77	83	58	61	279	4	100
11/08/2015 21:15	83	75	76	58	292	4	100
11/08/2015 21:20	74	75	70	53	272	4	100
11/08/2015 21:25	81	92	63	75	311	4	100
11/08/2015 21:30	91	96	70	67	324	4	100
11/08/2015 21:35	82	78	54	54	268	4	100
11/08/2015 21:40	86	74	73	68	301	4	100
11/08/2015 21:45	80	82	49	48	259	4	100
11/08/2015 21:50	64	49	50	60	223	4	100
11/08/2015 21:55	63	73	61	49	246	4	100
11/08/2015 22:00	73	77	45	36	231	4	100
11/08/2015 22:05	69	70	57	49	245	4	100
11/08/2015 22:10	59	64	46	40	209	4	100
11/08/2015 22:15	65	69	53	44	231	4	100
11/08/2015 22:20	49	52	44	40	185	4	100
11/08/2015 22:25	55	62	49	50	216	4	100
11/08/2015 22:30	50	58	46	42	196	4	100
11/08/2015 22:35	46	57	39	34	176	4	100
11/08/2015 22:40	46	54	50	29	179	4	100
11/08/2015 22:45	43	63	37	48	191	4	100
11/08/2015 22:50	62	45	43	34	184	4	100
11/08/2015 22:55	35	46	44	39	164	4	100
11/08/2015 23:00	40	44	36	33	153	4	100
11/08/2015 23:05	34	48	26	33	141	4	100
11/08/2015 23:10	34	37	43	38	152	4	100
11/08/2015 23:15	32	42	32	32	138	4	100
11/08/2015 23:20	24	43	38	31	136	4	100
11/08/2015 23:25	30	47	35	31	143	4	100
11/08/2015 23:30	29	36	40	26	131	4	100
11/08/2015 23:35	32	36	25	28	121	4	100
11/08/2015 23:40	25	33	38	35	131	4	100
11/08/2015 23:45	25	34	25	24	108	4	100
11/08/2015 23:50	22	33	27	32	114	4	100
11/08/2015 23:55	24	36	22	22	104	4	100
