5 Minutes	Lane 1 Flow (Veh/5 Minutes)	Lane 2 Flow (Veh/5 Minutes)	Lane 3 Flow (Veh/5 Minutes)	Lane 4 Flow (Veh/5 Minutes)	Flow (Veh/5 Minutes)	# Lane Points	% Observed
11/02/2015 00:00	20	35	35	14	104	4	100
11/02/2015 00:05	22	31	28	20	101	4	100
11/02/2015 00:10	18	25	20	19	82	4	100
11/02/2015 00:15	25	30	17	25	97	4	100
11/02/2015 00:20	22	32	26	12	92	4	100
11/02/2015 00:25	21	24	20	16	81	4	100
11/02/2015 00:30	18	23	25	17	83	4	100
11/02/2015 00:35	13	24	19	14	70	4	100
11/02/2015 00:40	20	21	19	12	72	4	100
11/02/2015 00:45	14	17	17	14	62	4	100
11/02/2015 00:50	20	17	11	19	67	4	100
11/02/2015 00:55	9	16	13	15	53	4	100
11/02/2015 01:00	3	12	11	10	36	4	100
11/02/2015 01:05	4	19	16	10	49	4	100
11/02/2015 01:10	9	14	14	8	45	4	100
11/02/2015 01:15	7	12	11	9	39	4	100
11/02/2015 01:20	6	18	11	9	44	4	100
11/02/2015 01:25	9	11	14	15	49	4	100
11/02/2015 01:30	5	10	5	8	28	4	100
11/02/2015 01:35	9	17	13	7	46	4	100
11/02/2015 01:40	10	18	11	10	49	4	100
11/02/2015 01:45	6	12	11	13	42	4	100
11/02/2015 01:50	8	11	12	9	40	4	100
11/02/2015 01:55	8	10	16	3	37	4	100
11/02/2015 02:00	10	16	11	1	38	4	100
11/02/2015 02:05	9	14	15	9	47	4	100
11/02/2015 02:10	5	13	12	12	42	4	100
11/02/2015 02:15	3	8	7	13	31	4	100
11/02/2015 02:20	9	14	10	12	45	4	100
11/02/2015 02:25	7	12	13	9	41	4	100
11/02/2015 02:30	12	11	10	13	46	4	100
11/02/2015 02:35	5	15	15	12	47	4	100
11/02/2015 02:40	11	11	14	10	46	4	100
11/02/2015 02:45	8	18	21	6	53	4	100
11/02/2015 02:50	6	15	11	14	46	4	100
11/02/2015 02:55	11	17	11	14	53	4	100
11/02/2015 03:00	10	21	12	12	55	4	100
11/02/2015 03:05	20	20	13	7	60	4	100
11/02/2015 03:10	12	18	18	15	63	4	100
11/02/2015 03:15	13	22	18	15	68	4	100
11/02/2015 03:20	16	24	17	14	71	4	100
11/02/2015 03:25	15	21	16	15	67	4	100
11/02/2015 03:30	22	27	16	14	79	4	100
11/02/2015 03:35	19	29	16	13	77	4	100
11/02/2015 03:40	23	28	19	25	95	4	100
11/02/2015 03:45	26	29	22	25	102	4	100
11/02/2015 03:50	23	29	13	31	96	4	100
11/02/2015 03:55	27	33	20	17	97	4	100
11/02/2015 04:00	24	38	22	24	108	4	100
11/02/2015 04:05	47	44	22	20	133	4	100
11/02/2015 04:10	36	44	29	21	130	4	100
11/02/2015 04:15	50	58	26	32	166	4	100
11/02/2015 04:20	48	57	31	33	169	4	100
11/02/2015 04:25	74	62	42	37	215	4	100
11/02/2015 04:30	85	70	46	45	246	4	100
11/02/2015 04:35	82	68	46	51	247	4	100
11/02/2015 04:40	100	78	57	72	307	4	100
11/02/2015 04:45	87	77	55	64	283	4	100
11/02/2015 04:50	89	80	59	60	288	4	100
11/02/2015 04:55	103	94	58	67	322	4	100
11/02/2015 05:00	118	91	57	59	325	4	100
11/02/2015 05:05	129	106	71	68	374	4	100
11/02/2015 05:10	171	130	87	90	478	4	100
11/02/2015 05:15	171	134	86	104	495	4	100
11/02/2015 05:20	207	164	109	109	589	4	100
11/02/2015 05:25	185	170	125	124	604	4	100
11/02/2015 05:30	140	141	130	140	551	4	100
11/02/2015 05:35	131	120	114	144	509	4	100
11/02/2015 05:40	132	121	120	151	524	4	100
11/02/2015 05:45	114	108	114	140	476	4	100
11/02/2015 05:50	94	99	109	135	437	4	100
11/02/2015 05:55	109	95	94	124	422	4	100
11/02/2015 06:00	111	95	93	105	404	4	100
11/02/2015 06:05	98	88	78	117	381	4	100
11/02/2015 06:10	95	84	76	122	377	4	100
11/02/2015 06:15	73	60	57	110	300	4	100
11/02/2015 06:20	77	58	51	92	278	4	100
11/02/2015 06:25	81	74	69	104	328	4	100
11/02/2015 06:30	73	49	46	95	263	4	100
11/02/2015 06:35	67	63	51	103	284	4	100
11/02/2015 06:40	77	67	43	100	287	4	100
11/02/2015 06:45	71	56	44	88	259	4	100
11/02/2015 06:50	59	40	28	106	233	4	100
11/02/2015 06:55	63	46	46	89	244	4	100
11/02/2015 07:00	56	45	43	100	244	4	100
11/02/2015 07:05	54	45	26	90	215	4	100
11/02/2015 07:10	63	39	35	90	227	4	100
11/02/2015 07:15	63	40	37	99	239	4	100
11/02/2015 07:20	55	42	30	102	229	4	100
11/02/2015 07:25	47	38	16	90	191	4	100
11/02/2015 07:30	58	47	42	88	235	4	100
11/02/2015 07:35	56	44	31	99	230	4	100
11/02/2015 07:40	53	29	23	99	204	4	100
11/02/2015 07:45	51	39	32	109	231	4	100
11/02/2015 07:50	64	48	35	96	243	4	100
11/02/2015 07:55	51	50	44	101	246	4	100
11/02/2015 08:00	47	29	26	106	208	4	100
11/02/2015 08:05	44	45	20	101	210	4	100
11/02/2015 08:10	50	40	32	91	213	4	100
11/02/2015 08:15	60	39	38	105	242	4	100
11/02/2015 08:20	49	39	19	104	211	4	100
11/02/2015 08:25	46	25	24	96	191	4	100
11/02/2015 08:30	49	38	43	97	227	4	100
11/02/2015 08:35	57	35	28	96	216	4	100
11/02/2015 08:40	39	28	13	72	152	4	100
11/02/2015 08:45	47	21	31	106	205	4	100
11/02/2015 08:50	50	35	43	110	238	4	100
11/02/2015 08:55	44	29	29	102	204	4	100
11/02/2015 09:00	43	24	20	71	158	4	100
11/02/2015 09:05	61	46	49	99	255	4	100
11/02/2015 09:10	58	34	30	82	204	4	100
11/02/2015 09:15	56	42	28	77	203	4	100
11/02/2015 09:20	44	29	23	67	163	4	100
11/02/2015 09:25	48	42	32	99	221	4	100
11/02/2015 09:30	55	39	41	93	228	4	100
11/02/2015 09:35	44	32	32	83	191	4	100
11/02/2015 09:40	50	41	34	64	189	4	100
11/02/2015 09:45	67	61	42	104	274	4	100
11/02/2015 09:50	65	45	36	103	249	4	100
11/02/2015 09:55	53	43	39	87	222	4	100
11/02/2015 10:00	56	49	31	90	226	4	100
11/02/2015 10:05	56	50	49	109	264	4	100
11/02/2015 10:10	79	69	69	112	329	4	100
11/02/2015 10:15	72	71	76	112	331	4	100
11/02/2015 10:20	75	78	74	107	334	4	100
11/02/2015 10:25	73	65	68	109	315	4	100
11/02/2015 10:30	87	85	97	117	386	4	100
11/02/2015 10:35	99	90	89	122	400	4	100
11/02/2015 10:40	79	93	93	116	381	4	100
11/02/2015 10:45	105	100	85	124	414	4	100
11/02/2015 10:50	81	81	95	101	358	4	100
11/02/2015 10:55	76	85	94	110	365	4	100
11/02/2015 11:00	92	89	91	112	384	4	100
11/02/2015 11:05	104	104	78	100	386	4	100
11/02/2015 11:10	106	90	111	100	407	4	100
11/02/2015 11:15	116	109	104	115	444	4	100
11/02/2015 11:20	103	101	99	121	424	4	100
11/02/2015 11:25	108	93	116	105	422	4	100
11/02/2015 11:30	106	107	101	108	422	4	100
11/02/2015 11:35	113	109	96	111	429	4	100
11/02/2015 11:40	111	102	100	115	428	4	100
11/02/2015 11:45	97	95	115	100	407	4	100
11/02/2015 11:50	105	93	106	107	411	4	100
11/02/2015 11:55	105	92	82	102	381	4	100
11/02/2015 12:00	97	89	101	107	394	4	100
11/02/2015 12:05	108	106	99	102	415	4	100
11/02/2015 12:10	112	98	109	107	426	4	100
11/02/2015 12:15	94	92	104	124	414	4	100
11/02/2015 12:20	108	104	109	98	419	4	100
11/02/2015 12:25	123	118	117	118	476	4	100
11/02/2015 12:30	120	104	110	110	444	4	100
11/02/2015 12:35	102	97	98	112	409	4	100
11/02/2015 12:40	103	113	100	116	432	4	100
11/02/2015 12:45	122	97	110	120	449	4	100
11/02/2015 12:50	119	100	120	112	451	4	100
11/02/2015 12:55	112	105	104	106	427	4	100
11/02/2015 13:00	86	88	99	102	375	4	100
11/02/2015 13:05	93	81	107	90	371	4	100
11/02/2015 13:10	117	102	93	97	409	4	100
11/02/2015 13:15	113	90	108	127	438	4	100
11/02/2015 13:20	100	103	112	112	427	4	100
11/02/2015 13:25	125	109	114	119	467	4	100
11/02/2015 13:30	104	91	102	107	404	4	100
11/02/2015 13:35	111	93	104	105	413	4	100
11/02/2015 13:40	89	82	95	110	376	4	100
11/02/2015 13:45	81	84	100	109	374	4	100
11/02/2015 13:50	83	91	98	102	374	4	100
11/02/2015 13:55	85	89	113	109	396	4	100
11/02/2015 14:00	100	84	89	107	380	4	100
11/02/2015 14:05	104	107	95	109	415	4	100
11/02/2015 14:10	89	94	91	79	353	4	100
11/02/2015 14:15	127	105	115	127	474	4	100
11/02/2015 14:20	111	100	88	111	410	4	100
11/02/2015 14:25	119	101	100	117	437	4	100
11/02/2015 14:30	95	103	110	122	430	4	100
11/02/2015 14:35	101	87	109	111	408	4	100
11/02/2015 14:40	110	76	104	124	414	4	100
11/02/2015 14:45	87	80	96	86	349	4	100
11/02/2015 14:50	82	80	83	96	341	4	100
11/02/2015 14:55	107	92	99	92	390	4	100
11/02/2015 15:00	110	110	103	100	423	4	100
11/02/2015 15:05	99	86	89	96	370	4	100
11/02/2015 15:10	105	98	88	95	386	4	100
11/02/2015 15:15	96	86	92	91	365	4	100
11/02/2015 15:20	88	89	93	97	367	4	100
11/02/2015 15:25	109	94	92	87	382	4	100
11/02/2015 15:30	96	93	82	101	372	4	100
11/02/2015 15:35	122	109	85	88	404	4	100
11/02/2015 15:40	108	84	103	115	410	4	100
11/02/2015 15:45	105	96	109	96	406	4	100
11/02/2015 15:50	103	89	95	95	382	4	100
11/02/2015 15:55	116	89	79	86	370	4	100
11/02/2015 16:00	109	97	91	81	378	4	100
11/02/2015 16:05	103	87	93	83	366	4	100
11/02/2015 16:10	94	85	102	93	374	4	100
11/02/2015 16:15	127	84	104	93	408	4	100
11/02/2015 16:20	124	90	89	81	384	4	100
11/02/2015 16:25	103	86	87	86	362	4	100
11/02/2015 16:30	118	88	77	95	378	4	100
11/02/2015 16:35	104	84	78	71	337	4	100
11/02/2015 16:40	99	80	100	91	370	4	100
11/02/2015 16:45	105	97	89	80	371	4	100
11/02/2015 16:50	103	92	95	77	367	4	100
11/02/2015 16:55	101	101	85	81	368	4	100
11/02/2015 17:00	111	92	90	88	381	4	100
11/02/2015 17:05	105	92	88	82	367	4	100
11/02/2015 17:10	112	97	88	78	375	4	100
11/02/2015 17:15	105	87	104	88	384	4	100
11/02/2015 17:20	98	91	100	76	365	4	100
11/02/2015 17:25	123	103	101	86	413	4	100
11/02/2015 17:30	108	104	96	64	372	4	100
11/02/2015 17:35	125	110	105	54	394	4	100
11/02/2015 17:40	115	116	95	78	404	4	100
11/02/2015 17:45	103	85	90	75	353	4	100
11/02/2015 17:50	118	104	78	67	367	4	100
11/02/2015 17:55	123	105	88	70	386	4	100
11/02/2015 18:00	123	108	95	78	404	4	100
11/02/2015 18:05	105	112	95	86	398	4	100
11/02/2015 18:10	100	106	92	75	373	4	100
11/02/2015 18:15	123	107	88	80	398	4	100
11/02/2015 18:20	111	101	87	71	370	4	100
11/02/2015 18:25	123	101	79	88	391	4	100
11/02/2015 18:30	117	96	84	67	364	4	100
11/02/2015 18:35	122	99	76	80	377	4	100
11/02/2015 18:40	100	80	82	76	338	4	100
11/02/2015 18:45	96	94	66	77	333	4	100
11/02/2015 18:50	91	90	84	69	334	4	100
11/02/2015 18:55	80	82	76	58	296	4	100
11/02/2015 19:00	82	70	65	61	278	4	100
11/02/2015 19:05	75	68	71	72	286	4	100
11/02/2015 19:10	80	83	85	60	308	4	100
11/02/2015 19:15	77	81	73	62	293	4	100
11/02/2015 19:20	78	82	76	54	290	4	100
11/02/2015 19:25	68	65	68	59	260	4	100
11/02/2015 19:30	66	81	67	76	290	4	100
11/02/2015 19:35	80	58	64	72	274	4	100
11/02/2015 19:40	56	57	63	58	234	4	100
11/02/2015 19:45	52	54	60	66	232	4	100
11/02/2015 19:50	56	63	65	56	240	4	100
11/02/2015 19:55	51	57	60	54	222	4	100
11/02/2015 20:00	53	61	65	65	244	4	100
11/02/2015 20:05	47	64	55	68	234	4	100
11/02/2015 20:10	45	63	61	60	229	4	100
11/02/2015 20:15	55	57	64	74	250	4	100
11/02/2015 20:20	49	56	74	47	226	4	100
11/02/2015 20:25	59	56	67	60	242	4	100
11/02/2015 20:30	61	77	56	51	245	4	100
11/02/2015 20:35	53	58	71	49	231	4	100
11/02/2015 20:40	59	69	60	54	242	4	100
11/02/2015 20:45	48	58	56	64	226	4	100
11/02/2015 20:50	45	52	56	47	200	4	100
11/02/2015 20:55	48	57	62	52	219	4	100
11/02/2015 21:00	45	35	54	47	181	4	100
11/02/2015 21:05	48	51	71	45	215	4	100
11/02/2015 21:10	49	52	71	48	220	4	100
11/02/2015 21:15	56	53	51	49	209	4	100
11/02/2015 21:20	37	42	50	43	172	4	100
11/02/2015 21:25	53	53	57	56	219	4	100
11/02/2015 21:30	51	48	53	47	199	4	100
11/02/2015 21:35	47	52	62	54	215	4	100
11/02/2015 21:40	52	56	70	54	232	4	100
11/02/2015 21:45	60	57	52	44	213	4	100
11/02/2015 21:50	47	48	52	45	192	4	100
11/02/2015 21:55	53	53	47	37	190	4	100
11/02/2015 22:00	39	52	54	45	190	4	100
11/02/2015 22:05	52	48	52	36	188	4	100
11/02/2015 22:10	40	44	49	42	175	4	100
11/02/2015 22:15	49	60	50	47	206	4	100
11/02/2015 22:20	32	32	61	50	175	4	100
11/02/2015 22:25	37	43	47	31	158	4	100
11/02/2015 22:30	40	46	46	36	168	4	100
11/02/2015 22:35	29	39	32	34	134	4	100
11/02/2015 22:40	28	41	52	34	155	4	100
11/02/2015 22:45	29	32	45	41	147	4	100
11/02/2015 22:50	24	37	37	33	131	4	100
11/02/2015 22:55	20	27	30	31	108	4	100
11/02/2015 23:00	24	33	35	27	119	4	100
11/02/2015 23:05	24	21	23	26	94	4	100
11/02/2015 23:10	24	25	31	21	101	4	100
11/02/2015 23:15	23	37	33	29	122	4	100
11/02/2015 23:20	16	28	27	23	94	4	100
11/02/2015 23:25	17	27	21	22	87	4	100
11/02/2015 23:30	14	26	32	16	88	4	100
11/02/2015 23:35	12	23	22	20	77	4	100
11/02/2015 23:40	20	28	19	19	86	4	100
11/02/2015 23:45	13	29	22	18	82	4	100
11/02/2015 23:50	17	15	23	15	70	4	100
11/02/2015 23:55	7	16	22	26	71	4	100
11/03/2015 00:00	13	23	16	16	68	4	100
11/03/2015 00:05	10	20	18	11	59	4	100
11/03/2015 00:10	14	19	27	20	80	4	100
11/03/2015 00:15	10	13	31	13	67	4	100
11/03/2015 00:20	8	12	15	11	46	4	100
11/03/2015 00:25	8	11	21	14	54	4	100
11/03/2015 00:30	12	18	17	14	61	4	100
11/03/2015 00:35	10	12	20	6	48	4	100
11/03/2015 00:40	6	12	12	16	46	4	100
11/03/2015 00:45	6	16	15	14	51	4	100
11/03/2015 00:50	7	14	18	11	50	4	100
11/03/2015 00:55	7	14	16	9	46	4	100
11/03/2015 01:00	5	10	9	9	33	4	100
11/03/2015 01:05	10	8	24	12	54	4	100
11/03/2015 01:10	2	6	8	8	24	4	100
11/03/2015 01:15	3	13	18	12	46	4	100
11/03/2015 01:20	8	15	16	4	43	4	100
11/03/2015 01:25	3	15	12	9	39	4	100
11/03/2015 01:30	6	11	14	6	37	4	100
11/03/2015 01:35	3	8	8	5	24	4	100
11/03/2015 01:40	7	15	13	6	41	4	100
11/03/2015 01:45	6	10	12	8	36	4	100
11/03/2015 01:50	5	10	4	14	33	4	100
11/03/2015 01:55	2	10	13	6	31	4	100
11/03/2015 02:00	7	14	19	7	47	4	100
11/03/2015 02:05	6	10	11	9	36	4	100
11/03/2015 02:10	9	9	14	5	37	4	100
11/03/2015 02:15	3	5	10	9	27	4	100
11/03/2015 02:20	3	7	12	6	28	4	100
11/03/2015 02:25	6	12	7	8	33	4	100
11/03/2015 02:30	6	12	17	7	42	4	100
11/03/2015 02:35	5	8	16	11	40	4	100
11/03/2015 02:40	10	14	15	15	54	4	100
11/03/2015 02:45	8	16	15	9	48	4	100
11/03/2015 02:50	10	10	16	7	43	4	100
11/03/2015 02:55	5	14	9	13	41	4	100
11/03/2015 03:00	10	14	11	14	49	4	100
11/03/2015 03:05	8	15	17	10	50	4	100
11/03/2015 03:10	9	14	20	11	54	4	100
11/03/2015 03:15	10	15	16	11	52	4	100
11/03/2015 03:20	9	19	7	8	43	4	100
11/03/2015 03:25	19	23	18	14	74	4	100
11/03/2015 03:30	23	24	22	24	93	4	100
11/03/2015 03:35	16	25	20	15	76	4	100
11/03/2015 03:40	20	22	23	19	84	4	100
11/03/2015 03:45	35	29	21	21	106	4	100
11/03/2015 03:50	22	24	23	18	87	4	100
11/03/2015 03:55	21	30	18	23	92	4	100
11/03/2015 04:00	20	31	26	24	101	4	100
11/03/2015 04:05	30	32	22	17	101	4	100
11/03/2015 04:10	40	50	27	24	141	4	100
11/03/2015 04:15	50	47	26	23	146	4	100
11/03/2015 04:20	52	58	35	34	179	4	100
11/03/2015 04:25	68	60	42	33	203	4	100
11/03/2015 04:30	81	66	47	42	236	4	100
11/03/2015 04:35	77	63	46	54	240	4	100
11/03/2015 04:40	84	79	47	58	268	4	100
11/03/2015 04:45	91	74	52	53	270	4	100
11/03/2015 04:50	98	87	48	46	279	4	100
11/03/2015 04:55	79	68	68	58	273	4	100
11/03/2015 05:00	113	102	52	60	327	4	100
11/03/2015 05:05	148	120	65	72	405	4	100
11/03/2015 05:10	149	128	77	73	427	4	100
11/03/2015 05:15	162	121	91	90	464	4	100
11/03/2015 05:20	198	161	105	124	588	4	100
11/03/2015 05:25	120	104	84	86	394	4	100
11/03/2015 05:30	180	170	106	139	595	4	100
11/03/2015 05:35	157	154	132	156	599	4	100
11/03/2015 05:40	140	132	121	144	537	4	100
11/03/2015 05:45	120	114	100	142	476	4	100
11/03/2015 05:50	97	104	103	131	435	4	100
11/03/2015 05:55	108	109	106	136	459	4	100
11/03/2015 06:00	101	87	87	116	391	4	100
11/03/2015 06:05	104	88	72	112	376	4	100
11/03/2015 06:10	93	85	83	118	379	4	100
11/03/2015 06:15	72	55	47	111	285	4	100
11/03/2015 06:20	74	62	55	87	278	4	100
11/03/2015 06:25	73	57	45	101	276	4	100
11/03/2015 06:30	72	60	50	106	288	4	100
11/03/2015 06:35	70	55	61	111	297	4	100
11/03/2015 06:40	63	50	29	101	243	4	100
11/03/2015 06:45	57	47	35	101	240	4	100
11/03/2015 06:50	67	44	41	106	258	4	100
11/03/2015 06:55	63	50	35	103	251	4	100
11/03/2015 07:00	50	31	21	94	196	4	100
11/03/2015 07:05	55	44	39	76	214	4	100
11/03/2015 07:10	62	51	31	93	237	4	100
11/03/2015 07:15	63	46	39	94	242	4	100
11/03/2015 07:20	47	29	19	95	190	4	100
11/03/2015 07:25	37	23	16	74	150	4	100
11/03/2015 07:30	47	37	33	100	217	4	100
11/03/2015 07:35	51	36	22	96	205	4	100
11/03/2015 07:40	48	38	31	103	220	4	100
11/03/2015 07:45	49	34	19	94	196	4	100
11/03/2015 07:50	58	37	29	97	221	4	100
11/03/2015 07:55	61	50	28	103	242	4	100
11/03/2015 08:00	64	39	18	96	217	4	100
11/03/2015 08:05	44	29	18	94	185	4	100
11/03/2015 08:10	47	33	28	91	199	4	100
11/03/2015 08:15	41	27	20	62	150	4	100
11/03/2015 08:20	51	42	36	106	235	4	100
11/03/2015 08:25	41	29	22	79	171	4	100
11/03/2015 08:30	50	35	15	100	200	4	100
11/03/2015 08:35	57	39	36	95	227	4	100
11/03/2015 08:40	51	44	25	106	226	4	100
11/03/2015 08:45	52	43	14	93	202	4	100
11/03/2015 08:50	46	35	18	77	176	4	100
11/03/2015 08:55	55	38	17	76	186	4	100
11/03/2015 09:00	42	25	20	72	159	4	100
11/03/2015 09:05	57	48	27	98	230	4	100
11/03/2015 09:10	54	39	21	102	216	4	100
11/03/2015 09:15	52	38	24	60	174	4	100
11/03/2015 09:20	54	43	27	90	214	4	100
11/03/2015 09:25	46	24	19	71	160	4	100
11/03/2015 09:30	43	36	22	80	181	4	100
11/03/2015 09:35	39	28	18	61	146	4	100
11/03/2015 09:40	54	47	26	78	205	4	100
11/03/2015 09:45	66	55	38	94	253	4	100
11/03/2015 09:50	47	40	19	90	196	4	100
11/03/2015 09:55	52	46	37	90	225	4	100
11/03/2015 10:00	50	33	21	85	189	4	100
11/03/2015 10:05	66	57	36	89	248	4	100
11/03/2015 10:10	72	58	56	106	292	4	100
11/03/2015 10:15	46	41	29	90	206	4	100
11/03/2015 10:20	66	58	40	91	255	4	100
11/03/2015 10:25	54	46	43	92	235	4	100
11/03/2015 10:30	82	89	81	99	351	4	100
11/03/2015 10:35	70	67	60	114	311	4	100
11/03/2015 10:40	63	62	69	109	303	4	100
11/03/2015 10:45	86	71	73	112	342	4	100
11/03/2015 10:50	75	71	82	114	342	4	100
11/03/2015 10:55	88	83	89	120	380	4	100
11/03/2015 11:00	78	78	88	120	364	4	100
11/03/2015 11:05	110	109	106	127	452	4	100
11/03/2015 11:10	96	100	113	96	405	4	100
11/03/2015 11:15	104	89	81	113	387	4	100
11/03/2015 11:20	114	102	104	123	443	4	100
11/03/2015 11:25	108	106	127	122	463	4	100
11/03/2015 11:30	113	106	111	115	445	4	100
11/03/2015 11:35	109	101	106	117	433	4	100
11/03/2015 11:40	86	104	94	115	399	4	100
11/03/2015 11:45	89	98	116	110	413	4	100
11/03/2015 11:50	112	98	98	134	442	4	100
11/03/2015 11:55	93	86	105	119	403	4	100
11/03/2015 12:00	112	104	92	115	423	4	100
11/03/2015 12:05	110	111	102	111	434	4	100
11/03/2015 12:10	99	92	102	115	408	4	100
11/03/2015 12:15	116	88	105	114	423	4	100
11/03/2015 12:20	107	99	118	108	432	4	100
11/03/2015 12:25	118	110	105	120	453	4	100
11/03/2015 12:30	109	117	113	124	463	4	100
11/03/2015 12:35	109	101	118	111	439	4	100
11/03/2015 12:40	114	109	125	119	467	4	100
11/03/2015 12:45	114	96	131	115	456	4	100
11/03/2015 12:50	126	102	104	109	441	4	100
11/03/2015 12:55	122	101	115	106	444	4	100
11/03/2015 13:00	105	102	103	96	406	4	100
11/03/2015 13:05	115	100	110	108	433	4	100
11/03/2015 13:10	103	95	93	103	394	4	100
11/03/2015 13:15	91	84	102	97	374	4	100
11/03/2015 13:20	121	102	109	115	447	4	100
11/03/2015 13:25	119	88	117	118	442	4	100
11/03/2015 13:30	123	98	99	114	434	4	100
11/03/2015 13:35	103	98	112	116	429	4	100
11/03/2015 13:40	119	101	106	118	444	4	100
11/03/2015 13:45	98	98	104	106	406	4	100
11/03/2015 13:50	97	96	103	118	414	4	100
11/03/2015 13:55	98	90	87	113	388	4	100
11/03/2015 14:00	104	105	83	112	404	4	100
11/03/2015 14:05	116	105	90	106	417	4	100
11/03/2015 14:10	125	106	108	117	456	4	100
11/03/2015 14:15	115	112	102	108	437	4	100
11/03/2015 14:20	130	103	103	112	448	4	100
11/03/2015 14:25	112	114	96	129	451	4	100
11/03/2015 14:30	114	99	99	110	422	4	100
11/03/2015 14:35	114	104	114	113	445	4	100
11/03/2015 14:40	109	98	107	85	399	4	100
11/03/2015 14:45	122	89	91	95	397	4	100
11/03/2015 14:50	119	97	100	82	398	4	100
11/03/2015 14:55	119	104	100	81	404	4	100
11/03/2015 15:00	105	101	83	70	359	4	100
11/03/2015 15:05	106	92	93	86	377	4	100
11/03/2015 15:10	97	100	96	88	381	4	100
11/03/2015 15:15	95	79	83	79	336	4	100
11/03/2015 15:20	97	110	105	97	409	4	100
11/03/2015 15:25	95	85	86	91	357	4	100
11/03/2015 15:30	79	89	78	86	332	4	100
11/03/2015 15:35	139	111	109	95	454	4	100
11/03/2015 15:40	110	96	109	103	418	4	100
11/03/2015 15:45	110	90	90	96	386	4	100
11/03/2015 15:50	106	94	101	94	395	4	100
11/03/2015 15:55	107	95	95	82	379	4	100
11/03/2015 16:00	105	93	104	96	398	4	100
11/03/2015 16:05	125	97	114	106	442	4	100
11/03/2015 16:10	106	90	106	103	405	4	100
11/03/2015 16:15	109	98	96	81	384	4	100
11/03/2015 16:20	114	116	99	97	426	4	100
11/03/2015 16:25	115	89	102	82	388	4	100
11/03/2015 16:30	99	91	88	90	368	4	100
11/03/2015 16:35	122	95	93	87	397	4	100
11/03/2015 16:40	122	111	106	101	440	4	100
11/03/2015 16:45	113	97	84	89	383	4	100
11/03/2015 16:50	112	104	104	81	401	4	100
11/03/2015 16:55	109	110	88	84	391	4	100
11/03/2015 17:00	116	90	89	82	377	4	100
11/03/2015 17:05	113	85	109	112	419	4	100
11/03/2015 17:10	132	103	121	91	447	4	100
11/03/2015 17:15	119	101	101	95	416	4	100
11/03/2015 17:20	120	119	120	89	448	4	100
11/03/2015 17:25	115	109	99	91	414	4	100
11/03/2015 17:30	124	104	95	72	395	4	100
11/03/2015 17:35	128	113	108	97	446	4	100
11/03/2015 17:40	120	104	98	94	416	4	100
11/03/2015 17:45	125	114	94	102	435	4	100
11/03/2015 17:50	108	102	98	87	395	4	100
11/03/2015 17:55	122	102	95	97	416	4	100
11/03/2015 18:00	98	91	96	93	378	4	100
11/03/2015 18:05	107	100	81	83	371	4	100
11/03/2015 18:10	128	100	104	82	414	4	100
11/03/2015 18:15	109	102	99	88	398	4	100
11/03/2015 18:20	128	110	96	71	405	4	100
11/03/2015 18:25	121	102	81	105	409	4	100
11/03/2015 18:30	109	89	96	71	365	4	100
11/03/2015 18:35	101	89	80	74	344	4	100
11/03/2015 18:40	98	94	98	91	381	4	100
11/03/2015 18:45	84	77	88	77	326	4	100
11/03/2015 18:50	109	88	91	77	365	4	100
11/03/2015 18:55	82	85	88	86	341	4	100
11/03/2015 19:00	80	83	69	57	289	4	100
11/03/2015 19:05	99	81	75	67	322	4	100
11/03/2015 19:10	81	83	89	65	318	4	100
11/03/2015 19:15	72	64	72	50	258	4	100
11/03/2015 19:20	87	81	91	78	337	4	100
11/03/2015 19:25	92	82	78	73	325	4	100
11/03/2015 19:30	74	78	79	74	305	4	100
11/03/2015 19:35	71	72	65	66	274	4	100
11/03/2015 19:40	74	85	73	64	296	4	100
11/03/2015 19:45	65	75	82	74	296	4	100
11/03/2015 19:50	56	74	82	81	293	4	100
11/03/2015 19:55	53	64	63	69	249	4	100
11/03/2015 20:00	56	67	63	66	252	4	100
11/03/2015 20:05	53	56	57	65	231	4	100
11/03/2015 20:10	63	65	77	57	262	4	100
11/03/2015 20:15	60	64	66	60	250	4	100
11/03/2015 20:20	68	61	62	55	246	4	100
11/03/2015 20:25	54	51	74	46	225	4	100
11/03/2015 20:30	54	69	66	57	246	4	100
11/03/2015 20:35	60	71	57	50	238	4	100
11/03/2015 20:40	59	58	67	60	244	4	100
11/03/2015 20:45	62	65	63	64	254	4	100
11/03/2015 20:50	51	64	64	65	244	4	100
11/03/2015 20:55	47	64	57	64	232	4	100
11/03/2015 21:00	49	51	71	65	236	4	100
11/03/2015 21:05	52	44	55	57	208	4	100
11/03/2015 21:10	51	53	72	55	231	4	100
11/03/2015 21:15	53	61	66	57	237	4	100
11/03/2015 21:20	47	52	60	58	217	4	100
11/03/2015 21:25	60	54	92	56	262	4	100
11/03/2015 21:30	52	58	63	71	244	4	100
11/03/2015 21:35	47	58	56	40	201	4	100
11/03/2015 21:40	54	47	60	51	212	4	100
11/03/2015 21:45	50	52	60	46	208	4	100
11/03/2015 21:50	39	59	68	46	212	4	100
11/03/2015 21:55	41	42	64	42	189	4	100
11/03/2015 22:00	39	57	55	42	193	4	100
11/03/2015 22:05	48	43	68	54	213	4	100
11/03/2015 22:10	47	61	68	57	233	4	100
11/03/2015 22:15	58	55	66	48	227	4	100
11/03/2015 22:20	35	38	64	52	189	4	100
11/03/2015 22:25	34	38	48	54	174	4	100
11/03/2015 22:30	41	45	48	36	170	4	100
11/03/2015 22:35	39	43	60	46	188	4	100
11/03/2015 22:40	38	34	47	48	167	4	100
11/03/2015 22:45	31	45	40	39	155	4	100
11/03/2015 22:50	25	36	38	39	138	4	100
11/03/2015 22:55	34	34	42	33	143	4	100
11/03/2015 23:00	16	30	38	29	113	4	100
11/03/2015 23:05	22	29	41	18	110	4	100
11/03/2015 23:10	23	35	40	33	131	4	100
11/03/2015 23:15	26	28	34	23	111	4	100
11/03/2015 23:20	20	30	28	19	97	4	100
11/03/2015 23:25	12	25	29	22	88	4	100
11/03/2015 23:30	17	24	32	30	103	4	100
11/03/2015 23:35	26	26	32	27	111	4	100
11/03/2015 23:40	22	24	30	24	100	4	100
11/03/2015 23:45	17	23	34	24	98	4	100
11/03/2015 23:50	9	26	21	26	82	4	100
11/03/2015 23:55	10	18	29	18	75	4	100
11/04/2015 00:00	14	25	38	13	90	4	75
11/04/2015 00:05	8	20	33	19	80	4	75
11/04/2015 00:10	12	30	36	12	90	4	75
11/04/2015 00:15	15	15	33	17	80	4	75
11/04/2015 00:20	12	17	33	14	76	4	75
11/04/2015 00:25	8	18	34	16	76	4	75
11/04/2015 00:30	9	19	32	8	68	4	75
11/04/2015 00:35	5	15	31	12	63	4	75
11/04/2015 00:40	14	18	34	19	85	4	75
11/04/2015 00:45	7	10	28	8	53	4	75
11/04/2015 00:50	4	14	31	8	57	4	75
11/04/2015 00:55	4	9	30	13	56	4	75
11/04/2015 01:00	6	12	28	10	56	4	75
11/04/2015 01:05	4	8	26	7	45	4	75
11/04/2015 01:10	5	18	30	11	64	4	75
11/04/2015 01:15	7	12	27	8	54	4	75
11/04/2015 01:20	6	12	28	8	54	4	75
11/04/2015 01:25	9	18	30	10	67	4	75
11/04/2015 01:30	4	12	29	8	53	4	75
11/04/2015 01:35	2	13	30	13	58	4	75
11/04/2015 01:40	7	6	27	8	48	4	75
11/04/2015 01:45	5	11	28	7	51	4	75
11/04/2015 01:50	7	14	30	9	60	4	75
11/04/2015 01:55	3	10	28	15	56	4	75
11/04/2015 02:00	3	8	27	10	48	4	75
11/04/2015 02:05	7	12	28	10	57	4	75
11/04/2015 02:10	5	9	27	13	54	4	75
11/04/2015 02:15	3	11	26	6	46	4	75
11/04/2015 02:20	10	9	28	8	55	4	75
11/04/2015 02:25	7	13	28	8	56	4	75
11/04/2015 02:30	6	11	29	9	55	4	75
11/04/2015 02:35	9	11	30	10	60	4	75
11/04/2015 02:40	0	8	28	14	50	4	75
11/04/2015 02:45	9	8	29	14	60	4	75
11/04/2015 02:50	7	12	30	9	58	4	75
11/04/2015 02:55	9	22	32	7	70	4	75
11/04/2015 03:00	9	14	30	11	64	4	75
11/04/2015 03:05	10	20	31	13	74	4	75
11/04/2015 03:10	16	16	29	9	70	4	75
11/04/2015 03:15	11	17	32	10	70	4	75
11/04/2015 03:20	11	16	33	12	72	4	75
11/04/2015 03:25	8	22	32	15	77	4	75
11/04/2015 03:30	16	31	38	16	101	4	75
11/04/2015 03:35	24	25	33	9	91	4	75
11/04/2015 03:40	36	29	40	19	124	4	75
11/04/2015 03:45	19	32	41	27	119	4	75
11/04/2015 03:50	19	32	41	26	118	4	75
11/04/2015 03:55	20	28	39	23	110	4	75
11/04/2015 04:00	28	30	41	19	118	4	75
11/04/2015 04:05	38	39	47	26	150	4	75
11/04/2015 04:10	33	43	46	22	144	4	75
11/04/2015 04:15	33	47	46	24	150	4	75
11/04/2015 04:20	60	58	58	46	222	4	75
11/04/2015 04:25	60	53	56	44	213	4	75
11/04/2015 04:30	64	51	57	43	215	4	75
11/04/2015 04:35	75	77	69	58	279	4	75
11/04/2015 04:40	88	77	69	59	293	4	75
11/04/2015 04:45	77	73	72	58	280	4	75
11/04/2015 04:50	86	80	71	52	289	4	75
11/04/2015 04:55	98	85	74	61	318	4	75
11/04/2015 05:00	115	83	73	58	329	4	75
11/04/2015 05:05	135	109	86	78	408	4	75
11/04/2015 05:10	159	128	95	73	455	4	75
11/04/2015 05:15	180	128	103	98	509	4	75
11/04/2015 05:20	204	163	118	95	580	4	75
11/04/2015 05:25	192	159	126	128	605	4	75
11/04/2015 05:30	142	137	116	129	524	4	75
11/04/2015 05:35	84	84	100	142	410	4	75
11/04/2015 05:40	77	68	84	117	346	4	75
11/04/2015 05:45	83	67	85	115	350	4	75
11/04/2015 05:50	79	74	76	116	345	4	75
11/04/2015 05:55	73	65	74	115	327	4	75
11/04/2015 06:00	68	54	71	102	295	4	75
11/04/2015 06:05	37	31	56	99	223	4	75
11/04/2015 06:10	51	42	52	105	250	4	75
11/04/2015 06:15	65	47	59	95	266	4	75
11/04/2015 06:20	62	55	60	91	268	4	75
11/04/2015 06:25	55	41	53	94	243	4	75
11/04/2015 06:30	65	52	61	87	265	4	75
11/04/2015 06:35	83	75	72	94	324	4	75
11/04/2015 06:40	82	68	70	112	332	4	75
11/04/2015 06:45	66	60	66	93	285	4	75
11/04/2015 06:50	67	59	63	90	279	4	75
11/04/2015 06:55	69	48	66	106	289	4	75
11/04/2015 07:00	66	55	61	111	293	4	75
11/04/2015 07:05	57	32	57	102	248	4	75
11/04/2015 07:10	42	26	43	72	183	4	75
11/04/2015 07:15	57	43	52	86	238	4	75
11/04/2015 07:20	60	38	50	106	254	4	75
11/04/2015 07:25	50	26	47	85	208	4	75
11/04/2015 07:30	50	35	45	95	225	4	75
11/04/2015 07:35	52	33	46	91	222	4	75
11/04/2015 07:40	53	39	55	87	234	4	75
11/04/2015 07:45	43	24	49	105	221	4	75
11/04/2015 07:50	55	49	58	104	266	4	75
11/04/2015 07:55	53	38	54	91	236	4	75
11/04/2015 08:00	57	45	58	103	263	4	75
11/04/2015 08:05	44	28	52	101	225	4	75
11/04/2015 08:10	48	35	58	116	257	4	75
11/04/2015 08:15	46	24	52	104	226	4	75
11/04/2015 08:20	37	22	48	98	205	4	75
11/04/2015 08:25	54	35	49	103	241	4	75
11/04/2015 08:30	43	25	44	83	195	4	75
11/04/2015 08:35	44	25	40	80	189	4	75
11/04/2015 08:40	58	43	51	93	245	4	75
11/04/2015 08:45	45	31	55	80	211	4	75
11/04/2015 08:50	50	42	51	72	215	4	75
11/04/2015 08:55	57	39	50	78	224	4	75
11/04/2015 09:00	50	35	49	71	205	4	75
11/04/2015 09:05	55	38	53	97	243	4	75
11/04/2015 09:10	44	24	51	75	194	4	75
11/04/2015 09:15	50	44	49	76	219	4	75
11/04/2015 09:20	59	46	55	94	254	4	75
11/04/2015 09:25	42	34	52	47	175	4	75
11/04/2015 09:30	50	44	49	72	215	4	75
11/04/2015 09:35	54	47	54	84	239	4	75
11/04/2015 09:40	50	28	54	82	214	4	75
11/04/2015 09:45	58	57	59	79	253	4	75
11/04/2015 09:50	50	41	55	64	210	4	75
11/04/2015 09:55	58	31	52	89	230	4	75
11/04/2015 10:00	47	29	52	92	220	4	75
11/04/2015 10:05	58	43	51	93	245	4	75
11/04/2015 10:10	65	43	66	84	258	4	75
11/04/2015 10:15	45	37	62	89	233	4	75
11/04/2015 10:20	46	40	55	83	224	4	75
11/04/2015 10:25	73	59	70	97	299	4	75
11/04/2015 10:30	76	69	74	109	328	4	75
11/04/2015 10:35	58	52	76	92	278	4	75
11/04/2015 10:40	69	71	69	101	310	4	75
11/04/2015 10:45	74	59	84	107	324	4	75
11/04/2015 10:50	63	48	76	95	282	4	75
11/04/2015 10:55	87	71	86	115	359	4	75
11/04/2015 11:00	75	70	101	111	357	4	75
11/04/2015 11:05	72	70	85	105	332	4	75
11/04/2015 11:10	82	76	93	118	369	4	75
11/04/2015 11:15	70	66	96	124	356	4	75
11/04/2015 11:20	102	95	99	140	436	4	75
11/04/2015 11:25	86	96	89	113	384	4	75
11/04/2015 11:30	93	110	111	130	444	4	75
11/04/2015 11:35	123	114	106	133	476	4	75
11/04/2015 11:40	98	88	99	102	387	4	75
11/04/2015 11:45	103	85	102	120	410	4	75
11/04/2015 11:50	111	96	101	111	419	4	75
11/04/2015 11:55	92	92	95	118	397	4	75
11/04/2015 12:00	100	99	104	116	419	4	75
11/04/2015 12:05	110	93	92	104	399	4	75
11/04/2015 12:10	109	106	103	108	426	4	75
11/04/2015 12:15	120	101	108	116	445	4	75
11/04/2015 12:20	109	107	103	124	443	4	75
11/04/2015 12:25	102	102	98	105	407	4	75
11/04/2015 12:30	113	112	106	103	434	4	75
11/04/2015 12:35	93	100	102	127	422	4	75
11/04/2015 12:40	112	107	108	132	459	4	75
11/04/2015 12:45	117	102	108	131	458	4	75
11/04/2015 12:50	101	110	99	117	427	4	75
11/04/2015 12:55	100	88	98	114	400	4	75
11/04/2015 13:00	103	114	102	112	431	4	75
11/04/2015 13:05	92	100	96	112	400	4	75
11/04/2015 13:10	106	109	107	101	423	4	75
11/04/2015 13:15	104	96	99	108	407	4	75
11/04/2015 13:20	108	92	102	113	415	4	75
11/04/2015 13:25	112	112	99	112	435	4	75
11/04/2015 13:30	116	113	103	117	449	4	75
11/04/2015 13:35	113	100	105	138	456	4	75
11/04/2015 13:40	98	106	101	138	443	4	75
11/04/2015 13:45	96	103	100	115	414	4	75
11/04/2015 13:50	105	113	98	100	416	4	75
11/04/2015 13:55	111	93	98	119	421	4	75
11/04/2015 14:00	104	109	101	104	418	4	75
11/04/2015 14:05	133	96	97	104	430	4	75
11/04/2015 14:10	119	96	100	115	430	4	75
11/04/2015 14:15	106	101	102	110	419	4	75
11/04/2015 14:20	113	100	104	116	433	4	75
11/04/2015 14:25	123	108	104	122	457	4	75
11/04/2015 14:30	116	107	105	115	443	4	75
11/04/2015 14:35	108	97	98	112	415	4	75
11/04/2015 14:40	107	89	104	89	389	4	75
11/04/2015 14:45	94	93	105	106	398	4	75
11/04/2015 14:50	110	92	94	105	401	4	75
11/04/2015 14:55	86	96	91	100	373	4	75
11/04/2015 15:00	99	90	94	96	379	4	75
11/04/2015 15:05	111	97	95	96	399	4	75
11/04/2015 15:10	98	100	96	95	389	4	75
11/04/2015 15:15	99	87	95	109	390	4	75
11/04/2015 15:20	104	88	90	95	377	4	75
11/04/2015 15:25	93	97	101	96	387	4	75
11/04/2015 15:30	120	97	98	109	424	4	75
11/04/2015 15:35	118	93	88	111	410	4	75
11/04/2015 15:40	123	104	105	109	441	4	75
11/04/2015 15:45	131	114	108	103	456	4	75
11/04/2015 15:50	102	98	95	99	394	4	75
11/04/2015 15:55	113	103	93	98	407	4	75
11/04/2015 16:00	110	94	96	88	388	4	75
11/04/2015 16:05	109	96	99	99	403	4	75
11/04/2015 16:10	113	102	99	96	410	4	75
11/04/2015 16:15	101	84	103	93	381	4	75
11/04/2015 16:20	120	102	99	85	406	4	75
11/04/2015 16:25	107	99	100	97	403	4	75
11/04/2015 16:30	119	97	95	94	405	4	75
11/04/2015 16:35	125	106	99	99	429	4	75
11/04/2015 16:40	122	107	99	109	437	4	75
11/04/2015 16:45	118	101	92	81	392	4	75
11/04/2015 16:50	117	100	99	110	426	4	75
11/04/2015 16:55	128	114	97	79	418	4	75
11/04/2015 17:00	105	97	93	93	388	4	75
11/04/2015 17:05	111	94	99	80	384	4	75
11/04/2015 17:10	129	114	98	97	438	4	75
11/04/2015 17:15	123	125	105	106	459	4	75
11/04/2015 17:20	108	106	104	94	412	4	75
11/04/2015 17:25	129	109	98	89	425	4	75
11/04/2015 17:30	120	119	105	94	438	4	75
11/04/2015 17:35	141	121	104	80	446	4	75
11/04/2015 17:40	141	105	94	77	417	4	75
11/04/2015 17:45	131	103	98	92	424	4	75
11/04/2015 17:50	120	99	95	76	390	4	75
11/04/2015 17:55	130	121	103	78	432	4	75
11/04/2015 18:00	138	103	94	70	405	4	75
11/04/2015 18:05	147	118	99	93	457	4	75
11/04/2015 18:10	142	121	102	73	438	4	75
11/04/2015 18:15	129	111	95	66	401	4	75
11/04/2015 18:20	119	116	98	102	435	4	75
11/04/2015 18:25	98	100	88	85	371	4	75
11/04/2015 18:30	139	106	106	100	451	4	75
11/04/2015 18:35	122	112	98	86	418	4	75
11/04/2015 18:40	98	100	94	79	371	4	75
11/04/2015 18:45	113	84	97	98	392	4	75
11/04/2015 18:50	81	76	93	71	321	4	75
11/04/2015 18:55	88	87	83	70	328	4	75
11/04/2015 19:00	86	72	82	75	315	4	75
11/04/2015 19:05	80	92	89	77	338	4	75
11/04/2015 19:10	100	72	85	71	328	4	75
11/04/2015 19:15	94	84	87	64	329	4	75
11/04/2015 19:20	89	95	88	74	346	4	75
11/04/2015 19:25	73	80	79	70	302	4	75
11/04/2015 19:30	80	82	83	62	307	4	75
11/04/2015 19:35	71	70	78	92	311	4	75
11/04/2015 19:40	69	71	73	68	281	4	75
11/04/2015 19:45	63	60	75	75	273	4	75
11/04/2015 19:50	55	72	70	59	256	4	75
11/04/2015 19:55	80	62	68	61	271	4	75
11/04/2015 20:00	57	56	68	55	236	4	75
11/04/2015 20:05	58	71	73	69	271	4	75
11/04/2015 20:10	65	75	75	62	277	4	75
11/04/2015 20:15	63	61	71	59	254	4	75
11/04/2015 20:20	61	65	72	60	258	4	75
11/04/2015 20:25	58	65	70	55	248	4	75
11/04/2015 20:30	59	61	75	73	268	4	75
11/04/2015 20:35	66	69	74	69	278	4	75
11/04/2015 20:40	49	59	69	52	229	4	75
11/04/2015 20:45	54	62	73	57	246	4	75
11/04/2015 20:50	58	61	64	58	241	4	75
11/04/2015 20:55	49	61	74	59	243	4	75
11/04/2015 21:00	70	64	71	62	267	4	75
11/04/2015 21:05	69	69	74	65	277	4	75
11/04/2015 21:10	52	66	67	67	252	4	75
11/04/2015 21:15	42	52	72	65	231	4	75
11/04/2015 21:20	65	62	72	70	269	4	75
11/04/2015 21:25	43	68	67	52	230	4	75
11/04/2015 21:30	55	60	72	61	248	4	75
11/04/2015 21:35	63	62	68	52	245	4	75
11/04/2015 21:40	54	57	68	60	239	4	75
11/04/2015 21:45	56	61	63	54	234	4	75
11/04/2015 21:50	53	57	64	51	225	4	75
11/04/2015 21:55	50	49	60	45	204	4	75
11/04/2015 22:00	44	58	62	44	208	4	75
11/04/2015 22:05	47	42	60	46	195	4	75
11/04/2015 22:10	56	59	70	57	242	4	75
11/04/2015 22:15	58	66	69	60	253	4	75
11/04/2015 22:20	54	52	58	35	199	4	75
11/04/2015 22:25	38	51	61	55	205	4	75
11/04/2015 22:30	46	51	55	36	188	4	75
11/04/2015 22:35	36	61	61	49	207	4	75
11/04/2015 22:40	39	50	54	41	184	4	75
11/04/2015 22:45	42	49	57	35	183	4	75
11/04/2015 22:50	33	50	56	46	185	4	75
11/04/2015 22:55	28	42	54	38	162	4	75
11/04/2015 23:00	27	38	49	37	151	4	75
11/04/2015 23:05	25	31	45	28	129	4	75
11/04/2015 23:10	21	44	48	32	145	4	75
11/04/2015 23:15	27	38	46	24	135	4	75
11/04/2015 23:20	15	31	43	35	124	4	75
11/04/2015 23:25	24	35	44	17	120	4	75
11/04/2015 23:30	21	31	44	24	120	4	75
11/04/2015 23:35	21	26	40	27	114	4	75
11/04/2015 23:40	16	25	44	22	107	4	75
11/04/2015 23:45	15	32	42	24	113	4	75
11/04/2015 23:50	16	21	37	16	90	4	75
11/04/2015 23:55	21	33	38	19	111	4	75
11/05/2015 00:00	11	27	39	20	97	4	75
11/05/2015 00:05	12	24	35	16	87	4	75
11/05/2015 00:10	13	21	35	22	91	4	75
11/05/2015 00:15	5	14	33	11	63	4	75
11/05/2015 00:20	10	20	36	19	85	4	75
11/05/2015 00:25	11	19	34	13	77	4	75
11/05/2015 00:30	8	17	33	15	73	4	75
11/05/2015 00:35	10	16	33	13	72	4	75
11/05/2015 00:40	8	22	34	9	73	4	75
11/05/2015 00:45	12	22	36	16	86	4	75
11/05/2015 00:50	8	13	30	11	62	4	75
11/05/2015 00:55	8	11	31	12	62	4	75
11/05/2015 01:00	5	14	33	17	69	4	75
11/05/2015 01:05	6	17	32	17	72	4	75
11/05/2015 01:10	3	13	29	9	54	4	75
11/05/2015 01:15	9	18	32	14	73	4	75
11/05/2015 01:20	8	13	30	9	60	4	75
11/05/2015 01:25	5	14	29	11	59	4	75
11/05/2015 01:30	6	12	31	12	61	4	75
11/05/2015 01:35	5	8	26	14	53	4	75
11/05/2015 01:40	6	15	29	7	57	4	75
11/05/2015 01:45	9	11	28	10	58	4	75
11/05/2015 01:50	8	7	25	9	49	4	75
11/05/2015 01:55	11	12	29	8	60	4	75
11/05/2015 02:00	5	12	28	7	52	4	75
11/05/2015 02:05	6	7	27	12	52	4	75
11/05/2015 02:10	8	11	28	11	58	4	75
11/05/2015 02:15	6	14	29	10	59	4	75
11/05/2015 02:20	5	12	29	12	58	4	75
11/05/2015 02:25	6	10	29	16	61	4	75
11/05/2015 02:30	7	14	32	15	68	4	75
11/05/2015 02:35	11	14	28	6	59	4	75
11/05/2015 02:40	2	10	29	13	54	4	75
11/05/2015 02:45	9	14	31	12	66	4	75
11/05/2015 02:50	8	13	29	11	61	4	75
11/05/2015 02:55	7	7	27	12	53	4	75
11/05/2015 03:00	11	15	32	14	72	4	75
11/05/2015 03:05	8	15	33	14	70	4	75
11/05/2015 03:10	9	13	32	23	77	4	75
11/05/2015 03:15	16	28	34	14	92	4	75
11/05/2015 03:20	13	15	31	5	64	4	75
11/05/2015 03:25	15	22	34	12	83	4	75
11/05/2015 03:30	20	26	36	17	99	4	75
11/05/2015 03:35	18	26	39	18	101	4	75
11/05/2015 03:40	21	25	36	14	96	4	75
11/05/2015 03:45	31	34	38	21	124	4	75
11/05/2015 03:50	20	26	38	25	109	4	75
11/05/2015 03:55	24	27	37	14	102	4	75
11/05/2015 04:00	14	26	39	27	106	4	75
11/05/2015 04:05	32	40	43	26	141	4	75
11/05/2015 04:10	46	39	44	21	150	4	75
11/05/2015 04:15	49	53	50	33	185	4	75
11/05/2015 04:20	64	49	50	22	185	4	75
11/05/2015 04:25	62	55	58	49	224	4	75
11/05/2015 04:30	72	63	60	37	232	4	75
11/05/2015 04:35	81	74	69	52	276	4	75
11/05/2015 04:40	85	76	73	66	300	4	75
11/05/2015 04:45	83	80	74	64	301	4	75
11/05/2015 04:50	89	77	71	53	290	4	75
11/05/2015 04:55	100	75	74	68	317	4	75
11/05/2015 05:00	118	93	77	61	349	4	75
11/05/2015 05:05	134	107	88	73	402	4	75
11/05/2015 05:10	147	122	99	76	444	4	75
11/05/2015 05:15	179	151	112	104	546	4	75
11/05/2015 05:20	212	166	122	113	613	4	75
11/05/2015 05:25	181	161	127	136	605	4	75
11/05/2015 05:30	129	129	121	142	521	4	75
11/05/2015 05:35	146	141	121	151	559	4	75
11/05/2015 05:40	119	135	112	151	517	4	75
11/05/2015 05:45	125	126	111	150	512	4	75
11/05/2015 05:50	124	114	99	129	466	4	75
11/05/2015 05:55	110	104	98	125	437	4	75
11/05/2015 06:00	95	91	93	125	404	4	75
11/05/2015 06:05	90	89	82	117	378	4	75
11/05/2015 06:10	92	76	78	112	358	4	75
11/05/2015 06:15	83	74	86	126	369	4	75
11/05/2015 06:20	67	63	74	117	321	4	75
11/05/2015 06:25	76	59	62	99	296	4	75
11/05/2015 06:30	68	55	66	88	277	4	75
11/05/2015 06:35	67	47	61	105	280	4	75
11/05/2015 06:40	66	55	60	111	292	4	75
11/05/2015 06:45	63	50	66	102	281	4	75
11/05/2015 06:50	68	66	67	95	296	4	75
11/05/2015 06:55	62	45	61	93	261	4	75
11/05/2015 07:00	54	38	54	91	237	4	75
11/05/2015 07:05	52	32	50	93	227	4	75
11/05/2015 07:10	49	47	53	86	235	4	75
11/05/2015 07:15	47	36	53	103	239	4	75
11/05/2015 07:20	44	36	53	87	220	4	75
11/05/2015 07:25	48	36	49	109	242	4	75
11/05/2015 07:30	44	39	49	103	235	4	75
11/05/2015 07:35	52	41	51	95	239	4	75
11/05/2015 07:40	61	43	57	84	245	4	75
11/05/2015 07:45	48	31	52	93	224	4	75
11/05/2015 07:50	59	52	58	108	277	4	75
11/05/2015 07:55	43	29	51	88	211	4	75
11/05/2015 08:00	52	41	50	104	247	4	75
11/05/2015 08:05	46	36	52	92	226	4	75
11/05/2015 08:10	45	27	52	97	221	4	75
11/05/2015 08:15	53	40	52	101	246	4	75
11/05/2015 08:20	47	26	48	90	211	4	75
11/05/2015 08:25	49	41	50	65	205	4	75
11/05/2015 08:30	48	34	54	79	215	4	75
11/05/2015 08:35	42	31	50	75	198	4	75
11/05/2015 08:40	53	34	51	98	236	4	75
11/05/2015 08:45	40	26	46	61	173	4	75
11/05/2015 08:50	46	34	52	98	230	4	75
11/05/2015 08:55	42	42	55	91	230	4	75
11/05/2015 09:00	49	29	46	87	211	4	75
11/05/2015 09:05	48	36	45	88	217	4	75
11/05/2015 09:10	52	35	49	78	214	4	75
11/05/2015 09:15	53	33	48	96	230	4	75
11/05/2015 09:20	64	45	51	54	214	4	75
11/05/2015 09:25	50	30	51	84	215	4	75
11/05/2015 09:30	61	43	52	86	242	4	75
11/05/2015 09:35	54	32	53	81	220	4	75
11/05/2015 09:40	46	30	51	71	198	4	75
11/05/2015 09:45	52	41	52	100	245	4	75
11/05/2015 09:50	59	42	62	64	227	4	75
11/05/2015 09:55	50	30	51	76	207	4	75
11/05/2015 10:00	62	38	53	85	238	4	75
11/05/2015 10:05	61	45	67	98	271	4	75
11/05/2015 10:10	50	46	68	93	257	4	75
11/05/2015 10:15	68	59	69	101	297	4	75
11/05/2015 10:20	58	54	71	85	268	4	75
11/05/2015 10:25	76	77	72	102	327	4	75
11/05/2015 10:30	73	59	87	101	320	4	75
11/05/2015 10:35	66	56	84	101	307	4	75
11/05/2015 10:40	49	40	84	96	269	4	75
11/05/2015 10:45	75	72	76	109	332	4	75
11/05/2015 10:50	80	69	98	117	364	4	75
11/05/2015 10:55	76	71	92	113	352	4	75
11/05/2015 11:00	78	82	95	106	361	4	75
11/05/2015 11:05	79	99	92	120	390	4	75
11/05/2015 11:10	69	68	96	123	356	4	75
11/05/2015 11:15	71	77	95	102	345	4	75
11/05/2015 11:20	99	95	96	118	408	4	75
11/05/2015 11:25	95	95	101	124	415	4	75
11/05/2015 11:30	95	104	104	124	427	4	75
11/05/2015 11:35	106	106	103	135	450	4	75
11/05/2015 11:40	108	103	97	125	433	4	75
11/05/2015 11:45	112	109	109	131	461	4	75
11/05/2015 11:50	93	111	113	117	434	4	75
11/05/2015 11:55	105	95	95	109	404	4	75
11/05/2015 12:00	90	88	106	100	384	4	75
11/05/2015 12:05	116	101	98	106	421	4	75
11/05/2015 12:10	131	97	102	104	434	4	75
11/05/2015 12:15	125	115	108	123	471	4	75
11/05/2015 12:20	125	110	108	116	459	4	75
11/05/2015 12:25	107	110	105	125	447	4	75
11/05/2015 12:30	96	95	100	97	388	4	75
11/05/2015 12:35	125	114	103	107	449	4	75
11/05/2015 12:40	114	99	105	124	442	4	75
11/05/2015 12:45	98	108	107	128	441	4	75
11/05/2015 12:50	106	97	96	117	416	4	75
11/05/2015 12:55	113	99	105	119	436	4	75
11/05/2015 13:00	121	89	99	114	423	4	75
11/05/2015 13:05	115	94	97	120	426	4	75
11/05/2015 13:10	108	91	100	98	397	4	75
11/05/2015 13:15	101	86	105	96	388	4	75
11/05/2015 13:20	127	108	105	101	441	4	75
11/05/2015 13:25	110	102	101	132	445	4	75
11/05/2015 13:30	114	104	103	115	436	4	75
11/05/2015 13:35	108	97	105	123	433	4	75
11/05/2015 13:40	108	93	99	112	412	4	75
11/05/2015 13:45	113	105	105	121	444	4	75
11/05/2015 13:50	111	105	103	117	436	4	75
11/05/2015 13:55	93	99	104	120	416	4	75
11/05/2015 14:00	114	114	105	112	445	4	75
11/05/2015 14:05	125	95	102	103	425	4	75
11/05/2015 14:10	107	92	98	101	398	4	75
11/05/2015 14:15	97	119	109	113	438	4	75
11/05/2015 14:20	122	111	107	120	460	4	75
11/05/2015 14:25	110	96	94	96	396	4	75
11/05/2015 14:30	103	92	89	89	373	4	75
11/05/2015 14:35	110	86	98	108	402	4	75
11/05/2015 14:40	109	102	98	95	404	4	75
11/05/2015 14:45	87	91	96	96	370	4	75
11/05/2015 14:50	100	86	103	96	385	4	75
11/05/2015 14:55	97	93	90	90	370	4	75
11/05/2015 15:00	118	80	88	67	353	4	75
11/05/2015 15:05	96	79	91	102	368	4	75
11/05/2015 15:10	98	90	92	76	356	4	75
11/05/2015 15:15	110	96	90	87	383	4	75
11/05/2015 15:20	119	94	98	100	411	4	75
11/05/2015 15:25	99	85	101	99	384	4	75
11/05/2015 15:30	101	88	95	82	366	4	75
11/05/2015 15:35	123	97	97	100	417	4	75
11/05/2015 15:40	122	88	94	85	389	4	75
11/05/2015 15:45	109	91	95	96	391	4	75
11/05/2015 15:50	116	90	97	98	401	4	75
11/05/2015 15:55	118	91	101	91	401	4	75
11/05/2015 16:00	110	88	91	81	370	4	75
11/05/2015 16:05	104	87	100	75	366	4	75
11/05/2015 16:10	114	103	102	97	416	4	75
11/05/2015 16:15	125	102	107	116	450	4	75
11/05/2015 16:20	114	102	97	86	399	4	75
11/05/2015 16:25	129	102	96	96	423	4	75
11/05/2015 16:30	134	110	96	91	431	4	75
11/05/2015 16:35	127	106	95	89	417	4	75
11/05/2015 16:40	99	87	91	106	383	4	75
11/05/2015 16:45	127	104	97	85	413	4	75
11/05/2015 16:50	122	107	95	85	409	4	75
11/05/2015 16:55	111	94	88	82	375	4	75
11/05/2015 17:00	119	115	101	93	428	4	75
11/05/2015 17:05	114	109	99	87	409	4	75
11/05/2015 17:10	138	107	107	83	435	4	75
11/05/2015 17:15	113	103	103	89	408	4	75
11/05/2015 17:20	125	105	104	94	428	4	75
11/05/2015 17:25	122	110	94	90	416	4	75
11/05/2015 17:30	141	107	96	82	426	4	75
11/05/2015 17:35	131	111	101	99	442	4	75
11/05/2015 17:40	118	92	88	89	387	4	75
11/05/2015 17:45	127	92	91	91	401	4	75
11/05/2015 17:50	91	83	86	88	348	4	75
11/05/2015 17:55	85	92	84	64	325	4	75
11/05/2015 18:00	102	90	82	89	363	4	75
11/05/2015 18:05	87	80	79	63	309	4	75
11/05/2015 18:10	121	111	98	86	416	4	75
11/05/2015 18:15	151	136	113	93	493	4	75
11/05/2015 18:20	151	117	111	102	481	4	75
11/05/2015 18:25	146	110	102	94	452	4	75
11/05/2015 18:30	133	111	110	102	456	4	75
11/05/2015 18:35	111	96	95	83	385	4	75
11/05/2015 18:40	118	99	98	79	394	4	75
11/05/2015 18:45	101	89	100	88	378	4	75
11/05/2015 18:50	117	95	92	77	381	4	75
11/05/2015 18:55	95	94	86	73	348	4	75
11/05/2015 19:00	98	90	90	79	357	4	75
11/05/2015 19:05	92	96	88	74	350	4	75
11/05/2015 19:10	87	84	86	81	338	4	75
11/05/2015 19:15	106	85	85	73	349	4	75
11/05/2015 19:20	73	76	80	79	308	4	75
11/05/2015 19:25	87	89	81	65	322	4	75
11/05/2015 19:30	79	79	79	78	315	4	75
11/05/2015 19:35	70	83	78	68	299	4	75
11/05/2015 19:40	72	78	74	67	291	4	75
11/05/2015 19:45	89	81	78	63	311	4	75
11/05/2015 19:50	81	87	81	68	317	4	75
11/05/2015 19:55	64	65	68	68	265	4	75
11/05/2015 20:00	64	66	68	54	252	4	75
11/05/2015 20:05	66	71	73	68	278	4	75
11/05/2015 20:10	68	69	78	91	306	4	75
11/05/2015 20:15	53	69	68	63	253	4	75
11/05/2015 20:20	71	64	70	63	268	4	75
11/05/2015 20:25	65	61	64	52	242	4	75
11/05/2015 20:30	65	58	65	58	246	4	75
11/05/2015 20:35	75	68	72	59	274	4	75
11/05/2015 20:40	50	55	64	47	216	4	75
11/05/2015 20:45	75	69	71	53	268	4	75
11/05/2015 20:50	49	64	67	66	246	4	75
11/05/2015 20:55	67	67	72	59	265	4	75
11/05/2015 21:00	60	68	68	60	256	4	75
11/05/2015 21:05	43	68	69	70	250	4	75
11/05/2015 21:10	64	75	71	44	254	4	75
11/05/2015 21:15	53	67	69	64	253	4	75
11/05/2015 21:20	79	51	68	62	260	4	75
11/05/2015 21:25	61	76	73	67	277	4	75
11/05/2015 21:30	67	57	65	46	235	4	75
11/05/2015 21:35	68	71	70	59	268	4	75
11/05/2015 21:40	65	64	66	60	255	4	75
11/05/2015 21:45	65	63	72	46	246	4	75
11/05/2015 21:50	66	57	62	47	232	4	75
11/05/2015 21:55	49	63	62	33	207	4	75
11/05/2015 22:00	57	50	64	46	217	4	75
11/05/2015 22:05	54	57	67	56	234	4	75
11/05/2015 22:10	53	52	62	47	214	4	75
11/05/2015 22:15	62	52	61	52	227	4	75
11/05/2015 22:20	65	62	64	56	247	4	75
11/05/2015 22:25	43	49	57	40	189	4	75
11/05/2015 22:30	36	51	58	28	173	4	75
11/05/2015 22:35	56	49	59	49	213	4	75
11/05/2015 22:40	39	50	57	42	188	4	75
11/05/2015 22:45	39	48	54	49	190	4	75
11/05/2015 22:50	35	38	50	46	169	4	75
11/05/2015 22:55	35	41	53	39	168	4	75
11/05/2015 23:00	30	40	49	22	141	4	75
11/05/2015 23:05	28	54	56	32	170	4	75
11/05/2015 23:10	35	41	52	34	162	4	75
11/05/2015 23:15	25	37	48	26	136	4	75
11/05/2015 23:20	31	39	46	14	130	4	75
11/05/2015 23:25	23	34	45	25	127	4	75
11/05/2015 23:30	25	32	46	37	140	4	75
11/05/2015 23:35	23	29	45	31	128	4	75
11/05/2015 23:40	24	31	43	34	132	4	75
11/05/2015 23:45	18	32	40	15	105	4	75
11/05/2015 23:50	18	24	41	26	109	4	75
11/05/2015 23:55	23	22	37	23	105	4	75
11/06/2015 00:00	23	22	37	19	101	4	75
11/06/2015 00:05	12	30	40	13	95	4	75
11/06/2015 00:10	17	30	42	21	110	4	75
11/06/2015 00:15	17	28	40	22	107	4	75
11/06/2015 00:20	16	23	32	15	86	4	75
11/06/2015 00:25	10	21	28	13	72	4	75
11/06/2015 00:30	17	20	35	17	89	4	75
11/06/2015 00:35	7	17	35	18	77	4	75
11/06/2015 00:40	10	23	33	14	80	4	75
11/06/2015 00:45	16	19	31	17	83	4	75
11/06/2015 00:50	11	15	27	10	63	4	75
11/06/2015 00:55	13	16	33	18	80	4	75
11/06/2015 01:00	6	17	32	13	68	4	75
11/06/2015 01:05	11	19	34	14	78	4	75
11/06/2015 01:10	6	12	31	16	65	4	75
11/06/2015 01:15	8	20	26	7	61	4	75
11/06/2015 01:20	10	20	29	11	70	4	75
11/06/2015 01:25	10	13	29	11	63	4	75
11/06/2015 01:30	13	16	33	13	75	4	75
11/06/2015 01:35	5	13	29	12	59	4	75
11/06/2015 01:40	11	20	26	7	64	4	75
11/06/2015 01:45	5	9	28	12	54	4	75
11/06/2015 01:50	7	12	30	6	55	4	75
11/06/2015 01:55	9	18	32	16	75	4	75
11/06/2015 02:00	11	13	31	8	63	4	75
11/06/2015 02:05	2	11	26	12	51	4	75
11/06/2015 02:10	9	7	29	6	51	4	75
11/06/2015 02:15	14	16	30	11	71	4	75
11/06/2015 02:20	5	13	30	14	62	4	75
11/06/2015 02:25	12	19	33	17	81	4	75
11/06/2015 02:30	9	14	29	9	61	4	75
11/06/2015 02:35	8	14	31	13	66	4	75
11/06/2015 02:40	5	12	30	13	60	4	75
11/06/2015 02:45	13	13	31	17	74	4	75
11/06/2015 02:50	7	10	29	13	59	4	75
11/06/2015 02:55	5	10	27	9	51	4	75
11/06/2015 03:00	7	21	27	9	64	4	75
11/06/2015 03:05	14	20	28	7	69	4	75
11/06/2015 03:10	13	23	32	15	83	4	75
11/06/2015 03:15	21	21	28	14	84	4	75
11/06/2015 03:20	17	28	33	11	89	4	75
11/06/2015 03:25	18	18	33	21	90	4	75
11/06/2015 03:30	19	23	37	24	103	4	75
11/06/2015 03:35	18	27	36	18	99	4	75
11/06/2015 03:40	29	27	38	18	112	4	75
11/06/2015 03:45	10	26	37	21	94	4	75
11/06/2015 03:50	23	40	44	29	136	4	75
11/06/2015 03:55	22	34	41	28	125	4	75
11/06/2015 04:00	32	37	38	21	128	4	75
11/06/2015 04:05	28	39	39	11	117	4	75
11/06/2015 04:10	37	45	37	16	135	4	75
11/06/2015 04:15	47	46	46	28	167	4	75
11/06/2015 04:20	61	46	47	34	188	4	75
11/06/2015 04:25	57	56	47	26	186	4	75
11/06/2015 04:30	68	61	62	52	243	4	75
11/06/2015 04:35	82	79	65	53	279	4	75
11/06/2015 04:40	87	80	74	63	304	4	75
11/06/2015 04:45	74	65	65	48	252	4	75
11/06/2015 04:50	74	75	65	56	270	4	75
11/06/2015 04:55	91	83	69	56	299	4	75
11/06/2015 05:00	101	84	74	64	323	4	75
11/06/2015 05:05	120	97	82	72	371	4	75
11/06/2015 05:10	149	126	86	79	440	4	75
11/06/2015 05:15	182	144	96	87	509	4	75
11/06/2015 05:20	178	151	116	102	547	4	75
11/06/2015 05:25	202	164	129	127	622	4	75
11/06/2015 05:30	166	154	125	150	595	4	75
11/06/2015 05:35	149	145	120	143	557	4	75
11/06/2015 05:40	126	132	116	145	519	4	75
11/06/2015 05:45	125	121	101	160	507	4	75
11/06/2015 05:50	123	124	111	142	500	4	75
11/06/2015 05:55	110	115	108	142	475	4	75
11/06/2015 06:00	105	95	100	120	420	4	75
11/06/2015 06:05	101	92	90	122	405	4	75
11/06/2015 06:10	100	95	92	124	411	4	75
11/06/2015 06:15	88	77	91	128	384	4	75
11/06/2015 06:20	85	78	78	104	345	4	75
11/06/2015 06:25	85	76	85	117	363	4	75
11/06/2015 06:30	68	55	76	116	315	4	75
11/06/2015 06:35	75	67	77	122	341	4	75
11/06/2015 06:40	72	68	73	113	326	4	75
11/06/2015 06:45	67	55	70	118	310	4	75
11/06/2015 06:50	63	52	60	80	255	4	75
11/06/2015 06:55	57	48	63	88	256	4	75
11/06/2015 07:00	69	56	62	100	287	4	75
11/06/2015 07:05	60	40	63	104	267	4	75
11/06/2015 07:10	58	43	63	93	257	4	75
11/06/2015 07:15	62	50	61	103	276	4	75
11/06/2015 07:20	60	51	74	121	306	4	75
11/06/2015 07:25	56	39	63	117	275	4	75
11/06/2015 07:30	62	46	71	127	306	4	75
11/06/2015 07:35	51	32	70	106	259	4	75
11/06/2015 07:40	47	35	62	112	256	4	75
11/06/2015 07:45	49	28	62	103	242	4	75
11/06/2015 07:50	43	29	58	106	236	4	75
11/06/2015 07:55	54	32	58	108	252	4	75
11/06/2015 08:00	48	38	52	107	245	4	75
11/06/2015 08:05	51	31	60	104	246	4	75
11/06/2015 08:10	61	35	68	109	273	4	75
11/06/2015 08:15	46	31	60	102	239	4	75
11/06/2015 08:20	36	33	64	106	239	4	75
11/06/2015 08:25	53	44	72	100	269	4	75
11/06/2015 08:30	58	45	62	86	251	4	75
11/06/2015 08:35	36	27	55	73	191	4	75
11/06/2015 08:40	38	36	62	85	221	4	75
11/06/2015 08:45	57	45	59	110	271	4	75
11/06/2015 08:50	57	40	60	93	250	4	75
11/06/2015 08:55	46	38	65	102	251	4	75
11/06/2015 09:00	59	48	70	109	286	4	75
11/06/2015 09:05	57	42	74	102	275	4	75
11/06/2015 09:10	43	20	75	61	199	4	75
11/06/2015 09:15	57	41	70	102	270	4	75
11/06/2015 09:20	62	35	74	107	278	4	75
11/06/2015 09:25	69	51	83	97	300	4	75
11/06/2015 09:30	59	50	83	106	298	4	75
11/06/2015 09:35	66	48	82	101	297	4	75
11/06/2015 09:40	64	48	80	108	300	4	75
11/06/2015 09:45	64	65	83	120	332	4	75
11/06/2015 09:50	62	57	94	109	322	4	75
11/06/2015 09:55	76	67	93	110	346	4	75
11/06/2015 10:00	69	70	87	105	331	4	75
11/06/2015 10:05	84	91	91	120	386	4	75
11/06/2015 10:10	91	81	99	134	405	4	75
11/06/2015 10:15	87	82	92	101	362	4	75
11/06/2015 10:20	96	90	114	119	419	4	75
11/06/2015 10:25	107	108	111	121	447	4	75
11/06/2015 10:30	128	106	112	130	476	4	75
11/06/2015 10:35	91	88	92	95	366	4	75
11/06/2015 10:40	100	90	105	130	425	4	75
11/06/2015 10:45	100	95	104	122	421	4	75
11/06/2015 10:50	103	98	101	116	418	4	75
11/06/2015 10:55	111	94	108	120	433	4	75
11/06/2015 11:00	112	101	118	124	455	4	75
11/06/2015 11:05	131	106	118	122	477	4	75
11/06/2015 11:10	137	124	115	111	487	4	75
11/06/2015 11:15	138	116	129	143	526	4	75
11/06/2015 11:20	138	110	118	136	502	4	75
11/06/2015 11:25	136	108	126	122	492	4	75
11/06/2015 11:30	147	121	109	114	491	4	75
11/06/2015 11:35	133	111	118	134	496	4	75
11/06/2015 11:40	131	115	107	119	472	4	75
11/06/2015 11:45	133	101	124	119	477	4	75
11/06/2015 11:50	122	118	110	139	489	4	75
11/06/2015 11:55	115	98	110	116	439	4	75
11/06/2015 12:00	114	113	114	107	448	4	75
11/06/2015 12:05	112	118	111	112	453	4	75
11/06/2015 12:10	131	103	119	115	468	4	75
11/06/2015 12:15	143	112	121	124	500	4	75
11/06/2015 12:20	123	110	110	119	462	4	75
11/06/2015 12:25	128	107	125	114	474	4	75
11/06/2015 12:30	145	113	124	117	499	4	75
11/06/2015 12:35	124	103	113	131	471	4	75
11/06/2015 12:40	115	118	115	116	464	4	75
11/06/2015 12:45	115	104	115	118	452	4	75
11/06/2015 12:50	113	112	106	125	456	4	75
11/06/2015 12:55	114	104	115	127	460	4	75
11/06/2015 13:00	131	106	100	97	434	4	75
11/06/2015 13:05	110	100	98	100	408	4	75
11/06/2015 13:10	130	99	107	105	441	4	75
11/06/2015 13:15	125	105	115	104	449	4	75
11/06/2015 13:20	131	129	111	119	490	4	75
11/06/2015 13:25	110	101	98	93	402	4	75
11/06/2015 13:30	131	107	107	100	445	4	75
11/06/2015 13:35	124	103	114	116	457	4	75
11/06/2015 13:40	117	99	112	112	440	4	75
11/06/2015 13:45	116	97	96	110	419	4	75
11/06/2015 13:50	115	98	103	104	420	4	75
11/06/2015 13:55	110	95	97	95	397	4	75
11/06/2015 14:00	110	106	103	101	420	4	75
11/06/2015 14:05	117	106	116	108	447	4	75
11/06/2015 14:10	133	124	111	124	492	4	75
11/06/2015 14:15	124	117	106	100	447	4	75
11/06/2015 14:20	114	98	110	110	432	4	75
11/06/2015 14:25	130	123	115	119	487	4	75
11/06/2015 14:30	122	96	104	106	428	4	75
11/06/2015 14:35	132	109	99	107	447	4	75
11/06/2015 14:40	115	115	98	88	416	4	75
11/06/2015 14:45	116	92	115	111	434	4	75
11/06/2015 14:50	104	96	98	97	395	4	75
11/06/2015 14:55	116	85	96	83	380	4	75
11/06/2015 15:00	103	94	97	93	387	4	75
11/06/2015 15:05	108	98	103	88	397	4	75
11/06/2015 15:10	120	104	103	106	433	4	75
11/06/2015 15:15	97	94	90	82	363	4	75
11/06/2015 15:20	106	90	97	81	374	4	75
11/06/2015 15:25	118	99	104	87	408	4	75
11/06/2015 15:30	112	90	101	89	392	4	75
11/06/2015 15:35	112	95	109	94	410	4	75
11/06/2015 15:40	128	106	107	91	432	4	75
11/06/2015 15:45	112	102	100	87	401	4	75
11/06/2015 15:50	120	101	101	81	403	4	75
11/06/2015 15:55	108	87	89	88	372	4	75
11/06/2015 16:00	128	104	107	87	426	4	75
11/06/2015 16:05	106	104	93	87	390	4	75
11/06/2015 16:10	100	87	93	92	372	4	75
11/06/2015 16:15	118	100	101	100	419	4	75
11/06/2015 16:20	121	95	106	101	423	4	75
11/06/2015 16:25	117	102	95	89	403	4	75
11/06/2015 16:30	109	97	92	83	381	4	75
11/06/2015 16:35	123	104	95	85	407	4	75
11/06/2015 16:40	115	103	108	98	424	4	75
11/06/2015 16:45	137	99	109	93	438	4	75
11/06/2015 16:50	114	89	96	87	386	4	75
11/06/2015 16:55	104	89	92	72	357	4	75
11/06/2015 17:00	120	98	112	90	420	4	75
11/06/2015 17:05	108	93	96	81	378	4	75
11/06/2015 17:10	95	84	104	94	377	4	75
11/06/2015 17:15	123	107	98	82	410	4	75
11/06/2015 17:20	127	109	103	109	448	4	75
11/06/2015 17:25	126	120	108	93	447	4	75
11/06/2015 17:30	116	88	98	65	367	4	75
11/06/2015 17:35	83	45	91	32	251	4	75
11/06/2015 17:40	37	19	79	32	167	4	75
11/06/2015 17:45	37	21	57	32	147	4	75
11/06/2015 17:50	80	40	51	33	204	4	75
11/06/2015 17:55	84	46	67	26	223	4	75
11/06/2015 18:00	76	38	58	25	197	4	75
11/06/2015 18:05	80	41	49	29	199	4	75
11/06/2015 18:10	76	37	59	19	191	4	75
11/06/2015 18:15	86	55	51	20	212	4	75
11/06/2015 18:20	103	60	61	26	250	4	75
11/06/2015 18:25	105	56	59	28	248	4	75
11/06/2015 18:30	131	106	84	27	348	4	75
11/06/2015 18:35	127	92	87	36	342	4	75
11/06/2015 18:40	88	87	91	86	352	4	75
11/06/2015 18:45	38	38	90	91	257	4	75
11/06/2015 18:50	119	116	94	102	431	4	75
11/06/2015 18:55	112	106	92	80	390	4	75
11/06/2015 19:00	81	69	82	76	308	4	75
11/06/2015 19:05	88	79	92	85	344	4	75
11/06/2015 19:10	93	86	84	76	339	4	75
11/06/2015 19:15	92	90	83	69	334	4	75
11/06/2015 19:20	95	84	91	91	361	4	75
11/06/2015 19:25	82	79	87	86	334	4	75
11/06/2015 19:30	91	94	96	96	377	4	75
11/06/2015 19:35	81	81	87	79	328	4	75
11/06/2015 19:40	80	74	76	76	306	4	75
11/06/2015 19:45	87	74	91	77	329	4	75
11/06/2015 19:50	84	77	80	76	317	4	75
11/06/2015 19:55	69	73	74	59	275	4	75
11/06/2015 20:00	76	70	82	83	311	4	75
11/06/2015 20:05	84	70	82	83	319	4	75
11/06/2015 20:10	67	60	82	71	280	4	75
11/06/2015 20:15	80	77	89	84	330	4	75
11/06/2015 20:20	62	58	84	71	275	4	75
11/06/2015 20:25	66	71	81	68	286	4	75
11/06/2015 20:30	79	71	76	64	290	4	75
11/06/2015 20:35	75	81	78	67	301	4	75
11/06/2015 20:40	69	77	76	70	292	4	75
11/06/2015 20:45	73	79	90	88	330	4	75
11/06/2015 20:50	57	69	75	69	270	4	75
11/06/2015 20:55	63	54	79	64	260	4	75
11/06/2015 21:00	76	81	75	66	298	4	75
11/06/2015 21:05	80	65	73	73	291	4	75
11/06/2015 21:10	63	83	78	82	306	4	75
11/06/2015 21:15	80	69	78	68	295	4	75
11/06/2015 21:20	57	64	76	64	261	4	75
11/06/2015 21:25	72	63	70	63	268	4	75
11/06/2015 21:30	66	65	74	68	273	4	75
11/06/2015 21:35	66	65	70	67	268	4	75
11/06/2015 21:40	58	60	79	74	271	4	75
11/06/2015 21:45	72	64	73	63	272	4	75
11/06/2015 21:50	58	60	80	77	275	4	75
11/06/2015 21:55	67	65	73	54	259	4	75
11/06/2015 22:00	65	68	75	68	276	4	75
11/06/2015 22:05	65	64	75	67	271	4	75
11/06/2015 22:10	63	59	70	70	262	4	75
11/06/2015 22:15	54	56	67	49	226	4	75
11/06/2015 22:20	53	69	67	57	246	4	75
11/06/2015 22:25	55	55	68	58	236	4	75
11/06/2015 22:30	63	68	67	54	252	4	75
11/06/2015 22:35	62	71	74	65	272	4	75
11/06/2015 22:40	54	64	67	67	252	4	75
11/06/2015 22:45	55	68	67	55	245	4	75
11/06/2015 22:50	50	55	65	56	226	4	75
11/06/2015 22:55	45	47	58	51	201	4	75
11/06/2015 23:00	37	51	55	34	177	4	75
11/06/2015 23:05	50	56	58	45	209	4	75
11/06/2015 23:10	45	47	60	40	192	4	75
11/06/2015 23:15	36	41	54	38	169	4	75
11/06/2015 23:20	35	50	56	42	183	4	75
11/06/2015 23:25	33	38	53	46	170	4	75
11/06/2015 23:30	43	43	54	35	175	4	75
11/06/2015 23:35	44	54	53	45	196	4	75
11/06/2015 23:40	35	38	47	25	145	4	75
11/06/2015 23:45	23	40	48	35	146	4	75
11/06/2015 23:50	32	42	44	31	149	4	75
11/06/2015 23:55	29	39	43	25	136	4	75
11/07/2015 00:00	25	32	30	26	113	4	100
11/07/2015 00:05	30	43	33	25	131	4	100
11/07/2015 00:10	24	34	35	30	123	4	100
11/07/2015 00:15	16	28	18	32	94	4	100
11/07/2015 00:20	17	33	29	26	105	4	100
11/07/2015 00:25	20	25	27	29	101	4	100
11/07/2015 00:30	21	23	32	26	102	4	100
11/07/2015 00:35	17	32	28	28	105	4	100
11/07/2015 00:40	21	26	16	26	89	4	100
11/07/2015 00:45	14	29	27	23	93	4	100
11/07/2015 00:50	18	30	16	14	78	4	100
11/07/2015 00:55	10	22	25	15	72	4	100
11/07/2015 01:00	21	30	22	16	89	4	100
11/07/2015 01:05	11	35	33	18	97	4	100
11/07/2015 01:10	12	24	30	14	80	4	100
11/07/2015 01:15	14	21	28	21	84	4	100
11/07/2015 01:20	10	26	29	25	90	4	100
11/07/2015 01:25	6	18	18	16	58	4	100
11/07/2015 01:30	14	22	27	13	76	4	100
11/07/2015 01:35	14	25	19	18	76	4	100
11/07/2015 01:40	12	12	22	18	64	4	100
11/07/2015 01:45	18	19	18	26	81	4	100
11/07/2015 01:50	10	21	18	8	57	4	100
11/07/2015 01:55	8	19	25	12	64	4	100
11/07/2015 02:00	5	17	23	12	57	4	100
11/07/2015 02:05	15	18	20	14	67	4	100
11/07/2015 02:10	14	14	18	17	63	4	100
11/07/2015 02:15	6	9	14	13	42	4	100
11/07/2015 02:20	17	22	18	15	72	4	100
11/07/2015 02:25	10	22	20	15	67	4	100
11/07/2015 02:30	5	17	12	12	46	4	100
11/07/2015 02:35	11	21	28	23	83	4	100
11/07/2015 02:40	11	15	17	18	61	4	100
11/07/2015 02:45	10	20	22	15	67	4	100
11/07/2015 02:50	8	18	16	20	62	4	100
11/07/2015 02:55	8	22	17	17	64	4	100
11/07/2015 03:00	14	20	17	11	62	4	100
11/07/2015 03:05	8	14	13	17	52	4	100
11/07/2015 03:10	15	20	20	17	72	4	100
11/07/2015 03:15	15	19	17	10	61	4	100
11/07/2015 03:20	13	24	18	12	67	4	100
11/07/2015 03:25	10	17	17	14	58	4	100
11/07/2015 03:30	12	18	16	12	58	4	100
11/07/2015 03:35	16	31	23	11	81	4	100
11/07/2015 03:40	14	19	17	19	69	4	100
11/07/2015 03:45	13	15	15	23	66	4	100
11/07/2015 03:50	17	21	13	10	61	4	100
11/07/2015 03:55	11	25	22	16	74	4	100
11/07/2015 04:00	19	19	18	18	74	4	100
11/07/2015 04:05	12	29	11	11	63	4	100
11/07/2015 04:10	13	28	23	17	81	4	100
11/07/2015 04:15	20	22	19	13	74	4	100
11/07/2015 04:20	21	38	20	22	101	4	100
11/07/2015 04:25	22	27	19	21	89	4	100
11/07/2015 04:30	24	35	25	30	114	4	100
11/07/2015 04:35	24	30	22	24	100	4	100
11/07/2015 04:40	29	35	28	45	137	4	100
11/07/2015 04:45	26	38	28	31	123	4	100
11/07/2015 04:50	34	35	27	30	126	4	100
11/07/2015 04:55	34	33	28	28	123	4	100
11/07/2015 05:00	33	38	23	33	127	4	100
11/07/2015 05:05	43	44	27	29	143	4	100
11/07/2015 05:10	34	45	33	27	139	4	100
11/07/2015 05:15	54	57	48	39	198	4	100
11/07/2015 05:20	55	57	36	35	183	4	100
11/07/2015 05:25	56	51	49	51	207	4	100
11/07/2015 05:30	72	67	38	52	229	4	100
11/07/2015 05:35	63	71	50	43	227	4	100
11/07/2015 05:40	63	76	51	60	250	4	100
11/07/2015 05:45	64	61	59	64	248	4	100
11/07/2015 05:50	57	60	43	69	229	4	100
11/07/2015 05:55	65	66	39	68	238	4	100
11/07/2015 06:00	68	60	53	52	233	4	100
11/07/2015 06:05	88	72	62	79	301	4	100
11/07/2015 06:10	79	83	63	82	307	4	100
11/07/2015 06:15	90	86	72	89	337	4	100
11/07/2015 06:20	73	84	61	79	297	4	100
11/07/2015 06:25	120	91	86	95	392	4	100
11/07/2015 06:30	113	105	82	124	424	4	100
11/07/2015 06:35	113	106	79	129	427	4	100
11/07/2015 06:40	133	94	87	136	450	4	100
11/07/2015 06:45	130	110	91	121	452	4	100
11/07/2015 06:50	115	104	85	117	421	4	100
11/07/2015 06:55	111	100	98	128	437	4	100
11/07/2015 07:00	112	111	89	124	436	4	100
11/07/2015 07:05	137	108	96	130	471	4	100
11/07/2015 07:10	126	104	92	149	471	4	100
11/07/2015 07:15	136	124	93	116	469	4	100
11/07/2015 07:20	130	120	102	136	488	4	100
11/07/2015 07:25	159	141	116	161	577	4	100
11/07/2015 07:30	141	115	99	145	500	4	100
11/07/2015 07:35	96	94	100	120	410	4	100
11/07/2015 07:40	133	118	113	163	527	4	100
11/07/2015 07:45	138	122	118	143	521	4	100
11/07/2015 07:50	152	124	125	119	520	4	100
11/07/2015 07:55	155	119	137	123	534	4	100
11/07/2015 08:00	132	109	136	116	493	4	100
11/07/2015 08:05	134	105	107	117	463	4	100
11/07/2015 08:10	153	109	107	116	485	4	100
11/07/2015 08:15	129	123	114	135	501	4	100
11/07/2015 08:20	148	111	105	134	498	4	100
11/07/2015 08:25	156	117	124	144	541	4	100
11/07/2015 08:30	142	122	112	145	521	4	100
11/07/2015 08:35	153	122	126	153	554	4	100
11/07/2015 08:40	157	122	124	153	556	4	100
11/07/2015 08:45	135	120	128	146	529	4	100
11/07/2015 08:50	124	125	129	144	522	4	100
11/07/2015 08:55	146	122	130	144	542	4	100
11/07/2015 09:00	131	123	101	113	468	4	100
11/07/2015 09:05	118	108	106	140	472	4	100
11/07/2015 09:10	122	112	118	126	478	4	100
11/07/2015 09:15	128	105	130	126	489	4	100
11/07/2015 09:20	135	109	115	124	483	4	100
11/07/2015 09:25	148	131	108	133	520	4	100
11/07/2015 09:30	149	117	144	162	572	4	100
11/07/2015 09:35	149	129	123	142	543	4	100
11/07/2015 09:40	137	124	126	144	531	4	100
11/07/2015 09:45	139	123	129	162	553	4	100
11/07/2015 09:50	131	120	130	136	517	4	100
11/07/2015 09:55	126	115	126	135	502	4	100
11/07/2015 10:00	127	102	113	123	465	4	100
11/07/2015 10:05	136	110	108	124	478	4	100
11/07/2015 10:10	132	107	103	125	467	4	100
11/07/2015 10:15	134	121	102	117	474	4	100
11/07/2015 10:20	115	118	125	114	472	4	100
11/07/2015 10:25	142	128	113	144	527	4	100
11/07/2015 10:30	118	112	105	124	459	4	100
11/07/2015 10:35	151	124	109	128	512	4	100
11/07/2015 10:40	116	105	131	119	471	4	100
11/07/2015 10:45	122	110	118	123	473	4	100
11/07/2015 10:50	126	107	110	137	480	4	100
11/07/2015 10:55	133	117	118	125	493	4	100
11/07/2015 11:00	113	105	125	95	438	4	100
11/07/2015 11:05	101	94	104	104	403	4	100
11/07/2015 11:10	154	114	125	124	517	4	100
11/07/2015 11:15	129	122	122	128	501	4	100
11/07/2015 11:20	132	111	111	117	471	4	100
11/07/2015 11:25	124	109	112	126	471	4	100
11/07/2015 11:30	138	127	116	115	496	4	100
11/07/2015 11:35	124	111	101	105	441	4	100
11/07/2015 11:40	135	124	115	110	484	4	100
11/07/2015 11:45	128	105	120	125	478	4	100
11/07/2015 11:50	124	113	124	120	481	4	100
11/07/2015 11:55	116	119	108	113	456	4	100
11/07/2015 12:00	128	113	111	114	466	4	100
11/07/2015 12:05	110	105	100	101	416	4	100
11/07/2015 12:10	112	99	94	93	398	4	100
11/07/2015 12:15	122	115	112	89	438	4	100
11/07/2015 12:20	124	117	102	99	442	4	100
11/07/2015 12:25	149	112	103	93	457	4	100
11/07/2015 12:30	120	95	116	98	429	4	100
11/07/2015 12:35	141	116	112	128	497	4	100
11/07/2015 12:40	134	117	110	128	489	4	100
11/07/2015 12:45	125	122	112	106	465	4	100
11/07/2015 12:50	128	116	109	111	464	4	100
11/07/2015 12:55	122	101	113	109	445	4	100
11/07/2015 13:00	115	115	100	102	432	4	100
11/07/2015 13:05	116	100	111	97	424	4	100
11/07/2015 13:10	115	117	101	95	428	4	100
11/07/2015 13:15	110	106	103	108	427	4	100
11/07/2015 13:20	88	97	96	110	391	4	100
11/07/2015 13:25	141	120	100	109	470	4	100
11/07/2015 13:30	116	107	107	112	442	4	100
11/07/2015 13:35	121	102	98	104	425	4	100
11/07/2015 13:40	111	107	96	115	429	4	100
11/07/2015 13:45	120	122	93	103	438	4	100
11/07/2015 13:50	117	113	106	105	441	4	100
11/07/2015 13:55	118	111	103	109	441	4	100
11/07/2015 14:00	129	112	107	110	458	4	100
11/07/2015 14:05	112	90	94	96	392	4	100
11/07/2015 14:10	136	124	107	96	463	4	100
11/07/2015 14:15	111	113	107	105	436	4	100
11/07/2015 14:20	127	103	121	128	479	4	100
11/07/2015 14:25	114	120	108	99	441	4	100
11/07/2015 14:30	123	117	114	113	467	4	100
11/07/2015 14:35	122	113	118	116	469	4	100
11/07/2015 14:40	120	104	103	93	420	4	100
11/07/2015 14:45	119	98	103	91	411	4	100
11/07/2015 14:50	104	103	104	104	415	4	100
11/07/2015 14:55	113	92	100	99	404	4	100
11/07/2015 15:00	130	113	95	101	439	4	100
11/07/2015 15:05	108	107	101	104	420	4	100
11/07/2015 15:10	132	105	111	111	459	4	100
11/07/2015 15:15	116	104	108	111	439	4	100
11/07/2015 15:20	104	111	113	101	429	4	100
11/07/2015 15:25	113	109	105	104	431	4	100
11/07/2015 15:30	127	93	97	97	414	4	100
11/07/2015 15:35	105	98	98	92	393	4	100
11/07/2015 15:40	121	104	114	100	439	4	100
11/07/2015 15:45	115	91	103	108	417	4	100
11/07/2015 15:50	115	120	83	106	424	4	100
11/07/2015 15:55	105	95	97	86	383	4	100
11/07/2015 16:00	103	94	94	97	388	4	100
11/07/2015 16:05	120	110	102	89	421	4	100
11/07/2015 16:10	87	93	95	107	382	4	100
11/07/2015 16:15	116	98	90	101	405	4	100
11/07/2015 16:20	115	104	110	100	429	4	100
11/07/2015 16:25	89	82	89	80	340	4	100
11/07/2015 16:30	121	104	97	87	409	4	100
11/07/2015 16:35	116	103	107	103	429	4	100
11/07/2015 16:40	118	107	107	104	436	4	100
11/07/2015 16:45	111	86	98	101	396	4	100
11/07/2015 16:50	97	94	98	89	378	4	100
11/07/2015 16:55	112	107	105	102	426	4	100
11/07/2015 17:00	95	89	81	89	354	4	100
11/07/2015 17:05	77	88	81	70	316	4	100
11/07/2015 17:10	127	121	93	89	430	4	100
11/07/2015 17:15	100	104	107	80	391	4	100
11/07/2015 17:20	103	98	94	90	385	4	100
11/07/2015 17:25	100	101	108	98	407	4	100
11/07/2015 17:30	102	107	78	79	366	4	100
11/07/2015 17:35	116	106	103	88	413	4	100
11/07/2015 17:40	97	92	93	93	375	4	100
11/07/2015 17:45	104	108	84	78	374	4	100
11/07/2015 17:50	107	98	99	103	407	4	100
11/07/2015 17:55	100	99	106	83	388	4	100
11/07/2015 18:00	102	107	71	74	354	4	100
11/07/2015 18:05	119	96	84	82	381	4	100
11/07/2015 18:10	113	95	93	83	384	4	100
11/07/2015 18:15	104	101	97	83	385	4	100
11/07/2015 18:20	113	116	83	94	406	4	100
11/07/2015 18:25	106	91	84	94	375	4	100
11/07/2015 18:30	101	94	86	94	375	4	100
11/07/2015 18:35	106	95	89	93	383	4	100
11/07/2015 18:40	114	103	83	78	378	4	100
11/07/2015 18:45	104	103	85	85	377	4	100
11/07/2015 18:50	86	102	75	90	353	4	100
11/07/2015 18:55	111	95	79	79	364	4	100
11/07/2015 19:00	96	97	79	69	341	4	100
11/07/2015 19:05	117	99	84	65	365	4	100
11/07/2015 19:10	86	93	72	70	321	4	100
11/07/2015 19:15	87	106	82	89	364	4	100
11/07/2015 19:20	98	98	72	79	347	4	100
11/07/2015 19:25	93	82	81	83	339	4	100
11/07/2015 19:30	106	97	85	69	357	4	100
11/07/2015 19:35	79	75	85	75	314	4	100
11/07/2015 19:40	89	95	87	70	341	4	100
11/07/2015 19:45	77	87	72	74	310	4	100
11/07/2015 19:50	69	88	79	74	310	4	100
11/07/2015 19:55	61	69	63	57	250	4	100
11/07/2015 20:00	87	77	60	65	289	4	100
11/07/2015 20:05	72	78	75	77	302	4	100
11/07/2015 20:10	70	87	74	67	298	4	100
11/07/2015 20:15	68	66	66	77	277	4	100
11/07/2015 20:20	87	87	71	68	313	4	100
11/07/2015 20:25	69	78	81	82	310	4	100
11/07/2015 20:30	80	77	69	73	299	4	100
11/07/2015 20:35	60	84	70	56	270	4	100
11/07/2015 20:40	75	74	72	74	295	4	100
11/07/2015 20:45	79	80	92	66	317	4	100
11/07/2015 20:50	76	84	67	59	286	4	100
11/07/2015 20:55	70	81	68	47	266	4	100
11/07/2015 21:00	66	83	74	68	291	4	100
11/07/2015 21:05	80	79	71	66	296	4	100
11/07/2015 21:10	78	72	80	87	317	4	100
11/07/2015 21:15	70	75	86	63	294	4	100
11/07/2015 21:20	79	75	89	59	302	4	100
11/07/2015 21:25	80	73	73	60	286	4	100
11/07/2015 21:30	68	76	78	69	291	4	100
11/07/2015 21:35	73	80	69	63	285	4	100
11/07/2015 21:40	64	75	76	68	283	4	100
11/07/2015 21:45	61	72	73	80	286	4	100
11/07/2015 21:50	78	78	71	51	278	4	100
11/07/2015 21:55	68	76	75	58	277	4	100
11/07/2015 22:00	57	70	71	60	258	4	100
11/07/2015 22:05	77	72	74	63	286	4	100
11/07/2015 22:10	47	63	70	58	238	4	100
11/07/2015 22:15	54	69	74	65	262	4	100
11/07/2015 22:20	43	66	72	51	232	4	100
11/07/2015 22:25	52	64	69	55	240	4	100
11/07/2015 22:30	60	59	66	49	234	4	100
11/07/2015 22:35	50	68	64	64	246	4	100
11/07/2015 22:40	71	63	72	52	258	4	100
11/07/2015 22:45	64	62	65	67	258	4	100
11/07/2015 22:50	36	48	63	50	197	4	100
11/07/2015 22:55	41	53	63	51	208	4	100
11/07/2015 23:00	43	55	49	44	191	4	100
11/07/2015 23:05	42	48	47	54	191	4	100
11/07/2015 23:10	46	55	64	40	205	4	100
11/07/2015 23:15	52	56	53	48	209	4	100
11/07/2015 23:20	27	46	50	35	158	4	100
11/07/2015 23:25	32	53	49	41	175	4	100
11/07/2015 23:30	50	50	47	32	179	4	100
11/07/2015 23:35	42	40	38	29	149	4	100
11/07/2015 23:40	25	44	47	27	143	4	100
11/07/2015 23:45	34	38	41	40	153	4	100
11/07/2015 23:50	26	42	48	34	150	4	100
11/07/2015 23:55	38	52	53	36	179	4	100
11/08/2015 00:00	31	40	29	23	123	4	100
11/08/2015 00:05	24	49	47	35	155	4	100
11/08/2015 00:10	21	33	40	24	118	4	100
11/08/2015 00:15	28	40	38	25	131	4	100
11/08/2015 00:20	22	37	41	32	132	4	100
11/08/2015 00:25	21	37	30	24	112	4	100
11/08/2015 00:30	20	38	37	20	115	4	100
11/08/2015 00:35	26	38	30	25	119	4	100
11/08/2015 00:40	28	26	30	25	109	4	100
11/08/2015 00:45	30	25	37	29	121	4	100
11/08/2015 00:50	19	34	35	12	100	4	100
11/08/2015 00:55	23	33	30	23	109	4	100
11/08/2015 01:00	17	26	29	17	89	4	100
11/08/2015 01:05	9	19	16	19	63	4	100
11/08/2015 01:10	19	23	36	19	97	4	100
11/08/2015 01:15	10	21	20	18	69	4	100
11/08/2015 01:20	16	22	25	28	91	4	100
11/08/2015 01:25	10	23	22	24	79	4	100
11/08/2015 01:30	14	28	17	18	77	4	100
11/08/2015 01:35	11	29	21	20	81	4	100
11/08/2015 01:40	16	22	21	8	67	4	100
11/08/2015 01:45	7	22	23	14	66	4	100
11/08/2015 01:50	15	20	22	17	74	4	100
11/08/2015 01:55	8	24	14	12	58	4	100
11/08/2015 02:00	10	19	25	14	68	4	100
11/08/2015 02:05	11	28	16	14	69	4	100
11/08/2015 02:10	8	23	30	16	77	4	100
11/08/2015 02:15	17	22	14	11	64	4	100
11/08/2015 02:20	14	20	21	9	64	4	100
11/08/2015 02:25	10	16	21	10	57	4	100
11/08/2015 02:30	12	17	14	12	55	4	100
11/08/2015 02:35	14	21	19	9	63	4	100
11/08/2015 02:40	7	14	18	18	57	4	100
11/08/2015 02:45	9	20	16	8	53	4	100
11/08/2015 02:50	5	18	23	14	60	4	100
11/08/2015 02:55	4	8	19	4	35	4	100
11/08/2015 03:00	8	16	18	17	59	4	100
11/08/2015 03:05	9	13	16	14	52	4	100
11/08/2015 03:10	7	19	20	13	59	4	100
11/08/2015 03:15	10	14	23	9	56	4	100
11/08/2015 03:20	3	20	13	7	43	4	100
11/08/2015 03:25	9	19	23	12	63	4	100
11/08/2015 03:30	9	20	16	19	64	4	100
11/08/2015 03:35	13	24	17	15	69	4	100
11/08/2015 03:40	10	19	24	9	62	4	100
11/08/2015 03:45	12	25	12	17	66	4	100
11/08/2015 03:50	9	23	14	17	63	4	100
11/08/2015 03:55	8	17	16	15	56	4	100
11/08/2015 04:00	6	10	24	9	49	4	100
11/08/2015 04:05	12	19	12	7	50	4	100
11/08/2015 04:10	11	23	12	10	56	4	100
11/08/2015 04:15	17	22	10	16	65	4	100
11/08/2015 04:20	13	21	20	7	61	4	100
11/08/2015 04:25	18	22	11	17	68	4	100
11/08/2015 04:30	20	24	19	18	81	4	100
11/08/2015 04:35	20	25	17	17	79	4	100
11/08/2015 04:40	27	30	22	14	93	4	100
11/08/2015 04:45	14	27	21	17	79	4	100
11/08/2015 04:50	15	21	20	22	78	4	100
11/08/2015 04:55	17	29	16	13	75	4	100
11/08/2015 05:00	23	29	14	25	91	4	100
11/08/2015 05:05	22	32	29	19	102	4	100
11/08/2015 05:10	22	28	20	21	91	4	100
11/08/2015 05:15	30	40	27	27	124	4	100
11/08/2015 05:20	40	41	25	21	127	4	100
11/08/2015 05:25	47	44	35	23	149	4	100
11/08/2015 05:30	37	38	35	30	140	4	100
11/08/2015 05:35	36	50	33	47	166	4	100
11/08/2015 05:40	39	43	30	41	153	4	100
11/08/2015 05:45	41	47	41	45	174	4	100
11/08/2015 05:50	32	47	33	42	154	4	100
11/08/2015 05:55	28	40	32	38	138	4	100
11/08/2015 06:00	32	35	36	31	134	4	100
11/08/2015 06:05	30	42	26	21	119	4	100
11/08/2015 06:10	40	49	31	24	144	4	100
11/08/2015 06:15	49	59	42	40	190	4	100
11/08/2015 06:20	52	57	46	51	206	4	100
11/08/2015 06:25	52	52	35	56	195	4	100
11/08/2015 06:30	54	68	42	55	219	4	100
11/08/2015 06:35	65	63	64	64	256	4	100
11/08/2015 06:40	55	71	48	68	242	4	100
11/08/2015 06:45	67	65	48	55	235	4	100
11/08/2015 06:50	60	52	55	59	226	4	100
11/08/2015 06:55	52	59	52	63	226	4	100
11/08/2015 07:00	53	61	48	63	225	4	100
11/08/2015 07:05	69	59	48	66	242	4	100
11/08/2015 07:10	54	55	53	65	227	4	100
11/08/2015 07:15	49	73	38	54	214	4	100
11/08/2015 07:20	67	81	61	63	272	4	100
11/08/2015 07:25	79	63	54	78	274	4	100
11/08/2015 07:30	59	62	67	70	258	4	100
11/08/2015 07:35	79	75	66	97	317	4	100
11/08/2015 07:40	68	84	70	96	318	4	100
11/08/2015 07:45	75	72	55	85	287	4	100
11/08/2015 07:50	70	66	67	102	305	4	100
11/08/2015 07:55	52	63	66	88	269	4	100
11/08/2015 08:00	61	70	62	63	256	4	100
11/08/2015 08:05	65	72	64	56	257	4	100
11/08/2015 08:10	102	88	79	86	355	4	100
11/08/2015 08:15	77	78	71	83	309	4	100
11/08/2015 08:20	96	89	75	83	343	4	100
11/08/2015 08:25	90	75	72	75	312	4	100
11/08/2015 08:30	90	89	77	102	358	4	100
11/08/2015 08:35	90	89	83	81	343	4	100
11/08/2015 08:40	92	88	93	100	373	4	100
11/08/2015 08:45	93	87	85	104	369	4	100
11/08/2015 08:50	97	96	96	115	404	4	100
11/08/2015 08:55	87	93	87	101	368	4	100
11/08/2015 09:00	104	98	79	92	373	4	100
11/08/2015 09:05	91	95	73	89	348	4	100
11/08/2015 09:10	98	83	88	95	364	4	100
11/08/2015 09:15	92	100	88	103	383	4	100
11/08/2015 09:20	95	83	78	98	354	4	100
11/08/2015 09:25	107	102	86	100	395	4	100
11/08/2015 09:30	102	88	94	113	397	4	100
11/08/2015 09:35	126	107	99	125	457	4	100
11/08/2015 09:40	110	100	106	124	440	4	100
11/08/2015 09:45	109	105	101	123	438	4	100
11/08/2015 09:50	100	96	111	103	410	4	100
11/08/2015 09:55	109	100	91	100	400	4	100
11/08/2015 10:00	103	90	89	111	393	4	100
11/08/2015 10:05	97	98	92	100	387	4	100
11/08/2015 10:10	111	108	102	83	404	4	100
11/08/2015 10:15	102	97	93	110	402	4	100
11/08/2015 10:20	111	108	115	112	446	4	100
11/08/2015 10:25	114	99	105	116	434	4	100
11/08/2015 10:30	101	107	115	116	439	4	100
11/08/2015 10:35	130	116	101	117	464	4	100
11/08/2015 10:40	117	102	99	117	435	4	100
11/08/2015 10:45	117	112	97	131	457	4	100
11/08/2015 10:50	115	115	114	128	472	4	100
11/08/2015 10:55	92	109	108	115	424	4	100
11/08/2015 11:00	102	102	107	117	428	4	100
11/08/2015 11:05	118	101	93	106	418	4	100
11/08/2015 11:10	113	98	121	113	445	4	100
11/08/2015 11:15	119	111	103	105	438	4	100
11/08/2015 11:20	112	112	102	115	441	4	100
11/08/2015 11:25	106	98	110	115	429	4	100
11/08/2015 11:30	128	114	103	116	461	4	100
11/08/2015 11:35	112	108	103	116	439	4	100
11/08/2015 11:40	114	114	111	114	453	4	100
11/08/2015 11:45	113	98	124	117	452	4	100
11/08/2015 11:50	102	99	110	106	417	4	100
11/08/2015 11:55	107	90	98	109	404	4	100
11/08/2015 12:00	104	110	123	104	441	4	100
11/08/2015 12:05	115	105	103	109	432	4	100
11/08/2015 12:10	111	104	106	119	440	4	100
11/08/2015 12:15	106	98	101	96	401	4	100
11/08/2015 12:20	106	112	118	103	439	4	100
11/08/2015 12:25	126	110	116	103	455	4	100
11/08/2015 12:30	116	92	97	116	421	4	100
11/08/2015 12:35	141	129	123	122	515	4	100
11/08/2015 12:40	104	109	115	112	440	4	100
11/08/2015 12:45	117	121	93	121	452	4	100
11/08/2015 12:50	124	104	105	119	452	4	100
11/08/2015 12:55	139	110	90	114	453	4	100
11/08/2015 13:00	107	106	114	122	449	4	100
11/08/2015 13:05	113	100	111	102	426	4	100
11/08/2015 13:10	114	114	102	94	424	4	100
11/08/2015 13:15	109	111	111	109	440	4	100
11/08/2015 13:20	119	109	104	108	440	4	100
11/08/2015 13:25	110	106	95	103	414	4	100
11/08/2015 13:30	110	111	120	98	439	4	100
11/08/2015 13:35	73	83	86	86	328	4	100
11/08/2015 13:40	124	107	101	114	446	4	100
11/08/2015 13:45	132	119	112	133	496	4	100
11/08/2015 13:50	106	104	94	98	402	4	100
11/08/2015 13:55	110	109	98	100	417	4	100
11/08/2015 14:00	106	104	93	103	406	4	100
11/08/2015 14:05	116	126	110	102	454	4	100
11/08/2015 14:10	134	116	87	89	426	4	100
11/08/2015 14:15	108	93	98	93	392	4	100
11/08/2015 14:20	124	118	90	106	438	4	100
11/08/2015 14:25	105	103	94	99	401	4	100
11/08/2015 14:30	137	116	100	111	464	4	100
11/08/2015 14:35	132	135	120	118	505	4	100
11/08/2015 14:40	113	103	99	111	426	4	100
11/08/2015 14:45	133	116	106	118	473	4	100
11/08/2015 14:50	102	93	95	92	382	4	100
11/08/2015 14:55	115	104	96	103	418	4	100
11/08/2015 15:00	122	108	74	100	404	4	100
11/08/2015 15:05	113	103	97	92	405	4	100
11/08/2015 15:10	100	98	91	93	382	4	100
11/08/2015 15:15	121	116	104	93	434	4	100
11/08/2015 15:20	120	113	112	107	452	4	100
11/08/2015 15:25	118	109	104	93	424	4	100
11/08/2015 15:30	128	120	106	86	440	4	100
11/08/2015 15:35	125	120	104	88	437	4	100
11/08/2015 15:40	124	126	114	96	460	4	100
11/08/2015 15:45	116	103	101	98	418	4	100
11/08/2015 15:50	123	116	102	112	453	4	100
11/08/2015 15:55	115	112	110	75	412	4	100
11/08/2015 16:00	117	100	105	97	419	4	100
11/08/2015 16:05	114	115	105	83	417	4	100
11/08/2015 16:10	97	106	87	70	360	4	100
11/08/2015 16:15	125	103	98	94	420	4	100
11/08/2015 16:20	97	83	92	88	360	4	100
11/08/2015 16:25	110	78	91	74	353	4	100
11/08/2015 16:30	155	133	132	117	537	4	100
11/08/2015 16:35	115	108	105	95	423	4	100
11/08/2015 16:40	100	93	114	82	389	4	100
11/08/2015 16:45	121	108	104	86	419	4	100
11/08/2015 16:50	134	116	120	95	465	4	100
11/08/2015 16:55	114	103	77	79	373	4	100
11/08/2015 17:00	127	100	116	90	433	4	100
11/08/2015 17:05	120	120	109	81	430	4	100
11/08/2015 17:10	118	121	99	78	416	4	100
11/08/2015 17:15	121	119	108	99	447	4	100
11/08/2015 17:20	118	109	110	112	449	4	100
11/08/2015 17:25	116	114	92	90	412	4	100
11/08/2015 17:30	128	115	115	87	445	4	100
11/08/2015 17:35	105	101	105	92	403	4	100
11/08/2015 17:40	123	109	113	92	437	4	100
11/08/2015 17:45	113	103	88	82	386	4	100
11/08/2015 17:50	126	103	89	100	418	4	100
11/08/2015 17:55	132	117	86	73	408	4	100
11/08/2015 18:00	111	109	99	64	383	4	100
11/08/2015 18:05	101	95	73	75	344	4	100
11/08/2015 18:10	104	94	73	69	340	4	100
11/08/2015 18:15	114	106	100	83	403	4	100
11/08/2015 18:20	105	101	84	70	360	4	100
11/08/2015 18:25	106	116	83	76	381	4	100
11/08/2015 18:30	109	102	81	71	363	4	100
11/08/2015 18:35	104	100	87	89	380	4	100
11/08/2015 18:40	116	115	91	81	403	4	100
11/08/2015 18:45	93	84	82	82	341	4	100
11/08/2015 18:50	93	106	92	80	371	4	100
11/08/2015 18:55	96	108	84	58	346	4	100
11/08/2015 19:00	113	103	59	69	344	4	100
11/08/2015 19:05	123	109	87	76	395	4	100
11/08/2015 19:10	96	109	89	76	370	4	100
11/08/2015 19:15	113	104	83	88	388	4	100
11/08/2015 19:20	117	108	78	74	377	4	100
11/08/2015 19:25	89	94	84	74	341	4	100
11/08/2015 19:30	102	97	71	75	345	4	100
11/08/2015 19:35	114	102	77	65	358	4	100
11/08/2015 19:40	107	110	81	67	365	4	100
11/08/2015 19:45	108	103	74	64	349	4	100
11/08/2015 19:50	116	105	77	75	373	4	100
11/08/2015 19:55	102	101	67	64	334	4	100
11/08/2015 20:00	105	103	72	71	351	4	100
11/08/2015 20:05	90	82	71	73	316	4	100
11/08/2015 20:10	102	106	77	68	353	4	100
11/08/2015 20:15	100	99	69	71	339	4	100
11/08/2015 20:20	91	89	79	60	319	4	100
11/08/2015 20:25	85	75	83	63	306	4	100
11/08/2015 20:30	103	94	69	50	316	4	100
11/08/2015 20:35	102	91	79	59	331	4	100
11/08/2015 20:40	98	84	59	51	292	4	100
11/08/2015 20:45	90	85	67	64	306	4	100
11/08/2015 20:50	80	87	69	41	277	4	100
11/08/2015 20:55	88	84	57	56	285	4	100
11/08/2015 21:00	79	86	65	58	288	4	100
11/08/2015 21:05	85	80	59	54	278	4	100
11/08/2015 21:10	70	77	58	48	253	4	100
11/08/2015 21:15	77	72	68	48	265	4	100
11/08/2015 21:20	61	74	58	38	231	4	100
11/08/2015 21:25	81	84	61	60	286	4	100
11/08/2015 21:30	93	86	66	59	304	4	100
11/08/2015 21:35	77	71	53	48	249	4	100
11/08/2015 21:40	92	71	64	57	284	4	100
11/08/2015 21:45	76	74	47	47	244	4	100
11/08/2015 21:50	60	44	50	45	199	4	100
11/08/2015 21:55	58	72	58	44	232	4	100
11/08/2015 22:00	71	72	42	32	217	4	100
11/08/2015 22:05	61	65	45	39	210	4	100
11/08/2015 22:10	58	59	43	32	192	4	100
11/08/2015 22:15	65	69	46	41	221	4	100
11/08/2015 22:20	48	49	45	38	180	4	100
11/08/2015 22:25	55	60	47	44	206	4	100
11/08/2015 22:30	45	56	41	33	175	4	100
11/08/2015 22:35	43	58	36	31	168	4	100
11/08/2015 22:40	38	46	38	19	141	4	100
11/08/2015 22:45	41	58	38	42	179	4	100
11/08/2015 22:50	50	58	38	23	169	4	100
11/08/2015 22:55	32	43	42	32	149	4	100
11/08/2015 23:00	38	38	34	20	130	4	100
11/08/2015 23:05	31	50	25	31	137	4	100
11/08/2015 23:10	27	34	35	26	122	4	100
11/08/2015 23:15	27	33	24	20	104	4	100
11/08/2015 23:20	19	43	38	31	131	4	100
11/08/2015 23:25	29	45	33	26	133	4	100
11/08/2015 23:30	26	35	39	19	119	4	100
11/08/2015 23:35	30	33	27	26	116	4	100
11/08/2015 23:40	21	30	32	30	113	4	100
11/08/2015 23:45	28	32	25	21	106	4	100
11/08/2015 23:50	22	28	24	24	98	4	100
11/08/2015 23:55	24	33	21	17	95	4	100
