5 Minutes	Lane 1 Flow (Veh/5 Minutes)	Lane 2 Flow (Veh/5 Minutes)	Lane 3 Flow (Veh/5 Minutes)	Lane 4 Flow (Veh/5 Minutes)	Flow (Veh/5 Minutes)	# Lane Points	% Observed
11/02/2015 00:00	22	32	32	12	98	4	100
11/02/2015 00:05	20	23	25	20	88	4	100
11/02/2015 00:10	15	28	31	12	86	4	100
11/02/2015 00:15	24	29	22	15	90	4	100
11/02/2015 00:20	21	32	20	13	86	4	100
11/02/2015 00:25	16	28	20	12	76	4	100
11/02/2015 00:30	20	22	21	15	78	4	100
11/02/2015 00:35	13	20	23	7	63	4	100
11/02/2015 00:40	17	19	18	8	62	4	100
11/02/2015 00:45	14	19	20	12	65	4	100
11/02/2015 00:50	13	23	17	12	65	4	100
11/02/2015 00:55	13	17	12	11	53	4	100
11/02/2015 01:00	8	15	15	7	45	4	100
11/02/2015 01:05	6	17	19	7	49	4	100
11/02/2015 01:10	9	11	13	3	36	4	100
11/02/2015 01:15	9	8	14	10	41	4	100
11/02/2015 01:20	4	13	17	8	42	4	100
11/02/2015 01:25	6	14	15	5	40	4	100
11/02/2015 01:30	6	14	8	7	35	4	100
11/02/2015 01:35	7	17	12	10	46	4	100
11/02/2015 01:40	9	12	17	6	44	4	100
11/02/2015 01:45	9	12	11	11	43	4	100
11/02/2015 01:50	4	9	10	4	27	4	100
11/02/2015 01:55	10	14	10	3	37	4	100
11/02/2015 02:00	8	11	12	4	35	4	100
11/02/2015 02:05	10	18	12	7	47	4	100
11/02/2015 02:10	5	12	10	13	40	4	100
11/02/2015 02:15	2	8	7	9	26	4	100
11/02/2015 02:20	11	14	16	3	44	4	100
11/02/2015 02:25	6	12	16	8	42	4	100
11/02/2015 02:30	14	12	13	8	47	4	100
11/02/2015 02:35	3	14	20	8	45	4	100
11/02/2015 02:40	12	14	13	12	51	4	100
11/02/2015 02:45	6	14	12	9	41	4	100
11/02/2015 02:50	13	13	13	13	52	4	100
11/02/2015 02:55	5	11	14	9	39	4	100
11/02/2015 03:00	9	16	19	8	52	4	100
11/02/2015 03:05	19	16	23	8	66	4	100
11/02/2015 03:10	12	19	22	7	60	4	100
11/02/2015 03:15	11	27	20	11	69	4	100
11/02/2015 03:20	18	23	19	11	71	4	100
11/02/2015 03:25	10	28	25	10	73	4	100
11/02/2015 03:30	21	25	22	11	79	4	100
11/02/2015 03:35	16	27	17	8	68	4	100
11/02/2015 03:40	24	34	19	12	89	4	100
11/02/2015 03:45	21	26	31	18	96	4	100
11/02/2015 03:50	27	29	27	19	102	4	100
11/02/2015 03:55	21	26	25	12	84	4	100
11/02/2015 04:00	31	32	31	13	107	4	100
11/02/2015 04:05	38	37	28	17	120	4	100
11/02/2015 04:10	47	43	36	17	143	4	100
11/02/2015 04:15	51	57	32	21	161	4	100
11/02/2015 04:20	47	56	40	23	166	4	100
11/02/2015 04:25	64	70	49	21	204	4	100
11/02/2015 04:30	75	69	49	33	226	4	100
11/02/2015 04:35	87	72	64	33	256	4	100
11/02/2015 04:40	100	85	62	40	287	4	100
11/02/2015 04:45	83	84	65	41	273	4	100
11/02/2015 04:50	99	80	67	53	299	4	100
11/02/2015 04:55	92	75	61	38	266	4	100
11/02/2015 05:00	110	93	69	39	311	4	100
11/02/2015 05:05	129	114	91	47	381	4	100
11/02/2015 05:10	168	125	90	63	446	4	100
11/02/2015 05:15	186	145	108	68	507	4	100
11/02/2015 05:20	201	154	129	80	564	4	100
11/02/2015 05:25	191	177	135	99	602	4	100
11/02/2015 05:30	194	162	142	108	606	4	100
11/02/2015 05:35	143	131	118	119	511	4	100
11/02/2015 05:40	129	139	127	117	512	4	100
11/02/2015 05:45	135	134	136	123	528	4	100
11/02/2015 05:50	125	108	89	92	414	4	100
11/02/2015 05:55	114	109	105	106	434	4	100
11/02/2015 06:00	108	103	92	101	404	4	100
11/02/2015 06:05	109	105	92	88	394	4	100
11/02/2015 06:10	88	83	79	78	328	4	100
11/02/2015 06:15	99	99	82	74	354	4	100
11/02/2015 06:20	83	84	69	53	289	4	100
11/02/2015 06:25	76	74	55	49	254	4	100
11/02/2015 06:30	76	80	65	72	293	4	100
11/02/2015 06:35	67	63	49	46	225	4	100
11/02/2015 06:40	62	63	58	49	232	4	100
11/02/2015 06:45	69	74	66	68	277	4	100
11/02/2015 06:50	61	60	50	53	224	4	100
11/02/2015 06:55	49	55	42	42	188	4	100
11/02/2015 07:00	51	53	46	50	200	4	100
11/02/2015 07:05	52	59	45	57	213	4	100
11/02/2015 07:10	54	52	43	45	194	4	100
11/02/2015 07:15	47	49	43	38	177	4	100
11/02/2015 07:20	53	58	47	40	198	4	100
11/02/2015 07:25	51	61	44	50	206	4	100
11/02/2015 07:30	48	51	47	36	182	4	100
11/02/2015 07:35	41	50	40	42	173	4	100
11/02/2015 07:40	67	73	55	66	261	4	100
11/02/2015 07:45	56	61	51	36	204	4	100
11/02/2015 07:50	42	51	36	38	167	4	100
11/02/2015 07:55	61	72	55	56	244	4	100
11/02/2015 08:00	50	67	60	54	231	4	100
11/02/2015 08:05	67	77	73	74	291	4	100
11/02/2015 08:10	47	67	43	52	209	4	100
11/02/2015 08:15	53	67	61	61	242	4	100
11/02/2015 08:20	51	55	45	48	199	4	100
11/02/2015 08:25	59	77	61	66	263	4	100
11/02/2015 08:30	52	64	49	57	222	4	100
11/02/2015 08:35	48	54	59	54	215	4	100
11/02/2015 08:40	49	55	48	65	217	4	100
11/02/2015 08:45	46	51	57	63	217	4	100
11/02/2015 08:50	33	50	52	47	182	4	100
11/02/2015 08:55	41	51	46	62	200	4	100
11/02/2015 09:00	41	45	57	71	214	4	100
11/02/2015 09:05	44	50	47	64	205	4	100
11/02/2015 09:10	46	47	49	63	205	4	100
11/02/2015 09:15	52	61	70	73	256	4	100
11/02/2015 09:20	57	59	71	52	239	4	100
11/02/2015 09:25	50	67	53	48	218	4	100
11/02/2015 09:30	55	55	47	55	212	4	100
11/02/2015 09:35	52	59	50	47	208	4	100
11/02/2015 09:40	73	73	68	53	267	4	100
11/02/2015 09:45	71	64	58	44	237	4	100
11/02/2015 09:50	90	86	65	47	288	4	100
11/02/2015 09:55	80	89	89	53	311	4	100
11/02/2015 10:00	91	93	79	57	320	4	100
11/02/2015 10:05	77	78	86	53	294	4	100
11/02/2015 10:10	70	77	60	39	246	4	100
11/02/2015 10:15	111	104	100	69	384	4	100
11/02/2015 10:20	115	107	93	73	388	4	100
11/02/2015 10:25	85	101	75	71	332	4	100
11/02/2015 10:30	97	100	104	62	363	4	100
11/02/2015 10:35	110	117	110	78	415	4	100
11/02/2015 10:40	106	112	105	72	395	4	100
11/02/2015 10:45	110	105	95	75	385	4	100
11/02/2015 10:50	81	108	94	63	346	4	100
11/02/2015 10:55	97	108	108	61	374	4	100
11/02/2015 11:00	113	103	111	67	394	4	100
11/02/2015 11:05	121	124	109	69	423	4	100
11/02/2015 11:10	114	119	96	62	391	4	100
11/02/2015 11:15	109	111	108	70	398	4	100
11/02/2015 11:20	106	105	108	80	399	4	100
11/02/2015 11:25	110	104	99	72	385	4	100
11/02/2015 11:30	107	122	113	74	416	4	100
11/02/2015 11:35	110	106	98	59	373	4	100
11/02/2015 11:40	109	115	109	72	405	4	100
11/02/2015 11:45	117	107	92	65	381	4	100
11/02/2015 11:50	105	120	92	73	390	4	100
11/02/2015 11:55	104	114	100	57	375	4	100
11/02/2015 12:00	103	117	105	58	383	4	100
11/02/2015 12:05	122	113	98	61	394	4	100
11/02/2015 12:10	127	115	119	71	432	4	100
11/02/2015 12:15	102	110	103	76	391	4	100
11/02/2015 12:20	107	108	100	81	396	4	100
11/02/2015 12:25	145	151	118	83	497	4	100
11/02/2015 12:30	111	111	104	67	393	4	100
11/02/2015 12:35	133	135	110	76	454	4	100
11/02/2015 12:40	117	113	100	72	402	4	100
11/02/2015 12:45	123	132	100	74	429	4	100
11/02/2015 12:50	123	141	123	72	459	4	100
11/02/2015 12:55	96	118	103	65	382	4	100
11/02/2015 13:00	101	104	97	77	379	4	100
11/02/2015 13:05	98	107	96	64	365	4	100
11/02/2015 13:10	109	111	109	69	398	4	100
11/02/2015 13:15	109	119	112	80	420	4	100
11/02/2015 13:20	110	127	112	78	427	4	100
11/02/2015 13:25	119	134	99	75	427	4	100
11/02/2015 13:30	114	119	104	64	401	4	100
11/02/2015 13:35	106	115	100	59	380	4	100
11/02/2015 13:40	104	108	98	69	379	4	100
11/02/2015 13:45	87	112	99	62	360	4	100
11/02/2015 13:50	97	117	106	66	386	4	100
11/02/2015 13:55	92	118	111	73	394	4	100
11/02/2015 14:00	112	97	101	62	372	4	100
11/02/2015 14:05	109	105	85	58	357	4	100
11/02/2015 14:10	109	84	100	64	357	4	100
11/02/2015 14:15	137	123	108	74	442	4	100
11/02/2015 14:20	116	99	101	68	384	4	100
11/02/2015 14:25	126	127	102	82	437	4	100
11/02/2015 14:30	107	111	123	83	424	4	100
11/02/2015 14:35	117	106	102	70	395	4	100
11/02/2015 14:40	108	101	107	69	385	4	100
11/02/2015 14:45	93	113	93	71	370	4	100
11/02/2015 14:50	79	105	105	72	361	4	100
11/02/2015 14:55	112	96	99	58	365	4	100
11/02/2015 15:00	94	103	117	58	372	4	100
11/02/2015 15:05	104	109	97	75	385	4	100
11/02/2015 15:10	116	107	94	60	377	4	100
11/02/2015 15:15	95	90	102	64	351	4	100
11/02/2015 15:20	106	100	95	62	363	4	100
11/02/2015 15:25	106	94	97	63	360	4	100
11/02/2015 15:30	126	122	95	70	413	4	100
11/02/2015 15:35	128	119	109	69	425	4	100
11/02/2015 15:40	124	103	96	65	388	4	100
11/02/2015 15:45	121	129	121	67	438	4	100
11/02/2015 15:50	120	109	116	70	415	4	100
11/02/2015 15:55	105	111	87	54	357	4	100
11/02/2015 16:00	105	104	94	49	352	4	100
11/02/2015 16:05	97	99	91	54	341	4	100
11/02/2015 16:10	109	99	101	67	376	4	100
11/02/2015 16:15	114	106	115	66	401	4	100
11/02/2015 16:20	115	104	87	63	369	4	100
11/02/2015 16:25	106	114	88	63	371	4	100
11/02/2015 16:30	114	90	91	61	356	4	100
11/02/2015 16:35	104	109	82	57	352	4	100
11/02/2015 16:40	110	103	103	64	380	4	100
11/02/2015 16:45	98	100	93	55	346	4	100
11/02/2015 16:50	109	102	92	66	369	4	100
11/02/2015 16:55	100	105	107	70	382	4	100
11/02/2015 17:00	108	100	95	61	364	4	100
11/02/2015 17:05	107	107	98	66	378	4	100
11/02/2015 17:10	105	108	103	70	386	4	100
11/02/2015 17:15	112	96	111	66	385	4	100
11/02/2015 17:20	112	90	116	59	377	4	100
11/02/2015 17:25	108	124	102	70	404	4	100
11/02/2015 17:30	106	116	97	53	372	4	100
11/02/2015 17:35	116	120	107	73	416	4	100
11/02/2015 17:40	100	113	99	63	375	4	100
11/02/2015 17:45	106	100	102	50	358	4	100
11/02/2015 17:50	120	103	96	64	383	4	100
11/02/2015 17:55	124	118	108	52	402	4	100
11/02/2015 18:00	123	117	101	91	432	4	100
11/02/2015 18:05	110	108	112	57	387	4	100
11/02/2015 18:10	107	107	109	69	392	4	100
11/02/2015 18:15	120	114	100	68	402	4	100
11/02/2015 18:20	132	120	116	68	436	4	100
11/02/2015 18:25	119	108	97	57	381	4	100
11/02/2015 18:30	104	95	98	65	362	4	100
11/02/2015 18:35	111	104	83	56	354	4	100
11/02/2015 18:40	111	110	90	60	371	4	100
11/02/2015 18:45	110	91	95	55	351	4	100
11/02/2015 18:50	101	88	88	69	346	4	100
11/02/2015 18:55	90	93	78	44	305	4	100
11/02/2015 19:00	89	102	82	54	327	4	100
11/02/2015 19:05	83	89	87	55	314	4	100
11/02/2015 19:10	69	88	85	52	294	4	100
11/02/2015 19:15	74	80	78	60	292	4	100
11/02/2015 19:20	74	78	83	50	285	4	100
11/02/2015 19:25	60	64	64	41	229	4	100
11/02/2015 19:30	73	87	78	62	300	4	100
11/02/2015 19:35	73	69	72	41	255	4	100
11/02/2015 19:40	59	68	70	45	242	4	100
11/02/2015 19:45	54	68	74	40	236	4	100
11/02/2015 19:50	59	69	68	33	229	4	100
11/02/2015 19:55	48	64	75	39	226	4	100
11/02/2015 20:00	52	64	68	42	226	4	100
11/02/2015 20:05	56	70	64	47	237	4	100
11/02/2015 20:10	52	71	58	49	230	4	100
11/02/2015 20:15	50	70	68	51	239	4	100
11/02/2015 20:20	61	62	68	55	246	4	100
11/02/2015 20:25	58	66	74	49	247	4	100
11/02/2015 20:30	66	71	63	40	240	4	100
11/02/2015 20:35	52	63	59	46	220	4	100
11/02/2015 20:40	56	68	69	53	246	4	100
11/02/2015 20:45	43	70	52	41	206	4	100
11/02/2015 20:50	55	61	57	40	213	4	100
11/02/2015 20:55	55	64	67	43	229	4	100
11/02/2015 21:00	61	54	64	44	223	4	100
11/02/2015 21:05	48	49	66	36	199	4	100
11/02/2015 21:10	49	68	64	48	229	4	100
11/02/2015 21:15	48	74	61	50	233	4	100
11/02/2015 21:20	41	62	62	43	208	4	100
11/02/2015 21:25	49	51	41	40	181	4	100
11/02/2015 21:30	54	54	61	35	204	4	100
11/02/2015 21:35	52	59	53	40	204	4	100
11/02/2015 21:40	55	53	54	34	196	4	100
11/02/2015 21:45	64	61	60	41	226	4	100
11/02/2015 21:50	52	60	51	29	192	4	100
11/02/2015 21:55	48	49	58	34	189	4	100
11/02/2015 22:00	43	51	59	32	185	4	100
11/02/2015 22:05	48	44	47	26	165	4	100
11/02/2015 22:10	48	54	60	34	196	4	100
11/02/2015 22:15	49	56	63	35	203	4	100
11/02/2015 22:20	29	46	40	28	143	4	100
11/02/2015 22:25	38	42	56	25	161	4	100
11/02/2015 22:30	32	43	44	21	140	4	100
11/02/2015 22:35	33	40	46	29	148	4	100
11/02/2015 22:40	32	35	45	31	143	4	100
11/02/2015 22:45	25	37	35	25	122	4	100
11/02/2015 22:50	21	36	33	23	113	4	100
11/02/2015 22:55	19	31	32	17	99	4	100
11/02/2015 23:00	22	39	30	20	111	4	100
11/02/2015 23:05	21	32	27	18	98	4	100
11/02/2015 23:10	24	24	31	20	99	4	100
11/02/2015 23:15	19	37	35	14	105	4	100
11/02/2015 23:20	16	31	29	19	95	4	100
11/02/2015 23:25	15	29	25	11	80	4	100
11/02/2015 23:30	21	30	28	12	91	4	100
11/02/2015 23:35	14	25	20	10	69	4	100
11/02/2015 23:40	20	28	26	8	82	4	100
11/02/2015 23:45	12	20	28	6	66	4	100
11/02/2015 23:50	18	21	27	14	80	4	100
11/02/2015 23:55	8	19	27	15	69	4	100
11/03/2015 00:00	8	25	22	8	63	4	100
11/03/2015 00:05	9	19	18	11	57	4	100
11/03/2015 00:10	20	19	25	15	79	4	100
11/03/2015 00:15	11	18	24	10	63	4	100
11/03/2015 00:20	5	10	20	7	42	4	100
11/03/2015 00:25	10	10	21	10	51	4	100
11/03/2015 00:30	11	19	20	11	61	4	100
11/03/2015 00:35	8	14	21	9	52	4	100
11/03/2015 00:40	5	11	12	9	37	4	100
11/03/2015 00:45	8	11	17	10	46	4	100
11/03/2015 00:50	5	12	15	10	42	4	100
11/03/2015 00:55	6	17	15	4	42	4	100
11/03/2015 01:00	5	9	17	6	37	4	100
11/03/2015 01:05	6	12	21	9	48	4	100
11/03/2015 01:10	1	8	12	6	27	4	100
11/03/2015 01:15	3	18	14	14	49	4	100
11/03/2015 01:20	8	13	9	10	40	4	100
11/03/2015 01:25	3	13	13	7	36	4	100
11/03/2015 01:30	7	11	13	6	37	4	100
11/03/2015 01:35	2	8	7	3	20	4	100
11/03/2015 01:40	6	13	15	6	40	4	100
11/03/2015 01:45	4	13	17	7	41	4	100
11/03/2015 01:50	4	8	8	6	26	4	100
11/03/2015 01:55	4	13	16	2	35	4	100
11/03/2015 02:00	4	13	14	10	41	4	100
11/03/2015 02:05	7	10	6	14	37	4	100
11/03/2015 02:10	5	10	10	6	31	4	100
11/03/2015 02:15	3	7	10	7	27	4	100
11/03/2015 02:20	3	8	16	9	36	4	100
11/03/2015 02:25	3	10	12	9	34	4	100
11/03/2015 02:30	7	12	14	7	40	4	100
11/03/2015 02:35	6	12	13	9	40	4	100
11/03/2015 02:40	13	10	18	7	48	4	100
11/03/2015 02:45	6	14	12	9	41	4	100
11/03/2015 02:50	7	13	10	7	37	4	100
11/03/2015 02:55	10	15	14	9	48	4	100
11/03/2015 03:00	11	12	15	9	47	4	100
11/03/2015 03:05	6	13	17	7	43	4	100
11/03/2015 03:10	13	11	21	8	53	4	100
11/03/2015 03:15	7	20	15	8	50	4	100
11/03/2015 03:20	10	15	14	8	47	4	100
11/03/2015 03:25	20	21	22	9	72	4	100
11/03/2015 03:30	20	30	17	15	82	4	100
11/03/2015 03:35	19	23	23	12	77	4	100
11/03/2015 03:40	23	24	23	12	82	4	100
11/03/2015 03:45	26	35	32	14	107	4	100
11/03/2015 03:50	24	27	28	13	92	4	100
11/03/2015 03:55	20	27	24	16	87	4	100
11/03/2015 04:00	21	28	21	16	86	4	100
11/03/2015 04:05	32	30	26	9	97	4	100
11/03/2015 04:10	45	50	33	17	145	4	100
11/03/2015 04:15	50	47	32	16	145	4	100
11/03/2015 04:20	62	49	37	19	167	4	100
11/03/2015 04:25	72	58	45	21	196	4	100
11/03/2015 04:30	74	65	53	29	221	4	100
11/03/2015 04:35	81	75	54	32	242	4	100
11/03/2015 04:40	90	71	68	27	256	4	100
11/03/2015 04:45	88	85	53	27	253	4	100
11/03/2015 04:50	86	90	58	37	271	4	100
11/03/2015 04:55	77	91	61	40	269	4	100
11/03/2015 05:00	106	96	61	41	304	4	100
11/03/2015 05:05	136	123	78	56	393	4	100
11/03/2015 05:10	155	121	81	49	406	4	100
11/03/2015 05:15	171	142	108	83	504	4	100
11/03/2015 05:20	163	159	103	64	489	4	100
11/03/2015 05:25	117	112	88	74	391	4	100
11/03/2015 05:30	204	172	136	122	634	4	100
11/03/2015 05:35	183	173	155	110	621	4	100
11/03/2015 05:40	156	145	125	127	553	4	100
11/03/2015 05:45	147	146	127	101	521	4	100
11/03/2015 05:50	108	110	98	94	410	4	100
11/03/2015 05:55	126	130	107	111	474	4	100
11/03/2015 06:00	109	113	91	101	414	4	100
11/03/2015 06:05	85	102	87	101	375	4	100
11/03/2015 06:10	98	95	83	88	364	4	100
11/03/2015 06:15	94	84	66	74	318	4	100
11/03/2015 06:20	69	75	54	66	264	4	100
11/03/2015 06:25	53	60	50	46	209	4	100
11/03/2015 06:30	67	68	54	36	225	4	100
11/03/2015 06:35	70	68	61	58	257	4	100
11/03/2015 06:40	68	71	56	52	247	4	100
11/03/2015 06:45	63	67	43	47	220	4	100
11/03/2015 06:50	47	55	36	41	179	4	100
11/03/2015 06:55	61	71	59	55	246	4	100
11/03/2015 07:00	60	67	50	49	226	4	100
11/03/2015 07:05	46	41	36	25	148	4	100
11/03/2015 07:10	39	41	35	33	148	4	100
11/03/2015 07:15	49	46	42	50	187	4	100
11/03/2015 07:20	51	55	41	44	191	4	100
11/03/2015 07:25	53	57	37	44	191	4	100
11/03/2015 07:30	41	49	26	26	142	4	100
11/03/2015 07:35	39	50	28	33	150	4	100
11/03/2015 07:40	50	56	49	44	199	4	100
11/03/2015 07:45	50	58	35	30	173	4	100
11/03/2015 07:50	50	51	39	46	186	4	100
11/03/2015 07:55	44	53	43	33	173	4	100
11/03/2015 08:00	58	63	48	42	211	4	100
11/03/2015 08:05	50	67	43	41	201	4	100
11/03/2015 08:10	45	58	41	39	183	4	100
11/03/2015 08:15	40	57	40	47	184	4	100
11/03/2015 08:20	36	39	27	25	127	4	100
11/03/2015 08:25	47	58	49	32	186	4	100
11/03/2015 08:30	52	58	51	41	202	4	100
11/03/2015 08:35	37	50	45	43	175	4	100
11/03/2015 08:40	50	60	39	39	188	4	100
11/03/2015 08:45	50	56	49	50	205	4	100
11/03/2015 08:50	54	63	53	68	238	4	100
11/03/2015 08:55	47	42	44	43	176	4	100
11/03/2015 09:00	50	52	47	46	195	4	100
11/03/2015 09:05	41	47	44	50	182	4	100
11/03/2015 09:10	48	51	35	38	172	4	100
11/03/2015 09:15	47	57	47	71	222	4	100
11/03/2015 09:20	40	48	43	51	182	4	100
11/03/2015 09:25	41	50	37	48	176	4	100
11/03/2015 09:30	52	59	45	59	215	4	100
11/03/2015 09:35	36	40	43	52	171	4	100
11/03/2015 09:40	46	47	45	47	185	4	100
11/03/2015 09:45	43	56	41	45	185	4	100
11/03/2015 09:50	76	86	68	79	309	4	100
11/03/2015 09:55	60	70	48	69	247	4	100
11/03/2015 10:00	47	58	43	48	196	4	100
11/03/2015 10:05	66	74	51	65	256	4	100
11/03/2015 10:10	62	66	48	49	225	4	100
11/03/2015 10:15	87	88	69	69	313	4	100
11/03/2015 10:20	96	81	77	58	312	4	100
11/03/2015 10:25	100	96	58	62	316	4	100
11/03/2015 10:30	84	77	65	51	277	4	100
11/03/2015 10:35	104	92	90	66	352	4	100
11/03/2015 10:40	102	99	100	73	374	4	100
11/03/2015 10:45	106	103	94	75	378	4	100
11/03/2015 10:50	112	108	94	74	388	4	100
11/03/2015 10:55	111	128	93	70	402	4	100
11/03/2015 11:00	98	107	88	54	347	4	100
11/03/2015 11:05	107	110	97	72	386	4	100
11/03/2015 11:10	117	107	97	72	393	4	100
11/03/2015 11:15	123	100	107	72	402	4	100
11/03/2015 11:20	113	113	110	71	407	4	100
11/03/2015 11:25	126	136	96	83	441	4	100
11/03/2015 11:30	118	114	100	64	396	4	100
11/03/2015 11:35	127	135	104	77	443	4	100
11/03/2015 11:40	85	109	94	69	357	4	100
11/03/2015 11:45	110	122	104	84	420	4	100
11/03/2015 11:50	106	127	114	77	424	4	100
11/03/2015 11:55	104	113	106	74	397	4	100
11/03/2015 12:00	118	117	108	83	426	4	100
11/03/2015 12:05	110	112	97	75	394	4	100
11/03/2015 12:10	99	127	102	72	400	4	100
11/03/2015 12:15	129	120	111	74	434	4	100
11/03/2015 12:20	117	119	114	68	418	4	100
11/03/2015 12:25	122	117	113	84	436	4	100
11/03/2015 12:30	120	124	108	62	414	4	100
11/03/2015 12:35	124	126	110	79	439	4	100
11/03/2015 12:40	111	134	126	83	454	4	100
11/03/2015 12:45	121	120	103	75	419	4	100
11/03/2015 12:50	129	138	120	85	472	4	100
11/03/2015 12:55	121	117	114	79	431	4	100
11/03/2015 13:00	125	112	109	73	419	4	100
11/03/2015 13:05	111	124	90	53	378	4	100
11/03/2015 13:10	99	115	102	67	383	4	100
11/03/2015 13:15	92	118	95	73	378	4	100
11/03/2015 13:20	127	125	121	69	442	4	100
11/03/2015 13:25	131	120	116	66	433	4	100
11/03/2015 13:30	123	120	109	71	423	4	100
11/03/2015 13:35	117	138	99	74	428	4	100
11/03/2015 13:40	121	118	112	80	431	4	100
11/03/2015 13:45	97	105	104	78	384	4	100
11/03/2015 13:50	90	107	110	73	380	4	100
11/03/2015 13:55	120	107	104	61	392	4	100
11/03/2015 14:00	102	120	102	70	394	4	100
11/03/2015 14:05	128	120	109	68	425	4	100
11/03/2015 14:10	122	136	108	72	438	4	100
11/03/2015 14:15	126	128	101	81	436	4	100
11/03/2015 14:20	120	129	97	68	414	4	100
11/03/2015 14:25	122	123	111	71	427	4	100
11/03/2015 14:30	125	111	101	71	408	4	100
11/03/2015 14:35	120	116	111	82	429	4	100
11/03/2015 14:40	143	119	94	63	419	4	100
11/03/2015 14:45	111	121	102	69	403	4	100
11/03/2015 14:50	114	111	104	54	383	4	100
11/03/2015 14:55	116	125	102	84	427	4	100
11/03/2015 15:00	105	100	99	57	361	4	100
11/03/2015 15:05	91	100	92	67	350	4	100
11/03/2015 15:10	103	118	84	59	364	4	100
11/03/2015 15:15	109	102	98	76	385	4	100
11/03/2015 15:20	100	114	117	68	399	4	100
11/03/2015 15:25	111	126	93	75	405	4	100
11/03/2015 15:30	90	97	93	65	345	4	100
11/03/2015 15:35	155	124	108	78	465	4	100
11/03/2015 15:40	116	115	104	58	393	4	100
11/03/2015 15:45	113	109	111	72	405	4	100
11/03/2015 15:50	120	117	97	70	404	4	100
11/03/2015 15:55	113	127	111	75	426	4	100
11/03/2015 16:00	106	105	101	58	370	4	100
11/03/2015 16:05	118	112	111	70	411	4	100
11/03/2015 16:10	102	116	118	58	394	4	100
11/03/2015 16:15	132	123	86	63	404	4	100
11/03/2015 16:20	129	119	109	56	413	4	100
11/03/2015 16:25	122	110	87	55	374	4	100
11/03/2015 16:30	114	108	93	66	381	4	100
11/03/2015 16:35	134	120	106	73	433	4	100
11/03/2015 16:40	123	120	132	63	438	4	100
11/03/2015 16:45	115	120	104	64	403	4	100
11/03/2015 16:50	114	122	109	66	411	4	100
11/03/2015 16:55	117	109	99	60	385	4	100
11/03/2015 17:00	126	118	114	58	416	4	100
11/03/2015 17:05	135	113	116	77	441	4	100
11/03/2015 17:10	143	117	103	77	440	4	100
11/03/2015 17:15	112	123	113	73	421	4	100
11/03/2015 17:20	133	130	121	65	449	4	100
11/03/2015 17:25	117	118	117	55	407	4	100
11/03/2015 17:30	131	117	109	68	425	4	100
11/03/2015 17:35	131	124	120	63	438	4	100
11/03/2015 17:40	137	115	126	62	440	4	100
11/03/2015 17:45	120	122	111	80	433	4	100
11/03/2015 17:50	123	105	106	60	394	4	100
11/03/2015 17:55	125	123	110	78	436	4	100
11/03/2015 18:00	102	97	91	65	355	4	100
11/03/2015 18:05	123	115	101	67	406	4	100
11/03/2015 18:10	122	130	118	81	451	4	100
11/03/2015 18:15	126	113	106	71	416	4	100
11/03/2015 18:20	132	123	107	64	426	4	100
11/03/2015 18:25	136	129	115	69	449	4	100
11/03/2015 18:30	120	95	99	64	378	4	100
11/03/2015 18:35	111	123	93	68	395	4	100
11/03/2015 18:40	108	108	112	66	394	4	100
11/03/2015 18:45	103	97	104	66	370	4	100
11/03/2015 18:50	94	89	82	54	319	4	100
11/03/2015 18:55	85	87	104	66	342	4	100
11/03/2015 19:00	90	93	77	43	303	4	100
11/03/2015 19:05	92	95	96	63	346	4	100
11/03/2015 19:10	75	83	92	64	314	4	100
11/03/2015 19:15	78	74	84	55	291	4	100
11/03/2015 19:20	75	88	89	61	313	4	100
11/03/2015 19:25	88	87	82	57	314	4	100
11/03/2015 19:30	75	91	76	52	294	4	100
11/03/2015 19:35	70	75	78	48	271	4	100
11/03/2015 19:40	77	85	80	47	289	4	100
11/03/2015 19:45	56	90	88	45	279	4	100
11/03/2015 19:50	68	83	87	53	291	4	100
11/03/2015 19:55	55	70	74	51	250	4	100
11/03/2015 20:00	51	77	61	43	232	4	100
11/03/2015 20:05	57	76	62	47	242	4	100
11/03/2015 20:10	64	74	60	45	243	4	100
11/03/2015 20:15	63	82	71	51	267	4	100
11/03/2015 20:20	52	63	60	39	214	4	100
11/03/2015 20:25	52	64	76	44	236	4	100
11/03/2015 20:30	65	75	64	40	244	4	100
11/03/2015 20:35	55	68	67	41	231	4	100
11/03/2015 20:40	55	68	61	40	224	4	100
11/03/2015 20:45	65	68	67	54	254	4	100
11/03/2015 20:50	64	70	68	42	244	4	100
11/03/2015 20:55	43	73	54	47	217	4	100
11/03/2015 21:00	61	70	74	47	252	4	100
11/03/2015 21:05	47	55	62	33	197	4	100
11/03/2015 21:10	57	65	73	47	242	4	100
11/03/2015 21:15	49	66	67	47	229	4	100
11/03/2015 21:20	51	64	69	52	236	4	100
11/03/2015 21:25	63	80	73	47	263	4	100
11/03/2015 21:30	53	74	54	40	221	4	100
11/03/2015 21:35	60	61	66	35	222	4	100
11/03/2015 21:40	49	59	59	40	207	4	100
11/03/2015 21:45	43	50	43	40	176	4	100
11/03/2015 21:50	44	62	67	36	209	4	100
11/03/2015 21:55	41	47	53	34	175	4	100
11/03/2015 22:00	42	62	72	36	212	4	100
11/03/2015 22:05	42	55	67	40	204	4	100
11/03/2015 22:10	59	79	60	31	229	4	100
11/03/2015 22:15	43	60	55	41	199	4	100
11/03/2015 22:20	37	68	64	37	206	4	100
11/03/2015 22:25	38	51	47	33	169	4	100
11/03/2015 22:30	37	45	49	36	167	4	100
11/03/2015 22:35	32	56	51	40	179	4	100
11/03/2015 22:40	28	52	43	31	154	4	100
11/03/2015 22:45	32	44	49	27	152	4	100
11/03/2015 22:50	29	31	49	21	130	4	100
11/03/2015 22:55	36	38	36	19	129	4	100
11/03/2015 23:00	26	25	42	22	115	4	100
11/03/2015 23:05	18	33	36	17	104	4	100
11/03/2015 23:10	25	34	44	24	127	4	100
11/03/2015 23:15	14	37	31	15	97	4	100
11/03/2015 23:20	19	29	30	11	89	4	100
11/03/2015 23:25	11	29	26	21	87	4	100
11/03/2015 23:30	24	31	28	21	104	4	100
11/03/2015 23:35	22	31	33	20	106	4	100
11/03/2015 23:40	14	34	26	18	92	4	100
11/03/2015 23:45	21	29	29	19	98	4	100
11/03/2015 23:50	11	16	23	14	64	4	100
11/03/2015 23:55	14	17	28	11	70	4	100
11/04/2015 00:00	12	23	19	13	67	4	100
11/04/2015 00:05	10	18	21	17	66	4	100
11/04/2015 00:10	16	26	22	14	78	4	100
11/04/2015 00:15	17	15	22	7	61	4	100
11/04/2015 00:20	10	18	26	13	67	4	100
11/04/2015 00:25	8	11	22	7	48	4	100
11/04/2015 00:30	7	16	15	10	48	4	100
11/04/2015 00:35	12	18	20	6	56	4	100
11/04/2015 00:40	12	14	20	14	60	4	100
11/04/2015 00:45	4	8	9	8	29	4	100
11/04/2015 00:50	6	16	16	15	53	4	100
11/04/2015 00:55	5	8	22	13	48	4	100
11/04/2015 01:00	3	13	5	9	30	4	100
11/04/2015 01:05	5	7	9	7	28	4	100
11/04/2015 01:10	5	19	9	7	40	4	100
11/04/2015 01:15	8	14	11	7	40	4	100
11/04/2015 01:20	5	17	11	6	39	4	100
11/04/2015 01:25	14	13	11	7	45	4	100
11/04/2015 01:30	3	12	15	9	39	4	100
11/04/2015 01:35	2	10	16	7	35	4	100
11/04/2015 01:40	6	3	14	8	31	4	100
11/04/2015 01:45	5	12	15	10	42	4	100
11/04/2015 01:50	4	7	13	11	35	4	100
11/04/2015 01:55	2	7	11	8	28	4	100
11/04/2015 02:00	5	10	16	6	37	4	100
11/04/2015 02:05	8	13	12	5	38	4	100
11/04/2015 02:10	3	8	14	3	28	4	100
11/04/2015 02:15	7	7	13	5	32	4	100
11/04/2015 02:20	6	10	10	6	32	4	100
11/04/2015 02:25	4	14	14	9	41	4	100
11/04/2015 02:30	5	12	12	8	37	4	100
11/04/2015 02:35	7	14	19	8	48	4	100
11/04/2015 02:40	4	11	13	10	38	4	100
11/04/2015 02:45	11	12	15	10	48	4	100
11/04/2015 02:50	5	6	14	8	33	4	100
11/04/2015 02:55	12	18	21	7	58	4	100
11/04/2015 03:00	6	17	14	7	44	4	100
11/04/2015 03:05	11	13	13	8	45	4	100
11/04/2015 03:10	13	21	13	4	51	4	100
11/04/2015 03:15	16	22	18	6	62	4	100
11/04/2015 03:20	10	17	9	13	49	4	100
11/04/2015 03:25	8	21	15	8	52	4	100
11/04/2015 03:30	18	31	19	12	80	4	100
11/04/2015 03:35	19	24	19	11	73	4	100
11/04/2015 03:40	34	29	33	11	107	4	100
11/04/2015 03:45	22	30	27	17	96	4	100
11/04/2015 03:50	21	31	21	15	88	4	100
11/04/2015 03:55	16	32	26	16	90	4	100
11/04/2015 04:00	30	38	27	17	112	4	100
11/04/2015 04:05	37	40	30	18	125	4	100
11/04/2015 04:10	37	43	28	21	129	4	100
11/04/2015 04:15	39	45	23	19	126	4	100
11/04/2015 04:20	74	62	48	25	209	4	100
11/04/2015 04:25	68	54	41	23	186	4	100
11/04/2015 04:30	67	59	43	30	199	4	100
11/04/2015 04:35	77	80	64	33	254	4	100
11/04/2015 04:40	75	78	62	33	248	4	100
11/04/2015 04:45	83	66	66	39	254	4	100
11/04/2015 04:50	94	88	64	40	286	4	100
11/04/2015 04:55	110	87	60	33	290	4	100
11/04/2015 05:00	103	84	60	43	290	4	100
11/04/2015 05:05	137	120	84	55	396	4	100
11/04/2015 05:10	153	115	87	56	411	4	100
11/04/2015 05:15	173	135	98	69	475	4	100
11/04/2015 05:20	192	161	105	74	532	4	100
11/04/2015 05:25	184	174	120	90	568	4	100
11/04/2015 05:30	185	169	147	108	609	4	100
11/04/2015 05:35	148	145	130	125	548	4	100
11/04/2015 05:40	113	113	96	107	429	4	100
11/04/2015 05:45	87	80	74	70	311	4	100
11/04/2015 05:50	87	91	91	74	343	4	100
11/04/2015 05:55	76	85	79	82	322	4	100
11/04/2015 06:00	83	81	58	80	302	4	100
11/04/2015 06:05	66	70	64	64	264	4	100
11/04/2015 06:10	55	50	47	40	192	4	100
11/04/2015 06:15	34	38	40	38	150	4	100
11/04/2015 06:20	60	66	49	69	244	4	100
11/04/2015 06:25	52	43	50	51	196	4	100
11/04/2015 06:30	55	53	49	50	207	4	100
11/04/2015 06:35	48	34	34	31	147	4	100
11/04/2015 06:40	67	75	77	82	301	4	100
11/04/2015 06:45	64	65	55	65	249	4	100
11/04/2015 06:50	59	60	47	57	223	4	100
11/04/2015 06:55	62	63	53	58	236	4	100
11/04/2015 07:00	65	67	54	60	246	4	100
11/04/2015 07:05	57	59	51	59	226	4	100
11/04/2015 07:10	53	51	40	52	196	4	100
11/04/2015 07:15	49	33	36	39	157	4	100
11/04/2015 07:20	33	26	29	23	111	4	100
11/04/2015 07:25	48	48	39	40	175	4	100
11/04/2015 07:30	42	51	39	40	172	4	100
11/04/2015 07:35	44	46	34	35	159	4	100
11/04/2015 07:40	45	41	36	33	155	4	100
11/04/2015 07:45	46	40	43	35	164	4	100
11/04/2015 07:50	48	48	46	39	181	4	100
11/04/2015 07:55	43	45	45	43	176	4	100
11/04/2015 08:00	51	57	37	55	200	4	100
11/04/2015 08:05	48	50	45	55	198	4	100
11/04/2015 08:10	55	54	41	45	195	4	100
11/04/2015 08:15	46	49	37	50	182	4	100
11/04/2015 08:20	44	49	49	52	194	4	100
11/04/2015 08:25	44	44	43	41	172	4	100
11/04/2015 08:30	30	37	37	41	145	4	100
11/04/2015 08:35	47	60	47	56	210	4	100
11/04/2015 08:40	36	35	43	46	160	4	100
11/04/2015 08:45	34	41	41	52	168	4	100
11/04/2015 08:50	46	58	45	50	199	4	100
11/04/2015 08:55	38	30	25	27	120	4	100
11/04/2015 09:00	44	65	50	46	205	4	100
11/04/2015 09:05	42	47	32	36	157	4	100
11/04/2015 09:10	39	47	36	51	173	4	100
11/04/2015 09:15	42	58	44	46	190	4	100
11/04/2015 09:20	42	48	39	43	172	4	100
11/04/2015 09:25	44	51	41	49	185	4	100
11/04/2015 09:30	59	63	47	40	209	4	100
11/04/2015 09:35	32	41	37	28	138	4	100
11/04/2015 09:40	64	58	56	62	240	4	100
11/04/2015 09:45	55	59	43	52	209	4	100
11/04/2015 09:50	49	53	42	54	198	4	100
11/04/2015 09:55	58	61	51	61	231	4	100
11/04/2015 10:00	53	69	43	47	212	4	100
11/04/2015 10:05	52	60	41	48	201	4	100
11/04/2015 10:10	53	61	49	45	208	4	100
11/04/2015 10:15	64	72	51	70	257	4	100
11/04/2015 10:20	74	75	67	66	282	4	100
11/04/2015 10:25	40	46	45	45	176	4	100
11/04/2015 10:30	83	79	56	73	291	4	100
11/04/2015 10:35	92	90	61	78	321	4	100
11/04/2015 10:40	93	79	63	50	285	4	100
11/04/2015 10:45	100	81	63	64	308	4	100
11/04/2015 10:50	87	96	82	62	327	4	100
11/04/2015 10:55	101	101	72	71	345	4	100
11/04/2015 11:00	114	128	99	71	412	4	100
11/04/2015 11:05	109	108	90	60	367	4	100
11/04/2015 11:10	114	116	99	71	400	4	100
11/04/2015 11:15	126	118	108	82	434	4	100
11/04/2015 11:20	118	113	91	68	390	4	100
11/04/2015 11:25	108	104	97	69	378	4	100
11/04/2015 11:30	107	123	102	84	416	4	100
11/04/2015 11:35	100	129	107	86	422	4	100
11/04/2015 11:40	123	124	99	73	419	4	100
11/04/2015 11:45	101	118	100	83	402	4	100
11/04/2015 11:50	101	121	97	72	391	4	100
11/04/2015 11:55	114	127	100	66	407	4	100
11/04/2015 12:00	94	113	108	83	398	4	100
11/04/2015 12:05	94	113	93	70	370	4	100
11/04/2015 12:10	119	117	94	69	399	4	100
11/04/2015 12:15	123	124	121	69	437	4	100
11/04/2015 12:20	111	132	119	77	439	4	100
11/04/2015 12:25	102	121	103	79	405	4	100
11/04/2015 12:30	105	131	106	78	420	4	100
11/04/2015 12:35	105	122	111	76	414	4	100
11/04/2015 12:40	126	130	114	70	440	4	100
11/04/2015 12:45	117	116	89	85	407	4	100
11/04/2015 12:50	103	123	110	82	418	4	100
11/04/2015 12:55	108	116	107	72	403	4	100
11/04/2015 13:00	116	115	101	75	407	4	100
11/04/2015 13:05	90	112	101	66	369	4	100
11/04/2015 13:10	118	119	99	73	409	4	100
11/04/2015 13:15	114	113	103	66	396	4	100
11/04/2015 13:20	109	115	128	74	426	4	100
11/04/2015 13:25	109	125	109	71	414	4	100
11/04/2015 13:30	113	128	103	69	413	4	100
11/04/2015 13:35	106	121	122	57	406	4	100
11/04/2015 13:40	108	131	119	89	447	4	100
11/04/2015 13:45	115	119	109	73	416	4	100
11/04/2015 13:50	113	114	110	54	391	4	100
11/04/2015 13:55	119	117	114	77	427	4	100
11/04/2015 14:00	113	119	105	69	406	4	100
11/04/2015 14:05	131	115	108	68	422	4	100
11/04/2015 14:10	129	116	116	65	426	4	100
11/04/2015 14:15	103	114	115	79	411	4	100
11/04/2015 14:20	117	125	114	66	422	4	100
11/04/2015 14:25	127	115	111	84	437	4	100
11/04/2015 14:30	130	137	116	74	457	4	100
11/04/2015 14:35	103	103	109	71	386	4	100
11/04/2015 14:40	110	116	118	79	423	4	100
11/04/2015 14:45	102	114	110	64	390	4	100
11/04/2015 14:50	115	112	100	61	388	4	100
11/04/2015 14:55	100	114	96	74	384	4	100
11/04/2015 15:00	116	116	107	77	416	4	100
11/04/2015 15:05	114	118	89	69	390	4	100
11/04/2015 15:10	116	117	108	73	414	4	100
11/04/2015 15:15	110	99	100	65	374	4	100
11/04/2015 15:20	110	106	102	64	382	4	100
11/04/2015 15:25	103	115	102	69	389	4	100
11/04/2015 15:30	130	121	116	77	444	4	100
11/04/2015 15:35	122	113	119	74	428	4	100
11/04/2015 15:40	134	121	120	75	450	4	100
11/04/2015 15:45	134	132	140	68	474	4	100
11/04/2015 15:50	111	112	94	67	384	4	100
11/04/2015 15:55	115	117	120	73	425	4	100
11/04/2015 16:00	108	114	85	72	379	4	100
11/04/2015 16:05	129	125	103	69	426	4	100
11/04/2015 16:10	120	116	109	76	421	4	100
11/04/2015 16:15	113	94	109	70	386	4	100
11/04/2015 16:20	108	115	96	69	388	4	100
11/04/2015 16:25	107	107	106	60	380	4	100
11/04/2015 16:30	123	107	102	61	393	4	100
11/04/2015 16:35	144	113	117	67	441	4	100
11/04/2015 16:40	131	121	102	64	418	4	100
11/04/2015 16:45	123	120	101	51	395	4	100
11/04/2015 16:50	135	123	106	75	439	4	100
11/04/2015 16:55	119	113	106	71	409	4	100
11/04/2015 17:00	117	115	105	62	399	4	100
11/04/2015 17:05	122	121	112	69	424	4	100
11/04/2015 17:10	130	136	122	78	466	4	100
11/04/2015 17:15	134	121	115	66	436	4	100
11/04/2015 17:20	127	114	124	68	433	4	100
11/04/2015 17:25	147	114	118	61	440	4	100
11/04/2015 17:30	130	140	121	79	470	4	100
11/04/2015 17:35	154	128	106	70	458	4	100
11/04/2015 17:40	136	124	113	72	445	4	100
11/04/2015 17:45	121	130	106	60	417	4	100
11/04/2015 17:50	123	116	107	64	410	4	100
11/04/2015 17:55	141	131	108	68	448	4	100
11/04/2015 18:00	144	124	111	60	439	4	100
11/04/2015 18:05	143	123	106	55	427	4	100
11/04/2015 18:10	129	106	117	63	415	4	100
11/04/2015 18:15	131	115	107	69	422	4	100
11/04/2015 18:20	117	123	108	72	420	4	100
11/04/2015 18:25	103	101	102	63	369	4	100
11/04/2015 18:30	145	124	126	80	475	4	100
11/04/2015 18:35	124	107	99	71	401	4	100
11/04/2015 18:40	119	114	110	65	408	4	100
11/04/2015 18:45	92	106	104	68	370	4	100
11/04/2015 18:50	92	107	102	65	366	4	100
11/04/2015 18:55	87	89	99	54	329	4	100
11/04/2015 19:00	87	86	86	57	316	4	100
11/04/2015 19:05	86	92	100	66	344	4	100
11/04/2015 19:10	95	116	89	56	356	4	100
11/04/2015 19:15	85	101	91	54	331	4	100
11/04/2015 19:20	93	103	92	54	342	4	100
11/04/2015 19:25	75	88	84	46	293	4	100
11/04/2015 19:30	72	90	90	57	309	4	100
11/04/2015 19:35	76	81	77	58	292	4	100
11/04/2015 19:40	62	82	77	42	263	4	100
11/04/2015 19:45	57	73	68	48	246	4	100
11/04/2015 19:50	57	75	70	35	237	4	100
11/04/2015 19:55	68	63	62	49	242	4	100
11/04/2015 20:00	71	71	75	45	262	4	100
11/04/2015 20:05	55	75	66	48	244	4	100
11/04/2015 20:10	69	71	75	54	269	4	100
11/04/2015 20:15	57	65	70	40	232	4	100
11/04/2015 20:20	55	73	70	40	238	4	100
11/04/2015 20:25	63	66	68	57	254	4	100
11/04/2015 20:30	56	69	75	49	249	4	100
11/04/2015 20:35	72	79	80	49	280	4	100
11/04/2015 20:40	57	72	74	55	258	4	100
11/04/2015 20:45	54	68	63	41	226	4	100
11/04/2015 20:50	61	68	76	49	254	4	100
11/04/2015 20:55	60	73	74	42	249	4	100
11/04/2015 21:00	74	69	71	50	264	4	100
11/04/2015 21:05	62	87	85	50	284	4	100
11/04/2015 21:10	60	69	61	31	221	4	100
11/04/2015 21:15	56	74	80	47	257	4	100
11/04/2015 21:20	53	71	62	43	229	4	100
11/04/2015 21:25	59	73	66	46	244	4	100
11/04/2015 21:30	62	74	74	46	256	4	100
11/04/2015 21:35	59	66	55	40	220	4	100
11/04/2015 21:40	58	80	65	45	248	4	100
11/04/2015 21:45	68	74	69	37	248	4	100
11/04/2015 21:50	53	55	53	36	197	4	100
11/04/2015 21:55	50	56	52	38	196	4	100
11/04/2015 22:00	52	67	59	40	218	4	100
11/04/2015 22:05	46	70	61	42	219	4	100
11/04/2015 22:10	57	85	65	55	262	4	100
11/04/2015 22:15	57	63	60	39	219	4	100
11/04/2015 22:20	53	63	62	27	205	4	100
11/04/2015 22:25	45	60	54	37	196	4	100
11/04/2015 22:30	35	50	45	19	149	4	100
11/04/2015 22:35	44	71	54	38	207	4	100
11/04/2015 22:40	39	56	41	37	173	4	100
11/04/2015 22:45	45	51	56	37	189	4	100
11/04/2015 22:50	42	49	42	35	168	4	100
11/04/2015 22:55	25	43	46	28	142	4	100
11/04/2015 23:00	34	43	35	23	135	4	100
11/04/2015 23:05	20	34	37	27	118	4	100
11/04/2015 23:10	23	38	42	26	129	4	100
11/04/2015 23:15	24	34	27	17	102	4	100
11/04/2015 23:20	21	32	34	23	110	4	100
11/04/2015 23:25	26	35	30	18	109	4	100
11/04/2015 23:30	18	28	27	22	95	4	100
11/04/2015 23:35	19	34	27	19	99	4	100
11/04/2015 23:40	15	29	38	14	96	4	100
11/04/2015 23:45	23	36	30	17	106	4	100
11/04/2015 23:50	16	26	33	19	94	4	100
11/04/2015 23:55	17	27	21	12	77	4	100
11/05/2015 00:00	15	24	26	14	79	4	100
11/05/2015 00:05	14	21	28	13	76	4	100
11/05/2015 00:10	8	23	27	10	68	4	100
11/05/2015 00:15	4	19	27	13	63	4	100
11/05/2015 00:20	11	15	25	14	65	4	100
11/05/2015 00:25	14	16	22	10	62	4	100
11/05/2015 00:30	8	21	20	13	62	4	100
11/05/2015 00:35	9	17	22	18	66	4	100
11/05/2015 00:40	7	17	22	11	57	4	100
11/05/2015 00:45	10	19	20	15	64	4	100
11/05/2015 00:50	8	12	17	7	44	4	100
11/05/2015 00:55	7	14	18	13	52	4	100
11/05/2015 01:00	7	13	25	10	55	4	100
11/05/2015 01:05	7	19	18	13	57	4	100
11/05/2015 01:10	7	12	12	9	40	4	100
11/05/2015 01:15	5	20	13	7	45	4	100
11/05/2015 01:20	7	11	13	8	39	4	100
11/05/2015 01:25	8	14	13	9	44	4	100
11/05/2015 01:30	6	14	16	6	42	4	100
11/05/2015 01:35	5	13	13	7	38	4	100
11/05/2015 01:40	6	19	8	7	40	4	100
11/05/2015 01:45	8	14	11	7	40	4	100
11/05/2015 01:50	7	6	12	4	29	4	100
11/05/2015 01:55	9	14	15	10	48	4	100
11/05/2015 02:00	3	9	12	8	32	4	100
11/05/2015 02:05	9	7	20	7	43	4	100
11/05/2015 02:10	7	9	13	9	38	4	100
11/05/2015 02:15	5	13	15	8	41	4	100
11/05/2015 02:20	7	15	15	7	44	4	100
11/05/2015 02:25	4	12	15	7	38	4	100
11/05/2015 02:30	5	14	11	13	43	4	100
11/05/2015 02:35	7	16	14	8	45	4	100
11/05/2015 02:40	3	12	19	8	42	4	100
11/05/2015 02:45	10	14	13	12	49	4	100
11/05/2015 02:50	8	16	13	9	46	4	100
11/05/2015 02:55	7	9	14	8	38	4	100
11/05/2015 03:00	9	17	21	10	57	4	100
11/05/2015 03:05	8	11	21	13	53	4	100
11/05/2015 03:10	12	22	16	9	59	4	100
11/05/2015 03:15	15	21	14	10	60	4	100
11/05/2015 03:20	11	15	23	8	57	4	100
11/05/2015 03:25	14	24	14	14	66	4	100
11/05/2015 03:30	16	27	26	15	84	4	100
11/05/2015 03:35	26	24	24	7	81	4	100
11/05/2015 03:40	21	26	29	14	90	4	100
11/05/2015 03:45	27	29	30	13	99	4	100
11/05/2015 03:50	25	30	19	12	86	4	100
11/05/2015 03:55	16	31	21	15	83	4	100
11/05/2015 04:00	17	30	24	13	84	4	100
11/05/2015 04:05	38	36	31	13	118	4	100
11/05/2015 04:10	49	48	30	15	142	4	100
11/05/2015 04:15	38	42	31	19	130	4	100
11/05/2015 04:20	64	54	35	20	173	4	100
11/05/2015 04:25	55	60	49	23	187	4	100
11/05/2015 04:30	73	72	48	28	221	4	100
11/05/2015 04:35	74	66	55	26	221	4	100
11/05/2015 04:40	92	78	54	35	259	4	100
11/05/2015 04:45	80	75	63	48	266	4	100
11/05/2015 04:50	98	87	55	33	273	4	100
11/05/2015 04:55	96	84	71	45	296	4	100
11/05/2015 05:00	111	98	66	41	316	4	100
11/05/2015 05:05	139	115	84	43	381	4	100
11/05/2015 05:10	165	132	96	58	451	4	100
11/05/2015 05:15	177	154	108	62	501	4	100
11/05/2015 05:20	194	164	119	87	564	4	100
11/05/2015 05:25	200	185	138	88	611	4	100
11/05/2015 05:30	185	176	126	109	596	4	100
11/05/2015 05:35	144	143	135	119	541	4	100
11/05/2015 05:40	153	145	137	125	560	4	100
11/05/2015 05:45	135	133	115	114	497	4	100
11/05/2015 05:50	117	116	103	103	439	4	100
11/05/2015 05:55	121	134	116	112	483	4	100
11/05/2015 06:00	118	114	101	102	435	4	100
11/05/2015 06:05	89	96	83	88	356	4	100
11/05/2015 06:10	89	92	90	83	354	4	100
11/05/2015 06:15	90	88	74	67	319	4	100
11/05/2015 06:20	84	88	70	64	306	4	100
11/05/2015 06:25	76	80	62	55	273	4	100
11/05/2015 06:30	64	61	46	43	214	4	100
11/05/2015 06:35	77	83	62	65	287	4	100
11/05/2015 06:40	64	58	45	36	203	4	100
11/05/2015 06:45	59	66	56	47	228	4	100
11/05/2015 06:50	50	62	44	49	205	4	100
11/05/2015 06:55	56	59	50	54	219	4	100
11/05/2015 07:00	64	59	49	56	228	4	100
11/05/2015 07:05	48	47	38	38	171	4	100
11/05/2015 07:10	48	49	36	40	173	4	100
11/05/2015 07:15	43	40	28	30	141	4	100
11/05/2015 07:20	53	49	41	43	186	4	100
11/05/2015 07:25	36	52	33	50	171	4	100
11/05/2015 07:30	49	54	35	46	184	4	100
11/05/2015 07:35	41	45	43	47	176	4	100
11/05/2015 07:40	36	45	43	43	167	4	100
11/05/2015 07:45	61	62	53	55	231	4	100
11/05/2015 07:50	57	56	57	51	221	4	100
11/05/2015 07:55	51	54	29	29	163	4	100
11/05/2015 08:00	54	55	42	40	191	4	100
11/05/2015 08:05	48	61	40	32	181	4	100
11/05/2015 08:10	46	55	41	38	180	4	100
11/05/2015 08:15	52	50	45	48	195	4	100
11/05/2015 08:20	46	52	44	45	187	4	100
11/05/2015 08:25	48	50	44	33	175	4	100
11/05/2015 08:30	48	58	36	46	188	4	100
11/05/2015 08:35	40	50	41	42	173	4	100
11/05/2015 08:40	38	42	37	34	151	4	100
11/05/2015 08:45	62	57	58	43	220	4	100
11/05/2015 08:50	43	50	46	48	187	4	100
11/05/2015 08:55	44	56	35	43	178	4	100
11/05/2015 09:00	42	49	41	39	171	4	100
11/05/2015 09:05	41	49	39	49	178	4	100
11/05/2015 09:10	41	48	46	42	177	4	100
11/05/2015 09:15	46	56	45	47	194	4	100
11/05/2015 09:20	47	53	47	49	196	4	100
11/05/2015 09:25	51	57	39	53	200	4	100
11/05/2015 09:30	54	61	44	59	218	4	100
11/05/2015 09:35	52	56	50	53	211	4	100
11/05/2015 09:40	58	63	49	41	211	4	100
11/05/2015 09:45	53	67	37	44	201	4	100
11/05/2015 09:50	59	60	38	56	213	4	100
11/05/2015 09:55	69	66	54	55	244	4	100
11/05/2015 10:00	64	63	46	44	217	4	100
11/05/2015 10:05	67	69	53	41	230	4	100
11/05/2015 10:10	78	77	56	54	265	4	100
11/05/2015 10:15	81	82	60	58	281	4	100
11/05/2015 10:20	93	87	65	72	317	4	100
11/05/2015 10:25	82	79	47	45	253	4	100
11/05/2015 10:30	106	106	69	60	341	4	100
11/05/2015 10:35	104	105	70	65	344	4	100
11/05/2015 10:40	114	102	75	69	360	4	100
11/05/2015 10:45	106	96	66	57	325	4	100
11/05/2015 10:50	116	106	72	55	349	4	100
11/05/2015 10:55	99	117	77	58	351	4	100
11/05/2015 11:00	114	111	95	70	390	4	100
11/05/2015 11:05	104	116	95	78	393	4	100
11/05/2015 11:10	111	105	97	62	375	4	100
11/05/2015 11:15	96	110	100	74	380	4	100
11/05/2015 11:20	110	112	103	75	400	4	100
11/05/2015 11:25	125	126	110	79	440	4	100
11/05/2015 11:30	123	121	107	69	420	4	100
11/05/2015 11:35	131	118	123	69	441	4	100
11/05/2015 11:40	114	120	106	79	419	4	100
11/05/2015 11:45	117	131	120	93	461	4	100
11/05/2015 11:50	108	133	109	70	420	4	100
11/05/2015 11:55	95	107	94	65	361	4	100
11/05/2015 12:00	109	111	100	87	407	4	100
11/05/2015 12:05	112	104	108	69	393	4	100
11/05/2015 12:10	120	123	109	67	419	4	100
11/05/2015 12:15	138	144	107	71	460	4	100
11/05/2015 12:20	138	127	104	87	456	4	100
11/05/2015 12:25	115	128	116	76	435	4	100
11/05/2015 12:30	124	116	104	70	414	4	100
11/05/2015 12:35	120	124	124	63	431	4	100
11/05/2015 12:40	124	129	104	73	430	4	100
11/05/2015 12:45	122	125	115	87	449	4	100
11/05/2015 12:50	110	116	108	68	402	4	100
11/05/2015 12:55	125	126	113	82	446	4	100
11/05/2015 13:00	124	118	111	68	421	4	100
11/05/2015 13:05	108	108	110	73	399	4	100
11/05/2015 13:10	117	122	113	66	418	4	100
11/05/2015 13:15	109	124	108	76	417	4	100
11/05/2015 13:20	120	124	105	74	423	4	100
11/05/2015 13:25	123	119	97	72	411	4	100
11/05/2015 13:30	117	122	102	65	406	4	100
11/05/2015 13:35	123	111	109	87	430	4	100
11/05/2015 13:40	114	127	103	68	412	4	100
11/05/2015 13:45	111	115	122	82	430	4	100
11/05/2015 13:50	121	113	117	71	422	4	100
11/05/2015 13:55	109	112	111	78	410	4	100
11/05/2015 14:00	121	128	110	76	435	4	100
11/05/2015 14:05	120	121	104	49	394	4	100
11/05/2015 14:10	120	135	112	70	437	4	100
11/05/2015 14:15	114	125	116	78	433	4	100
11/05/2015 14:20	134	121	115	85	455	4	100
11/05/2015 14:25	107	128	103	65	403	4	100
11/05/2015 14:30	115	108	84	73	380	4	100
11/05/2015 14:35	108	114	104	61	387	4	100
11/05/2015 14:40	118	106	103	53	380	4	100
11/05/2015 14:45	91	111	105	62	369	4	100
11/05/2015 14:50	103	106	98	72	379	4	100
11/05/2015 14:55	106	110	91	62	369	4	100
11/05/2015 15:00	105	106	97	64	372	4	100
11/05/2015 15:05	108	106	97	58	369	4	100
11/05/2015 15:10	116	102	95	49	362	4	100
11/05/2015 15:15	115	106	95	60	376	4	100
11/05/2015 15:20	133	107	113	76	429	4	100
11/05/2015 15:25	113	115	88	65	381	4	100
11/05/2015 15:30	101	113	86	71	371	4	100
11/05/2015 15:35	110	106	98	66	380	4	100
11/05/2015 15:40	132	115	102	61	410	4	100
11/05/2015 15:45	128	113	112	60	413	4	100
11/05/2015 15:50	129	109	109	60	407	4	100
11/05/2015 15:55	109	106	97	58	370	4	100
11/05/2015 16:00	113	105	118	66	402	4	100
11/05/2015 16:05	120	108	97	66	391	4	100
11/05/2015 16:10	117	129	107	78	431	4	100
11/05/2015 16:15	129	116	105	78	428	4	100
11/05/2015 16:20	120	114	109	64	407	4	100
11/05/2015 16:25	144	126	106	71	447	4	100
11/05/2015 16:30	146	129	103	62	440	4	100
11/05/2015 16:35	116	122	112	68	418	4	100
11/05/2015 16:40	122	126	111	67	426	4	100
11/05/2015 16:45	118	129	120	65	432	4	100
11/05/2015 16:50	137	118	106	65	426	4	100
11/05/2015 16:55	121	118	110	58	407	4	100
11/05/2015 17:00	132	123	98	64	417	4	100
11/05/2015 17:05	128	115	120	60	423	4	100
11/05/2015 17:10	132	127	122	60	441	4	100
11/05/2015 17:15	129	113	120	68	430	4	100
11/05/2015 17:20	138	123	108	81	450	4	100
11/05/2015 17:25	131	126	109	79	445	4	100
11/05/2015 17:30	139	127	121	85	472	4	100
11/05/2015 17:35	123	114	122	80	439	4	100
11/05/2015 17:40	126	113	108	64	411	4	100
11/05/2015 17:45	135	108	105	69	417	4	100
11/05/2015 17:50	112	118	107	64	401	4	100
11/05/2015 17:55	131	113	103	74	421	4	100
11/05/2015 18:00	98	94	86	67	345	4	100
11/05/2015 18:05	114	100	87	74	375	4	100
11/05/2015 18:10	69	75	73	70	287	4	100
11/05/2015 18:15	138	127	110	81	456	4	100
11/05/2015 18:20	163	132	119	82	496	4	100
11/05/2015 18:25	137	117	93	69	416	4	100
11/05/2015 18:30	123	122	118	74	437	4	100
11/05/2015 18:35	129	106	104	71	410	4	100
11/05/2015 18:40	97	117	115	67	396	4	100
11/05/2015 18:45	113	112	104	73	402	4	100
11/05/2015 18:50	105	113	92	56	366	4	100
11/05/2015 18:55	90	112	96	62	360	4	100
11/05/2015 19:00	97	109	90	64	360	4	100
11/05/2015 19:05	95	96	99	70	360	4	100
11/05/2015 19:10	98	90	82	68	338	4	100
11/05/2015 19:15	87	98	85	58	328	4	100
11/05/2015 19:20	77	85	94	58	314	4	100
11/05/2015 19:25	94	95	80	60	329	4	100
11/05/2015 19:30	79	89	83	55	306	4	100
11/05/2015 19:35	73	83	74	46	276	4	100
11/05/2015 19:40	75	86	68	54	283	4	100
11/05/2015 19:45	76	81	77	50	284	4	100
11/05/2015 19:50	87	91	75	47	300	4	100
11/05/2015 19:55	66	74	68	44	252	4	100
11/05/2015 20:00	61	71	66	42	240	4	100
11/05/2015 20:05	76	74	83	48	281	4	100
11/05/2015 20:10	66	73	79	62	280	4	100
11/05/2015 20:15	65	69	76	44	254	4	100
11/05/2015 20:20	73	69	69	41	252	4	100
11/05/2015 20:25	54	55	70	32	211	4	100
11/05/2015 20:30	70	65	71	51	257	4	100
11/05/2015 20:35	61	69	68	46	244	4	100
11/05/2015 20:40	63	75	65	35	238	4	100
11/05/2015 20:45	76	83	77	47	283	4	100
11/05/2015 20:50	59	58	69	48	234	4	100
11/05/2015 20:55	58	70	82	46	256	4	100
11/05/2015 21:00	66	72	66	52	256	4	100
11/05/2015 21:05	52	77	68	45	242	4	100
11/05/2015 21:10	59	63	70	52	244	4	100
11/05/2015 21:15	64	68	77	44	253	4	100
11/05/2015 21:20	65	59	65	38	227	4	100
11/05/2015 21:25	62	77	65	43	247	4	100
11/05/2015 21:30	72	66	72	41	251	4	100
11/05/2015 21:35	66	82	58	52	258	4	100
11/05/2015 21:40	68	71	73	51	263	4	100
11/05/2015 21:45	70	70	70	40	250	4	100
11/05/2015 21:50	58	65	62	28	213	4	100
11/05/2015 21:55	52	67	60	29	208	4	100
11/05/2015 22:00	59	68	66	29	222	4	100
11/05/2015 22:05	68	59	71	42	240	4	100
11/05/2015 22:10	56	60	68	42	226	4	100
11/05/2015 22:15	71	57	69	39	236	4	100
11/05/2015 22:20	60	71	64	38	233	4	100
11/05/2015 22:25	41	53	58	34	186	4	100
11/05/2015 22:30	37	48	59	26	170	4	100
11/05/2015 22:35	52	51	51	44	198	4	100
11/05/2015 22:40	33	49	54	31	167	4	100
11/05/2015 22:45	34	47	45	36	162	4	100
11/05/2015 22:50	38	41	49	25	153	4	100
11/05/2015 22:55	26	46	50	34	156	4	100
11/05/2015 23:00	28	46	52	25	151	4	100
11/05/2015 23:05	34	47	49	24	154	4	100
11/05/2015 23:10	29	38	46	22	135	4	100
11/05/2015 23:15	31	39	43	21	134	4	100
11/05/2015 23:20	24	33	36	17	110	4	100
11/05/2015 23:25	24	32	34	23	113	4	100
11/05/2015 23:30	33	30	38	20	121	4	100
11/05/2015 23:35	20	33	25	18	96	4	100
11/05/2015 23:40	22	31	30	18	101	4	100
11/05/2015 23:45	21	32	30	12	95	4	100
11/05/2015 23:50	22	24	33	10	89	4	100
11/05/2015 23:55	17	21	21	17	76	4	100
11/06/2015 00:00	18	27	28	18	91	4	100
11/06/2015 00:05	11	30	27	14	82	4	100
11/06/2015 00:10	20	27	33	20	100	4	100
11/06/2015 00:15	16	23	28	16	83	4	100
11/06/2015 00:20	17	19	24	9	69	4	100
11/06/2015 00:25	7	19	20	7	53	4	100
11/06/2015 00:30	14	17	21	13	65	4	100
11/06/2015 00:35	13	20	26	17	76	4	100
11/06/2015 00:40	10	11	18	13	52	4	100
11/06/2015 00:45	14	21	17	10	62	4	100
11/06/2015 00:50	8	17	17	12	54	4	100
11/06/2015 00:55	12	18	14	11	55	4	100
11/06/2015 01:00	7	12	18	12	49	4	100
11/06/2015 01:05	10	22	16	9	57	4	100
11/06/2015 01:10	7	14	20	9	50	4	100
11/06/2015 01:15	8	17	12	5	42	4	100
11/06/2015 01:20	10	23	20	9	62	4	100
11/06/2015 01:25	9	8	9	8	34	4	100
11/06/2015 01:30	12	20	23	9	64	4	100
11/06/2015 01:35	4	14	18	7	43	4	100
11/06/2015 01:40	9	18	21	8	56	4	100
11/06/2015 01:45	5	9	13	10	37	4	100
11/06/2015 01:50	6	14	19	12	51	4	100
11/06/2015 01:55	9	15	24	6	54	4	100
11/06/2015 02:00	5	16	23	12	56	4	100
11/06/2015 02:05	4	10	19	7	40	4	100
11/06/2015 02:10	6	9	19	9	43	4	100
11/06/2015 02:15	12	20	22	12	66	4	100
11/06/2015 02:20	8	13	13	12	46	4	100
11/06/2015 02:25	10	22	20	11	63	4	100
11/06/2015 02:30	8	13	12	10	43	4	100
11/06/2015 02:35	9	16	18	9	52	4	100
11/06/2015 02:40	7	15	23	10	55	4	100
11/06/2015 02:45	12	13	16	9	50	4	100
11/06/2015 02:50	10	13	21	10	54	4	100
11/06/2015 02:55	7	13	16	4	40	4	100
11/06/2015 03:00	10	19	17	7	53	4	100
11/06/2015 03:05	12	23	17	7	59	4	100
11/06/2015 03:10	12	24	16	11	63	4	100
11/06/2015 03:15	16	21	16	11	64	4	100
11/06/2015 03:20	14	23	27	15	79	4	100
11/06/2015 03:25	18	15	22	15	70	4	100
11/06/2015 03:30	18	26	18	13	75	4	100
11/06/2015 03:35	12	28	28	13	81	4	100
11/06/2015 03:40	21	28	26	15	90	4	100
11/06/2015 03:45	18	27	28	13	86	4	100
11/06/2015 03:50	20	32	26	22	100	4	100
11/06/2015 03:55	26	43	28	21	118	4	100
11/06/2015 04:00	37	28	31	13	109	4	100
11/06/2015 04:05	26	32	33	10	101	4	100
11/06/2015 04:10	36	36	27	16	115	4	100
11/06/2015 04:15	46	46	45	20	157	4	100
11/06/2015 04:20	61	39	32	18	150	4	100
11/06/2015 04:25	61	57	40	21	179	4	100
11/06/2015 04:30	70	65	52	36	223	4	100
11/06/2015 04:35	72	86	60	26	244	4	100
11/06/2015 04:40	82	75	60	43	260	4	100
11/06/2015 04:45	81	67	59	29	236	4	100
11/06/2015 04:50	75	76	59	29	239	4	100
11/06/2015 04:55	99	87	59	43	288	4	100
11/06/2015 05:00	99	99	75	35	308	4	100
11/06/2015 05:05	111	92	73	40	316	4	100
11/06/2015 05:10	158	125	93	69	445	4	100
11/06/2015 05:15	177	160	93	56	486	4	100
11/06/2015 05:20	184	157	108	74	523	4	100
11/06/2015 05:25	196	161	126	87	570	4	100
11/06/2015 05:30	174	177	139	106	596	4	100
11/06/2015 05:35	174	174	133	95	576	4	100
11/06/2015 05:40	164	156	127	119	566	4	100
11/06/2015 05:45	158	148	111	121	538	4	100
11/06/2015 05:50	120	126	112	119	477	4	100
11/06/2015 05:55	120	132	124	82	458	4	100
11/06/2015 06:00	125	119	102	108	454	4	100
11/06/2015 06:05	112	114	90	88	404	4	100
11/06/2015 06:10	103	107	89	93	392	4	100
11/06/2015 06:15	91	106	98	85	380	4	100
11/06/2015 06:20	102	101	82	89	374	4	100
11/06/2015 06:25	86	92	70	71	319	4	100
11/06/2015 06:30	72	69	66	59	266	4	100
11/06/2015 06:35	68	71	62	81	282	4	100
11/06/2015 06:40	77	81	55	73	286	4	100
11/06/2015 06:45	77	79	46	63	265	4	100
11/06/2015 06:50	65	68	58	53	244	4	100
11/06/2015 06:55	64	67	47	47	225	4	100
11/06/2015 07:00	56	64	41	41	202	4	100
11/06/2015 07:05	68	69	55	57	249	4	100
11/06/2015 07:10	62	66	54	50	232	4	100
11/06/2015 07:15	56	50	42	34	182	4	100
11/06/2015 07:20	61	60	49	51	221	4	100
11/06/2015 07:25	72	78	58	62	270	4	100
11/06/2015 07:30	67	83	47	53	250	4	100
11/06/2015 07:35	67	71	53	48	239	4	100
11/06/2015 07:40	77	78	68	60	283	4	100
11/06/2015 07:45	61	59	56	37	213	4	100
11/06/2015 07:50	56	68	60	58	242	4	100
11/06/2015 07:55	62	76	64	64	266	4	100
11/06/2015 08:00	43	51	52	41	187	4	100
11/06/2015 08:05	56	79	73	60	268	4	100
11/06/2015 08:10	52	64	47	57	220	4	100
11/06/2015 08:15	52	68	47	60	227	4	100
11/06/2015 08:20	68	75	66	50	259	4	100
11/06/2015 08:25	56	67	51	57	231	4	100
11/06/2015 08:30	49	62	56	50	217	4	100
11/06/2015 08:35	58	71	74	70	273	4	100
11/06/2015 08:40	39	59	46	42	186	4	100
11/06/2015 08:45	39	45	49	36	169	4	100
11/06/2015 08:50	67	74	63	66	270	4	100
11/06/2015 08:55	60	74	64	70	268	4	100
11/06/2015 09:00	53	64	61	49	227	4	100
11/06/2015 09:05	74	78	69	40	261	4	100
11/06/2015 09:10	67	77	71	54	269	4	100
11/06/2015 09:15	84	98	76	43	301	4	100
11/06/2015 09:20	80	93	99	54	326	4	100
11/06/2015 09:25	77	80	80	46	283	4	100
11/06/2015 09:30	91	96	93	60	340	4	100
11/06/2015 09:35	83	90	88	52	313	4	100
11/06/2015 09:40	89	97	96	59	341	4	100
11/06/2015 09:45	76	90	88	70	324	4	100
11/06/2015 09:50	101	120	103	77	401	4	100
11/06/2015 09:55	103	91	84	80	358	4	100
11/06/2015 10:00	97	105	95	70	367	4	100
11/06/2015 10:05	92	111	95	66	364	4	100
11/06/2015 10:10	105	102	99	56	362	4	100
11/06/2015 10:15	95	104	99	75	373	4	100
11/06/2015 10:20	136	127	110	77	450	4	100
11/06/2015 10:25	123	129	118	72	442	4	100
11/06/2015 10:30	118	119	110	62	409	4	100
11/06/2015 10:35	114	108	94	73	389	4	100
11/06/2015 10:40	110	119	118	64	411	4	100
11/06/2015 10:45	110	117	115	78	420	4	100
11/06/2015 10:50	133	103	94	74	404	4	100
11/06/2015 10:55	118	112	92	78	400	4	100
11/06/2015 11:00	129	123	106	72	430	4	100
11/06/2015 11:05	134	137	119	88	478	4	100
11/06/2015 11:10	140	124	115	75	454	4	100
11/06/2015 11:15	143	143	117	99	502	4	100
11/06/2015 11:20	144	143	112	73	472	4	100
11/06/2015 11:25	151	129	117	79	476	4	100
11/06/2015 11:30	134	135	114	84	467	4	100
11/06/2015 11:35	141	134	119	93	487	4	100
11/06/2015 11:40	126	124	106	81	437	4	100
11/06/2015 11:45	129	136	128	88	481	4	100
11/06/2015 11:50	129	122	107	77	435	4	100
11/06/2015 11:55	121	123	115	74	433	4	100
11/06/2015 12:00	119	122	111	81	433	4	100
11/06/2015 12:05	121	122	105	72	420	4	100
11/06/2015 12:10	129	127	101	87	444	4	100
11/06/2015 12:15	138	126	113	84	461	4	100
11/06/2015 12:20	125	133	119	90	467	4	100
11/06/2015 12:25	134	135	108	80	457	4	100
11/06/2015 12:30	135	149	111	71	466	4	100
11/06/2015 12:35	125	135	130	76	466	4	100
11/06/2015 12:40	108	121	104	78	411	4	100
11/06/2015 12:45	122	123	123	75	443	4	100
11/06/2015 12:50	123	127	119	72	441	4	100
11/06/2015 12:55	135	141	115	77	468	4	100
11/06/2015 13:00	111	133	95	65	404	4	100
11/06/2015 13:05	102	107	98	60	367	4	100
11/06/2015 13:10	143	121	119	79	462	4	100
11/06/2015 13:15	133	131	121	77	462	4	100
11/06/2015 13:20	119	124	110	67	420	4	100
11/06/2015 13:25	112	125	97	67	401	4	100
11/06/2015 13:30	140	109	115	75	439	4	100
11/06/2015 13:35	123	130	116	74	443	4	100
11/06/2015 13:40	122	122	129	77	450	4	100
11/06/2015 13:45	110	104	101	72	387	4	100
11/06/2015 13:50	128	100	110	64	402	4	100
11/06/2015 13:55	102	106	103	70	381	4	100
11/06/2015 14:00	109	119	111	66	405	4	100
11/06/2015 14:05	141	106	123	72	442	4	100
11/06/2015 14:10	130	139	116	76	461	4	100
11/06/2015 14:15	130	133	112	57	432	4	100
11/06/2015 14:20	133	127	108	73	441	4	100
11/06/2015 14:25	120	127	117	70	434	4	100
11/06/2015 14:30	129	121	116	68	434	4	100
11/06/2015 14:35	132	126	101	76	435	4	100
11/06/2015 14:40	134	121	111	69	435	4	100
11/06/2015 14:45	123	128	122	74	447	4	100
11/06/2015 14:50	113	105	115	71	404	4	100
11/06/2015 14:55	105	107	102	59	373	4	100
11/06/2015 15:00	99	126	91	52	368	4	100
11/06/2015 15:05	123	125	103	67	418	4	100
11/06/2015 15:10	109	116	105	70	400	4	100
11/06/2015 15:15	103	97	90	70	360	4	100
11/06/2015 15:20	108	117	100	65	390	4	100
11/06/2015 15:25	132	107	95	70	404	4	100
11/06/2015 15:30	121	115	109	78	423	4	100
11/06/2015 15:35	135	117	119	81	452	4	100
11/06/2015 15:40	125	113	106	66	410	4	100
11/06/2015 15:45	129	118	116	68	431	4	100
11/06/2015 15:50	126	113	110	57	406	4	100
11/06/2015 15:55	115	101	94	57	367	4	100
11/06/2015 16:00	138	112	97	62	409	4	100
11/06/2015 16:05	118	104	94	60	376	4	100
11/06/2015 16:10	107	120	102	57	386	4	100
11/06/2015 16:15	113	116	103	66	398	4	100
11/06/2015 16:20	133	123	115	57	428	4	100
11/06/2015 16:25	105	102	91	49	347	4	100
11/06/2015 16:30	130	113	88	50	381	4	100
11/06/2015 16:35	118	112	100	61	391	4	100
11/06/2015 16:40	136	134	126	70	466	4	100
11/06/2015 16:45	132	120	110	62	424	4	100
11/06/2015 16:50	122	114	103	64	403	4	100
11/06/2015 16:55	115	106	91	62	374	4	100
11/06/2015 17:00	138	128	105	71	442	4	100
11/06/2015 17:05	142	123	107	78	450	4	100
11/06/2015 17:10	131	129	107	71	438	4	100
11/06/2015 17:15	126	126	116	66	434	4	100
11/06/2015 17:20	141	116	127	74	458	4	100
11/06/2015 17:25	146	139	119	80	484	4	100
11/06/2015 17:30	128	114	116	63	421	4	100
11/06/2015 17:35	127	115	91	69	402	4	100
11/06/2015 17:40	136	124	109	74	443	4	100
11/06/2015 17:45	103	93	92	62	350	4	100
11/06/2015 17:50	55	54	50	30	189	4	100
11/06/2015 17:55	74	62	58	33	227	4	100
11/06/2015 18:00	70	73	55	44	242	4	100
11/06/2015 18:05	69	59	45	46	219	4	100
11/06/2015 18:10	58	57	46	35	196	4	100
11/06/2015 18:15	60	55	40	34	189	4	100
11/06/2015 18:20	54	43	39	37	173	4	100
11/06/2015 18:25	88	75	60	51	274	4	100
11/06/2015 18:30	81	59	46	39	225	4	100
11/06/2015 18:35	104	97	67	62	330	4	100
11/06/2015 18:40	109	99	82	74	364	4	100
11/06/2015 18:45	98	98	69	44	309	4	100
11/06/2015 18:50	76	87	91	44	298	4	100
11/06/2015 18:55	80	78	84	61	303	4	100
11/06/2015 19:00	94	96	87	51	328	4	100
11/06/2015 19:05	91	91	81	44	307	4	100
11/06/2015 19:10	91	86	81	50	308	4	100
11/06/2015 19:15	106	83	93	68	350	4	100
11/06/2015 19:20	93	102	95	58	348	4	100
11/06/2015 19:25	84	94	99	57	334	4	100
11/06/2015 19:30	71	92	75	55	293	4	100
11/06/2015 19:35	80	85	80	63	308	4	100
11/06/2015 19:40	85	89	83	56	313	4	100
11/06/2015 19:45	79	85	91	61	316	4	100
11/06/2015 19:50	78	78	83	52	291	4	100
11/06/2015 19:55	76	78	71	58	283	4	100
11/06/2015 20:00	71	78	85	52	286	4	100
11/06/2015 20:05	76	80	85	54	295	4	100
11/06/2015 20:10	69	83	93	53	298	4	100
11/06/2015 20:15	78	89	82	48	297	4	100
11/06/2015 20:20	74	72	76	53	275	4	100
11/06/2015 20:25	66	80	78	54	278	4	100
11/06/2015 20:30	76	77	70	48	271	4	100
11/06/2015 20:35	73	73	76	55	277	4	100
11/06/2015 20:40	70	69	72	48	259	4	100
11/06/2015 20:45	70	75	88	52	285	4	100
11/06/2015 20:50	59	89	79	38	265	4	100
11/06/2015 20:55	71	84	75	43	273	4	100
11/06/2015 21:00	71	85	75	53	284	4	100
11/06/2015 21:05	72	80	77	41	270	4	100
11/06/2015 21:10	74	87	75	60	296	4	100
11/06/2015 21:15	84	77	80	51	292	4	100
11/06/2015 21:20	58	62	71	45	236	4	100
11/06/2015 21:25	76	70	69	34	249	4	100
11/06/2015 21:30	78	74	72	48	272	4	100
11/06/2015 21:35	71	74	65	46	256	4	100
11/06/2015 21:40	71	82	75	56	284	4	100
11/06/2015 21:45	74	66	78	42	260	4	100
11/06/2015 21:50	60	67	76	48	251	4	100
11/06/2015 21:55	54	79	66	48	247	4	100
11/06/2015 22:00	62	80	73	48	263	4	100
11/06/2015 22:05	73	70	74	50	267	4	100
11/06/2015 22:10	56	84	73	47	260	4	100
11/06/2015 22:15	62	68	83	47	260	4	100
11/06/2015 22:20	45	58	59	45	207	4	100
11/06/2015 22:25	57	67	71	33	228	4	100
11/06/2015 22:30	55	71	62	39	227	4	100
11/06/2015 22:35	69	69	80	47	265	4	100
11/06/2015 22:40	58	78	58	46	240	4	100
11/06/2015 22:45	49	72	76	44	241	4	100
11/06/2015 22:50	47	58	49	42	196	4	100
11/06/2015 22:55	47	53	55	37	192	4	100
11/06/2015 23:00	45	44	54	37	180	4	100
11/06/2015 23:05	52	53	52	31	188	4	100
11/06/2015 23:10	44	55	61	32	192	4	100
11/06/2015 23:15	41	41	51	31	164	4	100
11/06/2015 23:20	44	50	46	32	172	4	100
11/06/2015 23:25	37	52	56	19	164	4	100
11/06/2015 23:30	36	51	51	29	167	4	100
11/06/2015 23:35	36	50	43	31	160	4	100
11/06/2015 23:40	37	48	37	21	143	4	100
11/06/2015 23:45	30	32	39	25	126	4	100
11/06/2015 23:50	26	49	36	20	131	4	100
11/06/2015 23:55	28	35	32	22	117	4	100
11/07/2015 00:00	29	35	30	19	113	4	100
11/07/2015 00:05	24	36	35	20	115	4	100
11/07/2015 00:10	27	34	38	20	119	4	100
11/07/2015 00:15	16	28	34	21	99	4	100
11/07/2015 00:20	18	23	33	19	93	4	100
11/07/2015 00:25	12	30	34	19	95	4	100
11/07/2015 00:30	25	31	31	14	101	4	100
11/07/2015 00:35	22	27	33	17	99	4	100
11/07/2015 00:40	16	29	22	16	83	4	100
11/07/2015 00:45	18	23	28	21	90	4	100
11/07/2015 00:50	10	23	20	22	75	4	100
11/07/2015 00:55	14	19	14	10	57	4	100
11/07/2015 01:00	21	32	31	18	102	4	100
11/07/2015 01:05	7	32	28	18	85	4	100
11/07/2015 01:10	13	19	27	11	70	4	100
11/07/2015 01:15	17	17	21	15	70	4	100
11/07/2015 01:20	12	24	35	25	96	4	100
11/07/2015 01:25	7	17	20	13	57	4	100
11/07/2015 01:30	12	20	26	8	66	4	100
11/07/2015 01:35	16	21	22	16	75	4	100
11/07/2015 01:40	13	23	23	8	67	4	100
11/07/2015 01:45	18	25	21	14	78	4	100
11/07/2015 01:50	9	15	20	11	55	4	100
11/07/2015 01:55	10	21	17	12	60	4	100
11/07/2015 02:00	8	12	18	8	46	4	100
11/07/2015 02:05	13	12	19	12	56	4	100
11/07/2015 02:10	11	16	18	16	61	4	100
11/07/2015 02:15	8	14	12	11	45	4	100
11/07/2015 02:20	12	27	21	10	70	4	100
11/07/2015 02:25	4	20	22	14	60	4	100
11/07/2015 02:30	8	15	28	12	63	4	100
11/07/2015 02:35	10	19	23	17	69	4	100
11/07/2015 02:40	10	20	22	11	63	4	100
11/07/2015 02:45	10	19	22	13	64	4	100
11/07/2015 02:50	7	16	11	13	47	4	100
11/07/2015 02:55	10	21	21	14	66	4	100
11/07/2015 03:00	13	20	14	10	57	4	100
11/07/2015 03:05	6	12	22	8	48	4	100
11/07/2015 03:10	14	21	19	10	64	4	100
11/07/2015 03:15	14	20	19	7	60	4	100
11/07/2015 03:20	15	18	18	8	59	4	100
11/07/2015 03:25	8	21	13	9	51	4	100
11/07/2015 03:30	17	16	22	11	66	4	100
11/07/2015 03:35	12	22	17	9	60	4	100
11/07/2015 03:40	15	17	19	11	62	4	100
11/07/2015 03:45	13	22	21	14	70	4	100
11/07/2015 03:50	12	23	14	11	60	4	100
11/07/2015 03:55	15	25	19	19	78	4	100
11/07/2015 04:00	13	21	17	11	62	4	100
11/07/2015 04:05	14	23	18	10	65	4	100
11/07/2015 04:10	14	20	19	7	60	4	100
11/07/2015 04:15	17	31	26	16	90	4	100
11/07/2015 04:20	20	27	29	11	87	4	100
11/07/2015 04:25	21	30	21	14	86	4	100
11/07/2015 04:30	20	33	26	19	98	4	100
11/07/2015 04:35	33	28	26	17	104	4	100
11/07/2015 04:40	23	37	36	20	116	4	100
11/07/2015 04:45	27	48	27	18	120	4	100
11/07/2015 04:50	24	36	26	14	100	4	100
11/07/2015 04:55	34	33	29	17	113	4	100
11/07/2015 05:00	35	44	35	24	138	4	100
11/07/2015 05:05	34	39	24	17	114	4	100
11/07/2015 05:10	43	48	36	14	141	4	100
11/07/2015 05:15	49	55	44	24	172	4	100
11/07/2015 05:20	56	54	46	25	181	4	100
11/07/2015 05:25	62	54	52	35	203	4	100
11/07/2015 05:30	72	64	49	28	213	4	100
11/07/2015 05:35	47	67	49	32	195	4	100
11/07/2015 05:40	72	71	60	41	244	4	100
11/07/2015 05:45	67	73	60	35	235	4	100
11/07/2015 05:50	56	78	57	36	227	4	100
11/07/2015 05:55	66	62	57	33	218	4	100
11/07/2015 06:00	75	70	62	40	247	4	100
11/07/2015 06:05	76	86	65	44	271	4	100
11/07/2015 06:10	71	84	78	41	274	4	100
11/07/2015 06:15	88	97	77	45	307	4	100
11/07/2015 06:20	100	100	88	40	328	4	100
11/07/2015 06:25	108	104	90	43	345	4	100
11/07/2015 06:30	121	119	92	61	393	4	100
11/07/2015 06:35	134	113	110	62	419	4	100
11/07/2015 06:40	118	120	105	70	413	4	100
11/07/2015 06:45	129	124	97	80	430	4	100
11/07/2015 06:50	110	130	99	53	392	4	100
11/07/2015 06:55	106	109	114	63	392	4	100
11/07/2015 07:00	131	110	111	65	417	4	100
11/07/2015 07:05	116	121	105	70	412	4	100
11/07/2015 07:10	146	120	117	64	447	4	100
11/07/2015 07:15	133	140	111	61	445	4	100
11/07/2015 07:20	145	144	126	73	488	4	100
11/07/2015 07:25	152	153	112	81	498	4	100
11/07/2015 07:30	124	139	108	81	452	4	100
11/07/2015 07:35	120	109	110	62	401	4	100
11/07/2015 07:40	159	141	123	88	511	4	100
11/07/2015 07:45	161	152	129	93	535	4	100
11/07/2015 07:50	147	137	126	91	501	4	100
11/07/2015 07:55	126	131	120	68	445	4	100
11/07/2015 08:00	128	119	116	63	426	4	100
11/07/2015 08:05	150	132	122	82	486	4	100
11/07/2015 08:10	136	135	108	80	459	4	100
11/07/2015 08:15	127	129	114	70	440	4	100
11/07/2015 08:20	156	142	106	86	490	4	100
11/07/2015 08:25	139	143	136	99	517	4	100
11/07/2015 08:30	142	128	128	95	493	4	100
11/07/2015 08:35	165	157	141	88	551	4	100
11/07/2015 08:40	158	145	129	93	525	4	100
11/07/2015 08:45	152	141	136	94	523	4	100
11/07/2015 08:50	137	142	139	79	497	4	100
11/07/2015 08:55	140	153	124	95	512	4	100
11/07/2015 09:00	131	120	117	74	442	4	100
11/07/2015 09:05	109	125	113	75	422	4	100
11/07/2015 09:10	118	128	129	69	444	4	100
11/07/2015 09:15	116	136	127	74	453	4	100
11/07/2015 09:20	121	136	122	69	448	4	100
11/07/2015 09:25	163	144	135	86	528	4	100
11/07/2015 09:30	154	147	131	89	521	4	100
11/07/2015 09:35	141	130	132	81	484	4	100
11/07/2015 09:40	155	154	138	100	547	4	100
11/07/2015 09:45	154	148	136	93	531	4	100
11/07/2015 09:50	150	147	126	95	518	4	100
11/07/2015 09:55	130	127	121	70	448	4	100
11/07/2015 10:00	129	133	118	82	462	4	100
11/07/2015 10:05	119	112	129	85	445	4	100
11/07/2015 10:10	135	129	101	87	452	4	100
11/07/2015 10:15	128	133	106	79	446	4	100
11/07/2015 10:20	133	137	131	93	494	4	100
11/07/2015 10:25	144	130	120	84	478	4	100
11/07/2015 10:30	122	134	115	89	460	4	100
11/07/2015 10:35	151	125	122	92	490	4	100
11/07/2015 10:40	110	115	109	80	414	4	100
11/07/2015 10:45	141	127	131	91	490	4	100
11/07/2015 10:50	127	128	123	79	457	4	100
11/07/2015 10:55	134	126	133	83	476	4	100
11/07/2015 11:00	116	115	106	78	415	4	100
11/07/2015 11:05	96	101	92	64	353	4	100
11/07/2015 11:10	159	130	142	94	525	4	100
11/07/2015 11:15	126	127	127	86	466	4	100
11/07/2015 11:20	130	136	118	92	476	4	100
11/07/2015 11:25	129	125	124	89	467	4	100
11/07/2015 11:30	143	124	131	89	487	4	100
11/07/2015 11:35	129	121	117	90	457	4	100
11/07/2015 11:40	127	137	123	77	464	4	100
11/07/2015 11:45	134	126	134	94	488	4	100
11/07/2015 11:50	127	123	112	83	445	4	100
11/07/2015 11:55	127	119	114	79	439	4	100
11/07/2015 12:00	147	130	117	88	482	4	100
11/07/2015 12:05	108	117	111	78	414	4	100
11/07/2015 12:10	115	121	104	72	412	4	100
11/07/2015 12:15	125	126	124	79	454	4	100
11/07/2015 12:20	122	144	120	80	466	4	100
11/07/2015 12:25	131	119	120	93	463	4	100
11/07/2015 12:30	126	115	127	81	449	4	100
11/07/2015 12:35	133	130	114	92	469	4	100
11/07/2015 12:40	135	126	114	79	454	4	100
11/07/2015 12:45	122	129	122	75	448	4	100
11/07/2015 12:50	132	130	119	87	468	4	100
11/07/2015 12:55	109	123	101	67	400	4	100
11/07/2015 13:00	130	125	102	83	440	4	100
11/07/2015 13:05	113	110	136	73	432	4	100
11/07/2015 13:10	132	107	113	74	426	4	100
11/07/2015 13:15	134	119	121	65	439	4	100
11/07/2015 13:20	131	113	113	69	426	4	100
11/07/2015 13:25	128	125	122	75	450	4	100
11/07/2015 13:30	120	115	107	72	414	4	100
11/07/2015 13:35	117	123	120	72	432	4	100
11/07/2015 13:40	121	118	118	73	430	4	100
11/07/2015 13:45	138	128	134	73	473	4	100
11/07/2015 13:50	124	106	100	74	404	4	100
11/07/2015 13:55	122	122	132	77	453	4	100
11/07/2015 14:00	122	106	96	62	386	4	100
11/07/2015 14:05	118	108	112	64	402	4	100
11/07/2015 14:10	138	138	126	82	484	4	100
11/07/2015 14:15	119	115	111	75	420	4	100
11/07/2015 14:20	125	129	116	80	450	4	100
11/07/2015 14:25	126	117	116	84	443	4	100
11/07/2015 14:30	130	125	109	69	433	4	100
11/07/2015 14:35	121	130	118	78	447	4	100
11/07/2015 14:40	111	102	105	56	374	4	100
11/07/2015 14:45	123	121	110	69	423	4	100
11/07/2015 14:50	112	122	111	74	419	4	100
11/07/2015 14:55	113	103	107	59	382	4	100
11/07/2015 15:00	121	114	113	80	428	4	100
11/07/2015 15:05	109	113	113	57	392	4	100
11/07/2015 15:10	137	128	119	79	463	4	100
11/07/2015 15:15	106	111	119	69	405	4	100
11/07/2015 15:20	131	120	105	73	429	4	100
11/07/2015 15:25	128	119	112	71	430	4	100
11/07/2015 15:30	127	112	109	81	429	4	100
11/07/2015 15:35	116	109	113	73	411	4	100
11/07/2015 15:40	118	116	128	68	430	4	100
11/07/2015 15:45	120	109	97	72	398	4	100
11/07/2015 15:50	113	97	110	76	396	4	100
11/07/2015 15:55	113	120	104	68	405	4	100
11/07/2015 16:00	109	108	105	54	376	4	100
11/07/2015 16:05	117	107	103	64	391	4	100
11/07/2015 16:10	108	118	112	74	412	4	100
11/07/2015 16:15	123	116	114	76	429	4	100
11/07/2015 16:20	110	117	108	74	409	4	100
11/07/2015 16:25	99	96	96	59	350	4	100
11/07/2015 16:30	126	112	124	76	438	4	100
11/07/2015 16:35	114	107	106	66	393	4	100
11/07/2015 16:40	123	120	108	64	415	4	100
11/07/2015 16:45	118	111	110	84	423	4	100
11/07/2015 16:50	104	105	98	73	380	4	100
11/07/2015 16:55	111	124	93	65	393	4	100
11/07/2015 17:00	111	96	104	67	378	4	100
11/07/2015 17:05	94	117	92	68	371	4	100
11/07/2015 17:10	119	112	113	77	421	4	100
11/07/2015 17:15	105	111	120	70	406	4	100
11/07/2015 17:20	92	102	105	67	366	4	100
11/07/2015 17:25	91	110	111	56	368	4	100
11/07/2015 17:30	105	105	97	66	373	4	100
11/07/2015 17:35	111	110	89	82	392	4	100
11/07/2015 17:40	99	99	105	61	364	4	100
11/07/2015 17:45	118	98	92	75	383	4	100
11/07/2015 17:50	111	98	96	66	371	4	100
11/07/2015 17:55	100	115	104	76	395	4	100
11/07/2015 18:00	103	107	96	66	372	4	100
11/07/2015 18:05	118	116	94	56	384	4	100
11/07/2015 18:10	111	102	109	58	380	4	100
11/07/2015 18:15	101	111	110	68	390	4	100
11/07/2015 18:20	121	112	117	65	415	4	100
11/07/2015 18:25	105	112	104	67	388	4	100
11/07/2015 18:30	105	109	106	69	389	4	100
11/07/2015 18:35	104	113	103	65	385	4	100
11/07/2015 18:40	93	97	97	62	349	4	100
11/07/2015 18:45	108	104	90	59	361	4	100
11/07/2015 18:50	92	100	89	72	353	4	100
11/07/2015 18:55	86	102	92	58	338	4	100
11/07/2015 19:00	88	95	90	50	323	4	100
11/07/2015 19:05	101	95	86	53	335	4	100
11/07/2015 19:10	104	111	79	64	358	4	100
11/07/2015 19:15	83	86	87	63	319	4	100
11/07/2015 19:20	95	96	97	66	354	4	100
11/07/2015 19:25	92	96	89	62	339	4	100
11/07/2015 19:30	85	75	76	50	286	4	100
11/07/2015 19:35	93	91	84	53	321	4	100
11/07/2015 19:40	86	98	87	52	323	4	100
11/07/2015 19:45	63	90	79	49	281	4	100
11/07/2015 19:50	86	84	83	48	301	4	100
11/07/2015 19:55	60	84	66	48	258	4	100
11/07/2015 20:00	77	71	68	46	262	4	100
11/07/2015 20:05	79	81	88	42	290	4	100
11/07/2015 20:10	66	91	88	50	295	4	100
11/07/2015 20:15	78	88	78	52	296	4	100
11/07/2015 20:20	78	77	78	60	293	4	100
11/07/2015 20:25	74	76	70	57	277	4	100
11/07/2015 20:30	75	95	75	49	294	4	100
11/07/2015 20:35	55	66	63	44	228	4	100
11/07/2015 20:40	79	93	87	46	305	4	100
11/07/2015 20:45	72	88	86	56	302	4	100
11/07/2015 20:50	69	75	93	44	281	4	100
11/07/2015 20:55	72	80	73	44	269	4	100
11/07/2015 21:00	60	77	88	45	270	4	100
11/07/2015 21:05	63	83	80	53	279	4	100
11/07/2015 21:10	84	84	79	57	304	4	100
11/07/2015 21:15	71	79	79	41	270	4	100
11/07/2015 21:20	78	82	87	54	301	4	100
11/07/2015 21:25	75	84	68	45	272	4	100
11/07/2015 21:30	71	93	72	44	280	4	100
11/07/2015 21:35	62	81	85	37	265	4	100
11/07/2015 21:40	67	83	86	51	287	4	100
11/07/2015 21:45	73	77	80	57	287	4	100
11/07/2015 21:50	75	87	69	42	273	4	100
11/07/2015 21:55	67	77	65	39	248	4	100
11/07/2015 22:00	64	71	60	41	236	4	100
11/07/2015 22:05	72	81	77	43	273	4	100
11/07/2015 22:10	53	73	79	42	247	4	100
11/07/2015 22:15	45	68	83	53	249	4	100
11/07/2015 22:20	45	68	65	31	209	4	100
11/07/2015 22:25	60	75	80	38	253	4	100
11/07/2015 22:30	51	59	71	41	222	4	100
11/07/2015 22:35	68	89	77	42	276	4	100
11/07/2015 22:40	57	66	54	38	215	4	100
11/07/2015 22:45	56	67	72	51	246	4	100
11/07/2015 22:50	46	51	65	25	187	4	100
11/07/2015 22:55	38	63	56	29	186	4	100
11/07/2015 23:00	43	59	58	33	193	4	100
11/07/2015 23:05	45	52	45	30	172	4	100
11/07/2015 23:10	42	57	55	35	189	4	100
11/07/2015 23:15	45	51	57	24	177	4	100
11/07/2015 23:20	34	34	48	19	135	4	100
11/07/2015 23:25	35	47	40	34	156	4	100
11/07/2015 23:30	49	50	50	29	178	4	100
11/07/2015 23:35	31	43	46	27	147	4	100
11/07/2015 23:40	34	41	51	31	157	4	100
11/07/2015 23:45	31	41	53	33	158	4	100
11/07/2015 23:50	37	47	44	27	155	4	100
11/07/2015 23:55	34	49	49	29	161	4	100
11/08/2015 00:00	26	35	32	21	114	4	100
11/08/2015 00:05	26	45	42	24	137	4	100
11/08/2015 00:10	26	44	51	24	145	4	100
11/08/2015 00:15	20	36	40	22	118	4	100
11/08/2015 00:20	26	37	40	19	122	4	100
11/08/2015 00:25	25	33	22	22	102	4	100
11/08/2015 00:30	22	36	30	18	106	4	100
11/08/2015 00:35	19	41	33	16	109	4	100
11/08/2015 00:40	25	33	41	13	112	4	100
11/08/2015 00:45	20	33	38	20	111	4	100
11/08/2015 00:50	13	30	34	16	93	4	100
11/08/2015 00:55	18	32	31	16	97	4	100
11/08/2015 01:00	12	29	27	17	85	4	100
11/08/2015 01:05	11	19	24	18	72	4	100
11/08/2015 01:10	15	32	22	11	80	4	100
11/08/2015 01:15	11	19	30	11	71	4	100
11/08/2015 01:20	13	23	34	13	83	4	100
11/08/2015 01:25	14	20	19	21	74	4	100
11/08/2015 01:30	18	24	25	7	74	4	100
11/08/2015 01:35	13	26	28	9	76	4	100
11/08/2015 01:40	9	19	20	7	55	4	100
11/08/2015 01:45	9	21	22	12	64	4	100
11/08/2015 01:50	10	16	23	12	61	4	100
11/08/2015 01:55	14	24	19	11	68	4	100
11/08/2015 02:00	9	25	23	8	65	4	100
11/08/2015 02:05	10	24	29	6	69	4	100
11/08/2015 02:10	7	14	20	14	55	4	100
11/08/2015 02:15	13	20	19	9	61	4	100
11/08/2015 02:20	13	18	13	7	51	4	100
11/08/2015 02:25	14	16	19	13	62	4	100
11/08/2015 02:30	11	22	18	11	62	4	100
11/08/2015 02:35	12	21	22	7	62	4	100
11/08/2015 02:40	6	17	20	8	51	4	100
11/08/2015 02:45	9	18	16	6	49	4	100
11/08/2015 02:50	7	15	20	13	55	4	100
11/08/2015 02:55	8	13	14	6	41	4	100
11/08/2015 03:00	4	17	17	4	42	4	100
11/08/2015 03:05	11	16	14	12	53	4	100
11/08/2015 03:10	10	16	11	11	48	4	100
11/08/2015 03:15	5	16	15	8	44	4	100
11/08/2015 03:20	3	15	15	13	46	4	100
11/08/2015 03:25	11	21	23	9	64	4	100
11/08/2015 03:30	8	17	18	17	60	4	100
11/08/2015 03:35	10	16	19	13	58	4	100
11/08/2015 03:40	8	16	18	8	50	4	100
11/08/2015 03:45	11	23	17	12	63	4	100
11/08/2015 03:50	11	21	22	8	62	4	100
11/08/2015 03:55	11	14	15	10	50	4	100
11/08/2015 04:00	8	13	23	5	49	4	100
11/08/2015 04:05	12	16	16	9	53	4	100
11/08/2015 04:10	13	15	16	4	48	4	100
11/08/2015 04:15	14	11	18	14	57	4	100
11/08/2015 04:20	15	19	14	10	58	4	100
11/08/2015 04:25	14	19	14	18	65	4	100
11/08/2015 04:30	20	27	21	9	77	4	100
11/08/2015 04:35	18	22	22	12	74	4	100
11/08/2015 04:40	26	25	24	11	86	4	100
11/08/2015 04:45	17	21	21	15	74	4	100
11/08/2015 04:50	16	32	29	12	89	4	100
11/08/2015 04:55	21	23	22	6	72	4	100
11/08/2015 05:00	20	25	16	11	72	4	100
11/08/2015 05:05	15	37	25	18	95	4	100
11/08/2015 05:10	24	30	30	15	99	4	100
11/08/2015 05:15	29	32	24	19	104	4	100
11/08/2015 05:20	34	46	27	17	124	4	100
11/08/2015 05:25	40	36	35	17	128	4	100
11/08/2015 05:30	35	38	37	18	128	4	100
11/08/2015 05:35	33	47	40	26	146	4	100
11/08/2015 05:40	45	45	37	29	156	4	100
11/08/2015 05:45	36	49	41	27	153	4	100
11/08/2015 05:50	34	38	29	22	123	4	100
11/08/2015 05:55	28	40	45	20	133	4	100
11/08/2015 06:00	35	42	34	21	132	4	100
11/08/2015 06:05	38	45	31	13	127	4	100
11/08/2015 06:10	37	53	35	23	148	4	100
11/08/2015 06:15	54	54	51	29	188	4	100
11/08/2015 06:20	52	54	44	29	179	4	100
11/08/2015 06:25	59	60	50	18	187	4	100
11/08/2015 06:30	57	66	56	34	213	4	100
11/08/2015 06:35	56	60	67	36	219	4	100
11/08/2015 06:40	76	76	61	40	253	4	100
11/08/2015 06:45	47	67	55	32	201	4	100
11/08/2015 06:50	56	63	67	40	226	4	100
11/08/2015 06:55	44	50	62	35	191	4	100
11/08/2015 07:00	59	64	66	29	218	4	100
11/08/2015 07:05	69	74	65	39	247	4	100
11/08/2015 07:10	43	66	53	28	190	4	100
11/08/2015 07:15	46	55	41	30	172	4	100
11/08/2015 07:20	70	81	78	38	267	4	100
11/08/2015 07:25	59	78	73	38	248	4	100
11/08/2015 07:30	63	70	62	42	237	4	100
11/08/2015 07:35	80	87	85	52	304	4	100
11/08/2015 07:40	82	85	76	47	290	4	100
11/08/2015 07:45	77	85	73	38	273	4	100
11/08/2015 07:50	65	90	72	47	274	4	100
11/08/2015 07:55	56	67	63	33	219	4	100
11/08/2015 08:00	50	75	55	33	213	4	100
11/08/2015 08:05	76	83	70	35	264	4	100
11/08/2015 08:10	105	99	91	42	337	4	100
11/08/2015 08:15	74	89	85	41	289	4	100
11/08/2015 08:20	83	91	71	54	299	4	100
11/08/2015 08:25	83	82	81	48	294	4	100
11/08/2015 08:30	94	105	79	54	332	4	100
11/08/2015 08:35	98	95	80	57	330	4	100
11/08/2015 08:40	89	103	102	66	360	4	100
11/08/2015 08:45	102	114	95	75	386	4	100
11/08/2015 08:50	106	103	96	71	376	4	100
11/08/2015 08:55	98	103	88	61	350	4	100
11/08/2015 09:00	110	97	87	44	338	4	100
11/08/2015 09:05	81	102	97	55	335	4	100
11/08/2015 09:10	100	97	80	65	342	4	100
11/08/2015 09:15	102	107	97	67	373	4	100
11/08/2015 09:20	92	96	83	64	335	4	100
11/08/2015 09:25	111	110	99	68	388	4	100
11/08/2015 09:30	101	115	94	71	381	4	100
11/08/2015 09:35	130	122	120	71	443	4	100
11/08/2015 09:40	112	118	115	86	431	4	100
11/08/2015 09:45	106	105	108	59	378	4	100
11/08/2015 09:50	117	116	99	55	387	4	100
11/08/2015 09:55	103	103	107	59	372	4	100
11/08/2015 10:00	104	99	90	63	356	4	100
11/08/2015 10:05	106	118	98	58	380	4	100
11/08/2015 10:10	116	107	115	50	388	4	100
11/08/2015 10:15	114	109	109	72	404	4	100
11/08/2015 10:20	103	122	108	73	406	4	100
11/08/2015 10:25	105	108	132	61	406	4	100
11/08/2015 10:30	109	120	111	66	406	4	100
11/08/2015 10:35	123	122	108	66	419	4	100
11/08/2015 10:40	121	123	118	77	439	4	100
11/08/2015 10:45	112	127	104	79	422	4	100
11/08/2015 10:50	120	120	122	65	427	4	100
11/08/2015 10:55	108	112	97	70	387	4	100
11/08/2015 11:00	117	120	117	74	428	4	100
11/08/2015 11:05	117	103	109	68	397	4	100
11/08/2015 11:10	107	98	102	59	366	4	100
11/08/2015 11:15	124	113	103	61	401	4	100
11/08/2015 11:20	119	130	110	74	433	4	100
11/08/2015 11:25	105	110	117	77	409	4	100
11/08/2015 11:30	122	121	107	80	430	4	100
11/08/2015 11:35	109	111	124	78	422	4	100
11/08/2015 11:40	122	118	115	78	433	4	100
11/08/2015 11:45	110	117	108	74	409	4	100
11/08/2015 11:50	120	109	120	77	426	4	100
11/08/2015 11:55	131	120	113	79	443	4	100
11/08/2015 12:00	108	111	118	75	412	4	100
11/08/2015 12:05	127	115	127	60	429	4	100
11/08/2015 12:10	108	106	126	74	414	4	100
11/08/2015 12:15	111	117	107	74	409	4	100
11/08/2015 12:20	101	109	124	82	416	4	100
11/08/2015 12:25	117	133	120	82	452	4	100
11/08/2015 12:30	132	124	108	90	454	4	100
11/08/2015 12:35	127	136	125	81	469	4	100
11/08/2015 12:40	106	126	121	72	425	4	100
11/08/2015 12:45	121	136	116	85	458	4	100
11/08/2015 12:50	116	112	99	63	390	4	100
11/08/2015 12:55	133	118	116	74	441	4	100
11/08/2015 13:00	114	119	118	88	439	4	100
11/08/2015 13:05	111	106	108	65	390	4	100
11/08/2015 13:10	116	117	112	61	406	4	100
11/08/2015 13:15	106	123	114	84	427	4	100
11/08/2015 13:20	121	117	107	67	412	4	100
11/08/2015 13:25	116	126	131	76	449	4	100
11/08/2015 13:30	112	116	113	80	421	4	100
11/08/2015 13:35	68	73	84	47	272	4	100
11/08/2015 13:40	135	133	123	80	471	4	100
11/08/2015 13:45	133	129	135	72	469	4	100
11/08/2015 13:50	102	107	110	54	373	4	100
11/08/2015 13:55	105	120	101	62	388	4	100
11/08/2015 14:00	118	119	113	61	411	4	100
11/08/2015 14:05	117	115	126	71	429	4	100
11/08/2015 14:10	117	113	100	49	379	4	100
11/08/2015 14:15	94	102	111	65	372	4	100
11/08/2015 14:20	125	128	111	67	431	4	100
11/08/2015 14:25	102	110	98	63	373	4	100
11/08/2015 14:30	134	140	108	74	456	4	100
11/08/2015 14:35	135	127	113	72	447	4	100
11/08/2015 14:40	122	121	130	79	452	4	100
11/08/2015 14:45	129	132	125	67	453	4	100
11/08/2015 14:50	109	100	112	64	385	4	100
11/08/2015 14:55	109	111	103	64	387	4	100
11/08/2015 15:00	119	115	112	62	408	4	100
11/08/2015 15:05	98	113	106	55	372	4	100
11/08/2015 15:10	105	109	106	67	387	4	100
11/08/2015 15:15	110	117	118	71	416	4	100
11/08/2015 15:20	110	122	119	74	425	4	100
11/08/2015 15:25	122	116	120	70	428	4	100
11/08/2015 15:30	119	115	115	65	414	4	100
11/08/2015 15:35	125	127	104	68	424	4	100
11/08/2015 15:40	134	134	113	90	471	4	100
11/08/2015 15:45	129	120	111	64	424	4	100
11/08/2015 15:50	111	123	111	72	417	4	100
11/08/2015 15:55	118	123	127	77	445	4	100
11/08/2015 16:00	121	111	98	73	403	4	100
11/08/2015 16:05	123	123	104	73	423	4	100
11/08/2015 16:10	98	119	102	61	380	4	100
11/08/2015 16:15	134	102	116	71	423	4	100
11/08/2015 16:20	66	64	70	40	240	4	100
11/08/2015 16:25	135	118	101	74	428	4	100
11/08/2015 16:30	156	147	128	74	505	4	100
11/08/2015 16:35	117	109	104	62	392	4	100
11/08/2015 16:40	111	115	105	72	403	4	100
11/08/2015 16:45	114	115	121	75	425	4	100
11/08/2015 16:50	123	120	100	58	401	4	100
11/08/2015 16:55	105	110	101	70	386	4	100
11/08/2015 17:00	122	133	100	70	425	4	100
11/08/2015 17:05	120	113	113	73	419	4	100
11/08/2015 17:10	123	120	104	73	420	4	100
11/08/2015 17:15	122	120	127	71	440	4	100
11/08/2015 17:20	113	102	114	82	411	4	100
11/08/2015 17:25	115	116	112	80	423	4	100
11/08/2015 17:30	107	116	113	68	404	4	100
11/08/2015 17:35	107	129	98	78	412	4	100
11/08/2015 17:40	126	116	112	81	435	4	100
11/08/2015 17:45	107	99	104	57	367	4	100
11/08/2015 17:50	121	106	98	93	418	4	100
11/08/2015 17:55	117	110	102	67	396	4	100
11/08/2015 18:00	108	108	97	65	378	4	100
11/08/2015 18:05	97	93	95	58	343	4	100
11/08/2015 18:10	98	105	92	59	354	4	100
11/08/2015 18:15	109	113	103	73	398	4	100
11/08/2015 18:20	113	104	84	49	350	4	100
11/08/2015 18:25	101	106	86	57	350	4	100
11/08/2015 18:30	102	85	89	59	335	4	100
11/08/2015 18:35	104	102	112	55	373	4	100
11/08/2015 18:40	101	102	98	69	370	4	100
11/08/2015 18:45	93	80	89	57	319	4	100
11/08/2015 18:50	105	105	91	62	363	4	100
11/08/2015 18:55	96	96	88	67	347	4	100
11/08/2015 19:00	111	97	89	54	351	4	100
11/08/2015 19:05	110	101	101	55	367	4	100
11/08/2015 19:10	102	97	94	60	353	4	100
11/08/2015 19:15	104	117	95	51	367	4	100
11/08/2015 19:20	106	96	91	50	343	4	100
11/08/2015 19:25	98	97	98	59	352	4	100
11/08/2015 19:30	91	97	77	46	311	4	100
11/08/2015 19:35	97	104	83	51	335	4	100
11/08/2015 19:40	111	117	88	58	374	4	100
11/08/2015 19:45	110	104	99	50	363	4	100
11/08/2015 19:50	98	95	90	54	337	4	100
11/08/2015 19:55	96	93	83	41	313	4	100
11/08/2015 20:00	98	98	89	58	343	4	100
11/08/2015 20:05	90	92	79	49	310	4	100
11/08/2015 20:10	98	100	86	46	330	4	100
11/08/2015 20:15	98	88	83	54	323	4	100
11/08/2015 20:20	78	78	76	50	282	4	100
11/08/2015 20:25	81	94	86	48	309	4	100
11/08/2015 20:30	89	87	88	54	318	4	100
11/08/2015 20:35	91	93	85	45	314	4	100
11/08/2015 20:40	90	87	73	35	285	4	100
11/08/2015 20:45	89	86	71	55	301	4	100
11/08/2015 20:50	89	79	69	44	281	4	100
11/08/2015 20:55	81	88	78	35	282	4	100
11/08/2015 21:00	90	77	74	40	281	4	100
11/08/2015 21:05	78	77	74	41	270	4	100
11/08/2015 21:10	68	75	67	44	254	4	100
11/08/2015 21:15	83	84	61	44	272	4	100
11/08/2015 21:20	65	72	66	44	247	4	100
11/08/2015 21:25	51	76	60	27	214	4	100
11/08/2015 21:30	86	80	72	52	290	4	100
11/08/2015 21:35	75	74	67	50	266	4	100
11/08/2015 21:40	69	74	57	48	248	4	100
11/08/2015 21:45	67	70	57	36	230	4	100
11/08/2015 21:50	57	54	50	34	195	4	100
11/08/2015 21:55	53	64	52	35	204	4	100
11/08/2015 22:00	73	64	58	30	225	4	100
11/08/2015 22:05	57	57	53	18	185	4	100
11/08/2015 22:10	49	70	49	32	200	4	100
11/08/2015 22:15	64	58	54	27	203	4	100
11/08/2015 22:20	47	53	43	22	165	4	100
11/08/2015 22:25	49	62	51	31	193	4	100
11/08/2015 22:30	44	47	39	27	157	4	100
11/08/2015 22:35	46	58	39	28	171	4	100
11/08/2015 22:40	46	49	38	27	160	4	100
11/08/2015 22:45	48	55	36	30	169	4	100
11/08/2015 22:50	50	55	43	25	173	4	100
11/08/2015 22:55	28	43	37	20	128	4	100
11/08/2015 23:00	37	38	47	20	142	4	100
11/08/2015 23:05	30	44	42	20	136	4	100
11/08/2015 23:10	31	32	44	22	129	4	100
11/08/2015 23:15	27	43	35	19	124	4	100
11/08/2015 23:20	25	34	36	27	122	4	100
11/08/2015 23:25	27	47	39	21	134	4	100
11/08/2015 23:30	27	34	38	12	111	4	100
11/08/2015 23:35	29	31	24	14	98	4	100
11/08/2015 23:40	19	25	32	25	101	4	100
11/08/2015 23:45	24	34	33	20	111	4	100
11/08/2015 23:50	19	21	29	13	82	4	100
11/08/2015 23:55	20	30	32	10	92	4	100
