5 Minutes	Lane 1 Flow (Veh/5 Minutes)	Lane 2 Flow (Veh/5 Minutes)	Lane 3 Flow (Veh/5 Minutes)	Lane 4 Flow (Veh/5 Minutes)	Flow (Veh/5 Minutes)	# Lane Points	% Observed
11/09/2015 00:00	1	21	30	36	88	4	100
11/09/2015 00:05	0	21	26	19	66	4	100
11/09/2015 00:10	2	18	27	37	84	4	100
11/09/2015 00:15	1	20	26	36	83	4	100
11/09/2015 00:20	4	20	34	29	87	4	100
11/09/2015 00:25	2	11	28	31	72	4	100
11/09/2015 00:30	1	14	23	15	53	4	100
11/09/2015 00:35	3	11	30	22	66	4	100
11/09/2015 00:40	3	10	16	26	55	4	100
11/09/2015 00:45	2	12	21	29	64	4	100
11/09/2015 00:50	0	9	15	21	45	4	100
11/09/2015 00:55	1	17	15	23	56	4	100
11/09/2015 01:00	0	6	15	14	35	4	100
11/09/2015 01:05	0	8	11	16	35	4	100
11/09/2015 01:10	0	8	17	8	33	4	100
11/09/2015 01:15	0	11	15	24	50	4	100
11/09/2015 01:20	1	12	13	19	45	4	100
11/09/2015 01:25	0	8	11	15	34	4	100
11/09/2015 01:30	0	11	15	17	43	4	100
11/09/2015 01:35	0	4	9	22	35	4	100
11/09/2015 01:40	0	7	10	9	26	4	100
11/09/2015 01:45	0	5	13	14	32	4	100
11/09/2015 01:50	0	9	14	10	33	4	100
11/09/2015 01:55	0	8	10	12	30	4	100
11/09/2015 02:00	0	5	8	18	31	4	100
11/09/2015 02:05	0	4	13	12	29	4	100
11/09/2015 02:10	0	7	12	11	30	4	100
11/09/2015 02:15	1	6	14	16	37	4	100
11/09/2015 02:20	0	2	10	13	25	4	100
11/09/2015 02:25	0	5	7	15	27	4	100
11/09/2015 02:30	1	10	13	15	39	4	100
11/09/2015 02:35	0	7	12	15	34	4	100
11/09/2015 02:40	0	6	16	9	31	4	100
11/09/2015 02:45	1	13	14	14	42	4	100
11/09/2015 02:50	0	8	12	18	38	4	100
11/09/2015 02:55	0	8	14	18	40	4	100
11/09/2015 03:00	0	9	14	11	34	4	100
11/09/2015 03:05	0	12	14	15	41	4	100
11/09/2015 03:10	0	11	19	12	42	4	100
11/09/2015 03:15	2	19	22	21	64	4	100
11/09/2015 03:20	0	18	19	20	57	4	100
11/09/2015 03:25	1	18	23	29	71	4	100
11/09/2015 03:30	2	18	18	29	67	4	100
11/09/2015 03:35	3	15	22	22	62	4	100
11/09/2015 03:40	4	26	33	25	88	4	100
11/09/2015 03:45	3	23	26	27	79	4	100
11/09/2015 03:50	2	26	36	27	91	4	100
11/09/2015 03:55	3	31	18	29	81	4	100
11/09/2015 04:00	2	38	40	30	110	4	100
11/09/2015 04:05	7	47	43	33	130	4	100
11/09/2015 04:10	8	28	43	24	103	4	100
11/09/2015 04:15	9	53	45	40	147	4	100
11/09/2015 04:20	14	58	57	45	174	4	100
11/09/2015 04:25	18	70	63	46	197	4	100
11/09/2015 04:30	18	76	73	70	237	4	100
11/09/2015 04:35	21	88	76	57	242	4	100
11/09/2015 04:40	27	86	68	64	245	4	100
11/09/2015 04:45	20	92	81	63	256	4	100
11/09/2015 04:50	30	113	95	75	313	4	100
11/09/2015 04:55	29	94	88	65	276	4	100
11/09/2015 05:00	37	121	89	84	331	4	100
11/09/2015 05:05	45	144	116	78	383	4	100
11/09/2015 05:10	66	176	140	103	485	4	100
11/09/2015 05:15	54	146	140	111	451	4	100
11/09/2015 05:20	80	189	162	113	544	4	100
11/09/2015 05:25	125	204	174	151	654	4	100
11/09/2015 05:30	112	178	163	147	600	4	100
11/09/2015 05:35	109	144	143	120	516	4	100
11/09/2015 05:40	130	150	142	133	555	4	100
11/09/2015 05:45	132	137	133	129	531	4	100
11/09/2015 05:50	133	141	142	128	544	4	100
11/09/2015 05:55	113	102	93	93	401	4	100
11/09/2015 06:00	117	120	123	104	464	4	100
11/09/2015 06:05	95	88	101	103	387	4	100
11/09/2015 06:10	97	78	94	83	352	4	100
11/09/2015 06:15	100	84	82	82	348	4	100
11/09/2015 06:20	97	80	84	75	336	4	100
11/09/2015 06:25	92	71	76	74	313	4	100
11/09/2015 06:30	89	55	69	67	280	4	100
11/09/2015 06:35	77	58	61	67	263	4	100
11/09/2015 06:40	73	54	62	62	251	4	100
11/09/2015 06:45	72	55	81	73	281	4	100
11/09/2015 06:50	65	56	65	64	250	4	100
11/09/2015 06:55	73	46	53	46	218	4	100
11/09/2015 07:00	58	42	39	41	180	4	100
11/09/2015 07:05	75	56	60	62	253	4	100
11/09/2015 07:10	66	49	53	48	216	4	100
11/09/2015 07:15	76	42	58	56	232	4	100
11/09/2015 07:20	54	43	53	51	201	4	100
11/09/2015 07:25	59	36	49	40	184	4	100
11/09/2015 07:30	64	47	70	65	246	4	100
11/09/2015 07:35	59	52	68	49	228	4	100
11/09/2015 07:40	66	52	70	65	253	4	100
11/09/2015 07:45	61	51	61	54	227	4	100
11/09/2015 07:50	55	49	64	56	224	4	100
11/09/2015 07:55	69	51	73	59	252	4	100
11/09/2015 08:00	51	46	84	66	247	4	100
11/09/2015 08:05	59	39	59	55	212	4	100
11/09/2015 08:10	49	42	64	54	209	4	100
11/09/2015 08:15	57	48	70	60	235	4	100
11/09/2015 08:20	66	58	83	77	284	4	100
11/09/2015 08:25	74	45	55	58	232	4	100
11/09/2015 08:30	75	57	71	67	270	4	100
11/09/2015 08:35	65	46	66	64	241	4	100
11/09/2015 08:40	60	34	40	63	197	4	100
11/09/2015 08:45	51	34	44	82	211	4	100
11/09/2015 08:50	70	51	65	65	251	4	100
11/09/2015 08:55	68	43	49	63	223	4	100
11/09/2015 09:00	63	48	42	51	204	4	100
11/09/2015 09:05	61	48	65	49	223	4	100
11/09/2015 09:10	68	54	71	54	247	4	100
11/09/2015 09:15	63	54	59	44	220	4	100
11/09/2015 09:20	57	67	68	47	239	4	100
11/09/2015 09:25	48	66	59	58	231	4	100
11/09/2015 09:30	53	71	70	46	240	4	100
11/09/2015 09:35	53	47	50	29	179	4	100
11/09/2015 09:40	43	82	92	64	281	4	100
11/09/2015 09:45	58	84	93	67	302	4	100
11/09/2015 09:50	44	86	82	90	302	4	100
11/09/2015 09:55	40	71	75	67	253	4	100
11/09/2015 10:00	47	82	93	84	306	4	100
11/09/2015 10:05	60	90	89	78	317	4	100
11/09/2015 10:10	42	84	94	92	312	4	100
11/09/2015 10:15	32	61	80	85	258	4	100
11/09/2015 10:20	47	107	112	105	371	4	100
11/09/2015 10:25	34	94	101	95	324	4	100
11/09/2015 10:30	40	99	112	113	364	4	100
11/09/2015 10:35	50	106	99	107	362	4	100
11/09/2015 10:40	31	106	113	105	355	4	100
11/09/2015 10:45	44	104	104	101	353	4	100
11/09/2015 10:50	37	109	103	98	347	4	100
11/09/2015 10:55	46	111	104	95	356	4	100
11/09/2015 11:00	30	89	119	77	315	4	100
11/09/2015 11:05	40	91	114	110	355	4	100
11/09/2015 11:10	39	123	124	106	392	4	100
11/09/2015 11:15	29	112	117	120	378	4	100
11/09/2015 11:20	42	110	128	104	384	4	100
11/09/2015 11:25	45	114	126	112	397	4	100
11/09/2015 11:30	44	111	110	102	367	4	100
11/09/2015 11:35	38	130	121	109	398	4	100
11/09/2015 11:40	35	109	129	114	387	4	100
11/09/2015 11:45	38	111	118	125	392	4	100
11/09/2015 11:50	46	107	114	101	368	4	100
11/09/2015 11:55	33	100	100	122	355	4	100
11/09/2015 12:00	39	107	116	99	361	4	100
11/09/2015 12:05	34	109	122	112	377	4	100
11/09/2015 12:10	40	101	115	95	351	4	100
11/09/2015 12:15	45	135	128	130	438	4	100
11/09/2015 12:20	34	122	109	131	396	4	100
11/09/2015 12:25	33	118	120	121	392	4	100
11/09/2015 12:30	38	117	107	104	366	4	100
11/09/2015 12:35	43	126	124	113	406	4	100
11/09/2015 12:40	30	118	132	112	392	4	100
11/09/2015 12:45	34	110	120	101	365	4	100
11/09/2015 12:50	39	114	128	119	400	4	100
11/09/2015 12:55	34	126	120	116	396	4	100
11/09/2015 13:00	43	121	129	116	409	4	100
11/09/2015 13:05	32	111	120	110	373	4	100
11/09/2015 13:10	30	108	113	122	373	4	100
11/09/2015 13:15	41	99	118	115	373	4	100
11/09/2015 13:20	35	107	119	123	384	4	100
11/09/2015 13:25	25	114	99	120	358	4	100
11/09/2015 13:30	50	135	119	114	418	4	100
11/09/2015 13:35	45	106	107	96	354	4	100
11/09/2015 13:40	31	113	114	116	374	4	100
11/09/2015 13:45	31	117	110	122	380	4	100
11/09/2015 13:50	36	117	134	138	425	4	100
11/09/2015 13:55	27	100	103	110	340	4	100
11/09/2015 14:00	21	101	103	99	324	4	100
11/09/2015 14:05	36	107	102	114	359	4	100
11/09/2015 14:10	27	106	121	130	384	4	100
11/09/2015 14:15	34	111	124	115	384	4	100
11/09/2015 14:20	31	119	113	117	380	4	100
11/09/2015 14:25	30	121	109	111	371	4	100
11/09/2015 14:30	24	103	104	101	332	4	100
11/09/2015 14:35	31	121	113	126	391	4	100
11/09/2015 14:40	43	110	114	113	380	4	100
11/09/2015 14:45	34	115	112	112	373	4	100
11/09/2015 14:50	30	109	108	107	354	4	100
11/09/2015 14:55	37	95	107	120	359	4	100
11/09/2015 15:00	35	102	115	102	354	4	100
11/09/2015 15:05	38	104	101	96	339	4	100
11/09/2015 15:10	29	104	97	107	337	4	100
11/09/2015 15:15	33	88	109	106	336	4	100
11/09/2015 15:20	31	115	116	110	372	4	100
11/09/2015 15:25	32	97	93	109	331	4	100
11/09/2015 15:30	36	103	91	107	337	4	100
11/09/2015 15:35	47	119	108	110	384	4	100
11/09/2015 15:40	46	116	122	115	399	4	100
11/09/2015 15:45	32	128	129	120	409	4	100
11/09/2015 15:50	34	123	96	108	361	4	100
11/09/2015 15:55	35	108	103	112	358	4	100
11/09/2015 16:00	45	91	95	101	332	4	100
11/09/2015 16:05	39	107	104	93	343	4	100
11/09/2015 16:10	42	116	103	107	368	4	100
11/09/2015 16:15	37	95	97	109	338	4	100
11/09/2015 16:20	42	110	109	107	368	4	100
11/09/2015 16:25	24	111	98	95	328	4	100
11/09/2015 16:30	42	100	99	89	330	4	100
11/09/2015 16:35	43	123	116	95	377	4	100
11/09/2015 16:40	44	126	121	116	407	4	100
11/09/2015 16:45	37	130	104	104	375	4	100
11/09/2015 16:50	34	127	114	110	385	4	100
11/09/2015 16:55	45	115	106	98	364	4	100
11/09/2015 17:00	44	120	104	105	373	4	100
11/09/2015 17:05	39	112	114	113	378	4	100
11/09/2015 17:10	33	117	119	116	385	4	100
11/09/2015 17:15	26	124	108	116	374	4	100
11/09/2015 17:20	38	121	109	106	374	4	100
11/09/2015 17:25	43	131	125	136	435	4	100
11/09/2015 17:30	43	114	108	121	386	4	100
11/09/2015 17:35	35	116	106	113	370	4	100
11/09/2015 17:40	36	128	119	122	405	4	100
11/09/2015 17:45	45	119	102	107	373	4	100
11/09/2015 17:50	46	113	113	104	376	4	100
11/09/2015 17:55	30	113	101	90	334	4	100
11/09/2015 18:00	42	120	118	108	388	4	100
11/09/2015 18:05	53	107	108	120	388	4	100
11/09/2015 18:10	34	112	113	118	377	4	100
11/09/2015 18:15	39	110	109	108	366	4	100
11/09/2015 18:20	41	114	103	116	374	4	100
11/09/2015 18:25	39	109	106	107	361	4	100
11/09/2015 18:30	51	100	97	110	358	4	100
11/09/2015 18:35	40	99	101	82	322	4	100
11/09/2015 18:40	39	110	106	93	348	4	100
11/09/2015 18:45	35	96	100	97	328	4	100
11/09/2015 18:50	34	101	89	84	308	4	100
11/09/2015 18:55	32	95	94	90	311	4	100
11/09/2015 19:00	23	96	92	80	291	4	100
11/09/2015 19:05	24	99	80	98	301	4	100
11/09/2015 19:10	29	103	107	86	325	4	100
11/09/2015 19:15	18	89	96	83	286	4	100
11/09/2015 19:20	20	89	97	89	295	4	100
11/09/2015 19:25	15	72	88	88	263	4	100
11/09/2015 19:30	17	52	75	70	214	4	100
11/09/2015 19:35	12	61	90	72	235	4	100
11/09/2015 19:40	15	72	80	72	239	4	100
11/09/2015 19:45	17	69	77	71	234	4	100
11/09/2015 19:50	15	54	64	84	217	4	100
11/09/2015 19:55	14	53	58	60	185	4	100
11/09/2015 20:00	11	41	58	71	181	4	100
11/09/2015 20:05	9	58	59	65	191	4	100
11/09/2015 20:10	17	59	68	69	213	4	100
11/09/2015 20:15	11	53	67	69	200	4	100
11/09/2015 20:20	15	74	80	82	251	4	100
11/09/2015 20:25	10	53	67	65	195	4	100
11/09/2015 20:30	6	57	70	59	192	4	100
11/09/2015 20:35	19	53	59	70	201	4	100
11/09/2015 20:40	7	45	63	61	176	4	100
11/09/2015 20:45	12	54	71	68	205	4	100
11/09/2015 20:50	12	57	62	57	188	4	100
11/09/2015 20:55	10	52	60	68	190	4	100
11/09/2015 21:00	11	54	62	56	183	4	100
11/09/2015 21:05	5	47	60	71	183	4	100
11/09/2015 21:10	11	62	72	69	214	4	100
11/09/2015 21:15	9	49	73	62	193	4	100
11/09/2015 21:20	5	45	58	52	160	4	100
11/09/2015 21:25	7	63	54	68	192	4	100
11/09/2015 21:30	18	58	71	75	222	4	100
11/09/2015 21:35	8	67	60	61	196	4	100
11/09/2015 21:40	6	41	56	54	157	4	100
11/09/2015 21:45	8	40	52	60	160	4	100
11/09/2015 21:50	9	48	54	62	173	4	100
11/09/2015 21:55	3	46	61	54	164	4	100
11/09/2015 22:00	10	40	54	71	175	4	100
11/09/2015 22:05	4	47	60	65	176	4	100
11/09/2015 22:10	7	49	62	62	180	4	100
11/09/2015 22:15	7	44	45	48	144	4	100
11/09/2015 22:20	5	31	41	48	125	4	100
11/09/2015 22:25	3	47	50	50	150	4	100
11/09/2015 22:30	7	38	34	44	123	4	100
11/09/2015 22:35	5	31	51	43	130	4	100
11/09/2015 22:40	2	25	33	38	98	4	100
11/09/2015 22:45	2	30	34	38	104	4	100
11/09/2015 22:50	5	33	38	45	121	4	100
11/09/2015 22:55	1	34	31	36	102	4	100
11/09/2015 23:00	3	24	40	40	107	4	100
11/09/2015 23:05	1	25	37	31	94	4	100
11/09/2015 23:10	2	25	28	34	89	4	100
11/09/2015 23:15	4	25	32	40	101	4	100
11/09/2015 23:20	1	18	34	33	86	4	100
11/09/2015 23:25	0	12	31	33	76	4	100
11/09/2015 23:30	2	22	22	30	76	4	100
11/09/2015 23:35	2	22	28	35	87	4	100
11/09/2015 23:40	1	13	32	34	80	4	100
11/09/2015 23:45	0	20	25	25	70	4	100
11/09/2015 23:50	0	18	24	28	70	4	100
11/09/2015 23:55	1	17	23	32	73	4	100
11/10/2015 00:00	1	10	22	28	61	4	100
11/10/2015 00:05	1	10	24	28	63	4	100
11/10/2015 00:10	1	14	18	29	62	4	100
11/10/2015 00:15	0	10	17	18	45	4	100
11/10/2015 00:20	0	12	23	21	56	4	100
11/10/2015 00:25	0	8	22	16	46	4	100
11/10/2015 00:30	1	13	16	21	51	4	100
11/10/2015 00:35	2	9	16	20	47	4	100
11/10/2015 00:40	1	16	18	21	56	4	100
11/10/2015 00:45	0	6	17	11	34	4	100
11/10/2015 00:50	0	6	12	15	33	4	100
11/10/2015 00:55	0	8	8	22	38	4	100
11/10/2015 01:00	1	5	16	19	41	4	100
11/10/2015 01:05	0	6	6	16	28	4	100
11/10/2015 01:10	1	11	14	19	45	4	100
11/10/2015 01:15	1	6	12	18	37	4	100
11/10/2015 01:20	1	8	13	16	38	4	100
11/10/2015 01:25	0	6	16	20	42	4	100
11/10/2015 01:30	0	8	9	11	28	4	100
11/10/2015 01:35	1	4	8	16	29	4	100
11/10/2015 01:40	0	6	10	20	36	4	100
11/10/2015 01:45	2	8	12	18	40	4	100
11/10/2015 01:50	1	9	16	11	37	4	100
11/10/2015 01:55	0	3	10	9	22	4	100
11/10/2015 02:00	0	7	7	22	36	4	100
11/10/2015 02:05	1	2	11	14	28	4	100
11/10/2015 02:10	0	5	7	13	25	4	100
11/10/2015 02:15	0	8	9	12	29	4	100
11/10/2015 02:20	0	8	10	17	35	4	100
11/10/2015 02:25	0	2	13	9	24	4	100
11/10/2015 02:30	0	4	12	14	30	4	100
11/10/2015 02:35	0	7	10	12	29	4	100
11/10/2015 02:40	1	11	16	17	45	4	100
11/10/2015 02:45	0	7	14	14	35	4	100
11/10/2015 02:50	0	4	14	11	29	4	100
11/10/2015 02:55	0	10	15	12	37	4	100
11/10/2015 03:00	0	8	14	19	41	4	100
11/10/2015 03:05	0	13	17	13	43	4	100
11/10/2015 03:10	1	11	17	17	46	4	100
11/10/2015 03:15	0	18	21	19	58	4	100
11/10/2015 03:20	0	16	19	14	49	4	100
11/10/2015 03:25	0	18	14	17	49	4	100
11/10/2015 03:30	1	19	21	25	66	4	100
11/10/2015 03:35	4	15	28	26	73	4	100
11/10/2015 03:40	4	25	27	27	83	4	100
11/10/2015 03:45	3	30	33	15	81	4	100
11/10/2015 03:50	4	27	37	25	93	4	100
11/10/2015 03:55	0	39	35	29	103	4	100
11/10/2015 04:00	3	23	27	29	82	4	100
11/10/2015 04:05	3	32	29	28	92	4	100
11/10/2015 04:10	7	40	43	32	122	4	100
11/10/2015 04:15	12	51	39	33	135	4	100
11/10/2015 04:20	13	60	46	44	163	4	100
11/10/2015 04:25	15	73	53	54	195	4	100
11/10/2015 04:30	18	75	64	53	210	4	100
11/10/2015 04:35	14	88	63	56	221	4	100
11/10/2015 04:40	21	94	75	68	258	4	100
11/10/2015 04:45	21	85	80	72	258	4	100
11/10/2015 04:50	18	78	88	61	245	4	100
11/10/2015 04:55	27	98	76	63	264	4	100
11/10/2015 05:00	40	124	111	78	353	4	100
11/10/2015 05:05	46	132	102	76	356	4	100
11/10/2015 05:10	58	162	135	98	453	4	100
11/10/2015 05:15	78	175	169	109	531	4	100
11/10/2015 05:20	86	209	164	133	592	4	100
11/10/2015 05:25	107	202	170	133	612	4	100
11/10/2015 05:30	108	192	178	144	622	4	100
11/10/2015 05:35	132	152	154	154	592	4	100
11/10/2015 05:40	123	133	147	145	548	4	100
11/10/2015 05:45	122	129	131	110	492	4	100
11/10/2015 05:50	130	120	121	98	469	4	100
11/10/2015 05:55	128	141	132	119	520	4	100
11/10/2015 06:00	125	123	120	114	482	4	100
11/10/2015 06:05	112	112	111	109	444	4	100
11/10/2015 06:10	101	101	109	89	400	4	100
11/10/2015 06:15	100	80	93	80	353	4	100
11/10/2015 06:20	92	86	75	73	326	4	100
11/10/2015 06:25	93	76	80	77	326	4	100
11/10/2015 06:30	77	65	77	73	292	4	100
11/10/2015 06:35	81	67	93	66	307	4	100
11/10/2015 06:40	73	62	72	65	272	4	100
11/10/2015 06:45	70	57	63	54	244	4	100
11/10/2015 06:50	69	52	60	59	240	4	100
11/10/2015 06:55	70	53	60	50	233	4	100
11/10/2015 07:00	67	54	60	55	236	4	100
11/10/2015 07:05	75	59	74	65	273	4	100
11/10/2015 07:10	57	43	48	40	188	4	100
11/10/2015 07:15	64	51	61	56	232	4	100
11/10/2015 07:20	56	48	58	56	218	4	100
11/10/2015 07:25	60	51	61	52	224	4	100
11/10/2015 07:30	53	40	51	49	193	4	100
11/10/2015 07:35	53	47	65	54	219	4	100
11/10/2015 07:40	64	41	74	61	240	4	100
11/10/2015 07:45	53	53	77	65	248	4	100
11/10/2015 07:50	58	39	70	52	219	4	100
11/10/2015 07:55	67	55	72	53	247	4	100
11/10/2015 08:00	55	50	73	45	223	4	100
11/10/2015 08:05	42	38	50	37	167	4	100
11/10/2015 08:10	63	41	51	52	207	4	100
11/10/2015 08:15	66	49	70	66	251	4	100
11/10/2015 08:20	63	43	58	51	215	4	100
11/10/2015 08:25	77	44	70	45	236	4	100
11/10/2015 08:30	55	47	62	64	228	4	100
11/10/2015 08:35	62	42	55	44	203	4	100
11/10/2015 08:40	61	34	54	50	199	4	100
11/10/2015 08:45	59	39	42	41	181	4	100
11/10/2015 08:50	72	36	41	48	197	4	100
11/10/2015 08:55	69	49	59	65	242	4	100
11/10/2015 09:00	82	45	55	63	245	4	100
11/10/2015 09:05	65	38	34	43	180	4	100
11/10/2015 09:10	78	61	68	71	278	4	100
11/10/2015 09:15	60	44	46	50	200	4	100
11/10/2015 09:20	67	48	61	50	226	4	100
11/10/2015 09:25	60	39	56	34	189	4	100
11/10/2015 09:30	73	65	69	51	258	4	100
11/10/2015 09:35	78	54	72	45	249	4	100
11/10/2015 09:40	73	70	74	49	266	4	100
11/10/2015 09:45	53	72	71	53	249	4	100
11/10/2015 09:50	50	61	64	53	228	4	100
11/10/2015 09:55	61	62	70	56	249	4	100
11/10/2015 10:00	74	88	87	72	321	4	100
11/10/2015 10:05	55	51	70	56	232	4	100
11/10/2015 10:10	66	78	85	64	293	4	100
11/10/2015 10:15	60	69	85	60	274	4	100
11/10/2015 10:20	52	80	73	62	267	4	100
11/10/2015 10:25	51	90	94	72	307	4	100
11/10/2015 10:30	65	90	110	88	353	4	100
11/10/2015 10:35	56	100	83	66	305	4	100
11/10/2015 10:40	38	86	106	85	315	4	100
11/10/2015 10:45	45	114	105	101	365	4	100
11/10/2015 10:50	40	102	112	98	352	4	100
11/10/2015 10:55	31	91	104	110	336	4	100
11/10/2015 11:00	26	102	104	95	327	4	100
11/10/2015 11:05	48	110	105	121	384	4	100
11/10/2015 11:10	38	111	110	121	380	4	100
11/10/2015 11:15	48	117	119	113	397	4	100
11/10/2015 11:20	40	103	119	120	382	4	100
11/10/2015 11:25	36	109	94	121	360	4	100
11/10/2015 11:30	41	116	112	108	377	4	100
11/10/2015 11:35	40	109	130	108	387	4	100
11/10/2015 11:40	30	115	107	117	369	4	100
11/10/2015 11:45	30	110	120	125	385	4	100
11/10/2015 11:50	36	92	112	108	348	4	100
11/10/2015 11:55	39	111	108	120	378	4	100
11/10/2015 12:00	27	112	110	118	367	4	100
11/10/2015 12:05	42	112	103	117	374	4	100
11/10/2015 12:10	29	123	117	118	387	4	100
11/10/2015 12:15	31	122	127	136	416	4	100
11/10/2015 12:20	32	120	124	126	402	4	100
11/10/2015 12:25	36	129	126	134	425	4	100
11/10/2015 12:30	29	111	111	123	374	4	100
11/10/2015 12:35	51	132	114	123	420	4	100
11/10/2015 12:40	33	130	148	133	444	4	100
11/10/2015 12:45	27	130	129	123	409	4	100
11/10/2015 12:50	52	135	120	122	429	4	100
11/10/2015 12:55	39	126	105	108	378	4	100
11/10/2015 13:00	37	104	123	117	381	4	100
11/10/2015 13:05	36	105	123	119	383	4	100
11/10/2015 13:10	38	122	126	113	399	4	100
11/10/2015 13:15	32	135	130	127	424	4	100
11/10/2015 13:20	40	120	129	119	408	4	100
11/10/2015 13:25	29	111	127	122	389	4	100
11/10/2015 13:30	34	108	119	110	371	4	100
11/10/2015 13:35	33	100	121	127	381	4	100
11/10/2015 13:40	41	123	111	107	382	4	100
11/10/2015 13:45	40	117	96	112	365	4	100
11/10/2015 13:50	27	109	122	104	362	4	100
11/10/2015 13:55	32	103	107	110	352	4	100
11/10/2015 14:00	35	90	109	101	335	4	100
11/10/2015 14:05	38	126	132	118	414	4	100
11/10/2015 14:10	29	128	120	105	382	4	100
11/10/2015 14:15	32	98	104	109	343	4	100
11/10/2015 14:20	44	142	138	121	445	4	100
11/10/2015 14:25	46	122	120	110	398	4	100
11/10/2015 14:30	37	120	109	114	380	4	100
11/10/2015 14:35	43	110	123	115	391	4	100
11/10/2015 14:40	42	104	118	128	392	4	100
11/10/2015 14:45	44	122	120	118	404	4	100
11/10/2015 14:50	29	118	110	103	360	4	100
11/10/2015 14:55	40	110	103	102	355	4	100
11/10/2015 15:00	45	107	98	88	338	4	100
11/10/2015 15:05	33	98	112	119	362	4	100
11/10/2015 15:10	33	103	106	96	338	4	100
11/10/2015 15:15	23	98	90	105	316	4	100
11/10/2015 15:20	34	96	99	103	332	4	100
11/10/2015 15:25	38	115	109	95	357	4	100
11/10/2015 15:30	33	113	118	105	369	4	100
11/10/2015 15:35	36	130	108	116	390	4	100
11/10/2015 15:40	26	115	124	108	373	4	100
11/10/2015 15:45	38	118	117	116	389	4	100
11/10/2015 15:50	32	129	116	103	380	4	100
11/10/2015 15:55	31	110	103	122	366	4	100
11/10/2015 16:00	32	114	94	97	337	4	100
11/10/2015 16:05	26	101	100	104	331	4	100
11/10/2015 16:10	39	110	112	123	384	4	100
11/10/2015 16:15	28	129	102	106	365	4	100
11/10/2015 16:20	28	114	112	98	352	4	100
11/10/2015 16:25	31	123	111	111	376	4	100
11/10/2015 16:30	29	103	115	103	350	4	100
11/10/2015 16:35	29	135	107	114	385	4	100
11/10/2015 16:40	36	118	129	109	392	4	100
11/10/2015 16:45	26	128	122	115	391	4	100
11/10/2015 16:50	36	129	115	114	394	4	100
11/10/2015 16:55	34	122	129	108	393	4	100
11/10/2015 17:00	42	105	110	103	360	4	100
11/10/2015 17:05	45	137	127	123	432	4	100
11/10/2015 17:10	37	133	128	121	419	4	100
11/10/2015 17:15	39	122	126	119	406	4	100
11/10/2015 17:20	39	129	123	127	418	4	100
11/10/2015 17:25	41	144	122	124	431	4	100
11/10/2015 17:30	31	141	132	125	429	4	100
11/10/2015 17:35	33	136	129	120	418	4	100
11/10/2015 17:40	29	137	128	116	410	4	100
11/10/2015 17:45	33	125	106	113	377	4	100
11/10/2015 17:50	36	113	110	115	374	4	100
11/10/2015 17:55	50	121	112	101	384	4	100
11/10/2015 18:00	42	135	118	95	390	4	100
11/10/2015 18:05	33	130	114	102	379	4	100
11/10/2015 18:10	44	130	126	111	411	4	100
11/10/2015 18:15	39	135	120	125	419	4	100
11/10/2015 18:20	53	123	112	117	405	4	100
11/10/2015 18:25	34	122	108	118	382	4	100
11/10/2015 18:30	43	126	129	116	414	4	100
11/10/2015 18:35	45	122	125	112	404	4	100
11/10/2015 18:40	28	110	102	113	353	4	100
11/10/2015 18:45	25	102	109	106	342	4	100
11/10/2015 18:50	26	93	102	90	311	4	100
11/10/2015 18:55	21	95	93	106	315	4	100
11/10/2015 19:00	30	80	95	108	313	4	100
11/10/2015 19:05	29	81	86	90	286	4	100
11/10/2015 19:10	23	100	97	100	320	4	100
11/10/2015 19:15	29	101	92	95	317	4	100
11/10/2015 19:20	20	85	91	93	289	4	100
11/10/2015 19:25	9	79	88	85	261	4	100
11/10/2015 19:30	14	70	87	81	252	4	100
11/10/2015 19:35	19	80	82	87	268	4	100
11/10/2015 19:40	16	66	76	77	235	4	100
11/10/2015 19:45	18	66	83	86	253	4	100
11/10/2015 19:50	14	76	79	86	255	4	100
11/10/2015 19:55	12	72	70	77	231	4	100
11/10/2015 20:00	17	50	62	80	209	4	100
11/10/2015 20:05	13	68	86	78	245	4	100
11/10/2015 20:10	16	59	73	75	223	4	100
11/10/2015 20:15	19	57	77	90	243	4	100
11/10/2015 20:20	16	69	75	77	237	4	100
11/10/2015 20:25	19	64	82	81	246	4	100
11/10/2015 20:30	17	49	68	73	207	4	100
11/10/2015 20:35	11	57	80	76	224	4	100
11/10/2015 20:40	8	59	68	70	205	4	100
11/10/2015 20:45	16	58	77	78	229	4	100
11/10/2015 20:50	14	57	65	77	213	4	100
11/10/2015 20:55	17	76	78	76	247	4	100
11/10/2015 21:00	5	64	64	74	207	4	100
11/10/2015 21:05	7	64	63	77	211	4	100
11/10/2015 21:10	7	64	62	67	200	4	100
11/10/2015 21:15	14	66	87	81	248	4	100
11/10/2015 21:20	12	54	71	74	211	4	100
11/10/2015 21:25	9	58	64	72	203	4	100
11/10/2015 21:30	7	56	65	67	195	4	100
11/10/2015 21:35	14	78	82	86	260	4	100
11/10/2015 21:40	12	62	68	56	198	4	100
11/10/2015 21:45	12	39	57	55	163	4	100
11/10/2015 21:50	9	50	67	74	200	4	100
11/10/2015 21:55	7	51	69	69	196	4	100
11/10/2015 22:00	12	42	65	64	183	4	100
11/10/2015 22:05	13	63	60	71	207	4	100
11/10/2015 22:10	7	54	49	64	174	4	100
11/10/2015 22:15	9	48	64	70	191	4	100
11/10/2015 22:20	4	49	49	60	162	4	100
11/10/2015 22:25	8	50	56	61	175	4	100
11/10/2015 22:30	5	42	54	62	163	4	100
11/10/2015 22:35	5	44	61	53	163	4	100
11/10/2015 22:40	1	34	50	58	143	4	100
11/10/2015 22:45	4	37	46	44	131	4	100
11/10/2015 22:50	1	27	41	40	109	4	100
11/10/2015 22:55	2	24	37	42	105	4	100
11/10/2015 23:00	3	30	42	45	120	4	100
11/10/2015 23:05	1	26	38	44	109	4	100
11/10/2015 23:10	3	19	38	48	108	4	100
11/10/2015 23:15	1	31	44	39	115	4	100
11/10/2015 23:20	0	28	37	39	104	4	100
11/10/2015 23:25	2	26	39	46	113	4	100
11/10/2015 23:30	2	25	38	32	97	4	100
11/10/2015 23:35	1	25	33	39	98	4	100
11/10/2015 23:40	5	18	30	38	91	4	100
11/10/2015 23:45	1	14	24	33	72	4	100
11/10/2015 23:50	0	21	33	30	84	4	100
11/10/2015 23:55	2	18	24	26	70	4	100
11/11/2015 00:00	1	12	27	21	61	4	100
11/11/2015 00:05	1	14	14	31	60	4	100
11/11/2015 00:10	1	15	23	19	58	4	100
11/11/2015 00:15	1	17	26	25	69	4	100
11/11/2015 00:20	0	9	23	27	59	4	100
11/11/2015 00:25	0	9	25	27	61	4	100
11/11/2015 00:30	1	12	23	21	57	4	100
11/11/2015 00:35	0	6	19	14	39	4	100
11/11/2015 00:40	0	6	22	28	56	4	100
11/11/2015 00:45	1	10	13	20	44	4	100
11/11/2015 00:50	0	7	12	23	42	4	100
11/11/2015 00:55	0	8	15	20	43	4	100
11/11/2015 01:00	0	8	17	19	44	4	100
11/11/2015 01:05	0	6	13	18	37	4	100
11/11/2015 01:10	2	10	18	17	47	4	100
11/11/2015 01:15	1	6	9	12	28	4	100
11/11/2015 01:20	0	9	10	15	34	4	100
11/11/2015 01:25	0	3	16	18	37	4	100
11/11/2015 01:30	0	4	13	7	24	4	100
11/11/2015 01:35	0	4	11	21	36	4	100
11/11/2015 01:40	0	8	12	10	30	4	100
11/11/2015 01:45	0	7	8	18	33	4	100
11/11/2015 01:50	0	7	6	16	29	4	100
11/11/2015 01:55	0	8	11	18	37	4	100
11/11/2015 02:00	2	7	10	15	34	4	100
11/11/2015 02:05	0	8	12	19	39	4	100
11/11/2015 02:10	0	8	12	18	38	4	100
11/11/2015 02:15	0	6	11	17	34	4	100
11/11/2015 02:20	0	12	9	19	40	4	100
11/11/2015 02:25	0	7	15	20	42	4	100
11/11/2015 02:30	0	6	16	13	35	4	100
11/11/2015 02:35	0	13	17	16	46	4	100
11/11/2015 02:40	0	3	18	15	36	4	100
11/11/2015 02:45	0	5	8	14	27	4	100
11/11/2015 02:50	0	10	17	19	46	4	100
11/11/2015 02:55	0	7	11	12	30	4	100
11/11/2015 03:00	0	5	12	15	32	4	100
11/11/2015 03:05	0	9	16	15	40	4	100
11/11/2015 03:10	0	10	20	16	46	4	100
11/11/2015 03:15	0	13	15	17	45	4	100
11/11/2015 03:20	0	6	16	11	33	4	100
11/11/2015 03:25	1	12	21	23	57	4	100
11/11/2015 03:30	0	12	18	14	44	4	100
11/11/2015 03:35	2	17	23	18	60	4	100
11/11/2015 03:40	1	14	28	23	66	4	100
11/11/2015 03:45	2	19	27	21	69	4	100
11/11/2015 03:50	0	17	19	28	64	4	100
11/11/2015 03:55	2	20	26	25	73	4	100
11/11/2015 04:00	1	21	30	24	76	4	100
11/11/2015 04:05	6	21	21	24	72	4	100
11/11/2015 04:10	3	25	30	22	80	4	100
11/11/2015 04:15	6	32	44	28	110	4	100
11/11/2015 04:20	8	34	45	30	117	4	100
11/11/2015 04:25	10	48	47	53	158	4	100
11/11/2015 04:30	11	58	62	46	177	4	100
11/11/2015 04:35	17	48	49	44	158	4	100
11/11/2015 04:40	14	61	66	45	186	4	100
11/11/2015 04:45	21	75	74	58	228	4	100
11/11/2015 04:50	17	80	72	57	226	4	100
11/11/2015 04:55	17	77	65	59	218	4	100
11/11/2015 05:00	23	76	78	58	235	4	100
11/11/2015 05:05	24	79	86	65	254	4	100
11/11/2015 05:10	34	129	114	82	359	4	100
11/11/2015 05:15	49	137	133	93	412	4	100
11/11/2015 05:20	71	159	139	100	469	4	100
11/11/2015 05:25	86	175	151	110	522	4	100
11/11/2015 05:30	89	182	155	122	548	4	100
11/11/2015 05:35	93	167	171	131	562	4	100
11/11/2015 05:40	113	158	152	128	551	4	100
11/11/2015 05:45	107	151	145	115	518	4	100
11/11/2015 05:50	100	143	155	118	516	4	100
11/11/2015 05:55	122	163	140	121	546	4	100
11/11/2015 06:00	133	169	145	121	568	4	100
11/11/2015 06:05	109	136	126	114	485	4	100
11/11/2015 06:10	108	143	128	111	490	4	100
11/11/2015 06:15	90	123	129	107	449	4	100
11/11/2015 06:20	97	123	117	95	432	4	100
11/11/2015 06:25	86	102	106	81	375	4	100
11/11/2015 06:30	88	84	105	94	371	4	100
11/11/2015 06:35	65	103	99	91	358	4	100
11/11/2015 06:40	77	85	106	79	347	4	100
11/11/2015 06:45	57	90	84	84	315	4	100
11/11/2015 06:50	67	98	92	92	349	4	100
11/11/2015 06:55	64	97	102	92	355	4	100
11/11/2015 07:00	68	98	91	92	349	4	100
11/11/2015 07:05	55	105	101	81	342	4	100
11/11/2015 07:10	53	85	90	86	314	4	100
11/11/2015 07:15	44	76	91	94	305	4	100
11/11/2015 07:20	54	105	108	98	365	4	100
11/11/2015 07:25	62	94	102	92	350	4	100
11/11/2015 07:30	49	82	94	94	319	4	100
11/11/2015 07:35	48	104	101	109	362	4	100
11/11/2015 07:40	51	87	105	89	332	4	100
11/11/2015 07:45	53	79	101	95	328	4	100
11/11/2015 07:50	43	87	97	101	328	4	100
11/11/2015 07:55	52	85	87	92	316	4	100
11/11/2015 08:00	38	71	95	75	279	4	100
11/11/2015 08:05	54	85	87	89	315	4	100
11/11/2015 08:10	56	95	95	94	340	4	100
11/11/2015 08:15	54	91	93	89	327	4	100
11/11/2015 08:20	45	105	97	106	353	4	100
11/11/2015 08:25	46	78	87	84	295	4	100
11/11/2015 08:30	46	90	100	84	320	4	100
11/11/2015 08:35	46	85	98	93	322	4	100
11/11/2015 08:40	51	86	93	92	322	4	100
11/11/2015 08:45	51	89	95	99	334	4	100
11/11/2015 08:50	50	90	100	98	338	4	100
11/11/2015 08:55	44	99	91	97	331	4	100
11/11/2015 09:00	56	92	91	104	343	4	100
11/11/2015 09:05	52	75	97	95	319	4	100
11/11/2015 09:10	37	81	99	106	323	4	100
11/11/2015 09:15	62	85	107	92	346	4	100
11/11/2015 09:20	50	99	113	105	367	4	100
11/11/2015 09:25	60	94	104	103	361	4	100
11/11/2015 09:30	63	109	117	112	401	4	100
11/11/2015 09:35	30	105	107	110	352	4	100
11/11/2015 09:40	51	104	123	108	386	4	100
11/11/2015 09:45	60	119	111	111	401	4	100
11/11/2015 09:50	59	113	118	110	400	4	100
11/11/2015 09:55	55	116	117	115	403	4	100
11/11/2015 10:00	63	120	112	102	397	4	100
11/11/2015 10:05	41	104	96	95	336	4	100
11/11/2015 10:10	48	101	124	107	380	4	100
11/11/2015 10:15	54	135	107	117	413	4	100
11/11/2015 10:20	55	140	125	133	453	4	100
11/11/2015 10:25	52	124	123	119	418	4	100
11/11/2015 10:30	56	115	122	111	404	4	100
11/11/2015 10:35	58	117	124	127	426	4	100
11/11/2015 10:40	54	125	132	115	426	4	100
11/11/2015 10:45	68	133	135	119	455	4	100
11/11/2015 10:50	41	116	111	116	384	4	100
11/11/2015 10:55	58	117	142	105	422	4	100
11/11/2015 11:00	54	138	125	127	444	4	100
11/11/2015 11:05	50	112	124	112	398	4	100
11/11/2015 11:10	62	116	116	125	419	4	100
11/11/2015 11:15	42	116	114	108	380	4	100
11/11/2015 11:20	57	113	121	115	406	4	100
11/11/2015 11:25	55	126	128	133	442	4	100
11/11/2015 11:30	61	105	112	123	401	4	100
11/11/2015 11:35	58	130	126	129	443	4	100
11/11/2015 11:40	49	115	127	123	414	4	100
11/11/2015 11:45	52	116	131	118	417	4	100
11/11/2015 11:50	45	118	134	126	423	4	100
11/11/2015 11:55	47	122	126	121	416	4	100
11/11/2015 12:00	44	107	113	119	383	4	100
11/11/2015 12:05	43	105	126	106	380	4	100
11/11/2015 12:10	47	118	126	117	408	4	100
11/11/2015 12:15	37	110	124	113	384	4	100
11/11/2015 12:20	42	124	136	108	410	4	100
11/11/2015 12:25	59	125	135	116	435	4	100
11/11/2015 12:30	43	115	117	115	390	4	100
11/11/2015 12:35	39	119	118	118	394	4	100
11/11/2015 12:40	48	118	140	132	438	4	100
11/11/2015 12:45	40	113	111	112	376	4	100
11/11/2015 12:50	41	121	116	128	406	4	100
11/11/2015 12:55	45	124	137	121	427	4	100
11/11/2015 13:00	52	115	116	112	395	4	100
11/11/2015 13:05	54	109	114	108	385	4	100
11/11/2015 13:10	33	113	123	114	383	4	100
11/11/2015 13:15	58	111	111	111	391	4	100
11/11/2015 13:20	35	115	126	112	388	4	100
11/11/2015 13:25	56	113	128	131	428	4	100
11/11/2015 13:30	49	128	114	111	402	4	100
11/11/2015 13:35	39	101	127	114	381	4	100
11/11/2015 13:40	50	105	109	113	377	4	100
11/11/2015 13:45	35	97	114	122	368	4	100
11/11/2015 13:50	42	120	99	109	370	4	100
11/11/2015 13:55	32	108	106	99	345	4	100
11/11/2015 14:00	35	117	125	120	397	4	100
11/11/2015 14:05	32	109	120	110	371	4	100
11/11/2015 14:10	42	104	108	109	363	4	100
11/11/2015 14:15	37	101	109	112	359	4	100
11/11/2015 14:20	43	105	114	112	374	4	100
11/11/2015 14:25	50	129	123	122	424	4	100
11/11/2015 14:30	32	101	103	114	350	4	100
11/11/2015 14:35	36	113	116	117	382	4	100
11/11/2015 14:40	37	107	126	121	391	4	100
11/11/2015 14:45	48	105	136	124	413	4	100
11/11/2015 14:50	46	110	105	119	380	4	100
11/11/2015 14:55	49	97	103	90	339	4	100
11/11/2015 15:00	37	106	115	111	369	4	100
11/11/2015 15:05	42	102	108	99	351	4	100
11/11/2015 15:10	39	102	110	102	353	4	100
11/11/2015 15:15	33	99	91	100	323	4	100
11/11/2015 15:20	32	112	99	111	354	4	100
11/11/2015 15:25	48	118	101	112	379	4	100
11/11/2015 15:30	38	113	107	113	371	4	100
11/11/2015 15:35	45	97	107	98	347	4	100
11/11/2015 15:40	39	122	129	109	399	4	100
11/11/2015 15:45	33	111	122	108	374	4	100
11/11/2015 15:50	35	110	107	103	355	4	100
11/11/2015 15:55	39	103	110	98	350	4	100
11/11/2015 16:00	34	97	98	88	317	4	100
11/11/2015 16:05	36	90	98	109	333	4	100
11/11/2015 16:10	32	103	111	120	366	4	100
11/11/2015 16:15	42	106	93	106	347	4	100
11/11/2015 16:20	45	111	101	96	353	4	100
11/11/2015 16:25	48	101	94	103	346	4	100
11/11/2015 16:30	38	97	109	106	350	4	100
11/11/2015 16:35	55	121	111	115	402	4	100
11/11/2015 16:40	45	119	115	105	384	4	100
11/11/2015 16:45	52	118	127	120	417	4	100
11/11/2015 16:50	51	115	113	96	375	4	100
11/11/2015 16:55	39	110	99	112	360	4	100
11/11/2015 17:00	32	106	110	98	346	4	100
11/11/2015 17:05	41	111	112	123	387	4	100
11/11/2015 17:10	39	114	121	119	393	4	100
11/11/2015 17:15	55	125	120	111	411	4	100
11/11/2015 17:20	40	115	109	115	379	4	100
11/11/2015 17:25	47	140	122	105	414	4	100
11/11/2015 17:30	43	106	112	110	371	4	100
11/11/2015 17:35	45	120	111	97	373	4	100
11/11/2015 17:40	44	113	112	115	384	4	100
11/11/2015 17:45	41	118	109	114	382	4	100
11/11/2015 17:50	47	129	104	115	395	4	100
11/11/2015 17:55	54	127	112	103	396	4	100
11/11/2015 18:00	51	102	102	96	351	4	100
11/11/2015 18:05	47	100	96	92	335	4	100
11/11/2015 18:10	44	117	97	103	361	4	100
11/11/2015 18:15	43	109	100	100	352	4	100
11/11/2015 18:20	57	107	116	92	372	4	100
11/11/2015 18:25	53	103	99	102	357	4	100
11/11/2015 18:30	52	116	94	104	366	4	100
11/11/2015 18:35	60	123	113	90	386	4	100
11/11/2015 18:40	56	124	119	107	406	4	100
11/11/2015 18:45	31	89	90	108	318	4	100
11/11/2015 18:50	60	102	99	100	361	4	100
11/11/2015 18:55	37	95	99	110	341	4	100
11/11/2015 19:00	45	102	107	96	350	4	100
11/11/2015 19:05	24	85	84	77	270	4	100
11/11/2015 19:10	30	83	90	88	291	4	100
11/11/2015 19:15	24	91	93	96	304	4	100
11/11/2015 19:20	23	57	67	95	242	4	100
11/11/2015 19:25	32	83	79	95	289	4	100
11/11/2015 19:30	24	77	88	99	288	4	100
11/11/2015 19:35	29	96	103	95	323	4	100
11/11/2015 19:40	22	68	90	91	271	4	100
11/11/2015 19:45	22	65	89	87	263	4	100
11/11/2015 19:50	20	60	62	71	213	4	100
11/11/2015 19:55	18	70	73	83	244	4	100
11/11/2015 20:00	10	71	69	69	219	4	100
11/11/2015 20:05	13	55	72	79	219	4	100
11/11/2015 20:10	12	53	63	74	202	4	100
11/11/2015 20:15	17	58	79	78	232	4	100
11/11/2015 20:20	12	64	77	78	231	4	100
11/11/2015 20:25	12	62	60	63	197	4	100
11/11/2015 20:30	10	68	75	80	233	4	100
11/11/2015 20:35	16	69	69	59	213	4	100
11/11/2015 20:40	13	45	63	62	183	4	100
11/11/2015 20:45	12	58	71	71	212	4	100
11/11/2015 20:50	14	56	60	70	200	4	100
11/11/2015 20:55	5	41	64	72	182	4	100
11/11/2015 21:00	9	53	74	73	209	4	100
11/11/2015 21:05	16	57	64	70	207	4	100
11/11/2015 21:10	17	57	65	66	205	4	100
11/11/2015 21:15	11	74	75	72	232	4	100
11/11/2015 21:20	18	52	66	73	209	4	100
11/11/2015 21:25	10	54	68	64	196	4	100
11/11/2015 21:30	11	60	64	69	204	4	100
11/11/2015 21:35	10	50	59	60	179	4	100
11/11/2015 21:40	7	46	45	60	158	4	100
11/11/2015 21:45	8	50	54	57	169	4	100
11/11/2015 21:50	11	42	65	45	163	4	100
11/11/2015 21:55	8	45	66	44	163	4	100
11/11/2015 22:00	8	43	51	57	159	4	100
11/11/2015 22:05	6	53	56	51	166	4	100
11/11/2015 22:10	5	40	62	61	168	4	100
11/11/2015 22:15	8	46	65	50	169	4	100
11/11/2015 22:20	6	38	50	57	151	4	100
11/11/2015 22:25	10	32	56	46	144	4	100
11/11/2015 22:30	7	40	51	55	153	4	100
11/11/2015 22:35	2	42	52	48	144	4	100
11/11/2015 22:40	2	45	40	52	139	4	100
11/11/2015 22:45	3	33	51	52	139	4	100
11/11/2015 22:50	8	28	49	58	143	4	100
11/11/2015 22:55	2	22	37	43	104	4	100
11/11/2015 23:00	4	24	36	40	104	4	100
11/11/2015 23:05	3	29	33	30	95	4	100
11/11/2015 23:10	1	22	48	42	113	4	100
11/11/2015 23:15	1	23	41	34	99	4	100
11/11/2015 23:20	0	18	35	37	90	4	100
11/11/2015 23:25	2	25	40	32	99	4	100
11/11/2015 23:30	0	27	33	33	93	4	100
11/11/2015 23:35	2	20	32	33	87	4	100
11/11/2015 23:40	1	18	37	40	96	4	100
11/11/2015 23:45	0	15	23	26	64	4	100
11/11/2015 23:50	1	10	23	37	71	4	100
11/11/2015 23:55	1	17	24	33	75	4	100
11/12/2015 00:00	0	20	24	23	67	4	100
11/12/2015 00:05	1	6	22	21	50	4	100
11/12/2015 00:10	3	19	25	28	75	4	100
11/12/2015 00:15	1	16	28	30	75	4	100
11/12/2015 00:20	0	17	20	28	65	4	100
11/12/2015 00:25	1	10	20	26	57	4	100
11/12/2015 00:30	2	9	15	21	47	4	100
11/12/2015 00:35	0	8	17	26	51	4	100
11/12/2015 00:40	1	10	9	24	44	4	100
11/12/2015 00:45	0	15	17	17	49	4	100
11/12/2015 00:50	1	4	14	14	33	4	100
11/12/2015 00:55	0	6	12	17	35	4	100
11/12/2015 01:00	0	4	14	7	25	4	100
11/12/2015 01:05	0	10	13	18	41	4	100
11/12/2015 01:10	0	7	6	15	28	4	100
11/12/2015 01:15	0	9	12	16	37	4	100
11/12/2015 01:20	0	7	9	19	35	4	100
11/12/2015 01:25	0	11	20	17	48	4	100
11/12/2015 01:30	0	9	12	15	36	4	100
11/12/2015 01:35	0	3	15	15	33	4	100
11/12/2015 01:40	0	6	12	14	32	4	100
11/12/2015 01:45	0	4	8	14	26	4	100
11/12/2015 01:50	0	6	17	17	40	4	100
11/12/2015 01:55	0	5	9	16	30	4	100
11/12/2015 02:00	0	5	16	16	37	4	100
11/12/2015 02:05	1	5	10	15	31	4	100
11/12/2015 02:10	0	3	11	15	29	4	100
11/12/2015 02:15	0	6	13	22	41	4	100
11/12/2015 02:20	0	9	9	13	31	4	100
11/12/2015 02:25	0	4	13	18	35	4	100
11/12/2015 02:30	1	5	16	20	42	4	100
11/12/2015 02:35	0	9	13	19	41	4	100
11/12/2015 02:40	0	8	8	16	32	4	100
11/12/2015 02:45	0	8	20	14	42	4	100
11/12/2015 02:50	1	5	11	16	33	4	100
11/12/2015 02:55	1	4	17	19	41	4	100
11/12/2015 03:00	2	8	14	16	40	4	100
11/12/2015 03:05	0	20	13	19	52	4	100
11/12/2015 03:10	2	10	17	19	48	4	100
11/12/2015 03:15	1	13	23	20	57	4	100
11/12/2015 03:20	0	14	20	18	52	4	100
11/12/2015 03:25	0	10	20	21	51	4	100
11/12/2015 03:30	4	18	22	24	68	4	100
11/12/2015 03:35	2	19	27	21	69	4	100
11/12/2015 03:40	2	24	26	27	79	4	100
11/12/2015 03:45	0	35	27	28	90	4	100
11/12/2015 03:50	1	29	27	33	90	4	100
11/12/2015 03:55	5	26	36	22	89	4	100
11/12/2015 04:00	2	23	28	26	79	4	100
11/12/2015 04:05	0	37	45	32	114	4	100
11/12/2015 04:10	3	32	41	26	102	4	100
11/12/2015 04:15	9	58	50	34	151	4	100
11/12/2015 04:20	9	55	46	38	148	4	100
11/12/2015 04:25	16	69	59	41	185	4	100
11/12/2015 04:30	19	79	69	60	227	4	100
11/12/2015 04:35	21	85	72	64	242	4	100
11/12/2015 04:40	18	90	82	71	261	4	100
11/12/2015 04:45	21	69	84	57	231	4	100
11/12/2015 04:50	28	104	77	61	270	4	100
11/12/2015 04:55	31	105	83	72	291	4	100
11/12/2015 05:00	26	112	99	63	300	4	100
11/12/2015 05:05	52	142	110	88	392	4	100
11/12/2015 05:10	74	153	124	104	455	4	100
11/12/2015 05:15	62	198	164	108	532	4	100
11/12/2015 05:20	82	181	149	109	521	4	100
11/12/2015 05:25	110	196	175	136	617	4	100
11/12/2015 05:30	133	199	173	142	647	4	100
11/12/2015 05:35	111	169	162	143	585	4	100
11/12/2015 05:40	128	148	157	136	569	4	100
11/12/2015 05:45	135	140	145	132	552	4	100
11/12/2015 05:50	139	134	127	138	538	4	100
11/12/2015 05:55	132	134	128	122	516	4	100
11/12/2015 06:00	107	101	108	113	429	4	100
11/12/2015 06:05	100	98	96	94	388	4	100
11/12/2015 06:10	103	97	101	83	384	4	100
11/12/2015 06:15	92	86	86	84	348	4	100
11/12/2015 06:20	93	76	82	85	336	4	100
11/12/2015 06:25	94	85	91	84	354	4	100
11/12/2015 06:30	67	66	69	70	272	4	100
11/12/2015 06:35	81	66	65	50	262	4	100
11/12/2015 06:40	75	58	69	63	265	4	100
11/12/2015 06:45	73	60	63	67	263	4	100
11/12/2015 06:50	65	54	58	59	236	4	100
11/12/2015 06:55	63	47	52	52	214	4	100
11/12/2015 07:00	58	56	67	55	236	4	100
11/12/2015 07:05	69	54	56	53	232	4	100
11/12/2015 07:10	45	38	43	42	168	4	100
11/12/2015 07:15	46	52	61	52	211	4	100
11/12/2015 07:20	41	49	55	60	205	4	100
11/12/2015 07:25	38	44	46	38	166	4	100
11/12/2015 07:30	44	48	67	61	220	4	100
11/12/2015 07:35	46	51	61	39	197	4	100
11/12/2015 07:40	54	57	64	48	223	4	100
11/12/2015 07:45	56	63	71	45	235	4	100
11/12/2015 07:50	40	49	62	53	204	4	100
11/12/2015 07:55	73	67	73	58	271	4	100
11/12/2015 08:00	57	43	54	44	198	4	100
11/12/2015 08:05	57	49	64	48	218	4	100
11/12/2015 08:10	62	51	62	47	222	4	100
11/12/2015 08:15	58	48	56	42	204	4	100
11/12/2015 08:20	65	57	59	48	229	4	100
11/12/2015 08:25	68	54	70	62	254	4	100
11/12/2015 08:30	61	51	64	51	227	4	100
11/12/2015 08:35	55	42	53	42	192	4	100
11/12/2015 08:40	64	40	45	45	194	4	100
11/12/2015 08:45	55	42	58	46	201	4	100
11/12/2015 08:50	67	36	63	64	230	4	100
11/12/2015 08:55	52	38	45	39	174	4	100
11/12/2015 09:00	66	36	36	35	173	4	100
11/12/2015 09:05	85	53	65	63	266	4	100
11/12/2015 09:10	58	42	45	46	191	4	100
11/12/2015 09:15	68	45	46	53	212	4	100
11/12/2015 09:20	61	43	49	46	199	4	100
11/12/2015 09:25	76	43	59	50	228	4	100
11/12/2015 09:30	58	36	34	34	162	4	100
11/12/2015 09:35	72	54	57	47	230	4	100
11/12/2015 09:40	79	57	73	52	261	4	100
11/12/2015 09:45	64	51	68	58	241	4	100
11/12/2015 09:50	87	52	66	48	253	4	100
11/12/2015 09:55	65	43	53	45	206	4	100
11/12/2015 10:00	72	47	53	47	219	4	100
11/12/2015 10:05	97	61	71	70	299	4	100
11/12/2015 10:10	89	76	85	58	308	4	100
11/12/2015 10:15	84	45	66	48	243	4	100
11/12/2015 10:20	83	62	71	60	276	4	100
11/12/2015 10:25	78	68	74	67	287	4	100
11/12/2015 10:30	69	57	73	65	264	4	100
11/12/2015 10:35	64	79	99	70	312	4	100
11/12/2015 10:40	67	65	72	47	251	4	100
11/12/2015 10:45	80	78	89	67	314	4	100
11/12/2015 10:50	81	110	105	84	380	4	100
11/12/2015 10:55	59	108	108	89	364	4	100
11/12/2015 11:00	67	99	98	80	344	4	100
11/12/2015 11:05	50	113	115	103	381	4	100
11/12/2015 11:10	47	102	118	85	352	4	100
11/12/2015 11:15	40	121	126	100	387	4	100
11/12/2015 11:20	46	114	109	111	380	4	100
11/12/2015 11:25	33	115	124	105	377	4	100
11/12/2015 11:30	41	106	113	105	365	4	100
11/12/2015 11:35	42	116	120	120	398	4	100
11/12/2015 11:40	38	107	113	125	383	4	100
11/12/2015 11:45	41	121	106	120	388	4	100
11/12/2015 11:50	38	118	119	114	389	4	100
11/12/2015 11:55	35	125	110	116	386	4	100
11/12/2015 12:00	41	98	104	97	340	4	100
11/12/2015 12:05	52	113	106	119	390	4	100
11/12/2015 12:10	42	109	120	113	384	4	100
11/12/2015 12:15	33	112	135	124	404	4	100
11/12/2015 12:20	47	122	117	116	402	4	100
11/12/2015 12:25	27	118	117	117	379	4	100
11/12/2015 12:30	44	127	140	123	434	4	100
11/12/2015 12:35	39	125	130	107	401	4	100
11/12/2015 12:40	37	129	114	130	410	4	100
11/12/2015 12:45	59	128	126	118	431	4	100
11/12/2015 12:50	41	109	117	115	382	4	100
11/12/2015 12:55	33	115	112	118	378	4	100
11/12/2015 13:00	37	123	125	99	384	4	100
11/12/2015 13:05	30	97	114	105	346	4	100
11/12/2015 13:10	38	110	113	115	376	4	100
11/12/2015 13:15	31	133	141	98	403	4	100
11/12/2015 13:20	33	123	122	123	401	4	100
11/12/2015 13:25	38	127	129	115	409	4	100
11/12/2015 13:30	33	118	126	118	395	4	100
11/12/2015 13:35	31	100	111	124	366	4	100
11/12/2015 13:40	32	117	111	114	374	4	100
11/12/2015 13:45	35	117	112	118	382	4	100
11/12/2015 13:50	32	111	116	107	366	4	100
11/12/2015 13:55	38	119	120	104	381	4	100
11/12/2015 14:00	40	116	112	123	391	4	100
11/12/2015 14:05	37	108	120	119	384	4	100
11/12/2015 14:10	50	139	116	120	425	4	100
11/12/2015 14:15	38	145	129	129	441	4	100
11/12/2015 14:20	40	118	122	118	398	4	100
11/12/2015 14:25	30	111	104	112	357	4	100
11/12/2015 14:30	38	139	119	118	414	4	100
11/12/2015 14:35	34	119	105	108	366	4	100
11/12/2015 14:40	27	135	125	99	386	4	100
11/12/2015 14:45	35	101	105	112	353	4	100
11/12/2015 14:50	35	114	96	119	364	4	100
11/12/2015 14:55	32	98	105	96	331	4	100
11/12/2015 15:00	40	104	115	104	363	4	100
11/12/2015 15:05	35	110	101	105	351	4	100
11/12/2015 15:10	38	107	99	104	348	4	100
11/12/2015 15:15	43	111	114	106	374	4	100
11/12/2015 15:20	33	110	109	97	349	4	100
11/12/2015 15:25	37	109	111	109	366	4	100
11/12/2015 15:30	34	99	106	106	345	4	100
11/12/2015 15:35	48	112	104	100	364	4	100
11/12/2015 15:40	34	112	113	99	358	4	100
11/12/2015 15:45	39	112	115	113	379	4	100
11/12/2015 15:50	37	129	114	112	392	4	100
11/12/2015 15:55	38	117	121	100	376	4	100
11/12/2015 16:00	20	113	119	97	349	4	100
11/12/2015 16:05	27	100	109	113	349	4	100
11/12/2015 16:10	36	123	115	113	387	4	100
11/12/2015 16:15	35	127	126	114	402	4	100
11/12/2015 16:20	36	138	127	104	405	4	100
11/12/2015 16:25	30	142	120	116	408	4	100
11/12/2015 16:30	34	108	112	110	364	4	100
11/12/2015 16:35	37	113	112	106	368	4	100
11/12/2015 16:40	37	130	128	101	396	4	100
11/12/2015 16:45	42	116	118	108	384	4	100
11/12/2015 16:50	42	137	134	110	423	4	100
11/12/2015 16:55	40	128	116	122	406	4	100
11/12/2015 17:00	29	122	111	101	363	4	100
11/12/2015 17:05	39	125	127	125	416	4	100
11/12/2015 17:10	44	124	139	133	440	4	100
11/12/2015 17:15	34	128	111	126	399	4	100
11/12/2015 17:20	38	120	123	113	394	4	100
11/12/2015 17:25	36	127	116	122	401	4	100
11/12/2015 17:30	32	133	125	116	406	4	100
11/12/2015 17:35	40	130	114	116	400	4	100
11/12/2015 17:40	42	135	117	109	403	4	100
11/12/2015 17:45	37	131	110	139	417	4	100
11/12/2015 17:50	38	110	112	119	379	4	100
11/12/2015 17:55	35	120	98	104	357	4	100
11/12/2015 18:00	43	141	122	115	421	4	100
11/12/2015 18:05	61	122	111	90	384	4	100
11/12/2015 18:10	48	138	132	120	438	4	100
11/12/2015 18:15	31	128	99	101	359	4	100
11/12/2015 18:20	55	117	114	102	388	4	100
11/12/2015 18:25	54	132	107	105	398	4	100
11/12/2015 18:30	45	108	94	83	330	4	100
11/12/2015 18:35	40	125	105	107	377	4	100
11/12/2015 18:40	46	112	109	83	350	4	100
11/12/2015 18:45	44	114	91	90	339	4	100
11/12/2015 18:50	44	109	90	80	323	4	100
11/12/2015 18:55	25	83	79	81	268	4	100
11/12/2015 19:00	32	94	96	92	314	4	100
11/12/2015 19:05	35	89	79	85	288	4	100
11/12/2015 19:10	42	90	92	101	325	4	100
11/12/2015 19:15	44	79	90	94	307	4	100
11/12/2015 19:20	42	97	86	85	310	4	100
11/12/2015 19:25	28	118	96	91	333	4	100
11/12/2015 19:30	25	78	87	88	278	4	100
11/12/2015 19:35	31	97	89	89	306	4	100
11/12/2015 19:40	21	86	77	98	282	4	100
11/12/2015 19:45	22	81	71	83	257	4	100
11/12/2015 19:50	20	58	75	78	231	4	100
11/12/2015 19:55	13	79	74	76	242	4	100
11/12/2015 20:00	10	60	68	74	212	4	100
11/12/2015 20:05	8	56	75	63	202	4	100
11/12/2015 20:10	10	68	74	77	229	4	100
11/12/2015 20:15	12	59	73	73	217	4	100
11/12/2015 20:20	11	68	75	81	235	4	100
11/12/2015 20:25	12	68	73	69	222	4	100
11/12/2015 20:30	9	68	72	73	222	4	100
11/12/2015 20:35	14	61	69	69	213	4	100
11/12/2015 20:40	11	61	75	77	224	4	100
11/12/2015 20:45	20	71	83	67	241	4	100
11/12/2015 20:50	12	76	80	75	243	4	100
11/12/2015 20:55	12	65	66	55	198	4	100
11/12/2015 21:00	8	51	65	66	190	4	100
11/12/2015 21:05	11	73	62	88	234	4	100
11/12/2015 21:10	12	52	78	85	227	4	100
11/12/2015 21:15	13	70	79	85	247	4	100
11/12/2015 21:20	12	53	77	63	205	4	100
11/12/2015 21:25	21	71	72	78	242	4	100
11/12/2015 21:30	15	61	61	63	200	4	100
11/12/2015 21:35	12	67	68	74	221	4	100
11/12/2015 21:40	19	78	86	87	270	4	100
11/12/2015 21:45	9	65	63	71	208	4	100
11/12/2015 21:50	12	69	66	72	219	4	100
11/12/2015 21:55	5	59	66	70	200	4	100
11/12/2015 22:00	11	42	72	60	185	4	100
11/12/2015 22:05	10	58	64	69	201	4	100
11/12/2015 22:10	4	60	68	81	213	4	100
11/12/2015 22:15	13	47	64	59	183	4	100
11/12/2015 22:20	9	70	64	59	202	4	100
11/12/2015 22:25	7	57	55	65	184	4	100
11/12/2015 22:30	5	47	57	53	162	4	100
11/12/2015 22:35	10	43	60	46	159	4	100
11/12/2015 22:40	9	38	52	57	156	4	100
11/12/2015 22:45	5	34	49	45	133	4	100
11/12/2015 22:50	8	38	59	46	151	4	100
11/12/2015 22:55	2	37	46	46	131	4	100
11/12/2015 23:00	0	20	35	45	100	4	100
11/12/2015 23:05	4	38	47	38	127	4	100
11/12/2015 23:10	5	30	48	41	124	4	100
11/12/2015 23:15	4	24	32	38	98	4	100
11/12/2015 23:20	4	20	37	50	111	4	100
11/12/2015 23:25	1	29	31	36	97	4	100
11/12/2015 23:30	1	31	39	46	117	4	100
11/12/2015 23:35	0	19	26	26	71	4	100
11/12/2015 23:40	2	24	34	37	97	4	100
11/12/2015 23:45	0	16	22	34	72	4	100
11/12/2015 23:50	2	25	23	45	95	4	100
11/12/2015 23:55	2	19	31	43	95	4	100
11/13/2015 00:00	2	25	34	38	99	4	100
11/13/2015 00:05	0	15	28	31	74	4	100
11/13/2015 00:10	1	12	29	23	65	4	100
11/13/2015 00:15	0	15	24	25	64	4	100
11/13/2015 00:20	0	13	25	26	64	4	100
11/13/2015 00:25	1	26	29	28	84	4	100
11/13/2015 00:30	0	17	27	30	74	4	100
11/13/2015 00:35	0	12	19	20	51	4	100
11/13/2015 00:40	0	15	21	22	58	4	100
11/13/2015 00:45	0	3	23	26	52	4	100
11/13/2015 00:50	0	10	16	17	43	4	100
11/13/2015 00:55	2	13	21	27	63	4	100
11/13/2015 01:00	0	9	14	15	38	4	100
11/13/2015 01:05	0	10	16	15	41	4	100
11/13/2015 01:10	0	14	20	20	54	4	100
11/13/2015 01:15	0	7	20	16	43	4	100
11/13/2015 01:20	0	5	15	19	39	4	100
11/13/2015 01:25	0	11	16	19	46	4	100
11/13/2015 01:30	0	6	18	14	38	4	100
11/13/2015 01:35	0	9	14	15	38	4	100
11/13/2015 01:40	0	10	17	19	46	4	100
11/13/2015 01:45	0	12	13	17	42	4	100
11/13/2015 01:50	0	10	12	21	43	4	100
11/13/2015 01:55	0	4	11	11	26	4	100
11/13/2015 02:00	1	12	13	18	44	4	100
11/13/2015 02:05	0	6	22	16	44	4	100
11/13/2015 02:10	1	7	14	14	36	4	100
11/13/2015 02:15	1	9	13	15	38	4	100
11/13/2015 02:20	0	5	12	16	33	4	100
11/13/2015 02:25	0	10	9	19	38	4	100
11/13/2015 02:30	2	12	20	15	49	4	100
11/13/2015 02:35	0	8	12	16	36	4	100
11/13/2015 02:40	0	9	14	20	43	4	100
11/13/2015 02:45	0	15	16	17	48	4	100
11/13/2015 02:50	0	8	16	21	45	4	100
11/13/2015 02:55	0	8	17	17	42	4	100
11/13/2015 03:00	0	9	13	15	37	4	100
11/13/2015 03:05	1	17	22	17	57	4	100
11/13/2015 03:10	1	12	14	17	44	4	100
11/13/2015 03:15	1	19	22	24	66	4	100
11/13/2015 03:20	1	18	23	28	70	4	100
11/13/2015 03:25	0	18	21	27	66	4	100
11/13/2015 03:30	1	19	29	24	73	4	100
11/13/2015 03:35	4	22	29	25	80	4	100
11/13/2015 03:40	5	21	26	24	76	4	100
11/13/2015 03:45	1	24	33	22	80	4	100
11/13/2015 03:50	1	21	30	25	77	4	100
11/13/2015 03:55	5	21	28	21	75	4	100
11/13/2015 04:00	0	30	23	25	78	4	100
11/13/2015 04:05	3	29	34	27	93	4	0
11/13/2015 04:10	7	41	40	28	116	4	0
11/13/2015 04:15	10	40	45	45	140	4	100
11/13/2015 04:20	11	58	50	43	162	4	100
11/13/2015 04:25	18	70	58	42	188	4	100
11/13/2015 04:30	17	64	60	49	190	4	100
11/13/2015 04:35	20	85	76	55	236	4	100
11/13/2015 04:40	21	78	69	73	241	4	100
11/13/2015 04:45	23	72	68	60	223	4	100
11/13/2015 04:50	17	91	70	55	233	4	100
11/13/2015 04:55	35	100	95	62	292	4	100
11/13/2015 05:00	32	118	86	73	309	4	100
11/13/2015 05:05	30	132	111	80	353	4	100
11/13/2015 05:10	53	140	114	113	420	4	100
11/13/2015 05:15	61	155	133	94	443	4	100
11/13/2015 05:20	74	186	150	112	522	4	100
11/13/2015 05:25	92	187	164	126	569	4	100
11/13/2015 05:30	115	192	171	148	626	4	100
11/13/2015 05:35	116	179	172	138	605	4	100
11/13/2015 05:40	131	158	163	128	580	4	100
11/13/2015 05:45	129	129	133	123	514	4	100
11/13/2015 05:50	122	125	123	112	482	4	100
11/13/2015 05:55	129	131	128	121	509	4	100
11/13/2015 06:00	128	129	125	120	502	4	100
11/13/2015 06:05	106	94	101	106	407	4	100
11/13/2015 06:10	98	96	100	87	381	4	100
11/13/2015 06:15	102	103	110	93	408	4	100
11/13/2015 06:20	91	86	87	87	351	4	100
11/13/2015 06:25	87	88	80	77	332	4	100
11/13/2015 06:30	81	70	87	73	311	4	100
11/13/2015 06:35	69	66	72	62	269	4	100
11/13/2015 06:40	78	75	83	79	315	4	100
11/13/2015 06:45	77	68	72	68	285	4	100
11/13/2015 06:50	67	54	71	63	255	4	100
11/13/2015 06:55	67	54	67	55	243	4	100
11/13/2015 07:00	64	53	57	55	229	4	100
11/13/2015 07:05	60	48	45	39	192	4	100
11/13/2015 07:10	59	66	75	64	264	4	100
11/13/2015 07:15	64	44	48	46	202	4	100
11/13/2015 07:20	57	55	67	63	242	4	100
11/13/2015 07:25	49	47	71	45	212	4	100
11/13/2015 07:30	46	50	76	62	234	4	100
11/13/2015 07:35	43	49	68	67	227	4	100
11/13/2015 07:40	58	62	78	65	263	4	100
11/13/2015 07:45	58	58	69	47	232	4	100
11/13/2015 07:50	54	55	70	57	236	4	100
11/13/2015 07:55	65	58	78	57	258	4	100
11/13/2015 08:00	59	46	78	65	248	4	100
11/13/2015 08:05	75	59	83	53	270	4	100
11/13/2015 08:10	54	48	79	56	237	4	100
11/13/2015 08:15	67	52	63	57	239	4	100
11/13/2015 08:20	73	48	65	51	237	4	100
11/13/2015 08:25	64	40	52	42	198	4	100
11/13/2015 08:30	59	54	65	60	238	4	100
11/13/2015 08:35	80	52	69	46	247	4	100
11/13/2015 08:40	75	51	64	52	242	4	100
11/13/2015 08:45	74	58	69	60	261	4	100
11/13/2015 08:50	65	44	69	64	242	4	100
11/13/2015 08:55	77	48	67	44	236	4	100
11/13/2015 09:00	69	46	66	47	228	4	100
11/13/2015 09:05	75	66	75	68	284	4	100
11/13/2015 09:10	83	56	81	62	282	4	100
11/13/2015 09:15	75	44	59	54	232	4	100
11/13/2015 09:20	70	76	83	65	294	4	100
11/13/2015 09:25	58	75	79	73	285	4	100
11/13/2015 09:30	44	84	66	66	260	4	100
11/13/2015 09:35	61	86	102	66	315	4	100
11/13/2015 09:40	40	79	86	78	283	4	100
11/13/2015 09:45	62	78	79	80	299	4	100
11/13/2015 09:50	37	94	91	94	316	4	100
11/13/2015 09:55	45	104	112	97	358	4	100
11/13/2015 10:00	37	88	97	81	303	4	100
11/13/2015 10:05	46	91	93	96	326	4	100
11/13/2015 10:10	56	106	109	98	369	4	100
11/13/2015 10:15	47	116	121	96	380	4	100
11/13/2015 10:20	52	112	95	97	356	4	100
11/13/2015 10:25	61	92	122	103	378	4	100
11/13/2015 10:30	54	120	107	112	393	4	100
11/13/2015 10:35	56	99	115	116	386	4	100
11/13/2015 10:40	44	119	119	136	418	4	100
11/13/2015 10:45	57	128	122	114	421	4	100
11/13/2015 10:50	47	117	109	116	389	4	100
11/13/2015 10:55	43	121	125	104	393	4	100
11/13/2015 11:00	56	113	122	106	397	4	100
11/13/2015 11:05	52	117	114	105	388	4	100
11/13/2015 11:10	40	120	122	113	395	4	100
11/13/2015 11:15	49	130	134	128	441	4	100
11/13/2015 11:20	41	132	130	135	438	4	100
11/13/2015 11:25	43	121	113	107	384	4	100
11/13/2015 11:30	47	128	117	119	411	4	100
11/13/2015 11:35	55	130	120	113	418	4	100
11/13/2015 11:40	54	114	117	133	418	4	100
11/13/2015 11:45	38	130	115	125	408	4	100
11/13/2015 11:50	46	121	131	114	412	4	100
11/13/2015 11:55	35	136	115	127	413	4	100
11/13/2015 12:00	42	112	124	112	390	4	100
11/13/2015 12:05	33	135	114	108	390	4	100
11/13/2015 12:10	47	120	124	119	410	4	100
11/13/2015 12:15	51	132	131	114	428	4	100
11/13/2015 12:20	40	114	114	110	378	4	100
11/13/2015 12:25	59	128	120	123	430	4	100
11/13/2015 12:30	41	109	115	116	381	4	100
11/13/2015 12:35	37	143	148	135	463	4	100
11/13/2015 12:40	51	129	112	118	410	4	100
11/13/2015 12:45	40	129	114	101	384	4	100
11/13/2015 12:50	31	98	107	115	351	4	100
11/13/2015 12:55	46	141	109	114	410	4	100
11/13/2015 13:00	52	151	127	125	455	4	100
11/13/2015 13:05	41	132	115	113	401	4	100
11/13/2015 13:10	33	120	123	104	380	4	100
11/13/2015 13:15	54	121	129	101	405	4	100
11/13/2015 13:20	37	114	105	99	355	4	100
11/13/2015 13:25	36	115	125	114	390	4	100
11/13/2015 13:30	51	110	117	115	393	4	100
11/13/2015 13:35	35	120	126	113	394	4	100
11/13/2015 13:40	34	116	106	102	358	4	100
11/13/2015 13:45	55	116	130	121	422	4	100
11/13/2015 13:50	41	119	118	112	390	4	100
11/13/2015 13:55	49	124	106	94	373	4	100
11/13/2015 14:00	47	110	123	109	389	4	100
11/13/2015 14:05	56	146	119	114	435	4	100
11/13/2015 14:10	55	123	107	116	401	4	100
11/13/2015 14:15	43	129	128	127	427	4	100
11/13/2015 14:20	52	122	113	103	390	4	100
11/13/2015 14:25	50	120	132	133	435	4	100
11/13/2015 14:30	47	122	102	106	377	4	100
11/13/2015 14:35	46	120	121	125	412	4	100
11/13/2015 14:40	40	113	112	119	384	4	100
11/13/2015 14:45	62	142	112	127	443	4	100
11/13/2015 14:50	55	116	103	106	380	4	100
11/13/2015 14:55	45	95	91	86	317	4	100
11/13/2015 15:00	54	110	110	96	370	4	100
11/13/2015 15:05	50	131	125	94	400	4	100
11/13/2015 15:10	47	123	116	119	405	4	100
11/13/2015 15:15	47	98	107	111	363	4	100
11/13/2015 15:20	49	109	111	99	368	4	100
11/13/2015 15:25	55	134	115	113	417	4	100
11/13/2015 15:30	42	122	114	123	401	4	100
11/13/2015 15:35	38	116	112	105	371	4	100
11/13/2015 15:40	58	121	118	99	396	4	100
11/13/2015 15:45	44	110	108	103	365	4	100
11/13/2015 15:50	53	142	120	105	420	4	100
11/13/2015 15:55	34	107	86	92	319	4	100
11/13/2015 16:00	40	103	100	97	340	4	100
11/13/2015 16:05	37	118	104	110	369	4	100
11/13/2015 16:10	34	105	121	101	361	4	100
11/13/2015 16:15	50	139	121	123	433	4	100
11/13/2015 16:20	44	137	124	112	417	4	100
11/13/2015 16:25	60	158	121	116	455	4	100
11/13/2015 16:30	43	115	113	92	363	4	100
11/13/2015 16:35	54	116	122	122	414	4	100
11/13/2015 16:40	40	120	113	120	393	4	100
11/13/2015 16:45	46	109	123	104	382	4	100
11/13/2015 16:50	41	110	106	109	366	4	100
11/13/2015 16:55	56	126	116	110	408	4	100
11/13/2015 17:00	49	126	124	109	408	4	100
11/13/2015 17:05	45	119	108	107	379	4	100
11/13/2015 17:10	57	115	106	107	385	4	100
11/13/2015 17:15	49	132	137	111	429	4	100
11/13/2015 17:20	46	120	108	113	387	4	100
11/13/2015 17:25	52	112	119	114	397	4	100
11/13/2015 17:30	52	132	109	106	399	4	100
11/13/2015 17:35	57	122	111	107	397	4	100
11/13/2015 17:40	49	137	122	122	430	4	100
11/13/2015 17:45	53	113	118	116	400	4	100
11/13/2015 17:50	52	113	127	110	402	4	100
11/13/2015 17:55	63	127	130	122	442	4	100
11/13/2015 18:00	50	118	121	107	396	4	100
11/13/2015 18:05	51	113	101	94	359	4	100
11/13/2015 18:10	54	115	113	107	389	4	100
11/13/2015 18:15	44	133	123	123	423	4	100
11/13/2015 18:20	40	117	116	110	383	4	100
11/13/2015 18:25	48	137	123	111	419	4	100
11/13/2015 18:30	41	120	112	115	388	4	100
11/13/2015 18:35	59	118	92	109	378	4	100
11/13/2015 18:40	36	112	111	104	363	4	100
11/13/2015 18:45	41	97	96	88	322	4	100
11/13/2015 18:50	46	92	107	92	337	4	100
11/13/2015 18:55	29	92	104	87	312	4	100
11/13/2015 19:00	34	72	88	94	288	4	100
11/13/2015 19:05	32	91	101	110	334	4	100
11/13/2015 19:10	33	100	104	95	332	4	100
11/13/2015 19:15	30	96	93	88	307	4	100
11/13/2015 19:20	38	98	92	99	327	4	100
11/13/2015 19:25	37	99	95	103	334	4	100
11/13/2015 19:30	30	89	86	101	306	4	100
11/13/2015 19:35	31	95	91	97	314	4	100
11/13/2015 19:40	31	73	81	90	275	4	100
11/13/2015 19:45	26	84	89	95	294	4	100
11/13/2015 19:50	27	69	100	91	287	4	100
11/13/2015 19:55	27	76	70	89	262	4	100
11/13/2015 20:00	24	80	79	79	262	4	100
11/13/2015 20:05	21	77	84	84	266	4	100
11/13/2015 20:10	25	79	82	97	283	4	100
11/13/2015 20:15	24	83	87	77	271	4	100
11/13/2015 20:20	25	65	86	85	261	4	100
11/13/2015 20:25	14	70	94	86	264	4	100
11/13/2015 20:30	24	85	82	83	274	4	100
11/13/2015 20:35	23	92	89	94	298	4	100
11/13/2015 20:40	27	87	106	87	307	4	100
11/13/2015 20:45	33	83	88	82	286	4	100
11/13/2015 20:50	25	89	95	90	299	4	100
11/13/2015 20:55	18	72	73	98	261	4	100
11/13/2015 21:00	23	83	80	91	277	4	100
11/13/2015 21:05	12	69	89	76	246	4	100
11/13/2015 21:10	18	83	89	77	267	4	100
11/13/2015 21:15	31	74	78	88	271	4	100
11/13/2015 21:20	16	69	67	69	221	4	100
11/13/2015 21:25	17	72	78	65	232	4	100
11/13/2015 21:30	11	76	95	87	269	4	100
11/13/2015 21:35	16	65	73	85	239	4	100
11/13/2015 21:40	16	62	78	77	233	4	100
11/13/2015 21:45	17	77	65	76	235	4	100
11/13/2015 21:50	18	60	70	74	222	4	100
11/13/2015 21:55	18	71	68	65	222	4	100
11/13/2015 22:00	15	57	68	79	219	4	100
11/13/2015 22:05	21	57	73	63	214	4	100
11/13/2015 22:10	11	67	75	73	226	4	100
11/13/2015 22:15	18	40	62	57	177	4	100
11/13/2015 22:20	18	65	72	80	235	4	100
11/13/2015 22:25	13	64	75	80	232	4	100
11/13/2015 22:30	20	51	58	59	188	4	100
11/13/2015 22:35	18	74	81	79	252	4	100
11/13/2015 22:40	13	52	68	83	216	4	100
11/13/2015 22:45	7	56	67	67	197	4	100
11/13/2015 22:50	9	58	78	67	212	4	100
11/13/2015 22:55	12	44	60	56	172	4	100
11/13/2015 23:00	9	40	56	58	163	4	100
11/13/2015 23:05	14	54	67	68	203	4	100
11/13/2015 23:10	5	38	62	46	151	4	100
11/13/2015 23:15	10	43	57	61	171	4	100
11/13/2015 23:20	8	44	53	46	151	4	100
11/13/2015 23:25	3	43	50	56	152	4	100
11/13/2015 23:30	3	36	42	48	129	4	100
11/13/2015 23:35	9	43	52	49	153	4	100
11/13/2015 23:40	8	36	45	50	139	4	100
11/13/2015 23:45	1	24	45	50	120	4	100
11/13/2015 23:50	13	36	41	46	136	4	100
11/13/2015 23:55	7	29	53	39	128	4	100
11/14/2015 00:00	1	25	40	39	105	4	100
11/14/2015 00:05	3	33	35	36	107	4	100
11/14/2015 00:10	3	22	48	45	118	4	100
11/14/2015 00:15	0	31	34	34	99	4	100
11/14/2015 00:20	1	22	36	34	93	4	100
11/14/2015 00:25	3	19	30	33	85	4	100
11/14/2015 00:30	1	23	32	29	85	4	100
11/14/2015 00:35	2	13	22	24	61	4	100
11/14/2015 00:40	1	16	24	24	65	4	100
11/14/2015 00:45	2	13	32	34	81	4	100
11/14/2015 00:50	2	10	26	26	64	4	100
11/14/2015 00:55	0	21	28	28	77	4	100
11/14/2015 01:00	1	11	23	28	63	4	100
11/14/2015 01:05	2	15	16	21	54	4	100
11/14/2015 01:10	2	15	27	26	70	4	100
11/14/2015 01:15	1	17	28	22	68	4	100
11/14/2015 01:20	1	15	26	24	66	4	100
11/14/2015 01:25	1	20	30	22	73	4	100
11/14/2015 01:30	0	19	26	29	74	4	100
11/14/2015 01:35	2	9	19	32	62	4	100
11/14/2015 01:40	0	13	16	23	52	4	100
11/14/2015 01:45	1	20	19	22	62	4	100
11/14/2015 01:50	1	17	23	25	66	4	100
11/14/2015 01:55	0	12	20	22	54	4	100
11/14/2015 02:00	1	9	16	17	43	4	100
11/14/2015 02:05	0	8	24	25	57	4	100
11/14/2015 02:10	0	8	19	24	51	4	100
11/14/2015 02:15	0	6	16	20	42	4	100
11/14/2015 02:20	0	7	19	20	46	4	100
11/14/2015 02:25	1	9	26	25	61	4	100
11/14/2015 02:30	0	11	14	21	46	4	100
11/14/2015 02:35	1	13	17	27	58	4	100
11/14/2015 02:40	0	12	25	22	59	4	100
11/14/2015 02:45	2	9	18	18	47	4	100
11/14/2015 02:50	2	9	17	19	47	4	100
11/14/2015 02:55	0	5	17	18	40	4	100
11/14/2015 03:00	0	10	13	18	41	4	100
11/14/2015 03:05	0	14	13	16	43	4	100
11/14/2015 03:10	1	12	18	17	48	4	100
11/14/2015 03:15	0	12	19	18	49	4	100
11/14/2015 03:20	3	14	17	24	58	4	100
11/14/2015 03:25	1	16	26	26	69	4	100
11/14/2015 03:30	3	12	19	18	52	4	100
11/14/2015 03:35	1	14	20	15	50	4	100
11/14/2015 03:40	1	10	14	22	47	4	100
11/14/2015 03:45	1	18	31	25	75	4	100
11/14/2015 03:50	0	9	19	16	44	4	100
11/14/2015 03:55	1	12	24	21	58	4	100
11/14/2015 04:00	1	12	19	21	53	4	100
11/14/2015 04:05	1	17	16	23	57	4	100
11/14/2015 04:10	3	21	25	23	72	4	100
11/14/2015 04:15	3	20	20	20	63	4	100
11/14/2015 04:20	4	23	26	33	86	4	100
11/14/2015 04:25	4	30	33	29	96	4	100
11/14/2015 04:30	2	29	34	32	97	4	100
11/14/2015 04:35	5	24	38	25	92	4	100
11/14/2015 04:40	9	25	33	35	102	4	100
11/14/2015 04:45	1	40	41	25	107	4	100
11/14/2015 04:50	5	27	32	30	94	4	100
11/14/2015 04:55	2	25	41	31	99	4	100
11/14/2015 05:00	3	31	44	28	106	4	100
11/14/2015 05:05	7	41	54	45	147	4	100
11/14/2015 05:10	9	49	43	42	143	4	100
11/14/2015 05:15	14	40	56	47	157	4	100
11/14/2015 05:20	11	51	56	47	165	4	100
11/14/2015 05:25	18	64	59	60	201	4	100
11/14/2015 05:30	11	64	67	55	197	4	100
11/14/2015 05:35	21	70	67	65	223	4	100
11/14/2015 05:40	14	70	77	75	236	4	100
11/14/2015 05:45	18	79	77	50	224	4	100
11/14/2015 05:50	25	67	69	53	214	4	100
11/14/2015 05:55	14	66	65	48	193	4	100
11/14/2015 06:00	18	65	77	66	226	4	100
11/14/2015 06:05	26	67	59	68	220	4	100
11/14/2015 06:10	26	83	80	80	269	4	100
11/14/2015 06:15	35	90	83	85	293	4	100
11/14/2015 06:20	28	84	88	79	279	4	100
11/14/2015 06:25	27	105	105	90	327	4	100
11/14/2015 06:30	30	100	102	98	330	4	100
11/14/2015 06:35	34	100	100	83	317	4	100
11/14/2015 06:40	42	114	119	105	380	4	100
11/14/2015 06:45	35	119	115	100	369	4	100
11/14/2015 06:50	39	102	92	89	322	4	100
11/14/2015 06:55	51	113	97	100	361	4	100
11/14/2015 07:00	42	115	119	120	396	4	100
11/14/2015 07:05	43	125	122	105	395	4	100
11/14/2015 07:10	49	120	119	109	397	4	100
11/14/2015 07:15	52	125	124	117	418	4	100
11/14/2015 07:20	46	133	139	127	445	4	100
11/14/2015 07:25	61	133	136	131	461	4	100
11/14/2015 07:30	52	143	143	140	478	4	100
11/14/2015 07:35	61	148	149	145	503	4	100
11/14/2015 07:40	67	155	157	136	515	4	100
11/14/2015 07:45	57	140	148	122	467	4	100
11/14/2015 07:50	68	132	145	140	485	4	100
11/14/2015 07:55	53	143	137	116	449	4	100
11/14/2015 08:00	49	119	133	106	407	4	100
11/14/2015 08:05	61	127	129	121	438	4	100
11/14/2015 08:10	50	133	130	135	448	4	100
11/14/2015 08:15	61	123	137	123	444	4	100
11/14/2015 08:20	81	158	152	126	517	4	100
11/14/2015 08:25	55	143	138	134	470	4	100
11/14/2015 08:30	63	154	146	127	490	4	100
11/14/2015 08:35	89	162	167	150	568	4	100
11/14/2015 08:40	55	156	148	160	519	4	100
11/14/2015 08:45	66	161	146	151	524	4	100
11/14/2015 08:50	56	139	145	145	485	4	100
11/14/2015 08:55	55	133	130	132	450	4	100
11/14/2015 09:00	54	117	135	112	418	4	100
11/14/2015 09:05	69	135	123	118	445	4	100
11/14/2015 09:10	67	118	132	124	441	4	100
11/14/2015 09:15	61	124	136	113	434	4	100
11/14/2015 09:20	65	135	137	134	471	4	100
11/14/2015 09:25	60	127	116	131	434	4	100
11/14/2015 09:30	82	161	164	157	564	4	100
11/14/2015 09:35	59	143	134	123	459	4	100
11/14/2015 09:40	65	136	126	144	471	4	100
11/14/2015 09:45	59	152	152	134	497	4	100
11/14/2015 09:50	64	127	125	132	448	4	100
11/14/2015 09:55	57	133	138	133	461	4	100
11/14/2015 10:00	72	138	139	102	451	4	100
11/14/2015 10:05	68	121	130	116	435	4	100
11/14/2015 10:10	62	147	128	133	470	4	100
11/14/2015 10:15	68	112	131	127	438	4	100
11/14/2015 10:20	67	114	147	121	449	4	100
11/14/2015 10:25	66	135	136	135	472	4	100
11/14/2015 10:30	72	141	131	125	469	4	100
11/14/2015 10:35	66	132	137	136	471	4	100
11/14/2015 10:40	79	124	116	116	435	4	100
11/14/2015 10:45	83	131	137	131	482	4	100
11/14/2015 10:50	70	128	120	127	445	4	100
11/14/2015 10:55	78	140	144	121	483	4	100
11/14/2015 11:00	69	123	140	124	456	4	100
11/14/2015 11:05	55	100	119	122	396	4	100
11/14/2015 11:10	60	123	124	129	436	4	100
11/14/2015 11:15	71	122	124	127	444	4	100
11/14/2015 11:20	80	122	120	105	427	4	100
11/14/2015 11:25	78	137	125	123	463	4	100
11/14/2015 11:30	73	127	120	121	441	4	100
11/14/2015 11:35	73	112	128	113	426	4	100
11/14/2015 11:40	75	127	123	139	464	4	100
11/14/2015 11:45	89	144	143	124	500	4	100
11/14/2015 11:50	61	113	126	124	424	4	100
11/14/2015 11:55	76	151	133	139	499	4	100
11/14/2015 12:00	71	136	123	128	458	4	100
11/14/2015 12:05	69	120	118	127	434	4	100
11/14/2015 12:10	54	137	124	127	442	4	100
11/14/2015 12:15	76	140	127	132	475	4	100
11/14/2015 12:20	72	116	122	133	443	4	100
11/14/2015 12:25	75	120	139	124	458	4	100
11/14/2015 12:30	71	128	134	123	456	4	100
11/14/2015 12:35	80	124	127	122	453	4	100
11/14/2015 12:40	70	130	120	131	451	4	100
11/14/2015 12:45	67	115	128	112	422	4	100
11/14/2015 12:50	63	109	123	127	422	4	100
11/14/2015 12:55	66	123	118	127	434	4	100
11/14/2015 13:00	68	120	120	118	426	4	100
11/14/2015 13:05	54	115	124	133	426	4	100
11/14/2015 13:10	59	133	116	132	440	4	100
11/14/2015 13:15	73	112	114	132	431	4	100
11/14/2015 13:20	65	109	122	117	413	4	100
11/14/2015 13:25	65	135	137	127	464	4	100
11/14/2015 13:30	75	126	125	116	442	4	100
11/14/2015 13:35	80	141	124	132	477	4	100
11/14/2015 13:40	60	131	131	112	434	4	100
11/14/2015 13:45	75	101	106	116	398	4	100
11/14/2015 13:50	85	140	133	134	492	4	100
11/14/2015 13:55	58	117	110	118	403	4	100
11/14/2015 14:00	57	129	107	111	404	4	100
11/14/2015 14:05	64	110	109	106	389	4	100
11/14/2015 14:10	71	125	128	117	441	4	100
11/14/2015 14:15	51	89	84	102	326	4	100
11/14/2015 14:20	110	140	147	122	519	4	100
11/14/2015 14:25	62	121	116	128	427	4	100
11/14/2015 14:30	55	112	124	111	402	4	100
11/14/2015 14:35	80	140	129	120	469	4	100
11/14/2015 14:40	77	110	117	118	422	4	100
11/14/2015 14:45	52	112	100	124	388	4	100
11/14/2015 14:50	57	119	122	110	408	4	100
11/14/2015 14:55	69	103	121	117	410	4	100
11/14/2015 15:00	50	93	113	110	366	4	100
11/14/2015 15:05	58	113	115	111	397	4	100
11/14/2015 15:10	59	103	108	115	385	4	100
11/14/2015 15:15	54	109	115	108	386	4	100
11/14/2015 15:20	62	121	119	109	411	4	100
11/14/2015 15:25	61	118	99	116	394	4	100
11/14/2015 15:30	66	111	110	111	398	4	100
11/14/2015 15:35	73	129	118	118	438	4	100
11/14/2015 15:40	71	112	113	123	419	4	100
11/14/2015 15:45	77	121	122	135	455	4	100
11/14/2015 15:50	59	119	117	109	404	4	100
11/14/2015 15:55	72	122	109	107	410	4	100
11/14/2015 16:00	82	134	118	91	425	4	100
11/14/2015 16:05	69	113	109	106	397	4	100
11/14/2015 16:10	58	116	107	96	377	4	100
11/14/2015 16:15	73	119	104	107	403	4	100
11/14/2015 16:20	79	126	121	118	444	4	100
11/14/2015 16:25	55	118	110	114	397	4	100
11/14/2015 16:30	50	107	105	101	363	4	100
11/14/2015 16:35	78	134	130	120	462	4	100
11/14/2015 16:40	64	123	119	124	430	4	100
11/14/2015 16:45	67	135	115	105	422	4	100
11/14/2015 16:50	63	122	100	116	401	4	100
11/14/2015 16:55	84	111	118	113	426	4	100
11/14/2015 17:00	58	117	109	116	400	4	100
11/14/2015 17:05	62	124	109	116	411	4	100
11/14/2015 17:10	60	115	111	96	382	4	100
11/14/2015 17:15	68	109	114	109	400	4	100
11/14/2015 17:20	64	118	118	123	423	4	100
11/14/2015 17:25	79	121	115	112	427	4	100
11/14/2015 17:30	88	126	108	120	442	4	100
11/14/2015 17:35	67	109	110	111	397	4	100
11/14/2015 17:40	68	105	100	103	376	4	100
11/14/2015 17:45	81	106	99	110	396	4	100
11/14/2015 17:50	81	114	121	114	430	4	100
11/14/2015 17:55	78	113	120	103	414	4	100
11/14/2015 18:00	70	104	100	100	374	4	100
11/14/2015 18:05	78	108	120	110	416	4	100
11/14/2015 18:10	78	136	117	118	449	4	100
11/14/2015 18:15	76	89	107	94	366	4	100
11/14/2015 18:20	68	111	99	100	378	4	100
11/14/2015 18:25	69	104	99	117	389	4	100
11/14/2015 18:30	55	106	118	117	396	4	100
11/14/2015 18:35	53	94	101	107	355	4	100
11/14/2015 18:40	55	101	105	99	360	4	100
11/14/2015 18:45	40	103	89	103	335	4	100
11/14/2015 18:50	48	99	110	100	357	4	100
11/14/2015 18:55	44	82	93	87	306	4	100
11/14/2015 19:00	48	98	98	88	332	4	100
11/14/2015 19:05	52	92	94	102	340	4	100
11/14/2015 19:10	19	70	90	84	263	4	100
11/14/2015 19:15	42	95	89	97	323	4	100
11/14/2015 19:20	26	93	91	105	315	4	100
11/14/2015 19:25	38	78	91	96	303	4	100
11/14/2015 19:30	35	85	84	111	315	4	100
11/14/2015 19:35	43	91	88	93	315	4	100
11/14/2015 19:40	30	83	92	88	293	4	100
11/14/2015 19:45	35	71	90	96	292	4	100
11/14/2015 19:50	29	71	86	86	272	4	100
11/14/2015 19:55	32	84	98	97	311	4	100
11/14/2015 20:00	29	82	89	79	279	4	100
11/14/2015 20:05	42	91	90	91	314	4	100
11/14/2015 20:10	40	85	88	96	309	4	100
11/14/2015 20:15	34	78	100	85	297	4	100
11/14/2015 20:20	29	70	76	89	264	4	100
11/14/2015 20:25	31	94	92	90	307	4	100
11/14/2015 20:30	20	89	89	84	282	4	100
11/14/2015 20:35	39	81	73	80	273	4	100
11/14/2015 20:40	27	68	93	89	277	4	100
11/14/2015 20:45	27	71	93	88	279	4	100
11/14/2015 20:50	29	68	82	83	262	4	100
11/14/2015 20:55	26	75	83	103	287	4	100
11/14/2015 21:00	23	77	76	78	254	4	100
11/14/2015 21:05	17	73	80	97	267	4	100
11/14/2015 21:10	25	69	65	84	243	4	100
11/14/2015 21:15	27	85	79	72	263	4	100
11/14/2015 21:20	27	82	73	78	260	4	100
11/14/2015 21:25	25	71	78	77	251	4	100
11/14/2015 21:30	21	58	64	67	210	4	100
11/14/2015 21:35	18	76	82	75	251	4	100
11/14/2015 21:40	23	69	90	88	270	4	100
11/14/2015 21:45	20	72	78	84	254	4	100
11/14/2015 21:50	22	66	84	78	250	4	100
11/14/2015 21:55	18	72	76	72	238	4	100
11/14/2015 22:00	16	55	70	72	213	4	100
11/14/2015 22:05	15	69	78	79	241	4	100
11/14/2015 22:10	16	70	72	85	243	4	100
11/14/2015 22:15	10	55	68	69	202	4	100
11/14/2015 22:20	16	67	78	84	245	4	100
11/14/2015 22:25	15	51	64	65	195	4	100
11/14/2015 22:30	22	68	72	82	244	4	100
11/14/2015 22:35	11	49	54	77	191	4	100
11/14/2015 22:40	17	57	64	68	206	4	100
11/14/2015 22:45	16	55	63	78	212	4	100
11/14/2015 22:50	14	55	82	77	228	4	100
11/14/2015 22:55	12	50	62	68	192	4	100
11/14/2015 23:00	10	50	63	76	199	4	100
11/14/2015 23:05	11	55	57	74	197	4	100
11/14/2015 23:10	10	65	49	58	182	4	100
11/14/2015 23:15	16	50	57	64	187	4	100
11/14/2015 23:20	8	54	58	55	175	4	100
11/14/2015 23:25	10	45	51	53	159	4	100
11/14/2015 23:30	10	44	46	45	145	4	100
11/14/2015 23:35	1	29	57	57	144	4	100
11/14/2015 23:40	4	45	52	57	158	4	100
11/14/2015 23:45	8	40	52	60	160	4	100
11/14/2015 23:50	3	39	29	50	121	4	100
11/14/2015 23:55	7	43	46	47	143	4	100
11/15/2015 00:00	3	36	44	48	131	4	100
11/15/2015 00:05	4	40	59	51	154	4	100
11/15/2015 00:10	4	26	44	52	126	4	100
11/15/2015 00:15	8	41	45	43	137	4	100
11/15/2015 00:20	7	31	47	49	134	4	100
11/15/2015 00:25	5	34	41	43	123	4	100
11/15/2015 00:30	2	25	28	40	95	4	100
11/15/2015 00:35	4	48	42	48	142	4	100
11/15/2015 00:40	3	28	33	43	107	4	100
11/15/2015 00:45	1	17	40	27	85	4	100
11/15/2015 00:50	6	24	28	36	94	4	100
11/15/2015 00:55	3	22	30	39	94	4	100
11/15/2015 01:00	1	13	21	28	63	4	100
11/15/2015 01:05	2	14	23	32	71	4	100
11/15/2015 01:10	1	7	23	33	64	4	100
11/15/2015 01:15	0	11	23	28	62	4	100
11/15/2015 01:20	0	16	18	30	64	4	100
11/15/2015 01:25	1	14	30	32	77	4	100
11/15/2015 01:30	2	10	18	26	56	4	100
11/15/2015 01:35	0	11	23	22	56	4	100
11/15/2015 01:40	0	10	21	21	52	4	100
11/15/2015 01:45	1	7	15	23	46	4	100
11/15/2015 01:50	1	12	28	30	71	4	100
11/15/2015 01:55	1	10	26	24	61	4	100
11/15/2015 02:00	1	6	17	24	48	4	100
11/15/2015 02:05	1	8	15	19	43	4	100
11/15/2015 02:10	0	16	24	19	59	4	100
11/15/2015 02:15	0	9	14	22	45	4	100
11/15/2015 02:20	0	11	15	20	46	4	100
11/15/2015 02:25	0	6	15	24	45	4	100
11/15/2015 02:30	0	5	20	19	44	4	100
11/15/2015 02:35	0	15	19	23	57	4	100
11/15/2015 02:40	1	13	20	28	62	4	100
11/15/2015 02:45	1	17	20	22	60	4	100
11/15/2015 02:50	0	7	16	16	39	4	100
11/15/2015 02:55	2	11	18	13	44	4	100
11/15/2015 03:00	1	15	13	20	49	4	100
11/15/2015 03:05	0	9	14	21	44	4	100
11/15/2015 03:10	2	9	14	22	47	4	100
11/15/2015 03:15	1	10	18	19	48	4	100
11/15/2015 03:20	0	4	21	17	42	4	100
11/15/2015 03:25	2	19	19	18	58	4	100
11/15/2015 03:30	2	8	14	15	39	4	100
11/15/2015 03:35	3	10	14	21	48	4	100
11/15/2015 03:40	0	10	17	18	45	4	100
11/15/2015 03:45	0	8	17	15	40	4	100
11/15/2015 03:50	1	10	30	20	61	4	100
11/15/2015 03:55	1	17	18	17	53	4	100
11/15/2015 04:00	1	8	11	11	31	4	100
11/15/2015 04:05	2	12	17	19	50	4	100
11/15/2015 04:10	0	7	18	14	39	4	100
11/15/2015 04:15	1	14	29	17	61	4	100
11/15/2015 04:20	0	19	28	22	69	4	100
11/15/2015 04:25	1	13	21	22	57	4	100
11/15/2015 04:30	5	17	24	25	71	4	100
11/15/2015 04:35	3	17	23	26	69	4	100
11/15/2015 04:40	3	18	26	25	72	4	100
11/15/2015 04:45	1	26	20	22	69	4	100
11/15/2015 04:50	1	24	27	29	81	4	100
11/15/2015 04:55	1	10	22	21	54	4	100
11/15/2015 05:00	0	19	20	19	58	4	100
11/15/2015 05:05	1	13	27	23	64	4	100
11/15/2015 05:10	2	26	33	23	84	4	100
11/15/2015 05:15	2	29	37	35	103	4	100
11/15/2015 05:20	4	40	37	37	118	4	100
11/15/2015 05:25	7	35	40	27	109	4	100
11/15/2015 05:30	7	37	50	32	126	4	100
11/15/2015 05:35	5	36	46	43	130	4	100
11/15/2015 05:40	5	36	50	37	128	4	100
11/15/2015 05:45	6	39	42	40	127	4	100
11/15/2015 05:50	6	30	49	42	127	4	100
11/15/2015 05:55	9	36	38	36	119	4	100
11/15/2015 06:00	6	35	37	35	113	4	100
11/15/2015 06:05	3	33	40	31	107	4	100
11/15/2015 06:10	10	39	46	41	136	4	100
11/15/2015 06:15	3	28	42	37	110	4	100
11/15/2015 06:20	8	39	57	46	150	4	100
11/15/2015 06:25	26	71	68	75	240	4	100
11/15/2015 06:30	12	58	54	56	180	4	100
11/15/2015 06:35	8	45	58	60	171	4	100
11/15/2015 06:40	17	79	76	62	234	4	100
11/15/2015 06:45	11	64	67	62	204	4	100
11/15/2015 06:50	7	33	57	54	151	4	100
11/15/2015 06:55	5	45	61	57	168	4	100
11/15/2015 07:00	20	67	66	56	209	4	100
11/15/2015 07:05	11	51	59	44	165	4	100
11/15/2015 07:10	10	47	61	59	177	4	100
11/15/2015 07:15	13	62	52	72	199	4	100
11/15/2015 07:20	10	57	78	65	210	4	100
11/15/2015 07:25	21	84	74	85	264	4	100
11/15/2015 07:30	19	73	82	73	247	4	100
11/15/2015 07:35	8	61	77	74	220	4	100
11/15/2015 07:40	16	93	79	72	260	4	100
11/15/2015 07:45	24	88	86	83	281	4	100
11/15/2015 07:50	15	66	80	77	238	4	100
11/15/2015 07:55	13	50	72	77	212	4	100
11/15/2015 08:00	36	78	84	85	283	4	100
11/15/2015 08:05	18	67	73	71	229	4	100
11/15/2015 08:10	14	76	90	76	256	4	100
11/15/2015 08:15	30	81	93	68	272	4	100
11/15/2015 08:20	20	88	81	77	266	4	100
11/15/2015 08:25	22	99	92	93	306	4	100
11/15/2015 08:30	28	104	99	98	329	4	100
11/15/2015 08:35	23	80	95	104	302	4	100
11/15/2015 08:40	38	104	100	88	330	4	100
11/15/2015 08:45	32	90	91	114	327	4	100
11/15/2015 08:50	49	95	94	110	348	4	100
11/15/2015 08:55	32	87	111	96	326	4	100
11/15/2015 09:00	32	88	83	78	281	4	100
11/15/2015 09:05	29	88	86	83	286	4	100
11/15/2015 09:10	39	97	98	90	324	4	100
11/15/2015 09:15	48	102	108	96	354	4	100
11/15/2015 09:20	33	116	106	106	361	4	100
11/15/2015 09:25	40	112	107	100	359	4	100
11/15/2015 09:30	46	92	111	101	350	4	100
11/15/2015 09:35	48	138	120	123	429	4	100
11/15/2015 09:40	48	104	111	108	371	4	100
11/15/2015 09:45	33	118	116	139	406	4	100
11/15/2015 09:50	50	128	123	111	412	4	100
11/15/2015 09:55	44	98	99	86	327	4	100
11/15/2015 10:00	49	105	107	102	363	4	100
11/15/2015 10:05	54	97	103	95	349	4	100
11/15/2015 10:10	37	103	110	103	353	4	100
11/15/2015 10:15	50	100	114	108	372	4	100
11/15/2015 10:20	59	123	118	113	413	4	100
11/15/2015 10:25	62	112	125	113	412	4	100
11/15/2015 10:30	55	111	123	118	407	4	100
11/15/2015 10:35	58	116	119	121	414	4	100
11/15/2015 10:40	49	135	133	137	454	4	100
11/15/2015 10:45	56	124	120	129	429	4	100
11/15/2015 10:50	56	138	115	120	429	4	100
11/15/2015 10:55	66	119	107	114	406	4	100
11/15/2015 11:00	61	115	123	116	415	4	100
11/15/2015 11:05	54	100	110	105	369	4	100
11/15/2015 11:10	44	116	116	121	397	4	100
11/15/2015 11:15	51	112	107	102	372	4	100
11/15/2015 11:20	56	128	126	130	440	4	100
11/15/2015 11:25	49	122	106	113	390	4	100
11/15/2015 11:30	64	108	124	132	428	4	100
11/15/2015 11:35	52	126	128	126	432	4	100
11/15/2015 11:40	71	126	120	122	439	4	100
11/15/2015 11:45	59	113	109	111	392	4	100
11/15/2015 11:50	51	117	114	128	410	4	100
11/15/2015 11:55	65	122	120	136	443	4	100
11/15/2015 12:00	47	98	113	115	373	4	100
11/15/2015 12:05	67	94	105	119	385	4	100
11/15/2015 12:10	59	113	116	122	410	4	100
11/15/2015 12:15	56	113	129	123	421	4	100
11/15/2015 12:20	48	117	121	126	412	4	100
11/15/2015 12:25	75	132	122	127	456	4	100
11/15/2015 12:30	61	128	114	131	434	4	100
11/15/2015 12:35	56	129	124	132	441	4	100
11/15/2015 12:40	55	128	127	121	431	4	100
11/15/2015 12:45	62	126	128	133	449	4	100
11/15/2015 12:50	72	134	126	131	463	4	100
11/15/2015 12:55	66	104	120	116	406	4	100
11/15/2015 13:00	64	108	103	117	392	4	100
11/15/2015 13:05	57	120	124	101	402	4	100
11/15/2015 13:10	58	102	107	128	395	4	100
11/15/2015 13:15	56	109	119	115	399	4	100
11/15/2015 13:20	67	116	113	124	420	4	100
11/15/2015 13:25	65	111	127	132	435	4	100
11/15/2015 13:30	59	122	124	99	404	4	100
11/15/2015 13:35	53	92	112	113	370	4	100
11/15/2015 13:40	62	107	135	125	429	4	100
11/15/2015 13:45	61	120	113	110	404	4	100
11/15/2015 13:50	63	120	127	123	433	4	100
11/15/2015 13:55	64	103	122	118	407	4	100
11/15/2015 14:00	68	115	116	118	417	4	100
11/15/2015 14:05	51	89	101	112	353	4	100
11/15/2015 14:10	68	98	112	120	398	4	100
11/15/2015 14:15	67	117	120	117	421	4	100
11/15/2015 14:20	62	115	129	110	416	4	100
11/15/2015 14:25	58	122	112	111	403	4	100
11/15/2015 14:30	67	110	124	107	408	4	100
11/15/2015 14:35	54	107	110	112	383	4	100
11/15/2015 14:40	45	108	106	113	372	4	100
11/15/2015 14:45	50	114	113	113	390	4	100
11/15/2015 14:50	52	99	126	118	395	4	100
11/15/2015 14:55	58	95	106	109	368	4	100
11/15/2015 15:00	56	98	101	110	365	4	100
11/15/2015 15:05	45	101	108	109	363	4	100
11/15/2015 15:10	45	112	118	124	399	4	100
11/15/2015 15:15	55	101	103	116	375	4	100
11/15/2015 15:20	60	111	112	100	383	4	100
11/15/2015 15:25	55	119	127	120	421	4	100
11/15/2015 15:30	47	100	99	112	358	4	100
11/15/2015 15:35	33	88	95	94	310	4	100
11/15/2015 15:40	72	121	110	126	429	4	100
11/15/2015 15:45	59	117	111	105	392	4	100
11/15/2015 15:50	58	114	105	113	390	4	100
11/15/2015 15:55	55	115	117	108	395	4	100
11/15/2015 16:00	43	89	84	100	316	4	100
11/15/2015 16:05	62	123	121	120	426	4	100
11/15/2015 16:10	64	101	106	100	371	4	100
11/15/2015 16:15	49	102	106	118	375	4	100
11/15/2015 16:20	60	113	100	110	383	4	100
11/15/2015 16:25	58	108	112	116	394	4	100
11/15/2015 16:30	57	109	112	109	387	4	100
11/15/2015 16:35	55	123	118	131	427	4	100
11/15/2015 16:40	53	112	115	110	390	4	100
11/15/2015 16:45	43	100	96	103	342	4	100
11/15/2015 16:50	51	90	98	96	335	4	100
11/15/2015 16:55	56	104	113	110	383	4	100
11/15/2015 17:00	62	105	101	114	382	4	100
11/15/2015 17:05	61	117	106	113	397	4	100
11/15/2015 17:10	56	94	107	102	359	4	100
11/15/2015 17:15	50	118	104	115	387	4	100
11/15/2015 17:20	67	118	103	108	396	4	100
11/15/2015 17:25	59	111	110	116	396	4	100
11/15/2015 17:30	59	109	106	107	381	4	100
11/15/2015 17:35	49	119	129	126	423	4	100
11/15/2015 17:40	38	94	85	113	330	4	100
11/15/2015 17:45	53	111	113	98	375	4	100
11/15/2015 17:50	54	114	104	86	358	4	100
11/15/2015 17:55	49	103	89	96	337	4	100
11/15/2015 18:00	52	95	95	107	349	4	100
11/15/2015 18:05	40	83	88	95	306	4	100
11/15/2015 18:10	43	105	107	116	371	4	100
11/15/2015 18:15	48	95	99	95	337	4	100
11/15/2015 18:20	63	108	98	94	363	4	100
11/15/2015 18:25	48	113	114	80	355	4	100
11/15/2015 18:30	45	100	94	88	327	4	100
11/15/2015 18:35	54	105	106	110	375	4	100
11/15/2015 18:40	53	107	100	104	364	4	100
11/15/2015 18:45	43	100	93	91	327	4	100
11/15/2015 18:50	38	93	97	93	321	4	100
11/15/2015 18:55	49	100	96	100	345	4	100
11/15/2015 19:00	41	103	96	90	330	4	100
11/15/2015 19:05	35	83	90	85	293	4	100
11/15/2015 19:10	40	88	95	88	311	4	100
11/15/2015 19:15	41	92	84	108	325	4	100
11/15/2015 19:20	33	97	94	93	317	4	100
11/15/2015 19:25	29	95	93	83	300	4	100
11/15/2015 19:30	26	89	88	86	289	4	100
11/15/2015 19:35	34	74	87	91	286	4	100
11/15/2015 19:40	30	97	91	94	312	4	100
11/15/2015 19:45	36	96	87	88	307	4	100
11/15/2015 19:50	29	83	85	73	270	4	100
11/15/2015 19:55	31	83	79	91	284	4	100
11/15/2015 20:00	37	88	88	78	291	4	100
11/15/2015 20:05	33	89	75	78	275	4	100
11/15/2015 20:10	36	78	89	73	276	4	100
11/15/2015 20:15	32	82	89	93	296	4	100
11/15/2015 20:20	25	83	82	95	285	4	100
11/15/2015 20:25	26	85	84	75	270	4	100
11/15/2015 20:30	34	88	80	89	291	4	100
11/15/2015 20:35	14	57	83	79	233	4	100
11/15/2015 20:40	38	85	87	75	285	4	100
11/15/2015 20:45	18	72	79	66	235	4	100
11/15/2015 20:50	13	65	59	74	211	4	100
11/15/2015 20:55	21	73	78	78	250	4	100
11/15/2015 21:00	11	71	75	67	224	4	100
11/15/2015 21:05	22	77	66	68	233	4	100
11/15/2015 21:10	17	77	67	67	228	4	100
11/15/2015 21:15	26	63	80	74	243	4	100
11/15/2015 21:20	20	55	59	52	186	4	100
11/15/2015 21:25	20	68	62	65	215	4	100
11/15/2015 21:30	27	78	75	70	250	4	100
11/15/2015 21:35	22	67	77	70	236	4	100
11/15/2015 21:40	13	74	85	76	248	4	100
11/15/2015 21:45	14	68	78	58	218	4	100
11/15/2015 21:50	18	62	66	62	208	4	100
11/15/2015 21:55	14	56	67	65	202	4	100
11/15/2015 22:00	19	51	71	57	198	4	100
11/15/2015 22:05	6	45	57	57	165	4	100
11/15/2015 22:10	12	47	68	58	185	4	100
11/15/2015 22:15	10	53	61	53	177	4	100
11/15/2015 22:20	9	48	56	50	163	4	100
11/15/2015 22:25	12	49	53	56	170	4	100
11/15/2015 22:30	8	41	47	45	141	4	100
11/15/2015 22:35	11	47	55	61	174	4	100
11/15/2015 22:40	6	52	54	54	166	4	100
11/15/2015 22:45	6	42	39	56	143	4	100
11/15/2015 22:50	10	43	49	42	144	4	100
11/15/2015 22:55	7	39	45	39	130	4	100
11/15/2015 23:00	2	38	41	40	121	4	100
11/15/2015 23:05	2	37	44	39	122	4	100
11/15/2015 23:10	4	23	41	43	111	4	100
11/15/2015 23:15	3	25	46	42	116	4	100
11/15/2015 23:20	5	26	37	43	111	4	100
11/15/2015 23:25	7	37	42	43	129	4	100
11/15/2015 23:30	3	35	44	42	124	4	100
11/15/2015 23:35	2	24	45	45	116	4	100
11/15/2015 23:40	4	33	45	44	126	4	100
11/15/2015 23:45	2	21	28	31	82	4	100
11/15/2015 23:50	0	29	34	35	98	4	100
11/15/2015 23:55	0	14	32	26	72	4	100
