5 Minutes	Lane 1 Speed (mph)	Lane 2 Speed (mph)	Lane 3 Speed (mph)	Lane 4 Speed (mph)	Speed (mph)	# Lane Points	% Observed
11/09/2015 00:00	74.8	71	67.4	62.8	69.5	4	100
11/09/2015 00:05	74.6	71	65.5	61.4	69	4	100
11/09/2015 00:10	75	71.2	66.7	62.6	68.8	4	100
11/09/2015 00:15	75	71.4	64.2	62.3	69.1	4	100
11/09/2015 00:20	74.9	71.8	66.3	60.2	69.2	4	100
11/09/2015 00:25	74.7	71.7	67.4	62	69.6	4	100
11/09/2015 00:30	74.9	71.4	67.6	61.9	69.5	4	100
11/09/2015 00:35	74.8	71.6	67.9	62.5	70.4	4	100
11/09/2015 00:40	74.7	71	67.2	60.9	69.5	4	100
11/09/2015 00:45	75.1	70.7	67.6	57.9	69.2	4	100
11/09/2015 00:50	75	71.3	67.2	60.4	69.3	4	100
11/09/2015 00:55	74.9	71.1	65.9	60.7	69.3	4	100
11/09/2015 01:00	74.8	71	66.9	61.9	69.7	4	100
11/09/2015 01:05	74.9	70.7	66.4	62.2	69	4	100
11/09/2015 01:10	74.9	70.9	67	63.1	69.5	4	100
11/09/2015 01:15	74.8	71	67.1	63.6	69.3	4	100
11/09/2015 01:20	74.9	70.6	67.5	61.9	68.2	4	100
11/09/2015 01:25	74.8	70.6	67.8	62.9	70.1	4	100
11/09/2015 01:30	74.9	70.7	67.4	57.6	68.9	4	100
11/09/2015 01:35	74.8	70.7	67.1	60.2	68.5	4	100
11/09/2015 01:40	74.7	70	65.2	61.5	67.5	4	100
11/09/2015 01:45	74.7	70.3	65.6	62.1	68.5	4	100
11/09/2015 01:50	74.7	70.5	66.2	61.8	68.1	4	100
11/09/2015 01:55	74.7	70.7	66	61.8	68.3	4	100
11/09/2015 02:00	74.8	70.8	66.3	62.4	67.2	4	100
11/09/2015 02:05	74.8	70.9	67.1	62.3	68.8	4	100
11/09/2015 02:10	74.7	70.9	67.8	62.1	69.6	4	100
11/09/2015 02:15	74.6	70.8	68	60.9	68.8	4	100
11/09/2015 02:20	74.7	70.7	68.3	62	69.5	4	100
11/09/2015 02:25	74.6	71.2	65.9	62.4	68.5	4	100
11/09/2015 02:30	74.6	71.3	65.7	62.3	70	4	100
11/09/2015 02:35	74.7	71.1	66.2	60.9	66.6	4	100
11/09/2015 02:40	74.8	71	67.1	62.3	67.4	4	100
11/09/2015 02:45	74.8	71	67	62.3	67.6	4	100
11/09/2015 02:50	74.8	71	67	63	68	4	100
11/09/2015 02:55	74.8	71	67.5	61.9	69.4	4	100
11/09/2015 03:00	74.8	71.1	68.1	62.7	67.9	4	100
11/09/2015 03:05	74.6	70.9	68.2	62.7	69.6	4	100
11/09/2015 03:10	74.9	70.9	67.1	63.4	68.7	4	100
11/09/2015 03:15	74.6	70.4	66.4	63	68.6	4	100
11/09/2015 03:20	74.8	70.9	67	62.1	69.3	4	100
11/09/2015 03:25	74.7	70.7	67.7	62	68.6	4	100
11/09/2015 03:30	74.7	71	66.2	61.3	67.5	4	100
11/09/2015 03:35	74.6	71	63.6	61	67.9	4	100
11/09/2015 03:40	74.9	71	65.2	61.2	68.9	4	100
11/09/2015 03:45	74.9	71.2	66	60.5	68.4	4	100
11/09/2015 03:50	74.8	71.3	66.7	61.5	68.4	4	100
11/09/2015 03:55	74.7	71	66.9	61.7	68.8	4	100
11/09/2015 04:00	74.8	71.1	66.8	62.5	68.8	4	100
11/09/2015 04:05	74.5	70	60	59.8	65.6	4	100
11/09/2015 04:10	74.5	70	56.6	61.1	65.9	4	100
11/09/2015 04:15	74.6	70.1	63.4	60.8	67	4	100
11/09/2015 04:20	74.7	70.2	65	60.9	68	4	100
11/09/2015 04:25	74.8	70.9	66.6	58.1	68.8	4	100
11/09/2015 04:30	74.6	70.8	67.9	60	69.3	4	100
11/09/2015 04:35	73.6	71.3	68.6	61.1	69.4	4	100
11/09/2015 04:40	74.4	70.9	70.5	66.1	70.9	4	100
11/09/2015 04:45	75.4	71.6	69.3	62.8	70.7	4	100
11/09/2015 04:50	74.2	72.3	69.2	64.5	70.8	4	100
11/09/2015 04:55	73.3	72.1	70.2	64.5	70.9	4	100
11/09/2015 05:00	75.9	72.7	69.5	58.3	70.5	4	100
11/09/2015 05:05	76	72.7	63	63.3	70.2	4	100
11/09/2015 05:10	75.7	72.7	68.3	57.5	70	4	100
11/09/2015 05:15	75.7	73	68.8	62.7	71	4	100
11/09/2015 05:20	75.5	72.5	68	66.9	71.5	4	100
11/09/2015 05:25	75.9	70.7	68.5	66.2	71.2	4	100
11/09/2015 05:30	75.9	70.8	67.9	62.4	70.5	4	100
11/09/2015 05:35	74.8	70.6	68.2	65.1	70.5	4	100
11/09/2015 05:40	73.8	71.7	71	63.9	71.1	4	100
11/09/2015 05:45	73.4	70.6	69.1	67.5	70.7	4	100
11/09/2015 05:50	73.2	70.1	65.7	69.6	70.1	4	100
11/09/2015 05:55	73.6	70.2	68.1	67.5	70.6	4	100
11/09/2015 06:00	71.6	69.1	64.6	60.7	67.8	4	100
11/09/2015 06:05	70	68.2	62.3	58	65.9	4	100
11/09/2015 06:10	68	67.2	58.8	57.2	64.1	4	100
11/09/2015 06:15	68.5	67	57.8	54	63.3	4	100
11/09/2015 06:20	67.5	65.5	58.5	56.3	62.9	4	100
11/09/2015 06:25	63.1	61.6	58.4	56.4	60.4	4	100
11/09/2015 06:30	54.5	55.8	54.8	52.8	54.6	4	100
11/09/2015 06:35	63.9	61.7	58.5	55.5	60.4	4	100
11/09/2015 06:40	66.7	63.9	58.9	57.1	62.4	4	100
11/09/2015 06:45	69.1	66.8	60.7	56.5	64.1	4	100
11/09/2015 06:50	72.1	67.9	60.8	58.3	65.7	4	100
11/09/2015 06:55	73.3	69.8	60.9	60.7	67.3	4	100
11/09/2015 07:00	73.3	70.2	63.2	61.8	68.2	4	100
11/09/2015 07:05	73.7	70.9	61.3	54.4	66.5	4	100
11/09/2015 07:10	73.3	71.2	62.8	55.4	67	4	100
11/09/2015 07:15	73.9	69.9	58.7	51.9	65.5	4	100
11/09/2015 07:20	73.1	70.1	61.2	54.6	65.8	4	100
11/09/2015 07:25	74.5	71.3	60.6	54.6	65.7	4	100
11/09/2015 07:30	74.7	71.4	60.8	56.8	66	4	100
11/09/2015 07:35	73.8	70.9	60.7	56.5	66.1	4	100
11/09/2015 07:40	72.8	70.2	60	58	66.2	4	100
11/09/2015 07:45	73.8	70.4	58.1	57.1	65.8	4	100
11/09/2015 07:50	74.8	71.8	64.2	58.9	68.2	4	100
11/09/2015 07:55	73.6	70.4	65.5	60.5	68.2	4	100
11/09/2015 08:00	75.9	70.9	66	59.6	68.9	4	100
11/09/2015 08:05	75	71.7	66.4	56.8	68.4	4	100
11/09/2015 08:10	72.8	70.4	63.7	57	66.9	4	100
11/09/2015 08:15	72.7	68.4	62.8	58.9	66.3	4	100
11/09/2015 08:20	73.5	68.7	59.9	60.8	66.7	4	100
11/09/2015 08:25	74.3	69.3	59.5	57.2	66.5	4	100
11/09/2015 08:30	73.1	70.9	62.6	57.9	66.9	4	100
11/09/2015 08:35	73.5	70.1	63	58.1	66.8	4	100
11/09/2015 08:40	72.1	70.2	68.7	61.2	68.5	4	100
11/09/2015 08:45	73.5	71.2	64.9	54.9	67.1	4	100
11/09/2015 08:50	73.4	69.8	61.3	53.8	65.6	4	100
11/09/2015 08:55	73.5	67.8	62.6	57.7	65.9	4	100
11/09/2015 09:00	72.5	66.4	66.9	54.2	66	4	100
11/09/2015 09:05	72.8	68.8	65.9	55.2	66.4	4	100
11/09/2015 09:10	74.2	70.7	61.9	56.3	66.8	4	100
11/09/2015 09:15	73.4	70.3	61.5	55.2	66.5	4	100
11/09/2015 09:20	74.6	68.2	56.8	54.8	65	4	100
11/09/2015 09:25	74.5	68.3	51.4	53.4	63.2	4	100
11/09/2015 09:30	74	68.2	55.6	57.4	65	4	100
11/09/2015 09:35	73.7	67.5	55	56.9	64.5	4	100
11/09/2015 09:40	72.9	68.2	51.8	54.5	63.5	4	100
11/09/2015 09:45	72.9	68.2	54.5	54.1	63.6	4	100
11/09/2015 09:50	74	68.5	53.5	53.9	64.3	4	100
11/09/2015 09:55	75.2	70.5	55.1	54.4	65.6	4	100
11/09/2015 10:00	75.1	71.4	58.3	55	66.6	4	100
11/09/2015 10:05	74.8	71.5	54.9	54.1	65.3	4	100
11/09/2015 10:10	76.4	72	55	55.5	66.3	4	100
11/09/2015 10:15	75.1	70.2	53.7	54.5	65.8	4	100
11/09/2015 10:20	73.5	68.4	50.8	50.8	63.2	4	100
11/09/2015 10:25	72.2	68.6	52.8	54.4	63.4	4	100
11/09/2015 10:30	72.4	68.5	53.6	53.6	63.4	4	100
11/09/2015 10:35	71.7	68.2	53.3	53.3	62.8	4	100
11/09/2015 10:40	72.5	68	56.1	54.4	64.5	4	100
11/09/2015 10:45	71.8	69.8	57.6	52.6	64.6	4	100
11/09/2015 10:50	71.7	70.1	58.5	49.8	64	4	100
11/09/2015 10:55	72.1	69.2	56.5	51.3	64	4	100
11/09/2015 11:00	72.4	68.5	55.3	52.5	63.5	4	100
11/09/2015 11:05	72.8	68.2	54.4	53.4	63.4	4	100
11/09/2015 11:10	72	66.5	56.1	49.3	62.6	4	100
11/09/2015 11:15	72.9	68.9	55.4	52.6	63.6	4	100
11/09/2015 11:20	73.7	68.9	55.8	52.3	64.2	4	100
11/09/2015 11:25	73.5	68.2	55.6	53.5	63.6	4	100
11/09/2015 11:30	73.6	68.9	58.8	54.4	65.1	4	100
11/09/2015 11:35	72.4	68.3	56.8	53	64.1	4	100
11/09/2015 11:40	72.6	67.6	53.5	55.2	64	4	100
11/09/2015 11:45	72.4	68.2	53.4	56.5	63.7	4	100
11/09/2015 11:50	70.5	67.8	56.4	54.8	63.3	4	100
11/09/2015 11:55	70.4	66.8	53.6	54.1	62.5	4	100
11/09/2015 12:00	70.7	67.3	54.5	52.5	62.7	4	100
11/09/2015 12:05	71.9	66.9	57.9	54.7	64.2	4	100
11/09/2015 12:10	71.9	66.7	54.3	51.8	63	4	100
11/09/2015 12:15	70.5	64.7	51.4	55.1	61.7	4	100
11/09/2015 12:20	72.5	67.5	54.2	53.4	63.1	4	100
11/09/2015 12:25	73.2	68.1	54.5	50.7	63	4	100
11/09/2015 12:30	73.4	67.9	56.1	52.6	64.2	4	100
11/09/2015 12:35	72.7	66.6	57.2	50.3	63.3	4	100
11/09/2015 12:40	73	67.9	60.5	53.7	65.5	4	100
11/09/2015 12:45	72.7	67.8	56	54.6	64	4	100
11/09/2015 12:50	72.2	68.4	59.2	53.5	64.9	4	100
11/09/2015 12:55	73.2	68.5	61.8	55	65.8	4	100
11/09/2015 13:00	74	68.6	62.4	54.7	66.1	4	100
11/09/2015 13:05	72.4	67.1	57.7	56.7	64.4	4	100
11/09/2015 13:10	72.7	67.9	58.4	57.5	65.3	4	100
11/09/2015 13:15	72.4	67.2	59.9	56	64.9	4	100
11/09/2015 13:20	71.4	66.6	59.2	55.4	64	4	100
11/09/2015 13:25	70	67.6	62.1	55.1	64.3	4	100
11/09/2015 13:30	70.2	67.6	60	53	63.8	4	100
11/09/2015 13:35	69	67	57	54.8	62.5	4	100
11/09/2015 13:40	67.7	66.3	55.5	58.6	62.7	4	100
11/09/2015 13:45	69.6	67.2	58	55.1	63.4	4	100
11/09/2015 13:50	69.5	66.2	56.6	52.7	62.1	4	100
11/09/2015 13:55	70.4	65.7	57.1	52.8	62.8	4	100
11/09/2015 14:00	70.6	66.1	58	53	63.1	4	100
11/09/2015 14:05	71.3	67	56.7	56.6	64	4	100
11/09/2015 14:10	71	66.3	57	55.4	63.5	4	100
11/09/2015 14:15	70.9	65.9	57.4	52.2	63.2	4	100
11/09/2015 14:20	70.7	66.9	59.2	55.2	63.9	4	100
11/09/2015 14:25	71.1	68.1	57.9	56.8	64.1	4	100
11/09/2015 14:30	69	67	60.3	55.6	63.9	4	100
11/09/2015 14:35	69.4	67.5	62.6	57.8	65	4	100
11/09/2015 14:40	67.4	65.8	63.3	54.8	63.4	4	100
11/09/2015 14:45	67.6	65.6	59.3	55.7	62.5	4	100
11/09/2015 14:50	67	65.1	59.4	58	62.7	4	100
11/09/2015 14:55	67.1	66.3	59.8	59.3	63.6	4	100
11/09/2015 15:00	67.5	64.9	59.3	57.8	62.9	4	100
11/09/2015 15:05	68.5	64.7	58.2	54.3	62.1	4	100
11/09/2015 15:10	66.5	64.9	60.1	55.4	62.5	4	100
11/09/2015 15:15	57.8	52.3	49.5	47.9	52.2	4	100
11/09/2015 15:20	56.1	51.3	47	46.2	50.2	4	100
11/09/2015 15:25	59	53.3	53.2	49.2	53.7	4	100
11/09/2015 15:30	62.3	57.8	56.4	49.1	56.8	4	100
11/09/2015 15:35	63.5	57.5	52.3	50.7	56.6	4	100
11/09/2015 15:40	52.5	44.8	43.2	38	45.1	4	100
11/09/2015 15:45	51.5	43.9	41.5	40.2	44.3	4	100
11/09/2015 15:50	55.1	49.1	45.3	45	48.9	4	100
11/09/2015 15:55	44.4	40.1	37.2	35.1	39.5	4	100
11/09/2015 16:00	43	38.6	33.7	33.7	37.5	4	100
11/09/2015 16:05	37.5	31.9	28.8	26.2	31.5	4	100
11/09/2015 16:10	36.7	29.8	25.4	22.9	29.2	4	100
11/09/2015 16:15	33.7	29.7	25.3	20.7	27.7	4	100
11/09/2015 16:20	40.6	37.2	32.7	31.3	35.8	4	100
11/09/2015 16:25	50.1	47.7	40.6	43.5	45.9	4	100
11/09/2015 16:30	54.6	52.3	45.6	46.8	50.1	4	100
11/09/2015 16:35	43.1	44.1	41.4	37.6	41.9	4	100
11/09/2015 16:40	45.4	45.5	44.3	42.9	44.6	4	100
11/09/2015 16:45	43.1	42	42.1	41.7	42.3	4	100
11/09/2015 16:50	38.2	34.6	34.1	30.3	34.6	4	100
11/09/2015 16:55	42.4	39.3	37.5	34.8	38.8	4	100
11/09/2015 17:00	35.2	31.9	31.8	27.9	31.9	4	100
11/09/2015 17:05	43.7	40.9	40.3	37.3	40.7	4	100
11/09/2015 17:10	46.5	44.6	42.1	41.6	43.9	4	100
11/09/2015 17:15	39.4	37.1	34.4	31.7	35.9	4	100
11/09/2015 17:20	39	36.4	31.9	26.7	34	4	100
11/09/2015 17:25	39.2	35.5	31.7	26.1	33.6	4	100
11/09/2015 17:30	36.5	33.7	30.9	28.3	32.7	4	100
11/09/2015 17:35	36.2	31.7	27.2	22.2	29.8	4	100
11/09/2015 17:40	34.2	28.4	23.3	19.8	27.1	4	100
11/09/2015 17:45	34.3	28.9	24.9	22.4	27.9	4	100
11/09/2015 17:50	35.1	30.6	27.9	26.2	30.2	4	100
11/09/2015 17:55	32.4	28.1	27.5	27	28.8	4	100
11/09/2015 18:00	43.8	41.7	40.7	39	41.5	4	100
11/09/2015 18:05	53.6	51.7	47.4	48.1	50.5	4	100
11/09/2015 18:10	58.9	56.5	50.6	53.8	55.1	4	100
11/09/2015 18:15	60.4	58.3	54	52.9	56.6	4	100
11/09/2015 18:20	61.2	58.7	58.1	54.9	58.4	4	100
11/09/2015 18:25	63.1	60.6	60.2	57.3	60.6	4	100
11/09/2015 18:30	62.4	61	57.9	57.1	59.8	4	100
11/09/2015 18:35	63.7	63.1	60	57.6	61.3	4	100
11/09/2015 18:40	64.4	64	60.4	58	61.9	4	100
11/09/2015 18:45	65.5	63.8	60	59.8	62.5	4	100
11/09/2015 18:50	65	65.7	61.8	56.1	62.3	4	100
11/09/2015 18:55	66.5	64	62	55.1	61.9	4	100
11/09/2015 19:00	65.1	62.8	61	57.6	61.8	4	100
11/09/2015 19:05	66.5	64.4	59.5	57.1	62.4	4	100
11/09/2015 19:10	65.6	65.3	62.2	58.8	63.2	4	100
11/09/2015 19:15	66.9	66.3	63	57.5	63.9	4	100
11/09/2015 19:20	65.8	65.7	60.5	55.5	62.4	4	100
11/09/2015 19:25	65.1	65	60.8	58	62.6	4	100
11/09/2015 19:30	66.8	66.6	62.3	58.7	64.1	4	100
11/09/2015 19:35	67.2	66.5	63	56.3	63.5	4	100
11/09/2015 19:40	68.7	68.5	61.3	58.1	64.7	4	100
11/09/2015 19:45	69.9	68.9	65.2	61	66.6	4	100
11/09/2015 19:50	68.9	68.4	66.3	58.8	66.2	4	100
11/09/2015 19:55	68.2	68.1	67.7	58.9	66.1	4	100
11/09/2015 20:00	70	68.7	65.9	58.6	66.8	4	100
11/09/2015 20:05	69.7	68.3	66	59.7	66.2	4	100
11/09/2015 20:10	70.1	67.6	65.5	56.3	65.7	4	100
11/09/2015 20:15	70.3	69.9	68.1	61.8	68.2	4	100
11/09/2015 20:20	70.4	68	66.3	62.5	67.2	4	100
11/09/2015 20:25	70.9	68.7	64.8	64.5	67.6	4	100
11/09/2015 20:30	73	70.1	68.3	66.4	69.7	4	100
11/09/2015 20:35	73.5	70.4	66.5	64.4	69.1	4	100
11/09/2015 20:40	73.4	71	67.6	59	68.5	4	100
11/09/2015 20:45	75.2	71.3	70	59.6	69.8	4	100
11/09/2015 20:50	76	71.1	69.8	64.9	70.6	4	100
11/09/2015 20:55	76.2	72	67.8	67.4	71.2	4	100
11/09/2015 21:00	74.6	71.5	64.6	61.9	68.8	4	100
11/09/2015 21:05	75.3	68.8	64.7	60	68	4	100
11/09/2015 21:10	73.6	69.1	63.3	61.2	67.9	4	100
11/09/2015 21:15	74.1	68.9	64.1	63.8	68.1	4	100
11/09/2015 21:20	73.7	69.5	68.6	65.7	69.6	4	100
11/09/2015 21:25	74.1	70.8	70.6	65.7	70.6	4	100
11/09/2015 21:30	74.5	72.1	66.7	61.1	69.4	4	100
11/09/2015 21:35	75.5	71	69.3	63.3	70.1	4	100
11/09/2015 21:40	75.6	72.9	71.6	64.6	71.7	4	100
11/09/2015 21:45	74.5	73	71.7	68	72.1	4	100
11/09/2015 21:50	74.4	68.9	68.9	69.8	70.6	4	100
11/09/2015 21:55	74	70.2	67.9	71.5	71.1	4	100
11/09/2015 22:00	72.1	70.3	67.7	65.6	69.1	4	100
11/09/2015 22:05	73	72.1	56.9	63.5	67.6	4	100
11/09/2015 22:10	73	72.8	63.2	63.1	69	4	100
11/09/2015 22:15	73.6	72.4	62	62.5	69	4	100
11/09/2015 22:20	73.7	71.2	64.5	63.5	68.8	4	100
11/09/2015 22:25	75	71	68	59.7	69.8	4	100
11/09/2015 22:30	75.3	71.3	67.2	60.6	68.9	4	100
11/09/2015 22:35	75.1	71.7	67.4	64.1	70	4	100
11/09/2015 22:40	74.6	71.4	70.6	63.8	70.6	4	100
11/09/2015 22:45	75.6	71.8	71.3	65.5	71.6	4	100
11/09/2015 22:50	75	72.6	72.7	65.9	72	4	100
11/09/2015 22:55	73.7	73.2	70.5	67	71.4	4	100
11/09/2015 23:00	73.8	73.2	72.6	61.7	71.3	4	100
11/09/2015 23:05	73.4	71.6	69.2	64.4	70.3	4	100
11/09/2015 23:10	75.3	71.7	70.4	67.8	71.6	4	100
11/09/2015 23:15	75.4	71.3	69.5	61.7	70.1	4	100
11/09/2015 23:20	75.2	70.9	67	64.3	69.9	4	100
11/09/2015 23:25	74.7	71.3	67.6	62.1	69.5	4	100
11/09/2015 23:30	75.2	72.2	66.7	61.1	70.6	4	100
11/09/2015 23:35	74.8	72.5	67	62.8	70.2	4	100
11/09/2015 23:40	74.2	70.2	66.9	64.3	69.2	4	100
11/09/2015 23:45	74.6	70.8	70	62.8	69.8	4	100
11/09/2015 23:50	74.9	72.3	66.6	56	67.7	4	100
11/09/2015 23:55	75.8	72.1	66.6	57.9	69.1	4	100
11/10/2015 00:00	74.8	71	67.4	62.8	69.5	4	100
11/10/2015 00:05	75	71.4	69.5	63.4	70.2	4	100
11/10/2015 00:10	74.8	71.6	68.2	66.4	69.9	4	100
11/10/2015 00:15	74.8	71.5	65.6	63.8	68.7	4	100
11/10/2015 00:20	75.1	71.5	67	64.2	69.9	4	100
11/10/2015 00:25	75.2	70.9	69.2	64.9	69.9	4	100
11/10/2015 00:30	73.8	70.6	68.8	62.6	69.5	4	100
11/10/2015 00:35	74.2	70.5	65.3	61.1	67.7	4	100
11/10/2015 00:40	74.5	70.9	65.1	58.9	68.5	4	100
11/10/2015 00:45	74.8	70.8	63	59.9	67.2	4	100
11/10/2015 00:50	74.9	70.8	65.9	56.8	67.1	4	100
11/10/2015 00:55	74.8	70.8	65.5	57	68.8	4	100
11/10/2015 01:00	74.5	71	62.3	60.2	67.3	4	100
11/10/2015 01:05	74.7	71	65	58.9	67.3	4	100
11/10/2015 01:10	74.8	71.1	67	60	67.4	4	100
11/10/2015 01:15	74.8	71	67.9	59.4	68.2	4	100
11/10/2015 01:20	74.8	71.1	67.6	61.8	69	4	100
11/10/2015 01:25	74.8	71.5	62.3	59.2	67.6	4	100
11/10/2015 01:30	74.8	71.6	62	61	66.9	4	100
11/10/2015 01:35	74.8	71.3	64.2	58.5	66.8	4	100
11/10/2015 01:40	74.7	71.2	64.5	62.2	68.2	4	100
11/10/2015 01:45	74.6	71.3	67.1	60.9	68.1	4	100
11/10/2015 01:50	74.5	71.2	67.7	62.1	68.4	4	100
11/10/2015 01:55	74.6	71.1	66.4	61.9	68.7	4	100
11/10/2015 02:00	74.7	70.9	65.8	62.7	68.6	4	100
11/10/2015 02:05	74.9	70.9	66.9	62.4	69	4	100
11/10/2015 02:10	74.7	70.8	63.9	62.7	67.8	4	100
11/10/2015 02:15	74.7	70.9	65.5	62	66.8	4	100
11/10/2015 02:20	74.9	70.6	65.9	62.2	68	4	100
11/10/2015 02:25	75.1	70.5	66.9	62.4	68.1	4	100
11/10/2015 02:30	75	70.7	69.2	63.6	68.5	4	100
11/10/2015 02:35	75	70.7	67.7	59.9	67.8	4	100
11/10/2015 02:40	74.9	70.8	68	58.5	67.2	4	100
11/10/2015 02:45	74.9	70.9	68.9	61.6	68.5	4	100
11/10/2015 02:50	74.9	71.1	68.8	63.4	69.3	4	100
11/10/2015 02:55	75	71	67.9	63.4	68.6	4	100
11/10/2015 03:00	75	71	69.1	63.9	69.3	4	100
11/10/2015 03:05	75	70.9	68.4	62	68.4	4	100
11/10/2015 03:10	74.9	71.2	67.6	63.1	69.1	4	100
11/10/2015 03:15	74.9	71.2	69.2	62.3	68.7	4	100
11/10/2015 03:20	74.8	71.1	69.8	62.8	69.9	4	100
11/10/2015 03:25	74.7	71.2	63.4	62.3	67.5	4	100
11/10/2015 03:30	74.6	70.9	63.5	63.2	67.5	4	100
11/10/2015 03:35	74.5	71.1	63.6	63.2	68.1	4	100
11/10/2015 03:40	74.6	71.1	64.2	63	67.7	4	100
11/10/2015 03:45	74.8	71.6	63.1	62.7	68.4	4	100
11/10/2015 03:50	74.8	71.3	66.7	63.4	68.5	4	100
11/10/2015 03:55	74.8	71.3	67.8	62.4	69.3	4	100
11/10/2015 04:00	74.8	70.9	67.8	63	69.2	4	100
11/10/2015 04:05	74.6	70.8	69.1	63.2	69.8	4	100
11/10/2015 04:10	74.9	71.1	69.8	62.9	69.6	4	100
11/10/2015 04:15	74.7	71.2	69.2	63.1	69.2	4	100
11/10/2015 04:20	74.7	71.8	62.6	61	67.8	4	100
11/10/2015 04:25	74.5	71.7	62.4	59.5	68	4	100
11/10/2015 04:30	74.8	70.2	64.1	59.2	68.7	4	100
11/10/2015 04:35	76.4	70.3	67.4	64	69.9	4	100
11/10/2015 04:40	76.2	70.3	72.3	59.7	70	4	100
11/10/2015 04:45	76.4	70.5	67	60.8	69.9	4	100
11/10/2015 04:50	76.2	72.1	64.6	61.3	70	4	100
11/10/2015 04:55	75.2	71.4	60.8	62.3	68	4	100
11/10/2015 05:00	75.2	70.8	56.6	59	66.6	4	100
11/10/2015 05:05	76.9	71.9	56.6	59.5	67.2	4	100
11/10/2015 05:10	76.6	71.6	59.6	53.7	67.6	4	100
11/10/2015 05:15	76.6	72.2	63.6	59.2	69.5	4	100
11/10/2015 05:20	77	71.9	61.6	58.9	68.9	4	100
11/10/2015 05:25	76.6	72.1	61.5	56	69.2	4	100
11/10/2015 05:30	75.3	70.5	59.9	56.5	68.1	4	100
11/10/2015 05:35	74.4	71	65.4	56.6	68.8	4	100
11/10/2015 05:40	73.7	70.6	63.3	59.9	68.8	4	100
11/10/2015 05:45	74.1	69.5	65.9	63.6	69.5	4	100
11/10/2015 05:50	73.3	69.1	66.4	60.9	68.6	4	100
11/10/2015 05:55	72.6	68.2	65.4	64.3	68.5	4	100
11/10/2015 06:00	71.6	67.5	62.4	57.6	66.7	4	100
11/10/2015 06:05	69.7	65.6	58.8	57.1	64.1	4	100
11/10/2015 06:10	68.6	64.2	57.5	57.1	63	4	100
11/10/2015 06:15	48.8	48.8	44.2	45.9	47	4	100
11/10/2015 06:20	41.8	36.5	32.9	32.3	36.2	4	100
11/10/2015 06:25	32	29	29.8	28.4	29.8	4	100
11/10/2015 06:30	29.4	25.2	25.2	22.8	25.7	4	100
11/10/2015 06:35	36.5	31	28	20.8	29.5	4	100
11/10/2015 06:40	38.7	32.4	30.1	20.4	31.1	4	100
11/10/2015 06:45	47.3	38.3	36.7	29.8	38.6	4	100
11/10/2015 06:50	48.6	43.9	39.9	39.8	43.5	4	100
11/10/2015 06:55	60.6	55.6	50.1	46.5	54.4	4	100
11/10/2015 07:00	67.4	63.5	57.1	48.4	60.3	4	100
11/10/2015 07:05	71.4	66.3	59.3	49.4	63.3	4	100
11/10/2015 07:10	72.8	68	58.1	53.5	64.1	4	100
11/10/2015 07:15	73.6	70	61.1	58.2	66.6	4	100
11/10/2015 07:20	72.5	69.4	61.2	59.4	66.1	4	100
11/10/2015 07:25	71.6	69.7	59.1	59.8	65.6	4	100
11/10/2015 07:30	71.5	69.4	60.4	59.7	65.8	4	100
11/10/2015 07:35	70.2	68	60	59.5	64.9	4	100
11/10/2015 07:40	71.1	67.9	61.8	57.8	65.2	4	100
11/10/2015 07:45	70.2	66.5	62	58.2	64.6	4	100
11/10/2015 07:50	68.9	65.2	57.5	53.7	61.9	4	100
11/10/2015 07:55	68.8	64.1	57	55.4	61.7	4	100
11/10/2015 08:00	71.9	66.3	54.5	57.9	63.8	4	100
11/10/2015 08:05	72.9	68	58.7	56	64.7	4	100
11/10/2015 08:10	72.5	67.9	58.3	59.2	65.5	4	100
11/10/2015 08:15	73.3	69.3	58.5	55.5	65.7	4	100
11/10/2015 08:20	73.9	70.2	64	57.5	67.1	4	100
11/10/2015 08:25	74.2	69.6	60.5	55.7	66	4	100
11/10/2015 08:30	74.9	70.7	61.6	56.7	66.7	4	100
11/10/2015 08:35	74.2	71.2	60.4	55.6	66.5	4	100
11/10/2015 08:40	74.8	71.1	58.9	56.7	66.5	4	100
11/10/2015 08:45	74.4	71.9	59.3	57.4	66.9	4	100
11/10/2015 08:50	72.7	69.6	58.5	54.9	65.3	4	100
11/10/2015 08:55	74.6	70.4	62.7	57.9	67.1	4	100
11/10/2015 09:00	74.2	69	56.8	56.4	65.4	4	100
11/10/2015 09:05	74	68.4	54.8	58.5	64.8	4	100
11/10/2015 09:10	74.9	69.1	59.5	57	66.1	4	100
11/10/2015 09:15	73.5	69.5	59.9	56.6	65.8	4	100
11/10/2015 09:20	74.1	70.4	61	61.8	67.5	4	100
11/10/2015 09:25	73.6	69.4	58.7	60.1	66.7	4	100
11/10/2015 09:30	73.1	67.6	54.1	58.8	64.8	4	100
11/10/2015 09:35	74.5	68.7	57.2	58.6	65.9	4	100
11/10/2015 09:40	73.8	68.3	54.8	58.2	65.1	4	100
11/10/2015 09:45	74.8	69.6	56	54.4	64.7	4	100
11/10/2015 09:50	75.1	70.2	58.9	55	66.3	4	100
11/10/2015 09:55	73.6	66.7	54.2	47.5	62	4	100
11/10/2015 10:00	73.5	67.2	52.6	52.6	63.3	4	100
11/10/2015 10:05	75.1	68.7	52.9	55.9	64.8	4	100
11/10/2015 10:10	74.4	66.8	55.4	50.1	63.5	4	100
11/10/2015 10:15	72.6	67	58.8	51.8	63.8	4	100
11/10/2015 10:20	72.2	66.9	56.6	54.1	63.6	4	100
11/10/2015 10:25	72.1	68.1	54.1	55.1	63.8	4	100
11/10/2015 10:30	71.5	67.3	52	53	62.3	4	100
11/10/2015 10:35	70.8	67.8	54.6	52.4	63	4	100
11/10/2015 10:40	71.8	67.8	54.4	53.3	63.5	4	100
11/10/2015 10:45	70.9	66.9	53.9	55.6	63.2	4	100
11/10/2015 10:50	71.2	67	55.2	55.9	63.6	4	100
11/10/2015 10:55	71.7	67.2	59.2	54.7	64.4	4	100
11/10/2015 11:00	72	68	55.3	53.4	63.7	4	100
11/10/2015 11:05	73.4	68.7	57.6	54.8	64.5	4	100
11/10/2015 11:10	70.7	67.3	57.6	52.4	63.2	4	100
11/10/2015 11:15	72.1	67.1	59	55.6	64	4	100
11/10/2015 11:20	72.1	66.7	55.8	53.6	63.5	4	100
11/10/2015 11:25	71.7	66.2	54.1	54.4	63.2	4	100
11/10/2015 11:30	70.9	66.4	52.4	53.7	62.6	4	100
11/10/2015 11:35	71.5	66.9	52.3	51.3	61.9	4	100
11/10/2015 11:40	71.1	66.6	53.3	51.3	62.4	4	100
11/10/2015 11:45	71.3	66.1	56	51.5	62.2	4	100
11/10/2015 11:50	69.8	64.9	51.5	49.9	60.5	4	100
11/10/2015 11:55	71.7	65.1	52.8	51.2	61.9	4	100
11/10/2015 12:00	72	64.4	54.7	51.1	61.9	4	100
11/10/2015 12:05	71.5	65.7	56.6	52.2	62.9	4	100
11/10/2015 12:10	71.6	66.8	54.9	54.7	63	4	100
11/10/2015 12:15	71	66.1	55.2	54	62.5	4	100
11/10/2015 12:20	71.3	67.4	56.5	57.5	64.1	4	100
11/10/2015 12:25	71.4	68.7	60.4	60.5	66.1	4	100
11/10/2015 12:30	70.6	67.5	59.2	57.9	64.3	4	100
11/10/2015 12:35	70.9	66.9	55.8	55.4	63.1	4	100
11/10/2015 12:40	71.1	66.4	55.5	54.4	63	4	100
11/10/2015 12:45	70.6	65.6	57.6	51	62.3	4	100
11/10/2015 12:50	70.2	65.8	53.5	51.5	61.9	4	100
11/10/2015 12:55	70.5	66	54.2	54.2	62.2	4	100
11/10/2015 13:00	69.3	64.6	55.8	54.9	62.1	4	100
11/10/2015 13:05	69.2	65.8	56.1	54.7	62.4	4	100
11/10/2015 13:10	70.3	66.5	58.7	55.9	63.4	4	100
11/10/2015 13:15	70.7	67.7	60.4	60.6	65.5	4	100
11/10/2015 13:20	70.4	67.5	59.5	59.2	64.7	4	100
11/10/2015 13:25	70.1	67.3	60.4	57.9	64.7	4	100
11/10/2015 13:30	71.2	67.2	58.1	54.8	64	4	100
11/10/2015 13:35	69.4	66.3	58.4	54.1	62.6	4	100
11/10/2015 13:40	69.6	65.9	56.8	54.5	62.5	4	100
11/10/2015 13:45	69.8	65.1	56.3	53.5	62.2	4	100
11/10/2015 13:50	69.5	65.7	57.1	53.1	62.3	4	100
11/10/2015 13:55	70.1	64.7	56.8	53.2	62.1	4	100
11/10/2015 14:00	70	65.8	58.4	57.3	63.8	4	100
11/10/2015 14:05	68.1	64.4	58.3	54.9	62.2	4	100
11/10/2015 14:10	66.3	62	56.4	54.2	60.3	4	100
11/10/2015 14:15	66.8	62.3	56	54.5	60.6	4	100
11/10/2015 14:20	67.9	64.3	58.8	54.3	62.3	4	100
11/10/2015 14:25	67.8	63.3	59.7	53.3	61.6	4	100
11/10/2015 14:30	65.8	61.3	57	52.3	59.6	4	100
11/10/2015 14:35	65.3	61.2	56.9	51.7	59.3	4	100
11/10/2015 14:40	65.3	60.4	57.1	49.2	58.7	4	100
11/10/2015 14:45	49.9	48.6	43.4	39	45.5	4	100
11/10/2015 14:50	47.5	40.7	34.3	31.5	39.4	4	100
11/10/2015 14:55	40.9	33.3	26.1	22.1	31.6	4	100
11/10/2015 15:00	47.4	41	33	30.6	38.5	4	100
11/10/2015 15:05	45.4	41.1	32	33.2	38.4	4	100
11/10/2015 15:10	34.1	30.1	25.1	22.5	28.6	4	100
11/10/2015 15:15	35.5	34.5	30.1	26.1	31.8	4	100
11/10/2015 15:20	33	29.3	26.7	20.9	28.1	4	100
11/10/2015 15:25	33.8	28.3	26.8	20.2	27.9	4	100
11/10/2015 15:30	39.7	34.1	28.2	26.6	32.3	4	100
11/10/2015 15:35	38.1	31.4	25.9	22.9	30.1	4	100
11/10/2015 15:40	40.7	35.4	28.9	25.2	32.9	4	100
11/10/2015 15:45	41.7	36.3	28	28.7	34.2	4	100
11/10/2015 15:50	49.7	45.7	39.4	37.4	43.7	4	100
11/10/2015 15:55	54.4	51.4	48.5	45.3	50.3	4	100
11/10/2015 16:00	55.6	53.3	50.1	46.9	51.8	4	100
11/10/2015 16:05	56.5	53.6	49.9	49.6	52.7	4	100
11/10/2015 16:10	55.2	53.4	48.9	51.1	52.3	4	100
11/10/2015 16:15	43.6	41.6	38.3	35.4	40.1	4	100
11/10/2015 16:20	43	41	37.7	37.1	39.9	4	100
11/10/2015 16:25	41.1	39	36.5	34.3	37.9	4	100
11/10/2015 16:30	36	34.1	31.3	28.2	32.7	4	100
11/10/2015 16:35	36.6	33.6	28.6	28.5	32.1	4	100
11/10/2015 16:40	36.7	34.2	31.4	34.2	34.2	4	100
11/10/2015 16:45	34.7	32.6	28	33.7	32.4	4	100
11/10/2015 16:50	33.3	28.4	22.8	24.6	27.8	4	100
11/10/2015 16:55	33.4	28	23.5	22.1	26.9	4	100
11/10/2015 17:00	35.4	29.8	24.9	21.4	28.2	4	100
11/10/2015 17:05	35.5	30.6	24.6	26.8	29.8	4	100
11/10/2015 17:10	36.6	33.7	31.3	33.5	33.8	4	100
11/10/2015 17:15	37.6	34.4	32.1	33.5	34.5	4	100
11/10/2015 17:20	35.3	33.1	29.4	31	32.3	4	100
11/10/2015 17:25	34.8	31.5	27.9	24.1	29.8	4	100
11/10/2015 17:30	35.7	32.4	29.9	28.3	31.8	4	100
11/10/2015 17:35	33.6	31.8	28.4	24.7	29.9	4	100
11/10/2015 17:40	33.1	30.8	28.5	24.2	29.5	4	100
11/10/2015 17:45	30.6	29.1	25.7	22.3	27.3	4	100
11/10/2015 17:50	30.3	29.4	25.7	24.3	27.7	4	100
11/10/2015 17:55	34.5	32.5	29.4	28.3	31.4	4	100
11/10/2015 18:00	35.8	33.3	29.3	27.8	31.9	4	100
11/10/2015 18:05	35.7	33.8	29.4	32.6	33	4	100
11/10/2015 18:10	35	33.3	27.5	30.1	31.6	4	100
11/10/2015 18:15	40.1	38.3	34.4	33.7	36.8	4	100
11/10/2015 18:20	39.5	37	32.8	30	35.2	4	100
11/10/2015 18:25	35.7	33.6	29.2	26.7	31.6	4	100
11/10/2015 18:30	42.3	39.2	36	33.6	37.9	4	100
11/10/2015 18:35	43.8	40.1	37.2	33.5	39	4	100
11/10/2015 18:40	51.6	49.9	47.2	45.2	48.7	4	100
11/10/2015 18:45	58.9	55.8	54.9	51.9	55.6	4	100
11/10/2015 18:50	62	59.6	59.5	54.6	59.1	4	100
11/10/2015 18:55	63.9	61.6	59.1	56.2	60.5	4	100
11/10/2015 19:00	65.4	62.4	60.4	55.6	61.3	4	100
11/10/2015 19:05	67	63	58.8	56.7	61.8	4	100
11/10/2015 19:10	66.3	62.7	59.9	58.2	62	4	100
11/10/2015 19:15	65	61.8	59.9	61.7	62.2	4	100
11/10/2015 19:20	65.3	62.3	59.5	58.8	61.7	4	100
11/10/2015 19:25	66.5	63.8	63.2	59.9	63.6	4	100
11/10/2015 19:30	66.1	62.5	62	58	62.6	4	100
11/10/2015 19:35	66.4	63	63.1	58.3	63	4	100
11/10/2015 19:40	67.5	64.8	61.1	60.1	63.9	4	100
11/10/2015 19:45	66.9	64.6	60.9	59.6	63.3	4	100
11/10/2015 19:50	68.1	66.1	63.1	61	64.9	4	100
11/10/2015 19:55	68.4	66.3	63	60.4	64.9	4	100
11/10/2015 20:00	68	65.8	63.7	61.2	64.9	4	100
11/10/2015 20:05	69.2	65.8	64.7	61.9	65.7	4	100
11/10/2015 20:10	68.2	65.6	62.7	61.9	64.9	4	100
11/10/2015 20:15	67.4	64.6	62.9	57.1	63.5	4	100
11/10/2015 20:20	68.2	64.6	61.3	60	64.1	4	100
11/10/2015 20:25	68.3	65.3	63.5	62.5	65.2	4	100
11/10/2015 20:30	68.2	65.3	67.1	65	66.6	4	100
11/10/2015 20:35	68.9	64.9	67.2	65.6	66.8	4	100
11/10/2015 20:40	69.4	66.4	65.1	60.8	66.1	4	100
11/10/2015 20:45	70.7	66.4	65.6	62.2	66.8	4	100
11/10/2015 20:50	72.2	67.1	66.8	61.9	67.6	4	100
11/10/2015 20:55	73.9	67.7	67.9	59.8	67.9	4	100
11/10/2015 21:00	73.9	67.2	60.5	60.6	66.1	4	100
11/10/2015 21:05	74.3	67.7	63.1	62.9	68	4	100
11/10/2015 21:10	74.7	68	65.4	62.2	68.2	4	100
11/10/2015 21:15	73.5	69.4	65.2	60.3	67.8	4	100
11/10/2015 21:20	73.7	69.3	66.5	61.7	68.2	4	100
11/10/2015 21:25	74	68.9	62.5	61.3	67.3	4	100
11/10/2015 21:30	73.9	69.1	67.7	60.3	68.3	4	100
11/10/2015 21:35	75.5	70.3	65.6	59.7	68.4	4	100
11/10/2015 21:40	75	70.7	64	59.7	68.6	4	100
11/10/2015 21:45	74.2	69.5	62.1	61.2	67.8	4	100
11/10/2015 21:50	74.9	71.5	62.1	62.2	68.7	4	100
11/10/2015 21:55	75.9	72.4	66.1	64.2	70.2	4	100
11/10/2015 22:00	75.6	72.1	63.1	63.8	69.4	4	100
11/10/2015 22:05	74.7	71.5	65	63.9	69.4	4	100
11/10/2015 22:10	75.4	71.3	65.5	60	68.9	4	100
11/10/2015 22:15	73.9	70.2	67.4	63.5	69.2	4	100
11/10/2015 22:20	72.9	70.3	65.2	63.3	68.5	4	100
11/10/2015 22:25	71.8	68.2	66.2	59.9	67.3	4	100
11/10/2015 22:30	72.9	69.9	65.3	63	68.3	4	100
11/10/2015 22:35	73.5	69.9	65.7	67.7	69.6	4	100
11/10/2015 22:40	73.9	69.2	64.3	69.9	69.4	4	100
11/10/2015 22:45	74	70	67.9	70.7	71	4	100
11/10/2015 22:50	75.1	71.6	68.1	68.7	71	4	100
11/10/2015 22:55	73.8	71.2	69	70.4	71.3	4	100
11/10/2015 23:00	73.4	69.6	65.8	65.8	69.2	4	100
11/10/2015 23:05	71.7	67.8	67.3	67.1	68.6	4	100
11/10/2015 23:10	72.7	67.2	64.9	62	67.4	4	100
11/10/2015 23:15	73.6	69.6	65.2	61.8	68	4	100
11/10/2015 23:20	73.1	71.3	68.6	62.3	69.4	4	100
11/10/2015 23:25	75.1	71.4	70.6	64.3	71	4	100
11/10/2015 23:30	75	71.9	70.4	66.1	71.2	4	100
11/10/2015 23:35	75	72	70.2	65.7	70.8	4	100
11/10/2015 23:40	74.6	69.6	69.2	66.1	70	4	100
11/10/2015 23:45	74.8	71.5	69.8	64.1	70.4	4	100
11/10/2015 23:50	74.7	72	66	61.4	69.1	4	100
11/10/2015 23:55	74.8	72.3	66.5	60.4	69.3	4	100
11/11/2015 00:00	74.8	71	67.4	62.8	69.2	4	100
11/11/2015 00:05	74.4	72.2	69.8	65.3	70.8	4	100
11/11/2015 00:10	74.4	71.6	70.7	67.1	71.2	4	100
11/11/2015 00:15	73.7	71.1	68.2	70	71	4	100
11/11/2015 00:20	74	71	68.5	65.6	70.4	4	100
11/11/2015 00:25	74.2	71.6	68.1	63.9	69.9	4	100
11/11/2015 00:30	74	71	68.7	65.5	70	4	100
11/11/2015 00:35	74.6	71.8	68.8	66.6	70.4	4	100
11/11/2015 00:40	74.7	72.2	60.3	65.4	68.5	4	100
11/11/2015 00:45	74.6	71.5	64	64.4	68	4	100
11/11/2015 00:50	82.3	71.1	77.4	62	76.9	4	100
11/11/2015 00:55	78.2	71.5	70.9	57.7	69.6	4	100
11/11/2015 01:00	76.6	70.7	67.9	54.2	66.6	4	100
11/11/2015 01:05	75.5	70.5	66.2	57.3	66.6	4	100
11/11/2015 01:10	75	70.6	66.6	60	68	4	100
11/11/2015 01:15	74.7	70.6	65	59.5	67.1	4	100
11/11/2015 01:20	74.8	71	64.1	61.7	66.7	4	100
11/11/2015 01:25	74.6	81	65.5	62.5	76	4	100
11/11/2015 01:30	74.8	75.7	65.8	63.8	69.9	4	100
11/11/2015 01:35	74.5	73.2	61	63.2	67.5	4	100
11/11/2015 01:40	74.6	71.4	58.1	62.8	66.8	4	100
11/11/2015 01:45	74.5	71.2	62.8	62.5	67.2	4	100
11/11/2015 01:50	74.7	71.4	64.4	62.4	68.4	4	100
11/11/2015 01:55	74.6	70.9	67.1	62.8	68.7	4	100
11/11/2015 02:00	74.7	71.3	67.4	61.6	69	4	100
11/11/2015 02:05	74.7	71	66.2	59.9	68.3	4	100
11/11/2015 02:10	74.5	77.8	66.6	62.4	73.8	4	100
11/11/2015 02:15	74.6	74.2	60.7	63.8	67.7	4	100
11/11/2015 02:20	74.6	72.5	64.7	64.8	68.6	4	100
11/11/2015 02:25	74.6	71.8	65.7	63.6	69.3	4	100
11/11/2015 02:30	74.7	71.3	65.7	63.3	68.8	4	100
11/11/2015 02:35	83.8	71.1	67.6	63.6	76.4	4	100
11/11/2015 02:40	79.2	71	67.7	63.4	69.1	4	100
11/11/2015 02:45	77.1	70.9	69.4	64.4	70.2	4	100
11/11/2015 02:50	75.9	77.5	68.2	72.8	74.3	4	100
11/11/2015 02:55	75.3	74.1	67.5	67.9	70.4	4	100
11/11/2015 03:00	75.2	72.8	68.6	65.1	70.4	4	100
11/11/2015 03:05	74.8	71.7	67.7	64	68.9	4	100
11/11/2015 03:10	74.5	71.4	69.1	65.3	69.5	4	100
11/11/2015 03:15	74.7	70.9	67.7	64.2	69.3	4	100
11/11/2015 03:20	74.8	71	67.9	64.2	69.3	4	100
11/11/2015 03:25	74.7	70.9	62.6	63	66.9	4	100
11/11/2015 03:30	82.4	71.1	77.4	62.5	77.2	4	100
11/11/2015 03:35	78.5	71.2	71.7	62.2	71	4	100
11/11/2015 03:40	76.8	70.5	70.6	62.8	69.9	4	100
11/11/2015 03:45	75.7	70.7	67.3	61.1	67.6	4	100
11/11/2015 03:50	75.3	70.8	77.4	62.5	74.6	4	100
11/11/2015 03:55	75.2	70.5	73.4	63	70.7	4	100
11/11/2015 04:00	75	70.6	69.2	61.2	68.1	4	100
11/11/2015 04:05	75.2	71.3	67.3	61	69.9	4	100
11/11/2015 04:10	75	71	66.4	60.3	68.7	4	100
11/11/2015 04:15	74.7	70.7	66.9	61.3	67.8	4	100
11/11/2015 04:20	74.4	72.1	68.9	64.2	70	4	100
11/11/2015 04:25	74.6	70.5	66.6	61	69.6	4	100
11/11/2015 04:30	74.8	70.5	67.5	63.4	69.5	4	100
11/11/2015 04:35	74.9	69.9	65.7	67.1	69.4	4	100
11/11/2015 04:40	74.7	69.3	72.7	72.8	72.1	4	100
11/11/2015 04:45	75.1	71.5	66.3	67.2	70.6	4	100
11/11/2015 04:50	74.8	71.3	71.6	66.9	71.2	4	100
11/11/2015 04:55	74.1	81	66.9	59.7	74.6	4	100
11/11/2015 05:00	74.9	76.8	67.4	59.6	71.5	4	100
11/11/2015 05:05	74.8	73.9	72.4	57.9	71.3	4	100
11/11/2015 05:10	75.7	71.3	76.3	60.3	71.8	4	100
11/11/2015 05:15	75.2	69.8	71.1	58.2	69.7	4	100
11/11/2015 05:20	76.9	71.9	61.1	59.8	68.8	4	100
11/11/2015 05:25	76.4	69.2	62.9	58.9	68.3	4	100
11/11/2015 05:30	75.4	69.8	68.4	60.2	69.8	4	100
11/11/2015 05:35	74.8	69.6	63.2	59.5	68.5	4	100
11/11/2015 05:40	74.8	68.9	65.1	53.8	67.9	4	100
11/11/2015 05:45	74.6	69.2	67.3	56.7	68.7	4	100
11/11/2015 05:50	76.2	71	69.4	62.1	71.5	4	100
11/11/2015 05:55	73.9	70	67.1	65.7	70	4	100
11/11/2015 06:00	73.1	70.1	61.9	57.3	67.6	4	100
11/11/2015 06:05	74.3	70.1	59.2	57.8	67.3	4	100
11/11/2015 06:10	72.2	68.6	57.1	57.2	65.6	4	100
11/11/2015 06:15	71.8	68.4	58.2	60.3	65.9	4	100
11/11/2015 06:20	71.6	69.9	57.7	60.9	66.6	4	100
11/11/2015 06:25	73.3	69.8	58.1	55.4	65.9	4	100
11/11/2015 06:30	74.4	69.6	63.2	54.8	67.1	4	100
11/11/2015 06:35	74.4	69.6	73.2	53.1	69.7	4	100
11/11/2015 06:40	74.2	70.4	64.4	53.6	66.6	4	100
11/11/2015 06:45	73.5	70.2	62.7	56.6	67.3	4	100
11/11/2015 06:50	73.2	69.8	61.6	56.9	66.9	4	100
11/11/2015 06:55	73.1	68.5	60.6	51.9	64.8	4	100
11/11/2015 07:00	73.3	69.4	63.5	55.9	66.9	4	100
11/11/2015 07:05	73.8	70.8	63.4	54.9	67.3	4	100
11/11/2015 07:10	75	68.8	59.8	54.3	66.1	4	100
11/11/2015 07:15	74	70.5	60.2	51.7	66	4	100
11/11/2015 07:20	73.6	67.7	65	48.2	65.7	4	100
11/11/2015 07:25	73.5	69.3	59.6	54.2	65.8	4	100
11/11/2015 07:30	73.2	69	58.6	53.5	64.7	4	100
11/11/2015 07:35	73.2	69.6	59.7	53.8	65.1	4	100
11/11/2015 07:40	74.3	72	59.7	59.7	67.6	4	100
11/11/2015 07:45	73.4	70.4	65	60.2	68.2	4	100
11/11/2015 07:50	75.4	71.4	65.1	56.9	68.4	4	100
11/11/2015 07:55	74.9	70.7	64.8	60.1	68.6	4	100
11/11/2015 08:00	76.1	71.5	64.8	71.9	71.4	4	100
11/11/2015 08:05	74.3	70.6	62.9	59.3	68	4	100
11/11/2015 08:10	74.3	71.1	61.5	56.3	67.1	4	100
11/11/2015 08:15	73.5	71.5	58.5	53.2	66.2	4	100
11/11/2015 08:20	73.7	69.6	55.1	53.1	65	4	100
11/11/2015 08:25	73	71.4	58.2	52.9	65.6	4	100
11/11/2015 08:30	71.7	71.6	60.9	55.8	66.3	4	100
11/11/2015 08:35	71.2	70.9	60.5	55.3	65.9	4	100
11/11/2015 08:40	71.9	70.8	59.1	58.4	66.3	4	100
11/11/2015 08:45	73.1	70.8	59	54.6	66.4	4	100
11/11/2015 08:50	74.3	70.5	59.4	55.4	66.4	4	100
11/11/2015 08:55	73.2	70	57.4	56.5	65.7	4	100
11/11/2015 09:00	73.7	70.2	58.7	54.6	65.8	4	100
11/11/2015 09:05	74.4	71.3	64.7	55.4	67.6	4	100
11/11/2015 09:10	73.6	70	61.7	56.3	66.6	4	100
11/11/2015 09:15	73.4	69.8	56.3	54.5	65.1	4	100
11/11/2015 09:20	72.7	69.2	56.6	55.5	64.9	4	100
11/11/2015 09:25	72.6	68.8	58.4	50.7	64.4	4	100
11/11/2015 09:30	72.4	67.6	57	51	63.7	4	100
11/11/2015 09:35	72.4	68.3	55.6	52.7	63.6	4	100
11/11/2015 09:40	71.8	68.2	52.6	58.8	64.4	4	100
11/11/2015 09:45	73.9	68.2	54.3	56.6	64.7	4	100
11/11/2015 09:50	74	68	53.9	56.3	64.5	4	100
11/11/2015 09:55	72.3	67.5	56.2	52.2	63.9	4	100
11/11/2015 10:00	72.5	67.7	60.4	54.3	65.1	4	100
11/11/2015 10:05	72	67.1	55.3	52.1	63.7	4	100
11/11/2015 10:10	73.3	68.1	54.4	54.5	64	4	100
11/11/2015 10:15	74	68.4	56.4	52.7	64.4	4	100
11/11/2015 10:20	72.8	69.8	57.7	51.2	64.9	4	100
11/11/2015 10:25	71.9	68.3	59.1	52.4	64.2	4	100
11/11/2015 10:30	71.6	68.5	58.3	50.2	64.1	4	100
11/11/2015 10:35	71.4	68.7	57.9	50	63.3	4	100
11/11/2015 10:40	70.3	67.9	57.4	54.2	63.7	4	100
11/11/2015 10:45	71.9	68.4	58	55.7	64.8	4	100
11/11/2015 10:50	71.9	68.8	58	57.2	65	4	100
11/11/2015 10:55	72.1	68.2	56.6	54.9	64.6	4	100
11/11/2015 11:00	71.2	65.4	53	53.6	62.5	4	100
11/11/2015 11:05	71.2	64.7	55.4	54.3	62.7	4	100
11/11/2015 11:10	71.8	65.8	57.4	54.4	63.4	4	100
11/11/2015 11:15	72.6	67.6	62.7	52.9	65.4	4	100
11/11/2015 11:20	71.5	66.9	58.6	52.8	63.7	4	100
11/11/2015 11:25	70.8	67.8	59.3	53.3	64.2	4	100
11/11/2015 11:30	72.1	68.5	63	52.9	65.2	4	100
11/11/2015 11:35	71.6	67.8	61.1	51.6	64.1	4	100
11/11/2015 11:40	71	67.7	59.1	53.2	63.9	4	100
11/11/2015 11:45	69.4	66.1	55	51.6	61.6	4	100
11/11/2015 11:50	69.7	65.5	56	54	62.7	4	100
11/11/2015 11:55	69.6	65.5	56.1	54	62.3	4	100
11/11/2015 12:00	70.6	67.1	57.4	53.8	63.5	4	100
11/11/2015 12:05	70.9	67	60.1	56.6	64.5	4	100
11/11/2015 12:10	70.5	66.8	59.4	53.4	63.7	4	100
11/11/2015 12:15	71.7	67.9	57.3	54.8	64.1	4	100
11/11/2015 12:20	71.8	66.7	57.4	55.7	63.9	4	100
11/11/2015 12:25	70.4	66.1	56.2	55	63	4	100
11/11/2015 12:30	71.6	67.7	59.3	58.9	65.3	4	100
11/11/2015 12:35	72.2	67.7	63.5	55.9	65.7	4	100
11/11/2015 12:40	72.4	68.9	66.5	56.8	67.2	4	100
11/11/2015 12:45	71.3	67.9	63.3	55.7	65.4	4	100
11/11/2015 12:50	70.4	67.6	59.8	55.2	64	4	100
11/11/2015 12:55	71.1	67.4	57.8	55.3	63.9	4	100
11/11/2015 13:00	71.2	67.5	61	53.2	64.2	4	100
11/11/2015 13:05	70.8	66.6	57.3	52.6	62.7	4	100
11/11/2015 13:10	71.2	67.9	60.7	54	64.4	4	100
11/11/2015 13:15	70	67.4	59	53.2	63.6	4	100
11/11/2015 13:20	70.5	67.1	61	55.7	63.9	4	100
11/11/2015 13:25	69.2	66	59	57.3	63.5	4	100
11/11/2015 13:30	69.8	66.7	58.3	57.7	63.9	4	100
11/11/2015 13:35	69.8	66.4	60.9	60.1	64.9	4	100
11/11/2015 13:40	69	65.5	61.9	60.2	64.7	4	100
11/11/2015 13:45	69	66	62.5	58.7	64.7	4	100
11/11/2015 13:50	68.8	66.4	59.6	56.7	63.8	4	100
11/11/2015 13:55	68	65.5	57.9	55.4	62.7	4	100
11/11/2015 14:00	68.9	65.1	57.4	56.9	63	4	100
11/11/2015 14:05	69	64.3	59.2	57.2	63.1	4	100
11/11/2015 14:10	69.1	65.6	62.3	57.3	64.1	4	100
11/11/2015 14:15	68.2	65	62.6	55.8	63.6	4	100
11/11/2015 14:20	67.4	64.2	61.2	55.7	62.7	4	100
11/11/2015 14:25	68.3	64.1	62.4	54.5	63.2	4	100
11/11/2015 14:30	68	64.1	60.6	54.4	62.3	4	100
11/11/2015 14:35	66.8	63.6	60	54	61.7	4	100
11/11/2015 14:40	66.2	63.5	63.4	56.5	62.8	4	100
11/11/2015 14:45	65.8	61.2	60	54.6	60.9	4	100
11/11/2015 14:50	64.9	59.5	57.9	54.6	59.6	4	100
11/11/2015 14:55	64.6	58.9	55.9	54.6	58.7	4	100
11/11/2015 15:00	62.2	57.4	52.5	52.4	56.3	4	100
11/11/2015 15:05	55.1	51.9	48	45.6	50.4	4	100
11/11/2015 15:10	59.1	55.3	52	50.6	54.3	4	100
11/11/2015 15:15	61.5	58	52.6	52.3	56.4	4	100
11/11/2015 15:20	49.2	44.6	41.4	42.8	44.6	4	100
11/11/2015 15:25	52.4	48.3	46.7	45.7	48.4	4	100
11/11/2015 15:30	50.3	45.8	44.7	42.7	46	4	100
11/11/2015 15:35	44.8	39.7	39.2	38.2	40.7	4	100
11/11/2015 15:40	39	37	31.7	33.2	35.5	4	100
11/11/2015 15:45	41.6	37.2	33.2	27	35.2	4	100
11/11/2015 15:50	38.7	32.5	28.6	22.1	31	4	100
11/11/2015 15:55	39.4	33.1	26.4	19.7	30.1	4	100
11/11/2015 16:00	39.1	34.8	28.8	24.9	32.2	4	100
11/11/2015 16:05	44.3	39.6	38.1	36.2	39.6	4	100
11/11/2015 16:10	33.9	33.2	33.5	35.5	34	4	100
11/11/2015 16:15	42.4	41.6	40.7	39.2	41.1	4	100
11/11/2015 16:20	47.6	45.4	43.9	43.4	45.2	4	100
11/11/2015 16:25	35.8	36.1	34	33.5	34.9	4	100
11/11/2015 16:30	39.5	39	39.5	38.1	39.1	4	100
11/11/2015 16:35	41.3	40	38.6	40	40	4	100
11/11/2015 16:40	36.6	32	31.2	28.6	32.4	4	100
11/11/2015 16:45	39.4	34.4	31.7	27.4	33.5	4	100
11/11/2015 16:50	40.7	37.3	33	30.5	35.8	4	100
11/11/2015 16:55	38.1	31.6	31.9	30	33.1	4	100
11/11/2015 17:00	41.1	36.3	37.4	33.5	37.3	4	100
11/11/2015 17:05	42	39	39.5	38.7	39.9	4	100
11/11/2015 17:10	33.9	32.8	33.2	30.7	32.7	4	100
11/11/2015 17:15	38.3	36.3	33.2	33.1	35.4	4	100
11/11/2015 17:20	41.6	37.4	33.8	30.5	36.1	4	100
11/11/2015 17:25	39.4	33.1	31.3	25.1	32.8	4	100
11/11/2015 17:30	41.3	37.2	34	31	36	4	100
11/11/2015 17:35	40	36.2	31.1	27.8	34.3	4	100
11/11/2015 17:40	35.1	31.5	24.9	24.3	29.3	4	100
11/11/2015 17:45	37.5	31.2	26.4	22.7	29.7	4	100
11/11/2015 17:50	43	38.6	36.9	33.4	38.2	4	100
11/11/2015 17:55	49.6	46.4	45.3	40.6	45.8	4	100
11/11/2015 18:00	48.6	45.7	47.5	44.6	46.7	4	100
11/11/2015 18:05	41.3	41.1	45.3	44.1	42.9	4	100
11/11/2015 18:10	50	49.7	52.8	48.3	50.3	4	100
11/11/2015 18:15	52.2	51.2	53.8	48.4	51.5	4	100
11/11/2015 18:20	58	54.5	54.6	50.4	54.6	4	100
11/11/2015 18:25	62.8	60.1	59	56.4	59.8	4	100
11/11/2015 18:30	64.3	62.7	60	56.5	61.3	4	100
11/11/2015 18:35	65.7	64.2	62.5	57.9	62.8	4	100
11/11/2015 18:40	66.7	64.8	64.5	59.9	64.2	4	100
11/11/2015 18:45	66.4	65.7	63.1	59.2	63.9	4	100
11/11/2015 18:50	66.1	65.3	61.1	60.4	63.6	4	100
11/11/2015 18:55	66.2	65.5	60.9	59.2	63.3	4	100
11/11/2015 19:00	65.7	64.7	62.2	60.9	63.6	4	100
11/11/2015 19:05	66.1	65.2	61.8	59.4	63.4	4	100
11/11/2015 19:10	67.1	66.2	64	59.1	64.4	4	100
11/11/2015 19:15	67.9	66	62.9	58.2	64.2	4	100
11/11/2015 19:20	68.7	65.7	63	58.6	64.5	4	100
11/11/2015 19:25	67.1	67.2	64.6	58.2	64.8	4	100
11/11/2015 19:30	67.9	68.2	67.3	56.3	65.7	4	100
11/11/2015 19:35	69.4	68.6	68.1	59.6	66.9	4	100
11/11/2015 19:40	69.5	67.4	68.8	59.2	66.6	4	100
11/11/2015 19:45	70.2	68.2	66.8	59.9	66.9	4	100
11/11/2015 19:50	70.6	68.6	67.6	58.8	66.8	4	100
11/11/2015 19:55	71.3	67.5	68	59.3	66.9	4	100
11/11/2015 20:00	71.3	68.6	68.7	63.6	68.4	4	100
11/11/2015 20:05	71.5	69	67	59.5	67.6	4	100
11/11/2015 20:10	70.9	68.8	66.1	58.7	66.9	4	100
11/11/2015 20:15	71.8	68.5	65.4	59.1	66.6	4	100
11/11/2015 20:20	71.3	70	67.1	58.7	67.6	4	100
11/11/2015 20:25	71.8	70.3	67.4	60.3	68.1	4	100
11/11/2015 20:30	70.6	70.2	64	60.1	66.8	4	100
11/11/2015 20:35	71.5	71.4	66.4	65.1	69.2	4	100
11/11/2015 20:40	72.4	71.3	68.6	66.2	70	4	100
11/11/2015 20:45	72.9	71.3	69.9	65.7	70.2	4	100
11/11/2015 20:50	72.2	70.3	66.4	65.2	68.9	4	100
11/11/2015 20:55	73.2	71	66.9	65.9	69.5	4	100
11/11/2015 21:00	73.2	71.3	69.1	64.3	70	4	100
11/11/2015 21:05	74.7	71.1	68.5	66.1	70.6	4	100
11/11/2015 21:10	74.1	71.4	68.8	62.2	69.5	4	100
11/11/2015 21:15	72.8	69.7	67	64.4	68.9	4	100
11/11/2015 21:20	75.1	70	66.1	64.9	69.8	4	100
11/11/2015 21:25	74.4	70.7	67.1	59.6	69.4	4	100
11/11/2015 21:30	74.9	70.2	65.6	56.2	67.9	4	100
11/11/2015 21:35	74.5	70.5	68.2	62.5	69.5	4	100
11/11/2015 21:40	74.5	70.5	69.1	63.7	69.8	4	100
11/11/2015 21:45	74.5	69.4	63.2	64.8	68.5	4	100
11/11/2015 21:50	75.4	69.9	62.3	61.2	68.4	4	100
11/11/2015 21:55	75.4	69.9	59.9	62.8	67.8	4	100
11/11/2015 22:00	75.7	71	62.5	62.5	68.4	4	100
11/11/2015 22:05	76.2	71.4	69.9	63.5	70.6	4	100
11/11/2015 22:10	75.4	71.6	67.4	65.6	70.5	4	100
11/11/2015 22:15	74.8	70.6	69	67.7	70.9	4	100
11/11/2015 22:20	74	68.4	67.8	61.3	68.6	4	100
11/11/2015 22:25	73.6	70.6	64.2	63	69.1	4	100
11/11/2015 22:30	73.1	69	68.3	62.3	68.9	4	100
11/11/2015 22:35	73.9	70	69.5	60.5	68.9	4	100
11/11/2015 22:40	74.9	70.1	71.5	61.1	70.1	4	100
11/11/2015 22:45	76	70.5	63.7	60.7	68.5	4	100
11/11/2015 22:50	75.4	72	65.3	63.4	69.6	4	100
11/11/2015 22:55	75.9	72.8	68.8	63.1	71	4	100
11/11/2015 23:00	75.1	71.4	67.6	64.6	70.3	4	100
11/11/2015 23:05	74.4	70.5	71.8	64.3	70.8	4	100
11/11/2015 23:10	73.6	69.7	72.2	59.4	69.8	4	100
11/11/2015 23:15	73.1	69.6	71.3	59.2	69	4	100
11/11/2015 23:20	74.5	70.8	72.1	63.6	70.5	4	100
11/11/2015 23:25	74.5	71.1	71.2	65.1	71	4	100
11/11/2015 23:30	74.6	72.1	70.3	61.4	70.5	4	100
11/11/2015 23:35	74.6	71	70.6	62.4	70.4	4	100
11/11/2015 23:40	74.9	71.2	70.2	58.7	69.8	4	100
11/11/2015 23:45	74.9	71	68.4	57.8	67.8	4	100
11/11/2015 23:50	75.3	70.3	65.9	61.3	68.7	4	100
11/11/2015 23:55	75.3	71.1	66.3	60	68.7	4	100
11/12/2015 00:00	74.8	71	67.4	62.8	69.4	4	100
11/12/2015 00:05	74.2	70.3	68.9	61.7	69.4	4	100
11/12/2015 00:10	74.1	71	69.4	61.7	69.9	4	100
11/12/2015 00:15	74.5	70.4	70.3	60.7	69.5	4	100
11/12/2015 00:20	74.6	70.8	68	61.2	69	4	100
11/12/2015 00:25	74.3	70.7	66.1	61.4	68.8	4	100
11/12/2015 00:30	74.1	70.5	64.2	61.2	68.4	4	100
11/12/2015 00:35	74	71.6	65.2	62.9	69.3	4	100
11/12/2015 00:40	74.7	71.8	64.4	59.5	68.2	4	100
11/12/2015 00:45	75.4	72.1	62.8	56.4	68.1	4	100
11/12/2015 00:50	74.8	71.2	64.5	57.5	68.2	4	100
11/12/2015 00:55	73	71.1	62.6	61	68.4	4	100
11/12/2015 01:00	73.7	81	61.5	62	74.4	4	100
11/12/2015 01:05	74	75.9	64.2	62.3	69	4	100
11/12/2015 01:10	84.8	73.5	66.1	61.7	77.6	4	100
11/12/2015 01:15	79.9	72.8	64.5	72.8	72.5	4	100
11/12/2015 01:20	84.8	72	66.4	68.8	77.6	4	100
11/12/2015 01:25	79.6	70.9	61.3	65.8	68.7	4	100
11/12/2015 01:30	77	71.2	60.4	63.8	68	4	100
11/12/2015 01:35	75.8	71.4	63.5	63.2	69	4	100
11/12/2015 01:40	75.1	70.8	64	63.6	68.1	4	100
11/12/2015 01:45	74.9	69.9	61.9	60.9	66.1	4	100
11/12/2015 01:50	75	70.5	65.7	60.6	68.1	4	100
11/12/2015 01:55	74.9	70.5	66	61.9	69	4	100
11/12/2015 02:00	74.9	70.8	77.4	61.4	74.7	4	100
11/12/2015 02:05	74.8	71	71.7	62.4	68.7	4	100
11/12/2015 02:10	74.8	71	69.1	63	69.4	4	100
11/12/2015 02:15	74.8	70.7	69.9	62.9	70	4	100
11/12/2015 02:20	74.9	70.6	68.6	62.1	68.3	4	100
11/12/2015 02:25	75	78.1	66.8	63	75.2	4	100
11/12/2015 02:30	75	74.6	66.8	62.1	68.3	4	100
11/12/2015 02:35	75	72.8	67	62.4	68.7	4	100
11/12/2015 02:40	74.9	72	67.1	64.4	69	4	100
11/12/2015 02:45	74.9	80.6	68	62.8	76.9	4	100
11/12/2015 02:50	74.9	75.7	67.5	63.1	68.8	4	100
11/12/2015 02:55	74.6	73.2	69.2	62.7	70.2	4	100
11/12/2015 03:00	74.7	71.7	67.2	63.5	68.5	4	100
11/12/2015 03:05	74.6	70.9	68.1	62.4	69.6	4	100
11/12/2015 03:10	74.6	70.4	66.9	62.6	68.2	4	100
11/12/2015 03:15	74.5	69.3	67.5	62	69.9	4	100
11/12/2015 03:20	74.6	70.2	68.5	62.2	69.2	4	100
11/12/2015 03:25	74.6	70.8	67.3	62.6	69	4	100
11/12/2015 03:30	74.8	71.1	60.7	62.9	67.1	4	100
11/12/2015 03:35	74.7	70.7	61.7	60.4	68	4	100
11/12/2015 03:40	74.3	70.5	63.6	61.1	67.6	4	100
11/12/2015 03:45	74.4	71	66.6	62.6	68.2	4	100
11/12/2015 03:50	74.6	71.1	64.6	63.2	68.4	4	100
11/12/2015 03:55	84.6	71.3	77.4	55.8	78	4	100
11/12/2015 04:00	79.6	71.1	68.9	58.8	71	4	100
11/12/2015 04:05	77.2	71.3	67.4	61.4	70.6	4	100
11/12/2015 04:10	75.7	71.7	70.1	56.5	70.2	4	100
11/12/2015 04:15	75.3	71.1	71.1	58.9	70.2	4	100
11/12/2015 04:20	75.1	71.1	68.8	50	67	4	100
11/12/2015 04:25	75.3	71.3	67.7	55.2	68.9	4	100
11/12/2015 04:30	75.9	72	65.8	61	70.5	4	100
11/12/2015 04:35	75.5	70.6	66	62.7	68.6	4	100
11/12/2015 04:40	76.1	71.4	66.6	65.7	70.5	4	100
11/12/2015 04:45	75.3	71.8	66.4	66.2	69.9	4	100
11/12/2015 04:50	75.2	71.5	69.3	65.8	71.4	4	100
11/12/2015 04:55	75.4	71.7	67.6	58.9	70.2	4	100
11/12/2015 05:00	75.2	70.8	72.7	61.7	70.8	4	100
11/12/2015 05:05	75.9	70.5	68.1	59.1	68.6	4	100
11/12/2015 05:10	77.1	71.1	62.3	62.2	69.8	4	100
11/12/2015 05:15	76.2	70.8	69.9	60.1	70.1	4	100
11/12/2015 05:20	76.7	71.1	73.9	59.2	71.6	4	100
11/12/2015 05:25	76.8	70	72	67.8	72.2	4	100
11/12/2015 05:30	74.7	69.7	72.6	65.8	71.3	4	100
11/12/2015 05:35	75	69.2	68.9	63.3	70.4	4	100
11/12/2015 05:40	75.3	68.5	69.8	59.1	69.7	4	100
11/12/2015 05:45	75.4	70.6	64.8	60.4	69.6	4	100
11/12/2015 05:50	74.1	69.5	71.3	57.6	69.9	4	100
11/12/2015 05:55	73.9	69.8	72.4	62.6	70.8	4	100
11/12/2015 06:00	72.7	68.1	66.2	56.2	67.8	4	100
11/12/2015 06:05	71.3	66.3	60.8	52.6	64.6	4	100
11/12/2015 06:10	69.6	64.6	61.1	56.1	64.1	4	100
11/12/2015 06:15	70.7	65.7	59.2	56.9	64.6	4	100
11/12/2015 06:20	70.7	66	60.3	54	64.3	4	100
11/12/2015 06:25	70.3	66.6	57.6	59.8	64.9	4	100
11/12/2015 06:30	60.5	57.2	57.1	53.9	57.7	4	100
11/12/2015 06:35	56.1	55.1	51.5	48	53	4	100
11/12/2015 06:40	39.7	42.9	42.5	38.8	41	4	100
11/12/2015 06:45	40.5	37.6	32.2	31.5	35.9	4	100
11/12/2015 06:50	55.5	49.1	49.8	47.6	51	4	100
11/12/2015 06:55	64.1	58.6	57.5	72.8	63.8	4	100
11/12/2015 07:00	68.4	64.1	60.9	68.7	65.7	4	100
11/12/2015 07:05	69.8	67.3	65.1	66	67.3	4	100
11/12/2015 07:10	72.1	68.5	67.1	60.2	67.6	4	100
11/12/2015 07:15	70.7	68.3	65	60.2	66.4	4	100
11/12/2015 07:20	71	69.4	61.6	72.8	69.3	4	100
11/12/2015 07:25	73.2	70.1	60.4	72.8	69.6	4	100
11/12/2015 07:30	72.7	69.2	60.6	66.4	67.4	4	100
11/12/2015 07:35	71.7	68.9	58.6	62.5	65.6	4	100
11/12/2015 07:40	73	70.6	63.2	62.9	67.7	4	100
11/12/2015 07:45	73.1	70.4	71.3	67.4	70.6	4	100
11/12/2015 07:50	73	70.4	69.7	64.4	69.7	4	100
11/12/2015 07:55	73.2	70.2	69.2	58.1	68.4	4	100
11/12/2015 08:00	73.2	71.1	67.4	59.3	68.4	4	100
11/12/2015 08:05	73.8	70.9	67.5	56.7	68.1	4	100
11/12/2015 08:10	72.9	72.4	67.3	57.3	68.4	4	100
11/12/2015 08:15	72.3	70.4	66.2	55.2	66.9	4	100
11/12/2015 08:20	72.8	70.8	65.2	56.9	67.1	4	100
11/12/2015 08:25	72.9	70.3	61.5	57.2	66.2	4	100
11/12/2015 08:30	73.1	70.1	63.3	59.2	66.9	4	100
11/12/2015 08:35	72.9	70.6	64.6	57.1	66.9	4	100
11/12/2015 08:40	71.7	67.9	61.7	55.7	65.1	4	100
11/12/2015 08:45	73	68.7	62.1	54.2	65.3	4	100
11/12/2015 08:50	73.8	69.4	58.8	53.4	64.8	4	100
11/12/2015 08:55	74	69.5	62	53.2	65.7	4	100
11/12/2015 09:00	71.6	69.7	58.8	55.4	64.5	4	100
11/12/2015 09:05	72.8	69.8	61	53.6	65.5	4	100
11/12/2015 09:10	73.9	70.8	63.4	56.9	66.9	4	100
11/12/2015 09:15	74.4	70	61.6	56.5	66.6	4	100
11/12/2015 09:20	74.2	70.8	62	54.6	66.8	4	100
11/12/2015 09:25	74.5	70.5	62.1	54.6	66.7	4	100
11/12/2015 09:30	74.1	69.4	56.8	51.2	64.7	4	100
11/12/2015 09:35	72.7	69.6	60	52.5	65.4	4	100
11/12/2015 09:40	73.5	70.6	61.4	52.5	66.1	4	100
11/12/2015 09:45	72.2	68.3	58.4	51.8	64.2	4	100
11/12/2015 09:50	73.2	70.3	60.2	50.2	64.7	4	100
11/12/2015 09:55	73	70.7	59.7	52.2	65	4	100
11/12/2015 10:00	72.9	69.4	58.5	52.3	64.9	4	100
11/12/2015 10:05	72.3	68.8	60.8	49.2	64.4	4	100
11/12/2015 10:10	72.8	69.3	57.3	49.1	63.6	4	100
11/12/2015 10:15	71.7	68.3	54.4	49.6	62.7	4	100
11/12/2015 10:20	71.6	68.5	53.6	52.3	63.4	4	100
11/12/2015 10:25	64.2	62.6	55.2	48.8	58.6	4	100
11/12/2015 10:30	41.7	43.7	40.6	39.6	41.4	4	100
11/12/2015 10:35	39.9	48.2	44.3	42.9	43.7	4	100
11/12/2015 10:40	53.6	56	46.8	44.8	51.1	4	100
11/12/2015 10:45	61.7	60.3	51.6	46.3	56.4	4	100
11/12/2015 10:50	67.4	61.9	54.4	45.8	58.3	4	100
11/12/2015 10:55	70.3	63.9	56.5	47.9	60.9	4	100
11/12/2015 11:00	70.7	66.5	58	50.5	62.3	4	100
11/12/2015 11:05	70.8	66.4	58.8	47.8	62.1	4	100
11/12/2015 11:10	71.6	68.4	60.6	49.7	63.7	4	100
11/12/2015 11:15	71	67.9	62	50.4	64.1	4	100
11/12/2015 11:20	70.5	66.6	59	50.9	63.1	4	100
11/12/2015 11:25	71.2	66.4	55	53.3	62.8	4	100
11/12/2015 11:30	72.2	66.8	56.4	52.7	63.2	4	100
11/12/2015 11:35	72.3	66.9	54.4	50.5	63	4	100
11/12/2015 11:40	72.8	68	56.4	50.8	63.8	4	100
11/12/2015 11:45	72.3	67.3	56.2	49.2	62.7	4	100
11/12/2015 11:50	73.4	67.4	53.9	50.7	63	4	100
11/12/2015 11:55	73.4	68.4	55	47.9	63	4	100
11/12/2015 12:00	74.3	68.8	58.6	47.9	64.1	4	100
11/12/2015 12:05	73.4	68.7	58.3	51.3	64.3	4	100
11/12/2015 12:10	73.7	68.6	57.9	51.7	64.2	4	100
11/12/2015 12:15	72.6	66.1	58.2	50.3	62.9	4	100
11/12/2015 12:20	71.6	65.8	57.3	51.6	62.8	4	100
11/12/2015 12:25	70.9	64.1	56.9	49.2	61.6	4	100
11/12/2015 12:30	70.1	64.3	56.7	51	61.7	4	100
11/12/2015 12:35	69.4	64.2	57.4	52.5	62	4	100
11/12/2015 12:40	70.7	65.9	58.6	52.8	63.1	4	100
11/12/2015 12:45	69.5	63.4	54.9	54	61.5	4	100
11/12/2015 12:50	69.4	64.9	56	55.6	62.8	4	100
11/12/2015 12:55	69.9	65.9	57.8	55	62.8	4	100
11/12/2015 13:00	70.6	67.3	60.6	57.4	64.6	4	100
11/12/2015 13:05	71	67.3	58.5	55.4	63.9	4	100
11/12/2015 13:10	71	68.1	60.4	53.7	64	4	100
11/12/2015 13:15	69.6	67.3	57.4	56	63.5	4	100
11/12/2015 13:20	69.3	66.3	58.6	53.3	62.8	4	100
11/12/2015 13:25	68.8	65.5	60	52.9	62.6	4	100
11/12/2015 13:30	67.9	66	58.2	52.3	62	4	100
11/12/2015 13:35	68.5	65.5	53.7	52.7	61.5	4	100
11/12/2015 13:40	68.2	66.3	58.9	51.6	62	4	100
11/12/2015 13:45	67.2	66	60.1	53.5	62.5	4	100
11/12/2015 13:50	68.5	65.3	57.6	53.1	62	4	100
11/12/2015 13:55	67.6	64.4	54.5	52	60.6	4	100
11/12/2015 14:00	65	62.3	54.1	48.7	58.7	4	100
11/12/2015 14:05	65.9	62.4	56.2	50.2	59.7	4	100
11/12/2015 14:10	66.8	63.3	58.4	49.8	60.4	4	100
11/12/2015 14:15	67.6	64	58.3	54.9	61.7	4	100
11/12/2015 14:20	66	61.6	56.9	52.5	59.9	4	100
11/12/2015 14:25	66.2	61.3	55.6	55.1	60.3	4	100
11/12/2015 14:30	65.5	62.4	54.4	53.7	59.5	4	100
11/12/2015 14:35	50.3	48.3	43.2	42.1	46.1	4	100
11/12/2015 14:40	47.3	43.6	41.4	40.1	43.3	4	100
11/12/2015 14:45	38.6	36.5	32.9	29.6	34.7	4	100
11/12/2015 14:50	39.8	36.7	34.3	28.8	35	4	100
11/12/2015 14:55	43.7	41.6	38.9	34.2	39.9	4	100
11/12/2015 15:00	38.9	38.8	34.6	32.1	36.3	4	100
11/12/2015 15:05	37	36.5	28.7	30.6	33.5	4	100
11/12/2015 15:10	34.4	37.5	32	31	33.8	4	100
11/12/2015 15:15	29	29.5	27.3	21.7	27.3	4	100
11/12/2015 15:20	33.4	32.2	30.3	26.3	30.7	4	100
11/12/2015 15:25	31.7	31.7	27	25.8	29.3	4	100
11/12/2015 15:30	40.3	38.3	33.4	33.7	36.6	4	100
11/12/2015 15:35	35.5	31.9	28.5	25.9	30.7	4	100
11/12/2015 15:40	39.4	36.7	32.9	28.5	34.7	4	100
11/12/2015 15:45	34.7	33.4	31.2	28	32	4	100
11/12/2015 15:50	32.5	30.6	25.5	24.4	28.6	4	100
11/12/2015 15:55	36	33	28.4	26.1	31.1	4	100
11/12/2015 16:00	32.5	28.5	23.4	22.5	27.2	4	100
11/12/2015 16:05	34.9	30.4	23.6	22.5	28.1	4	100
11/12/2015 16:10	35	32.7	26.6	25.2	30.2	4	100
11/12/2015 16:15	34.6	31.8	27.9	25.4	30.1	4	100
11/12/2015 16:20	29.2	26.7	25.1	22.4	26	4	100
11/12/2015 16:25	33	30.7	28.8	27.9	30.2	4	100
11/12/2015 16:30	33.8	30.3	25.1	21.4	28.4	4	100
11/12/2015 16:35	36.1	31.9	27	19.6	29.2	4	100
11/12/2015 16:40	33.9	29.2	23.4	19.6	27.1	4	100
11/12/2015 16:45	36.8	32.8	28.4	26.5	31.5	4	100
11/12/2015 16:50	35	28.4	27	24.3	29	4	100
11/12/2015 16:55	33.1	27.7	25.8	23.9	27.9	4	100
11/12/2015 17:00	31.6	28.6	26.3	23.6	27.7	4	100
11/12/2015 17:05	32	29	25.4	23.3	27.7	4	100
11/12/2015 17:10	34.5	31.4	27.4	29.3	30.7	4	100
11/12/2015 17:15	35.2	30.9	26.9	24.9	29.9	4	100
11/12/2015 17:20	35.3	30.6	23.4	19.2	28.1	4	100
11/12/2015 17:25	34	30.3	25.6	20.2	27.9	4	100
11/12/2015 17:30	35.7	30.2	25.9	18.9	28.4	4	100
11/12/2015 17:35	36.1	31	27.6	24.2	30	4	100
11/12/2015 17:40	35.2	30.5	28.2	20.8	29.4	4	100
11/12/2015 17:45	35.8	31.1	28.7	20.6	29.6	4	100
11/12/2015 17:50	32.7	28.7	24.3	18.4	26.5	4	100
11/12/2015 17:55	31.3	28.3	25.6	25.1	27.7	4	100
11/12/2015 18:00	33.2	30	28.3	25.1	29.3	4	100
11/12/2015 18:05	34.3	31	26.6	26.1	29.8	4	100
11/12/2015 18:10	35.7	32.8	28	25.7	30.9	4	100
11/12/2015 18:15	38.3	34.8	30.6	26.3	32.7	4	100
11/12/2015 18:20	32.6	27.8	25.5	19.6	26.9	4	100
11/12/2015 18:25	33.4	27.9	26.2	17.9	26.9	4	100
11/12/2015 18:30	33.5	27.4	25.7	17.8	26.8	4	100
11/12/2015 18:35	29.7	23	23.5	18.6	24	4	100
11/12/2015 18:40	26	22.9	19.4	16.5	21.5	4	100
11/12/2015 18:45	22.4	20.9	18.1	14.4	19.3	4	100
11/12/2015 18:50	25.9	25	21.5	17	22.7	4	100
11/12/2015 18:55	22.6	21.8	18.7	13.2	19.6	4	100
11/12/2015 19:00	26.3	26.2	24	16.8	23.5	4	100
11/12/2015 19:05	31.6	29.6	28.1	19.5	27.5	4	100
11/12/2015 19:10	31.6	32.1	29.5	22.2	29.1	4	100
11/12/2015 19:15	46.3	45.7	44.1	38.5	43.9	4	100
11/12/2015 19:20	55.2	53.7	50.6	48.3	52.2	4	100
11/12/2015 19:25	59.3	57.6	57.8	51.3	56.7	4	100
11/12/2015 19:30	63	61.6	61.8	56.1	60.9	4	100
11/12/2015 19:35	64.5	62.7	63.2	57.5	62.2	4	100
11/12/2015 19:40	67.1	65.8	65.9	60.3	65	4	100
11/12/2015 19:45	68.6	66.6	64	59.8	65.1	4	100
11/12/2015 19:50	69.8	67.9	69.1	60.3	67.2	4	100
11/12/2015 19:55	71.4	70.1	68.6	60.4	68	4	100
11/12/2015 20:00	72.2	68.4	68.4	60.7	67.9	4	100
11/12/2015 20:05	71.7	68.6	68.2	61.7	67.9	4	100
11/12/2015 20:10	73	70	67.8	62.3	68.6	4	100
11/12/2015 20:15	72.3	69.5	66.8	62.8	68.4	4	100
11/12/2015 20:20	73.1	70.1	71.7	63	69.8	4	100
11/12/2015 20:25	72.2	69.4	71.6	60.3	69	4	100
11/12/2015 20:30	69.7	68.5	66.9	60.4	66.9	4	100
11/12/2015 20:35	69.1	67.1	65.2	58	65.8	4	100
11/12/2015 20:40	66.7	64	62.5	57.5	63.2	4	100
11/12/2015 20:45	63.8	62.8	62.5	57.4	61.9	4	100
11/12/2015 20:50	65	63.5	63.6	57.6	62.7	4	100
11/12/2015 20:55	67.3	66.8	68.8	58.2	65.9	4	100
11/12/2015 21:00	70.3	68.2	68.4	58.2	67.2	4	100
11/12/2015 21:05	72	68.2	63.8	58.7	66.4	4	100
11/12/2015 21:10	74.6	69.8	63.6	61.3	68.2	4	100
11/12/2015 21:15	74.2	69.3	65.5	61.5	68.3	4	100
11/12/2015 21:20	74.9	69.2	65.5	62	68.6	4	100
11/12/2015 21:25	74.8	68.2	65.6	62.2	68.3	4	100
11/12/2015 21:30	75.6	70.1	64.9	64.6	69.6	4	100
11/12/2015 21:35	75	69.1	65.8	64.5	69.4	4	100
11/12/2015 21:40	74.4	68.9	67.8	63.9	69.3	4	100
11/12/2015 21:45	74.9	69.4	64.9	62.7	68.5	4	100
11/12/2015 21:50	74.9	70.8	65.1	64.3	69.7	4	100
11/12/2015 21:55	75	71.9	67	65.7	70.6	4	100
11/12/2015 22:00	74.1	71.5	65.9	62.9	69.5	4	100
11/12/2015 22:05	73.4	71.4	64.3	60.7	68.5	4	100
11/12/2015 22:10	73.3	70.3	65.9	60.9	68.4	4	100
11/12/2015 22:15	72.7	70.1	66.1	57.3	67.2	4	100
11/12/2015 22:20	72.8	70.5	68.4	58.9	68.9	4	100
11/12/2015 22:25	72.2	70.7	67	58.1	68.3	4	100
11/12/2015 22:30	71.6	70.2	63	60.3	67.3	4	100
11/12/2015 22:35	71.9	69.8	63.2	59.7	67	4	100
11/12/2015 22:40	71.7	70.6	65.4	59.1	67.6	4	100
11/12/2015 22:45	74	72.9	66.6	63.7	69.8	4	100
11/12/2015 22:50	73.3	72.3	69	66.3	70.9	4	100
11/12/2015 22:55	73.6	72	69.8	62.9	70.4	4	100
11/12/2015 23:00	74.2	70.4	64.6	60.5	68.4	4	100
11/12/2015 23:05	74.7	70.8	61.3	59.6	67.5	4	100
11/12/2015 23:10	73.6	71.5	65.9	61.9	68.8	4	100
11/12/2015 23:15	72.2	71	61.1	60.3	66.9	4	100
11/12/2015 23:20	72.8	70.7	61.7	60.3	67.4	4	100
11/12/2015 23:25	72.9	71.3	65.3	62	68.5	4	100
11/12/2015 23:30	74.1	71.1	70.2	61.2	69.8	4	100
11/12/2015 23:35	75.1	70.3	69.3	61.6	70.1	4	100
11/12/2015 23:40	75.8	70.9	68.5	61.6	70.4	4	100
11/12/2015 23:45	75.5	70.4	65.4	63.1	69	4	100
11/12/2015 23:50	75.5	71.4	62.9	63.7	68.6	4	100
11/12/2015 23:55	76	71.8	65.7	61.7	69.7	4	100
11/13/2015 00:00	74.8	71	67.4	62.8	69.8	4	100
11/13/2015 00:05	75.1	70.2	67.5	63.2	69.4	4	100
11/13/2015 00:10	75.6	69.9	68.8	56.4	69	4	100
11/13/2015 00:15	75.9	70.2	66.9	60.5	68.8	4	100
11/13/2015 00:20	75.2	70.1	67.3	58.7	68.4	4	100
11/13/2015 00:25	75.2	70.2	67.8	60.9	68.7	4	100
11/13/2015 00:30	75.2	70.3	67.4	61.5	68.7	4	100
11/13/2015 00:35	75.1	69.9	67.7	61.5	69.2	4	100
11/13/2015 00:40	75.1	70.5	64	56.7	67.1	4	100
11/13/2015 00:45	75.1	70.8	58.8	59.2	66.7	4	100
11/13/2015 00:50	75	71	62.5	59.5	68.6	4	100
11/13/2015 00:55	75	71.1	64.9	61.2	67.7	4	100
11/13/2015 01:00	74.8	71	66	59.5	68.2	4	100
11/13/2015 01:05	74.9	71.1	66.7	59.3	67.8	4	100
11/13/2015 01:10	74.9	71.2	64.5	58	67.5	4	100
11/13/2015 01:15	74.9	81	64.6	59.1	75.6	4	100
11/13/2015 01:20	74.9	76.3	62.6	57.5	67.5	4	100
11/13/2015 01:25	74.9	73.8	62.4	54.7	66.7	4	100
11/13/2015 01:30	75.2	72	62.8	57.4	67.5	4	100
11/13/2015 01:35	75.2	80.4	65.1	56.5	73.2	4	100
11/13/2015 01:40	74.9	75.9	60	55.7	67.6	4	100
11/13/2015 01:45	74.7	72.9	60.4	58	65.4	4	100
11/13/2015 01:50	74.8	72.1	63	57.6	67.9	4	100
11/13/2015 01:55	74.8	70.9	60.2	59.5	66.7	4	100
11/13/2015 02:00	74.7	71	64	58.2	66.1	4	100
11/13/2015 02:05	74.8	71.5	65.7	60.9	68.3	4	100
11/13/2015 02:10	74.5	71.4	64.9	62.9	68.8	4	100
11/13/2015 02:15	82.8	80.4	64.5	63.2	77.7	4	100
11/13/2015 02:20	78.9	75.6	64.7	64.3	69.6	4	100
11/13/2015 02:25	76.7	73.6	65.5	63	69.1	4	100
11/13/2015 02:30	75.8	72.5	67.4	63.7	69	4	100
11/13/2015 02:35	75.2	71.1	68	63.5	69.4	4	100
11/13/2015 02:40	74.8	70.1	67.1	63.5	69.9	4	100
11/13/2015 02:45	74.8	70.5	66.3	63.4	67.8	4	100
11/13/2015 02:50	74.8	70.7	66.4	63.6	68.5	4	100
11/13/2015 02:55	75	70.9	67.7	59.7	67.9	4	100
11/13/2015 03:00	75.1	70.7	69.9	60.7	68.6	4	100
11/13/2015 03:05	74.9	70.7	69.9	61.3	69.6	4	100
11/13/2015 03:10	74.5	71	63.9	62.6	67.8	4	100
11/13/2015 03:15	74.6	71	66.4	63.5	68.4	4	100
11/13/2015 03:20	74.9	70.8	77.4	64.1	75.4	4	100
11/13/2015 03:25	74.8	70.9	71.8	63.4	70.6	4	100
11/13/2015 03:30	74.7	81	69.7	72.8	76.4	4	100
11/13/2015 03:35	74.9	75.7	69	68.6	72.4	4	100
11/13/2015 03:40	74.3	81	71.6	68	76.1	4	100
11/13/2015 03:45	74.6	75.9	70.8	68.4	71.8	4	100
11/13/2015 03:50	74.7	73.8	66.7	65.8	70.4	4	100
11/13/2015 03:55	74.7	72.4	67.9	64.3	69.4	4	100
11/13/2015 04:00	74.8	72	66.6	58.2	68	4	100
11/13/2015 04:05	74.7	70.8	63.6	57.9	66.5	4	0
11/13/2015 04:10	74.7	71.2	63.5	61.1	67.3	4	0
11/13/2015 04:15	70.5	67.1	60.6	57.1	64.4	4	0
11/13/2015 04:20	74.8	71	67.4	62.8	69.8	4	100
11/13/2015 04:25	74.9	70.6	65.8	61.2	67.6	4	100
11/13/2015 04:30	75.2	70.6	64.4	61.9	68.8	4	100
11/13/2015 04:35	74.5	70.3	67.6	72.8	71.3	4	100
11/13/2015 04:40	84.8	70.5	64.9	60.6	76	4	100
11/13/2015 04:45	80.3	71.4	63.6	62	71.4	4	100
11/13/2015 04:50	78.1	71.2	70.7	61.3	71.3	4	100
11/13/2015 04:55	74	68.2	56.8	62.9	66.3	4	100
11/13/2015 05:00	74.5	69.8	64.8	64.1	68.7	4	100
11/13/2015 05:05	75.6	70.4	77.4	55.9	73	4	100
11/13/2015 05:10	75.3	70.6	74.4	57.1	71	4	100
11/13/2015 05:15	74.6	72.4	76.5	50.3	71.4	4	100
11/13/2015 05:20	75.2	71.8	71.9	55.1	70.2	4	100
11/13/2015 05:25	74.5	69.9	75.2	57.7	70.4	4	100
11/13/2015 05:30	74.7	71.2	69.4	55.9	69.2	4	100
11/13/2015 05:35	74.5	70.5	64.7	64.1	69.7	4	100
11/13/2015 05:40	72.7	69.4	64.7	69.3	69.6	4	100
11/13/2015 05:45	72.1	68	64.3	67.7	68.5	4	100
11/13/2015 05:50	73.6	69.6	69.3	72.1	71.2	4	100
11/13/2015 05:55	73.3	68.7	70.7	64.6	70	4	100
11/13/2015 06:00	70.2	64.8	67.1	63.5	66.8	4	100
11/13/2015 06:05	68.8	65.5	61.1	57.3	64.8	4	100
11/13/2015 06:10	68.5	65.6	63.7	57.2	64.9	4	100
11/13/2015 06:15	69.9	74	63.9	69.2	69.9	4	100
11/13/2015 06:20	70.3	69.3	61.1	63.4	66.7	4	100
11/13/2015 06:25	71	69	58.5	58.3	65.7	4	100
11/13/2015 06:30	70.4	68.8	58.6	57.2	65.1	4	100
11/13/2015 06:35	69.7	66.1	58.6	58.6	64.2	4	100
11/13/2015 06:40	70.1	65.3	61	60.4	64.9	4	100
11/13/2015 06:45	70.9	66.2	61.3	55.6	64.8	4	100
11/13/2015 06:50	70.5	67	59.1	50.9	63.9	4	100
11/13/2015 06:55	72.2	68.3	64	59.1	66.6	4	100
11/13/2015 07:00	72.2	70	62.8	52.7	65.5	4	100
11/13/2015 07:05	71.9	70.8	64	72.8	70.4	4	100
11/13/2015 07:10	70.9	70.2	62.1	63	67.4	4	100
11/13/2015 07:15	70.8	68.2	63.8	60.1	66.6	4	100
11/13/2015 07:20	70.3	68	65	59.4	66.1	4	100
11/13/2015 07:25	71.8	69.4	65.7	57.5	66.8	4	100
11/13/2015 07:30	72.3	70.3	69.4	57.9	68.1	4	100
11/13/2015 07:35	73	67.9	66.7	59.4	67.3	4	100
11/13/2015 07:40	73.3	68.7	63.7	55.1	66.6	4	100
11/13/2015 07:45	73.6	69.1	67.2	56.9	67.2	4	100
11/13/2015 07:50	75	71.3	69.8	55.7	69.2	4	100
11/13/2015 07:55	74.5	69.3	77.4	59.2	70.9	4	100
11/13/2015 08:00	74.2	69.3	71.4	60.9	69.4	4	100
11/13/2015 08:05	73.9	69	65.6	58.4	67.6	4	100
11/13/2015 08:10	72.6	69.3	62.9	53.4	65.8	4	100
11/13/2015 08:15	72.3	68.9	64.3	58.3	66.7	4	100
11/13/2015 08:20	71.2	67.9	60	58.2	65.3	4	100
11/13/2015 08:25	71.1	66.3	60.9	59.2	65.1	4	100
11/13/2015 08:30	70.8	67.3	61.8	60.4	65.6	4	100
11/13/2015 08:35	71.3	66.5	60.1	59.4	64.9	4	100
11/13/2015 08:40	71.4	66.7	58.8	59.8	64.6	4	100
11/13/2015 08:45	72.5	65.2	59.6	58	64.4	4	100
11/13/2015 08:50	73.2	67.7	63.1	58.7	66.8	4	100
11/13/2015 08:55	72.6	68.7	57.6	57.2	64.8	4	100
11/13/2015 09:00	72.4	68.2	55.7	56.5	64.4	4	100
11/13/2015 09:05	72.6	68.3	57.5	55	64.9	4	100
11/13/2015 09:10	72.7	68.2	58.4	52.8	64.3	4	100
11/13/2015 09:15	72	66.7	54.4	52.8	63.1	4	100
11/13/2015 09:20	71.7	66.9	55	50.1	62.6	4	100
11/13/2015 09:25	72.4	67.5	58.2	52.9	64.4	4	100
11/13/2015 09:30	73	67.5	56.5	53.7	64.3	4	100
11/13/2015 09:35	71.6	64.7	52.9	51.7	62.1	4	100
11/13/2015 09:40	72.2	66.3	52	50.3	62	4	100
11/13/2015 09:45	72.1	67.1	58.3	52.9	63.2	4	100
11/13/2015 09:50	71.9	65.9	52.7	53.6	62.7	4	100
11/13/2015 09:55	71.7	65.5	51.7	52.5	62	4	100
11/13/2015 10:00	71.8	67.6	58.2	56	64.3	4	100
11/13/2015 10:05	72.5	66.5	58.4	54.7	64.5	4	100
11/13/2015 10:10	72.2	66.3	57.8	55.5	64.1	4	100
11/13/2015 10:15	71.3	65.6	57.1	50.8	62.9	4	100
11/13/2015 10:20	70.9	64.7	58.9	52.1	62.6	4	100
11/13/2015 10:25	70.5	64.5	55	51.3	62	4	100
11/13/2015 10:30	70.5	64.9	55.2	52.6	62.1	4	100
11/13/2015 10:35	68.3	63	54.6	51.9	60.6	4	100
11/13/2015 10:40	68.9	63.6	55.2	50.4	60.7	4	100
11/13/2015 10:45	69.6	66.1	55.1	51.9	61.9	4	100
11/13/2015 10:50	69.3	64.9	56.6	51.2	61.9	4	100
11/13/2015 10:55	69.7	65.1	56.1	53.3	61.9	4	100
11/13/2015 11:00	70.2	64.8	58.1	55.6	63.1	4	100
11/13/2015 11:05	70.3	65.4	57.1	54	63.1	4	100
11/13/2015 11:10	68.9	65.4	59.7	51.1	63	4	100
11/13/2015 11:15	69.3	65.3	58.8	54.7	63	4	100
11/13/2015 11:20	69.7	65	56	51.4	62.3	4	100
11/13/2015 11:25	69.9	65.6	54.8	49.1	61.9	4	100
11/13/2015 11:30	70.7	66.5	57	49.5	63	4	100
11/13/2015 11:35	70.9	66.4	55.1	53.8	63	4	100
11/13/2015 11:40	69.8	65.8	54.5	55.6	62.8	4	100
11/13/2015 11:45	70.2	66.1	55.3	56.2	63.3	4	100
11/13/2015 11:50	71.1	66.8	55.8	55.9	63.3	4	100
11/13/2015 11:55	70.8	66.2	53.9	53.6	62.4	4	100
11/13/2015 12:00	70.8	67.1	55.6	53.8	63.4	4	100
11/13/2015 12:05	70	65.9	55.8	55	62.8	4	100
11/13/2015 12:10	69.2	66	55.5	52.2	62.1	4	100
11/13/2015 12:15	68.3	63.7	52.9	51.5	60.2	4	100
11/13/2015 12:20	68.7	63.5	52.9	50.9	60.5	4	100
11/13/2015 12:25	69.2	63.6	53.3	53.1	60.8	4	100
11/13/2015 12:30	68.7	62.7	53.8	53.7	60.7	4	100
11/13/2015 12:35	69.2	62.8	53.9	52.3	60.6	4	100
11/13/2015 12:40	67.7	62.9	56.6	48.9	60.3	4	100
11/13/2015 12:45	68.1	63.2	55.9	50	60.3	4	100
11/13/2015 12:50	69	64.5	57.9	54.2	62.2	4	100
11/13/2015 12:55	68.7	64.3	59.3	56.5	62.7	4	100
11/13/2015 13:00	67.8	62.9	56.6	54.3	61.3	4	100
11/13/2015 13:05	67.8	63.6	59.6	55.8	62.5	4	100
11/13/2015 13:10	66.5	62.6	57.6	55.4	61.4	4	100
11/13/2015 13:15	66.1	62.6	58.8	54.4	61.1	4	100
11/13/2015 13:20	65.8	62.4	57.4	52	60.2	4	100
11/13/2015 13:25	66.5	62.4	61.2	54.5	61.8	4	100
11/13/2015 13:30	66.3	62.4	59.3	54.2	61.2	4	100
11/13/2015 13:35	66.7	62.6	58.9	53.4	61.2	4	100
11/13/2015 13:40	65.7	61.5	56.3	52.5	59.6	4	100
11/13/2015 13:45	64.1	59.7	52.1	54.6	58.2	4	100
11/13/2015 13:50	62.9	59.4	55.8	54.7	58.4	4	100
11/13/2015 13:55	64	58.7	55.2	56.4	59	4	100
11/13/2015 14:00	64.3	59.3	58.1	56.5	59.8	4	100
11/13/2015 14:05	65.3	60.1	56.7	56.2	60	4	100
11/13/2015 14:10	63.7	58.9	56.5	53.4	58.7	4	100
11/13/2015 14:15	63.7	58.1	56.7	53.1	58.3	4	100
11/13/2015 14:20	63.4	57.5	57.6	50.4	57.5	4	100
11/13/2015 14:25	61.8	55.9	57.3	50.3	56.6	4	100
11/13/2015 14:30	62.8	56.6	54.6	51.7	56.7	4	100
11/13/2015 14:35	62.2	57.1	54.9	52.1	56.9	4	100
11/13/2015 14:40	60.7	55.8	56.3	51.1	56.3	4	100
11/13/2015 14:45	46.9	47.5	48.1	42.9	46.5	4	100
11/13/2015 14:50	47.4	46.1	45.7	41.9	45.5	4	100
11/13/2015 14:55	44.7	42.5	40.4	38.7	41.8	4	100
11/13/2015 15:00	36.5	39.7	34.8	32.4	36	4	100
11/13/2015 15:05	45.7	44.6	41.8	37.6	42.7	4	100
11/13/2015 15:10	42.9	37.5	34.1	28.7	36.2	4	100
11/13/2015 15:15	39.8	32.1	30.7	25.1	32.2	4	100
11/13/2015 15:20	37.6	31.7	26.2	21.8	30	4	100
11/13/2015 15:25	34.1	28.6	25.5	20.8	27.6	4	100
11/13/2015 15:30	38	32.7	27.8	23.4	30.8	4	100
11/13/2015 15:35	39.8	35.1	30.8	25.3	33.3	4	100
11/13/2015 15:40	36.2	31.9	29.2	24	30.6	4	100
11/13/2015 15:45	33.9	31.6	29.7	26	30.4	4	100
11/13/2015 15:50	34.6	31.3	27.7	21.5	29.2	4	100
11/13/2015 15:55	28.7	27.8	24.3	19	25.2	4	100
11/13/2015 16:00	35.3	32.3	30.2	24.4	30.9	4	100
11/13/2015 16:05	41.7	39.9	41	35.8	39.8	4	100
11/13/2015 16:10	36.5	35	36.3	34.5	35.6	4	100
11/13/2015 16:15	38.2	36.2	35.3	33.6	36	4	100
11/13/2015 16:20	36.8	33.1	31.5	29.4	32.8	4	100
11/13/2015 16:25	34.6	28.6	26.2	23.5	28.7	4	100
11/13/2015 16:30	35.5	31	28.3	23.6	30.2	4	100
11/13/2015 16:35	35.3	30.8	26.7	22	29.2	4	100
11/13/2015 16:40	35	30.2	26.5	18.9	28.4	4	100
11/13/2015 16:45	34.4	29.3	25.9	16.6	27.4	4	100
11/13/2015 16:50	33.4	27.2	22.6	14	25.3	4	100
11/13/2015 16:55	31.2	26.7	22.5	14.2	24.3	4	100
11/13/2015 17:00	31.4	26	21.5	12.8	24.1	4	100
11/13/2015 17:05	32.8	27.5	22.7	13.8	25	4	100
11/13/2015 17:10	35.1	29.8	25.2	17.5	27.5	4	100
11/13/2015 17:15	35.3	29.8	22.5	18.2	27.2	4	100
11/13/2015 17:20	34.6	28	22.8	18.6	26.5	4	100
11/13/2015 17:25	34.6	28.2	24.4	17.6	27	4	100
11/13/2015 17:30	32.1	27.1	22.8	16.2	25.4	4	100
11/13/2015 17:35	35.2	31.4	29.4	24	30.2	4	100
11/13/2015 17:40	35.4	31.6	28.4	23.9	30.2	4	100
11/13/2015 17:45	32.3	30.4	25.9	21.1	27.9	4	100
11/13/2015 17:50	32.3	28.8	25.7	20.8	27.2	4	100
11/13/2015 17:55	32.4	29	25.1	21	27.2	4	100
11/13/2015 18:00	33.2	29.2	24.6	19.4	27.2	4	100
11/13/2015 18:05	31.7	27.4	23.1	20.4	26.1	4	100
11/13/2015 18:10	32.3	29.4	26.1	21.2	27.6	4	100
11/13/2015 18:15	30.7	29.3	27.6	24	28.1	4	100
11/13/2015 18:20	31.3	28.6	27.5	21.5	27.5	4	100
11/13/2015 18:25	28.8	26.8	24.6	21.3	25.6	4	100
11/13/2015 18:30	33.9	31	31.2	29.9	31.5	4	100
11/13/2015 18:35	35.2	32.1	30.8	27	31.4	4	100
11/13/2015 18:40	36.1	32.6	30.8	30.1	32.6	4	100
11/13/2015 18:45	36	33.5	35.1	35.7	35	4	100
11/13/2015 18:50	40.9	41.4	44.9	42.8	42.3	4	100
11/13/2015 18:55	53.3	52.2	55.1	52	53.2	4	100
11/13/2015 19:00	59.7	58.3	61.4	55.2	58.8	4	100
11/13/2015 19:05	61.9	59.9	62.8	58.4	60.9	4	100
11/13/2015 19:10	66.5	62.8	64.7	57.2	63	4	100
11/13/2015 19:15	67.7	64.7	65.5	59.7	64.6	4	100
11/13/2015 19:20	69.1	64.6	66.6	59.8	65.3	4	100
11/13/2015 19:25	68.9	65.8	67.5	61.5	66.1	4	100
11/13/2015 19:30	69.4	65.4	68.9	63.2	66.9	4	100
11/13/2015 19:35	68.9	65.6	68.2	62.9	66.6	4	100
11/13/2015 19:40	68.4	66.7	71.1	63.8	67.6	4	100
11/13/2015 19:45	66.3	65.4	67	58.2	64.5	4	100
11/13/2015 19:50	63.2	61.5	62.5	56.6	61.2	4	100
11/13/2015 19:55	61.5	59.4	60.9	53.9	59.2	4	100
11/13/2015 20:00	61.4	58.4	61.1	54.5	59	4	100
11/13/2015 20:05	59.8	57	60.2	56.9	58.6	4	100
11/13/2015 20:10	60	56	60.3	56.1	58.3	4	100
11/13/2015 20:15	59.5	56.4	59.7	54.3	57.6	4	100
11/13/2015 20:20	62.2	59.1	64.4	58.2	61	4	100
11/13/2015 20:25	64	61.3	64.7	59.6	62.5	4	100
11/13/2015 20:30	64.1	61.1	66.3	59.7	62.9	4	100
11/13/2015 20:35	63	59.6	62.5	59.7	61.3	4	100
11/13/2015 20:40	65	62.5	65.6	62.9	64.1	4	100
11/13/2015 20:45	66.7	64.2	67.9	63.3	65.5	4	100
11/13/2015 20:50	68.1	65.2	69.7	64.8	67.1	4	100
11/13/2015 20:55	67.8	65.5	70.6	66.3	67.6	4	100
11/13/2015 21:00	70.7	66.1	67.9	64.5	67.5	4	100
11/13/2015 21:05	71	66.2	65.8	62.3	66.9	4	100
11/13/2015 21:10	74.3	68	66.8	63.7	69	4	100
11/13/2015 21:15	73.7	68.9	69.3	63.5	69.6	4	100
11/13/2015 21:20	75.2	68.1	69.1	63.3	69.5	4	100
11/13/2015 21:25	73.8	68.8	69.5	61.4	68.9	4	100
11/13/2015 21:30	75.1	68.8	68.8	60.7	69.2	4	100
11/13/2015 21:35	76.3	71	67.8	64	70.5	4	100
11/13/2015 21:40	77.1	72.2	65	60.4	70	4	100
11/13/2015 21:45	76.5	72.2	65.6	60.4	69.6	4	100
11/13/2015 21:50	76.5	72	66.3	60.9	70.3	4	100
11/13/2015 21:55	75.5	71.6	67.7	61.6	70.1	4	100
11/13/2015 22:00	74.7	71.7	64.6	60	69	4	100
11/13/2015 22:05	74.1	71.1	68.9	62.3	69.4	4	100
11/13/2015 22:10	72.8	71.2	66.9	61.6	68.7	4	100
11/13/2015 22:15	73	70.7	63.8	62.2	68.5	4	100
11/13/2015 22:20	74.7	71.8	66.4	63.1	69.6	4	100
11/13/2015 22:25	74.6	71.8	66.2	59.2	68.9	4	100
11/13/2015 22:30	75.9	72.6	68.6	62.1	70.6	4	100
11/13/2015 22:35	74.6	72.3	66.2	64.1	69.7	4	100
11/13/2015 22:40	73.9	71.9	66.9	58	68.9	4	100
11/13/2015 22:45	74.1	71.1	67	57.7	68.4	4	100
11/13/2015 22:50	73.8	71.6	67.6	60.4	69.1	4	100
11/13/2015 22:55	72.9	70.5	66.1	58.9	67.8	4	100
11/13/2015 23:00	73.5	70.4	64.5	60.5	68.3	4	100
11/13/2015 23:05	71.9	70.8	69	57.5	68.3	4	100
11/13/2015 23:10	71.5	71.4	67.9	58.5	68	4	100
11/13/2015 23:15	71.7	70.7	68.6	60.2	68.7	4	100
11/13/2015 23:20	73.4	69.7	69.6	57.6	68.9	4	100
11/13/2015 23:25	73	69.4	69	60.8	68.6	4	100
11/13/2015 23:30	73.4	70.8	68.1	57.9	68.5	4	100
11/13/2015 23:35	72.5	71.4	67.5	60.2	68.5	4	100
11/13/2015 23:40	73	70.5	67.9	60	68.2	4	100
11/13/2015 23:45	73.9	72.5	65.8	59	68.8	4	100
11/13/2015 23:50	74.9	73.5	69.3	61	70.7	4	100
11/13/2015 23:55	75.1	73.3	70.6	59.9	71	4	100
11/14/2015 00:00	74.8	70.2	67.4	62.8	69.3	4	100
11/14/2015 00:05	75.4	69.5	65.3	56.8	68	4	100
11/14/2015 00:10	74.5	70.8	69.2	60.3	69.8	4	100
11/14/2015 00:15	75.1	69	71.5	57.9	69.3	4	100
11/14/2015 00:20	75	69	68.6	57.5	68.5	4	100
11/14/2015 00:25	75.1	69.8	67.6	58.7	68.3	4	100
11/14/2015 00:30	75	69.8	66.3	58	68.8	4	100
11/14/2015 00:35	74	69.5	65.1	60.4	68.1	4	100
11/14/2015 00:40	73.9	68.1	66.4	62.4	67.9	4	100
11/14/2015 00:45	74.3	69.2	65.4	55.4	66.9	4	100
11/14/2015 00:50	73.9	69.3	63.3	56.7	67	4	100
11/14/2015 00:55	74.8	70.1	66.4	57.6	68.1	4	100
11/14/2015 01:00	74.5	69.9	67.2	60	68.4	4	100
11/14/2015 01:05	74.6	68.9	64.4	60.4	66.6	4	100
11/14/2015 01:10	74.7	69.5	66.8	60.9	68.8	4	100
11/14/2015 01:15	74.9	70.2	68.2	61.9	68.8	4	100
11/14/2015 01:20	75	69.3	65	59.3	67.5	4	100
11/14/2015 01:25	74.5	69.7	60.5	61.2	67.2	4	100
11/14/2015 01:30	74.5	68.5	56.8	62.8	65.9	4	100
11/14/2015 01:35	75	69.4	55.8	62.4	65.4	4	100
11/14/2015 01:40	74.6	70.5	62.4	62	67.5	4	100
11/14/2015 01:45	74.6	70.7	64.7	62.1	68.7	4	100
11/14/2015 01:50	74.6	70.7	65.5	62.9	68.5	4	100
11/14/2015 01:55	74.7	71.8	64.8	61.8	69.1	4	100
11/14/2015 02:00	74.9	69.3	65.5	60.6	68	4	100
11/14/2015 02:05	75.1	69.4	64.9	62.2	67.6	4	100
11/14/2015 02:10	74.8	70.3	64.2	63.2	67.8	4	100
11/14/2015 02:15	74.8	70.4	65.7	63	68.1	4	100
11/14/2015 02:20	74.7	70.8	66.9	63.4	68.1	4	100
11/14/2015 02:25	74.7	70.8	65.6	63.3	68.7	4	100
11/14/2015 02:30	74.4	70.9	66.2	62.3	68.8	4	100
11/14/2015 02:35	74.5	71.2	67.2	62.3	68.6	4	100
11/14/2015 02:40	74.6	70.6	67	62.1	68.9	4	100
11/14/2015 02:45	74.6	70.8	68.2	62.3	69.1	4	100
11/14/2015 02:50	74.7	71.2	68.3	63.1	69.2	4	100
11/14/2015 02:55	74.5	70.7	68.1	63.4	69.4	4	100
11/14/2015 03:00	74.5	70.9	66.5	62.9	68.4	4	100
11/14/2015 03:05	74.5	70.9	68.5	58.7	67.9	4	100
11/14/2015 03:10	74.7	70.7	68.7	61	69.4	4	100
11/14/2015 03:15	74.7	71.1	66.1	62.4	68.9	4	100
11/14/2015 03:20	74.8	71.2	67.4	62.7	68.3	4	100
11/14/2015 03:25	74.7	71.1	67.1	62.6	69.1	4	100
11/14/2015 03:30	74.6	71	67.7	62.5	68.2	4	100
11/14/2015 03:35	74.3	71	68.3	62.3	69.5	4	100
11/14/2015 03:40	74.5	70.8	64.7	62.1	67.9	4	100
11/14/2015 03:45	74.7	71.2	65.4	63.1	68.2	4	100
11/14/2015 03:50	74.8	78.8	60.8	72.1	73.7	4	100
11/14/2015 03:55	74.8	75	74.6	67.8	74.2	4	100
11/14/2015 04:00	74.7	72.8	70	63.1	70.2	4	100
11/14/2015 04:05	84.8	71.7	69.1	64.7	78.6	4	100
11/14/2015 04:10	79.8	71.5	68.5	64	70.3	4	100
11/14/2015 04:15	76.7	71	67.3	60.7	70	4	100
11/14/2015 04:20	75.7	81	66.7	62.3	76.3	4	100
11/14/2015 04:25	84.8	76.4	77.4	62	79.5	4	100
11/14/2015 04:30	79.9	81	73.2	62.9	77.5	4	100
11/14/2015 04:35	77.3	76.4	70.9	63.3	72.6	4	100
11/14/2015 04:40	76.1	74	68.7	63.6	71.3	4	100
11/14/2015 04:45	75.3	72.2	65.4	62.6	69.2	4	100
11/14/2015 04:50	75.2	71.7	67.4	62.2	69.6	4	100
11/14/2015 04:55	74.6	71.4	68.3	61.7	68.7	4	100
11/14/2015 05:00	74.6	72.1	66.3	55.8	65.5	4	100
11/14/2015 05:05	74.7	71.5	66.8	54.7	68.4	4	100
11/14/2015 05:10	74.6	71.6	67.1	49.7	65.9	4	100
11/14/2015 05:15	74.4	72.9	67.2	48.2	68.2	4	100
11/14/2015 05:20	74.7	81	69.6	56.7	74.3	4	100
11/14/2015 05:25	73.5	76.3	72.2	55	70.5	4	100
11/14/2015 05:30	74.9	74.1	69.4	60.2	70.7	4	100
11/14/2015 05:35	73	72.9	72.2	59.6	70.5	4	100
11/14/2015 05:40	72.9	72	71.8	63.6	70.6	4	100
11/14/2015 05:45	71.9	71.7	68.2	61.6	69	4	100
11/14/2015 05:50	73.2	71.5	66.2	64.7	69.6	4	100
11/14/2015 05:55	73.5	71.8	67.8	61.9	69.8	4	100
11/14/2015 06:00	73.7	70.4	61.3	54.2	66.2	4	100
11/14/2015 06:05	73.4	70.7	63.6	57.7	67.9	4	100
11/14/2015 06:10	73	68.2	61.6	59.9	66.6	4	100
11/14/2015 06:15	72.8	69.6	56.7	64.3	66.9	4	100
11/14/2015 06:20	84.8	71	77.4	63.7	77.7	4	100
11/14/2015 06:25	78.4	70.7	77.4	65.2	74.4	4	100
11/14/2015 06:30	84.8	70.6	77.4	72.8	77.4	4	100
11/14/2015 06:35	79.1	69.2	71.2	69.5	73.1	4	100
11/14/2015 06:40	75.6	70.3	73.2	61.9	71.3	4	100
11/14/2015 06:45	74.1	70.7	74.2	60.7	71	4	100
11/14/2015 06:50	84.8	81	71.1	62.9	78.4	4	100
11/14/2015 06:55	76.6	81	64.9	60	74.9	4	100
11/14/2015 07:00	70.1	71.6	57.8	58.5	66.5	4	100
11/14/2015 07:05	67.3	67.7	58.1	58.4	63.5	4	100
11/14/2015 07:10	66.6	65.8	56.4	52.3	61.5	4	100
11/14/2015 07:15	65.1	63.7	55.7	56.6	61	4	100
11/14/2015 07:20	65	63.5	60.1	60.1	62.6	4	100
11/14/2015 07:25	65.7	62.7	58.9	72.8	65.6	4	100
11/14/2015 07:30	64.8	62.8	58.2	68.8	63.4	4	100
11/14/2015 07:35	64.5	72.9	57.8	64.8	65.8	4	100
11/14/2015 07:40	63.1	66.7	57.2	59.6	62.2	4	100
11/14/2015 07:45	64.4	65.2	56.5	59	62.1	4	100
11/14/2015 07:50	63.1	63.8	58.6	61	61.9	4	100
11/14/2015 07:55	61.8	63.1	60.1	60	61.4	4	100
11/14/2015 08:00	62	64.1	61.9	57.6	61.8	4	100
11/14/2015 08:05	62.6	63.7	60.4	57.5	61.5	4	100
11/14/2015 08:10	62.6	61.7	60.3	56.4	60.8	4	100
11/14/2015 08:15	62.6	61.6	59.2	58.3	60.7	4	100
11/14/2015 08:20	62.2	61.8	56.9	59	60.4	4	100
11/14/2015 08:25	62.9	61.8	56.5	59.1	60.5	4	100
11/14/2015 08:30	62.8	61.7	58.7	62	61.4	4	100
11/14/2015 08:35	61.7	61	61.4	60.7	61.3	4	100
11/14/2015 08:40	62.7	61.3	63.1	61.3	62.2	4	100
11/14/2015 08:45	63	61.9	62.5	63.1	62.6	4	100
11/14/2015 08:50	63.8	63.4	61.4	61.9	62.7	4	100
11/14/2015 08:55	63.5	63	61.1	63	62.7	4	100
11/14/2015 09:00	63.3	63.6	61	57.3	61.8	4	100
11/14/2015 09:05	62.7	63	60.2	56.9	61.1	4	100
11/14/2015 09:10	63.1	62.1	57.8	58.5	60.9	4	100
11/14/2015 09:15	62.8	62.6	57	58.8	60.7	4	100
11/14/2015 09:20	62.1	62.6	56.1	58.5	60.3	4	100
11/14/2015 09:25	61	61.9	59	55.9	59.9	4	100
11/14/2015 09:30	60.7	60.8	59.3	57.3	59.8	4	100
11/14/2015 09:35	59.6	59.6	57.4	55.9	58.4	4	100
11/14/2015 09:40	60.6	59.2	55.9	53.5	58	4	100
11/14/2015 09:45	61.2	59.7	55.8	56.8	58.8	4	100
11/14/2015 09:50	61.1	60.4	56	57.1	59.1	4	100
11/14/2015 09:55	61.9	60.4	55.6	59.3	59.6	4	100
11/14/2015 10:00	61.6	61.1	55	57.1	59.2	4	100
11/14/2015 10:05	60.9	61.7	56.5	55.1	58.8	4	100
11/14/2015 10:10	60.2	60.3	56.3	56.4	58.6	4	100
11/14/2015 10:15	62.4	61.3	59.3	57	60.3	4	100
11/14/2015 10:20	61.3	61.1	58.8	58.6	60.2	4	100
11/14/2015 10:25	61.6	61.4	58.6	59.8	60.5	4	100
11/14/2015 10:30	61	61.3	58.2	56.6	59.7	4	100
11/14/2015 10:35	61	60.3	57.7	56.6	59.2	4	100
11/14/2015 10:40	60.9	59.9	57.9	56	59.1	4	100
11/14/2015 10:45	59.5	59.5	55.7	55.3	57.9	4	100
11/14/2015 10:50	60.4	61.1	58.5	59	59.9	4	100
11/14/2015 10:55	61.2	60.5	60.4	59.3	60.4	4	100
11/14/2015 11:00	61.9	60.7	61.1	59.9	61	4	100
11/14/2015 11:05	61.2	60.4	59.9	58.2	60.1	4	100
11/14/2015 11:10	60.7	60.2	59.3	58.6	59.9	4	100
11/14/2015 11:15	59.8	59.1	57.3	57.8	58.7	4	100
11/14/2015 11:20	60.1	60.1	56.6	58.4	59	4	100
11/14/2015 11:25	61.2	60.6	57.2	56.7	59.3	4	100
11/14/2015 11:30	61.1	60.8	59.6	57.9	60	4	100
11/14/2015 11:35	61.9	61.2	60.3	57.6	60.4	4	100
11/14/2015 11:40	62.3	60.8	60.6	55.9	60.3	4	100
11/14/2015 11:45	61.1	61.5	58.6	58.1	60	4	100
11/14/2015 11:50	60.7	60.6	57.2	56.5	59	4	100
11/14/2015 11:55	58	57	53.9	52.6	55.6	4	100
11/14/2015 12:00	56.8	56	52	52.8	54.6	4	100
11/14/2015 12:05	49.1	50.9	50.4	50.3	50.2	4	100
11/14/2015 12:10	39.3	45.5	44.2	41.6	42.7	4	100
11/14/2015 12:15	47.4	49.7	48.3	45.3	47.8	4	100
11/14/2015 12:20	52.6	54.3	52.3	50.7	52.5	4	100
11/14/2015 12:25	55.8	56.5	54.7	53.7	55.3	4	100
11/14/2015 12:30	56.1	56.7	54	54.1	55.4	4	100
11/14/2015 12:35	58.3	58.6	55.6	54.9	57.1	4	100
11/14/2015 12:40	53.5	54.7	54.4	52.7	53.8	4	100
11/14/2015 12:45	42.6	44.1	45.1	44.6	44.1	4	100
11/14/2015 12:50	37.6	44.6	45.8	44.9	43.1	4	100
11/14/2015 12:55	47.7	52	52.4	50.7	50.5	4	100
11/14/2015 13:00	54.5	56.2	56.2	54.5	55.3	4	100
11/14/2015 13:05	57.4	58	59.2	57.5	58	4	100
11/14/2015 13:10	58.6	59.1	59.1	59.7	59.1	4	100
11/14/2015 13:15	58.7	59.2	60.3	57.5	58.9	4	100
11/14/2015 13:20	59.7	59.2	58.2	57.7	58.8	4	100
11/14/2015 13:25	60	60.4	58.7	58.8	59.6	4	100
11/14/2015 13:30	60.5	60.4	58.9	57.6	59.5	4	100
11/14/2015 13:35	61.1	61.7	59	59.7	60.5	4	100
11/14/2015 13:40	61.9	61.5	59.6	60.1	60.9	4	100
11/14/2015 13:45	60.7	61.1	59.9	59.8	60.4	4	100
11/14/2015 13:50	61.4	61.5	58.6	61.3	60.8	4	100
11/14/2015 13:55	61.3	60.6	58.3	61.8	60.5	4	100
11/14/2015 14:00	61.8	61.2	59.9	61.3	61.1	4	100
11/14/2015 14:05	62.1	61.7	61.3	61.9	61.8	4	100
11/14/2015 14:10	61.5	60.7	60.1	61.7	61	4	100
11/14/2015 14:15	60.8	59.8	59.4	58.2	59.7	4	100
11/14/2015 14:20	60.9	60.8	59.7	59.9	60.4	4	100
11/14/2015 14:25	61.7	60.5	59.6	60.7	60.7	4	100
11/14/2015 14:30	60.8	59	56.5	60	59.2	4	100
11/14/2015 14:35	61.6	59	57.3	60.2	59.6	4	100
11/14/2015 14:40	61.1	59.6	57.7	61.2	60	4	100
11/14/2015 14:45	61.4	59.5	58	61	60	4	100
11/14/2015 14:50	60.6	59.7	58	60.6	59.8	4	100
11/14/2015 14:55	60	58.3	57.3	60.5	59	4	100
11/14/2015 15:00	59.8	58.6	59.3	60.3	59.5	4	100
11/14/2015 15:05	59.9	60	59.4	61.4	60.1	4	100
11/14/2015 15:10	59.7	59.6	59.6	60.9	59.9	4	100
11/14/2015 15:15	58.8	57.4	57.1	59.7	58.3	4	100
11/14/2015 15:20	45.9	51.4	53.2	56.5	51.5	4	100
11/14/2015 15:25	43.2	47.3	52.6	56.9	49.6	4	100
11/14/2015 15:30	49.4	50.7	54	58.5	52.7	4	100
11/14/2015 15:35	53.9	54.5	55	58.6	55.2	4	100
11/14/2015 15:40	57.3	57.1	58.1	59.7	57.9	4	100
11/14/2015 15:45	58.7	58.2	58.6	59.9	58.8	4	100
11/14/2015 15:50	57.3	57.6	55.7	57.5	57.1	4	100
11/14/2015 15:55	58	57.7	57	59.5	58	4	100
11/14/2015 16:00	59.1	58.5	57.2	59.2	58.5	4	100
11/14/2015 16:05	57.3	57.1	55.1	58.1	56.9	4	100
11/14/2015 16:10	56.3	56.5	54.9	57	56.2	4	100
11/14/2015 16:15	54.8	55.2	54.4	55.3	54.9	4	100
11/14/2015 16:20	53.9	54.5	53.6	56.1	54.5	4	100
11/14/2015 16:25	56.9	55.7	53.7	55.8	55.6	4	100
11/14/2015 16:30	58.1	56.6	54.9	56.8	56.7	4	100
11/14/2015 16:35	56.9	55.9	54.6	56.2	56	4	100
11/14/2015 16:40	56.6	55.2	55.7	55.8	55.8	4	100
11/14/2015 16:45	56.4	56.1	55.9	56.6	56.2	4	100
11/14/2015 16:50	56.4	56.2	56.8	58.6	56.9	4	100
11/14/2015 16:55	56.3	57.5	56.2	60.8	57.6	4	100
11/14/2015 17:00	57.2	57.6	58.4	61.4	58.5	4	100
11/14/2015 17:05	57.8	58.8	59	58.9	58.6	4	100
11/14/2015 17:10	56.8	56.7	56	58.3	56.9	4	100
11/14/2015 17:15	54.4	55.1	55.5	56.6	55.3	4	100
11/14/2015 17:20	53	52.5	52.6	56	53.4	4	100
11/14/2015 17:25	53.2	52.8	51.8	55.9	53.4	4	100
11/14/2015 17:30	54	54.8	53.1	56.3	54.5	4	100
11/14/2015 17:35	54.1	54.1	54.3	57.1	54.8	4	100
11/14/2015 17:40	53.1	54	54.7	55.8	54.4	4	100
11/14/2015 17:45	50.8	52.8	51.8	53.2	52.1	4	100
11/14/2015 17:50	49.6	50.5	49.9	52.3	50.5	4	100
11/14/2015 17:55	39.5	40.4	41.9	44.8	41.5	4	100
11/14/2015 18:00	41.5	41.2	42.5	45.9	42.7	4	100
11/14/2015 18:05	34.3	35.5	37.3	42.5	37.3	4	100
11/14/2015 18:10	36	35.9	37.9	42.7	38	4	100
11/14/2015 18:15	38.8	38.5	40.3	46	40.7	4	100
11/14/2015 18:20	39.2	39.2	43.2	46.6	41.8	4	100
11/14/2015 18:25	39.5	41	41.6	47.2	42	4	100
11/14/2015 18:30	42.6	43.9	45.1	50.4	45.2	4	100
11/14/2015 18:35	49.7	50.3	51.3	54.2	51.2	4	100
11/14/2015 18:40	52.5	53.7	54.3	56.5	54.1	4	100
11/14/2015 18:45	54	54	53.4	57.4	54.5	4	100
11/14/2015 18:50	53.9	54.9	56.2	58.1	55.6	4	100
11/14/2015 18:55	55.1	55.4	56.7	57.3	56	4	100
11/14/2015 19:00	55.8	55.2	56.2	56.7	55.9	4	100
11/14/2015 19:05	56.4	55.7	56	58.7	56.5	4	100
11/14/2015 19:10	57.5	58.3	55.8	58.7	57.6	4	100
11/14/2015 19:15	58.6	59.7	56.6	59.7	58.7	4	100
11/14/2015 19:20	59.3	59.5	57.6	60.6	59.2	4	100
11/14/2015 19:25	58.6	59.5	59	59.8	59.2	4	100
11/14/2015 19:30	58.2	58.2	60.5	61.4	59.4	4	100
11/14/2015 19:35	57.5	58.7	59.1	62.6	59.3	4	100
11/14/2015 19:40	57.9	58.5	59.2	61.6	59.1	4	100
11/14/2015 19:45	58.8	58.7	58.9	62.2	59.4	4	100
11/14/2015 19:50	60.3	59.8	60.9	62.8	60.8	4	100
11/14/2015 19:55	60.2	59.9	61.4	62.8	60.9	4	100
11/14/2015 20:00	60.4	60.4	61.5	62.1	61	4	100
11/14/2015 20:05	60.3	59.9	61.5	62.7	60.9	4	100
11/14/2015 20:10	61	60.6	62.7	62.6	61.6	4	100
11/14/2015 20:15	62.3	61.5	63.5	62.6	62.5	4	100
11/14/2015 20:20	62.1	61	61.7	62.1	61.7	4	100
11/14/2015 20:25	61.6	60.6	62.2	61.8	61.5	4	100
11/14/2015 20:30	61.2	61.2	63.7	62.6	62	4	100
11/14/2015 20:35	61.8	62.3	60.4	64	62.1	4	100
11/14/2015 20:40	62.9	62.1	62.3	63.9	62.7	4	100
11/14/2015 20:45	63.3	62.4	63.3	64.5	63.3	4	100
11/14/2015 20:50	63.1	61.2	64	63.1	62.8	4	100
11/14/2015 20:55	63.9	62	63.9	66.2	63.9	4	100
11/14/2015 21:00	70.1	65	64.8	64	66.2	4	100
11/14/2015 21:05	72.2	65.8	61.5	62.1	65.9	4	100
11/14/2015 21:10	73.9	67.9	64	61.7	67.4	4	100
11/14/2015 21:15	73.3	68.3	65.3	61.1	67.8	4	100
11/14/2015 21:20	72.8	68.9	66.8	58.5	67.7	4	100
11/14/2015 21:25	73.5	69.2	64.4	59.3	67.3	4	100
11/14/2015 21:30	74.3	70.5	65.1	60.8	68.4	4	100
11/14/2015 21:35	73.6	70	66.6	60.5	68.2	4	100
11/14/2015 21:40	73	68.8	65.9	59.9	67.9	4	100
11/14/2015 21:45	74.1	69	67.1	57	67.7	4	100
11/14/2015 21:50	73.4	70.9	65	60.4	68.2	4	100
11/14/2015 21:55	73.1	70.3	62.1	59.6	67.1	4	100
11/14/2015 22:00	73.5	69.8	67.4	59.6	68.2	4	100
11/14/2015 22:05	72.5	68.7	66.6	61.1	67.9	4	100
11/14/2015 22:10	72.5	68.2	67.4	60.9	68.1	4	100
11/14/2015 22:15	73.7	69.4	68.7	63.1	69.3	4	100
11/14/2015 22:20	72.5	70	68.5	61.7	68.8	4	100
11/14/2015 22:25	73.5	70.1	69.2	61.7	69.1	4	100
11/14/2015 22:30	72.5	69	66	58.7	67.4	4	100
11/14/2015 22:35	72.1	68.4	65.2	59.4	66.9	4	100
11/14/2015 22:40	72	68.7	67.3	59.9	67.8	4	100
11/14/2015 22:45	72.6	68.9	64	60.5	67.2	4	100
11/14/2015 22:50	72.4	68.6	67.8	60.3	68.2	4	100
11/14/2015 22:55	71.5	67.5	66.5	60.2	67.2	4	100
11/14/2015 23:00	73.1	68.8	63.6	61.3	67.5	4	100
11/14/2015 23:05	73.4	70.1	67	62.3	69	4	100
11/14/2015 23:10	73.4	70.2	65	61.8	68.6	4	100
11/14/2015 23:15	72.7	70.5	68.2	60	68.2	4	100
11/14/2015 23:20	74.5	70.2	67.3	62.1	69.5	4	100
11/14/2015 23:25	74.7	70	66.9	61.2	69.2	4	100
11/14/2015 23:30	75.5	68.6	66.3	58.6	67.7	4	100
11/14/2015 23:35	74.2	70.9	65.7	60.6	68.8	4	100
11/14/2015 23:40	76.4	71.3	68.7	60.9	70.2	4	100
11/14/2015 23:45	76.2	72.1	68	61	70.4	4	100
11/14/2015 23:50	76.3	71.8	67.3	62.2	70.2	4	100
11/14/2015 23:55	74.9	70.8	66.8	61	69.2	4	100
11/15/2015 00:00	72	70.5	67.3	62.8	69.1	4	100
11/15/2015 00:05	72.1	71.3	66.8	63.1	69	4	100
11/15/2015 00:10	72.9	71	66.4	63.5	69.2	4	100
11/15/2015 00:15	73.4	70.9	68.5	63.5	69.8	4	100
11/15/2015 00:20	73.5	72.3	68	60.2	69.5	4	100
11/15/2015 00:25	73.5	71.9	68.9	61.5	69.3	4	100
11/15/2015 00:30	73.6	72.7	68.3	62.2	69.6	4	100
11/15/2015 00:35	74.4	72	69	61.1	70.2	4	100
11/15/2015 00:40	74	72.5	66.9	61.2	69.5	4	100
11/15/2015 00:45	73.1	72.2	67.2	62.7	69.8	4	100
11/15/2015 00:50	73.5	71.7	69	62.4	69.9	4	100
11/15/2015 00:55	74.2	73.3	66.8	63.5	70.1	4	100
11/15/2015 01:00	74.9	72.8	64.9	63.6	70.1	4	100
11/15/2015 01:05	74.5	71.4	64.7	59.7	68.9	4	100
11/15/2015 01:10	72.8	71.4	67	59.3	68.5	4	100
11/15/2015 01:15	73.2	70.5	66.6	60.9	68.8	4	100
11/15/2015 01:20	74.1	71.1	67.2	61.7	70	4	100
11/15/2015 01:25	74.2	71.2	68.2	62.2	69.6	4	100
11/15/2015 01:30	74.1	71	65	63.3	69.2	4	100
11/15/2015 01:35	74.4	71.5	66.4	63.1	69.7	4	100
11/15/2015 01:40	74.2	71.5	67.7	63.2	70	4	100
11/15/2015 01:45	74.4	71.4	68.1	63.3	69.9	4	100
11/15/2015 01:50	74.1	71.4	67.4	63.5	69.4	4	100
11/15/2015 01:55	74	70.9	68.1	63.1	69.7	4	100
11/15/2015 02:00	74.2	70.6	68	63.3	69.5	4	100
11/15/2015 02:05	74.3	70.3	67	62.8	69	4	100
11/15/2015 02:10	74.4	70.8	67.3	63.2	69.1	4	100
11/15/2015 02:15	74.9	71	68.1	63.3	69.2	4	100
11/15/2015 02:20	75	70.4	68.4	63.4	69.2	4	100
11/15/2015 02:25	75	70.8	65.2	63.2	68.4	4	100
11/15/2015 02:30	75	71.4	65.5	63.1	69.5	4	100
11/15/2015 02:35	75	71.3	65.8	63.2	68.9	4	100
11/15/2015 02:40	75	71.2	66.6	63.1	69.3	4	100
11/15/2015 02:45	75.1	71.3	67.3	63	69.8	4	100
11/15/2015 02:50	75	71.3	68	62.8	69.6	4	100
11/15/2015 02:55	75	70.9	67.8	62.9	69.8	4	100
11/15/2015 03:00	74.8	71	67.6	61.8	67.8	4	100
11/15/2015 03:05	74.6	70.8	67.7	62.5	68.9	4	100
11/15/2015 03:10	74.6	70.9	68	62.4	70	4	100
11/15/2015 03:15	74.7	71	67.4	62.6	68.9	4	100
11/15/2015 03:20	74.6	71.2	66.1	62.6	68.8	4	100
11/15/2015 03:25	74.6	70.7	66.7	62.4	69	4	100
11/15/2015 03:30	74.6	70.9	67.4	62.5	69.5	4	100
11/15/2015 03:35	74.7	71.5	67.2	62.6	69.4	4	100
11/15/2015 03:40	74.7	71.2	67.3	62.6	70.4	4	100
11/15/2015 03:45	74.8	71.3	67.7	62.8	70.5	4	100
11/15/2015 03:50	74.8	71.1	67.6	62.5	69.8	4	100
11/15/2015 03:55	74.8	70.9	67.7	62.1	69.3	4	100
11/15/2015 04:00	74.8	71.3	66.9	61.2	69.2	4	100
11/15/2015 04:05	74.8	71.2	67.4	62.1	69.4	4	100
11/15/2015 04:10	74.8	71	67.6	60.1	68.3	4	100
11/15/2015 04:15	74.6	71	67.2	61.7	68.5	4	100
11/15/2015 04:20	74.8	71.1	67.3	62.5	68.9	4	100
11/15/2015 04:25	74.8	71.2	67.8	62.5	69.1	4	100
11/15/2015 04:30	74.7	71	66.2	62.9	68.8	4	100
11/15/2015 04:35	74.7	69.4	65.2	63.2	67.8	4	100
11/15/2015 04:40	75	70	65.4	62.5	68.8	4	100
11/15/2015 04:45	74.9	70.4	65.2	61.6	67.4	4	100
11/15/2015 04:50	75.2	70.4	66.7	62.4	68.8	4	100
11/15/2015 04:55	74.9	70.8	66	58.2	67.4	4	100
11/15/2015 05:00	74.8	70.7	66.5	60.7	68.5	4	100
11/15/2015 05:05	74.8	70.2	66.3	59.7	68	4	100
11/15/2015 05:10	74.8	70.7	65.1	61.9	67.9	4	100
11/15/2015 05:15	74.9	70.9	66.3	62.2	68.8	4	100
11/15/2015 05:20	74.7	70.8	66.5	55.9	67.2	4	100
11/15/2015 05:25	74.7	71	64.2	58.5	67.1	4	100
11/15/2015 05:30	74.9	70.6	66.2	61.1	68.6	4	100
11/15/2015 05:35	75	70.6	66.5	62.2	69.9	4	100
11/15/2015 05:40	74.9	70.7	67.9	63.1	69.3	4	100
11/15/2015 05:45	75.2	71.3	66.2	63.1	69.5	4	100
11/15/2015 05:50	75	71.7	68.4	64.5	69.5	4	100
11/15/2015 05:55	75.2	70.8	66.8	64.5	69.6	4	100
11/15/2015 06:00	75.3	70.6	67.9	61.2	68.9	4	100
11/15/2015 06:05	75.2	70.6	69.3	62.5	70.1	4	100
11/15/2015 06:10	74.8	70.8	68.2	62.2	69.8	4	100
11/15/2015 06:15	75.1	71.2	67.9	61.6	69.6	4	100
11/15/2015 06:20	74.9	71.4	64.5	62.6	68.7	4	100
11/15/2015 06:25	74.6	71.2	66.6	62.8	69.4	4	100
11/15/2015 06:30	75	70.7	67.4	63.3	69.6	4	100
11/15/2015 06:35	75.2	71.8	68.8	62.3	69.9	4	100
11/15/2015 06:40	74.9	71.8	69.6	63.1	70	4	100
11/15/2015 06:45	75.6	71.7	66.7	61.5	70.1	4	100
11/15/2015 06:50	75.2	71.2	67.8	60.5	69.8	4	100
11/15/2015 06:55	74.6	71.5	68.2	60.2	69	4	100
11/15/2015 07:00	73.9	71.4	65.3	61.6	68.3	4	100
11/15/2015 07:05	74.7	71.3	65.7	60.3	68.7	4	100
11/15/2015 07:10	75	70	66.5	61.5	68.8	4	100
11/15/2015 07:15	75.5	72.1	66.4	62.7	69.6	4	100
11/15/2015 07:20	74.6	72.3	65.5	62.9	69.4	4	100
11/15/2015 07:25	74.6	71.4	64.9	60.8	69.4	4	100
11/15/2015 07:30	74.2	71.3	67.5	62.6	69.7	4	100
11/15/2015 07:35	75	70.1	65.1	64.8	69.4	4	100
11/15/2015 07:40	76.4	71.1	66.6	64.2	70	4	100
11/15/2015 07:45	76.4	71.4	68.9	62.8	70.7	4	100
11/15/2015 07:50	76.4	70.2	68.4	64.5	70.1	4	100
11/15/2015 07:55	75.3	71.4	69.9	64.2	70.9	4	100
11/15/2015 08:00	73.7	71	68.2	60.4	68.8	4	100
11/15/2015 08:05	72.7	69.1	66.9	56.3	67.3	4	100
11/15/2015 08:10	72.6	67.9	64.1	57.9	66.7	4	100
11/15/2015 08:15	72.4	69	66.2	59.1	67.8	4	100
11/15/2015 08:20	72.1	68.5	63.7	56.9	66.5	4	100
11/15/2015 08:25	71.2	69.1	64.6	58.5	66.5	4	100
11/15/2015 08:30	71.9	68.3	66.3	60.9	67.5	4	100
11/15/2015 08:35	72.5	67.9	65.3	57.4	66.7	4	100
11/15/2015 08:40	74.3	68.8	66.1	59.6	67.4	4	100
11/15/2015 08:45	73.3	69.8	62.7	57.1	66.4	4	100
11/15/2015 08:50	72.1	70	64.6	59.2	67.6	4	100
11/15/2015 08:55	73.7	69.6	64.1	60.7	67.8	4	100
11/15/2015 09:00	73.3	70.1	65.1	61.6	68.2	4	100
11/15/2015 09:05	73.7	70	67.1	62.1	69.1	4	100
11/15/2015 09:10	72.9	69.4	68.3	63.9	69.1	4	100
11/15/2015 09:15	73.1	69.3	66.4	63.5	68.4	4	100
11/15/2015 09:20	73.8	70	64.9	64.1	68.8	4	100
11/15/2015 09:25	73.5	70	64.2	64.8	69	4	100
11/15/2015 09:30	73.1	69.3	65.6	63.2	68.6	4	100
11/15/2015 09:35	71.8	69.2	63	63.7	67.7	4	100
11/15/2015 09:40	72.9	69.8	65.8	63.3	68.4	4	100
11/15/2015 09:45	72.7	68.5	64.3	62.3	67.6	4	100
11/15/2015 09:50	73.2	69.2	64.2	63.3	68	4	100
11/15/2015 09:55	73.2	69.6	65.2	60.9	68.1	4	100
11/15/2015 10:00	73.2	69.4	66.2	61.5	68.3	4	100
11/15/2015 10:05	72.9	70.5	66.9	60.7	68.7	4	100
11/15/2015 10:10	72.1	69.2	66.7	60.1	67.8	4	100
11/15/2015 10:15	72.5	68.8	65.9	60.2	67.7	4	100
11/15/2015 10:20	72.6	68.8	66.7	61.5	68.1	4	100
11/15/2015 10:25	73.5	68.1	65.5	59.8	67.6	4	100
11/15/2015 10:30	73.7	68	67	60.8	68.3	4	100
11/15/2015 10:35	73	67.3	66.2	62.5	67.7	4	100
11/15/2015 10:40	72.1	67.7	65.5	62.7	67.3	4	100
11/15/2015 10:45	72.1	68.7	66.3	60.9	67.5	4	100
11/15/2015 10:50	71.2	68.5	66.1	61.2	67.2	4	100
11/15/2015 10:55	70.2	66.1	64.1	61.5	65.8	4	100
11/15/2015 11:00	71.6	67	64	62.9	66.9	4	100
11/15/2015 11:05	71.6	65.6	65.2	63.3	66.9	4	100
11/15/2015 11:10	72.1	67.3	66.3	62.2	67.4	4	100
11/15/2015 11:15	71.8	69.6	66.3	62.4	68	4	100
11/15/2015 11:20	71.8	68.7	65.5	64.1	68	4	100
11/15/2015 11:25	71.8	68.5	65.1	61.4	67.4	4	100
11/15/2015 11:30	71	66.4	64.1	59.5	66	4	100
11/15/2015 11:35	71.7	68.4	63.6	59.5	66.5	4	100
11/15/2015 11:40	72.4	67.8	62.7	57.9	66	4	100
11/15/2015 11:45	73	68.8	65.4	59.6	67	4	100
11/15/2015 11:50	73.6	68.4	66.3	59.5	67.8	4	100
11/15/2015 11:55	73.6	69.7	68.1	60.2	68.4	4	100
11/15/2015 12:00	73	69	67.1	59.9	68.1	4	100
11/15/2015 12:05	71.4	68.2	66.1	61.2	67.2	4	100
11/15/2015 12:10	71.2	66	65.8	61.8	66.7	4	100
11/15/2015 12:15	71.6	66.4	65	62.8	66.8	4	100
11/15/2015 12:20	71.2	66	65	61.6	66.4	4	100
11/15/2015 12:25	70.2	66	62.5	59.6	65	4	100
11/15/2015 12:30	71.4	68	63.7	60.7	66.3	4	100
11/15/2015 12:35	70.9	68.2	64.2	61.2	66.7	4	100
11/15/2015 12:40	70.4	68	64.9	60.3	66.3	4	100
11/15/2015 12:45	70	67.1	64.6	61.3	66.2	4	100
11/15/2015 12:50	71.2	68.2	65	62.4	67.2	4	100
11/15/2015 12:55	71.8	67.2	66.7	62.7	67.5	4	100
11/15/2015 13:00	71.1	68.5	66.3	64	67.8	4	100
11/15/2015 13:05	72	69.7	67.2	64.6	68.7	4	100
11/15/2015 13:10	72.4	68.5	66.1	65.1	68.4	4	100
11/15/2015 13:15	71.8	69.1	65	61.5	67.5	4	100
11/15/2015 13:20	70.8	67.6	66.8	61.4	67.3	4	100
11/15/2015 13:25	71.4	68.2	66.6	62.8	67.6	4	100
11/15/2015 13:30	71.4	68.4	65.7	63.7	67.8	4	100
11/15/2015 13:35	72.1	69.3	68.3	64.3	68.8	4	100
11/15/2015 13:40	71.9	69.9	68.2	60.8	68.3	4	100
11/15/2015 13:45	71.7	69.4	69.3	62.3	68.7	4	100
11/15/2015 13:50	69.5	68	67.6	60.9	66.9	4	100
11/15/2015 13:55	70.9	68.6	66	61.5	67.2	4	100
11/15/2015 14:00	70.9	67.5	65.5	62.5	67.2	4	100
11/15/2015 14:05	71.8	66.9	65.8	63.9	67.5	4	100
11/15/2015 14:10	71.4	67.4	66.3	64.6	67.8	4	100
11/15/2015 14:15	71.1	67.2	64.5	63	66.8	4	100
11/15/2015 14:20	71.1	68	65.7	62.6	67.3	4	100
11/15/2015 14:25	71.3	68	66.2	63.9	67.8	4	100
11/15/2015 14:30	70.3	67.8	64.7	61.6	66.7	4	100
11/15/2015 14:35	69.5	67.5	64.9	60.4	66.1	4	100
11/15/2015 14:40	72	67.7	65.4	60.7	67.1	4	100
11/15/2015 14:45	71.4	67.3	64.3	59.6	66.2	4	100
11/15/2015 14:50	71.6	67	64.4	58.2	66	4	100
11/15/2015 14:55	71.2	67	64.4	59.7	66.1	4	100
11/15/2015 15:00	71.3	67.3	64.4	60	66.3	4	100
11/15/2015 15:05	71.2	66.4	63.1	59.7	65.7	4	100
11/15/2015 15:10	70.4	65.2	63.1	61.1	65.4	4	100
11/15/2015 15:15	70.2	66.6	64.5	60.9	65.9	4	100
11/15/2015 15:20	70.6	67.2	64.5	61.2	66.3	4	100
11/15/2015 15:25	70.3	68	63.9	61.3	66.5	4	100
11/15/2015 15:30	70.2	67.6	63.7	60.3	66	4	100
11/15/2015 15:35	69.9	68.2	63.5	60	65.7	4	100
11/15/2015 15:40	69.9	68.9	63.1	63.8	67	4	100
11/15/2015 15:45	69.5	69	63.8	62.1	66.5	4	100
11/15/2015 15:50	70	67.2	64.5	61.5	66.3	4	100
11/15/2015 15:55	70.5	67.2	64.4	61.1	66.4	4	100
11/15/2015 16:00	70.6	67.1	62.2	61.9	66.1	4	100
11/15/2015 16:05	70.3	67.6	64.2	61.9	66.5	4	100
11/15/2015 16:10	70.9	66.7	65.9	63.3	67.1	4	100
11/15/2015 16:15	70.6	66	64.5	64.3	66.7	4	100
11/15/2015 16:20	70.5	66.4	64.9	63.4	66.9	4	100
11/15/2015 16:25	69.5	66.6	64.2	63.2	66.3	4	100
11/15/2015 16:30	71	66.1	64.8	62.6	66.7	4	100
11/15/2015 16:35	69.6	65.2	63.1	60.4	65.1	4	100
11/15/2015 16:40	70.4	66.2	64.8	61	66.2	4	100
11/15/2015 16:45	68.4	66	64.7	59.6	65.2	4	100
11/15/2015 16:50	68.6	66.6	63.9	61.1	65.6	4	100
11/15/2015 16:55	69	67.6	65.1	61	66.1	4	100
11/15/2015 17:00	70	68.1	65	57.6	66	4	100
11/15/2015 17:05	71.1	68.1	64.8	59.3	66.3	4	100
11/15/2015 17:10	69.1	67.2	61.7	57.3	64.3	4	100
11/15/2015 17:15	67.2	64.4	58.8	58.5	62.8	4	100
11/15/2015 17:20	66.6	64.6	59.7	56.4	62.4	4	100
11/15/2015 17:25	65.2	64.1	60.7	57.1	62.1	4	100
11/15/2015 17:30	65.4	64	59.6	56.8	62.1	4	100
11/15/2015 17:35	62.5	60.5	57.9	53.7	58.8	4	100
11/15/2015 17:40	64.1	62.4	59.5	56.4	61	4	100
11/15/2015 17:45	65.5	64.6	61.2	58.1	63	4	100
11/15/2015 17:50	65.6	64.8	61.3	58.4	63.1	4	100
11/15/2015 17:55	66.8	65.6	62.9	60.9	64.4	4	100
11/15/2015 18:00	66	64.3	62.9	58.2	63.4	4	100
11/15/2015 18:05	67.8	64.7	60.6	59.1	63.5	4	100
11/15/2015 18:10	67.4	64.4	61.4	58.9	63.5	4	100
11/15/2015 18:15	67.6	64	60.3	58.8	63.1	4	100
11/15/2015 18:20	67.7	64.4	61.5	60.1	63.9	4	100
11/15/2015 18:25	67	64.3	62.2	58.2	63.4	4	100
11/15/2015 18:30	66	63.7	61.5	59.4	63	4	100
11/15/2015 18:35	66.6	63.9	63	60.4	63.7	4	100
11/15/2015 18:40	67.6	64.6	64.3	61.2	64.8	4	100
11/15/2015 18:45	68.6	64.5	64	60.4	64.8	4	100
11/15/2015 18:50	68.8	63.8	61.9	59.2	64.1	4	100
11/15/2015 18:55	66.5	62.8	62.1	59.7	63	4	100
11/15/2015 19:00	66.9	63.3	64.3	60.3	64.1	4	100
11/15/2015 19:05	67.3	65	64	60.8	64.6	4	100
11/15/2015 19:10	67.7	65.3	64.6	57.3	64.4	4	100
11/15/2015 19:15	70	66.9	63.8	59.6	65.9	4	100
11/15/2015 19:20	68.2	65.9	61.4	61.8	65	4	100
11/15/2015 19:25	68.9	65.6	65.2	60.5	65.7	4	100
11/15/2015 19:30	69.5	64.6	65.4	59.9	65.6	4	100
11/15/2015 19:35	69.7	65.3	64.4	60	65.4	4	100
11/15/2015 19:40	70.3	66.9	65	60	66.1	4	100
11/15/2015 19:45	71.5	66.6	65.4	62.5	67.1	4	100
11/15/2015 19:50	70.8	67.1	65.3	59.8	66.3	4	100
11/15/2015 19:55	70.3	67.4	66.4	63.4	67.3	4	100
11/15/2015 20:00	70.5	67.9	64.7	62.3	67	4	100
11/15/2015 20:05	70.9	68.5	67.2	64	68.1	4	100
11/15/2015 20:10	71.8	68.6	68.4	63.3	68.4	4	100
11/15/2015 20:15	71.2	68.7	68.2	63.1	68	4	100
11/15/2015 20:20	70.5	68.8	67.2	64.1	67.9	4	100
11/15/2015 20:25	70	67.2	66.8	63.4	67.3	4	100
11/15/2015 20:30	70.2	67.6	68.6	63.2	67.8	4	100
11/15/2015 20:35	69.7	67.7	65.4	62.8	67.1	4	100
11/15/2015 20:40	70.3	67.7	65.3	63.4	67.1	4	100
11/15/2015 20:45	70.3	67.2	67	63.7	67.4	4	100
11/15/2015 20:50	70.8	67.9	68.1	61.9	67.6	4	100
11/15/2015 20:55	70.9	67.6	67.6	61.9	67.4	4	100
11/15/2015 21:00	73.1	70	64.1	63.7	68.3	4	100
11/15/2015 21:05	73.8	70.3	66.2	64.3	69.4	4	100
11/15/2015 21:10	74.3	69.4	66.8	62.1	68.9	4	100
11/15/2015 21:15	74.9	70.6	67.8	62.4	69.6	4	100
11/15/2015 21:20	75	70.9	69	59.6	69.6	4	100
11/15/2015 21:25	75	69.5	68.9	64.2	69.7	4	100
11/15/2015 21:30	74.8	70.4	67	64.1	69.9	4	100
11/15/2015 21:35	75.1	70.5	66.4	65.4	70.1	4	100
11/15/2015 21:40	75	71.4	67.8	63.5	70.1	4	100
11/15/2015 21:45	75.6	71.5	67.3	64.5	70.7	4	100
11/15/2015 21:50	74.8	71.2	69.1	62.4	70.4	4	100
11/15/2015 21:55	74.6	71.8	67.9	61.8	70	4	100
11/15/2015 22:00	73.7	71.9	67	63.7	70.1	4	100
11/15/2015 22:05	74.4	72.3	65.2	65.3	70.2	4	100
11/15/2015 22:10	75.6	72.5	68.6	65.8	71.6	4	100
11/15/2015 22:15	74.3	71.8	68.9	62.3	70.4	4	100
11/15/2015 22:20	74	73	70.5	63.8	71.3	4	100
11/15/2015 22:25	73.8	72.3	70.4	66	71.2	4	100
11/15/2015 22:30	74.1	71.2	67.8	60.5	69.3	4	100
11/15/2015 22:35	73.8	71.5	67.8	59.6	69.1	4	100
11/15/2015 22:40	74.6	71.1	67.7	62.5	69.9	4	100
11/15/2015 22:45	75.2	72.4	68	63	70.2	4	100
11/15/2015 22:50	73.6	72	69.1	63.9	70.4	4	100
11/15/2015 22:55	74.9	72	70	62.7	70.6	4	100
11/15/2015 23:00	75.3	71.7	67.5	61.1	70	4	100
11/15/2015 23:05	74.1	70.2	65.6	61.5	68.4	4	100
11/15/2015 23:10	73.3	70.6	66.9	62.6	69.6	4	100
11/15/2015 23:15	73.5	70.3	68.7	63.7	69.5	4	100
11/15/2015 23:20	74.5	70.9	69.7	63.2	70.6	4	100
11/15/2015 23:25	76.6	71.5	66.2	63	70.1	4	100
11/15/2015 23:30	75.9	69.9	67	63.2	70	4	100
11/15/2015 23:35	75.5	70.2	66.4	62.8	69.6	4	100
11/15/2015 23:40	75.2	70	66.5	64	69.2	4	100
11/15/2015 23:45	75.9	70.9	64.6	63.9	69.8	4	100
11/15/2015 23:50	75.6	71.1	66.3	62.8	69.5	4	100
11/15/2015 23:55	75.3	70.7	66.4	62.5	69.9	4	100
