5 Minutes	Lane 1 Flow (Veh/5 Minutes)	Lane 2 Flow (Veh/5 Minutes)	Lane 3 Flow (Veh/5 Minutes)	Lane 4 Flow (Veh/5 Minutes)	Lane 5 Flow (Veh/5 Minutes)	Flow (Veh/5 Minutes)	# Lane Points	% Observed
11/09/2015 00:00	38	38	25	24	29	154	5	80
11/09/2015 00:05	30	31	26	25	31	143	5	80
11/09/2015 00:10	26	32	29	24	30	141	5	80
11/09/2015 00:15	25	36	23	25	30	139	5	80
11/09/2015 00:20	29	34	27	22	29	141	5	80
11/09/2015 00:25	21	25	25	26	30	127	5	80
11/09/2015 00:30	25	19	19	14	24	101	5	80
11/09/2015 00:35	21	26	25	17	27	116	5	80
11/09/2015 00:40	25	28	14	19	26	112	5	80
11/09/2015 00:45	18	29	17	11	23	98	5	80
11/09/2015 00:50	20	27	20	16	26	109	5	80
11/09/2015 00:55	16	25	21	17	26	105	5	80
11/09/2015 01:00	17	24	23	12	26	102	5	80
11/09/2015 01:05	12	18	13	16	23	82	5	80
11/09/2015 01:10	16	20	17	11	22	86	5	80
11/09/2015 01:15	17	18	16	15	23	89	5	80
11/09/2015 01:20	15	15	17	16	24	87	5	80
11/09/2015 01:25	11	17	14	10	21	73	5	80
11/09/2015 01:30	18	14	9	8	19	68	5	80
11/09/2015 01:35	11	18	10	19	26	84	5	80
11/09/2015 01:40	9	16	11	11	20	67	5	80
11/09/2015 01:45	12	13	15	11	23	74	5	80
11/09/2015 01:50	10	14	11	8	20	63	5	80
11/09/2015 01:55	2	18	10	13	22	65	5	80
11/09/2015 02:00	3	13	9	10	19	54	5	80
11/09/2015 02:05	9	17	12	17	23	78	5	80
11/09/2015 02:10	7	11	14	10	21	63	5	80
11/09/2015 02:15	7	17	6	11	21	62	5	80
11/09/2015 02:20	6	16	11	14	22	69	5	80
11/09/2015 02:25	6	9	7	13	21	56	5	80
11/09/2015 02:30	6	15	12	7	19	59	5	80
11/09/2015 02:35	3	4	8	9	19	43	5	80
11/09/2015 02:40	5	9	6	9	20	49	5	80
11/09/2015 02:45	5	14	7	17	23	66	5	80
11/09/2015 02:50	6	11	12	9	21	59	5	80
11/09/2015 02:55	6	16	13	13	22	70	5	80
11/09/2015 03:00	5	16	11	19	26	77	5	80
11/09/2015 03:05	7	18	19	11	23	78	5	80
11/09/2015 03:10	9	14	13	17	25	78	5	80
11/09/2015 03:15	8	14	13	8	20	63	5	80
11/09/2015 03:20	8	16	14	11	21	70	5	80
11/09/2015 03:25	6	14	13	9	20	62	5	80
11/09/2015 03:30	7	16	12	14	22	71	5	80
11/09/2015 03:35	12	18	18	17	25	90	5	80
11/09/2015 03:40	14	19	20	16	26	95	5	80
11/09/2015 03:45	12	20	9	18	25	84	5	80
11/09/2015 03:50	11	17	14	10	21	73	5	80
11/09/2015 03:55	10	17	14	10	21	72	5	80
11/09/2015 04:00	9	16	17	14	23	79	5	80
11/09/2015 04:05	11	24	25	20	31	111	5	80
11/09/2015 04:10	12	32	16	18	25	103	5	80
11/09/2015 04:15	22	31	30	28	34	145	5	80
11/09/2015 04:20	15	28	28	25	30	126	5	80
11/09/2015 04:25	32	41	32	21	33	159	5	80
11/09/2015 04:30	34	44	38	26	35	177	5	80
11/09/2015 04:35	31	36	31	27	32	157	5	80
11/09/2015 04:40	43	46	37	36	1	163	5	80
11/09/2015 04:45	39	47	35	31	35	187	5	80
11/09/2015 04:50	39	49	34	38	3	163	5	80
11/09/2015 04:55	44	50	37	38	3	172	5	80
11/09/2015 05:00	46	52	36	28	35	197	5	80
11/09/2015 05:05	56	58	42	39	3	198	5	80
11/09/2015 05:10	71	60	57	46	8	242	5	80
11/09/2015 05:15	77	77	54	58	12	278	5	80
11/09/2015 05:20	78	88	64	52	8	290	5	80
11/09/2015 05:25	118	97	71	63	16	365	5	80
11/09/2015 05:30	110	108	76	80	19	393	5	80
11/09/2015 05:35	119	97	86	72	16	390	5	80
11/09/2015 05:40	144	131	94	90	25	484	5	80
11/09/2015 05:45	145	119	84	81	23	452	5	80
11/09/2015 05:50	165	135	80	90	23	493	5	80
11/09/2015 05:55	147	128	94	83	21	473	5	80
11/09/2015 06:00	183	149	104	81	22	539	5	80
11/09/2015 06:05	182	146	112	92	31	563	5	80
11/09/2015 06:10	206	168	103	94	27	598	5	80
11/09/2015 06:15	195	164	130	123	43	655	5	80
11/09/2015 06:20	198	170	132	111	38	649	5	80
11/09/2015 06:25	190	160	133	120	42	645	5	80
11/09/2015 06:30	165	139	105	108	35	552	5	80
11/09/2015 06:35	180	143	111	113	38	585	5	80
11/09/2015 06:40	184	164	114	126	46	634	5	80
11/09/2015 06:45	174	138	102	125	43	582	5	80
11/09/2015 06:50	151	137	99	122	40	549	5	80
11/09/2015 06:55	156	141	111	124	43	575	5	80
11/09/2015 07:00	171	155	123	127	43	619	5	80
11/09/2015 07:05	166	142	117	134	50	609	5	80
11/09/2015 07:10	176	169	151	144	56	696	5	80
11/09/2015 07:15	211	167	167	156	63	764	5	80
11/09/2015 07:20	179	160	159	159	62	719	5	80
11/09/2015 07:25	151	153	137	148	57	646	5	80
11/09/2015 07:30	189	154	147	159	61	710	5	80
11/09/2015 07:35	171	165	152	149	61	698	5	80
11/09/2015 07:40	175	154	126	137	51	643	5	80
11/09/2015 07:45	148	141	119	128	52	588	5	80
11/09/2015 07:50	179	151	111	140	57	638	5	80
11/09/2015 07:55	203	149	137	126	47	662	5	80
11/09/2015 08:00	157	133	126	143	51	610	5	80
11/09/2015 08:05	181	156	128	139	49	653	5	80
11/09/2015 08:10	173	159	148	142	53	675	5	80
11/09/2015 08:15	179	149	114	154	56	652	5	80
11/09/2015 08:20	169	147	138	137	53	644	5	80
11/09/2015 08:25	163	142	133	148	56	642	5	80
11/09/2015 08:30	169	153	129	146	56	653	5	80
11/09/2015 08:35	187	170	131	126	50	664	5	80
11/09/2015 08:40	179	162	117	134	47	639	5	80
11/09/2015 08:45	171	145	129	133	49	627	5	80
11/09/2015 08:50	168	160	134	145	56	663	5	80
11/09/2015 08:55	174	149	112	139	49	623	5	80
11/09/2015 09:00	168	142	125	119	43	597	5	80
11/09/2015 09:05	138	139	99	115	41	532	5	80
11/09/2015 09:10	146	120	108	125	43	542	5	80
11/09/2015 09:15	152	131	105	102	30	520	5	80
11/09/2015 09:20	147	128	121	115	40	551	5	80
11/09/2015 09:25	152	122	97	110	38	519	5	80
11/09/2015 09:30	158	130	106	96	33	523	5	80
11/09/2015 09:35	148	129	102	107	33	519	5	80
11/09/2015 09:40	152	128	105	110	37	532	5	80
11/09/2015 09:45	160	138	105	105	37	545	5	80
11/09/2015 09:50	151	121	103	102	31	508	5	80
11/09/2015 09:55	132	114	96	98	30	470	5	80
11/09/2015 10:00	149	127	88	97	30	491	5	80
11/09/2015 10:05	132	118	97	95	29	471	5	80
11/09/2015 10:10	135	120	101	91	30	477	5	80
11/09/2015 10:15	142	129	104	101	29	505	5	80
11/09/2015 10:20	132	135	96	107	36	506	5	80
11/09/2015 10:25	163	137	111	123	43	577	5	80
11/09/2015 10:30	143	124	103	106	34	510	5	80
11/09/2015 10:35	151	141	112	113	36	553	5	80
11/09/2015 10:40	150	136	106	106	36	534	5	80
11/09/2015 10:45	157	130	104	107	33	531	5	80
11/09/2015 10:50	121	112	97	100	33	463	5	80
11/09/2015 10:55	104	115	87	104	36	446	5	80
11/09/2015 11:00	136	120	96	110	35	497	5	80
11/09/2015 11:05	144	130	105	99	34	512	5	80
11/09/2015 11:10	128	146	103	110	35	522	5	80
11/09/2015 11:15	129	120	91	104	35	479	5	80
11/09/2015 11:20	152	112	111	102	34	511	5	80
11/09/2015 11:25	143	124	100	89	26	482	5	80
11/09/2015 11:30	130	121	101	97	31	480	5	80
11/09/2015 11:35	148	138	100	113	40	539	5	80
11/09/2015 11:40	148	122	99	96	32	497	5	80
11/09/2015 11:45	142	135	105	117	41	540	5	80
11/09/2015 11:50	152	126	101	107	38	524	5	80
11/09/2015 11:55	145	128	103	107	38	521	5	80
11/09/2015 12:00	170	147	130	127	46	620	5	80
11/09/2015 12:05	171	150	122	122	44	609	5	80
11/09/2015 12:10	180	144	125	124	46	619	5	80
11/09/2015 12:15	186	159	119	128	49	641	5	80
11/09/2015 12:20	148	138	112	121	43	562	5	80
11/09/2015 12:25	163	152	117	104	35	571	5	80
11/09/2015 12:30	149	136	124	128	46	583	5	80
11/09/2015 12:35	190	144	120	125	50	629	5	80
11/09/2015 12:40	159	131	103	104	34	531	5	80
11/09/2015 12:45	172	151	117	129	48	617	5	80
11/09/2015 12:50	166	148	113	130	48	605	5	80
11/09/2015 12:55	165	127	114	101	36	543	5	80
11/09/2015 13:00	156	131	126	116	40	569	5	80
11/09/2015 13:05	186	152	124	126	44	632	5	80
11/09/2015 13:10	160	141	126	99	37	563	5	80
11/09/2015 13:15	174	153	118	122	44	611	5	80
11/09/2015 13:20	159	138	127	132	47	603	5	80
11/09/2015 13:25	150	132	122	114	44	562	5	80
11/09/2015 13:30	171	139	114	137	50	611	5	80
11/09/2015 13:35	168	150	135	141	55	649	5	80
11/09/2015 13:40	165	162	124	141	50	642	5	80
11/09/2015 13:45	175	143	146	117	44	625	5	80
11/09/2015 13:50	165	154	106	129	49	603	5	80
11/09/2015 13:55	172	149	127	125	47	620	5	80
11/09/2015 14:00	169	156	113	131	47	616	5	80
11/09/2015 14:05	179	148	112	141	54	634	5	80
11/09/2015 14:10	184	161	129	132	47	653	5	80
11/09/2015 14:15	171	148	126	130	48	623	5	80
11/09/2015 14:20	186	161	144	150	56	697	5	80
11/09/2015 14:25	179	174	137	136	53	679	5	80
11/09/2015 14:30	186	159	130	141	53	669	5	80
11/09/2015 14:35	178	150	138	161	60	687	5	80
11/09/2015 14:40	173	157	138	145	55	668	5	80
11/09/2015 14:45	175	161	145	152	59	692	5	80
11/09/2015 14:50	167	159	137	144	55	662	5	80
11/09/2015 14:55	156	153	125	135	51	620	5	80
11/09/2015 15:00	175	159	139	141	51	665	5	80
11/09/2015 15:05	181	163	137	137	52	670	5	80
11/09/2015 15:10	187	153	141	139	55	675	5	80
11/09/2015 15:15	180	158	137	140	54	669	5	80
11/09/2015 15:20	161	159	131	153	59	663	5	80
11/09/2015 15:25	164	146	136	146	57	649	5	80
11/09/2015 15:30	154	153	130	153	57	647	5	80
11/09/2015 15:35	163	145	130	153	57	648	5	80
11/09/2015 15:40	154	151	129	141	57	632	5	80
11/09/2015 15:45	159	139	133	147	56	634	5	80
11/09/2015 15:50	148	146	140	142	53	629	5	80
11/09/2015 15:55	148	148	127	137	54	614	5	80
11/09/2015 16:00	159	160	128	135	53	635	5	80
11/09/2015 16:05	170	148	130	139	54	641	5	80
11/09/2015 16:10	162	146	130	134	52	624	5	80
11/09/2015 16:15	160	146	134	149	61	650	5	80
11/09/2015 16:20	159	159	147	152	56	673	5	80
11/09/2015 16:25	155	139	131	137	54	616	5	80
11/09/2015 16:30	149	152	118	156	61	636	5	80
11/09/2015 16:35	174	162	137	151	62	686	5	80
11/09/2015 16:40	152	148	130	149	58	637	5	80
11/09/2015 16:45	132	137	126	133	53	581	5	80
11/09/2015 16:50	150	135	134	130	54	603	5	80
11/09/2015 16:55	157	148	128	144	56	633	5	80
11/09/2015 17:00	154	137	138	147	59	635	5	80
11/09/2015 17:05	149	151	135	149	60	644	5	80
11/09/2015 17:10	140	133	121	128	50	572	5	80
11/09/2015 17:15	153	150	127	146	56	632	5	80
11/09/2015 17:20	164	158	137	144	57	660	5	80
11/09/2015 17:25	125	125	114	114	45	523	5	80
11/09/2015 17:30	148	144	136	145	56	629	5	80
11/09/2015 17:35	142	141	130	135	51	599	5	80
11/09/2015 17:40	163	141	143	152	60	659	5	80
11/09/2015 17:45	145	148	131	139	56	619	5	80
11/09/2015 17:50	135	132	130	128	49	574	5	80
11/09/2015 17:55	160	140	125	138	54	617	5	80
11/09/2015 18:00	137	128	126	119	43	553	5	80
11/09/2015 18:05	152	151	127	147	56	633	5	80
11/09/2015 18:10	161	145	141	147	60	654	5	80
11/09/2015 18:15	158	144	130	135	54	621	5	80
11/09/2015 18:20	169	150	147	154	63	683	5	80
11/09/2015 18:25	157	144	135	144	58	638	5	80
11/09/2015 18:30	157	144	132	143	51	627	5	80
11/09/2015 18:35	169	151	151	134	54	659	5	80
11/09/2015 18:40	161	156	122	139	56	634	5	80
11/09/2015 18:45	143	148	127	122	46	586	5	80
11/09/2015 18:50	139	128	122	134	51	574	5	80
11/09/2015 18:55	168	145	130	122	47	612	5	80
11/09/2015 19:00	154	149	121	122	45	591	5	80
11/09/2015 19:05	157	142	126	123	46	594	5	80
11/09/2015 19:10	150	129	118	123	52	572	5	80
11/09/2015 19:15	157	148	128	123	46	602	5	80
11/09/2015 19:20	153	141	113	110	38	555	5	80
11/09/2015 19:25	169	133	94	109	41	546	5	80
11/09/2015 19:30	143	127	119	102	31	522	5	80
11/09/2015 19:35	119	120	117	104	37	497	5	80
11/09/2015 19:40	131	120	110	108	37	506	5	80
11/09/2015 19:45	147	124	113	97	34	515	5	80
11/09/2015 19:50	138	120	88	102	35	483	5	80
11/09/2015 19:55	143	120	98	91	31	483	5	80
11/09/2015 20:00	118	106	76	85	26	411	5	80
11/09/2015 20:05	138	118	98	89	28	471	5	80
11/09/2015 20:10	132	106	88	89	27	442	5	80
11/09/2015 20:15	118	109	94	83	25	429	5	80
11/09/2015 20:20	129	119	81	87	26	442	5	80
11/09/2015 20:25	117	108	81	75	21	402	5	80
11/09/2015 20:30	95	84	76	65	15	335	5	80
11/09/2015 20:35	92	86	65	73	16	332	5	80
11/09/2015 20:40	87	90	65	53	10	305	5	80
11/09/2015 20:45	87	92	69	65	18	331	5	80
11/09/2015 20:50	84	86	62	70	20	322	5	80
11/09/2015 20:55	91	71	78	65	13	318	5	80
11/09/2015 21:00	89	82	63	67	18	319	5	80
11/09/2015 21:05	89	74	63	59	10	295	5	80
11/09/2015 21:10	87	78	63	69	18	315	5	80
11/09/2015 21:15	68	86	71	72	17	314	5	80
11/09/2015 21:20	90	78	60	57	11	296	5	80
11/09/2015 21:25	76	69	63	51	8	267	5	80
11/09/2015 21:30	75	81	56	45	8	265	5	80
11/09/2015 21:35	90	71	56	52	11	280	5	80
11/09/2015 21:40	70	82	42	58	13	265	5	80
11/09/2015 21:45	66	66	48	54	11	245	5	80
11/09/2015 21:50	84	67	58	51	10	270	5	80
11/09/2015 21:55	75	75	56	44	4	254	5	80
11/09/2015 22:00	70	81	66	46	7	270	5	80
11/09/2015 22:05	78	78	52	54	9	271	5	80
11/09/2015 22:10	71	74	47	52	8	252	5	80
11/09/2015 22:15	72	63	58	51	6	250	5	80
11/09/2015 22:20	69	69	48	43	6	235	5	80
11/09/2015 22:25	54	73	48	44	7	226	5	80
11/09/2015 22:30	58	51	45	38	2	194	5	80
11/09/2015 22:35	50	60	49	44	6	209	5	80
11/09/2015 22:40	68	57	52	46	5	228	5	80
11/09/2015 22:45	54	67	49	35	44	249	5	80
11/09/2015 22:50	63	60	38	48	5	214	5	80
11/09/2015 22:55	58	49	50	34	43	234	5	80
11/09/2015 23:00	55	66	41	44	6	212	5	80
11/09/2015 23:05	49	53	45	54	9	210	5	80
11/09/2015 23:10	41	55	27	35	2	160	5	80
11/09/2015 23:15	34	53	33	31	34	185	5	80
11/09/2015 23:20	39	45	31	26	33	174	5	80
11/09/2015 23:25	37	36	33	33	1	140	5	80
11/09/2015 23:30	40	30	32	29	33	164	5	80
11/09/2015 23:35	36	42	31	27	32	168	5	80
11/09/2015 23:40	28	46	29	33	1	137	5	80
11/09/2015 23:45	31	36	30	26	33	156	5	80
11/09/2015 23:50	28	32	44	26	39	169	5	80
11/09/2015 23:55	27	32	32	23	32	146	5	80
11/10/2015 00:00	25	31	24	21	29	130	5	80
11/10/2015 00:05	20	29	23	16	27	115	5	80
11/10/2015 00:10	19	27	23	22	29	120	5	80
11/10/2015 00:15	18	27	20	18	26	109	5	80
11/10/2015 00:20	13	19	16	20	25	93	5	80
11/10/2015 00:25	26	30	31	23	31	141	5	80
11/10/2015 00:30	19	21	19	19	26	104	5	80
11/10/2015 00:35	22	31	18	23	27	121	5	80
11/10/2015 00:40	20	20	15	12	22	89	5	80
11/10/2015 00:45	22	26	27	15	29	119	5	80
11/10/2015 00:50	21	21	15	10	23	90	5	80
11/10/2015 00:55	15	20	23	14	27	99	5	80
11/10/2015 01:00	14	20	23	23	28	108	5	80
11/10/2015 01:05	8	12	12	22	26	80	5	80
11/10/2015 01:10	8	18	13	13	22	74	5	80
11/10/2015 01:15	12	21	17	17	24	91	5	80
11/10/2015 01:20	15	16	23	12	28	94	5	80
11/10/2015 01:25	11	21	13	12	21	78	5	80
11/10/2015 01:30	12	19	19	17	25	92	5	80
11/10/2015 01:35	11	19	18	14	24	86	5	80
11/10/2015 01:40	16	15	17	12	23	83	5	80
11/10/2015 01:45	8	18	18	22	26	92	5	80
11/10/2015 01:50	6	13	15	11	23	68	5	80
11/10/2015 01:55	12	8	7	6	17	50	5	80
11/10/2015 02:00	10	17	16	16	24	83	5	80
11/10/2015 02:05	7	17	12	11	21	68	5	80
11/10/2015 02:10	5	15	13	13	22	68	5	80
11/10/2015 02:15	6	12	17	14	24	73	5	80
11/10/2015 02:20	9	14	13	18	24	78	5	80
11/10/2015 02:25	6	9	17	16	24	72	5	80
11/10/2015 02:30	9	17	19	20	26	91	5	80
11/10/2015 02:35	5	9	12	12	21	59	5	80
11/10/2015 02:40	8	18	14	12	22	74	5	80
11/10/2015 02:45	8	13	13	19	26	79	5	80
11/10/2015 02:50	6	16	19	17	25	83	5	80
11/10/2015 02:55	7	19	21	17	26	90	5	80
11/10/2015 03:00	6	20	23	18	27	94	5	80
11/10/2015 03:05	11	22	19	18	26	96	5	80
11/10/2015 03:10	7	14	24	13	27	85	5	80
11/10/2015 03:15	7	18	12	11	21	69	5	80
11/10/2015 03:20	6	10	16	11	25	68	5	80
11/10/2015 03:25	9	17	18	10	22	76	5	80
11/10/2015 03:30	14	15	15	22	27	93	5	80
11/10/2015 03:35	16	20	21	14	25	96	5	80
11/10/2015 03:40	16	18	16	12	23	85	5	80
11/10/2015 03:45	11	26	15	19	24	95	5	80
11/10/2015 03:50	6	12	14	15	23	70	5	80
11/10/2015 03:55	10	19	15	14	23	81	5	80
11/10/2015 04:00	9	14	14	11	22	70	5	80
11/10/2015 04:05	10	20	18	15	25	88	5	80
11/10/2015 04:10	8	20	21	20	27	96	5	80
11/10/2015 04:15	15	33	24	27	30	129	5	80
11/10/2015 04:20	15	27	25	19	28	114	5	80
11/10/2015 04:25	20	40	34	20	35	149	5	80
11/10/2015 04:30	31	49	30	29	33	172	5	80
11/10/2015 04:35	34	35	37	31	35	172	5	80
11/10/2015 04:40	30	40	33	29	34	166	5	80
11/10/2015 04:45	33	39	35	32	0	139	5	80
11/10/2015 04:50	36	36	39	34	1	146	5	80
11/10/2015 04:55	40	42	32	32	0	146	5	80
11/10/2015 05:00	38	52	39	38	3	170	5	80
11/10/2015 05:05	55	49	40	47	5	196	5	80
11/10/2015 05:10	65	65	48	52	7	237	5	80
11/10/2015 05:15	75	78	57	52	7	269	5	80
11/10/2015 05:20	82	89	66	55	8	300	5	80
11/10/2015 05:25	98	89	69	54	7	317	5	80
11/10/2015 05:30	119	99	73	70	14	375	5	80
11/10/2015 05:35	124	109	83	72	17	405	5	80
11/10/2015 05:40	142	108	77	97	25	449	5	80
11/10/2015 05:45	147	123	88	92	25	475	5	80
11/10/2015 05:50	143	126	87	95	27	478	5	80
11/10/2015 05:55	172	140	77	78	20	487	5	80
11/10/2015 06:00	162	133	101	83	21	500	5	80
11/10/2015 06:05	202	156	106	97	32	593	5	80
11/10/2015 06:10	208	165	118	115	39	645	5	80
11/10/2015 06:15	180	163	117	108	33	601	5	80
11/10/2015 06:20	193	154	124	100	31	602	5	80
11/10/2015 06:25	167	140	124	131	46	608	5	80
11/10/2015 06:30	157	143	117	136	49	602	5	80
11/10/2015 06:35	152	143	113	122	41	571	5	80
11/10/2015 06:40	174	149	122	123	44	612	5	80
11/10/2015 06:45	160	135	107	127	47	576	5	80
11/10/2015 06:50	165	154	117	122	42	600	5	80
11/10/2015 06:55	158	134	107	126	47	572	5	80
11/10/2015 07:00	175	154	115	134	46	624	5	80
11/10/2015 07:05	196	153	126	118	41	634	5	80
11/10/2015 07:10	174	158	144	153	62	691	5	80
11/10/2015 07:15	176	154	143	161	67	701	5	80
11/10/2015 07:20	191	152	157	182	78	760	5	80
11/10/2015 07:25	164	166	142	174	68	714	5	80
11/10/2015 07:30	198	180	149	154	62	743	5	80
11/10/2015 07:35	156	157	140	141	59	653	5	80
11/10/2015 07:40	157	163	150	155	61	686	5	80
11/10/2015 07:45	177	155	142	162	61	697	5	80
11/10/2015 07:50	189	162	156	162	60	729	5	80
11/10/2015 07:55	177	157	146	136	55	671	5	80
11/10/2015 08:00	172	164	120	148	52	656	5	80
11/10/2015 08:05	174	158	135	137	49	653	5	80
11/10/2015 08:10	172	155	121	135	49	632	5	80
11/10/2015 08:15	161	145	118	146	53	623	5	80
11/10/2015 08:20	156	141	124	141	51	613	5	80
11/10/2015 08:25	164	148	115	123	45	595	5	80
11/10/2015 08:30	173	151	138	132	49	643	5	80
11/10/2015 08:35	141	128	119	117	41	546	5	80
11/10/2015 08:40	135	142	135	119	44	575	5	80
11/10/2015 08:45	167	145	138	128	48	626	5	80
11/10/2015 08:50	177	167	130	145	54	673	5	80
11/10/2015 08:55	175	148	118	119	43	603	5	80
11/10/2015 09:00	172	145	110	145	50	622	5	80
11/10/2015 09:05	164	145	115	127	48	599	5	80
11/10/2015 09:10	145	143	113	127	45	573	5	80
11/10/2015 09:15	160	141	106	114	37	558	5	80
11/10/2015 09:20	167	132	111	119	41	570	5	80
11/10/2015 09:25	175	141	101	119	43	579	5	80
11/10/2015 09:30	156	143	104	118	41	562	5	80
11/10/2015 09:35	151	142	107	105	37	542	5	80
11/10/2015 09:40	159	124	114	103	34	534	5	80
11/10/2015 09:45	152	140	99	99	30	520	5	80
11/10/2015 09:50	145	123	112	102	33	515	5	80
11/10/2015 09:55	142	121	101	106	36	506	5	80
11/10/2015 10:00	139	127	99	99	29	493	5	80
11/10/2015 10:05	136	125	91	101	33	486	5	80
11/10/2015 10:10	132	111	99	95	28	465	5	80
11/10/2015 10:15	147	124	126	114	39	550	5	80
11/10/2015 10:20	165	153	101	120	40	579	5	80
11/10/2015 10:25	138	124	101	114	36	513	5	80
11/10/2015 10:30	142	132	108	108	33	523	5	80
11/10/2015 10:35	148	125	94	100	33	500	5	80
11/10/2015 10:40	145	126	114	117	40	542	5	80
11/10/2015 10:45	143	129	110	122	40	544	5	80
11/10/2015 10:50	139	126	101	105	36	507	5	80
11/10/2015 10:55	140	125	111	109	41	526	5	80
11/10/2015 11:00	141	127	108	110	37	523	5	80
11/10/2015 11:05	155	120	103	105	35	518	5	80
11/10/2015 11:10	129	113	111	97	30	480	5	80
11/10/2015 11:15	142	136	96	105	36	515	5	80
11/10/2015 11:20	159	142	102	106	36	545	5	80
11/10/2015 11:25	174	146	107	123	40	590	5	80
11/10/2015 11:30	157	139	110	117	39	562	5	80
11/10/2015 11:35	152	156	109	117	40	574	5	80
11/10/2015 11:40	158	133	104	127	41	563	5	80
11/10/2015 11:45	154	137	112	118	42	563	5	80
11/10/2015 11:50	155	147	116	109	38	565	5	80
11/10/2015 11:55	148	124	106	119	40	537	5	80
11/10/2015 12:00	146	140	119	115	44	564	5	80
11/10/2015 12:05	163	152	108	137	53	613	5	80
11/10/2015 12:10	132	136	110	122	43	543	5	80
11/10/2015 12:15	165	146	117	128	48	604	5	80
11/10/2015 12:20	97	118	73	79	33	400	5	80
11/10/2015 12:25	148	128	130	114	39	559	5	80
11/10/2015 12:30	140	142	120	126	50	578	5	80
11/10/2015 12:35	167	148	114	128	44	601	5	80
11/10/2015 12:40	153	137	117	112	41	560	5	80
11/10/2015 12:45	166	146	115	120	41	588	5	80
11/10/2015 12:50	173	132	120	127	48	600	5	80
11/10/2015 12:55	163	130	130	140	55	618	5	80
11/10/2015 13:00	167	142	108	128	44	589	5	80
11/10/2015 13:05	165	141	108	124	45	583	5	80
11/10/2015 13:10	170	149	118	118	41	596	5	80
11/10/2015 13:15	168	137	119	123	43	590	5	80
11/10/2015 13:20	173	133	135	128	47	616	5	80
11/10/2015 13:25	161	144	110	137	49	601	5	80
11/10/2015 13:30	172	147	135	118	41	613	5	80
11/10/2015 13:35	166	149	117	132	51	615	5	80
11/10/2015 13:40	176	158	135	128	48	645	5	80
11/10/2015 13:45	195	157	117	132	46	647	5	80
11/10/2015 13:50	173	153	130	122	44	622	5	80
11/10/2015 13:55	193	143	128	142	51	657	5	80
11/10/2015 14:00	174	153	117	127	45	616	5	80
11/10/2015 14:05	185	160	121	135	46	647	5	80
11/10/2015 14:10	179	158	124	123	46	630	5	80
11/10/2015 14:15	184	160	137	138	51	670	5	80
11/10/2015 14:20	177	161	133	123	46	640	5	80
11/10/2015 14:25	211	160	160	154	59	744	5	80
11/10/2015 14:30	162	158	140	135	51	646	5	80
11/10/2015 14:35	177	161	149	141	52	680	5	80
11/10/2015 14:40	183	167	134	153	56	693	5	80
11/10/2015 14:45	170	154	149	146	58	677	5	80
11/10/2015 14:50	167	149	142	147	59	664	5	80
11/10/2015 14:55	158	144	130	143	57	632	5	80
11/10/2015 15:00	159	146	134	147	58	644	5	80
11/10/2015 15:05	131	134	121	138	53	577	5	80
11/10/2015 15:10	171	146	138	156	61	672	5	80
11/10/2015 15:15	152	148	119	139	55	613	5	80
11/10/2015 15:20	106	111	108	111	43	479	5	80
11/10/2015 15:25	150	149	140	140	54	633	5	80
11/10/2015 15:30	120	123	125	126	49	543	5	80
11/10/2015 15:35	131	142	128	139	55	595	5	80
11/10/2015 15:40	146	156	139	156	60	657	5	80
11/10/2015 15:45	109	118	116	113	45	501	5	80
11/10/2015 15:50	134	127	130	135	56	582	5	80
11/10/2015 15:55	123	134	121	118	43	539	5	80
11/10/2015 16:00	130	134	125	118	48	555	5	80
11/10/2015 16:05	152	142	135	142	53	624	5	80
11/10/2015 16:10	143	146	138	146	60	633	5	80
11/10/2015 16:15	143	149	125	144	57	618	5	80
11/10/2015 16:20	141	132	126	124	47	570	5	80
11/10/2015 16:25	121	135	127	121	49	553	5	80
11/10/2015 16:30	138	136	134	140	51	599	5	80
11/10/2015 16:35	143	138	138	127	47	593	5	80
11/10/2015 16:40	141	126	121	121	49	558	5	80
11/10/2015 16:45	139	145	128	128	46	586	5	80
11/10/2015 16:50	139	144	153	146	62	644	5	80
11/10/2015 16:55	139	140	129	120	46	574	5	80
11/10/2015 17:00	134	134	125	116	42	551	5	80
11/10/2015 17:05	150	134	140	131	51	606	5	80
11/10/2015 17:10	145	145	128	134	53	605	5	80
11/10/2015 17:15	130	125	125	124	45	549	5	80
11/10/2015 17:20	144	149	135	131	52	611	5	80
11/10/2015 17:25	150	142	127	122	48	589	5	80
11/10/2015 17:30	126	117	119	119	41	522	5	80
11/10/2015 17:35	139	134	121	122	49	565	5	80
11/10/2015 17:40	157	147	129	132	51	616	5	80
11/10/2015 17:45	132	138	138	133	51	592	5	80
11/10/2015 17:50	158	147	139	150	62	656	5	80
11/10/2015 17:55	143	138	133	136	53	603	5	80
11/10/2015 18:00	144	139	135	145	58	621	5	80
11/10/2015 18:05	162	143	133	145	59	642	5	80
11/10/2015 18:10	166	152	141	146	58	663	5	80
11/10/2015 18:15	160	141	133	153	57	644	5	80
11/10/2015 18:20	160	148	141	151	63	663	5	80
11/10/2015 18:25	157	143	135	125	47	607	5	80
11/10/2015 18:30	142	151	134	145	55	627	5	80
11/10/2015 18:35	164	151	133	131	51	630	5	80
11/10/2015 18:40	166	148	123	146	54	637	5	80
11/10/2015 18:45	163	143	132	135	54	627	5	80
11/10/2015 18:50	156	142	142	139	57	636	5	80
11/10/2015 18:55	153	153	122	135	51	614	5	80
11/10/2015 19:00	154	137	125	118	44	578	5	80
11/10/2015 19:05	157	142	131	135	51	616	5	80
11/10/2015 19:10	166	147	143	141	58	655	5	80
11/10/2015 19:15	170	149	135	128	50	632	5	80
11/10/2015 19:20	159	138	130	119	48	594	5	80
11/10/2015 19:25	164	159	131	111	37	602	5	80
11/10/2015 19:30	165	148	115	135	51	614	5	80
11/10/2015 19:35	155	139	123	111	39	567	5	80
11/10/2015 19:40	152	136	116	116	48	568	5	80
11/10/2015 19:45	150	146	119	123	47	585	5	80
11/10/2015 19:50	170	135	129	122	49	605	5	80
11/10/2015 19:55	148	155	123	110	41	577	5	80
11/10/2015 20:00	156	146	114	123	41	580	5	80
11/10/2015 20:05	142	121	118	105	39	525	5	80
11/10/2015 20:10	151	137	112	118	41	559	5	80
11/10/2015 20:15	161	150	123	118	44	596	5	80
11/10/2015 20:20	168	134	101	114	43	560	5	80
11/10/2015 20:25	163	148	113	102	36	562	5	80
11/10/2015 20:30	166	130	118	91	32	537	5	80
11/10/2015 20:35	158	126	105	101	37	527	5	80
11/10/2015 20:40	152	124	104	97	33	510	5	80
11/10/2015 20:45	148	134	97	113	39	531	5	80
11/10/2015 20:50	129	114	93	84	23	443	5	80
11/10/2015 20:55	103	103	88	82	26	402	5	80
11/10/2015 21:00	123	108	89	66	17	403	5	80
11/10/2015 21:05	111	101	70	89	23	394	5	80
11/10/2015 21:10	117	94	75	68	18	372	5	80
11/10/2015 21:15	101	96	68	85	23	373	5	80
11/10/2015 21:20	104	86	71	70	17	348	5	80
11/10/2015 21:25	111	107	86	80	23	407	5	80
11/10/2015 21:30	115	97	71	78	21	382	5	80
11/10/2015 21:35	84	89	68	67	15	323	5	80
11/10/2015 21:40	87	83	66	59	13	308	5	80
11/10/2015 21:45	86	84	72	62	17	321	5	80
11/10/2015 21:50	91	77	68	63	13	312	5	80
11/10/2015 21:55	74	76	54	57	13	274	5	80
11/10/2015 22:00	99	96	59	76	16	346	5	80
11/10/2015 22:05	82	74	54	53	11	274	5	80
11/10/2015 22:10	87	85	70	67	17	326	5	80
11/10/2015 22:15	77	78	71	57	12	295	5	80
11/10/2015 22:20	81	68	63	49	8	269	5	80
11/10/2015 22:25	69	71	46	58	12	256	5	80
11/10/2015 22:30	52	65	42	51	8	218	5	80
11/10/2015 22:35	81	78	59	54	11	283	5	80
11/10/2015 22:40	86	77	68	59	10	300	5	80
11/10/2015 22:45	70	65	60	46	8	249	5	80
11/10/2015 22:50	62	58	47	53	9	229	5	80
11/10/2015 22:55	72	76	54	44	7	253	5	80
11/10/2015 23:00	59	62	44	47	7	219	5	80
11/10/2015 23:05	51	57	56	61	12	237	5	80
11/10/2015 23:10	50	57	44	54	8	213	5	80
11/10/2015 23:15	46	49	40	32	1	168	5	80
11/10/2015 23:20	53	48	43	40	3	187	5	80
11/10/2015 23:25	48	43	36	30	36	193	5	80
11/10/2015 23:30	42	38	31	35	36	182	5	80
11/10/2015 23:35	45	48	46	41	5	185	5	80
11/10/2015 23:40	33	45	28	35	35	176	5	80
11/10/2015 23:45	35	46	30	37	3	151	5	80
11/10/2015 23:50	36	41	28	49	5	159	5	80
11/10/2015 23:55	23	27	26	27	31	134	5	80
11/11/2015 00:00	31	29	26	25	31	142	5	80
11/11/2015 00:05	33	36	27	27	31	154	5	80
11/11/2015 00:10	30	34	35	21	32	152	5	80
11/11/2015 00:15	33	36	26	23	31	149	5	80
11/11/2015 00:20	19	34	27	24	30	134	5	80
11/11/2015 00:25	25	26	28	19	31	129	5	80
11/11/2015 00:30	23	37	27	21	29	137	5	80
11/11/2015 00:35	23	33	26	24	30	136	5	80
11/11/2015 00:40	21	32	25	27	30	135	5	80
11/11/2015 00:45	12	22	26	18	30	108	5	80
11/11/2015 00:50	20	23	17	16	24	100	5	80
11/11/2015 00:55	23	22	20	20	26	111	5	80
11/11/2015 01:00	15	32	10	18	25	100	5	80
11/11/2015 01:05	13	30	20	17	26	106	5	80
11/11/2015 01:10	17	26	17	16	24	100	5	80
11/11/2015 01:15	14	14	17	21	26	92	5	80
11/11/2015 01:20	10	20	10	0	19	59	5	80
11/11/2015 01:25	10	10	5	10	20	55	5	80
11/11/2015 01:30	5	15	11	8	20	59	5	0
11/11/2015 01:35	20	40	30	10	31	131	5	80
11/11/2015 01:40	20	10	20	0	25	75	5	80
11/11/2015 01:45	8	17	13	10	22	70	5	0
11/11/2015 01:50	8	17	13	10	22	70	5	0
11/11/2015 01:55	6	16	9	6	19	56	5	0
11/11/2015 02:00	9	18	11	8	20	66	5	0
11/11/2015 02:05	4	14	9	6	18	51	5	0
11/11/2015 02:10	14	22	17	14	25	92	5	0
11/11/2015 02:15	14	22	17	14	25	92	5	0
11/11/2015 02:20	13	22	14	11	23	83	5	0
11/11/2015 02:25	11	19	14	11	22	77	5	0
11/11/2015 02:30	10	20	14	11	22	77	5	0
11/11/2015 02:35	17	27	19	16	26	105	5	0
11/11/2015 02:40	13	22	14	11	23	83	5	0
11/11/2015 02:45	18	26	21	18	29	112	5	0
11/11/2015 02:50	10	19	15	12	23	79	5	0
11/11/2015 02:55	13	22	15	12	23	85	5	0
11/11/2015 03:00	18	28	22	19	29	116	5	0
11/11/2015 03:05	13	22	14	11	23	83	5	0
11/11/2015 03:10	13	22	17	14	25	91	5	0
11/11/2015 03:15	12	20	15	12	23	82	5	0
11/11/2015 03:20	13	22	14	11	23	83	5	0
11/11/2015 03:25	13	22	16	13	23	87	5	0
11/11/2015 03:30	11	19	14	11	22	77	5	0
11/11/2015 03:35	15	23	18	15	25	96	5	0
11/11/2015 03:40	15	23	18	15	25	96	5	0
11/11/2015 03:45	14	23	18	15	25	95	5	0
11/11/2015 03:50	16	24	19	16	26	101	5	0
11/11/2015 03:55	9	18	14	11	22	74	5	0
11/11/2015 04:00	11	19	12	9	21	72	5	0
11/11/2015 04:05	20	27	19	16	26	108	5	0
11/11/2015 04:10	16	24	19	16	26	101	5	0
11/11/2015 04:15	26	32	22	20	29	129	5	0
11/11/2015 04:20	14	22	17	14	25	92	5	0
11/11/2015 04:25	23	30	24	21	30	128	5	0
11/11/2015 04:30	18	26	21	18	27	110	5	0
11/11/2015 04:35	27	33	23	21	30	134	5	0
11/11/2015 04:40	38	42	34	31	37	182	5	0
11/11/2015 04:45	33	38	31	28	35	165	5	0
11/11/2015 04:50	31	36	26	24	32	149	5	0
11/11/2015 04:55	27	33	26	24	32	142	5	0
11/11/2015 05:00	39	43	35	32	38	187	5	0
11/11/2015 05:05	42	45	36	34	39	196	5	0
11/11/2015 05:10	43	46	37	34	40	200	5	0
11/11/2015 05:15	57	57	47	44	47	252	5	0
11/11/2015 05:20	53	54	44	41	45	237	5	0
11/11/2015 05:25	70	67	56	53	54	300	5	0
11/11/2015 05:30	67	65	52	49	50	283	5	0
11/11/2015 05:35	80	75	62	59	59	335	5	0
11/11/2015 05:40	86	80	67	63	62	358	5	0
11/11/2015 05:45	79	74	62	58	58	331	5	0
11/11/2015 05:50	103	94	78	75	71	421	5	0
11/11/2015 05:55	89	82	68	65	64	368	5	0
11/11/2015 06:00	108	98	82	78	74	440	5	0
11/11/2015 06:05	113	102	85	82	20	402	5	0
11/11/2015 06:10	116	104	87	83	23	413	5	0
11/11/2015 06:15	105	95	79	76	72	427	5	0
11/11/2015 06:20	112	101	84	81	23	401	5	0
11/11/2015 06:25	107	97	81	78	20	383	5	0
11/11/2015 06:30	117	105	87	84	19	412	5	0
11/11/2015 06:35	103	94	78	74	26	375	5	0
11/11/2015 06:40	122	109	90	87	24	432	5	0
11/11/2015 06:45	113	102	85	82	27	409	5	0
11/11/2015 06:50	113	102	85	81	30	411	5	0
11/11/2015 06:55	112	101	84	81	23	401	5	0
11/11/2015 07:00	87	81	67	64	63	362	5	0
11/11/2015 07:05	105	95	79	76	22	377	5	0
11/11/2015 07:10	100	91	76	73	21	361	5	0
11/11/2015 07:15	105	95	79	76	20	375	5	0
11/11/2015 07:20	115	103	86	82	24	410	5	0
11/11/2015 07:25	106	96	80	77	26	385	5	0
11/11/2015 07:30	155	110	110	90	31	496	5	80
11/11/2015 07:35	158	143	101	123	47	572	5	80
11/11/2015 07:40	161	147	118	129	50	605	5	80
11/11/2015 07:45	160	144	102	117	41	564	5	80
11/11/2015 07:50	151	134	114	110	36	545	5	80
11/11/2015 07:55	121	121	97	95	27	461	5	80
11/11/2015 08:00	131	116	85	88	30	450	5	80
11/11/2015 08:05	158	129	99	99	29	514	5	80
11/11/2015 08:10	164	129	101	122	40	556	5	80
11/11/2015 08:15	134	135	103	109	34	515	5	80
11/11/2015 08:20	149	126	102	108	35	520	5	80
11/11/2015 08:25	165	121	109	107	35	537	5	80
11/11/2015 08:30	178	133	114	116	45	586	5	80
11/11/2015 08:35	154	152	93	116	41	556	5	80
11/11/2015 08:40	156	128	95	108	36	523	5	80
11/11/2015 08:45	147	133	98	115	38	531	5	80
11/11/2015 08:50	127	116	97	104	36	480	5	80
11/11/2015 08:55	134	119	99	108	33	493	5	80
11/11/2015 09:00	125	117	94	103	32	471	5	80
11/11/2015 09:05	132	113	92	100	30	467	5	80
11/11/2015 09:10	132	116	97	101	32	478	5	80
11/11/2015 09:15	144	134	99	104	35	516	5	80
11/11/2015 09:20	165	145	110	99	30	549	5	80
11/11/2015 09:25	146	130	100	86	28	490	5	80
11/11/2015 09:30	150	131	97	100	31	509	5	80
11/11/2015 09:35	139	143	82	109	35	508	5	80
11/11/2015 09:40	154	134	98	107	38	531	5	80
11/11/2015 09:45	157	135	104	108	35	539	5	80
11/11/2015 09:50	147	125	110	101	32	515	5	80
11/11/2015 09:55	132	125	110	102	31	500	5	80
11/11/2015 10:00	139	118	94	100	26	477	5	80
11/11/2015 10:05	144	126	102	106	33	511	5	80
11/11/2015 10:10	161	142	102	106	33	544	5	80
11/11/2015 10:15	128	125	93	91	28	465	5	80
11/11/2015 10:20	143	140	97	120	40	540	5	80
11/11/2015 10:25	147	135	118	109	34	543	5	80
11/11/2015 10:30	127	109	89	109	38	472	5	80
11/11/2015 10:35	166	147	118	112	36	579	5	80
11/11/2015 10:40	150	142	104	112	38	546	5	80
11/11/2015 10:45	145	146	105	114	43	553	5	80
11/11/2015 10:50	151	139	114	109	38	551	5	80
11/11/2015 10:55	169	144	108	118	41	580	5	80
11/11/2015 11:00	162	135	103	109	35	544	5	80
11/11/2015 11:05	155	127	108	102	32	524	5	80
11/11/2015 11:10	153	115	117	109	38	532	5	80
11/11/2015 11:15	166	142	110	105	36	559	5	80
11/11/2015 11:20	181	148	126	120	43	618	5	80
11/11/2015 11:25	158	127	99	117	40	541	5	80
11/11/2015 11:30	180	149	123	112	39	603	5	80
11/11/2015 11:35	153	140	106	110	38	547	5	80
11/11/2015 11:40	154	134	114	118	43	563	5	80
11/11/2015 11:45	172	141	121	131	48	613	5	80
11/11/2015 11:50	146	133	111	106	33	529	5	80
11/11/2015 11:55	163	142	123	116	42	586	5	80
11/11/2015 12:00	161	134	114	124	47	580	5	80
11/11/2015 12:05	151	122	122	111	37	543	5	80
11/11/2015 12:10	171	135	114	118	39	577	5	80
11/11/2015 12:15	152	146	113	106	33	550	5	80
11/11/2015 12:20	155	137	104	125	44	565	5	80
11/11/2015 12:25	164	137	111	108	38	558	5	80
11/11/2015 12:30	142	135	108	114	43	542	5	80
11/11/2015 12:35	142	136	100	111	41	530	5	80
11/11/2015 12:40	163	153	114	114	39	583	5	80
11/11/2015 12:45	138	124	104	83	27	476	5	80
11/11/2015 12:50	165	141	108	116	43	573	5	80
11/11/2015 12:55	154	138	100	119	41	552	5	80
11/11/2015 13:00	144	132	107	120	44	547	5	80
11/11/2015 13:05	159	151	112	130	46	598	5	80
11/11/2015 13:10	163	136	113	125	46	583	5	80
11/11/2015 13:15	164	140	116	117	45	582	5	80
11/11/2015 13:20	160	139	108	119	43	569	5	80
11/11/2015 13:25	180	162	131	128	46	647	5	80
11/11/2015 13:30	171	138	127	126	45	607	5	80
11/11/2015 13:35	167	149	131	121	47	615	5	80
11/11/2015 13:40	165	143	126	118	41	593	5	80
11/11/2015 13:45	181	154	118	124	46	623	5	80
11/11/2015 13:50	175	158	123	125	46	627	5	80
11/11/2015 13:55	183	150	117	123	44	617	5	80
11/11/2015 14:00	149	138	127	113	40	567	5	80
11/11/2015 14:05	181	156	135	126	43	641	5	80
11/11/2015 14:10	155	141	133	128	47	604	5	80
11/11/2015 14:15	176	158	129	129	52	644	5	80
11/11/2015 14:20	179	154	136	135	49	653	5	80
11/11/2015 14:25	154	157	118	136	52	617	5	80
11/11/2015 14:30	185	156	144	130	49	664	5	80
11/11/2015 14:35	170	152	130	128	49	629	5	80
11/11/2015 14:40	178	163	151	151	61	704	5	80
11/11/2015 14:45	171	150	145	136	54	656	5	80
11/11/2015 14:50	172	147	148	148	60	675	5	80
11/11/2015 14:55	166	155	146	142	53	662	5	80
11/11/2015 15:00	168	151	141	140	55	655	5	80
11/11/2015 15:05	163	144	116	137	56	616	5	80
11/11/2015 15:10	160	160	136	149	58	663	5	80
11/11/2015 15:15	171	160	135	136	53	655	5	80
11/11/2015 15:20	164	156	136	130	52	638	5	80
11/11/2015 15:25	174	166	140	134	52	666	5	80
11/11/2015 15:30	171	165	138	138	52	664	5	80
11/11/2015 15:35	175	162	132	129	53	651	5	80
11/11/2015 15:40	165	160	137	152	59	673	5	80
11/11/2015 15:45	163	153	136	130	51	633	5	80
11/11/2015 15:50	145	147	128	136	51	607	5	80
11/11/2015 15:55	153	144	122	135	51	605	5	80
11/11/2015 16:00	134	138	131	132	51	586	5	80
11/11/2015 16:05	137	141	130	129	50	587	5	80
11/11/2015 16:10	137	136	116	138	55	582	5	80
11/11/2015 16:15	148	146	143	135	52	624	5	80
11/11/2015 16:20	139	138	121	127	53	578	5	80
11/11/2015 16:25	134	140	136	131	51	592	5	80
11/11/2015 16:30	142	151	122	140	56	611	5	80
11/11/2015 16:35	132	142	116	139	57	586	5	80
11/11/2015 16:40	151	151	128	146	59	635	5	80
11/11/2015 16:45	146	140	133	124	47	590	5	80
11/11/2015 16:50	142	156	122	128	51	599	5	80
11/11/2015 16:55	142	150	122	137	55	606	5	80
11/11/2015 17:00	154	160	133	138	55	640	5	80
11/11/2015 17:05	154	143	132	130	56	615	5	80
11/11/2015 17:10	161	158	146	135	55	655	5	80
11/11/2015 17:15	153	150	146	133	57	639	5	80
11/11/2015 17:20	133	137	130	134	53	587	5	80
11/11/2015 17:25	146	134	127	130	51	588	5	80
11/11/2015 17:30	138	138	119	140	53	588	5	80
11/11/2015 17:35	174	151	130	135	54	644	5	80
11/11/2015 17:40	160	148	138	131	51	628	5	80
11/11/2015 17:45	172	145	140	137	53	647	5	80
11/11/2015 17:50	143	140	135	130	52	600	5	80
11/11/2015 17:55	161	151	130	129	46	617	5	80
11/11/2015 18:00	173	137	127	125	47	609	5	80
11/11/2015 18:05	153	141	136	135	51	616	5	80
11/11/2015 18:10	151	145	146	150	57	649	5	80
11/11/2015 18:15	163	161	142	133	50	649	5	80
11/11/2015 18:20	152	154	122	136	52	616	5	80
11/11/2015 18:25	170	139	123	131	50	613	5	80
11/11/2015 18:30	169	154	131	128	50	632	5	80
11/11/2015 18:35	161	139	121	125	48	594	5	80
11/11/2015 18:40	158	142	116	126	47	589	5	80
11/11/2015 18:45	157	136	120	122	47	582	5	80
11/11/2015 18:50	169	130	118	123	46	586	5	80
11/11/2015 18:55	161	134	139	119	45	598	5	80
11/11/2015 19:00	143	123	106	110	39	521	5	80
11/11/2015 19:05	148	143	115	122	44	572	5	80
11/11/2015 19:10	150	118	127	115	44	554	5	80
11/11/2015 19:15	147	138	116	119	42	562	5	80
11/11/2015 19:20	148	116	117	98	30	509	5	80
11/11/2015 19:25	160	138	119	112	39	568	5	80
11/11/2015 19:30	148	115	108	93	31	495	5	80
11/11/2015 19:35	138	118	105	98	32	491	5	80
11/11/2015 19:40	136	126	106	119	41	528	5	80
11/11/2015 19:45	137	121	106	103	35	502	5	80
11/11/2015 19:50	124	123	104	104	36	491	5	80
11/11/2015 19:55	131	131	98	98	33	491	5	80
11/11/2015 20:00	131	101	80	84	26	422	5	80
11/11/2015 20:05	149	121	108	97	31	506	5	80
11/11/2015 20:10	107	96	81	72	22	378	5	80
11/11/2015 20:15	127	120	95	78	23	443	5	80
11/11/2015 20:20	134	112	85	73	21	425	5	80
11/11/2015 20:25	126	109	84	82	23	424	5	80
11/11/2015 20:30	129	109	90	90	30	448	5	80
11/11/2015 20:35	93	76	69	63	15	316	5	80
11/11/2015 20:40	106	101	71	69	19	366	5	80
11/11/2015 20:45	109	110	91	82	24	416	5	80
11/11/2015 20:50	104	83	73	76	18	354	5	80
11/11/2015 20:55	115	89	81	78	18	381	5	80
11/11/2015 21:00	94	89	55	59	14	311	5	80
11/11/2015 21:05	98	79	75	55	12	319	5	80
11/11/2015 21:10	106	99	84	69	19	377	5	80
11/11/2015 21:15	101	87	65	73	18	344	5	80
11/11/2015 21:20	102	92	65	60	13	332	5	80
11/11/2015 21:25	96	93	72	72	19	352	5	80
11/11/2015 21:30	95	73	68	74	19	329	5	80
11/11/2015 21:35	99	77	61	49	9	295	5	80
11/11/2015 21:40	89	82	72	60	11	314	5	80
11/11/2015 21:45	80	93	68	59	11	311	5	80
11/11/2015 21:50	88	84	56	57	11	296	5	80
11/11/2015 21:55	71	81	60	58	11	281	5	80
11/11/2015 22:00	80	77	59	64	14	294	5	80
11/11/2015 22:05	71	81	58	59	13	282	5	80
11/11/2015 22:10	80	72	50	53	11	266	5	80
11/11/2015 22:15	84	69	59	60	13	285	5	80
11/11/2015 22:20	85	73	52	66	13	289	5	80
11/11/2015 22:25	82	82	59	54	10	287	5	80
11/11/2015 22:30	71	65	57	57	10	260	5	80
11/11/2015 22:35	70	66	60	41	3	240	5	80
11/11/2015 22:40	61	55	46	44	4	210	5	80
11/11/2015 22:45	56	55	41	41	5	198	5	80
11/11/2015 22:50	52	61	49	49	8	219	5	80
11/11/2015 22:55	61	58	48	46	6	219	5	80
11/11/2015 23:00	50	56	40	51	6	203	5	80
11/11/2015 23:05	52	46	45	38	3	184	5	80
11/11/2015 23:10	43	49	42	44	5	183	5	80
11/11/2015 23:15	49	49	44	41	3	186	5	80
11/11/2015 23:20	40	38	29	31	33	171	5	80
11/11/2015 23:25	37	51	42	31	39	200	5	80
11/11/2015 23:30	37	33	39	32	0	141	5	80
11/11/2015 23:35	43	56	38	30	37	204	5	80
11/11/2015 23:40	32	38	38	31	38	177	5	80
11/11/2015 23:45	25	36	29	25	31	146	5	80
11/11/2015 23:50	37	40	36	28	35	176	5	80
11/11/2015 23:55	22	34	26	36	2	120	5	80
11/12/2015 00:00	21	37	20	20	26	124	5	80
11/12/2015 00:05	30	39	23	18	28	138	5	80
11/12/2015 00:10	30	34	32	27	32	155	5	80
11/12/2015 00:15	23	35	23	17	29	127	5	80
11/12/2015 00:20	25	31	27	27	31	141	5	80
11/12/2015 00:25	33	35	24	23	30	145	5	80
11/12/2015 00:30	30	34	24	23	29	140	5	80
11/12/2015 00:35	21	23	19	16	25	104	5	80
11/12/2015 00:40	19	31	23	18	27	118	5	80
11/12/2015 00:45	26	34	26	19	28	133	5	80
11/12/2015 00:50	21	33	20	16	26	116	5	80
11/12/2015 00:55	19	33	19	20	26	117	5	80
11/12/2015 01:00	10	20	20	18	26	94	5	80
11/12/2015 01:05	14	22	13	19	24	92	5	80
11/12/2015 01:10	10	21	11	19	25	86	5	80
11/12/2015 01:15	22	28	19	14	25	108	5	80
11/12/2015 01:20	10	25	15	10	23	83	5	80
11/12/2015 01:25	10	18	10	13	22	73	5	80
11/12/2015 01:30	13	17	15	20	25	90	5	80
11/12/2015 01:35	5	15	10	10	22	62	5	80
11/12/2015 01:40	10	30	40	0	27	107	5	80
11/12/2015 01:45	10	10	15	25	26	86	5	80
11/12/2015 01:50	6	16	12	10	21	65	5	0
11/12/2015 01:55	30	30	10	10	21	101	5	80
11/12/2015 02:00	9	18	14	11	22	74	5	0
11/12/2015 02:05	10	19	12	9	21	71	5	0
11/12/2015 02:10	9	18	12	10	21	70	5	0
11/12/2015 02:15	11	19	12	9	21	72	5	0
11/12/2015 02:20	11	19	13	10	22	75	5	0
11/12/2015 02:25	9	13	6	3	17	48	5	0
11/12/2015 02:30	7	17	13	10	22	69	5	0
11/12/2015 02:35	16	26	18	15	25	100	5	0
11/12/2015 02:40	11	20	16	13	23	83	5	0
11/12/2015 02:45	15	23	15	12	23	88	5	0
11/12/2015 02:50	18	26	18	15	25	102	5	0
11/12/2015 02:55	26	33	23	21	30	133	5	0
11/12/2015 03:00	18	26	19	16	27	106	5	0
11/12/2015 03:05	18	25	17	14	25	99	5	0
11/12/2015 03:10	9	18	11	8	20	66	5	0
11/12/2015 03:15	9	15	8	5	18	55	5	0
11/12/2015 03:20	18	25	17	14	25	99	5	0
11/12/2015 03:25	12	21	16	14	24	87	5	0
11/12/2015 03:30	8	17	13	10	22	70	5	0
11/12/2015 03:35	13	22	15	12	23	85	5	0
11/12/2015 03:40	6	16	11	9	20	62	5	0
11/12/2015 03:45	12	20	14	11	22	79	5	0
11/12/2015 03:50	6	16	12	10	21	65	5	0
11/12/2015 03:55	12	20	13	10	22	77	5	0
11/12/2015 04:00	19	26	18	15	25	103	5	0
11/12/2015 04:05	19	26	18	15	25	103	5	0
11/12/2015 04:10	15	23	18	15	25	96	5	0
11/12/2015 04:15	18	25	17	14	25	99	5	0
11/12/2015 04:20	24	30	21	19	28	122	5	0
11/12/2015 04:25	25	31	25	22	30	133	5	0
11/12/2015 04:30	23	30	24	21	30	128	5	0
11/12/2015 04:35	36	40	32	29	36	173	5	0
11/12/2015 04:40	42	45	34	32	38	191	5	0
11/12/2015 04:45	41	44	36	33	39	193	5	0
11/12/2015 04:50	31	36	29	26	34	156	5	0
11/12/2015 04:55	28	34	27	24	32	145	5	0
11/12/2015 05:00	38	42	34	31	37	182	5	0
11/12/2015 05:05	50	52	42	39	44	227	5	0
11/12/2015 05:10	48	49	38	35	41	211	5	0
11/12/2015 05:15	64	63	52	48	51	278	5	0
11/12/2015 05:20	59	59	48	45	48	259	5	0
11/12/2015 05:25	63	62	51	48	50	274	5	0
11/12/2015 05:30	82	77	64	61	60	344	5	0
11/12/2015 05:35	100	91	76	73	18	358	5	0
11/12/2015 05:40	74	70	58	55	56	313	5	0
11/12/2015 05:45	96	88	73	70	67	394	5	0
11/12/2015 05:50	107	97	81	78	73	436	5	0
11/12/2015 05:55	106	96	80	77	16	375	5	0
11/12/2015 06:00	101	92	77	73	70	413	5	0
11/12/2015 06:05	132	117	98	94	24	465	5	0
11/12/2015 06:10	143	126	105	102	28	504	5	0
11/12/2015 06:15	134	119	99	96	28	476	5	0
11/12/2015 06:20	121	108	90	87	28	434	5	0
11/12/2015 06:25	121	108	90	87	32	438	5	0
11/12/2015 06:30	142	125	104	101	34	506	5	0
11/12/2015 06:35	141	124	103	100	43	511	5	0
11/12/2015 06:40	144	127	107	103	42	523	5	0
11/12/2015 06:45	134	119	99	96	34	482	5	0
11/12/2015 06:50	127	113	94	91	33	458	5	0
11/12/2015 06:55	131	116	97	93	36	473	5	0
11/12/2015 07:00	134	118	98	95	36	481	5	0
11/12/2015 07:05	154	135	114	111	46	560	5	0
11/12/2015 07:10	158	138	115	112	45	568	5	0
11/12/2015 07:15	165	143	119	116	55	598	5	0
11/12/2015 07:20	173	151	127	123	54	628	5	0
11/12/2015 07:25	194	166	152	166	65	743	5	80
11/12/2015 07:30	185	171	164	149	58	727	5	80
11/12/2015 07:35	201	180	151	169	69	770	5	80
11/12/2015 07:40	186	164	147	159	62	718	5	80
11/12/2015 07:45	186	155	134	159	63	697	5	80
11/12/2015 07:50	176	169	143	147	59	694	5	80
11/12/2015 07:55	164	153	135	148	57	657	5	80
11/12/2015 08:00	158	136	124	118	42	578	5	80
11/12/2015 08:05	157	130	137	124	44	592	5	80
11/12/2015 08:10	181	153	134	120	41	629	5	80
11/12/2015 08:15	166	147	136	141	53	643	5	80
11/12/2015 08:20	179	145	131	151	57	663	5	80
11/12/2015 08:25	179	145	128	143	56	651	5	80
11/12/2015 08:30	161	133	136	151	59	640	5	80
11/12/2015 08:35	183	162	138	139	51	673	5	80
11/12/2015 08:40	169	151	128	137	51	636	5	80
11/12/2015 08:45	181	153	128	155	61	678	5	80
11/12/2015 08:50	169	140	136	152	60	657	5	80
11/12/2015 08:55	178	157	128	131	51	645	5	80
11/12/2015 09:00	153	143	107	132	46	581	5	80
11/12/2015 09:05	154	146	113	122	39	574	5	80
11/12/2015 09:10	161	136	120	128	47	592	5	80
11/12/2015 09:15	150	146	122	109	36	563	5	80
11/12/2015 09:20	170	157	112	118	39	596	5	80
11/12/2015 09:25	159	137	106	121	38	561	5	80
11/12/2015 09:30	171	137	109	115	40	572	5	80
11/12/2015 09:35	139	120	96	103	32	490	5	80
11/12/2015 09:40	155	131	109	100	34	529	5	80
11/12/2015 09:45	158	130	109	104	34	535	5	80
11/12/2015 09:50	127	123	109	103	32	494	5	80
11/12/2015 09:55	155	126	103	104	34	522	5	80
11/12/2015 10:00	140	128	109	109	39	525	5	80
11/12/2015 10:05	148	130	101	97	30	506	5	80
11/12/2015 10:10	144	123	113	101	34	515	5	80
11/12/2015 10:15	136	127	98	102	34	497	5	80
11/12/2015 10:20	181	150	115	118	38	602	5	80
11/12/2015 10:25	160	139	115	111	39	564	5	80
11/12/2015 10:30	167	132	112	123	42	576	5	80
11/12/2015 10:35	174	128	114	121	41	578	5	80
11/12/2015 10:40	147	149	106	124	43	569	5	80
11/12/2015 10:45	145	137	122	97	29	530	5	80
11/12/2015 10:50	150	133	105	110	35	533	5	80
11/12/2015 10:55	147	135	104	110	41	537	5	80
11/12/2015 11:00	152	150	101	119	40	562	5	80
11/12/2015 11:05	133	125	107	107	35	507	5	80
11/12/2015 11:10	154	127	110	100	29	520	5	80
11/12/2015 11:15	171	148	113	114	36	582	5	80
11/12/2015 11:20	169	138	104	128	47	586	5	80
11/12/2015 11:25	160	127	104	102	34	527	5	80
11/12/2015 11:30	155	140	101	110	39	545	5	80
11/12/2015 11:35	168	137	119	106	34	564	5	80
11/12/2015 11:40	146	129	109	123	40	547	5	80
11/12/2015 11:45	161	150	120	130	47	608	5	80
11/12/2015 11:50	162	144	109	128	44	587	5	80
11/12/2015 11:55	160	123	115	102	33	533	5	80
11/12/2015 12:00	162	144	102	123	41	572	5	80
11/12/2015 12:05	148	151	106	119	46	570	5	80
11/12/2015 12:10	180	140	122	119	47	608	5	80
11/12/2015 12:15	159	150	125	125	44	603	5	80
11/12/2015 12:20	179	137	110	122	43	591	5	80
11/12/2015 12:25	168	136	97	116	41	558	5	80
11/12/2015 12:30	169	151	130	133	46	629	5	80
11/12/2015 12:35	166	154	115	126	51	612	5	80
11/12/2015 12:40	155	119	119	125	44	562	5	80
11/12/2015 12:45	156	144	125	117	41	583	5	80
11/12/2015 12:50	159	133	99	120	43	554	5	80
11/12/2015 12:55	175	143	130	143	53	644	5	80
11/12/2015 13:00	172	148	115	101	35	571	5	80
11/12/2015 13:05	156	131	110	130	45	572	5	80
11/12/2015 13:10	171	135	124	119	42	591	5	80
11/12/2015 13:15	170	142	125	131	50	618	5	80
11/12/2015 13:20	170	149	132	127	46	624	5	80
11/12/2015 13:25	173	150	117	121	45	606	5	80
11/12/2015 13:30	180	154	128	126	48	636	5	80
11/12/2015 13:35	175	163	122	135	48	643	5	80
11/12/2015 13:40	166	160	128	130	49	633	5	80
11/12/2015 13:45	184	154	138	131	49	656	5	80
11/12/2015 13:50	174	149	130	134	49	636	5	80
11/12/2015 13:55	178	158	126	118	44	624	5	80
11/12/2015 14:00	193	176	131	121	44	665	5	80
11/12/2015 14:05	185	151	130	132	50	648	5	80
11/12/2015 14:10	190	153	131	141	55	670	5	80
11/12/2015 14:15	170	158	134	152	59	673	5	80
11/12/2015 14:20	184	149	145	140	57	675	5	80
11/12/2015 14:25	176	169	137	136	52	670	5	80
11/12/2015 14:30	174	153	141	132	51	651	5	80
11/12/2015 14:35	165	162	140	141	57	665	5	80
11/12/2015 14:40	165	146	126	152	60	649	5	80
11/12/2015 14:45	172	156	146	150	60	684	5	80
11/12/2015 14:50	170	159	131	143	56	659	5	80
11/12/2015 14:55	139	141	121	120	47	568	5	80
11/12/2015 15:00	158	156	141	140	54	649	5	80
11/12/2015 15:05	160	156	126	139	57	638	5	80
11/12/2015 15:10	156	152	146	134	57	645	5	80
11/12/2015 15:15	140	139	127	137	57	600	5	80
11/12/2015 15:20	146	145	133	146	56	626	5	80
11/12/2015 15:25	114	115	113	123	52	517	5	80
11/12/2015 15:30	155	141	136	146	55	633	5	80
11/12/2015 15:35	134	128	125	121	48	556	5	80
11/12/2015 15:40	149	168	149	148	56	670	5	80
11/12/2015 15:45	104	109	106	118	45	482	5	80
11/12/2015 15:50	140	142	130	144	56	612	5	80
11/12/2015 15:55	131	135	123	122	46	557	5	80
11/12/2015 16:00	123	120	126	121	46	536	5	80
11/12/2015 16:05	147	150	144	133	51	625	5	80
11/12/2015 16:10	120	123	121	121	48	533	5	80
11/12/2015 16:15	128	130	116	125	50	549	5	80
11/12/2015 16:20	135	140	127	135	51	588	5	80
11/12/2015 16:25	151	145	129	126	48	599	5	80
11/12/2015 16:30	114	119	132	120	47	532	5	80
11/12/2015 16:35	149	142	128	134	51	604	5	80
11/12/2015 16:40	136	127	130	124	48	565	5	80
11/12/2015 16:45	133	133	124	127	47	564	5	80
11/12/2015 16:50	114	122	128	120	48	532	5	80
11/12/2015 16:55	145	135	123	135	54	592	5	80
11/12/2015 17:00	145	146	136	140	57	624	5	80
11/12/2015 17:05	126	129	119	122	46	542	5	80
11/12/2015 17:10	121	118	114	115	42	510	5	80
11/12/2015 17:15	145	140	127	134	50	596	5	80
11/12/2015 17:20	153	146	134	130	51	614	5	80
11/12/2015 17:25	139	127	132	123	50	571	5	80
11/12/2015 17:30	147	142	128	130	51	598	5	80
11/12/2015 17:35	126	123	123	114	41	527	5	80
11/12/2015 17:40	131	132	131	128	50	572	5	80
11/12/2015 17:45	147	135	138	135	52	607	5	80
11/12/2015 17:50	137	134	127	129	53	580	5	80
11/12/2015 17:55	134	137	134	128	52	585	5	80
11/12/2015 18:00	148	144	127	134	53	606	5	80
11/12/2015 18:05	145	143	133	132	53	606	5	80
11/12/2015 18:10	144	147	127	140	57	615	5	80
11/12/2015 18:15	157	142	144	137	52	632	5	80
11/12/2015 18:20	161	149	145	124	50	629	5	80
11/12/2015 18:25	154	133	109	139	53	588	5	80
11/12/2015 18:30	151	136	131	127	49	594	5	80
11/12/2015 18:35	167	144	135	141	56	643	5	80
11/12/2015 18:40	169	134	145	133	51	632	5	80
11/12/2015 18:45	156	142	120	138	58	614	5	80
11/12/2015 18:50	153	136	144	147	60	640	5	80
11/12/2015 18:55	144	128	121	126	48	567	5	80
11/12/2015 19:00	160	149	132	134	53	628	5	80
11/12/2015 19:05	139	135	118	122	45	559	5	80
11/12/2015 19:10	159	152	127	126	48	612	5	80
11/12/2015 19:15	169	156	127	134	50	636	5	80
11/12/2015 19:20	162	139	126	132	53	612	5	80
11/12/2015 19:25	155	140	128	126	47	596	5	80
11/12/2015 19:30	143	138	116	121	45	563	5	80
11/12/2015 19:35	152	122	118	121	45	558	5	80
11/12/2015 19:40	123	112	98	114	42	489	5	80
11/12/2015 19:45	132	104	103	102	33	474	5	80
11/12/2015 19:50	81	76	54	47	5	263	5	80
11/12/2015 19:55	106	89	74	67	13	349	5	80
11/12/2015 20:00	129	103	84	82	20	418	5	80
11/12/2015 20:05	101	87	57	68	10	323	5	80
11/12/2015 20:10	105	88	70	70	13	346	5	80
11/12/2015 20:15	110	88	78	59	8	343	5	80
11/12/2015 20:20	111	94	70	63	10	348	5	80
11/12/2015 20:25	140	119	89	77	15	440	5	80
11/12/2015 20:30	145	131	98	91	25	490	5	80
11/12/2015 20:35	161	144	120	107	35	567	5	80
11/12/2015 20:40	181	145	136	111	43	616	5	80
11/12/2015 20:45	169	145	114	105	36	569	5	80
11/12/2015 20:50	157	144	106	96	33	536	5	80
11/12/2015 20:55	157	120	105	95	33	510	5	80
11/12/2015 21:00	132	130	89	93	30	474	5	80
11/12/2015 21:05	118	103	87	76	20	404	5	80
11/12/2015 21:10	122	97	77	74	20	390	5	80
11/12/2015 21:15	112	113	79	80	22	406	5	80
11/12/2015 21:20	102	102	73	68	18	363	5	80
11/12/2015 21:25	136	104	85	81	23	429	5	80
11/12/2015 21:30	125	111	78	72	19	405	5	80
11/12/2015 21:35	109	105	77	88	27	406	5	80
11/12/2015 21:40	121	101	77	77	19	395	5	80
11/12/2015 21:45	97	95	67	63	17	339	5	80
11/12/2015 21:50	100	95	67	71	18	351	5	80
11/12/2015 21:55	94	85	70	59	11	319	5	80
11/12/2015 22:00	102	98	76	56	12	344	5	80
11/12/2015 22:05	82	85	69	61	13	310	5	80
11/12/2015 22:10	86	79	76	64	15	320	5	80
11/12/2015 22:15	105	84	66	68	18	341	5	80
11/12/2015 22:20	89	92	64	63	13	321	5	80
11/12/2015 22:25	74	98	69	62	15	318	5	80
11/12/2015 22:30	81	76	47	58	11	273	5	80
11/12/2015 22:35	81	74	54	50	7	266	5	80
11/12/2015 22:40	77	74	51	50	9	261	5	80
11/12/2015 22:45	70	81	67	57	12	287	5	80
11/12/2015 22:50	94	75	62	60	11	302	5	80
11/12/2015 22:55	89	84	49	62	12	296	5	80
11/12/2015 23:00	67	81	51	47	7	253	5	80
11/12/2015 23:05	60	55	50	42	4	211	5	80
11/12/2015 23:10	62	66	51	54	10	243	5	80
11/12/2015 23:15	64	55	47	46	6	218	5	80
11/12/2015 23:20	56	56	41	46	8	207	5	80
11/12/2015 23:25	48	54	42	37	3	184	5	80
11/12/2015 23:30	32	47	36	33	0	148	5	80
11/12/2015 23:35	48	53	35	35	2	173	5	80
11/12/2015 23:40	49	60	43	22	40	214	5	80
11/12/2015 23:45	30	42	34	26	33	165	5	80
11/12/2015 23:50	44	46	47	33	1	171	5	80
11/12/2015 23:55	42	44	35	29	34	184	5	80
11/13/2015 00:00	32	45	28	27	32	164	5	80
11/13/2015 00:05	39	36	41	28	36	180	5	80
11/13/2015 00:10	34	38	25	28	31	156	5	80
11/13/2015 00:15	27	35	29	20	30	141	5	80
11/13/2015 00:20	27	36	30	23	31	147	5	80
11/13/2015 00:25	37	33	36	29	34	169	5	80
11/13/2015 00:30	23	36	28	26	31	144	5	80
11/13/2015 00:35	28	44	32	23	32	159	5	80
11/13/2015 00:40	27	34	23	25	29	138	5	80
11/13/2015 00:45	26	30	20	28	32	136	5	80
11/13/2015 00:50	17	19	22	17	26	101	5	80
11/13/2015 00:55	13	22	17	18	25	95	5	80
11/13/2015 01:00	28	21	21	24	28	122	5	80
11/13/2015 01:05	16	24	18	24	28	110	5	80
11/13/2015 01:10	16	26	15	19	24	100	5	80
11/13/2015 01:15	19	23	19	20	26	107	5	80
11/13/2015 01:20	13	21	19	14	25	92	5	80
11/13/2015 01:25	16	24	20	28	30	118	5	80
11/13/2015 01:30	16	13	28	18	29	104	5	80
11/13/2015 01:35	18	25	15	19	25	102	5	80
11/13/2015 01:40	23	36	20	19	26	124	5	80
11/13/2015 01:45	11	13	16	15	23	78	5	80
11/13/2015 01:50	15	20	20	15	26	96	5	80
11/13/2015 01:55	7	11	9	19	24	70	5	80
11/13/2015 02:00	15	25	15	18	25	98	5	80
11/13/2015 02:05	8	24	18	12	23	85	5	80
11/13/2015 02:10	20	20	18	15	24	97	5	80
11/13/2015 02:15	12	23	10	12	22	79	5	80
11/13/2015 02:20	8	18	17	10	25	78	5	80
11/13/2015 02:25	7	15	18	15	24	79	5	80
11/13/2015 02:30	13	27	28	13	27	108	5	80
11/13/2015 02:35	6	16	14	12	23	71	5	80
11/13/2015 02:40	7	20	17	17	26	87	5	80
11/13/2015 02:45	10	19	19	20	26	94	5	80
11/13/2015 02:50	10	19	23	33	1	86	5	80
11/13/2015 02:55	15	20	27	28	31	121	5	80
11/13/2015 03:00	17	13	17	20	29	96	5	80
11/13/2015 03:05	10	30	5	35	2	82	5	80
11/13/2015 03:10	10	10	0	0	23	43	5	80
11/13/2015 03:15	10	5	30	25	29	99	5	80
11/13/2015 03:20	12	21	16	14	24	87	5	0
11/13/2015 03:25	20	20	20	20	26	106	5	80
11/13/2015 03:30	0	20	10	10	23	63	5	80
11/13/2015 03:35	40	20	20	40	5	125	5	80
11/13/2015 03:40	22	28	20	17	27	114	5	0
11/13/2015 03:45	13	22	16	14	24	89	5	0
11/13/2015 03:50	11	20	16	13	23	83	5	0
11/13/2015 03:55	13	22	16	13	23	87	5	0
11/13/2015 04:00	9	18	11	8	20	66	5	0
11/13/2015 04:05	12	23	21	19	0	75	5	0
11/13/2015 04:10	17	24	23	22	0	86	5	0
11/13/2015 04:15	21	28	24	22	0	95	5	0
11/13/2015 04:20	26	34	25	23	31	139	5	0
11/13/2015 04:25	31	36	29	26	34	156	5	0
11/13/2015 04:30	32	37	30	27	34	160	5	0
11/13/2015 04:35	27	33	26	24	32	142	5	0
11/13/2015 04:40	37	40	31	28	35	171	5	0
11/13/2015 04:45	34	38	29	26	34	161	5	0
11/13/2015 04:50	31	36	29	26	34	156	5	0
11/13/2015 04:55	36	40	32	29	36	173	5	0
11/13/2015 05:00	33	37	27	25	33	155	5	0
11/13/2015 05:05	34	39	31	29	36	169	5	0
11/13/2015 05:10	50	52	42	39	44	227	5	0
11/13/2015 05:15	68	66	54	51	53	292	5	0
11/13/2015 05:20	73	69	57	54	55	308	5	0
11/13/2015 05:25	69	66	55	52	53	295	5	0
11/13/2015 05:30	81	76	63	60	60	340	5	0
11/13/2015 05:35	90	83	69	66	64	372	5	0
11/13/2015 05:40	100	91	76	73	69	409	5	0
11/13/2015 05:45	97	89	74	71	22	353	5	0
11/13/2015 05:50	99	90	75	72	22	358	5	0
11/13/2015 05:55	190	130	130	120	34	604	5	80
11/13/2015 06:00	102	93	77	74	71	417	5	0
11/13/2015 06:05	140	170	140	70	17	537	5	80
11/13/2015 06:10	107	97	81	78	20	383	5	0
11/13/2015 06:15	119	107	89	86	23	424	5	0
11/13/2015 06:20	140	150	125	95	29	539	5	80
11/13/2015 06:25	128	114	95	92	23	452	5	0
11/13/2015 06:30	121	108	90	87	22	428	5	0
11/13/2015 06:35	100	91	76	73	24	364	5	0
11/13/2015 06:40	106	96	80	77	25	384	5	0
11/13/2015 06:45	116	104	87	83	31	421	5	0
11/13/2015 06:50	120	107	90	86	32	435	5	0
11/13/2015 06:55	123	110	92	88	32	445	5	0
11/13/2015 07:00	127	113	94	91	33	458	5	0
11/13/2015 07:05	135	120	100	97	38	490	5	0
11/13/2015 07:10	154	135	114	110	46	559	5	0
11/13/2015 07:15	175	175	165	135	54	704	5	80
11/13/2015 07:20	160	160	138	178	67	703	5	80
11/13/2015 07:25	188	178	153	152	57	728	5	80
11/13/2015 07:30	172	153	134	147	57	663	5	80
11/13/2015 07:35	140	137	113	116	42	548	5	80
11/13/2015 07:40	127	134	113	125	43	542	5	80
11/13/2015 07:45	124	112	118	131	49	534	5	80
11/13/2015 07:50	144	119	99	128	43	533	5	80
11/13/2015 07:55	149	134	132	130	46	591	5	80
11/13/2015 08:00	140	135	110	114	40	539	5	80
11/13/2015 08:05	162	147	123	120	47	599	5	80
11/13/2015 08:10	185	158	133	142	54	672	5	80
11/13/2015 08:15	167	144	126	136	49	622	5	80
11/13/2015 08:20	169	145	135	145	50	644	5	80
11/13/2015 08:25	164	169	129	147	58	667	5	80
11/13/2015 08:30	170	154	118	150	55	647	5	80
11/13/2015 08:35	147	145	141	111	41	585	5	80
11/13/2015 08:40	150	138	103	120	47	558	5	80
11/13/2015 08:45	148	141	115	133	44	581	5	80
11/13/2015 08:50	154	135	113	111	41	554	5	80
11/13/2015 08:55	147	146	98	101	31	523	5	80
11/13/2015 09:00	162	136	109	118	38	563	5	80
11/13/2015 09:05	165	135	100	121	40	561	5	80
11/13/2015 09:10	130	121	93	96	28	468	5	80
11/13/2015 09:15	176	148	104	108	33	569	5	80
11/13/2015 09:20	160	138	94	112	36	540	5	80
11/13/2015 09:25	157	134	108	104	32	535	5	80
11/13/2015 09:30	154	137	111	118	41	561	5	80
11/13/2015 09:35	164	142	101	112	34	553	5	80
11/13/2015 09:40	147	135	110	117	41	550	5	80
11/13/2015 09:45	151	124	110	115	37	537	5	80
11/13/2015 09:50	139	149	97	92	30	507	5	80
11/13/2015 09:55	127	113	109	99	30	478	5	80
11/13/2015 10:00	150	128	106	96	29	509	5	80
11/13/2015 10:05	162	145	117	112	36	572	5	80
11/13/2015 10:10	145	130	95	100	32	502	5	80
11/13/2015 10:15	143	145	115	105	33	541	5	80
11/13/2015 10:20	158	149	117	103	34	561	5	80
11/13/2015 10:25	162	152	106	100	29	549	5	80
11/13/2015 10:30	151	145	102	108	38	544	5	80
11/13/2015 10:35	170	155	112	106	31	574	5	80
11/13/2015 10:40	162	138	111	109	35	555	5	80
11/13/2015 10:45	159	140	113	109	37	558	5	80
11/13/2015 10:50	164	138	120	117	39	578	5	80
11/13/2015 10:55	155	142	100	110	37	544	5	80
11/13/2015 11:00	172	141	116	120	41	590	5	80
11/13/2015 11:05	169	141	110	100	33	553	5	80
11/13/2015 11:10	169	145	104	107	35	560	5	80
11/13/2015 11:15	171	137	117	125	42	592	5	80
11/13/2015 11:20	188	155	111	101	35	590	5	80
11/13/2015 11:25	186	153	100	107	34	580	5	80
11/13/2015 11:30	178	152	112	115	40	597	5	80
11/13/2015 11:35	173	154	124	106	39	596	5	80
11/13/2015 11:40	188	141	128	121	43	621	5	80
11/13/2015 11:45	179	151	113	113	42	598	5	80
11/13/2015 11:50	172	148	119	134	46	619	5	80
11/13/2015 11:55	180	157	125	110	35	607	5	80
11/13/2015 12:00	183	141	110	125	48	607	5	80
11/13/2015 12:05	173	156	135	120	44	628	5	80
11/13/2015 12:10	180	146	127	122	43	618	5	80
11/13/2015 12:15	187	165	122	119	43	636	5	80
11/13/2015 12:20	163	148	105	118	41	575	5	80
11/13/2015 12:25	174	161	123	120	46	624	5	80
11/13/2015 12:30	179	147	129	124	45	624	5	80
11/13/2015 12:35	165	159	120	133	47	624	5	80
11/13/2015 12:40	164	150	114	136	51	615	5	80
11/13/2015 12:45	180	149	119	123	45	616	5	80
11/13/2015 12:50	141	129	124	109	43	546	5	80
11/13/2015 12:55	145	142	127	124	46	584	5	80
11/13/2015 13:00	165	154	123	142	50	634	5	80
11/13/2015 13:05	173	157	135	127	50	642	5	80
11/13/2015 13:10	178	158	117	97	34	584	5	80
11/13/2015 13:15	179	157	135	116	40	627	5	80
11/13/2015 13:20	166	146	132	119	41	604	5	80
11/13/2015 13:25	171	157	136	115	43	622	5	80
11/13/2015 13:30	176	150	125	132	51	634	5	80
11/13/2015 13:35	174	164	142	145	57	682	5	80
11/13/2015 13:40	183	149	137	129	52	650	5	80
11/13/2015 13:45	190	163	135	145	57	690	5	80
11/13/2015 13:50	179	150	134	126	48	637	5	80
11/13/2015 13:55	175	163	132	131	49	650	5	80
11/13/2015 14:00	155	137	135	121	44	592	5	80
11/13/2015 14:05	174	158	138	142	55	667	5	80
11/13/2015 14:10	193	164	144	147	57	705	5	80
11/13/2015 14:15	184	161	141	135	51	672	5	80
11/13/2015 14:20	180	165	139	146	56	686	5	80
11/13/2015 14:25	156	161	127	149	60	653	5	80
11/13/2015 14:30	161	158	141	143	57	660	5	80
11/13/2015 14:35	161	153	149	156	60	679	5	80
11/13/2015 14:40	155	167	149	144	57	672	5	80
11/13/2015 14:45	159	162	128	137	54	640	5	80
11/13/2015 14:50	159	151	122	141	54	627	5	80
11/13/2015 14:55	172	150	134	153	59	668	5	80
11/13/2015 15:00	168	157	144	136	55	660	5	80
11/13/2015 15:05	133	133	129	136	55	586	5	80
11/13/2015 15:10	134	144	122	137	53	590	5	80
11/13/2015 15:15	148	154	136	143	56	637	5	80
11/13/2015 15:20	137	147	121	143	59	607	5	80
11/13/2015 15:25	116	124	120	122	48	530	5	80
11/13/2015 15:30	133	133	137	119	49	571	5	80
11/13/2015 15:35	135	134	137	144	57	607	5	80
11/13/2015 15:40	140	150	138	139	51	618	5	80
11/13/2015 15:45	133	132	128	132	50	575	5	80
11/13/2015 15:50	123	132	125	127	45	552	5	80
11/13/2015 15:55	134	129	134	131	54	582	5	80
11/13/2015 16:00	137	133	140	134	53	597	5	80
11/13/2015 16:05	103	108	98	104	38	451	5	80
11/13/2015 16:10	134	138	129	132	49	582	5	80
11/13/2015 16:15	140	137	142	136	51	606	5	80
11/13/2015 16:20	128	137	117	138	50	570	5	80
11/13/2015 16:25	140	133	134	129	52	588	5	80
11/13/2015 16:30	140	134	136	128	50	588	5	80
11/13/2015 16:35	129	132	128	129	49	567	5	80
11/13/2015 16:40	108	114	107	112	46	487	5	80
11/13/2015 16:45	127	132	124	124	43	550	5	80
11/13/2015 16:50	111	114	116	108	44	493	5	80
11/13/2015 16:55	131	123	127	107	43	531	5	80
11/13/2015 17:00	117	122	112	118	39	508	5	80
11/13/2015 17:05	120	121	119	120	47	527	5	80
11/13/2015 17:10	125	122	110	120	44	521	5	80
11/13/2015 17:15	130	126	124	134	50	564	5	80
11/13/2015 17:20	127	125	125	117	48	542	5	80
11/13/2015 17:25	129	131	115	114	45	534	5	80
11/13/2015 17:30	135	147	123	130	50	585	5	80
11/13/2015 17:35	121	122	121	132	51	547	5	80
11/13/2015 17:40	130	139	124	130	48	571	5	80
11/13/2015 17:45	135	139	124	131	49	578	5	80
11/13/2015 17:50	154	143	135	136	54	622	5	80
11/13/2015 17:55	125	132	128	126	52	563	5	80
11/13/2015 18:00	133	133	124	128	53	571	5	80
11/13/2015 18:05	146	124	119	123	49	561	5	80
11/13/2015 18:10	144	146	122	126	47	585	5	80
11/13/2015 18:15	143	136	133	144	56	612	5	80
11/13/2015 18:20	161	139	131	138	49	618	5	80
11/13/2015 18:25	153	137	116	138	52	596	5	80
11/13/2015 18:30	156	153	119	140	53	621	5	80
11/13/2015 18:35	151	144	133	133	53	614	5	80
11/13/2015 18:40	156	127	114	122	46	565	5	80
11/13/2015 18:45	158	142	122	130	50	602	5	80
11/13/2015 18:50	163	150	130	142	56	641	5	80
11/13/2015 18:55	146	139	116	117	43	561	5	80
11/13/2015 19:00	160	147	123	124	46	600	5	80
11/13/2015 19:05	139	120	112	113	41	525	5	80
11/13/2015 19:10	117	116	104	110	39	486	5	80
11/13/2015 19:15	115	124	97	100	34	470	5	80
11/13/2015 19:20	118	112	105	116	42	493	5	80
11/13/2015 19:25	132	117	117	117	40	523	5	80
11/13/2015 19:30	128	118	116	123	47	532	5	80
11/13/2015 19:35	104	111	92	92	29	428	5	80
11/13/2015 19:40	143	122	130	115	45	555	5	80
11/13/2015 19:45	185	165	139	128	50	667	5	80
11/13/2015 19:50	157	155	129	125	46	612	5	80
11/13/2015 19:55	155	134	128	129	52	598	5	80
11/13/2015 20:00	173	152	123	118	46	612	5	80
11/13/2015 20:05	153	145	100	128	47	573	5	80
11/13/2015 20:10	159	141	113	126	48	587	5	80
11/13/2015 20:15	162	127	114	109	40	552	5	80
11/13/2015 20:20	157	130	108	107	41	543	5	80
11/13/2015 20:25	158	137	115	114	42	566	5	80
11/13/2015 20:30	159	135	119	109	44	566	5	80
11/13/2015 20:35	158	142	107	104	35	546	5	80
11/13/2015 20:40	154	133	112	109	42	550	5	80
11/13/2015 20:45	152	125	96	100	34	507	5	80
11/13/2015 20:50	150	136	107	103	37	533	5	80
11/13/2015 20:55	145	133	96	94	29	497	5	80
11/13/2015 21:00	142	119	100	83	24	468	5	80
11/13/2015 21:05	135	136	85	94	27	477	5	80
11/13/2015 21:10	131	106	91	83	26	437	5	80
11/13/2015 21:15	137	100	98	81	24	440	5	80
11/13/2015 21:20	108	99	83	75	20	385	5	80
11/13/2015 21:25	133	106	90	78	23	430	5	80
11/13/2015 21:30	138	115	87	83	23	446	5	80
11/13/2015 21:35	119	105	85	78	24	411	5	80
11/13/2015 21:40	111	97	74	84	24	390	5	80
11/13/2015 21:45	105	98	88	73	22	386	5	80
11/13/2015 21:50	124	95	80	67	16	382	5	80
11/13/2015 21:55	100	88	61	81	23	353	5	80
11/13/2015 22:00	98	97	67	68	18	348	5	80
11/13/2015 22:05	97	92	69	67	18	343	5	80
11/13/2015 22:10	82	94	65	65	17	323	5	80
11/13/2015 22:15	88	85	51	64	12	300	5	80
11/13/2015 22:20	103	92	77	61	14	347	5	80
11/13/2015 22:25	84	83	74	71	19	331	5	80
11/13/2015 22:30	89	79	67	68	18	321	5	80
11/13/2015 22:35	75	87	68	71	19	320	5	80
11/13/2015 22:40	84	72	72	74	18	320	5	80
11/13/2015 22:45	87	87	69	62	10	315	5	80
11/13/2015 22:50	77	60	54	54	10	255	5	80
11/13/2015 22:55	70	63	57	56	12	258	5	80
11/13/2015 23:00	70	74	53	51	9	257	5	80
11/13/2015 23:05	71	79	56	57	10	273	5	80
11/13/2015 23:10	76	73	55	63	17	284	5	80
11/13/2015 23:15	75	77	49	49	6	256	5	80
11/13/2015 23:20	71	63	58	59	12	263	5	80
11/13/2015 23:25	72	64	52	60	14	262	5	80
11/13/2015 23:30	60	63	50	47	5	225	5	80
11/13/2015 23:35	57	57	45	57	11	227	5	80
11/13/2015 23:40	47	63	45	40	5	200	5	80
11/13/2015 23:45	51	67	42	43	4	207	5	80
11/13/2015 23:50	61	62	43	52	8	226	5	80
11/13/2015 23:55	58	50	48	52	11	219	5	80
11/14/2015 00:00	36	48	41	40	5	170	5	80
11/14/2015 00:05	64	60	40	43	3	210	5	80
11/14/2015 00:10	45	42	37	40	3	167	5	80
11/14/2015 00:15	48	55	44	43	6	196	5	80
11/14/2015 00:20	39	41	36	35	2	153	5	80
11/14/2015 00:25	38	40	34	40	2	154	5	80
11/14/2015 00:30	40	53	32	33	1	159	5	80
11/14/2015 00:35	39	37	29	36	2	143	5	80
11/14/2015 00:40	42	39	37	39	4	161	5	80
11/14/2015 00:45	25	47	27	33	36	168	5	80
11/14/2015 00:50	33	43	30	31	33	170	5	80
11/14/2015 00:55	24	34	31	30	33	152	5	80
11/14/2015 01:00	32	38	27	33	1	131	5	80
11/14/2015 01:05	18	35	22	23	28	126	5	80
11/14/2015 01:10	25	33	30	32	34	154	5	80
11/14/2015 01:15	27	30	16	21	25	119	5	80
11/14/2015 01:20	25	28	29	21	31	134	5	80
11/14/2015 01:25	26	30	25	22	29	132	5	80
11/14/2015 01:30	22	26	26	26	32	132	5	80
11/14/2015 01:35	20	29	24	22	28	123	5	80
11/14/2015 01:40	18	22	21	21	27	109	5	80
11/14/2015 01:45	18	27	18	16	24	103	5	80
11/14/2015 01:50	20	27	20	28	30	125	5	80
11/14/2015 01:55	28	34	26	14	29	131	5	80
11/14/2015 02:00	17	22	19	20	26	104	5	80
11/14/2015 02:05	13	21	18	17	25	94	5	80
11/14/2015 02:10	11	22	22	21	28	104	5	80
11/14/2015 02:15	14	23	17	17	24	95	5	80
11/14/2015 02:20	12	27	20	20	27	106	5	80
11/14/2015 02:25	14	28	24	21	28	115	5	80
11/14/2015 02:30	15	23	19	18	25	100	5	80
11/14/2015 02:35	14	19	16	24	28	101	5	80
11/14/2015 02:40	13	22	14	22	28	99	5	80
11/14/2015 02:45	12	26	16	15	25	94	5	80
11/14/2015 02:50	14	23	19	22	28	106	5	80
11/14/2015 02:55	16	29	18	13	25	101	5	80
11/14/2015 03:00	10	20	30	25	31	116	5	80
11/14/2015 03:05	12	20	23	18	28	101	5	80
11/14/2015 03:10	14	25	25	26	30	120	5	80
11/14/2015 03:15	10	18	15	20	26	89	5	80
11/14/2015 03:20	12	30	23	17	26	108	5	80
11/14/2015 03:25	7	25	23	20	27	102	5	80
11/14/2015 03:30	8	19	14	13	23	77	5	80
11/14/2015 03:35	23	18	20	18	26	105	5	80
11/14/2015 03:40	10	15	10	15	24	74	5	80
11/14/2015 03:45	13	13	10	13	22	71	5	80
11/14/2015 03:50	0	0	10	10	22	42	5	80
11/14/2015 03:55	10	13	10	10	21	64	5	80
11/14/2015 04:00	30	20	0	0	19	69	5	80
11/14/2015 04:05	13	23	15	12	23	86	5	0
11/14/2015 04:10	20	27	21	19	28	115	5	0
11/14/2015 04:15	11	19	12	9	21	72	5	0
11/14/2015 04:20	8	17	11	8	20	64	5	0
11/14/2015 04:25	22	28	20	17	27	114	5	0
11/14/2015 04:30	19	26	18	15	25	103	5	0
11/14/2015 04:35	20	27	19	16	26	108	5	0
11/14/2015 04:40	18	25	17	14	25	99	5	0
11/14/2015 04:45	24	30	21	19	28	122	5	0
11/14/2015 04:50	15	23	18	15	25	96	5	0
11/14/2015 04:55	18	26	21	18	27	110	5	0
11/14/2015 05:00	20	27	21	18	27	113	5	0
11/14/2015 05:05	20	10	20	30	32	112	5	80
11/14/2015 05:10	25	45	35	45	7	157	5	80
11/14/2015 05:15	60	60	50	60	16	246	5	80
11/14/2015 05:20	33	38	31	28	35	165	5	0
11/14/2015 05:25	35	38	38	43	6	160	5	80
11/14/2015 05:30	70	60	40	60	16	246	5	80
11/14/2015 05:35	30	40	40	30	39	179	5	80
11/14/2015 05:40	50	80	60	50	10	250	5	80
11/14/2015 05:45	56	56	44	41	45	242	5	0
11/14/2015 05:50	65	60	50	70	13	258	5	80
11/14/2015 05:55	40	40	37	53	7	177	5	80
11/14/2015 06:00	43	58	50	43	5	199	5	80
11/14/2015 06:05	40	85	50	55	13	243	5	80
11/14/2015 06:10	71	71	48	41	5	236	5	80
11/14/2015 06:15	65	60	65	25	51	266	5	80
11/14/2015 06:20	82	100	68	54	8	312	5	80
11/14/2015 06:25	86	74	64	52	9	285	5	80
11/14/2015 06:30	83	67	55	42	6	253	5	80
11/14/2015 06:35	78	91	61	49	8	287	5	80
11/14/2015 06:40	105	99	74	69	19	366	5	80
11/14/2015 06:45	95	93	67	63	14	332	5	80
11/14/2015 06:50	102	98	82	77	21	380	5	80
11/14/2015 06:55	103	94	64	61	15	337	5	80
11/14/2015 07:00	103	96	87	69	16	371	5	80
11/14/2015 07:05	97	90	75	66	15	343	5	80
11/14/2015 07:10	111	89	80	70	19	369	5	80
11/14/2015 07:15	128	114	88	84	26	440	5	80
11/14/2015 07:20	130	114	95	96	31	466	5	80
11/14/2015 07:25	135	113	105	88	28	469	5	80
11/14/2015 07:30	152	128	109	113	38	540	5	80
11/14/2015 07:35	127	122	102	107	35	493	5	80
11/14/2015 07:40	142	124	109	107	39	521	5	80
11/14/2015 07:45	118	129	87	113	36	483	5	80
11/14/2015 07:50	139	126	108	113	42	528	5	80
11/14/2015 07:55	135	110	88	90	29	452	5	80
11/14/2015 08:00	136	126	97	101	32	492	5	80
11/14/2015 08:05	147	131	87	108	35	508	5	80
11/14/2015 08:10	122	113	85	105	32	457	5	80
11/14/2015 08:15	156	128	104	92	29	509	5	80
11/14/2015 08:20	154	135	104	106	33	532	5	80
11/14/2015 08:25	161	138	108	118	40	565	5	80
11/14/2015 08:30	156	145	102	92	31	526	5	80
11/14/2015 08:35	163	131	104	117	40	555	5	80
11/14/2015 08:40	137	125	94	103	35	494	5	80
11/14/2015 08:45	142	132	113	117	44	548	5	80
11/14/2015 08:50	139	122	111	116	44	532	5	80
11/14/2015 08:55	169	141	103	110	38	561	5	80
11/14/2015 09:00	125	115	86	82	28	436	5	80
11/14/2015 09:05	140	119	110	88	26	483	5	80
11/14/2015 09:10	147	131	108	98	36	520	5	80
11/14/2015 09:15	161	131	114	115	41	562	5	80
11/14/2015 09:20	156	143	100	102	34	535	5	80
11/14/2015 09:25	179	142	132	113	37	603	5	80
11/14/2015 09:30	139	138	111	127	48	563	5	80
11/14/2015 09:35	184	160	132	131	48	655	5	80
11/14/2015 09:40	154	141	115	124	49	583	5	80
11/14/2015 09:45	155	138	122	123	44	582	5	80
11/14/2015 09:50	173	146	130	127	47	623	5	80
11/14/2015 09:55	161	153	118	128	47	607	5	80
11/14/2015 10:00	156	143	131	112	38	580	5	80
11/14/2015 10:05	157	144	115	117	39	572	5	80
11/14/2015 10:10	151	133	105	115	40	544	5	80
11/14/2015 10:15	153	141	99	118	39	550	5	80
11/14/2015 10:20	176	159	115	113	40	603	5	80
11/14/2015 10:25	167	154	104	113	41	579	5	80
11/14/2015 10:30	193	164	133	116	41	647	5	80
11/14/2015 10:35	176	149	130	126	45	626	5	80
11/14/2015 10:40	170	152	123	119	41	605	5	80
11/14/2015 10:45	170	147	125	113	38	593	5	80
11/14/2015 10:50	170	148	131	129	51	629	5	80
11/14/2015 10:55	182	147	139	120	44	632	5	80
11/14/2015 11:00	175	145	124	123	44	611	5	80
11/14/2015 11:05	164	144	112	111	38	569	5	80
11/14/2015 11:10	161	134	122	123	47	587	5	80
11/14/2015 11:15	187	170	131	135	49	672	5	80
11/14/2015 11:20	178	159	130	109	39	615	5	80
11/14/2015 11:25	159	156	110	123	43	591	5	80
11/14/2015 11:30	180	157	123	135	51	646	5	80
11/14/2015 11:35	184	163	130	124	45	646	5	80
11/14/2015 11:40	169	143	136	119	44	611	5	80
11/14/2015 11:45	177	165	133	122	49	646	5	80
11/14/2015 11:50	118	113	107	107	36	481	5	80
11/14/2015 11:55	180	155	139	126	49	649	5	80
11/14/2015 12:00	171	162	128	136	50	647	5	80
11/14/2015 12:05	196	155	141	137	57	686	5	80
11/14/2015 12:10	192	163	129	136	49	669	5	80
11/14/2015 12:15	170	152	128	129	50	629	5	80
11/14/2015 12:20	140	126	106	104	34	510	5	80
11/14/2015 12:25	160	140	110	152	65	627	5	80
11/14/2015 12:30	159	158	131	142	54	644	5	80
11/14/2015 12:35	163	156	139	127	51	636	5	80
11/14/2015 12:40	187	154	138	137	52	668	5	80
11/14/2015 12:45	165	149	125	121	46	606	5	80
11/14/2015 12:50	159	141	114	128	50	592	5	80
11/14/2015 12:55	180	157	140	142	53	672	5	80
11/14/2015 13:00	172	133	126	120	45	596	5	80
11/14/2015 13:05	151	148	118	116	45	578	5	80
11/14/2015 13:10	157	139	124	119	42	581	5	80
11/14/2015 13:15	170	147	128	137	49	631	5	80
11/14/2015 13:20	154	148	122	141	53	618	5	80
11/14/2015 13:25	176	166	132	128	50	652	5	80
11/14/2015 13:30	164	141	119	118	44	586	5	80
11/14/2015 13:35	158	143	135	125	45	606	5	80
11/14/2015 13:40	166	141	117	123	46	593	5	80
11/14/2015 13:45	153	129	128	129	46	585	5	80
11/14/2015 13:50	160	129	117	111	42	559	5	80
11/14/2015 13:55	178	147	114	128	49	616	5	80
11/14/2015 14:00	160	143	125	129	51	608	5	80
11/14/2015 14:05	145	139	123	127	44	578	5	80
11/14/2015 14:10	177	146	125	114	41	603	5	80
11/14/2015 14:15	173	155	120	129	49	626	5	80
11/14/2015 14:20	161	149	121	120	45	596	5	80
11/14/2015 14:25	157	138	132	130	52	609	5	80
11/14/2015 14:30	169	157	121	126	49	622	5	80
11/14/2015 14:35	167	135	129	146	57	634	5	80
11/14/2015 14:40	169	152	119	118	47	605	5	80
11/14/2015 14:45	177	149	122	127	46	621	5	80
11/14/2015 14:50	158	161	116	125	50	610	5	80
11/14/2015 14:55	174	164	127	126	48	639	5	80
11/14/2015 15:00	150	144	140	132	52	618	5	80
11/14/2015 15:05	162	128	138	123	46	597	5	80
11/14/2015 15:10	156	156	121	132	50	615	5	80
11/14/2015 15:15	160	149	130	124	48	611	5	80
11/14/2015 15:20	161	146	129	128	50	614	5	80
11/14/2015 15:25	171	157	134	128	49	639	5	80
11/14/2015 15:30	166	147	120	124	47	604	5	80
11/14/2015 15:35	160	149	117	124	49	599	5	80
11/14/2015 15:40	175	148	140	140	55	658	5	80
11/14/2015 15:45	164	148	131	128	47	618	5	80
11/14/2015 15:50	170	155	136	124	49	634	5	80
11/14/2015 15:55	166	155	127	123	47	618	5	80
11/14/2015 16:00	168	142	133	136	51	630	5	80
11/14/2015 16:05	162	144	136	131	51	624	5	80
11/14/2015 16:10	168	157	139	126	48	638	5	80
11/14/2015 16:15	165	155	116	125	47	608	5	80
11/14/2015 16:20	165	134	137	121	41	598	5	80
11/14/2015 16:25	140	133	106	124	47	550	5	80
11/14/2015 16:30	177	150	146	120	46	639	5	80
11/14/2015 16:35	169	164	125	130	51	639	5	80
11/14/2015 16:40	182	149	128	125	49	633	5	80
11/14/2015 16:45	165	147	145	112	41	610	5	80
11/14/2015 16:50	168	148	128	137	51	632	5	80
11/14/2015 16:55	164	139	117	118	46	584	5	80
11/14/2015 17:00	147	126	121	97	31	522	5	80
11/14/2015 17:05	153	148	115	135	53	604	5	80
11/14/2015 17:10	154	148	137	137	54	630	5	80
11/14/2015 17:15	149	153	125	123	49	599	5	80
11/14/2015 17:20	159	147	123	114	45	588	5	80
11/14/2015 17:25	178	153	129	120	44	624	5	80
11/14/2015 17:30	155	138	127	121	47	588	5	80
11/14/2015 17:35	162	137	126	124	46	595	5	80
11/14/2015 17:40	156	157	140	123	48	624	5	80
11/14/2015 17:45	153	150	133	130	52	618	5	80
11/14/2015 17:50	164	148	126	132	50	620	5	80
11/14/2015 17:55	170	149	137	128	50	634	5	80
11/14/2015 18:00	168	153	133	109	39	602	5	80
11/14/2015 18:05	147	138	123	124	46	578	5	80
11/14/2015 18:10	151	139	129	118	44	581	5	80
11/14/2015 18:15	166	149	129	112	44	600	5	80
11/14/2015 18:20	155	156	121	132	51	615	5	80
11/14/2015 18:25	172	142	126	122	45	607	5	80
11/14/2015 18:30	152	123	126	121	43	565	5	80
11/14/2015 18:35	154	138	128	113	44	577	5	80
11/14/2015 18:40	152	137	115	115	44	563	5	80
11/14/2015 18:45	163	150	122	125	49	609	5	80
11/14/2015 18:50	155	143	127	105	36	566	5	80
11/14/2015 18:55	146	140	131	129	50	596	5	80
11/14/2015 19:00	163	145	112	127	46	593	5	80
11/14/2015 19:05	161	144	109	103	40	557	5	80
11/14/2015 19:10	135	111	97	91	32	466	5	80
11/14/2015 19:15	97	111	89	90	27	414	5	80
11/14/2015 19:20	132	143	110	108	40	533	5	80
11/14/2015 19:25	155	133	115	108	39	550	5	80
11/14/2015 19:30	141	122	114	107	40	524	5	80
11/14/2015 19:35	153	145	124	116	44	582	5	80
11/14/2015 19:40	150	135	111	106	39	541	5	80
11/14/2015 19:45	138	120	99	88	30	475	5	80
11/14/2015 19:50	112	117	81	89	28	427	5	80
11/14/2015 19:55	115	109	95	100	32	451	5	80
11/14/2015 20:00	134	118	78	77	23	430	5	80
11/14/2015 20:05	134	107	95	79	24	439	5	80
11/14/2015 20:10	102	108	77	78	23	388	5	80
11/14/2015 20:15	101	96	81	61	14	353	5	80
11/14/2015 20:20	129	117	92	97	30	465	5	80
11/14/2015 20:25	118	103	70	83	26	400	5	80
11/14/2015 20:30	112	102	73	78	23	388	5	80
11/14/2015 20:35	122	105	74	55	10	366	5	80
11/14/2015 20:40	98	103	78	69	17	365	5	80
11/14/2015 20:45	112	91	85	77	21	386	5	80
11/14/2015 20:50	89	89	67	69	18	332	5	80
11/14/2015 20:55	84	85	63	59	14	305	5	80
11/14/2015 21:00	92	90	71	69	18	340	5	80
11/14/2015 21:05	93	97	75	71	22	358	5	80
11/14/2015 21:10	88	77	64	64	16	309	5	80
11/14/2015 21:15	102	89	79	73	21	364	5	80
11/14/2015 21:20	107	106	77	83	21	394	5	80
11/14/2015 21:25	89	77	66	65	13	310	5	80
11/14/2015 21:30	97	92	72	68	14	343	5	80
11/14/2015 21:35	100	97	69	74	19	359	5	80
11/14/2015 21:40	93	97	69	75	19	353	5	80
11/14/2015 21:45	90	107	78	69	17	361	5	80
11/14/2015 21:50	96	104	71	74	18	363	5	80
11/14/2015 21:55	102	97	78	71	19	367	5	80
11/14/2015 22:00	86	86	71	66	15	324	5	80
11/14/2015 22:05	117	91	72	72	19	371	5	80
11/14/2015 22:10	100	93	71	73	21	358	5	80
11/14/2015 22:15	120	96	85	66	18	385	5	80
11/14/2015 22:20	108	93	90	69	19	379	5	80
11/14/2015 22:25	104	99	83	74	22	382	5	80
11/14/2015 22:30	103	100	82	74	20	379	5	80
11/14/2015 22:35	96	95	70	61	14	336	5	80
11/14/2015 22:40	93	94	59	69	19	334	5	80
11/14/2015 22:45	102	89	78	60	15	344	5	80
11/14/2015 22:50	93	82	79	68	17	339	5	80
11/14/2015 22:55	91	94	68	67	16	336	5	80
11/14/2015 23:00	91	85	74	66	19	335	5	80
11/14/2015 23:05	89	92	58	65	13	317	5	80
11/14/2015 23:10	78	84	59	64	14	299	5	80
11/14/2015 23:15	93	80	64	65	14	316	5	80
11/14/2015 23:20	62	78	59	57	11	267	5	80
11/14/2015 23:25	83	71	70	52	9	285	5	80
11/14/2015 23:30	65	57	54	58	10	244	5	80
11/14/2015 23:35	72	74	62	53	11	272	5	80
11/14/2015 23:40	70	65	55	60	13	263	5	80
11/14/2015 23:45	69	63	62	54	10	258	5	80
11/14/2015 23:50	68	64	56	60	11	259	5	80
11/14/2015 23:55	67	59	57	43	4	230	5	80
11/15/2015 00:00	64	70	46	34	3	217	5	80
11/15/2015 00:05	70	66	47	43	5	231	5	80
11/15/2015 00:10	55	68	50	41	3	217	5	80
11/15/2015 00:15	65	60	44	38	43	250	5	80
11/15/2015 00:20	51	49	47	50	8	205	5	80
11/15/2015 00:25	52	63	52	50	6	223	5	80
11/15/2015 00:30	62	55	47	44	4	212	5	80
11/15/2015 00:35	62	53	38	41	5	199	5	80
11/15/2015 00:40	51	62	47	40	6	206	5	80
11/15/2015 00:45	56	59	47	47	6	215	5	80
11/15/2015 00:50	51	54	33	45	4	187	5	80
11/15/2015 00:55	43	52	36	31	35	197	5	80
11/15/2015 01:00	48	48	44	34	1	175	5	80
11/15/2015 01:05	61	51	44	34	1	191	5	80
11/15/2015 01:10	37	49	37	32	0	155	5	80
11/15/2015 01:15	40	39	23	27	30	159	5	80
11/15/2015 01:20	47	46	28	34	35	190	5	80
11/15/2015 01:25	39	43	34	28	34	178	5	80
11/15/2015 01:30	33	37	23	35	1	129	5	80
11/15/2015 01:35	28	47	31	28	32	166	5	80
11/15/2015 01:40	25	35	30	21	30	141	5	80
11/15/2015 01:45	25	34	21	19	27	126	5	80
11/15/2015 01:50	28	36	33	16	32	145	5	80
11/15/2015 01:55	24	26	25	33	1	109	5	80
11/15/2015 02:00	26	22	25	19	28	120	5	80
11/15/2015 02:05	28	29	27	16	29	129	5	80
11/15/2015 02:10	24	30	19	20	26	119	5	80
11/15/2015 02:15	18	30	26	23	29	126	5	80
11/15/2015 02:20	24	23	22	25	30	124	5	80
11/15/2015 02:25	17	20	19	20	26	102	5	80
11/15/2015 02:30	19	24	25	25	30	123	5	80
11/15/2015 02:35	15	19	16	26	29	105	5	80
11/15/2015 02:40	19	25	21	22	28	115	5	80
11/15/2015 02:45	21	24	20	15	25	105	5	80
11/15/2015 02:50	19	19	21	21	27	107	5	80
11/15/2015 02:55	18	22	18	24	29	111	5	80
11/15/2015 03:00	9	21	14	24	28	96	5	80
11/15/2015 03:05	16	18	17	17	26	94	5	80
11/15/2015 03:10	17	20	18	18	25	98	5	80
11/15/2015 03:15	9	17	17	24	30	97	5	80
11/15/2015 03:20	16	21	18	24	28	107	5	80
11/15/2015 03:25	9	18	11	15	22	75	5	80
11/15/2015 03:30	15	23	14	18	24	94	5	80
11/15/2015 03:35	17	17	16	13	23	86	5	80
11/15/2015 03:40	15	21	13	7	20	76	5	80
11/15/2015 03:45	10	21	9	14	22	76	5	80
11/15/2015 03:50	12	16	8	15	23	74	5	80
11/15/2015 03:55	9	19	13	15	23	79	5	80
11/15/2015 04:00	9	13	10	18	24	74	5	80
11/15/2015 04:05	8	25	10	12	21	76	5	80
11/15/2015 04:10	9	23	15	15	23	85	5	80
11/15/2015 04:15	13	9	22	11	26	81	5	80
11/15/2015 04:20	13	23	17	22	27	102	5	80
11/15/2015 04:25	12	24	15	18	24	93	5	80
11/15/2015 04:30	10	20	18	20	26	94	5	80
11/15/2015 04:35	14	24	16	17	24	95	5	80
11/15/2015 04:40	9	22	21	23	30	105	5	80
11/15/2015 04:45	9	12	17	19	26	83	5	80
11/15/2015 04:50	17	26	20	25	29	117	5	80
11/15/2015 04:55	11	21	18	24	29	103	5	80
11/15/2015 05:00	18	13	24	25	29	109	5	80
11/15/2015 05:05	21	24	26	39	4	114	5	80
11/15/2015 05:10	17	21	22	26	30	116	5	80
11/15/2015 05:15	14	24	22	23	28	111	5	80
11/15/2015 05:20	20	28	22	45	4	119	5	80
11/15/2015 05:25	16	22	25	26	30	119	5	80
11/15/2015 05:30	27	28	21	33	1	110	5	80
11/15/2015 05:35	23	27	29	29	32	140	5	80
11/15/2015 05:40	23	39	31	41	3	137	5	80
11/15/2015 05:45	26	43	41	51	8	169	5	80
11/15/2015 05:50	24	32	28	32	0	116	5	80
11/15/2015 05:55	23	36	28	35	2	124	5	80
11/15/2015 06:00	22	31	34	39	3	129	5	80
11/15/2015 06:05	32	38	29	45	5	149	5	80
11/15/2015 06:10	38	41	32	38	3	152	5	80
11/15/2015 06:15	38	42	39	42	4	165	5	80
11/15/2015 06:20	28	44	37	40	4	153	5	80
11/15/2015 06:25	37	48	41	50	5	181	5	80
11/15/2015 06:30	39	48	32	48	7	174	5	80
11/15/2015 06:35	41	49	36	48	5	179	5	80
11/15/2015 06:40	49	59	49	51	10	218	5	80
11/15/2015 06:45	53	55	41	50	8	207	5	80
11/15/2015 06:50	51	56	44	54	8	213	5	80
11/15/2015 06:55	40	50	39	42	5	176	5	80
11/15/2015 07:00	42	56	49	56	9	212	5	80
11/15/2015 07:05	47	51	43	47	8	196	5	80
11/15/2015 07:10	55	52	50	57	11	225	5	80
11/15/2015 07:15	62	63	53	64	14	256	5	80
11/15/2015 07:20	64	70	57	66	14	271	5	80
11/15/2015 07:25	73	72	63	60	12	280	5	80
11/15/2015 07:30	72	90	56	62	16	296	5	80
11/15/2015 07:35	91	100	67	71	21	350	5	80
11/15/2015 07:40	68	76	63	75	23	305	5	80
11/15/2015 07:45	75	87	82	80	23	347	5	80
11/15/2015 07:50	68	76	66	96	29	335	5	80
11/15/2015 07:55	91	91	75	87	27	371	5	80
11/15/2015 08:00	65	83	65	73	20	306	5	80
11/15/2015 08:05	92	85	68	76	20	341	5	80
11/15/2015 08:10	90	93	80	63	18	344	5	80
11/15/2015 08:15	96	87	69	74	20	346	5	80
11/15/2015 08:20	108	102	90	86	25	411	5	80
11/15/2015 08:25	108	103	81	88	27	407	5	80
11/15/2015 08:30	116	91	87	96	30	420	5	80
11/15/2015 08:35	90	90	69	86	26	361	5	80
11/15/2015 08:40	91	76	74	80	21	342	5	80
11/15/2015 08:45	105	96	76	89	25	391	5	80
11/15/2015 08:50	98	104	77	86	27	392	5	80
11/15/2015 08:55	107	101	72	103	33	416	5	80
11/15/2015 09:00	100	85	87	92	26	390	5	80
11/15/2015 09:05	105	105	82	80	26	398	5	80
11/15/2015 09:10	99	108	83	101	33	424	5	80
11/15/2015 09:15	107	105	81	95	30	418	5	80
11/15/2015 09:20	103	104	88	97	33	425	5	80
11/15/2015 09:25	112	112	75	79	24	402	5	80
11/15/2015 09:30	120	98	87	98	30	433	5	80
11/15/2015 09:35	135	114	88	89	29	455	5	80
11/15/2015 09:40	121	128	87	109	35	480	5	80
11/15/2015 09:45	114	103	74	87	25	403	5	80
11/15/2015 09:50	122	121	93	99	34	469	5	80
11/15/2015 09:55	134	118	98	91	29	470	5	80
11/15/2015 10:00	149	127	97	94	34	501	5	80
11/15/2015 10:05	131	109	90	97	32	459	5	80
11/15/2015 10:10	127	105	108	79	22	441	5	80
11/15/2015 10:15	127	116	74	105	35	457	5	80
11/15/2015 10:20	149	118	99	113	42	521	5	80
11/15/2015 10:25	152	128	104	119	44	547	5	80
11/15/2015 10:30	153	138	101	105	39	536	5	80
11/15/2015 10:35	156	132	99	109	39	535	5	80
11/15/2015 10:40	151	121	95	104	36	507	5	80
11/15/2015 10:45	138	121	95	108	37	499	5	80
11/15/2015 10:50	143	129	110	122	47	551	5	80
11/15/2015 10:55	159	135	103	109	40	546	5	80
11/15/2015 11:00	137	137	109	106	37	526	5	80
11/15/2015 11:05	110	108	96	105	39	458	5	80
11/15/2015 11:10	127	117	98	110	38	490	5	80
11/15/2015 11:15	150	130	108	107	38	533	5	80
11/15/2015 11:20	143	133	105	127	44	552	5	80
11/15/2015 11:25	155	126	117	110	37	545	5	80
11/15/2015 11:30	143	137	121	114	39	554	5	80
11/15/2015 11:35	150	117	96	108	37	508	5	80
11/15/2015 11:40	129	119	113	114	38	513	5	80
11/15/2015 11:45	112	105	88	100	35	440	5	80
11/15/2015 11:50	151	112	111	115	41	530	5	80
11/15/2015 11:55	158	138	117	129	47	589	5	80
11/15/2015 12:00	169	155	110	129	49	612	5	80
11/15/2015 12:05	163	140	114	120	45	582	5	80
11/15/2015 12:10	153	133	121	117	42	566	5	80
11/15/2015 12:15	134	114	109	117	44	518	5	80
11/15/2015 12:20	165	136	117	129	52	599	5	80
11/15/2015 12:25	146	143	130	127	51	597	5	80
11/15/2015 12:30	156	126	114	120	49	565	5	80
11/15/2015 12:35	158	134	124	123	43	582	5	80
11/15/2015 12:40	163	141	114	132	49	599	5	80
11/15/2015 12:45	131	113	98	106	37	485	5	80
11/15/2015 12:50	157	142	118	128	49	594	5	80
11/15/2015 12:55	145	133	115	122	45	560	5	80
11/15/2015 13:00	159	137	118	119	45	578	5	80
11/15/2015 13:05	157	126	103	115	42	543	5	80
11/15/2015 13:10	166	149	121	127	47	610	5	80
11/15/2015 13:15	150	140	110	119	46	565	5	80
11/15/2015 13:20	154	136	103	118	42	553	5	80
11/15/2015 13:25	157	133	119	117	41	567	5	80
11/15/2015 13:30	140	133	112	112	40	537	5	80
11/15/2015 13:35	153	139	126	122	45	585	5	80
11/15/2015 13:40	142	135	105	113	36	531	5	80
11/15/2015 13:45	155	144	113	136	47	595	5	80
11/15/2015 13:50	151	144	125	110	41	571	5	80
11/15/2015 13:55	156	134	117	113	41	561	5	80
11/15/2015 14:00	166	142	115	117	44	584	5	80
11/15/2015 14:05	157	143	120	125	46	591	5	80
11/15/2015 14:10	155	131	111	106	38	541	5	80
11/15/2015 14:15	162	139	138	118	43	600	5	80
11/15/2015 14:20	169	136	139	117	42	603	5	80
11/15/2015 14:25	154	134	97	116	43	544	5	80
11/15/2015 14:30	157	131	128	108	37	561	5	80
11/15/2015 14:35	163	139	119	116	41	578	5	80
11/15/2015 14:40	130	127	110	109	38	514	5	80
11/15/2015 14:45	149	135	116	117	45	562	5	80
11/15/2015 14:50	147	128	115	124	46	560	5	80
11/15/2015 14:55	153	142	110	129	52	586	5	80
11/15/2015 15:00	136	130	111	108	40	525	5	80
11/15/2015 15:05	149	143	120	107	40	559	5	80
11/15/2015 15:10	129	142	109	116	44	540	5	80
11/15/2015 15:15	150	122	103	110	41	526	5	80
11/15/2015 15:20	153	138	123	127	49	590	5	80
11/15/2015 15:25	151	138	106	108	39	542	5	80
11/15/2015 15:30	131	133	128	127	49	568	5	80
11/15/2015 15:35	161	138	120	117	42	578	5	80
11/15/2015 15:40	157	142	107	111	41	558	5	80
11/15/2015 15:45	161	143	126	120	44	594	5	80
11/15/2015 15:50	151	138	106	123	41	559	5	80
11/15/2015 15:55	141	134	109	110	39	533	5	80
11/15/2015 16:00	159	138	116	105	38	556	5	80
11/15/2015 16:05	151	128	118	121	46	564	5	80
11/15/2015 16:10	157	123	116	104	37	537	5	80
11/15/2015 16:15	159	146	114	108	38	565	5	80
11/15/2015 16:20	156	134	119	111	41	561	5	80
11/15/2015 16:25	153	138	95	112	39	537	5	80
11/15/2015 16:30	150	135	107	107	39	538	5	80
11/15/2015 16:35	167	152	118	100	34	571	5	80
11/15/2015 16:40	153	133	106	106	37	535	5	80
11/15/2015 16:45	162	137	104	109	39	551	5	80
11/15/2015 16:50	150	129	103	113	41	536	5	80
11/15/2015 16:55	147	135	107	96	35	520	5	80
11/15/2015 17:00	153	135	110	102	39	539	5	80
11/15/2015 17:05	144	124	97	95	34	494	5	80
11/15/2015 17:10	169	149	107	124	44	593	5	80
11/15/2015 17:15	150	124	104	108	39	525	5	80
11/15/2015 17:20	154	127	121	91	34	527	5	80
11/15/2015 17:25	153	135	115	105	40	548	5	80
11/15/2015 17:30	148	124	104	89	33	498	5	80
11/15/2015 17:35	143	127	105	112	40	527	5	80
11/15/2015 17:40	145	125	108	108	36	522	5	80
11/15/2015 17:45	107	80	73	105	35	400	5	80
11/15/2015 17:50	128	113	107	92	33	473	5	80
11/15/2015 17:55	154	132	104	99	34	523	5	80
11/15/2015 18:00	149	137	112	100	32	530	5	80
11/15/2015 18:05	124	96	106	96	35	457	5	80
11/15/2015 18:10	180	160	150	110	35	635	5	80
11/15/2015 18:15	129	123	100	89	29	470	5	80
11/15/2015 18:20	127	126	95	86	25	459	5	80
11/15/2015 18:25	136	111	88	93	32	460	5	80
11/15/2015 18:30	124	130	80	88	28	450	5	80
11/15/2015 18:35	139	132	109	90	34	504	5	80
11/15/2015 18:40	143	118	98	82	29	470	5	80
11/15/2015 18:45	144	120	106	98	31	499	5	80
11/15/2015 18:50	127	120	87	97	34	465	5	80
11/15/2015 18:55	113	103	90	80	26	412	5	80
11/15/2015 19:00	131	111	93	97	30	462	5	80
11/15/2015 19:05	114	103	97	91	29	434	5	80
11/15/2015 19:10	110	116	96	82	26	430	5	80
11/15/2015 19:15	128	108	79	88	28	431	5	80
11/15/2015 19:20	150	140	83	107	34	514	5	80
11/15/2015 19:25	142	116	86	68	21	433	5	80
11/15/2015 19:30	100	99	92	79	23	393	5	80
11/15/2015 19:35	133	104	84	79	23	423	5	80
11/15/2015 19:40	118	92	85	88	28	411	5	80
11/15/2015 19:45	102	95	88	73	22	380	5	80
11/15/2015 19:50	126	107	84	75	24	416	5	80
11/15/2015 19:55	106	109	82	65	16	378	5	80
11/15/2015 20:00	127	98	78	75	20	398	5	80
11/15/2015 20:05	120	91	78	57	11	357	5	80
11/15/2015 20:10	97	86	84	71	20	358	5	80
11/15/2015 20:15	86	88	68	63	16	321	5	80
11/15/2015 20:20	100	97	72	62	15	346	5	80
11/15/2015 20:25	143	93	78	80	22	416	5	80
11/15/2015 20:30	87	90	77	58	15	327	5	80
11/15/2015 20:35	101	79	65	84	23	352	5	80
11/15/2015 20:40	88	91	56	63	12	310	5	80
11/15/2015 20:45	113	90	86	62	14	365	5	80
11/15/2015 20:50	104	82	65	60	13	324	5	80
11/15/2015 20:55	102	94	62	64	17	339	5	80
11/15/2015 21:00	94	84	62	62	14	316	5	80
11/15/2015 21:05	87	86	69	59	12	313	5	80
11/15/2015 21:10	90	86	57	63	15	311	5	80
11/15/2015 21:15	93	82	64	62	14	315	5	80
11/15/2015 21:20	106	81	66	52	9	314	5	80
11/15/2015 21:25	92	79	71	64	15	321	5	80
11/15/2015 21:30	103	90	66	51	12	322	5	80
11/15/2015 21:35	100	99	69	61	15	344	5	80
11/15/2015 21:40	98	97	63	72	22	352	5	80
11/15/2015 21:45	101	88	80	60	14	343	5	80
11/15/2015 21:50	88	76	67	54	9	294	5	80
11/15/2015 21:55	98	77	65	60	12	312	5	80
11/15/2015 22:00	96	81	58	63	16	314	5	80
11/15/2015 22:05	63	68	48	60	14	253	5	80
11/15/2015 22:10	84	85	63	52	8	292	5	80
11/15/2015 22:15	86	66	55	44	7	258	5	80
11/15/2015 22:20	99	89	60	57	9	314	5	80
11/15/2015 22:25	71	60	35	44	4	214	5	80
11/15/2015 22:30	74	70	50	50	8	252	5	80
11/15/2015 22:35	59	74	49	37	2	221	5	80
11/15/2015 22:40	57	58	44	50	8	217	5	80
11/15/2015 22:45	56	57	42	44	6	205	5	80
11/15/2015 22:50	50	66	34	31	35	216	5	80
11/15/2015 22:55	55	64	41	36	2	198	5	80
11/15/2015 23:00	73	83	53	40	3	252	5	80
11/15/2015 23:05	43	57	43	30	40	213	5	80
11/15/2015 23:10	54	61	40	40	5	200	5	80
11/15/2015 23:15	46	52	39	35	37	209	5	80
11/15/2015 23:20	47	51	39	43	4	184	5	80
11/15/2015 23:25	46	42	30	36	2	156	5	80
11/15/2015 23:30	34	46	30	22	31	163	5	80
11/15/2015 23:35	38	48	34	34	1	155	5	80
11/15/2015 23:40	50	53	30	40	5	178	5	80
11/15/2015 23:45	40	38	27	20	31	156	5	80
11/15/2015 23:50	31	36	30	22	32	151	5	80
11/15/2015 23:55	35	44	23	28	30	160	5	80
