5 Minutes	Lane 1 Speed (mph)	Lane 2 Speed (mph)	Lane 3 Speed (mph)	Lane 4 Speed (mph)	Speed (mph)	# Lane Points	% Observed
11/09/2015 00:00	41.5	71	67.4	62.8	56	4	100
11/09/2015 00:05	58.4	70.8	67.4	56.7	62.3	4	100
11/09/2015 00:10	70.7	69.7	64	52.1	64.1	4	100
11/09/2015 00:15	74.4	70.7	67.8	53.4	65.8	4	100
11/09/2015 00:20	56.1	70.9	67.8	54.2	60.5	4	100
11/09/2015 00:25	70.7	71.1	70.4	55	66.2	4	100
11/09/2015 00:30	75.9	70.9	71.3	56.1	68.4	4	100
11/09/2015 00:35	58.1	70.6	64.2	58.7	61	4	100
11/09/2015 00:40	58.8	70.9	65.8	61.3	62.9	4	100
11/09/2015 00:45	68.3	70.6	67	63.2	67.4	4	100
11/09/2015 00:50	75	70.4	66.6	63.4	70.8	4	100
11/09/2015 00:55	75.5	70.7	65.1	62.8	69.7	4	100
11/09/2015 01:00	64.8	70.9	66.4	64.9	66.1	4	100
11/09/2015 01:05	71.3	70.9	67.4	64.1	68.6	4	100
11/09/2015 01:10	78	70.8	69.3	67.3	72.8	4	100
11/09/2015 01:15	54.1	70.8	69.2	56.6	59.5	4	100
11/09/2015 01:20	58.4	71	66.7	65	62.9	4	100
11/09/2015 01:25	64.4	71	63.2	64.8	65.4	4	100
11/09/2015 01:30	48	71	64.4	56.7	53.1	4	100
11/09/2015 01:35	58	70.8	63.9	64.8	63	4	100
11/09/2015 01:40	60.1	70.8	65.7	64.2	63.5	4	100
11/09/2015 01:45	66.7	70.8	64.8	65.3	66.3	4	100
11/09/2015 01:50	71.2	70.9	66.7	66	68.3	4	100
11/09/2015 01:55	74.5	71	67	69.5	71	4	100
11/09/2015 02:00	49.3	71	68.7	68.6	60.7	4	100
11/09/2015 02:05	61	70.8	67.9	63.1	63.1	4	100
11/09/2015 02:10	73	70.9	67.2	64.6	69.6	4	100
11/09/2015 02:15	76.7	71	67.7	66	69.8	4	100
11/09/2015 02:20	79.1	71	65.5	70.1	72.2	4	100
11/09/2015 02:25	73.1	71	64.9	72.8	71.9	4	100
11/09/2015 02:30	78.8	70.9	65.8	70.5	73.6	4	100
11/09/2015 02:35	83.7	71	66.5	69.3	77.3	4	100
11/09/2015 02:40	60.6	71	66.2	58.8	60.4	4	100
11/09/2015 02:45	53.2	71.1	67.7	60.5	58.1	4	100
11/09/2015 02:50	31.6	71	69	65.3	49.8	4	100
11/09/2015 02:55	25.7	70.9	69.2	65.7	39.8	4	100
11/09/2015 03:00	54.5	70.8	66.2	57.3	58.2	4	100
11/09/2015 03:05	44.6	70.9	66.1	61	51.3	4	100
11/09/2015 03:10	32	70.7	65.2	58.2	45.8	4	100
11/09/2015 03:15	19.9	70.8	64.6	57.9	36.2	4	100
11/09/2015 03:20	51.4	70.8	67.1	59.5	58.6	4	100
11/09/2015 03:25	71.5	70.9	63.2	61	67.7	4	100
11/09/2015 03:30	65.5	70.9	62.6	63.7	65	4	100
11/09/2015 03:35	63.8	71	58.3	62.4	63.4	4	100
11/09/2015 03:40	57.2	71	63	67.1	61.7	4	100
11/09/2015 03:45	76.1	70.8	66.8	56.8	67.2	4	100
11/09/2015 03:50	76.6	70.7	66.6	51.5	65.6	4	100
11/09/2015 03:55	79.2	70.9	66.1	55.3	69.6	4	100
11/09/2015 04:00	59.4	70.8	57.7	60.9	60.5	4	100
11/09/2015 04:05	55	70.9	58.2	63.2	58.1	4	100
11/09/2015 04:10	55.6	71.1	60.4	69.8	61.9	4	100
11/09/2015 04:15	56.4	71	58.9	67.7	61.7	4	100
11/09/2015 04:20	40.2	70.6	60.1	68.4	54	4	100
11/09/2015 04:25	56.6	70.3	63.4	70.3	63.1	4	100
11/09/2015 04:30	67.9	70.7	66.1	56.8	65.6	4	100
11/09/2015 04:35	71.9	70.5	72.5	60.3	68.9	4	100
11/09/2015 04:40	73.1	70.6	64.9	59.7	68.1	4	100
11/09/2015 04:45	77.6	70.6	63.5	62.8	69.7	4	100
11/09/2015 04:50	74.2	69.9	60.1	57.6	67.1	4	100
11/09/2015 04:55	74.3	70.4	59.1	58.3	67.9	4	100
11/09/2015 05:00	80.9	71.2	59.7	58.4	68.4	4	100
11/09/2015 05:05	78.7	71.2	65.1	62.8	71.7	4	100
11/09/2015 05:10	78.4	70.9	63.9	58.9	70.1	4	100
11/09/2015 05:15	74.1	71.1	64.4	58.5	69.2	4	100
11/09/2015 05:20	76.7	70.4	63.2	59	69.4	4	100
11/09/2015 05:25	73.9	71	69.4	65.2	70.9	4	100
11/09/2015 05:30	72.7	71.2	62.6	60	68	4	100
11/09/2015 05:35	76.6	71.5	66.1	54	69.6	4	100
11/09/2015 05:40	76	70.7	68.1	58.9	70.1	4	100
11/09/2015 05:45	73.1	70.7	63.8	59.7	68.7	4	100
11/09/2015 05:50	73.8	71	64.3	59.5	68.8	4	100
11/09/2015 05:55	70.8	69.8	68.8	61.4	68.7	4	100
11/09/2015 06:00	59.9	69.7	63	64.8	64.4	4	100
11/09/2015 06:05	66.1	69.3	61.1	64.6	66	4	100
11/09/2015 06:10	71.3	68.8	58.5	58.1	66	4	100
11/09/2015 06:15	63.8	69.2	58.7	56.2	63.8	4	100
11/09/2015 06:20	67.4	69.4	60.2	57.6	65.5	4	100
11/09/2015 06:25	37.4	70	57.8	55.8	57.9	4	100
11/09/2015 06:30	58.3	70.9	56.4	53.3	61	4	100
11/09/2015 06:35	59.1	71.1	58.8	58.5	62.5	4	100
11/09/2015 06:40	65.8	71	59.3	57.7	65	4	100
11/09/2015 06:45	68.6	69	60.3	53.5	64.5	4	100
11/09/2015 06:50	71.7	69	60.9	53.8	65.6	4	100
11/09/2015 06:55	71.5	69.9	60.7	52.3	65.2	4	100
11/09/2015 07:00	50.7	69.8	61.4	50.5	58.8	4	100
11/09/2015 07:05	46.8	69.4	61.3	50.8	57.8	4	100
11/09/2015 07:10	46.4	68.2	58	48.2	56.2	4	100
11/09/2015 07:15	46.1	67.5	60.7	52.2	56.8	4	100
11/09/2015 07:20	55	65.4	60.1	52	58.4	4	100
11/09/2015 07:25	60.7	63.7	57.7	49.6	58.4	4	100
11/09/2015 07:30	65.1	63.2	57.2	49.7	60	4	100
11/09/2015 07:35	66.2	62.8	57.1	49.1	59.7	4	100
11/09/2015 07:40	58.9	61.6	54.4	47.6	56.3	4	100
11/09/2015 07:45	62.6	60.2	58.3	49.7	58.8	4	100
11/09/2015 07:50	60.4	58.2	55.9	47.2	56.6	4	100
11/09/2015 07:55	54.1	62	58.3	44.5	55.5	4	100
11/09/2015 08:00	54.3	61.2	58.4	45.3	55.6	4	100
11/09/2015 08:05	55.1	60	52.7	32	52.4	4	100
11/09/2015 08:10	53.8	55.7	48.3	21	48.4	4	100
11/09/2015 08:15	52.3	53	42	15.1	44.9	4	100
11/09/2015 08:20	51.8	51.5	40.5	12.3	43.8	4	100
11/09/2015 08:25	51.2	51.9	39.8	10.8	42.4	4	100
11/09/2015 08:30	50.7	51	38.6	12.8	42	4	100
11/09/2015 08:35	47	47.7	33.9	12.5	39	4	100
11/09/2015 08:40	46.3	48	32.5	9.9	39.2	4	100
11/09/2015 08:45	33.9	50.5	34.7	10.6	35.3	4	100
11/09/2015 08:50	25.2	47.2	35.2	9.4	32.9	4	100
11/09/2015 08:55	39	49.2	40.3	9	38.5	4	100
11/09/2015 09:00	49.8	54.2	44.8	8.2	45.2	4	100
11/09/2015 09:05	56.9	57.8	43.5	10.4	46.3	4	100
11/09/2015 09:10	62.4	61.4	46.5	12.4	53.1	4	100
11/09/2015 09:15	62.6	64.6	49.7	25.6	53.7	4	100
11/09/2015 09:20	63.9	65.5	50	32.4	56.3	4	100
11/09/2015 09:25	40.7	66	53.4	39	52.5	4	100
11/09/2015 09:30	24.4	67.6	54.6	44.7	51.4	4	100
11/09/2015 09:35	50.4	69	48.3	47.2	54.8	4	100
11/09/2015 09:40	63.3	69.1	52.7	47.6	60	4	100
11/09/2015 09:45	64.9	68.7	53.9	49.1	60.8	4	100
11/09/2015 09:50	69.8	69	53.2	51	62.1	4	100
11/09/2015 09:55	64.6	68.2	58	48.9	61.7	4	100
11/09/2015 10:00	67.8	68.4	57.6	51.6	63.1	4	100
11/09/2015 10:05	72.2	69.1	58.8	51.4	64.7	4	100
11/09/2015 10:10	71.5	69	57	50.5	64.3	4	100
11/09/2015 10:15	75.5	69.7	57.1	51.6	66	4	100
11/09/2015 10:20	74.2	69.1	55.3	47.9	64.1	4	100
11/09/2015 10:25	60	68.3	54.6	46.6	59.7	4	100
11/09/2015 10:30	60.1	65.9	50	43.9	57.1	4	100
11/09/2015 10:35	65.5	67.6	53.4	48.2	60.3	4	100
11/09/2015 10:40	57.8	58.9	45.3	30.5	51.4	4	100
11/09/2015 10:45	66	62.9	52.1	35.2	55.8	4	100
11/09/2015 10:50	69.2	66.3	55	43.7	60.5	4	100
11/09/2015 10:55	73.4	69.1	53.1	48.7	64.2	4	100
11/09/2015 11:00	59.1	69.2	54.2	51.6	60.1	4	100
11/09/2015 11:05	66.7	69	54.3	53.6	62.7	4	100
11/09/2015 11:10	70	68.5	59.4	52.7	64.4	4	100
11/09/2015 11:15	67.9	67.6	55.6	52.2	63	4	100
11/09/2015 11:20	70.9	68	56.5	50	63.7	4	100
11/09/2015 11:25	72.1	66.3	56.6	50.6	62.9	4	100
11/09/2015 11:30	70.7	64.4	53.3	51.9	62.1	4	100
11/09/2015 11:35	57.3	58	50.8	45.3	53.7	4	100
11/09/2015 11:40	54.5	52.3	47.5	44	50.3	4	100
11/09/2015 11:45	44.3	40.5	38.6	39	40.9	4	100
11/09/2015 11:50	35	30.3	34.8	38.1	34.1	4	100
11/09/2015 11:55	38.6	36	34.3	22.8	34.8	4	100
11/09/2015 12:00	38.2	38.5	31.4	17	33.2	4	100
11/09/2015 12:05	38.3	41.3	34.2	17.3	35	4	100
11/09/2015 12:10	55	53	43.9	35.1	48.7	4	100
11/09/2015 12:15	63.6	59.5	49.2	43.6	56.2	4	100
11/09/2015 12:20	64.7	62.4	52.4	45.5	57.8	4	100
11/09/2015 12:25	66.9	63.7	55.5	43.8	59.9	4	100
11/09/2015 12:30	66.3	65	54	48.6	60.3	4	100
11/09/2015 12:35	69.9	65.9	56.9	51.8	62.9	4	100
11/09/2015 12:40	69	66.3	56.3	53.1	62.9	4	100
11/09/2015 12:45	69.8	65	58.1	51.2	63	4	100
11/09/2015 12:50	71.8	65.8	50.3	50.3	61.8	4	100
11/09/2015 12:55	73.5	67.9	54.2	48.6	63.7	4	100
11/09/2015 13:00	62	66.4	57.6	50.7	60.6	4	100
11/09/2015 13:05	65.9	66.2	57.8	49.5	61.3	4	100
11/09/2015 13:10	60.4	65.7	57.9	52.1	60	4	100
11/09/2015 13:15	67.5	66	58.7	52.9	62.6	4	100
11/09/2015 13:20	69.6	65.7	61	54	63.8	4	100
11/09/2015 13:25	70.4	65.6	58.4	54.7	63.9	4	100
11/09/2015 13:30	63.7	65.1	56	56.7	61.2	4	100
11/09/2015 13:35	66.4	63.9	55.8	57.4	61.7	4	100
11/09/2015 13:40	67.9	64.5	55.8	56.4	62.4	4	100
11/09/2015 13:45	69.6	64.5	54.3	56.8	62.5	4	100
11/09/2015 13:50	70.5	65.4	55.8	53.2	62.8	4	100
11/09/2015 13:55	73.5	65.6	56.9	52	63.9	4	100
11/09/2015 14:00	71.4	64	56.2	50.9	62.5	4	100
11/09/2015 14:05	45.9	64.3	58.5	50.3	56.3	4	100
11/09/2015 14:10	27.5	65.1	57.1	52.5	53.3	4	100
11/09/2015 14:15	47.7	64	59.9	54.1	56.8	4	100
11/09/2015 14:20	58.7	64.9	59.1	57	60.4	4	100
11/09/2015 14:25	64.2	65.4	63.2	55.4	63	4	100
11/09/2015 14:30	64.7	65.1	58.8	53	61.7	4	100
11/09/2015 14:35	59.7	59.8	54.9	50.4	57.3	4	100
11/09/2015 14:40	50.9	52.2	46.5	45	49.1	4	100
11/09/2015 14:45	51.9	51.9	47.2	49.9	50.3	4	100
11/09/2015 14:50	41.9	37.9	34.4	46.1	39.5	4	100
11/09/2015 14:55	47.7	44.4	39.4	48	44.6	4	100
11/09/2015 15:00	55.3	50.5	45.7	50.8	50.7	4	100
11/09/2015 15:05	57.9	52.8	49.3	49.8	52.9	4	100
11/09/2015 15:10	58	54.2	48.3	48.4	52.8	4	100
11/09/2015 15:15	59.7	55.3	50.8	46.6	54.1	4	100
11/09/2015 15:20	62.5	56.5	54.3	51	56.8	4	100
11/09/2015 15:25	59.5	54.9	48.3	49.1	53.4	4	100
11/09/2015 15:30	49	47.8	40.1	46.5	45.8	4	100
11/09/2015 15:35	43.3	40.2	38.3	43.5	41	4	100
11/09/2015 15:40	44.3	44.4	41	44.3	43.5	4	100
11/09/2015 15:45	35.7	39	37	43.4	38.2	4	100
11/09/2015 15:50	39.3	39.7	39.6	42.1	40	4	100
11/09/2015 15:55	38.6	38.4	39	46.1	40	4	100
11/09/2015 16:00	47.9	45.8	44.6	47.3	46.3	4	100
11/09/2015 16:05	53.2	50.1	47.5	48.2	49.9	4	100
11/09/2015 16:10	46.7	44.4	43	49	45.4	4	100
11/09/2015 16:15	40.7	39.6	37.1	44.3	40	4	100
11/09/2015 16:20	39	33.5	34.2	46.1	37.7	4	100
11/09/2015 16:25	47.7	43.6	41.2	48.1	44.9	4	100
11/09/2015 16:30	53.4	48.4	47	51.3	49.9	4	100
11/09/2015 16:35	57.7	52.5	48.8	52.9	53.3	4	100
11/09/2015 16:40	57	53.7	51.3	54.4	54.1	4	100
11/09/2015 16:45	45.8	49.7	45.7	54.7	48.4	4	100
11/09/2015 16:50	23.4	43.9	39.9	49.5	43	4	100
11/09/2015 16:55	24	37.3	35.8	50.1	35.2	4	100
11/09/2015 17:00	28.7	32.5	33.8	48.1	34.3	4	100
11/09/2015 17:05	29.5	32.8	30.7	45.7	33.6	4	100
11/09/2015 17:10	37.7	38.2	33.1	48.5	38.2	4	100
11/09/2015 17:15	40.4	39.7	35	46.1	39.8	4	100
11/09/2015 17:20	38.5	40	30.3	46.3	38.2	4	100
11/09/2015 17:25	37.2	39.3	27.7	42.7	36	4	100
11/09/2015 17:30	33.3	30.8	27	39	31.8	4	100
11/09/2015 17:35	32.9	35.8	30.4	43.3	34.8	4	100
11/09/2015 17:40	27.5	27.4	27.4	38.5	29.4	4	100
11/09/2015 17:45	26.5	24.8	25.9	38.3	27.8	4	100
11/09/2015 17:50	26.7	26	28.9	40.3	29.6	4	100
11/09/2015 17:55	28.6	26.6	27.3	43.4	30	4	100
11/09/2015 18:00	35.6	33.7	29.7	44.8	35.3	4	100
11/09/2015 18:05	39.7	38	30.8	44.6	37.6	4	100
11/09/2015 18:10	46	41.7	37.8	46.5	42.9	4	100
11/09/2015 18:15	43.8	35.8	36.1	45.8	39.9	4	100
11/09/2015 18:20	47.5	41.8	41.2	47	44.1	4	100
11/09/2015 18:25	40.7	38.3	35.3	46.5	39.4	4	100
11/09/2015 18:30	36.4	38.3	18.9	44.2	37.2	4	100
11/09/2015 18:35	36	37.5	10.2	37.4	35.5	4	100
11/09/2015 18:40	32.4	35.4	5.7	38	33.4	4	100
11/09/2015 18:45	34.3	35.4	3.2	39.4	35.1	4	100
11/09/2015 18:50	32.9	34.9	3	41	34.9	4	100
11/09/2015 18:55	33.3	37.5	3	40.1	35.6	4	100
11/09/2015 19:00	34	35.5	3	41.5	35.5	4	100
11/09/2015 19:05	32.4	32.2	3	39.1	33.3	4	100
11/09/2015 19:10	35.4	35.1	3	42.1	35.2	4	100
11/09/2015 19:15	38.1	35.5	17.5	41.3	32.9	4	100
11/09/2015 19:20	41.6	36.4	31.3	44.5	37.9	4	100
11/09/2015 19:25	51.7	48.3	45.6	47.8	48.6	4	100
11/09/2015 19:30	62.5	56.1	54.6	50.7	56.9	4	100
11/09/2015 19:35	66	61.1	58.5	52.1	61	4	100
11/09/2015 19:40	64.6	63.1	60.5	55.5	61.8	4	100
11/09/2015 19:45	68.6	62.9	60	55.7	62.5	4	100
11/09/2015 19:50	70.2	63.8	63.3	60.4	65.2	4	100
11/09/2015 19:55	67.6	64.1	59.7	59	63.2	4	100
11/09/2015 20:00	70.3	64.7	61.3	58.6	64.2	4	100
11/09/2015 20:05	59.4	64.7	57.5	59.9	60.6	4	100
11/09/2015 20:10	64.9	65.1	47.6	55.8	59.7	4	100
11/09/2015 20:15	55.2	65	24.1	53.5	57.5	4	100
11/09/2015 20:20	64.5	66	12.4	53.5	61.1	4	100
11/09/2015 20:25	70.6	68.1	19.1	59.9	57.2	4	100
11/09/2015 20:30	75.2	68.8	41.4	62.2	63.5	4	100
11/09/2015 20:35	77.8	69.6	55.2	61.2	67.4	4	100
11/09/2015 20:40	78.5	70.8	62.5	59.1	69.2	4	100
11/09/2015 20:45	78.5	70.1	65.9	58.9	69.5	4	100
11/09/2015 20:50	81.6	71	66.4	58.7	71.1	4	100
11/09/2015 20:55	76.9	68.7	60.1	59.6	67.9	4	100
11/09/2015 21:00	78.6	68.7	62.8	64.4	70	4	100
11/09/2015 21:05	77.3	70.3	65.4	64.9	70.6	4	100
11/09/2015 21:10	73.2	70.5	65.8	61.1	68.4	4	100
11/09/2015 21:15	75.1	70.5	64.7	59.1	68.5	4	100
11/09/2015 21:20	75.9	70.5	65.7	59.7	69.3	4	100
11/09/2015 21:25	79.3	70.9	65.5	63	70.4	4	100
11/09/2015 21:30	64.6	70.6	64.7	60.1	65.6	4	100
11/09/2015 21:35	65.7	71.1	62.9	58.9	65.1	4	100
11/09/2015 21:40	66.6	71.6	65.1	58	66	4	100
11/09/2015 21:45	66.5	72.1	65.5	58.1	65.6	4	100
11/09/2015 21:50	72.2	71.4	68.1	58	68.6	4	100
11/09/2015 21:55	73	71	63.5	53.8	67.3	4	100
11/09/2015 22:00	76.2	71.4	57.7	53.6	67.1	4	100
11/09/2015 22:05	78.3	70.9	64	57.3	69	4	100
11/09/2015 22:10	73.9	71.7	65	60.3	69.2	4	100
11/09/2015 22:15	75.6	71.4	66	63.8	70.1	4	100
11/09/2015 22:20	61.1	70.3	68.6	58.6	64.6	4	100
11/09/2015 22:25	68.5	70.7	68.9	63.5	68.2	4	100
11/09/2015 22:30	74.2	71.5	66.9	68.7	70.8	4	100
11/09/2015 22:35	79	71.8	66.3	62.8	71	4	100
11/09/2015 22:40	80.9	72.1	70.1	63.5	72.4	4	100
11/09/2015 22:45	81.3	72.3	69.7	59	72	4	100
11/09/2015 22:50	73.9	71.6	68.3	54.9	67.9	4	100
11/09/2015 22:55	78.6	72.5	66.8	60	71.8	4	100
11/09/2015 23:00	77.7	70.2	68.2	56.4	69.7	4	100
11/09/2015 23:05	75	71	72.6	59.2	70.8	4	100
11/09/2015 23:10	63.4	71.4	66.5	53.4	63.9	4	100
11/09/2015 23:15	71.8	70.5	64.7	55.1	65.8	4	100
11/09/2015 23:20	61.8	70.3	65.2	63.9	64.7	4	100
11/09/2015 23:25	71.1	71.8	64.7	58.4	66.6	4	100
11/09/2015 23:30	76.4	71.2	66.2	53.3	68.1	4	100
11/09/2015 23:35	65.8	70.5	68.8	58.3	66.1	4	100
11/09/2015 23:40	64.7	70.7	70.5	55.7	64.9	4	100
11/09/2015 23:45	72.6	72.1	64.3	54.9	67.5	4	100
11/09/2015 23:50	72.4	72.6	63.2	56.2	66.9	4	100
11/09/2015 23:55	75	72.4	64.9	58.9	69.3	4	100
11/10/2015 00:00	81.3	71	64.9	62.8	72.6	4	75
11/10/2015 00:05	74	70.8	64.7	61.7	68.2	4	75
11/10/2015 00:10	65.9	71.1	65	63.5	66.1	4	75
11/10/2015 00:15	71.8	71.1	65	65.1	68.2	4	75
11/10/2015 00:20	65.3	71	64.9	65.3	66.2	4	75
11/10/2015 00:25	66.1	71.3	65.2	58.4	65	4	75
11/10/2015 00:30	69.9	71.2	65.1	56.6	64.6	4	75
11/10/2015 00:35	47	70.9	64.8	53.8	55.6	4	75
11/10/2015 00:40	31.5	70.7	64.7	52.2	46.6	4	75
11/10/2015 00:45	50.8	71	64.9	55.5	57.1	4	75
11/10/2015 00:50	29.3	71.1	65	57.8	52.2	4	75
11/10/2015 00:55	15.7	70.8	64.7	62.8	49.1	4	75
11/10/2015 01:00	10.1	71.2	65.1	61.2	38.2	4	75
11/10/2015 01:05	44.8	71	64.9	60.9	55.3	4	75
11/10/2015 01:10	56.2	71	64.9	61.1	60.9	4	75
11/10/2015 01:15	36.5	71.2	65.1	59.4	51.9	4	75
11/10/2015 01:20	62.2	71.2	65.1	59.9	63.8	4	75
11/10/2015 01:25	65.8	71.1	65	52.8	62.5	4	75
11/10/2015 01:30	72.7	71.2	65.1	50.6	63.2	4	75
11/10/2015 01:35	77.5	71.1	65	50.6	65.1	4	75
11/10/2015 01:40	76.1	71	64.9	50.6	62.5	4	75
11/10/2015 01:45	69.5	71.2	65.1	48.4	63.1	4	75
11/10/2015 01:50	65.9	71.1	65	52.1	65	4	75
11/10/2015 01:55	57.4	71.1	65	55.3	58.1	4	75
11/10/2015 02:00	67.5	71	64.9	53.2	63.7	4	75
11/10/2015 02:05	74	70.8	64.7	52.3	67	4	75
11/10/2015 02:10	76.1	70.9	63.5	51.9	65.2	4	75
11/10/2015 02:15	76.2	70.9	64.8	59.5	66.8	4	75
11/10/2015 02:20	78.4	71	64.9	55.7	68.1	4	75
11/10/2015 02:25	65.7	71	64.9	52.7	61.3	4	75
11/10/2015 02:30	71.9	71.2	65.1	51.8	64.6	4	75
11/10/2015 02:35	75.4	71	64.9	55.8	65.5	4	75
11/10/2015 02:40	80	71	64.9	58.6	71.3	4	75
11/10/2015 02:45	76.5	71	64.9	56.9	65.2	4	75
11/10/2015 02:50	71.5	71.1	65	52.2	65.5	4	75
11/10/2015 02:55	74.2	71.1	65	52	63.2	4	75
11/10/2015 03:00	70.9	71.1	65	54.1	65.4	4	75
11/10/2015 03:05	65.5	71.1	65	55.8	61.2	4	75
11/10/2015 03:10	73.7	71.1	65	56.7	66.7	4	75
11/10/2015 03:15	71.9	71.1	65	49.1	65	4	75
11/10/2015 03:20	76.3	71.1	65	51.2	66.3	4	75
11/10/2015 03:25	55.4	70.9	64.8	58	58.4	4	75
11/10/2015 03:30	75.2	70.9	64.8	56.1	69	4	75
11/10/2015 03:35	80.3	71	64.9	56.6	68.1	4	75
11/10/2015 03:40	79.7	71	64.9	52.1	66	4	75
11/10/2015 03:45	83.5	71.1	65	53.3	69.4	4	75
11/10/2015 03:50	57.4	71.1	65	54.9	58.5	4	75
11/10/2015 03:55	77.4	70.9	64.8	60.7	70.9	4	75
11/10/2015 04:00	78.5	70.9	64.8	58.5	69.8	4	75
11/10/2015 04:05	71	71	64.9	55.6	64.5	4	75
11/10/2015 04:10	84.8	70.9	64.8	58.8	74.7	4	75
11/10/2015 04:15	75.7	70.9	64.8	57.2	69.1	4	75
11/10/2015 04:20	83.6	71	64.9	54.4	69.9	4	75
11/10/2015 04:25	66	71.3	65.2	55.7	64.7	4	75
11/10/2015 04:30	73.1	71.4	65.3	52.2	66	4	75
11/10/2015 04:35	80.1	71.7	65.5	56.4	70.8	4	75
11/10/2015 04:40	84.8	71	64.9	58.8	73.9	4	75
11/10/2015 04:45	84.8	72.2	66	55.4	71.9	4	75
11/10/2015 04:50	72.8	71.5	65.3	59.8	68.4	4	75
11/10/2015 04:55	76.5	71.1	65	63.4	70.1	4	75
11/10/2015 05:00	70.3	71.9	65.7	62.7	69	4	75
11/10/2015 05:05	74.3	72.5	66.2	63.4	70.9	4	75
11/10/2015 05:10	75.9	72.7	66.4	65.4	71.5	4	75
11/10/2015 05:15	77.8	72.4	66.1	61.8	71.6	4	75
11/10/2015 05:20	77.2	71.7	65.5	58	69.6	4	75
11/10/2015 05:25	59.3	71.6	65.4	65.4	64.7	4	75
11/10/2015 05:30	69.1	71.3	65.2	65.7	68.5	4	75
11/10/2015 05:35	62.3	70.9	64.8	65.1	65.6	4	75
11/10/2015 05:40	69.7	71.7	65.5	61.4	68.2	4	75
11/10/2015 05:45	70.8	70.2	64.2	57.9	67.1	4	75
11/10/2015 05:50	70.9	70.5	64.5	58	67.9	4	75
11/10/2015 05:55	63.7	69.7	63.8	56.1	64.1	4	75
11/10/2015 06:00	61.2	69.2	63.3	56	63.3	4	75
11/10/2015 06:05	66.7	69.1	63.3	57.3	65.8	4	75
11/10/2015 06:10	69	68.8	63	55.8	65.7	4	75
11/10/2015 06:15	44.3	69.7	63.8	55	59.8	4	75
11/10/2015 06:20	23.1	69.1	63.3	56.6	61.7	4	75
11/10/2015 06:25	11.9	69.2	63.3	61.8	64.2	4	75
11/10/2015 06:30	6.6	69.7	63.8	57.7	62.2	4	75
11/10/2015 06:35	3.9	70.1	64.1	58.3	62.4	4	75
11/10/2015 06:40	3	69.4	63.5	53.1	61.1	4	75
11/10/2015 06:45	3	68.1	62.4	48.8	59.1	4	75
11/10/2015 06:50	7.5	67.8	62.1	51.6	49	4	75
11/10/2015 06:55	23.5	68.1	62.4	51.8	49.6	4	75
11/10/2015 07:00	46	68.2	62.5	52.4	58.1	4	75
11/10/2015 07:05	54.9	67.6	62	57.2	60.9	4	75
11/10/2015 07:10	53.4	67.6	62	56.6	60.1	4	75
11/10/2015 07:15	59.7	66.2	60.7	51.8	60.3	4	75
11/10/2015 07:20	63.4	65.1	59.8	52.3	61.3	4	75
11/10/2015 07:25	65.8	65.3	60	49.5	61.3	4	75
11/10/2015 07:30	63.7	64.5	59.3	49	60.2	4	75
11/10/2015 07:35	52.3	50.1	46.7	47.9	49.7	4	75
11/10/2015 07:40	51.5	50.1	46.7	43.2	48.5	4	75
11/10/2015 07:45	51.3	48	44.9	43.1	47.6	4	75
11/10/2015 07:50	55.5	52.8	49.1	40.3	50.5	4	75
11/10/2015 07:55	55.6	54.7	50.7	42.2	52	4	75
11/10/2015 08:00	61.2	60.2	55.5	48	57.4	4	75
11/10/2015 08:05	65.4	63.1	58	48.6	60.3	4	75
11/10/2015 08:10	63.2	61	56.2	32.9	56.1	4	75
11/10/2015 08:15	55	57.6	53.3	22.2	51	4	75
11/10/2015 08:20	54	57	52.7	16	48.7	4	75
11/10/2015 08:25	52.8	55.6	51.5	12.5	47.5	4	75
11/10/2015 08:30	38.9	59	54.5	15.6	45.3	4	75
11/10/2015 08:35	43.6	64.5	59.3	31.6	51.1	4	75
11/10/2015 08:40	39.8	57.5	53.2	21.7	45.8	4	75
11/10/2015 08:45	43.4	52.1	48.5	17.4	43	4	75
11/10/2015 08:50	46.9	51.1	47.6	26	45.3	4	75
11/10/2015 08:55	56.4	58.8	54.3	34.1	53.8	4	75
11/10/2015 09:00	63.4	62.9	57.9	40.9	58.4	4	75
11/10/2015 09:05	65.6	66.2	60.7	46.7	61.8	4	75
11/10/2015 09:10	66.7	66.9	61.4	50.5	63.4	4	75
11/10/2015 09:15	60.1	66.6	61.1	53.5	61.5	4	75
11/10/2015 09:20	62.9	67	61.4	50.7	62.3	4	75
11/10/2015 09:25	62.6	66	60.6	51.2	61.6	4	75
11/10/2015 09:30	67.5	67.4	61.8	49.2	63	4	75
11/10/2015 09:35	67.4	67.4	61.8	49.9	63.6	4	75
11/10/2015 09:40	61.1	69.4	63.5	50.6	62.3	4	75
11/10/2015 09:45	67.2	69.2	63.3	50.8	64.3	4	75
11/10/2015 09:50	68.8	68.2	62.5	50.4	64.6	4	75
11/10/2015 09:55	68.9	67.9	62.2	53.3	64	4	75
11/10/2015 10:00	69.4	68.4	62.7	52.7	65.5	4	75
11/10/2015 10:05	67.5	68.6	62.8	49.2	63.5	4	75
11/10/2015 10:10	69.6	68.5	62.7	47.8	64.9	4	75
11/10/2015 10:15	69.5	68	62.3	48.5	63.4	4	75
11/10/2015 10:20	70.7	67.7	62	49.3	64.4	4	75
11/10/2015 10:25	69.2	68.1	62.4	49.2	64.2	4	75
11/10/2015 10:30	70.6	68.3	62.6	51	65.2	4	75
11/10/2015 10:35	71.7	68.3	62.6	49.7	65.8	4	75
11/10/2015 10:40	70.7	68.3	62.6	50.7	64.8	4	75
11/10/2015 10:45	71.4	67.9	62.2	52.3	65.4	4	75
11/10/2015 10:50	69.2	68.2	62.5	51.6	64.3	4	75
11/10/2015 10:55	69.7	68	62.3	51.4	65.1	4	75
11/10/2015 11:00	71	68.3	62.6	49.9	64.5	4	75
11/10/2015 11:05	61.1	68.2	62.5	47.7	62	4	75
11/10/2015 11:10	61.6	67.8	62.1	47.1	61.3	4	75
11/10/2015 11:15	66.4	67.2	61.6	47.4	62.8	4	75
11/10/2015 11:20	68	67	61.4	46.4	62.8	4	75
11/10/2015 11:25	67.9	67.7	62	48.8	64.2	4	75
11/10/2015 11:30	69.3	66.9	61.4	48.5	63.3	4	75
11/10/2015 11:35	68	67.1	61.5	51.1	63.9	4	75
11/10/2015 11:40	68.7	66.9	61.4	54.8	64.1	4	75
11/10/2015 11:45	66.6	65.8	60.4	54.2	63	4	75
11/10/2015 11:50	68.1	67.1	61.5	49.5	63.7	4	75
11/10/2015 11:55	66.2	67.5	61.9	50.5	63.5	4	75
11/10/2015 12:00	67.3	66.7	61.2	49.4	63.2	4	75
11/10/2015 12:05	66.9	67.4	61.8	48.3	62.9	4	75
11/10/2015 12:10	66.1	66.5	61	51.3	62.7	4	75
11/10/2015 12:15	66.4	67.2	61.6	52.3	63.4	4	75
11/10/2015 12:20	65	66.1	60.7	51.5	62.5	4	75
11/10/2015 12:25	68.2	66.5	61	51.2	63.7	4	75
11/10/2015 12:30	67.9	66.5	61	53.4	63.8	4	75
11/10/2015 12:35	68.2	67	61.4	54	64.1	4	75
11/10/2015 12:40	66	66.1	60.7	52.9	62.8	4	75
11/10/2015 12:45	65	65.3	60	53	62.4	4	75
11/10/2015 12:50	65.3	66.1	60.7	50.9	62.5	4	75
11/10/2015 12:55	65	65.4	60	47.6	61.2	4	75
11/10/2015 13:00	63.7	65.9	60.5	47.4	61.3	4	75
11/10/2015 13:05	65.3	66.3	60.8	55.4	63.3	4	75
11/10/2015 13:10	68.1	66.4	60.9	53.6	64	4	75
11/10/2015 13:15	66.1	66.3	60.8	52.7	63.1	4	75
11/10/2015 13:20	67.5	65.7	60.3	51.3	62.7	4	75
11/10/2015 13:25	63.7	63.6	58.5	47.1	59.8	4	75
11/10/2015 13:30	65.2	64.2	59	49.7	61.4	4	75
11/10/2015 13:35	65.5	64.1	58.9	51.1	61.5	4	75
11/10/2015 13:40	66.4	64.8	59.5	53.2	62.6	4	75
11/10/2015 13:45	65.8	64.5	59.3	49.6	61.9	4	75
11/10/2015 13:50	67	64.4	59.2	50.2	62.4	4	75
11/10/2015 13:55	67.1	64.2	59	52.7	62.1	4	75
11/10/2015 14:00	64.1	63.8	58.7	56.5	61.9	4	75
11/10/2015 14:05	66.8	63.6	58.5	54.7	62.5	4	75
11/10/2015 14:10	65.9	63	58	51.7	61.1	4	75
11/10/2015 14:15	62.1	63.3	58.2	52.7	60.1	4	75
11/10/2015 14:20	62.7	63	58	52.6	60.2	4	75
11/10/2015 14:25	66.6	62.6	57.6	51.3	61.3	4	75
11/10/2015 14:30	66	62.7	57.7	52.3	61.5	4	75
11/10/2015 14:35	65.4	61.8	56.9	49.8	60	4	75
11/10/2015 14:40	47.8	46.6	43.7	46.5	46.3	4	75
11/10/2015 14:45	47.6	45.3	42.6	46.3	45.6	4	75
11/10/2015 14:50	54.2	52.6	48.9	48.7	51.7	4	75
11/10/2015 14:55	45.4	41.2	39	49.5	43.5	4	75
11/10/2015 15:00	50.7	47.5	44.5	48.8	48.2	4	75
11/10/2015 15:05	46.1	44.5	41.9	48.1	45.2	4	75
11/10/2015 15:10	43.2	41.6	39.4	42.3	41.8	4	75
11/10/2015 15:15	48	46.7	43.8	46.1	46.4	4	75
11/10/2015 15:20	36.7	41.6	39.4	41.6	39.6	4	75
11/10/2015 15:25	37	40.2	38.1	40.5	38.8	4	75
11/10/2015 15:30	24.4	32.9	31.8	42.5	32.5	4	75
11/10/2015 15:35	36.4	39.1	37.2	45.1	38.8	4	75
11/10/2015 15:40	32.9	36.2	34.7	41.5	35.7	4	75
11/10/2015 15:45	38.8	41.6	39.4	46.6	41.2	4	75
11/10/2015 15:50	31.6	34.1	32.8	42.3	34.7	4	75
11/10/2015 15:55	31.2	32.8	31.7	43.1	34.1	4	75
11/10/2015 16:00	32.8	33.1	32	42.4	34.5	4	75
11/10/2015 16:05	29.6	32.7	31.6	40.3	33	4	75
11/10/2015 16:10	26.8	30.2	29.5	37.8	30.3	4	75
11/10/2015 16:15	25.3	30.3	29.5	37.8	30	4	75
11/10/2015 16:20	28.2	29.5	28.8	39.8	30.7	4	75
11/10/2015 16:25	32.2	34.2	32.9	41	34.7	4	75
11/10/2015 16:30	34.1	36	34.5	42.6	36.1	4	75
11/10/2015 16:35	29.6	31.7	30.8	39.2	32.1	4	75
11/10/2015 16:40	30.7	32.4	31.4	41	33.1	4	75
11/10/2015 16:45	27.1	28.6	28.1	40.2	30.4	4	75
11/10/2015 16:50	23	27.1	26.8	43.7	29.1	4	75
11/10/2015 16:55	12.1	28.6	28.1	44.4	31.7	4	75
11/10/2015 17:00	14.8	27.7	27.3	43.7	26.7	4	75
11/10/2015 17:05	25.5	32.9	31.8	43.7	31.8	4	75
11/10/2015 17:10	26.6	31.9	30.9	41.7	31.8	4	75
11/10/2015 17:15	32.6	35.2	33.8	40.4	35.1	4	75
11/10/2015 17:20	26.8	29.8	29.1	37.9	30.2	4	75
11/10/2015 17:25	29	31.1	30.2	40.2	31.8	4	75
11/10/2015 17:30	26.9	25.5	25.4	41.4	28.7	4	75
11/10/2015 17:35	27.3	24.9	24.8	44.2	28.9	4	75
11/10/2015 17:40	32.5	31.8	30.8	44.9	33.9	4	75
11/10/2015 17:45	31.6	34	32.8	43.5	34.8	4	75
11/10/2015 17:50	32.1	34.2	32.9	44.9	35	4	75
11/10/2015 17:55	29.8	33.6	32.4	43.7	34.2	4	75
11/10/2015 18:00	33.9	36.2	34.7	43.1	36.3	4	75
11/10/2015 18:05	28.9	34.6	33.3	44.2	34.2	4	75
11/10/2015 18:10	32.4	35.7	34.2	44.1	35.5	4	75
11/10/2015 18:15	29	33.1	32	38.5	32.3	4	75
11/10/2015 18:20	36	37.4	35.7	41.5	37.3	4	75
11/10/2015 18:25	34.9	37.6	35.9	40.5	36.8	4	75
11/10/2015 18:30	32.5	36.9	35.3	38.7	35.5	4	75
11/10/2015 18:35	32.1	32.9	31.8	33.4	32.5	4	75
11/10/2015 18:40	22.3	38.7	36.8	38.5	33.7	4	75
11/10/2015 18:45	27.3	34.2	32.9	40.6	32.9	4	75
11/10/2015 18:50	31.6	33	31.9	41.2	33.7	4	75
11/10/2015 18:55	38.9	39.4	37.4	43.6	39.5	4	75
11/10/2015 19:00	38.8	37.3	35.6	42.7	38.5	4	75
11/10/2015 19:05	39.1	41.9	39.6	44.3	41	4	75
11/10/2015 19:10	46.5	48.1	45	45	46.4	4	75
11/10/2015 19:15	53.1	52.6	48.9	47.3	51	4	75
11/10/2015 19:20	58.4	57	52.7	50.7	55.6	4	75
11/10/2015 19:25	59.1	56.4	52.2	49.6	55.2	4	75
11/10/2015 19:30	60.9	58.4	54	50.4	57	4	75
11/10/2015 19:35	63.8	60.8	56	50.3	58.7	4	75
11/10/2015 19:40	63	59.1	54.6	52.6	58.1	4	75
11/10/2015 19:45	61.4	60	55.4	54.7	58.5	4	75
11/10/2015 19:50	59.4	60	55.4	57.2	58.4	4	75
11/10/2015 19:55	60.2	59.8	55.2	54.9	58.2	4	75
11/10/2015 20:00	59	59.4	54.8	53.4	57.2	4	75
11/10/2015 20:05	56.3	56.8	52.6	53.8	55.3	4	75
11/10/2015 20:10	49.1	45.8	43	49.9	47	4	75
11/10/2015 20:15	46.1	45.8	43	49.1	46	4	75
11/10/2015 20:20	38.5	43	40.6	50.7	42.6	4	75
11/10/2015 20:25	47.5	49.4	46.1	51.5	48.5	4	75
11/10/2015 20:30	55.1	54.4	50.5	52.7	53.6	4	75
11/10/2015 20:35	60.2	58.7	54.2	54.3	57.4	4	75
11/10/2015 20:40	61.9	59.9	55.3	54	58.3	4	75
11/10/2015 20:45	64.2	63.1	58	53.1	60.6	4	75
11/10/2015 20:50	65.4	66	60.6	61.6	63.9	4	75
11/10/2015 20:55	65.7	66.7	61.2	60.1	64	4	75
11/10/2015 21:00	73.4	68.9	63.1	55.5	66.8	4	75
11/10/2015 21:05	63.3	69.5	63.6	56	63.3	4	75
11/10/2015 21:10	73	70	64	58.1	67.3	4	75
11/10/2015 21:15	73.9	70.3	64.3	62.8	69.2	4	75
11/10/2015 21:20	68.2	69.3	63.4	61.5	66.3	4	75
11/10/2015 21:25	57.2	68.5	62.7	62.1	62.7	4	75
11/10/2015 21:30	68.8	70.3	64.3	63.4	67.4	4	75
11/10/2015 21:35	67.7	70.7	64.7	57.7	66.6	4	75
11/10/2015 21:40	69.9	71.1	65	60.8	67.3	4	75
11/10/2015 21:45	74.9	70.6	64.6	60.9	68.7	4	75
11/10/2015 21:50	79.9	70.6	64.6	62	70.7	4	75
11/10/2015 21:55	68.8	70	64	58.1	66.1	4	75
11/10/2015 22:00	70	69.7	63.8	51.8	65.6	4	75
11/10/2015 22:05	73.7	70.7	64.7	56.3	67.7	4	75
11/10/2015 22:10	74.1	70.6	64.6	56.6	68	4	75
11/10/2015 22:15	78.5	69.1	63.3	56.5	68.4	4	75
11/10/2015 22:20	77.6	68.9	63.1	55.3	67.6	4	75
11/10/2015 22:25	48.6	69.5	63.6	57.2	58.5	4	75
11/10/2015 22:30	24.9	70.6	64.6	62.1	63.1	4	75
11/10/2015 22:35	12.8	71.4	65.3	59.3	63.7	4	75
11/10/2015 22:40	18.9	72.1	65.9	59.7	50.2	4	75
11/10/2015 22:45	48.8	72.7	66.4	64.9	61.6	4	75
11/10/2015 22:50	60	72.6	66.3	60.2	64.8	4	75
11/10/2015 22:55	68.7	71.2	65.1	57.8	66.6	4	75
11/10/2015 23:00	61	70.9	64.8	56.6	63.5	4	75
11/10/2015 23:05	64.9	71.4	65.3	61.3	65.7	4	75
11/10/2015 23:10	71	70.7	64.7	59.9	67.3	4	75
11/10/2015 23:15	63.1	71	64.9	64.7	65.3	4	75
11/10/2015 23:20	72.1	70.9	64.8	61.6	67.9	4	75
11/10/2015 23:25	66.7	71.1	65	63.1	66.8	4	75
11/10/2015 23:30	53	70.4	64.4	61.1	59.6	4	75
11/10/2015 23:35	64.9	70.3	64.3	60.2	65	4	75
11/10/2015 23:40	77.3	70.9	64.8	67	71.8	4	75
11/10/2015 23:45	77.1	71.1	65	62.5	71.4	4	75
11/10/2015 23:50	83.1	71.5	65.3	64.4	72.8	4	75
11/10/2015 23:55	84.8	71.5	65.3	68	74.1	4	75
11/11/2015 00:00	77.4	71	64.9	60.6	69.1	4	75
11/11/2015 00:05	62.6	71.4	65.3	61.2	64.3	4	75
11/11/2015 00:10	66.7	71.6	65.4	62.8	66.2	4	75
11/11/2015 00:15	47.9	72.2	66	57.4	57.8	4	75
11/11/2015 00:20	44.3	71.5	65.3	57.6	54.6	4	75
11/11/2015 00:25	64	71.1	65	65.3	65.8	4	75
11/11/2015 00:30	71.2	71.3	65.2	63.9	68.3	4	75
11/11/2015 00:35	59.5	71.3	65.2	58.9	62.7	4	75
11/11/2015 00:40	73.9	71.1	65	56.4	69	4	75
11/11/2015 00:45	77.5	71.1	65	57.4	70.3	4	75
11/11/2015 00:50	80.2	71.6	65.4	55.4	67.9	4	75
11/11/2015 00:55	79.2	71.2	65.1	58.4	70.9	4	75
11/11/2015 01:00	60.6	71.1	65	58.6	61.8	4	75
11/11/2015 01:05	78.1	70.7	64.7	55.8	68.5	4	75
11/11/2015 01:10	72.6	71	64.9	57.1	65.9	4	75
11/11/2015 01:15	76.4	71.1	65	60.4	67.7	4	75
11/11/2015 01:20	75.6	70.9	64.8	61.7	69.5	4	75
11/11/2015 01:25	65.7	70.7	64.7	58.2	63.6	4	75
11/11/2015 01:30	76.6	70.7	64.7	59.9	69.5	4	75
11/11/2015 01:35	59.1	70.7	64.7	56.7	61.6	4	75
11/11/2015 01:40	46.9	70.6	64.6	56.2	52.4	4	75
11/11/2015 01:45	70.7	70.7	64.7	61.7	67.4	4	75
11/11/2015 01:50	79.8	70.8	64.7	65.8	73.2	4	75
11/11/2015 01:55	84.8	70.9	64.8	63.6	77.2	4	75
11/11/2015 02:00	60.1	70.9	64.8	65.1	62.2	4	75
11/11/2015 02:05	78.3	71	64.9	60.3	70.5	4	75
11/11/2015 02:10	84.8	70.9	64.8	64.3	76.2	4	75
11/11/2015 02:15	84.8	70.7	64.7	62	74.2	4	75
11/11/2015 02:20	84.8	70.7	64.7	70.3	74.8	4	75
11/11/2015 02:25	72.1	70.7	64.7	68.7	69.9	4	75
11/11/2015 02:30	67.4	70.8	64.7	64.3	66.2	4	75
11/11/2015 02:35	77.9	71	64.9	63.3	71.2	4	75
11/11/2015 02:40	80.7	71.1	65	64.1	72.5	4	75
11/11/2015 02:45	81.4	71	64.9	63.9	71.6	4	75
11/11/2015 02:50	84.8	71	64.9	61.4	72.9	4	75
11/11/2015 02:55	83.9	71	64.9	61.4	75	4	75
11/11/2015 03:00	84.8	71	64.9	62.4	76.7	4	75
11/11/2015 03:05	54.7	71	64.9	60.7	59.4	4	75
11/11/2015 03:10	69.1	71.1	65	65.5	67.4	4	75
11/11/2015 03:15	76.7	71	63.6	63.5	69.6	4	75
11/11/2015 03:20	84.8	70.8	64.7	59.3	74.2	4	75
11/11/2015 03:25	84.8	70.9	64.8	58.2	73.4	4	75
11/11/2015 03:30	61.3	71.2	65.1	55.1	61.7	4	75
11/11/2015 03:35	72.3	71	64.9	57.4	65.5	4	75
11/11/2015 03:40	80	71.1	65	59.7	71.9	4	75
11/11/2015 03:45	69.4	71.3	65.2	68.3	68.7	4	75
11/11/2015 03:50	66.9	71.2	65.1	59.8	65.4	4	75
11/11/2015 03:55	75.7	71	64.9	59.8	68.7	4	75
11/11/2015 04:00	83.4	71	64.9	63.4	73.8	4	75
11/11/2015 04:05	84.8	70.9	64.8	65.5	75.1	4	75
11/11/2015 04:10	77.8	70.9	64.8	64.9	72.7	4	75
11/11/2015 04:15	77.9	70.9	64.8	58.3	68.8	4	75
11/11/2015 04:20	82.6	70.9	64.8	57.2	71.8	4	75
11/11/2015 04:25	82.4	71.3	65.2	61.4	73.7	4	75
11/11/2015 04:30	68.6	71.1	65	59.9	65.7	4	75
11/11/2015 04:35	55.7	70.8	64.7	61	60.7	4	75
11/11/2015 04:40	69.7	70.6	64.6	59.7	65.8	4	75
11/11/2015 04:45	54.7	70.4	64.4	61	60.5	4	75
11/11/2015 04:50	66	70.6	64.6	57.4	64.9	4	75
11/11/2015 04:55	53.4	70.2	64.2	61.8	59.6	4	75
11/11/2015 05:00	70	70.8	64.7	62.6	68	4	75
11/11/2015 05:05	74.6	71.1	65	60.2	69.5	4	75
11/11/2015 05:10	78.6	72	65.8	62.8	72	4	75
11/11/2015 05:15	78.7	72.5	66.2	60.8	71.6	4	75
11/11/2015 05:20	77.2	71.3	65.2	59.6	69.2	4	75
11/11/2015 05:25	74.7	70.4	64.4	63	69.5	4	75
11/11/2015 05:30	76.5	69.9	64	61.1	68.9	4	75
11/11/2015 05:35	72.4	68.5	62.7	63.3	67.8	4	75
11/11/2015 05:40	73.4	69.2	63.3	64.1	68.7	4	75
11/11/2015 05:45	75.1	70.4	64.4	64.4	69.6	4	75
11/11/2015 05:50	71.5	70.7	64.7	57.9	67.2	4	75
11/11/2015 05:55	75.1	70.4	64.4	62.9	69.3	4	75
11/11/2015 06:00	74.1	71.1	65	56.8	68.7	4	75
11/11/2015 06:05	72.3	70	64	53.8	67.2	4	75
11/11/2015 06:10	66.4	70.5	64.5	52.2	65.3	4	75
11/11/2015 06:15	71.1	70.2	64.2	56.5	67.3	4	75
11/11/2015 06:20	72.5	70.4	64.4	58	68.2	4	75
11/11/2015 06:25	72.2	71.4	65.3	60.4	68.6	4	75
11/11/2015 06:30	66.1	71	64.9	58.5	65.8	4	75
11/11/2015 06:35	67	70.4	64.4	57.9	65.9	4	75
11/11/2015 06:40	70.1	69.3	63.4	55.2	65.8	4	75
11/11/2015 06:45	71.1	69.3	63.4	56.9	67	4	75
11/11/2015 06:50	72.2	69.2	63.3	57.9	66.6	4	75
11/11/2015 06:55	73.1	69	63.2	53.9	66.6	4	75
11/11/2015 07:00	67.5	69.7	63.8	51.6	65	4	75
11/11/2015 07:05	68.1	69.4	63.5	52	65.5	4	75
11/11/2015 07:10	60.1	69.5	63.6	51.7	61.7	4	75
11/11/2015 07:15	66.9	69.5	63.6	53	64.5	4	75
11/11/2015 07:20	67.6	69.8	63.9	53.3	65.3	4	75
11/11/2015 07:25	66.6	68.7	62.9	52.9	63.9	4	75
11/11/2015 07:30	61.4	69.2	63.3	52.7	62.7	4	75
11/11/2015 07:35	66.1	68.8	63	55.1	64.3	4	75
11/11/2015 07:40	63.7	67.6	62	53.5	63.2	4	75
11/11/2015 07:45	66.8	67.6	62	55.3	64	4	75
11/11/2015 07:50	68.1	67.6	62	53.2	64.1	4	75
11/11/2015 07:55	70.1	68.5	62.7	57.3	66	4	75
11/11/2015 08:00	68.1	68	62.3	52.9	64.6	4	75
11/11/2015 08:05	70.4	67.4	61.8	54.2	65.2	4	75
11/11/2015 08:10	70.3	66.8	61.3	54	64.8	4	75
11/11/2015 08:15	60	67.2	61.6	53.6	61.6	4	75
11/11/2015 08:20	58.1	67.5	61.9	53.5	61	4	75
11/11/2015 08:25	58.8	66.6	61.1	54.6	60.9	4	75
11/11/2015 08:30	60.3	66.3	60.8	52.5	61.1	4	75
11/11/2015 08:35	63.7	66.2	60.7	50.9	62	4	75
11/11/2015 08:40	67.7	66.7	61.2	53.6	63.9	4	75
11/11/2015 08:45	63.2	66.6	61.1	51.6	61.7	4	75
11/11/2015 08:50	66.8	67.3	61.7	50.6	63.5	4	75
11/11/2015 08:55	70.2	68.2	62.5	51.9	65.1	4	75
11/11/2015 09:00	70.1	68.7	62.9	52.2	65.6	4	75
11/11/2015 09:05	54.9	68.7	62.9	56.7	60.7	4	75
11/11/2015 09:10	60	67.6	62	57.1	62.6	4	75
11/11/2015 09:15	66.8	67.4	61.8	58.1	64.6	4	75
11/11/2015 09:20	68.3	67.3	61.7	53.2	64	4	75
11/11/2015 09:25	69.4	67.2	61.6	55	64.5	4	75
11/11/2015 09:30	70.7	66.7	61.2	54.9	64.6	4	75
11/11/2015 09:35	71.3	67.8	62.1	47.9	64.7	4	75
11/11/2015 09:40	63.8	67.5	61.9	50	62.2	4	75
11/11/2015 09:45	64.6	68.2	62.5	49	62.6	4	75
11/11/2015 09:50	66.2	68.1	62.4	53.1	63.4	4	75
11/11/2015 09:55	68.1	67.6	62	53.6	64.7	4	75
11/11/2015 10:00	67.5	67.5	61.9	51.9	64.2	4	75
11/11/2015 10:05	70.5	67.5	61.9	53.9	64.8	4	75
11/11/2015 10:10	70.8	68.3	62.6	55	65.9	4	75
11/11/2015 10:15	70.9	67.4	61.8	56.3	65.8	4	75
11/11/2015 10:20	70.1	66.8	61.3	55.3	64.8	4	75
11/11/2015 10:25	67.1	66	60.6	57.3	64.1	4	75
11/11/2015 10:30	68.3	65.9	60.5	57.8	64.4	4	75
11/11/2015 10:35	68.3	67.3	61.7	59.9	65.3	4	75
11/11/2015 10:40	68.1	66.9	61.4	57.3	64.8	4	75
11/11/2015 10:45	68.9	66.7	61.2	55.7	64.5	4	75
11/11/2015 10:50	68.1	66	60.6	53.2	63.5	4	75
11/11/2015 10:55	67.7	65.7	60.3	53	63.3	4	75
11/11/2015 11:00	64.7	66.1	60.7	53.6	62.3	4	75
11/11/2015 11:05	66.6	66.2	60.7	55.7	63.7	4	75
11/11/2015 11:10	67.2	66.3	60.8	56.1	63.9	4	75
11/11/2015 11:15	66.5	66.7	61.2	53.6	63.1	4	75
11/11/2015 11:20	67.7	66.5	61	56.3	64.2	4	75
11/11/2015 11:25	68.7	66.5	61	56.3	64.6	4	75
11/11/2015 11:30	69.2	66.4	60.9	54.2	64.2	4	75
11/11/2015 11:35	68.9	65.8	60.4	54.7	64.1	4	75
11/11/2015 11:40	66.8	65.9	60.5	54.2	63.2	4	75
11/11/2015 11:45	65.7	67.3	61.7	51.6	63.4	4	75
11/11/2015 11:50	65.9	65.5	60.1	52.9	62.8	4	75
11/11/2015 11:55	67.6	65.2	59.9	54.5	63.5	4	75
11/11/2015 12:00	68.2	66	60.6	55.3	63.9	4	75
11/11/2015 12:05	66.6	65.3	60	58.6	63.7	4	75
11/11/2015 12:10	65.6	66.7	61.2	52.9	63.4	4	75
11/11/2015 12:15	67.7	65.7	60.3	49.4	62.8	4	75
11/11/2015 12:20	67.2	66.1	60.7	55	63.8	4	75
11/11/2015 12:25	65	66	60.6	54.3	62.9	4	75
11/11/2015 12:30	66.9	66.8	61.3	57.4	64.1	4	75
11/11/2015 12:35	68.5	66.3	60.8	56.4	64.3	4	75
11/11/2015 12:40	68.3	65.6	60.2	56.1	63.8	4	75
11/11/2015 12:45	63.5	66.6	61.1	56	62.7	4	75
11/11/2015 12:50	66.7	66.7	61.2	56.2	64	4	75
11/11/2015 12:55	60.6	66.6	61.1	57.6	62.1	4	75
11/11/2015 13:00	59.5	66.3	60.8	56.1	61.5	4	75
11/11/2015 13:05	66.1	65.8	60.4	57.7	63.7	4	75
11/11/2015 13:10	67.1	65.5	60.1	55.8	63.3	4	75
11/11/2015 13:15	66.2	65.5	60.1	56.8	63.2	4	75
11/11/2015 13:20	64.6	65.6	60.2	57.1	62.9	4	75
11/11/2015 13:25	54.4	65.2	59.9	53.3	59.1	4	75
11/11/2015 13:30	60.6	65.1	59.8	54.3	60.9	4	75
11/11/2015 13:35	62.5	64	58.8	54.4	61	4	75
11/11/2015 13:40	64	64.7	59.4	55.8	62.1	4	75
11/11/2015 13:45	65.4	64.3	59.1	54.7	62.2	4	75
11/11/2015 13:50	66.8	64.2	59	50.7	62	4	75
11/11/2015 13:55	68	64.2	59	54.9	63	4	75
11/11/2015 14:00	67.8	63.7	58.6	61.7	63.6	4	75
11/11/2015 14:05	67.6	64.2	59	60.5	63.6	4	75
11/11/2015 14:10	66.4	63.6	58.5	59.9	62.8	4	75
11/11/2015 14:15	66.2	63.6	58.5	55.4	62.3	4	75
11/11/2015 14:20	67.8	64.2	59	56.6	62.9	4	75
11/11/2015 14:25	63.4	63.5	58.4	57.1	61.4	4	75
11/11/2015 14:30	63.8	62.6	57.6	55.5	60.8	4	75
11/11/2015 14:35	64.3	61.7	56.8	53.4	60.4	4	75
11/11/2015 14:40	63.6	62.4	57.4	55.9	60.7	4	75
11/11/2015 14:45	63.4	62.5	57.5	54.4	60.4	4	75
11/11/2015 14:50	63.3	60.7	56	57.3	60	4	75
11/11/2015 14:55	62.9	61.3	56.5	55.7	59.9	4	75
11/11/2015 15:00	64.6	60.9	56.1	55.5	60.3	4	75
11/11/2015 15:05	64.7	61.9	57	55.7	60.8	4	75
11/11/2015 15:10	63.4	61.8	56.9	56.1	60.4	4	75
11/11/2015 15:15	64.7	62.2	57.3	58.6	61.3	4	75
11/11/2015 15:20	63	61.8	56.9	58.1	60.6	4	75
11/11/2015 15:25	63.2	61.4	56.6	59.8	60.7	4	75
11/11/2015 15:30	63	61.3	56.5	60.4	60.7	4	75
11/11/2015 15:35	62.2	60.7	56	58	59.9	4	75
11/11/2015 15:40	63	61.1	56.3	57.9	60.2	4	75
11/11/2015 15:45	63.3	60.1	55.4	56	59.6	4	75
11/11/2015 15:50	50.1	45.8	43	54.1	48.2	4	75
11/11/2015 15:55	52.5	47.6	44.6	53.4	49.5	4	75
11/11/2015 16:00	58.1	53.4	49.6	56	54.5	4	75
11/11/2015 16:05	60.5	56.5	52.3	57.2	57.1	4	75
11/11/2015 16:10	62.8	59.1	54.6	56.1	58.9	4	75
11/11/2015 16:15	59.1	56.2	52.1	55	56.1	4	75
11/11/2015 16:20	60.9	58.3	53.9	55.9	57.8	4	75
11/11/2015 16:25	62	59	54.5	57.1	58.8	4	75
11/11/2015 16:30	63.2	59.6	55	55.2	59.2	4	75
11/11/2015 16:35	63.2	59.9	55.3	59.9	60	4	75
11/11/2015 16:40	54.2	59.9	55.3	60.2	57.2	4	75
11/11/2015 16:45	52.8	59.7	55.1	57	56	4	75
11/11/2015 16:50	50.5	59.9	55.3	58.9	55.5	4	75
11/11/2015 16:55	56.7	59.3	54.7	58.9	57.5	4	75
11/11/2015 17:00	59.7	60	55.4	58.6	58.7	4	75
11/11/2015 17:05	61.7	59.9	55.3	56.5	59.1	4	75
11/11/2015 17:10	57.1	58.6	54.1	57	57	4	75
11/11/2015 17:15	61	59	54.5	58.1	58.5	4	75
11/11/2015 17:20	61.2	59	54.5	59.8	59	4	75
11/11/2015 17:25	62.2	57.4	53.1	59.5	58.4	4	75
11/11/2015 17:30	61.2	57.1	52.8	61.9	58.5	4	75
11/11/2015 17:35	60.8	56.1	52	61.7	57.8	4	75
11/11/2015 17:40	61.2	57.3	53	61.7	58.3	4	75
11/11/2015 17:45	61.6	58.7	54.2	58.9	58.7	4	75
11/11/2015 17:50	59.8	57.9	53.5	58.4	57.7	4	75
11/11/2015 17:55	60.2	57.7	53.4	55.7	57.3	4	75
11/11/2015 18:00	55.4	56.9	52.7	53.8	55	4	75
11/11/2015 18:05	57.3	55.7	51.6	55	55.2	4	75
11/11/2015 18:10	59.6	56.4	52.2	53.8	56.2	4	75
11/11/2015 18:15	60.4	55.5	51.4	56	56.3	4	75
11/11/2015 18:20	50.3	50.2	46.8	51.9	49.9	4	75
11/11/2015 18:25	46.2	47.6	44.6	49.1	46.9	4	75
11/11/2015 18:30	51.6	52.2	48.6	54.2	51.6	4	75
11/11/2015 18:35	50.7	45.4	42.7	52.8	47.9	4	75
11/11/2015 18:40	52.7	47.3	44.3	50.9	49.1	4	75
11/11/2015 18:45	57.9	53.3	49.5	52.9	53.9	4	75
11/11/2015 18:50	61.9	57.1	52.8	56	57.6	4	75
11/11/2015 18:55	62	58.9	54.4	54.5	58	4	75
11/11/2015 19:00	65.4	61.6	56.7	58.1	61.3	4	75
11/11/2015 19:05	66.3	62.6	57.6	60.2	62.4	4	75
11/11/2015 19:10	67.8	63.2	58.1	61.8	63.5	4	75
11/11/2015 19:15	67.9	63.1	58	62.7	63.4	4	75
11/11/2015 19:20	67.2	62.4	57.4	58.7	62.3	4	75
11/11/2015 19:25	67.3	63	58	57.4	62.6	4	75
11/11/2015 19:30	60.2	64.5	59.3	59	61.1	4	75
11/11/2015 19:35	63.9	64.6	59.4	60.8	62.7	4	75
11/11/2015 19:40	66.3	65.2	59.9	57.6	63.2	4	75
11/11/2015 19:45	69.3	65.7	60.3	59.6	64.5	4	75
11/11/2015 19:50	71.2	65.8	60.4	54.5	64.3	4	75
11/11/2015 19:55	69.6	67.1	61.5	61.7	65.8	4	75
11/11/2015 20:00	71.3	67.4	61.8	59.6	66.2	4	75
11/11/2015 20:05	71.3	67.1	61.5	60.1	66.1	4	75
11/11/2015 20:10	70.9	67.4	61.8	62.4	66.5	4	75
11/11/2015 20:15	59.1	67.3	61.7	61.4	62.4	4	75
11/11/2015 20:20	66.6	67.9	62.2	62.6	65.4	4	75
11/11/2015 20:25	65.7	67.6	62	61.3	64.8	4	75
11/11/2015 20:30	67.9	68.3	62.6	59.7	65	4	75
11/11/2015 20:35	68	69	63.2	56.6	65.3	4	75
11/11/2015 20:40	71.1	68.8	63	56.8	66.3	4	75
11/11/2015 20:45	70.3	68.6	62.8	59.4	66.5	4	75
11/11/2015 20:50	71.6	67.7	62	61.6	67	4	75
11/11/2015 20:55	72.5	68.5	62.7	58.9	66.9	4	75
11/11/2015 21:00	72.2	69.8	63.9	58.8	67.1	4	75
11/11/2015 21:05	71.7	69.7	63.8	57.2	67.2	4	75
11/11/2015 21:10	69.2	69.4	63.5	57.9	65.9	4	75
11/11/2015 21:15	68.4	70.1	64.1	55.5	65.7	4	75
11/11/2015 21:20	73.2	70.4	64.4	58	68	4	75
11/11/2015 21:25	76.1	70.8	64.7	56.1	68.6	4	75
11/11/2015 21:30	77	71.3	65.2	57.8	69.9	4	75
11/11/2015 21:35	77.5	72	65.8	61.8	71.1	4	75
11/11/2015 21:40	76.2	71	64.9	67.4	71	4	75
11/11/2015 21:45	76.8	71.7	65.5	66.4	71.3	4	75
11/11/2015 21:50	74.1	70.5	64.5	64.6	69.3	4	75
11/11/2015 21:55	66.2	71	64.9	60.1	65.5	4	75
11/11/2015 22:00	49.7	71.3	65.2	58.4	60.8	4	75
11/11/2015 22:05	61.8	71.9	65.7	59.8	64.7	4	75
11/11/2015 22:10	68.8	71.1	65	58.3	66.4	4	75
11/11/2015 22:15	63.7	70.8	64.7	57.9	65.1	4	75
11/11/2015 22:20	69.4	70	64	56.7	66	4	75
11/11/2015 22:25	76	70.5	64.5	54.3	67.9	4	75
11/11/2015 22:30	78.1	71.3	65.2	59.5	69.9	4	75
11/11/2015 22:35	75.6	71.1	65	56.6	68.6	4	75
11/11/2015 22:40	69	71.3	65.2	56.1	66.1	4	75
11/11/2015 22:45	74.9	72.4	66.1	57.9	69.3	4	75
11/11/2015 22:50	71.3	72.7	66.4	55	67.6	4	75
11/11/2015 22:55	75	72.6	66.3	58.9	69.1	4	75
11/11/2015 23:00	77.7	71.1	65	61.9	70.9	4	75
11/11/2015 23:05	73.8	68.8	63	61.9	68.4	4	75
11/11/2015 23:10	65	69.4	63.5	57.5	64.3	4	75
11/11/2015 23:15	53.4	70.8	64.7	56	59.4	4	75
11/11/2015 23:20	66.6	71.8	65.6	58.8	66	4	75
11/11/2015 23:25	75.3	71.1	65	60.5	69.7	4	75
11/11/2015 23:30	73.2	73	66.7	62.9	70.1	4	75
11/11/2015 23:35	73.5	72.4	66.1	56	68.8	4	75
11/11/2015 23:40	76.2	70.9	64.8	59.7	69.2	4	75
11/11/2015 23:45	76.6	72.5	66.2	58	70.4	4	75
11/11/2015 23:50	68.1	72.5	66.2	65.8	67.9	4	75
11/11/2015 23:55	66.8	72	65.8	63.9	67.2	4	75
11/12/2015 00:00	80.3	71	67.4	56.1	69.6	4	100
11/12/2015 00:05	80.6	70.5	70.6	63.6	71.4	4	100
11/12/2015 00:10	81.3	71.1	69.8	62.2	72.8	4	100
11/12/2015 00:15	80.2	70.9	70	61.3	70.6	4	100
11/12/2015 00:20	76	70.1	71.2	59.8	69.7	4	100
11/12/2015 00:25	76.5	70.7	70.7	58.4	69.3	4	100
11/12/2015 00:30	73.8	70.9	36.4	56.3	61.8	4	100
11/12/2015 00:35	71.1	71.1	26.7	53.8	58.8	4	100
11/12/2015 00:40	66.9	71.2	45.8	53.5	61.4	4	100
11/12/2015 00:45	76.4	71.1	58.1	59.5	68.7	4	100
11/12/2015 00:50	78.9	70.7	64.7	56.5	67.2	4	100
11/12/2015 00:55	60.6	69.9	67.9	51.9	61.3	4	100
11/12/2015 01:00	66.5	70.7	67.8	56.9	65	4	100
11/12/2015 01:05	60.9	70.7	68.7	63.7	63.5	4	100
11/12/2015 01:10	51.8	70.8	69.6	69.4	60.7	4	100
11/12/2015 01:15	41.2	70.5	67.5	65.8	55.9	4	100
11/12/2015 01:20	50.2	70.6	66.9	60.8	58.4	4	100
11/12/2015 01:25	35.1	70.6	67.1	55.1	47.7	4	100
11/12/2015 01:30	56.7	70.9	69.2	55.2	59.8	4	100
11/12/2015 01:35	69.5	70.9	67.4	54.8	63.7	4	100
11/12/2015 01:40	64.3	70.9	71.3	52.7	64.1	4	100
11/12/2015 01:45	62.6	70.9	65.5	55.2	61	4	100
11/12/2015 01:50	56.4	71.2	67.2	53.3	58.7	4	100
11/12/2015 01:55	73.9	71.1	66.8	62.9	68	4	100
11/12/2015 02:00	62.9	71.3	70.5	67.7	65.7	4	100
11/12/2015 02:05	65	71.1	70.8	63.1	65.8	4	100
11/12/2015 02:10	66.3	70.8	71.2	65.2	66.9	4	100
11/12/2015 02:15	57.6	70.5	76.6	65	65.4	4	100
11/12/2015 02:20	63.3	70.8	72.9	56.1	63	4	100
11/12/2015 02:25	70.7	70.8	69.7	57.5	65.7	4	100
11/12/2015 02:30	68.3	70.9	70.1	62.2	66.8	4	100
11/12/2015 02:35	59.4	71	71.8	66	65	4	100
11/12/2015 02:40	70.9	71.1	73.8	62.2	69.5	4	100
11/12/2015 02:45	74.7	71.1	73.5	52	64.1	4	100
11/12/2015 02:50	54.6	70.8	72.6	51.2	59.5	4	100
11/12/2015 02:55	64.4	70.8	73.6	53.5	62.1	4	100
11/12/2015 03:00	67.7	70.7	70.1	56.5	64.3	4	100
11/12/2015 03:05	76.9	70.9	69.5	65.8	71.7	4	100
11/12/2015 03:10	80.2	70.9	66.8	65.6	72.8	4	100
11/12/2015 03:15	50.2	70.8	69.8	65.9	58.4	4	100
11/12/2015 03:20	67.7	70.8	71.5	63.3	66.7	4	100
11/12/2015 03:25	75.7	70.9	67.2	67.1	70.4	4	100
11/12/2015 03:30	71.5	70.7	59.8	65.5	67.9	4	100
11/12/2015 03:35	78.2	70.9	67.7	66.6	71.6	4	100
11/12/2015 03:40	71.2	70.9	70.3	65.8	69.6	4	100
11/12/2015 03:45	75.8	70.8	65	61.8	68.9	4	100
11/12/2015 03:50	84.8	70.9	70.8	60.4	72.3	4	100
11/12/2015 03:55	82.5	70.9	69.3	59.1	69.8	4	100
11/12/2015 04:00	84.8	70.9	71.1	57.9	73	4	100
11/12/2015 04:05	72.3	70.8	73.4	56.3	68	4	100
11/12/2015 04:10	69.9	70.7	73.9	60.4	68.9	4	100
11/12/2015 04:15	76.6	70.8	69.5	65.8	71.6	4	100
11/12/2015 04:20	81.5	70.4	70.9	62	73.1	4	100
11/12/2015 04:25	83.8	70.4	77.4	66.3	76.1	4	100
11/12/2015 04:30	84.8	70.4	68.4	61.2	72.6	4	100
11/12/2015 04:35	80.4	71	74.1	57.7	72.5	4	100
11/12/2015 04:40	80.3	70.3	56.3	63.5	69.1	4	100
11/12/2015 04:45	83.7	70.1	71.4	63.3	74.5	4	100
11/12/2015 04:50	66.2	71.2	72	72.3	69.9	4	100
11/12/2015 04:55	72.2	69.8	77.4	70.6	72.6	4	100
11/12/2015 05:00	69	71.7	72.4	68.5	70	4	100
11/12/2015 05:05	52.8	72.3	70.8	58.3	61.4	4	100
11/12/2015 05:10	53.9	71.6	77	59.7	62.9	4	100
11/12/2015 05:15	63.8	71.6	77.4	62.5	68.2	4	100
11/12/2015 05:20	66.9	72.1	77.4	67.5	70.2	4	100
11/12/2015 05:25	66.1	70.4	77.4	62	68.4	4	100
11/12/2015 05:30	69.5	71.1	75.8	65.3	70.4	4	100
11/12/2015 05:35	73.3	69.9	72.3	63.8	70.6	4	100
11/12/2015 05:40	75.3	69.6	73.5	64	71	4	100
11/12/2015 05:45	77.5	70.1	76.5	69.6	73.5	4	100
11/12/2015 05:50	74	70.7	77.4	66.4	72.1	4	100
11/12/2015 05:55	72.3	70.3	77.4	68.8	72.1	4	100
11/12/2015 06:00	71.3	70.4	70.3	67	70.1	4	100
11/12/2015 06:05	72.2	69.5	67.8	67.9	69.8	4	100
11/12/2015 06:10	71.7	69.4	66.9	59.5	68	4	100
11/12/2015 06:15	73.1	69	67.6	57.7	68.6	4	100
11/12/2015 06:20	71.2	69.3	65	60.9	67.8	4	100
11/12/2015 06:25	53.8	69.3	64.5	60.6	62	4	100
11/12/2015 06:30	61.4	69.9	47.2	55.6	60.2	4	100
11/12/2015 06:35	62.7	68.9	55.9	51	61.6	4	100
11/12/2015 06:40	66.8	69.3	62.5	51.8	63.7	4	100
11/12/2015 06:45	58.3	68.8	67.2	52.2	62.4	4	100
11/12/2015 06:50	63.6	68.1	64.5	54.4	63.5	4	100
11/12/2015 06:55	66.7	67.7	64.2	52.4	64.1	4	100
11/12/2015 07:00	68.9	66.6	68.9	48.3	64.6	4	100
11/12/2015 07:05	53.1	67.7	71.2	52	61.4	4	100
11/12/2015 07:10	59.5	67.2	69.3	53.1	62.7	4	100
11/12/2015 07:15	64.8	66.6	63.6	54.9	63.1	4	100
11/12/2015 07:20	67.3	65.7	64.3	53.7	63.7	4	100
11/12/2015 07:25	67.1	64	60.9	51.5	62	4	100
11/12/2015 07:30	52	63.6	60.2	51	57.1	4	100
11/12/2015 07:35	52.5	57.6	54	29.9	51.2	4	100
11/12/2015 07:40	51	53	47.5	21.1	45.9	4	100
11/12/2015 07:45	50.1	50.5	46.3	16.6	44.2	4	100
11/12/2015 07:50	46.9	48	40.9	14.2	41.2	4	100
11/12/2015 07:55	49.3	49.8	44.2	15.6	42.7	4	100
11/12/2015 08:00	57.9	57.8	32.4	25.1	47.3	4	100
11/12/2015 08:05	59.7	57.7	45.8	26.5	50.1	4	100
11/12/2015 08:10	60.1	58.4	48.8	20.2	50.5	4	100
11/12/2015 08:15	58.3	57.5	47.9	16.8	49.4	4	100
11/12/2015 08:20	61.1	58	48.7	16.1	51.3	4	100
11/12/2015 08:25	61.6	57.7	49	18.1	49.9	4	100
11/12/2015 08:30	63.8	59.7	53.9	28.5	54.6	4	100
11/12/2015 08:35	66.7	62.2	63.2	43.3	61.1	4	100
11/12/2015 08:40	66.5	62.6	59.3	45.2	60.9	4	100
11/12/2015 08:45	65.3	62.8	59.7	44	60.1	4	100
11/12/2015 08:50	66.3	60.7	59.6	44.2	59.7	4	100
11/12/2015 08:55	67	62	59	46.8	60.6	4	100
11/12/2015 09:00	68.2	64.5	66.1	46.5	63.4	4	100
11/12/2015 09:05	71.9	66.8	66.8	50.5	65.9	4	100
11/12/2015 09:10	73.8	67.5	66.8	53.6	66.8	4	100
11/12/2015 09:15	72.4	66.4	66.8	52.6	66.1	4	100
11/12/2015 09:20	73.9	68	67.3	55.9	67.4	4	100
11/12/2015 09:25	72.5	67.3	63.6	52	66	4	100
11/12/2015 09:30	64.3	65.8	62.2	47.9	61.4	4	100
11/12/2015 09:35	66.9	66.2	58.6	49.4	62.3	4	100
11/12/2015 09:40	70.7	65.8	62.9	47.4	64	4	100
11/12/2015 09:45	73.1	67.2	64.3	49	66	4	100
11/12/2015 09:50	71.4	67.9	63.5	49	65.4	4	100
11/12/2015 09:55	73.9	67.9	64.1	48.2	65.7	4	100
11/12/2015 10:00	71.2	68.7	67	48.5	66.1	4	100
11/12/2015 10:05	72.2	67.8	63.4	51	65.2	4	100
11/12/2015 10:10	71.4	68.1	62.9	50.6	65.4	4	100
11/12/2015 10:15	73.4	68.2	62	48.6	65.5	4	100
11/12/2015 10:20	73.6	67.3	61.3	51.3	65.1	4	100
11/12/2015 10:25	69.6	67.8	64.1	51.9	65.1	4	100
11/12/2015 10:30	67.3	67.9	62.3	53.9	64.5	4	100
11/12/2015 10:35	50.3	66.9	61.4	50.8	58.4	4	100
11/12/2015 10:40	60.2	66.8	60.8	53	61.4	4	100
11/12/2015 10:45	66.4	67.4	59.3	52.4	63.3	4	100
11/12/2015 10:50	66.4	67	61.3	50.7	62.8	4	100
11/12/2015 10:55	68	66.5	63.1	45.7	62.8	4	100
11/12/2015 11:00	67.8	64.6	61	35.2	60.4	4	100
11/12/2015 11:05	51.8	51.7	45.2	21.2	46.9	4	100
11/12/2015 11:10	42.3	40.7	38	20.8	37.8	4	100
11/12/2015 11:15	53.8	48.3	47.7	31.2	47.2	4	100
11/12/2015 11:20	60.4	57.5	56.9	37.9	56	4	100
11/12/2015 11:25	65.4	61.2	61.2	45.3	60.7	4	100
11/12/2015 11:30	68.9	63.9	61.8	47.5	62.9	4	100
11/12/2015 11:35	70.3	64.3	63	47.8	63.5	4	100
11/12/2015 11:40	67.1	64.3	63.9	55	63.6	4	100
11/12/2015 11:45	68.6	64.9	61.6	54.7	63.8	4	100
11/12/2015 11:50	68.8	65.9	60.5	54.9	63.9	4	100
11/12/2015 11:55	65.6	66	62	54.9	63.2	4	100
11/12/2015 12:00	68.6	66.5	65.6	56.4	65.5	4	100
11/12/2015 12:05	62.8	66.1	64.9	53.1	63.1	4	100
11/12/2015 12:10	63.1	65.5	63.8	51.8	62.2	4	100
11/12/2015 12:15	66.9	66.7	64.1	50.1	63.8	4	100
11/12/2015 12:20	69.1	65.6	63.2	50.1	63.6	4	100
11/12/2015 12:25	70.1	65.5	60.3	49	62.8	4	100
11/12/2015 12:30	63.9	65.5	61.9	52.8	62.1	4	100
11/12/2015 12:35	67.6	64.8	62.4	49.5	63.1	4	100
11/12/2015 12:40	70	65.4	61.5	49.6	63.4	4	100
11/12/2015 12:45	69.7	65.9	65.2	51.2	64.7	4	100
11/12/2015 12:50	69.6	64.6	64.3	49.1	63.7	4	100
11/12/2015 12:55	69.4	64.8	64.3	49.8	64.1	4	100
11/12/2015 13:00	69.6	64.2	63	51.8	63.7	4	100
11/12/2015 13:05	72.5	65.3	67.1	50.6	65.6	4	100
11/12/2015 13:10	71.1	64.9	64.1	51.9	64.9	4	100
11/12/2015 13:15	69.5	63.8	64.9	51.6	64.4	4	100
11/12/2015 13:20	68.7	63.8	67.3	52.3	64.3	4	100
11/12/2015 13:25	62.9	63.5	64.5	52.9	61.9	4	100
11/12/2015 13:30	62.4	63.2	63.4	49.6	60.8	4	100
11/12/2015 13:35	65.6	63.1	63.5	49.9	62.1	4	100
11/12/2015 13:40	66.1	61.3	64.4	47.2	61.5	4	100
11/12/2015 13:45	67.5	61.3	62.9	47.5	61.4	4	100
11/12/2015 13:50	68	61.3	61.8	49.7	61.6	4	100
11/12/2015 13:55	67.1	61.2	62.7	52.4	62.1	4	100
11/12/2015 14:00	68.6	61.5	66.8	54.5	63.7	4	100
11/12/2015 14:05	68.1	62.5	67.4	57.9	64.7	4	100
11/12/2015 14:10	68.7	61.8	64.6	58.4	64.1	4	100
11/12/2015 14:15	66.5	61.1	62.2	54.5	62	4	100
11/12/2015 14:20	66.9	61.2	60.8	54.3	61.8	4	100
11/12/2015 14:25	66.3	58.9	60	51	60.2	4	100
11/12/2015 14:30	66.7	59.2	61.8	50.6	60.9	4	100
11/12/2015 14:35	66.9	60.4	62.7	52	61.9	4	100
11/12/2015 14:40	65.5	59.1	62.3	55.7	61.5	4	100
11/12/2015 14:45	65.8	59.8	63.4	55.3	61.9	4	100
11/12/2015 14:50	51.4	48.2	52.8	48.9	50.4	4	100
11/12/2015 14:55	50.8	46.9	49.9	48	49.1	4	100
11/12/2015 15:00	43.8	39.6	42.8	44.6	42.5	4	100
11/12/2015 15:05	51.5	47.5	51.4	47.9	49.9	4	100
11/12/2015 15:10	52.7	49.8	49.8	50.4	50.7	4	100
11/12/2015 15:15	41.2	38	38.9	46.3	40.6	4	100
11/12/2015 15:20	36.5	32.8	42.2	42.8	38.2	4	100
11/12/2015 15:25	38.9	33.1	38	40.4	37.2	4	100
11/12/2015 15:30	34.5	35	37.1	44.1	36.6	4	100
11/12/2015 15:35	32.9	36	34.6	43.6	35.8	4	100
11/12/2015 15:40	27.5	27.9	27	36	29	4	100
11/12/2015 15:45	27	23.3	24.2	40.4	27.9	4	100
11/12/2015 15:50	29.3	25.9	27.7	42.1	30.3	4	100
11/12/2015 15:55	31.4	28.6	31.6	45.3	32.9	4	100
11/12/2015 16:00	33.3	27.1	30.3	44.6	32.6	4	100
11/12/2015 16:05	36.6	32.6	32.5	44.8	35.5	4	100
11/12/2015 16:10	36.5	36.5	36.8	45.3	37.8	4	100
11/12/2015 16:15	38.2	37.9	38.1	44.7	39.2	4	100
11/12/2015 16:20	35.4	32.1	33.6	44	35.5	4	100
11/12/2015 16:25	34.9	37	34.5	45.2	37.2	4	100
11/12/2015 16:30	30.2	29.7	29.3	42.2	31.8	4	100
11/12/2015 16:35	31.1	28.5	31.1	42.9	32.1	4	100
11/12/2015 16:40	32.7	28.7	32.3	46.3	33.2	4	100
11/12/2015 16:45	33.6	28.4	37.4	45.7	35	4	100
11/12/2015 16:50	28.5	28.7	33.4	44.5	33	4	100
11/12/2015 16:55	31.4	31.6	33	38.7	32.9	4	100
11/12/2015 17:00	33.4	30.1	33.1	34.3	32.5	4	100
11/12/2015 17:05	34.3	29.3	33.8	39.6	33.7	4	100
11/12/2015 17:10	40.6	36	39.7	45.7	39.8	4	100
11/12/2015 17:15	38.6	33.6	39	43.7	38.2	4	100
11/12/2015 17:20	33.4	29.5	22	43.7	32.6	4	100
11/12/2015 17:25	29.8	26.4	11.6	41.5	30.5	4	100
11/12/2015 17:30	31.2	29.8	6.3	38.9	31.6	4	100
11/12/2015 17:35	36	34.2	3.5	41.2	35.9	4	100
11/12/2015 17:40	32.1	31.6	3	42.5	33.5	4	100
11/12/2015 17:45	29.6	26.3	3	39.3	29.6	4	100
11/12/2015 17:50	25.1	26.1	3	38.2	27.7	4	100
11/12/2015 17:55	37.5	36.2	3	45.5	37.3	4	100
11/12/2015 18:00	22.9	36.9	5.4	44.5	27.8	4	100
11/12/2015 18:05	21.3	33.6	20.6	44.1	27.6	4	100
11/12/2015 18:10	28.4	32.4	27.7	44.5	31.9	4	100
11/12/2015 18:15	31.7	33.3	32.3	44.8	34.3	4	100
11/12/2015 18:20	29.4	31.4	31.8	42.6	32.8	4	100
11/12/2015 18:25	29	30.5	31.9	43.1	32.5	4	100
11/12/2015 18:30	37.3	36.7	36.6	43.4	37.9	4	100
11/12/2015 18:35	38.2	33.7	36.7	48	38.2	4	100
11/12/2015 18:40	33.8	32.9	33.6	45.5	35.5	4	100
11/12/2015 18:45	42.9	40.2	45.3	47.9	43.5	4	100
11/12/2015 18:50	42.4	38.5	46.7	44.8	42.9	4	100
11/12/2015 18:55	39.8	34.8	45.4	46.6	41.3	4	100
11/12/2015 19:00	43.6	38.3	45.8	46.3	43.2	4	100
11/12/2015 19:05	38.5	32.9	40.2	42.6	38.2	4	100
11/12/2015 19:10	42	34.8	42.1	42.4	40.2	4	100
11/12/2015 19:15	39.1	37.6	42.3	41.5	39.9	4	100
11/12/2015 19:20	39.6	34.4	43.8	44	40.1	4	100
11/12/2015 19:25	40	35.4	40.8	43.9	39.6	4	100
11/12/2015 19:30	45.5	41.6	47.1	48.3	45.4	4	100
11/12/2015 19:35	35.2	38.7	38	44.8	38.6	4	100
11/12/2015 19:40	23.9	31.2	35.7	39	32.4	4	100
11/12/2015 19:45	22.5	23.3	30.7	37.1	28.4	4	100
11/12/2015 19:50	21.2	20.5	26.2	37.7	25.4	4	100
11/12/2015 19:55	19.1	18.3	22.6	36.1	23.2	4	100
11/12/2015 20:00	17.8	16.3	22.8	34.8	22.8	4	100
11/12/2015 20:05	20.3	17	21.9	34.7	22.8	4	100
11/12/2015 20:10	27.7	23.7	27.6	37	28.3	4	100
11/12/2015 20:15	20.6	17.7	22.9	36.2	24.1	4	100
11/12/2015 20:20	21	16	20.9	32.2	22.5	4	100
11/12/2015 20:25	19.1	15.9	21.1	32.2	22.3	4	100
11/12/2015 20:30	18.6	14.1	21.7	28.1	20.8	4	100
11/12/2015 20:35	20.7	18.5	26.4	30.2	23.9	4	100
11/12/2015 20:40	23.5	20.5	26.1	35.7	26.4	4	100
11/12/2015 20:45	40.3	36	25.9	45.9	37	4	100
11/12/2015 20:50	51.1	46	13.3	52	48.7	4	100
11/12/2015 20:55	60.7	54.4	7.8	52.2	52.9	4	100
11/12/2015 21:00	67.1	62.5	9.6	58.3	53.4	4	100
11/12/2015 21:05	35.5	65.8	37.7	60	52.8	4	100
11/12/2015 21:10	32.5	68.7	51.7	59.8	51.1	4	100
11/12/2015 21:15	38.8	69.6	56	59.7	54.5	4	100
11/12/2015 21:20	57.1	69.5	62.8	58.4	62.1	4	100
11/12/2015 21:25	62.8	70.3	63.4	60.3	64.9	4	100
11/12/2015 21:30	62.7	71.2	55.7	58.3	63	4	100
11/12/2015 21:35	69.2	70.9	61.4	56.7	65.7	4	100
11/12/2015 21:40	72.6	70.7	68.3	55.7	67.3	4	100
11/12/2015 21:45	72.6	70.4	68.1	56.8	68.2	4	100
11/12/2015 21:50	72.4	71.6	67.4	57	67.8	4	100
11/12/2015 21:55	73.2	72.1	68.1	56.9	68.7	4	100
11/12/2015 22:00	76	71.8	66.9	60.3	69.7	4	100
11/12/2015 22:05	57.5	70.1	66.7	59.6	63	4	100
11/12/2015 22:10	58.6	70.3	67.3	59.7	63.9	4	100
11/12/2015 22:15	67.5	71.6	69.1	61.7	67.7	4	100
11/12/2015 22:20	75.2	72.2	70.4	66.6	71.8	4	100
11/12/2015 22:25	74.2	72.8	68.8	65.6	70.5	4	100
11/12/2015 22:30	73.9	71.6	67.4	64.4	69.9	4	100
11/12/2015 22:35	71.8	70.5	64.8	62.4	68.4	4	100
11/12/2015 22:40	73.4	70.2	60.1	59.4	66.7	4	100
11/12/2015 22:45	70.5	71.2	63.3	51.6	65.7	4	100
11/12/2015 22:50	68.5	72.3	66.8	51.7	65.5	4	100
11/12/2015 22:55	62.7	72.9	68.1	50	64	4	100
11/12/2015 23:00	67.8	72.2	69.4	48.5	66	4	100
11/12/2015 23:05	72.7	71.9	69.4	54.4	68.2	4	100
11/12/2015 23:10	78.4	70.6	53.7	59.6	68.3	4	100
11/12/2015 23:15	78.7	70.5	59.9	57.9	68.4	4	100
11/12/2015 23:20	53.1	69.5	69.5	50.8	59.9	4	100
11/12/2015 23:25	68	70.4	69.9	50.3	66.5	4	100
11/12/2015 23:30	71.3	71.5	69.7	56.7	67.4	4	100
11/12/2015 23:35	75.8	70.9	69	56.6	69.9	4	100
11/12/2015 23:40	79.2	69.7	67.6	57.9	69.1	4	100
11/12/2015 23:45	80.9	71.4	67.5	55.9	70	4	100
11/12/2015 23:50	76.5	71.5	63.7	58.1	70.6	4	100
11/12/2015 23:55	73.6	71.3	65.9	55.5	68.1	4	100
11/13/2015 00:00	69.1	71	64.9	58.3	65.6	4	75
11/13/2015 00:05	75.6	70.6	64.6	62.2	69.8	4	75
11/13/2015 00:10	76.2	72.3	66	58.9	69.2	4	75
11/13/2015 00:15	70.2	72.2	66	56.4	66.7	4	75
11/13/2015 00:20	75.7	71.8	65.6	62.1	69.7	4	75
11/13/2015 00:25	75.8	71.1	65	57.2	68.8	4	75
11/13/2015 00:30	73.9	71.6	65.4	57.7	67.2	4	75
11/13/2015 00:35	75.9	71.7	65.5	57.6	67.2	4	75
11/13/2015 00:40	75.7	71.5	65.3	58.2	69.2	4	75
11/13/2015 00:45	72.3	70.9	64.8	55.2	66	4	75
11/13/2015 00:50	71.2	71	64.9	57.6	65.8	4	75
11/13/2015 00:55	77.1	70.6	64.6	52.1	66.1	4	75
11/13/2015 01:00	67.6	71.1	65	64.1	66.7	4	75
11/13/2015 01:05	75.7	71.1	65	63.4	69.7	4	75
11/13/2015 01:10	77.9	71.3	65.2	67.7	71.9	4	75
11/13/2015 01:15	72.3	71	64.9	62.2	68.5	4	75
11/13/2015 01:20	77.1	71.2	65.1	56.7	68.5	4	75
11/13/2015 01:25	69.5	71	64.9	60.7	66.9	4	75
11/13/2015 01:30	68.9	71.1	65	63.9	66.8	4	75
11/13/2015 01:35	73.9	70.9	64.8	60.5	67.3	4	75
11/13/2015 01:40	75	70.9	64.8	63.4	70.2	4	75
11/13/2015 01:45	68.2	71.2	65.1	59.6	65.3	4	75
11/13/2015 01:50	49.9	71.3	65.2	65.8	58.7	4	75
11/13/2015 01:55	52.3	71.2	65.1	61.1	58.7	4	75
11/13/2015 02:00	66.9	71.1	65	51.1	63.8	4	75
11/13/2015 02:05	67	70.8	64.7	54.4	63.2	4	75
11/13/2015 02:10	68.3	70.9	64.8	53.2	63.1	4	75
11/13/2015 02:15	74.2	70.8	64.7	63.4	68.4	4	75
11/13/2015 02:20	67.2	70.8	64.7	72.8	69.6	4	75
11/13/2015 02:25	75.4	70.9	64.8	62.2	69.2	4	75
11/13/2015 02:30	59.1	71	64.9	68.2	64.3	4	75
11/13/2015 02:35	66.2	71	64.9	72.8	69.1	4	75
11/13/2015 02:40	54	70.8	64.7	72.4	63.2	4	75
11/13/2015 02:45	55.8	71	64.9	72.8	63.2	4	75
11/13/2015 02:50	54	70.9	64.8	69.1	62.2	4	75
11/13/2015 02:55	67	71.2	65.1	70.5	68.2	4	75
11/13/2015 03:00	69.9	71.1	65	72.8	70.8	4	75
11/13/2015 03:05	39.6	71	64.9	63.2	55	4	75
11/13/2015 03:10	21	71.1	65	61.2	50.2	4	75
11/13/2015 03:15	17.4	71	64.9	65.8	38.2	4	75
11/13/2015 03:20	26.1	71	64.9	61.8	42.1	4	75
11/13/2015 03:25	52.7	71	64.9	61.6	59.6	4	75
11/13/2015 03:30	69.7	71	64.9	51.9	61.4	4	75
11/13/2015 03:35	79.5	70.9	64.8	46.3	64.1	4	75
11/13/2015 03:40	60.3	70.9	64.8	42.8	58	4	75
11/13/2015 03:45	48.8	70.9	64.8	44.3	48.9	4	75
11/13/2015 03:50	51.4	71.1	65	50	53.7	4	75
11/13/2015 03:55	75.8	71.1	65	56.2	66.6	4	75
11/13/2015 04:00	76.6	71.4	65.3	68.5	72.2	4	75
11/13/2015 04:05	74	71.2	66.8	61.6	69.8	4	0
11/13/2015 04:10	73.3	69.8	64.2	60.9	67	4	0
11/13/2015 04:15	79.6	71	64.9	62.8	74.9	4	75
11/13/2015 04:20	67.6	71.5	65.3	68.5	68.1	4	75
11/13/2015 04:25	64.7	71.3	65.2	66	65.9	4	75
11/13/2015 04:30	35.2	71.2	65.1	68.5	57.1	4	75
11/13/2015 04:35	17.9	71.1	65	68.4	64.4	4	75
11/13/2015 04:40	9.3	70.9	64.8	70.7	63.9	4	75
11/13/2015 04:45	5.2	71.2	65.1	68.2	58.6	4	75
11/13/2015 04:50	3.6	68.3	62.6	67	54.7	4	75
11/13/2015 04:55	10.7	69.5	63.6	62.6	44.8	4	75
11/13/2015 05:00	48.5	71.4	65.3	57	58.3	4	75
11/13/2015 05:05	60.2	70.2	64.2	54.3	60.7	4	75
11/13/2015 05:10	67.9	70.2	64.2	61.7	66.2	4	75
11/13/2015 05:15	74	71.4	65.3	64.7	69.4	4	75
11/13/2015 05:20	76.2	71.5	65.3	58.1	70	4	75
11/13/2015 05:25	74.4	71.4	65.3	57.4	67.7	4	75
11/13/2015 05:30	76.3	72.3	66	53.8	68.2	4	75
11/13/2015 05:35	78.3	71.2	65.1	52.3	67.8	4	75
11/13/2015 05:40	75.2	70.7	64.7	54.6	68	4	75
11/13/2015 05:45	78.9	71.5	65.3	53	68.7	4	75
11/13/2015 05:50	76.1	71.5	65.3	59	68.9	4	75
11/13/2015 05:55	77.9	72.4	66.1	62.7	71.4	4	75
11/13/2015 06:00	68.6	71.9	65.7	54	65.9	4	75
11/13/2015 06:05	66	71.5	65.3	64.8	67.5	4	75
11/13/2015 06:10	68.8	71.4	65.3	60.4	67.3	4	75
11/13/2015 06:15	70.3	71.1	65	59.1	67.4	4	75
11/13/2015 06:20	70.3	71.4	65.3	48.8	65.4	4	75
11/13/2015 06:25	70.5	71.3	65.2	52.9	65.9	4	75
11/13/2015 06:30	76.6	70.2	64.2	48.7	65.9	4	75
11/13/2015 06:35	68.9	70.6	64.6	49.8	64.7	4	75
11/13/2015 06:40	69.2	71.1	65	52.2	65.6	4	75
11/13/2015 06:45	64.7	71.3	65.2	53.5	64.2	4	75
11/13/2015 06:50	58.9	70	64	50.2	61	4	75
11/13/2015 06:55	63.9	69.1	63.3	51.6	62.6	4	75
11/13/2015 07:00	67.8	68.4	62.7	55.9	64.6	4	75
11/13/2015 07:05	69.1	67.6	62	55.4	64.8	4	75
11/13/2015 07:10	66.8	66.4	60.9	53.7	62.9	4	75
11/13/2015 07:15	65.8	65.5	60.1	55.9	62.6	4	75
11/13/2015 07:20	63.6	65.2	59.9	50.3	61	4	75
11/13/2015 07:25	56	56.9	52.7	32.7	51.4	4	75
11/13/2015 07:30	59.1	54.5	50.6	21.9	48.5	4	75
11/13/2015 07:35	59.6	60.3	55.6	14.7	52	4	75
11/13/2015 07:40	63.4	62.1	57.2	10.4	54	4	75
11/13/2015 07:45	68.3	65.2	59.9	11.6	55.6	4	75
11/13/2015 07:50	60.6	55.1	51.1	12	50.3	4	75
11/13/2015 07:55	55.4	54.1	50.2	8.9	48.9	4	75
11/13/2015 08:00	46.4	53	49.3	9.7	43.5	4	75
11/13/2015 08:05	24.3	50.7	47.3	17.4	40	4	75
11/13/2015 08:10	21.1	56.4	52.2	33.7	41.5	4	75
11/13/2015 08:15	42.9	57.7	53.4	45.3	49.9	4	75
11/13/2015 08:20	48.7	60.2	55.5	48.8	53.4	4	75
11/13/2015 08:25	56.6	61.5	56.7	49.3	56.8	4	75
11/13/2015 08:30	64.8	63.3	58.2	46.5	59.7	4	75
11/13/2015 08:35	62.6	60.1	55.4	36.3	56	4	75
11/13/2015 08:40	58.9	58.1	53.7	23.5	52.7	4	75
11/13/2015 08:45	53.8	56.4	52.2	16.9	49.5	4	75
11/13/2015 08:50	52.3	54.4	50.5	11.2	48.1	4	75
11/13/2015 08:55	50.1	50.6	47.2	11.8	43.2	4	75
11/13/2015 09:00	57.4	54.5	50.6	25.3	50.1	4	75
11/13/2015 09:05	65.9	61.6	56.7	35.6	57	4	75
11/13/2015 09:10	66.7	63.9	58.7	44.5	60.9	4	75
11/13/2015 09:15	68.1	65.4	60	52.9	63.1	4	75
11/13/2015 09:20	70.8	66.7	61.2	53.3	64.6	4	75
11/13/2015 09:25	71.6	66.7	61.2	50.2	64.4	4	75
11/13/2015 09:30	72.5	66.5	61	51.8	65	4	75
11/13/2015 09:35	74.3	67.2	61.6	54.6	66.7	4	75
11/13/2015 09:40	66.5	67.5	61.9	52.4	63.5	4	75
11/13/2015 09:45	69.1	67.4	61.8	55.2	65	4	75
11/13/2015 09:50	65.6	67.2	61.6	51.3	63	4	75
11/13/2015 09:55	71	67.5	61.9	51.4	64.8	4	75
11/13/2015 10:00	71.8	67.3	61.7	50.6	65	4	75
11/13/2015 10:05	72.1	66.7	61.2	46.3	63.9	4	75
11/13/2015 10:10	72.5	67.1	61.5	49.2	65.1	4	75
11/13/2015 10:15	67.2	66.3	60.8	46.6	62.7	4	75
11/13/2015 10:20	70	66	60.6	55.4	64.4	4	75
11/13/2015 10:25	69.4	64.8	59.5	50.7	62.9	4	75
11/13/2015 10:30	66.7	65.2	59.9	49.8	62.3	4	75
11/13/2015 10:35	70.7	65.2	59.9	49.4	63.4	4	75
11/13/2015 10:40	71.3	65	59.7	49.2	63.7	4	75
11/13/2015 10:45	70.4	65.2	59.9	49.2	63.1	4	75
11/13/2015 10:50	70.7	65.5	60.1	50.9	64.2	4	75
11/13/2015 10:55	69.6	63.6	58.5	49.4	62	4	75
11/13/2015 11:00	70.7	64.6	59.4	51.6	63.3	4	75
11/13/2015 11:05	63.1	63.8	58.7	47.6	60.1	4	75
11/13/2015 11:10	66.4	64.5	59.3	48.4	61.6	4	75
11/13/2015 11:15	67.5	65.1	59.8	48.1	62.2	4	75
11/13/2015 11:20	69.1	65.8	60.4	50.8	63.5	4	75
11/13/2015 11:25	63.6	64	58.8	49.1	60.6	4	75
11/13/2015 11:30	67.5	65.2	59.9	51.6	62.8	4	75
11/13/2015 11:35	69.6	65.4	60	53.8	63.9	4	75
11/13/2015 11:40	69.8	65.5	60.1	54.8	64.1	4	75
11/13/2015 11:45	70	64.4	59.2	51.5	62.8	4	75
11/13/2015 11:50	70.1	63.8	58.7	51.6	62.8	4	75
11/13/2015 11:55	70.7	64	58.8	49.2	63	4	75
11/13/2015 12:00	71.1	63.2	58.1	48.2	63.1	4	75
11/13/2015 12:05	72.4	63.2	58.1	51.8	63.4	4	75
11/13/2015 12:10	64.7	62.4	57.4	52	60.4	4	75
11/13/2015 12:15	69	64.1	58.9	52.7	63	4	75
11/13/2015 12:20	69.5	63.2	58.1	53.3	62.9	4	75
11/13/2015 12:25	70.3	62.9	57.9	53.8	62.6	4	75
11/13/2015 12:30	69.7	62.1	57.2	52.2	62	4	75
11/13/2015 12:35	69.6	61.1	56.3	51.9	61.4	4	75
11/13/2015 12:40	58.5	63	58	55.3	59.3	4	75
11/13/2015 12:45	64.7	62.8	57.8	56.6	61.3	4	75
11/13/2015 12:50	65.9	62.8	57.8	55.9	61.6	4	75
11/13/2015 12:55	68	64	58.8	54.4	62.6	4	75
11/13/2015 13:00	69.1	63.5	58.4	52.8	62.1	4	75
11/13/2015 13:05	69.7	64.2	59	50.2	62.3	4	75
11/13/2015 13:10	68.6	62.5	57.5	48.8	61.3	4	75
11/13/2015 13:15	69.4	63	58	49.2	61.5	4	75
11/13/2015 13:20	68.6	63.2	58.1	51.8	61.9	4	75
11/13/2015 13:25	69	62.9	57.9	58.6	63	4	75
11/13/2015 13:30	68.1	61.7	56.8	53.9	61.7	4	75
11/13/2015 13:35	65.5	61.3	56.5	57.2	61	4	75
11/13/2015 13:40	65.1	60.9	56.1	50.8	59.7	4	75
11/13/2015 13:45	65.7	61.1	56.3	53.4	60.4	4	75
11/13/2015 13:50	60.1	60.3	55.6	51.2	57.7	4	75
11/13/2015 13:55	48.4	47.9	44.8	49.3	47.7	4	75
11/13/2015 14:00	52.9	49.9	46.6	48.6	49.9	4	75
11/13/2015 14:05	48.9	44.6	42	48.7	46.1	4	75
11/13/2015 14:10	38.9	37.1	35.5	45.4	38.9	4	75
11/13/2015 14:15	19.8	35.5	34.1	45.2	37.4	4	75
11/13/2015 14:20	10.2	43.3	40.8	47.9	42.8	4	75
11/13/2015 14:25	14.5	38.8	36.9	46.7	32.8	4	75
11/13/2015 14:30	23.4	35.5	34.1	40.9	32.7	4	75
11/13/2015 14:35	27.2	34.8	33.5	42	33.6	4	75
11/13/2015 14:40	32.3	32.5	31.5	42.3	34.1	4	75
11/13/2015 14:45	30.8	28.9	28.3	41.9	31.8	4	75
11/13/2015 14:50	33.3	29.7	29	43.5	33.2	4	75
11/13/2015 14:55	31.9	29.5	28.8	41.7	32.6	4	75
11/13/2015 15:00	32.4	31.5	30.6	39	33.1	4	75
11/13/2015 15:05	28.6	28.9	28.3	40.9	31	4	75
11/13/2015 15:10	27.5	26.9	26.6	40.2	29.7	4	75
11/13/2015 15:15	33	32	31	40.1	33.5	4	75
11/13/2015 15:20	30.7	35.8	34.3	41.3	34.9	4	75
11/13/2015 15:25	32.4	36.9	35.3	42.3	36.3	4	75
11/13/2015 15:30	27.6	30.9	30.1	41.6	31.6	4	75
11/13/2015 15:35	38.7	37.9	36.1	49.7	39.8	4	75
11/13/2015 15:40	32.7	32.6	31.5	43.7	34.5	4	75
11/13/2015 15:45	31.2	29.4	28.8	45.4	32.6	4	75
11/13/2015 15:50	32.8	32.6	31.5	44.9	34.6	4	75
11/13/2015 15:55	32	28.8	28.2	44.5	32.8	4	75
11/13/2015 16:00	38.7	34.7	33.4	45.3	37.5	4	75
11/13/2015 16:05	37.6	38.4	36.6	45	39	4	75
11/13/2015 16:10	34.4	35.6	34.1	45	36.9	4	75
11/13/2015 16:15	38.7	38.5	36.7	46.8	39.7	4	75
11/13/2015 16:20	34.9	35	33.6	45.1	36.4	4	75
11/13/2015 16:25	31.8	32.1	31.1	41.6	33.4	4	75
11/13/2015 16:30	32.8	33.2	32.1	43.4	34.5	4	75
11/13/2015 16:35	33.3	32.7	31.6	44.5	35.1	4	75
11/13/2015 16:40	44.2	41.4	39.2	49.4	43.1	4	75
11/13/2015 16:45	45.8	43.7	41.2	50.2	44.8	4	75
11/13/2015 16:50	42.8	39.7	37.7	50.9	42.3	4	75
11/13/2015 16:55	36.6	35.1	33.7	49	37.9	4	75
11/13/2015 17:00	29.5	31.6	30.7	47.1	34.2	4	75
11/13/2015 17:05	34.5	37.7	36	49.6	38.5	4	75
11/13/2015 17:10	35	32.3	31.3	46.8	35.6	4	75
11/13/2015 17:15	29.6	30.3	29.5	43.6	32.4	4	75
11/13/2015 17:20	26.8	26.5	26.2	42.1	29.8	4	75
11/13/2015 17:25	30.7	27	26.7	42.2	31.3	4	75
11/13/2015 17:30	29.2	26	25.8	43.9	30.2	4	75
11/13/2015 17:35	31	27.5	27.1	45.8	31.8	4	75
11/13/2015 17:40	29.8	27.3	26.9	44.7	31.6	4	75
11/13/2015 17:45	27.1	23.2	23.4	40.5	27.6	4	75
11/13/2015 17:50	24.4	25.7	25.5	43.8	28.7	4	75
11/13/2015 17:55	28.7	29.2	28.6	43.7	31.6	4	75
11/13/2015 18:00	32.2	31.6	30.7	43.9	33.9	4	75
11/13/2015 18:05	31.3	31.4	30.5	46.4	34	4	75
11/13/2015 18:10	40.6	37.7	36	49.7	40.8	4	75
11/13/2015 18:15	36.9	33.7	32.5	47.6	37.1	4	75
11/13/2015 18:20	34.2	31.6	30.7	47.9	34.8	4	75
11/13/2015 18:25	32.4	30.3	29.5	46	33.5	4	75
11/13/2015 18:30	33.6	36.9	35.3	47.5	37.6	4	75
11/13/2015 18:35	35.7	38.4	36.6	44.4	38.2	4	75
11/13/2015 18:40	32.9	34.4	33.1	41.4	34.8	4	75
11/13/2015 18:45	33.6	32.8	31.7	43.9	35	4	75
11/13/2015 18:50	30.9	32	31	44.8	33.8	4	75
11/13/2015 18:55	16.3	30.2	29.5	42.7	32.5	4	75
11/13/2015 19:00	18	31.2	30.3	44.2	29.8	4	75
11/13/2015 19:05	24.6	31	30.1	40.9	30.7	4	75
11/13/2015 19:10	22.7	25.4	25.3	38.6	27.2	4	75
11/13/2015 19:15	22.8	20.5	21	39.3	25.4	4	75
11/13/2015 19:20	20.3	16.8	17.8	35.7	22.8	4	75
11/13/2015 19:25	19.5	16.3	17.4	38.7	22.3	4	75
11/13/2015 19:30	18.8	17.5	18.4	39.2	23.4	4	75
11/13/2015 19:35	18.2	17.5	18.4	38	22.5	4	75
11/13/2015 19:40	15.1	14.3	15.6	36.7	20.9	4	75
11/13/2015 19:45	18.9	16.6	17.6	38.1	23	4	75
11/13/2015 19:50	23.8	21.7	22.1	40.3	25.7	4	75
11/13/2015 19:55	31	29.5	28.8	43.9	32.6	4	75
11/13/2015 20:00	36.4	30.1	29.4	48.7	35.3	4	75
11/13/2015 20:05	36.3	31.3	30.4	46	35.2	4	75
11/13/2015 20:10	30.3	29.8	29.1	45.2	33.3	4	75
11/13/2015 20:15	31.3	32.9	31.8	48.2	35.1	4	75
11/13/2015 20:20	29	33.5	32.3	48.8	34.3	4	75
11/13/2015 20:25	32	33.2	32.1	47.7	35.4	4	75
11/13/2015 20:30	29.5	29.1	28.5	44.7	32.5	4	75
11/13/2015 20:35	34.1	30	29.3	48	34.9	4	75
11/13/2015 20:40	37.3	35.1	33.7	52.4	38.8	4	75
11/13/2015 20:45	42.3	34.8	33.5	52.4	40.6	4	75
11/13/2015 20:50	55.2	46.1	43.3	57.2	50.9	4	75
11/13/2015 20:55	61.3	52.3	48.7	55.4	55.2	4	75
11/13/2015 21:00	65.3	58.9	54.4	54.8	59.4	4	75
11/13/2015 21:05	70.9	65.2	59.9	56.8	64.4	4	75
11/13/2015 21:10	70.4	68.1	62.4	58.3	65.9	4	75
11/13/2015 21:15	74.6	69.4	63.5	60.9	67.8	4	75
11/13/2015 21:20	74.4	69.6	63.7	59.4	68.3	4	75
11/13/2015 21:25	66	70.1	64.1	57.9	65.4	4	75
11/13/2015 21:30	69.5	69.2	63.3	62.2	66.7	4	75
11/13/2015 21:35	67.1	70.7	64.7	63.2	66.9	4	75
11/13/2015 21:40	61.8	71.1	65	61.6	64.8	4	75
11/13/2015 21:45	69.6	71.1	65	59	67.2	4	75
11/13/2015 21:50	70.2	70.5	64.5	60.7	67.3	4	75
11/13/2015 21:55	73.4	71	64.9	55.6	67.5	4	75
11/13/2015 22:00	57.5	70.8	64.7	54.8	62.2	4	75
11/13/2015 22:05	64.3	69.6	63.7	55.6	63.5	4	75
11/13/2015 22:10	44.6	70.5	64.5	53	56.3	4	75
11/13/2015 22:15	57.2	70.6	64.6	55.3	62.1	4	75
11/13/2015 22:20	66	71.6	65.4	56.1	65.3	4	75
11/13/2015 22:25	73.2	71.6	65.4	59.4	68	4	75
11/13/2015 22:30	77.3	71.3	65.2	60.7	69.7	4	75
11/13/2015 22:35	76	70.5	64.5	58.1	68.2	4	75
11/13/2015 22:40	71.3	70.5	64.5	59.2	66.7	4	75
11/13/2015 22:45	74.3	70.7	64.7	57	67.3	4	75
11/13/2015 22:50	77	70.4	64.4	54.4	68.1	4	75
11/13/2015 22:55	78.2	71	64.9	61.2	70.2	4	75
11/13/2015 23:00	46.3	69.7	63.8	58.1	58.2	4	75
11/13/2015 23:05	36	69.7	63.8	57.1	54.1	4	75
11/13/2015 23:10	48.3	70.4	64.4	60.9	59.5	4	75
11/13/2015 23:15	56.6	70.3	64.3	61.1	62.4	4	75
11/13/2015 23:20	31.7	71.4	65.3	66.1	58.6	4	75
11/13/2015 23:25	27.3	70.9	64.8	59.2	51.5	4	75
11/13/2015 23:30	51	71.2	65.1	60.8	61.2	4	75
11/13/2015 23:35	58	71	64.9	62.1	62.7	4	75
11/13/2015 23:40	65.8	70.8	64.7	68.5	67.3	4	75
11/13/2015 23:45	74.4	70.6	64.6	64.4	69.7	4	75
11/13/2015 23:50	76.5	70.9	64.8	60.3	70.1	4	75
11/13/2015 23:55	75	72.1	65.9	61.4	69.5	4	75
11/14/2015 00:00	80.4	69.7	65.9	50.2	67.8	4	100
11/14/2015 00:05	75	70.9	69.2	58.9	69.5	4	100
11/14/2015 00:10	74.4	72.2	73.5	52.8	68.6	4	100
11/14/2015 00:15	75.3	72.8	70.1	59.4	70.6	4	100
11/14/2015 00:20	49.7	71.4	66.6	54.9	57.5	4	100
11/14/2015 00:25	26.9	71.8	66	60.7	54.1	4	100
11/14/2015 00:30	37.9	71.6	64.5	62	56.3	4	100
11/14/2015 00:35	53.7	70.5	63.6	64.3	61.3	4	100
11/14/2015 00:40	66.7	71.6	62.6	64.1	65.9	4	100
11/14/2015 00:45	60.4	70.6	64.7	62.4	63.4	4	100
11/14/2015 00:50	73.4	72.6	68.2	68.9	70.9	4	100
11/14/2015 00:55	77.9	72	65.9	61.9	69.5	4	100
11/14/2015 01:00	75.5	71.4	68.3	57.6	69.6	4	100
11/14/2015 01:05	72.6	71.8	63.8	66.2	69.1	4	100
11/14/2015 01:10	80.8	71.8	67.4	66.7	72.5	4	100
11/14/2015 01:15	58.4	71.1	60.1	67.7	63.9	4	100
11/14/2015 01:20	61.7	71	60.1	68.3	64.8	4	100
11/14/2015 01:25	72.8	71.7	55.6	60.7	66.9	4	100
11/14/2015 01:30	75.7	71.3	59.1	65.2	68.5	4	100
11/14/2015 01:35	81.3	71.3	61.9	58.5	68.9	4	100
11/14/2015 01:40	81.2	71	66.1	56.9	70.7	4	100
11/14/2015 01:45	77.5	71	65.5	55	69.2	4	100
11/14/2015 01:50	80.9	71.3	62.7	62.2	71.7	4	100
11/14/2015 01:55	62.8	71.7	65.3	67.2	65.9	4	100
11/14/2015 02:00	64.8	71.4	62.1	72.3	67.1	4	100
11/14/2015 02:05	71.5	71.2	64.2	66.8	68.4	4	100
11/14/2015 02:10	77.5	71.1	68.6	63.8	69.9	4	100
11/14/2015 02:15	71.8	70.9	68	66.6	69.9	4	100
11/14/2015 02:20	73.9	70.5	63.6	62.2	67.1	4	100
11/14/2015 02:25	78	70.9	64.9	57.1	66.5	4	100
11/14/2015 02:30	65.7	70.9	64.2	60.7	63.9	4	100
11/14/2015 02:35	39.2	70.6	66.8	66	53	4	100
11/14/2015 02:40	30.4	70.9	66.8	71.6	52.3	4	100
11/14/2015 02:45	49.9	70.7	67.5	66	60	4	100
11/14/2015 02:50	33.9	70.8	69	71.1	58.3	4	100
11/14/2015 02:55	17.6	71.2	66.3	67.2	58.3	4	100
11/14/2015 03:00	15	71	66.5	65.6	42.1	4	100
11/14/2015 03:05	47.2	71.1	65.7	64.3	57.5	4	100
11/14/2015 03:10	49.2	71.2	62.7	59.7	57.1	4	100
11/14/2015 03:15	47.4	71.1	66.6	61.5	56.3	4	100
11/14/2015 03:20	46.1	71.1	65.7	54.6	52.3	4	100
11/14/2015 03:25	49	71	67.5	52.6	52.6	4	100
11/14/2015 03:30	60.2	71	67.9	64.8	63.4	4	100
11/14/2015 03:35	53.4	70.9	64.2	58.7	57.6	4	100
11/14/2015 03:40	56.2	70.9	63.9	54.8	57.7	4	100
11/14/2015 03:45	55.1	71	60.1	59.5	58.6	4	100
11/14/2015 03:50	70.6	71.1	63.7	71.5	70.4	4	100
11/14/2015 03:55	67.7	71.1	64.9	67	67.3	4	100
11/14/2015 04:00	57.8	71	66.3	59.6	59.6	4	100
11/14/2015 04:05	48.2	71	68.3	64.1	59.3	4	100
11/14/2015 04:10	64.1	70.9	68.8	65.9	66	4	100
11/14/2015 04:15	80.9	71	67.5	65.6	73.2	4	100
11/14/2015 04:20	84.2	71.2	64.1	62.9	73	4	100
11/14/2015 04:25	76.7	71.1	65.2	62.1	72	4	100
11/14/2015 04:30	64.1	71.3	68.9	52.4	60.9	4	100
11/14/2015 04:35	56.5	71.1	65.5	52	57.1	4	100
11/14/2015 04:40	45.9	70.7	70.9	54.7	54.8	4	100
11/14/2015 04:45	47	71.2	72.3	60	56.7	4	100
11/14/2015 04:50	44.1	71.1	69.6	65	57.1	4	100
11/14/2015 04:55	55.4	70.8	66.4	61.8	59.9	4	100
11/14/2015 05:00	63.1	71.2	66.2	58.3	62.5	4	100
11/14/2015 05:05	57.6	71.4	67.8	58.1	60.7	4	100
11/14/2015 05:10	69.8	71	65.6	51.7	62.8	4	100
11/14/2015 05:15	69.2	70.4	67	51.6	65	4	100
11/14/2015 05:20	60	70.6	60.7	55.7	60.3	4	100
11/14/2015 05:25	59.6	71.1	67	58.5	62.6	4	100
11/14/2015 05:30	65.4	69.7	68.7	54.1	64.6	4	100
11/14/2015 05:35	65.8	70.4	69.6	52.9	63.5	4	100
11/14/2015 05:40	54.5	70.3	65.9	55.5	60.4	4	100
11/14/2015 05:45	66.4	70.7	60.6	62.1	65.1	4	100
11/14/2015 05:50	67.1	71	61.8	59	64.3	4	100
11/14/2015 05:55	58.9	71	58.6	60.8	61.3	4	100
11/14/2015 06:00	50.2	71.3	58.3	54.8	56.6	4	100
11/14/2015 06:05	52.4	71.1	57.6	59	58.6	4	100
11/14/2015 06:10	57.8	70.9	52	58.7	59.9	4	100
11/14/2015 06:15	66.2	71.6	59	62.7	65.3	4	100
11/14/2015 06:20	58.7	71	63.1	59.6	62.4	4	100
11/14/2015 06:25	64.5	71.6	64.2	54.4	63.1	4	100
11/14/2015 06:30	57	71.7	63.4	60.4	62.7	4	100
11/14/2015 06:35	52.9	72.3	68	54.5	60.6	4	100
11/14/2015 06:40	63.7	71.2	67.3	53.9	63.8	4	100
11/14/2015 06:45	62.6	70.2	66.2	57.2	64	4	100
11/14/2015 06:50	67.1	70.3	64	56.4	65	4	100
11/14/2015 06:55	69.9	70.7	57.6	65.8	67.1	4	100
11/14/2015 07:00	68.3	70.6	58.1	56.5	64.5	4	100
11/14/2015 07:05	66.8	70.4	60.6	56.6	64.5	4	100
11/14/2015 07:10	61.5	68.8	59.9	54.8	62	4	100
11/14/2015 07:15	67.7	69.4	62.4	55.3	64.6	4	100
11/14/2015 07:20	68.9	69.9	62.7	49.2	64	4	100
11/14/2015 07:25	65.3	69.2	65.6	48.8	63.7	4	100
11/14/2015 07:30	65.1	69.6	65.2	48.9	62.9	4	100
11/14/2015 07:35	63.5	68.7	65	47.4	62.2	4	100
11/14/2015 07:40	66.9	69.5	64.2	49.6	63.1	4	100
11/14/2015 07:45	62.3	70	65.7	50.5	63.8	4	100
11/14/2015 07:50	54.6	69.2	67	54	61.1	4	100
11/14/2015 07:55	63.2	69.1	68.7	46.1	62.3	4	100
11/14/2015 08:00	68.6	68	68.2	44.9	63.9	4	100
11/14/2015 08:05	70.6	68.4	67.8	48.7	66.1	4	100
11/14/2015 08:10	66.5	68.2	64.6	45.8	63.9	4	100
11/14/2015 08:15	67.3	68.5	62.7	47.3	63.9	4	100
11/14/2015 08:20	67	68.9	62.9	48.6	64.4	4	100
11/14/2015 08:25	65.8	67.9	61.2	53.4	63.8	4	100
11/14/2015 08:30	69.4	68.1	64.9	48.9	65.4	4	100
11/14/2015 08:35	67.7	68.1	66.2	48.5	64.8	4	100
11/14/2015 08:40	66.7	68.8	65.2	53.3	64.6	4	100
11/14/2015 08:45	67.8	70.1	66	53.9	65.2	4	100
11/14/2015 08:50	69.4	69.2	64.5	51.6	66.1	4	100
11/14/2015 08:55	71.7	70.4	66.2	51.5	66.7	4	100
11/14/2015 09:00	71.1	69.1	66.4	50.4	65.9	4	100
11/14/2015 09:05	67.9	68.6	64.7	54	65.1	4	100
11/14/2015 09:10	70.1	68.2	62.6	57.9	66	4	100
11/14/2015 09:15	69.8	68	60.4	53.2	64.2	4	100
11/14/2015 09:20	71.2	67.3	62.3	53.8	65.6	4	100
11/14/2015 09:25	70.4	67.6	65.9	51.9	65.5	4	100
11/14/2015 09:30	68.7	66.7	61.9	50.9	64.5	4	100
11/14/2015 09:35	70.8	67.9	63.4	49.3	64.8	4	100
11/14/2015 09:40	70	66	62.8	51.4	63.6	4	100
11/14/2015 09:45	69.9	66	63.4	50.7	64.2	4	100
11/14/2015 09:50	63.6	65.7	61	50.7	61.9	4	100
11/14/2015 09:55	65.6	66.3	62.4	50.6	63.4	4	100
11/14/2015 10:00	68.8	67.2	33	51.5	61.6	4	100
11/14/2015 10:05	68.6	67.7	16.8	46.8	63.2	4	100
11/14/2015 10:10	71.7	68.6	12.9	47.6	57.5	4	100
11/14/2015 10:15	65.1	67.2	39.1	52.9	58.3	4	100
11/14/2015 10:20	68	66.3	51.4	56.5	62.1	4	100
11/14/2015 10:25	68.9	66.1	59.4	53.9	63.5	4	100
11/14/2015 10:30	68.3	66.4	62.5	52.1	64.2	4	100
11/14/2015 10:35	68.4	66	62	53.9	64.2	4	100
11/14/2015 10:40	69.5	66.5	64	57.9	65.9	4	100
11/14/2015 10:45	71.6	67.5	65.6	52	66.1	4	100
11/14/2015 10:50	58.4	66.1	65	53.1	61.4	4	100
11/14/2015 10:55	60.2	66.9	66.9	56.9	63.4	4	100
11/14/2015 11:00	64.9	66.5	66.6	54.7	64.4	4	100
11/14/2015 11:05	67.3	66.2	67.8	52.3	64.7	4	100
11/14/2015 11:10	67.2	65.5	66.1	52.4	63.8	4	100
11/14/2015 11:15	69.3	66.3	61.4	53.2	64	4	100
11/14/2015 11:20	68.3	66.5	63	50.5	63.7	4	100
11/14/2015 11:25	68.5	65.6	63.9	50	63.6	4	100
11/14/2015 11:30	69.1	65.3	66.8	50.8	64.8	4	100
11/14/2015 11:35	68.9	65.7	67.9	50.5	65.5	4	100
11/14/2015 11:40	69.1	65.6	64.5	54.1	64.8	4	100
11/14/2015 11:45	67.7	66	64.1	58.2	65	4	100
11/14/2015 11:50	62.7	62.9	62.4	53.6	61.1	4	100
11/14/2015 11:55	66.1	62.8	33.9	55.6	59.2	4	100
11/14/2015 12:00	67.2	63.4	17.4	52.9	61.3	4	100
11/14/2015 12:05	56.5	64.1	19.7	52.7	51.4	4	100
11/14/2015 12:10	45.4	64.6	42.3	56.4	52.6	4	100
11/14/2015 12:15	57.6	65.6	52.9	56	58.8	4	100
11/14/2015 12:20	59.9	62.4	53.9	52.3	58.2	4	100
11/14/2015 12:25	49.9	46.7	51.9	49.3	49.5	4	100
11/14/2015 12:30	48.6	49.9	56	50.5	51	4	100
11/14/2015 12:35	59	57.3	61	53.5	58.1	4	100
11/14/2015 12:40	60.6	61.2	62.9	50.8	59.6	4	100
11/14/2015 12:45	62	64	63.3	51.1	61.1	4	100
11/14/2015 12:50	64.1	63.9	61.2	50.1	60.8	4	100
11/14/2015 12:55	66.5	64.6	64.6	50	62.5	4	100
11/14/2015 13:00	56.4	65.1	67.3	52.8	61.1	4	100
11/14/2015 13:05	62	66.1	66.2	54.3	62.8	4	100
11/14/2015 13:10	65.4	65.6	64.6	53.6	63.5	4	100
11/14/2015 13:15	66.5	65	66.3	53	63.8	4	100
11/14/2015 13:20	66	64	65.4	53.5	63.1	4	100
11/14/2015 13:25	61.8	65.7	57.9	56.7	61.3	4	100
11/14/2015 13:30	67.6	66.6	62.5	56.2	64.6	4	100
11/14/2015 13:35	68.3	65.8	65	55	64.5	4	100
11/14/2015 13:40	69	65.4	63.8	56	64.3	4	100
11/14/2015 13:45	68.6	65.8	63.4	57.3	64.9	4	100
11/14/2015 13:50	69.1	66.3	66.4	57.5	65.7	4	100
11/14/2015 13:55	69.4	65.9	65.6	53.3	64.9	4	100
11/14/2015 14:00	69	66	64.1	50.6	64.1	4	100
11/14/2015 14:05	67.9	65.3	65.1	54	64.6	4	100
11/14/2015 14:10	68.7	64.5	62.6	55.4	64.1	4	100
11/14/2015 14:15	68.4	63.7	63.5	53.2	63.2	4	100
11/14/2015 14:20	68.8	64.2	63.1	55.3	64.2	4	100
11/14/2015 14:25	66.7	62.9	63.2	55.2	62.8	4	100
11/14/2015 14:30	68.1	63.7	65.6	57.1	64.5	4	100
11/14/2015 14:35	68.1	64.8	65.3	55.7	64.3	4	100
11/14/2015 14:40	67.9	65.1	64.2	54	63.7	4	100
11/14/2015 14:45	67.2	64.1	62.4	55.7	63.4	4	100
11/14/2015 14:50	66.9	63.6	64.8	51.8	63.1	4	100
11/14/2015 14:55	67.9	63.7	64.5	56.8	64.1	4	100
11/14/2015 15:00	68	64.4	64.5	56	64	4	100
11/14/2015 15:05	68.2	64.2	65.5	56.6	64.4	4	100
11/14/2015 15:10	68.1	64.5	61.5	56.3	63.4	4	100
11/14/2015 15:15	64.1	64.1	63.2	56.5	62.6	4	100
11/14/2015 15:20	57.8	64.5	65.2	56.5	61.6	4	100
11/14/2015 15:25	62.6	64.8	62.8	58.3	62.6	4	100
11/14/2015 15:30	65	64.9	60.4	56.1	62.5	4	100
11/14/2015 15:35	65.4	64	59.9	56.5	62.1	4	100
11/14/2015 15:40	65.6	62.8	61.5	55	61.9	4	100
11/14/2015 15:45	67.9	64	62.3	54.8	63.3	4	100
11/14/2015 15:50	68.1	64.2	63.9	53.2	63.8	4	100
11/14/2015 15:55	67.3	63.3	64	54.8	63.6	4	100
11/14/2015 16:00	63.7	62.9	62.4	53.7	61.5	4	100
11/14/2015 16:05	65.1	63	61.3	54.7	61.9	4	100
11/14/2015 16:10	65.1	62.8	61.7	55.3	61.9	4	100
11/14/2015 16:15	66	63.8	64.1	55.8	63	4	100
11/14/2015 16:20	66.6	63.4	64.8	55.4	63.5	4	100
11/14/2015 16:25	58.8	55.6	56.1	50.8	55.9	4	100
11/14/2015 16:30	61.8	58.2	58.3	51.9	58.3	4	100
11/14/2015 16:35	62.2	59.4	58.6	52.9	58.9	4	100
11/14/2015 16:40	61.6	58.6	60.4	54.8	59.4	4	100
11/14/2015 16:45	63.1	60	61.3	57.2	60.8	4	100
11/14/2015 16:50	62.9	60.7	62.1	57.6	61.2	4	100
11/14/2015 16:55	62	59.2	57.8	56	59.2	4	100
11/14/2015 17:00	42.7	42	42.7	47.4	43.3	4	100
11/14/2015 17:05	36.5	35.7	39.4	44.8	38.7	4	100
11/14/2015 17:10	34.7	32	38.7	44.7	36.9	4	100
11/14/2015 17:15	37.4	34.5	38.4	43.2	38	4	100
11/14/2015 17:20	32.7	32.4	35.1	42	35	4	100
11/14/2015 17:25	30.9	28.6	34	43.7	33.4	4	100
11/14/2015 17:30	31.5	31.2	33.5	39.3	33.5	4	100
11/14/2015 17:35	29.6	29.5	35.1	41.6	33.2	4	100
11/14/2015 17:40	31.8	31.9	34.5	42.9	34.3	4	100
11/14/2015 17:45	30.9	28.7	33	39.2	32.3	4	100
11/14/2015 17:50	30.9	30.5	33	41.3	33.1	4	100
11/14/2015 17:55	40.6	37.7	42.1	45.2	40.9	4	100
11/14/2015 18:00	38.7	35.7	42	43.6	39.6	4	100
11/14/2015 18:05	32.8	33.9	40.3	44.1	36.8	4	100
11/14/2015 18:10	29.7	33.7	35.9	41.5	34.6	4	100
11/14/2015 18:15	36.7	34.7	39.8	41.2	37.6	4	100
11/14/2015 18:20	35	31.7	37.3	40.6	35.7	4	100
11/14/2015 18:25	20.3	31.9	34.2	39.7	32.1	4	100
11/14/2015 18:30	10.9	32.1	37.6	42.1	35	4	100
11/14/2015 18:35	5.8	30.7	37.6	42.1	35.5	4	100
11/14/2015 18:40	14.5	32.1	40.8	41.9	31.3	4	100
11/14/2015 18:45	23.9	33.1	41	44.1	34.4	4	100
11/14/2015 18:50	33.6	37.6	21.4	43.9	36.3	4	100
11/14/2015 18:55	44.4	45.7	11	46.9	44.7	4	100
11/14/2015 19:00	48.4	52.8	23	51.7	45.1	4	100
11/14/2015 19:05	59.5	58.1	42.1	53.4	54.4	4	100
11/14/2015 19:10	65.1	62.6	56.5	42.7	59	4	100
11/14/2015 19:15	67.4	61.3	60.5	46.9	60.2	4	100
11/14/2015 19:20	64.1	59.5	58.3	48.7	58.9	4	100
11/14/2015 19:25	63.8	59.4	53.8	54.5	58.6	4	100
11/14/2015 19:30	48.8	59.1	56.6	56.1	54.9	4	100
11/14/2015 19:35	25.2	53.9	55.2	52	52.2	4	100
11/14/2015 19:40	29.9	56	58.4	50.3	47.2	4	100
11/14/2015 19:45	50.4	61.5	63.3	53.1	56.7	4	100
11/14/2015 19:50	48.5	63.7	49.6	55.5	53.6	4	100
11/14/2015 19:55	58.2	64.3	59.1	54.7	59.5	4	100
11/14/2015 20:00	63.8	64.4	63.7	55.2	62.4	4	100
11/14/2015 20:05	41	64.9	67.8	54.1	56.4	4	100
11/14/2015 20:10	56.5	64.1	65.8	55.1	60.5	4	100
11/14/2015 20:15	54	64.6	64.3	53.2	59.1	4	100
11/14/2015 20:20	61.8	65.1	67.8	56.1	63	4	100
11/14/2015 20:25	67.2	65.2	68.7	57.2	65.3	4	100
11/14/2015 20:30	68.4	65.2	66.4	59.9	65.7	4	100
11/14/2015 20:35	64.2	65	66.3	56.5	63.4	4	100
11/14/2015 20:40	67.7	65.6	67.6	55	64.9	4	100
11/14/2015 20:45	56.4	66.2	68.4	57.2	61.3	4	100
11/14/2015 20:50	63.2	66.8	67.3	56.6	63.6	4	100
11/14/2015 20:55	67.1	67.1	66.5	57.9	65.1	4	100
11/14/2015 21:00	71	67.9	64.9	59.1	67	4	100
11/14/2015 21:05	65.1	70	68.3	58.8	65.6	4	100
11/14/2015 21:10	63	70.8	68.4	61.7	66	4	100
11/14/2015 21:15	67.5	71.2	65.9	59	66.7	4	100
11/14/2015 21:20	69.6	70.1	68.7	61.7	67.7	4	100
11/14/2015 21:25	68.3	69.5	71.3	61	67.5	4	100
11/14/2015 21:30	70.4	69.8	55.1	61.9	65	4	100
11/14/2015 21:35	71.1	69.5	62.2	63	67.5	4	100
11/14/2015 21:40	72.1	70.1	64.7	61.7	68	4	100
11/14/2015 21:45	72.1	69.5	66.8	64.4	69.1	4	100
11/14/2015 21:50	74.1	69	63.2	63.2	68.2	4	100
11/14/2015 21:55	73.3	70.2	68.6	62.3	69.4	4	100
11/14/2015 22:00	75.6	69.4	68.8	59.9	69.3	4	100
11/14/2015 22:05	73.5	70.5	70	66.4	70.6	4	100
11/14/2015 22:10	69.9	70.5	71	65.6	69.7	4	100
11/14/2015 22:15	69.8	70.1	73.2	62.9	69.3	4	100
11/14/2015 22:20	73.5	69.6	72.9	63.2	70	4	100
11/14/2015 22:25	62.1	69.1	70.1	62.1	65.4	4	100
11/14/2015 22:30	70.1	69.8	70.7	64.5	69.4	4	100
11/14/2015 22:35	70.3	69.4	69.1	63.1	68.5	4	100
11/14/2015 22:40	70	69.3	69	59.4	67.6	4	100
11/14/2015 22:45	71.9	69.9	72.6	61.3	69.1	4	100
11/14/2015 22:50	71	69.8	71.2	62.1	68.5	4	100
11/14/2015 22:55	54.6	70.3	72	62.4	63.1	4	100
11/14/2015 23:00	62.3	69.6	70.7	59.7	65.6	4	100
11/14/2015 23:05	68	69.5	68.5	61.6	67.2	4	100
11/14/2015 23:10	54.4	69.8	69.4	56	61.3	4	100
11/14/2015 23:15	56.4	70.3	70.5	60.7	63.4	4	100
11/14/2015 23:20	64.9	70.1	70	50.4	64.5	4	100
11/14/2015 23:25	65.3	71.2	70.7	58	65.5	4	100
11/14/2015 23:30	68.8	71.2	70	61.3	67.8	4	100
11/14/2015 23:35	71.4	70.9	72.3	63.6	69.7	4	100
11/14/2015 23:40	73.5	71	70	64.4	70.1	4	100
11/14/2015 23:45	70	70.8	69.9	58.6	67.9	4	100
11/14/2015 23:50	63.1	71.4	67.3	60.2	65	4	100
11/14/2015 23:55	69.3	72	70.3	58.3	67.2	4	100
11/15/2015 00:00	60	71.2	70.2	65.7	66.2	4	100
11/15/2015 00:05	65.3	71.1	65.3	63.5	66.1	4	100
11/15/2015 00:10	69.4	72	67.6	68.7	69.5	4	100
11/15/2015 00:15	70	72.6	65	71.8	70.2	4	100
11/15/2015 00:20	74.6	72.4	64	70.5	71.4	4	100
11/15/2015 00:25	76.3	72.4	65.1	65.1	70.4	4	100
11/15/2015 00:30	64.7	71.7	65.9	58	64.9	4	100
11/15/2015 00:35	65.4	72.1	67.3	56.5	65.1	4	100
11/15/2015 00:40	69.2	71	68.7	59.1	67.2	4	100
11/15/2015 00:45	69.8	71.4	69.6	62.9	68.6	4	100
11/15/2015 00:50	67.6	70.6	68	57.1	66	4	100
11/15/2015 00:55	70.5	71.7	69.4	62.8	68.4	4	100
11/15/2015 01:00	56.8	70.9	46.3	57	57.9	4	100
11/15/2015 01:05	62	69.9	54.1	59.7	61.2	4	100
11/15/2015 01:10	65.8	70.2	57.8	66.9	65.8	4	100
11/15/2015 01:15	66.2	69.5	60.1	57.5	63.3	4	100
11/15/2015 01:20	66.4	69.7	63.4	46.2	57.6	4	100
11/15/2015 01:25	63	70	65.5	56.7	63.5	4	100
11/15/2015 01:30	64.1	70.8	69	57.2	64.5	4	100
11/15/2015 01:35	59.6	70.5	70.2	60.6	63.4	4	100
11/15/2015 01:40	55.8	71.2	69.5	47.9	57.3	4	100
11/15/2015 01:45	67.3	70	68.9	53.7	63.2	4	100
11/15/2015 01:50	55.6	70.5	69.8	54.7	59	4	100
11/15/2015 01:55	32.6	70.4	70.4	57.1	51.2	4	100
11/15/2015 02:00	42	70.7	67	55.4	54.1	4	100
11/15/2015 02:05	50.2	70.8	67.5	56	56.9	4	100
11/15/2015 02:10	64.7	71.3	67.9	59.4	63.9	4	100
11/15/2015 02:15	66.2	71	69.6	54.3	63.8	4	100
11/15/2015 02:20	62.6	71.3	64.3	50.5	58.6	4	100
11/15/2015 02:25	73.4	71.9	64.4	58.2	66.4	4	100
11/15/2015 02:30	66.6	71.4	63.7	59.5	63.9	4	100
11/15/2015 02:35	70.6	71.5	66.7	60.1	66.9	4	100
11/15/2015 02:40	73.6	71	66.9	60	67.8	4	100
11/15/2015 02:45	77.5	71.2	67.7	61.4	68.6	4	100
11/15/2015 02:50	70.5	71.1	67.1	56.3	64.1	4	100
11/15/2015 02:55	70.7	71.1	64.7	51.9	64.3	4	100
11/15/2015 03:00	76.3	71.2	66.4	53	65.3	4	100
11/15/2015 03:05	77.3	71.1	66.7	53.8	67.7	4	100
11/15/2015 03:10	71	70.9	67	59.9	66.4	4	100
11/15/2015 03:15	69.5	70.9	64	55.9	64.5	4	100
11/15/2015 03:20	66.9	70.8	63.2	53.8	61.2	4	100
11/15/2015 03:25	37.1	70.8	65	55.6	52.1	4	100
11/15/2015 03:30	28.2	70.8	64.9	57.9	42.1	4	100
11/15/2015 03:35	62	70.9	66.4	61	63.4	4	100
11/15/2015 03:40	68.7	70.9	67.3	68.2	68.6	4	100
11/15/2015 03:45	70.9	70.9	66	58.7	67.2	4	100
11/15/2015 03:50	66.4	70.9	67.1	65.4	66.2	4	100
11/15/2015 03:55	64.3	70.9	65.3	68.8	66.3	4	100
11/15/2015 04:00	74	71	67.1	71.1	71.5	4	100
11/15/2015 04:05	60.4	71.1	64.9	68.2	64	4	100
11/15/2015 04:10	69.7	71.1	65.9	59.2	65.3	4	100
11/15/2015 04:15	61.6	71	67.8	52.6	58.2	4	100
11/15/2015 04:20	63.8	71	68	59.9	63.9	4	100
11/15/2015 04:25	64	70.8	66.9	52.1	59	4	100
11/15/2015 04:30	63.1	70.9	63.4	57	61.3	4	100
11/15/2015 04:35	60	70.9	64.7	57.5	60.5	4	100
11/15/2015 04:40	41	71	65.6	52.5	49	4	100
11/15/2015 04:45	61.4	71.1	66.4	47.9	58.2	4	100
11/15/2015 04:50	59.5	70.8	61.6	59.4	60.7	4	100
11/15/2015 04:55	60.5	70.8	62.2	64.9	63.2	4	100
11/15/2015 05:00	44.5	70.8	58	65.3	54.6	4	100
11/15/2015 05:05	43.5	70.9	62.5	63.8	55.1	4	100
11/15/2015 05:10	65.2	71.1	65.7	67	66.2	4	100
11/15/2015 05:15	77.8	71.2	62.8	66	70.1	4	100
11/15/2015 05:20	84.8	71	62.2	52.6	65.5	4	100
11/15/2015 05:25	71.6	71	63.7	46.2	63	4	100
11/15/2015 05:30	80	70.9	61.9	45.8	62.3	4	100
11/15/2015 05:35	84.8	70.8	64.1	45.8	61.7	4	100
11/15/2015 05:40	77.3	70.3	63	47.1	63.6	4	100
11/15/2015 05:45	67.9	70.8	67.4	56	65.2	4	100
11/15/2015 05:50	71.2	71.1	62.7	60	65.8	4	100
11/15/2015 05:55	55.9	71.1	63.4	61.5	59.8	4	100
11/15/2015 06:00	66.8	71.4	64.4	72.8	69.4	4	100
11/15/2015 06:05	66.4	69.3	65.3	72.8	68.2	4	100
11/15/2015 06:10	48.1	64.7	60.7	50.4	53.7	4	100
11/15/2015 06:15	53.8	66.4	64	59.8	59	4	100
11/15/2015 06:20	66.1	68.1	66.3	72.8	67.8	4	100
11/15/2015 06:25	63.9	70.2	64.3	60.4	64.2	4	100
11/15/2015 06:30	68.5	69.5	66.6	56.3	65.8	4	100
11/15/2015 06:35	67.4	70.2	64.1	63.6	66.3	4	100
11/15/2015 06:40	56	68.5	58.7	59.4	59.7	4	100
11/15/2015 06:45	45.9	68.4	58.3	66	56	4	100
11/15/2015 06:50	46.6	68.3	57.8	67.3	55.9	4	100
11/15/2015 06:55	51.7	68.6	58.8	57.2	58	4	100
11/15/2015 07:00	54	68.9	56.6	52.3	56.7	4	100
11/15/2015 07:05	60.9	68.7	60.7	59.9	62.4	4	100
11/15/2015 07:10	62.6	69.7	58.5	60.8	62.8	4	100
11/15/2015 07:15	55.5	68.3	58.2	50.9	57.4	4	100
11/15/2015 07:20	68.7	69.7	60.8	53.1	65.1	4	100
11/15/2015 07:25	72	69.5	60.2	45.8	63.9	4	100
11/15/2015 07:30	70.3	68.8	58.7	59.6	66.3	4	100
11/15/2015 07:35	70.4	69.2	58.5	65.8	67	4	100
11/15/2015 07:40	71	69	58.9	63.9	67	4	100
11/15/2015 07:45	67.1	69	62.2	59.2	65.3	4	100
11/15/2015 07:50	61.3	68.4	59.9	51	61.1	4	100
11/15/2015 07:55	63.4	69	61.3	43.5	61.1	4	100
11/15/2015 08:00	54	67.5	56.8	54.2	57.9	4	100
11/15/2015 08:05	60.5	67	34.7	46	54.8	4	100
11/15/2015 08:10	59	66.8	46.3	55	57.4	4	100
11/15/2015 08:15	48.4	66.9	52.3	58.5	55.8	4	100
11/15/2015 08:20	46.6	66.6	55.8	48.5	54	4	100
11/15/2015 08:25	57.1	66.5	54.8	53.8	58.6	4	100
11/15/2015 08:30	63.5	66.1	55.9	60.1	62.2	4	100
11/15/2015 08:35	65.6	66.7	57.4	46.7	62.2	4	100
11/15/2015 08:40	67.9	66.1	55.6	50.2	62.1	4	100
11/15/2015 08:45	66.9	65.4	56.4	54.4	62.7	4	100
11/15/2015 08:50	69.6	66.1	56.6	45.4	62.5	4	100
11/15/2015 08:55	51	67.1	59.1	55.4	58.2	4	100
11/15/2015 09:00	59.5	67.2	61.1	57.5	62	4	100
11/15/2015 09:05	62.9	67.2	60.1	48	61.1	4	100
11/15/2015 09:10	66.9	67	60.3	50.4	63.3	4	100
11/15/2015 09:15	67.8	67.5	57.2	55.2	63.6	4	100
11/15/2015 09:20	61.3	66.9	57.4	59.2	61.8	4	100
11/15/2015 09:25	63.7	66.7	57.8	56.2	62.6	4	100
11/15/2015 09:30	64.1	66	56.5	57.9	62.4	4	100
11/15/2015 09:35	66.3	66.5	58.8	58.7	63.8	4	100
11/15/2015 09:40	65.8	65.7	59.3	60.3	63.9	4	100
11/15/2015 09:45	63.3	66.1	60.2	59.7	63	4	100
11/15/2015 09:50	63	66.7	61.3	50.2	62.1	4	100
11/15/2015 09:55	63	66.2	59.8	54	62.7	4	100
11/15/2015 10:00	65.2	66.4	60.4	56.3	63.9	4	100
11/15/2015 10:05	66.5	67.5	60.7	58.2	64.8	4	100
11/15/2015 10:10	67.2	67.9	58.8	59.6	64.7	4	100
11/15/2015 10:15	66.8	66.8	59.7	49.3	63.4	4	100
11/15/2015 10:20	67	66.2	58.3	44.6	63.3	4	100
11/15/2015 10:25	66.8	65.4	56.4	48.4	62.5	4	100
11/15/2015 10:30	58.9	65.4	56.8	53.2	59.9	4	100
11/15/2015 10:35	64.5	65.6	57.9	51.2	61.8	4	100
11/15/2015 10:40	66.5	66.8	55.6	57.2	63	4	100
11/15/2015 10:45	64.4	65.7	56.7	59.3	62.4	4	100
11/15/2015 10:50	60.2	65.3	57.8	52.4	60.5	4	100
11/15/2015 10:55	66.1	65.6	57.7	50.4	62.4	4	100
11/15/2015 11:00	65.9	66	58.9	52	63	4	100
11/15/2015 11:05	67.3	66.7	59	57.2	64.1	4	100
11/15/2015 11:10	43	65.2	58.9	57.6	56.2	4	100
11/15/2015 11:15	55.9	66	56.3	59.3	59.4	4	100
11/15/2015 11:20	59.2	63.1	57.1	55.6	59.6	4	100
11/15/2015 11:25	56.4	60.7	52.3	43.6	55.7	4	100
11/15/2015 11:30	63.9	62	50.7	45.6	57.7	4	100
11/15/2015 11:35	43.7	65	55.2	47.2	53.4	4	100
11/15/2015 11:40	32.1	66.5	61.9	46.3	51.4	4	100
11/15/2015 11:45	49.2	67.2	62.5	47.3	57.1	4	100
11/15/2015 11:50	56	64.4	62.8	45.2	58.5	4	100
11/15/2015 11:55	60.7	64.8	60.9	44.7	60	4	100
11/15/2015 12:00	64.8	64.2	59.3	42.8	60.5	4	100
11/15/2015 12:05	67.3	63.4	62.2	44.4	61.1	4	100
11/15/2015 12:10	70.2	65.3	54.2	43.2	61.4	4	100
11/15/2015 12:15	59.8	66.3	58.4	44	58	4	100
11/15/2015 12:20	59.5	66.1	58.6	43.3	58.5	4	100
11/15/2015 12:25	65.1	66.2	60.8	43.3	61.5	4	100
11/15/2015 12:30	68.6	66.7	62.7	45.3	62.8	4	100
11/15/2015 12:35	71.2	66.5	62.4	44.6	63	4	100
11/15/2015 12:40	71.7	65.6	62.6	45.8	63.7	4	100
11/15/2015 12:45	73.1	65.9	53.7	48.3	62.7	4	100
11/15/2015 12:50	70.9	66.4	58.7	44	62.6	4	100
11/15/2015 12:55	65.4	66.4	63.9	46.7	61.9	4	100
11/15/2015 13:00	65.3	67	62.9	46.9	62.3	4	100
11/15/2015 13:05	66.3	66.5	62.6	44.3	62.3	4	100
11/15/2015 13:10	69.3	66.1	61.5	44.5	62.5	4	100
11/15/2015 13:15	60.8	66	61	48.3	60.5	4	100
11/15/2015 13:20	47	67.5	61.8	47.4	56.5	4	100
11/15/2015 13:25	52.5	67.1	63.8	48.4	59.2	4	100
11/15/2015 13:30	61	67	60.9	45.4	59.7	4	100
11/15/2015 13:35	53.6	65.7	62.2	43.1	56.8	4	100
11/15/2015 13:40	61.1	66.2	63.2	44.2	60.5	4	100
11/15/2015 13:45	63.4	65.6	63.3	44.5	61.1	4	100
11/15/2015 13:50	68	66.4	64.7	44.4	63.2	4	100
11/15/2015 13:55	67.9	66.5	63.5	42.6	62.2	4	100
11/15/2015 14:00	66.7	66.9	66.2	43.2	62.7	4	100
11/15/2015 14:05	67.7	65.9	64.4	43.8	63.1	4	100
11/15/2015 14:10	66.1	66.6	65.9	44.7	63.2	4	100
11/15/2015 14:15	63.2	65.9	64.6	43.5	61.7	4	100
11/15/2015 14:20	55.7	65.7	64	44.2	58.7	4	100
11/15/2015 14:25	62.5	65.3	62.6	42.3	60.2	4	100
11/15/2015 14:30	64.6	65.2	62.5	45.3	61.5	4	100
11/15/2015 14:35	69.4	66.3	62.2	42.6	63.3	4	100
11/15/2015 14:40	69.4	66.3	61.9	44	62.6	4	100
11/15/2015 14:45	71.4	66	63.7	46.8	64	4	100
11/15/2015 14:50	71.4	65.7	63.2	46.9	64	4	100
11/15/2015 14:55	71.2	65.1	62.9	47.5	63.6	4	100
11/15/2015 15:00	69.9	65.5	59.8	46.4	62.9	4	100
11/15/2015 15:05	71.4	65.9	62.1	44.2	63.9	4	100
11/15/2015 15:10	72.3	66.5	63.2	45.5	64.3	4	100
11/15/2015 15:15	71.1	67	61.7	44.4	63.1	4	100
11/15/2015 15:20	65.4	66.2	62.6	45.6	62	4	100
11/15/2015 15:25	63.9	66.7	62.5	45.4	61.8	4	100
11/15/2015 15:30	65.6	66.9	63.3	48.6	62.8	4	100
11/15/2015 15:35	68.3	66	62.7	46.9	63.1	4	100
11/15/2015 15:40	67.5	66.3	64.3	47.8	63.2	4	100
11/15/2015 15:45	60.4	66.5	63.7	46.8	60.4	4	100
11/15/2015 15:50	63.9	66.9	64.1	47	62.3	4	100
11/15/2015 15:55	65	67.3	61.6	46.7	61.8	4	100
11/15/2015 16:00	67.5	66.4	61.6	48	62.5	4	100
11/15/2015 16:05	69.3	66.7	63	46.2	63.7	4	100
11/15/2015 16:10	68.6	66.4	63.4	45.9	63.1	4	100
11/15/2015 16:15	63.8	66.4	65.3	43.8	61.8	4	100
11/15/2015 16:20	65.8	65.3	64.3	44.2	61.7	4	100
11/15/2015 16:25	59.7	55.8	60.7	46.3	56.5	4	100
11/15/2015 16:30	66.7	60.4	61.8	45.3	60.1	4	100
11/15/2015 16:35	66.1	62.8	62	45.2	60	4	100
11/15/2015 16:40	68.8	63.6	64.2	44.6	62.5	4	100
11/15/2015 16:45	70.7	64.4	63.9	43.7	62.2	4	100
11/15/2015 16:50	71.4	64.7	63.3	45.4	63.6	4	100
11/15/2015 16:55	70.7	65.3	60.5	46.6	63.4	4	100
11/15/2015 17:00	70.1	65.4	63.3	45.8	63.6	4	100
11/15/2015 17:05	68.8	64.8	61.7	45.9	62.7	4	100
11/15/2015 17:10	39.2	64.1	61.2	46	54.2	4	100
11/15/2015 17:15	20.1	63	57.1	48.2	55.7	4	100
11/15/2015 17:20	10.4	62.8	59.6	45.6	55.5	4	100
11/15/2015 17:25	5.5	62.2	62	45	56.5	4	100
11/15/2015 17:30	3.6	61.9	61.1	47.3	54.2	4	100
11/15/2015 17:35	3.7	61.5	60.5	47.5	49.8	4	100
11/15/2015 17:40	9.9	61.6	61.7	41.8	44	4	100
11/15/2015 17:45	5.2	60	59.4	41.1	54.2	4	100
11/15/2015 17:50	3	61.8	60	43.1	55.2	4	100
11/15/2015 17:55	5.7	62.2	60.1	43.2	45.8	4	100
11/15/2015 18:00	24.8	63.6	59.4	41.4	46.6	4	100
11/15/2015 18:05	27.5	63.3	61	40.4	47.2	4	100
11/15/2015 18:10	45.1	62.7	61	45.8	53.4	4	100
11/15/2015 18:15	55	62	60.6	45.1	56.7	4	100
11/15/2015 18:20	60.9	62.1	49.3	44	55.4	4	100
11/15/2015 18:25	63.5	62.5	24.9	43	57.3	4	100
11/15/2015 18:30	55	63.1	27.5	44.1	48.7	4	100
11/15/2015 18:35	62.5	63.6	46.1	43.4	56.1	4	100
11/15/2015 18:40	60.4	63.5	52.8	40.8	56.3	4	100
11/15/2015 18:45	57.9	63.8	54	47.4	56.3	4	100
11/15/2015 18:50	61.7	63.4	59.3	46.5	58.5	4	100
11/15/2015 18:55	61.5	62.2	62.8	36.4	55.8	4	100
11/15/2015 19:00	65.6	64.9	59.2	38.5	58.9	4	100
11/15/2015 19:05	67.7	63.9	58.5	43.2	61.2	4	100
11/15/2015 19:10	70.2	64.4	60.2	43.7	60.7	4	100
11/15/2015 19:15	66.1	63.5	60.1	39.9	60	4	100
11/15/2015 19:20	66.8	64.4	63.9	39.6	60.1	4	100
11/15/2015 19:25	65.3	65.4	65.4	42.6	59	4	100
11/15/2015 19:30	55	64.3	63.2	42	56.9	4	100
11/15/2015 19:35	62.6	64.8	62.7	42.9	59.5	4	100
11/15/2015 19:40	64.1	65	66.4	45.1	61.4	4	100
11/15/2015 19:45	64	66.1	65	44.3	61.7	4	100
11/15/2015 19:50	64.8	64.8	64	44.3	60.6	4	100
11/15/2015 19:55	69	64.2	61.9	46	61	4	100
11/15/2015 20:00	68.1	65.4	65.6	46.3	62.6	4	100
11/15/2015 20:05	68.2	66.2	65.7	47	63.5	4	100
11/15/2015 20:10	68.6	66	66.6	46.1	62.6	4	100
11/15/2015 20:15	70	66.4	64.5	45.7	62.9	4	100
11/15/2015 20:20	68.6	66.4	64.9	39.2	61	4	100
11/15/2015 20:25	69.6	67.6	40.2	45.9	58.3	4	100
11/15/2015 20:30	66.3	65.9	50.3	38.3	56.6	4	100
11/15/2015 20:35	70.8	66.2	54.2	41.2	61	4	100
11/15/2015 20:40	50.5	66.8	60.9	44.9	55.9	4	100
11/15/2015 20:45	39.4	66.1	64.4	43.9	52.1	4	100
11/15/2015 20:50	54.5	66.8	64.7	46.7	58.2	4	100
11/15/2015 20:55	64.1	66.3	65.1	46.6	61.6	4	100
11/15/2015 21:00	70.1	68.8	66.4	53.7	66.3	4	100
11/15/2015 21:05	72.2	70.3	65.9	60.1	68.3	4	100
11/15/2015 21:10	73.1	70.9	69.5	58.4	68.7	4	100
11/15/2015 21:15	64.9	71.1	69.6	60.5	66.5	4	100
11/15/2015 21:20	66.5	70.5	68.7	64.3	67.8	4	100
11/15/2015 21:25	67.9	70.8	65.9	59.1	66.8	4	100
11/15/2015 21:30	71.6	70.4	67.9	59.7	68.3	4	100
11/15/2015 21:35	68.1	71.2	69.1	59.8	67.5	4	100
11/15/2015 21:40	69.3	71	69.5	59.3	68	4	100
11/15/2015 21:45	72	71.5	70.8	60	69.2	4	100
11/15/2015 21:50	67.2	71.5	68.6	62.2	67.9	4	100
11/15/2015 21:55	44.2	71.3	68.6	56.7	59.3	4	100
11/15/2015 22:00	25.7	70.7	63.8	63.2	57.1	4	100
11/15/2015 22:05	56.1	70.9	70.5	64.4	64.8	4	100
11/15/2015 22:10	70.2	70.8	67.7	64.4	69	4	100
11/15/2015 22:15	74.4	72	71.7	60.4	69.9	4	100
11/15/2015 22:20	73.1	72.2	71.1	57.3	69.5	4	100
11/15/2015 22:25	75.1	71.7	64.6	60.1	68.6	4	100
11/15/2015 22:30	76.2	73.4	67.1	61.6	70.4	4	100
11/15/2015 22:35	76.8	72.1	69.4	57.1	70.1	4	100
11/15/2015 22:40	79.9	72.8	67.7	65.3	72.7	4	100
11/15/2015 22:45	80.1	72.5	68.9	61.8	71.6	4	100
11/15/2015 22:50	76.8	72.3	66.8	63.8	70.6	4	100
11/15/2015 22:55	82.1	72	68.1	62	72.9	4	100
11/15/2015 23:00	75.4	70.1	70	62.4	70	4	100
11/15/2015 23:05	70.9	70.2	71.8	64.6	69.5	4	100
11/15/2015 23:10	58.1	70.5	69.2	64.6	63.8	4	100
11/15/2015 23:15	50.8	71.3	69.1	67.4	61.9	4	100
11/15/2015 23:20	65.5	71.7	68.9	66.5	67.9	4	100
11/15/2015 23:25	69.4	71.8	68.5	69	69.7	4	100
11/15/2015 23:30	80.9	72.4	71	68.2	74	4	100
11/15/2015 23:35	78.3	73.4	72.5	62.1	72.5	4	100
11/15/2015 23:40	84	72.9	64.1	61.4	73	4	100
11/15/2015 23:45	84	71.9	67.5	57.1	73.2	4	100
11/15/2015 23:50	80.9	70.6	68.2	60.5	72.1	4	100
11/15/2015 23:55	75.8	71.3	70.6	62.2	71.3	4	100
