5 Minutes	Lane 1 Flow (Veh/5 Minutes)	Lane 2 Flow (Veh/5 Minutes)	Lane 3 Flow (Veh/5 Minutes)	Lane 4 Flow (Veh/5 Minutes)	Flow (Veh/5 Minutes)	# Lane Points	% Observed
11/02/2015 00:00	43	49	40	27	159	4	0
11/02/2015 00:05	42	46	39	26	153	4	0
11/02/2015 00:10	36	40	33	21	130	4	0
11/02/2015 00:15	39	43	36	24	142	4	0
11/02/2015 00:20	38	45	35	23	141	4	0
11/02/2015 00:25	26	35	25	23	109	4	0
11/02/2015 00:30	36	42	33	24	135	4	0
11/02/2015 00:35	35	42	32	21	130	4	0
11/02/2015 00:40	39	46	36	24	145	4	0
11/02/2015 00:45	39	41	36	24	140	4	0
11/02/2015 00:50	30	37	29	18	114	4	0
11/02/2015 00:55	23	33	22	12	90	4	0
11/02/2015 01:00	28	34	27	16	105	4	0
11/02/2015 01:05	27	37	26	15	105	4	0
11/02/2015 01:10	26	35	25	14	100	4	0
11/02/2015 01:15	24	35	23	13	95	4	0
11/02/2015 01:20	23	31	22	12	88	4	0
11/02/2015 01:25	24	33	23	13	93	4	0
11/02/2015 01:30	24	33	23	12	92	4	0
11/02/2015 01:35	23	34	22	11	90	4	0
11/02/2015 01:40	20	29	20	10	79	4	0
11/02/2015 01:45	23	30	22	11	86	4	0
11/02/2015 01:50	17	28	17	8	70	4	0
11/02/2015 01:55	16	27	16	7	66	4	0
11/02/2015 02:00	21	31	20	9	81	4	0
11/02/2015 02:05	13	24	13	5	55	4	0
11/02/2015 02:10	14	27	15	5	61	4	0
11/02/2015 02:15	19	28	19	9	75	4	0
11/02/2015 02:20	18	27	18	8	71	4	0
11/02/2015 02:25	12	24	12	4	52	4	0
11/02/2015 02:30	16	27	16	7	66	4	0
11/02/2015 02:35	18	28	18	8	72	4	0
11/02/2015 02:40	9	22	10	2	43	4	0
11/02/2015 02:45	12	26	13	4	55	4	0
11/02/2015 02:50	16	29	16	7	68	4	0
11/02/2015 02:55	12	27	12	5	56	4	0
11/02/2015 03:00	14	27	15	5	61	4	0
11/02/2015 03:05	13	23	13	5	54	4	0
11/02/2015 03:10	20	30	20	9	79	4	0
11/02/2015 03:15	19	29	19	9	76	4	0
11/02/2015 03:20	12	24	12	8	56	4	0
11/02/2015 03:25	14	29	14	4	61	4	0
11/02/2015 03:30	19	28	19	9	75	4	0
11/02/2015 03:35	21	31	20	11	83	4	0
11/02/2015 03:40	28	33	27	16	104	4	0
11/02/2015 03:45	14	27	14	5	60	4	0
11/02/2015 03:50	22	32	21	11	86	4	0
11/02/2015 03:55	18	31	18	7	74	4	0
11/02/2015 04:00	16	29	16	7	68	4	0
11/02/2015 04:05	26	34	25	14	99	4	0
11/02/2015 04:10	22	31	21	11	85	4	0
11/02/2015 04:15	27	33	26	15	101	4	0
11/02/2015 04:20	20	32	20	10	82	4	0
11/02/2015 04:25	32	40	30	19	121	4	0
11/02/2015 04:30	31	37	30	18	116	4	0
11/02/2015 04:35	35	40	32	21	128	4	0
11/02/2015 04:40	48	48	44	31	171	4	0
11/02/2015 04:45	49	50	45	31	175	4	0
11/02/2015 04:50	49	53	45	31	178	4	0
11/02/2015 04:55	42	46	39	26	153	4	0
11/02/2015 05:00	59	59	54	39	211	4	0
11/02/2015 05:05	54	51	49	35	189	4	0
11/02/2015 05:10	67	65	61	45	238	4	0
11/02/2015 05:15	76	69	69	51	265	4	0
11/02/2015 05:20	74	69	67	50	260	4	0
11/02/2015 05:25	79	76	71	54	280	4	0
11/02/2015 05:30	91	85	82	63	321	4	0
11/02/2015 05:35	95	91	86	66	338	4	0
11/02/2015 05:40	103	98	93	72	366	4	0
11/02/2015 05:45	118	106	106	83	413	4	0
11/02/2015 05:50	102	99	92	71	364	4	0
11/02/2015 05:55	114	104	102	80	400	4	0
11/02/2015 06:00	96	89	87	67	339	4	0
11/02/2015 06:05	113	100	101	79	393	4	0
11/02/2015 06:10	110	96	98	77	381	4	0
11/02/2015 06:15	123	110	110	86	429	4	0
11/02/2015 06:20	114	108	102	80	404	4	0
11/02/2015 06:25	112	103	100	78	393	4	0
11/02/2015 06:30	131	120	118	93	462	4	0
11/02/2015 06:35	121	113	108	85	427	4	0
11/02/2015 06:40	136	123	122	96	477	4	0
11/02/2015 06:45	137	125	123	97	482	4	0
11/02/2015 06:50	134	125	120	95	474	4	0
11/02/2015 06:55	136	104	122	96	458	4	0
11/02/2015 07:00	124	119	111	87	441	4	0
11/02/2015 07:05	123	126	110	86	445	4	0
11/02/2015 07:10	138	125	124	98	485	4	0
11/02/2015 07:15	152	137	136	108	533	4	0
11/02/2015 07:20	143	137	128	101	509	4	0
11/02/2015 07:25	156	141	139	111	547	4	0
11/02/2015 07:30	138	138	124	98	498	4	0
11/02/2015 07:35	144	137	129	102	512	4	0
11/02/2015 07:40	155	144	138	110	547	4	0
11/02/2015 07:45	160	140	143	114	557	4	0
11/02/2015 07:50	153	148	137	109	547	4	0
11/02/2015 07:55	148	138	132	105	523	4	0
11/02/2015 08:00	151	134	135	107	527	4	0
11/02/2015 08:05	144	135	129	102	510	4	0
11/02/2015 08:10	151	141	135	107	534	4	0
11/02/2015 08:15	164	155	147	117	583	4	0
11/02/2015 08:20	159	145	142	113	559	4	0
11/02/2015 08:25	128	125	115	90	458	4	0
11/02/2015 08:30	128	122	115	90	455	4	0
11/02/2015 08:35	148	139	132	105	524	4	0
11/02/2015 08:40	136	135	121	96	488	4	0
11/02/2015 08:45	141	134	127	100	502	4	0
11/02/2015 08:50	144	129	129	103	505	4	0
11/02/2015 08:55	128	120	115	90	453	4	0
11/02/2015 09:00	123	116	110	86	435	4	0
11/02/2015 09:05	128	115	115	90	448	4	0
11/02/2015 09:10	123	114	110	86	433	4	0
11/02/2015 09:15	126	119	113	89	447	4	0
11/02/2015 09:20	126	122	112	88	448	4	0
11/02/2015 09:25	129	117	116	91	453	4	0
11/02/2015 09:30	128	119	115	90	452	4	0
11/02/2015 09:35	131	121	118	93	463	4	0
11/02/2015 09:40	120	109	107	84	420	4	0
11/02/2015 09:45	128	118	115	90	451	4	0
11/02/2015 09:50	124	114	111	87	436	4	0
11/02/2015 09:55	112	104	100	78	394	4	0
11/02/2015 10:00	119	115	107	83	424	4	0
11/02/2015 10:05	110	97	98	77	382	4	0
11/02/2015 10:10	119	112	107	83	421	4	0
11/02/2015 10:15	123	118	110	86	437	4	0
11/02/2015 10:20	116	112	104	81	413	4	0
11/02/2015 10:25	128	108	115	90	441	4	0
11/02/2015 10:30	115	102	103	80	400	4	0
11/02/2015 10:35	126	112	113	89	440	4	0
11/02/2015 10:40	115	105	103	80	403	4	0
11/02/2015 10:45	128	114	115	90	447	4	0
11/02/2015 10:50	114	106	102	80	402	4	0
11/02/2015 10:55	106	102	96	74	378	4	0
11/02/2015 11:00	107	101	97	75	380	4	0
11/02/2015 11:05	115	110	103	80	408	4	0
11/02/2015 11:10	114	109	102	80	405	4	0
11/02/2015 11:15	131	118	118	93	460	4	0
11/02/2015 11:20	110	110	98	76	394	4	0
11/02/2015 11:25	119	117	106	83	425	4	0
11/02/2015 11:30	122	110	109	86	427	4	0
11/02/2015 11:35	130	112	116	91	449	4	0
11/02/2015 11:40	96	98	87	67	348	4	0
11/02/2015 11:45	114	105	102	80	401	4	0
11/02/2015 11:50	135	119	121	95	470	4	0
11/02/2015 11:55	116	109	104	81	410	4	0
11/02/2015 12:00	127	120	114	90	451	4	0
11/02/2015 12:05	120	110	108	84	422	4	0
11/02/2015 12:10	119	112	107	83	421	4	0
11/02/2015 12:15	129	117	115	91	452	4	0
11/02/2015 12:20	121	112	109	85	427	4	0
11/02/2015 12:25	137	119	123	97	476	4	0
11/02/2015 12:30	117	112	105	82	416	4	0
11/02/2015 12:35	124	115	111	87	437	4	0
11/02/2015 12:40	133	125	119	94	471	4	0
11/02/2015 12:45	130	125	116	91	462	4	0
11/02/2015 12:50	134	122	120	95	471	4	0
11/02/2015 12:55	125	114	112	88	439	4	0
11/02/2015 13:00	111	107	99	77	394	4	0
11/02/2015 13:05	111	110	99	77	397	4	0
11/02/2015 13:10	125	114	112	88	439	4	0
11/02/2015 13:15	137	125	123	97	482	4	0
11/02/2015 13:20	136	125	122	96	479	4	0
11/02/2015 13:25	133	126	119	94	472	4	0
11/02/2015 13:30	142	125	127	101	495	4	0
11/02/2015 13:35	128	119	115	90	452	4	0
11/02/2015 13:40	144	128	129	103	504	4	0
11/02/2015 13:45	139	126	124	98	487	4	0
11/02/2015 13:50	135	127	121	95	478	4	0
11/02/2015 13:55	143	129	128	102	502	4	0
11/02/2015 14:00	133	120	119	94	466	4	0
11/02/2015 14:05	140	122	126	100	488	4	0
11/02/2015 14:10	141	130	127	100	498	4	0
11/02/2015 14:15	136	130	122	96	484	4	0
11/02/2015 14:20	122	120	109	86	437	4	0
11/02/2015 14:25	136	126	122	96	480	4	0
11/02/2015 14:30	142	130	127	101	500	4	0
11/02/2015 14:35	136	127	122	96	481	4	0
11/02/2015 14:40	139	121	124	98	482	4	0
11/02/2015 14:45	142	132	127	101	502	4	0
11/02/2015 14:50	117	115	105	82	419	4	0
11/02/2015 14:55	125	121	112	88	446	4	0
11/02/2015 15:00	127	122	114	90	453	4	0
11/02/2015 15:05	118	111	106	83	418	4	0
11/02/2015 15:10	132	123	118	93	466	4	0
11/02/2015 15:15	132	126	118	93	469	4	0
11/02/2015 15:20	139	127	125	99	490	4	0
11/02/2015 15:25	125	122	112	88	447	4	0
11/02/2015 15:30	130	125	117	92	464	4	0
11/02/2015 15:35	131	121	118	93	463	4	0
11/02/2015 15:40	133	128	119	94	474	4	0
11/02/2015 15:45	140	135	125	99	499	4	0
11/02/2015 15:50	145	133	130	103	511	4	0
11/02/2015 15:55	131	122	117	92	462	4	0
11/02/2015 16:00	130	112	117	92	451	4	0
11/02/2015 16:05	126	112	113	89	440	4	0
11/02/2015 16:10	96	96	87	67	346	4	0
11/02/2015 16:15	121	120	108	85	434	4	0
11/02/2015 16:20	99	100	89	69	357	4	0
11/02/2015 16:25	107	110	97	75	389	4	0
11/02/2015 16:30	96	97	87	67	347	4	0
11/02/2015 16:35	91	98	82	62	333	4	0
11/02/2015 16:40	126	113	112	88	439	4	0
11/02/2015 16:45	125	119	112	88	444	4	0
11/02/2015 16:50	95	95	86	66	342	4	0
11/02/2015 16:55	83	84	75	56	298	4	0
11/02/2015 17:00	87	95	79	60	321	4	0
11/02/2015 17:05	89	90	80	61	320	4	0
11/02/2015 17:10	112	109	100	78	399	4	0
11/02/2015 17:15	113	104	101	79	397	4	0
11/02/2015 17:20	110	107	98	76	391	4	0
11/02/2015 17:25	87	98	79	60	324	4	0
11/02/2015 17:30	98	101	88	68	355	4	0
11/02/2015 17:35	100	103	90	70	363	4	0
11/02/2015 17:40	84	96	76	57	313	4	0
11/02/2015 17:45	86	93	78	59	316	4	0
11/02/2015 17:50	90	97	81	62	330	4	0
11/02/2015 17:55	88	92	79	60	319	4	0
11/02/2015 18:00	80	87	72	54	293	4	0
11/02/2015 18:05	101	94	91	70	356	4	0
11/02/2015 18:10	118	109	106	83	416	4	0
11/02/2015 18:15	95	101	86	66	348	4	0
11/02/2015 18:20	109	108	98	76	391	4	0
11/02/2015 18:25	126	120	112	88	446	4	0
11/02/2015 18:30	118	111	106	83	418	4	0
11/02/2015 18:35	123	113	111	87	434	4	0
11/02/2015 18:40	113	112	102	79	406	4	0
11/02/2015 18:45	111	107	99	77	394	4	0
11/02/2015 18:50	126	117	113	89	445	4	0
11/02/2015 18:55	115	107	103	80	405	4	0
11/02/2015 19:00	117	115	105	82	419	4	0
11/02/2015 19:05	131	122	117	92	462	4	0
11/02/2015 19:10	132	126	118	93	469	4	0
11/02/2015 19:15	120	103	107	84	414	4	0
11/02/2015 19:20	116	108	104	81	409	4	0
11/02/2015 19:25	115	106	103	80	404	4	0
11/02/2015 19:30	103	103	92	71	369	4	0
11/02/2015 19:35	110	109	98	76	393	4	0
11/02/2015 19:40	125	114	112	88	439	4	0
11/02/2015 19:45	128	112	115	90	445	4	0
11/02/2015 19:50	111	104	99	77	391	4	0
11/02/2015 19:55	125	113	112	88	438	4	0
11/02/2015 20:00	111	109	100	78	398	4	0
11/02/2015 20:05	88	93	79	60	320	4	0
11/02/2015 20:10	112	107	101	78	398	4	0
11/02/2015 20:15	111	106	99	77	393	4	0
11/02/2015 20:20	107	97	97	75	376	4	0
11/02/2015 20:25	100	95	90	70	355	4	0
11/02/2015 20:30	82	84	74	56	296	4	0
11/02/2015 20:35	95	90	86	66	337	4	0
11/02/2015 20:40	95	88	86	66	335	4	0
11/02/2015 20:45	78	76	70	53	277	4	0
11/02/2015 20:50	89	82	80	61	312	4	0
11/02/2015 20:55	81	80	73	55	289	4	0
11/02/2015 21:00	71	76	65	48	260	4	0
11/02/2015 21:05	80	76	72	54	282	4	0
11/02/2015 21:10	100	96	89	69	354	4	0
11/02/2015 21:15	101	95	91	70	357	4	0
11/02/2015 21:20	94	88	85	65	332	4	0
11/02/2015 21:25	84	80	75	57	296	4	0
11/02/2015 21:30	82	78	74	56	290	4	0
11/02/2015 21:35	86	81	78	59	304	4	0
11/02/2015 21:40	79	76	71	54	280	4	0
11/02/2015 21:45	79	78	71	54	282	4	0
11/02/2015 21:50	88	80	79	60	307	4	0
11/02/2015 21:55	86	80	78	59	303	4	0
11/02/2015 22:00	70	72	64	47	253	4	0
11/02/2015 22:05	71	75	65	48	259	4	0
11/02/2015 22:10	83	76	75	57	291	4	0
11/02/2015 22:15	77	74	69	52	272	4	0
11/02/2015 22:20	77	81	69	52	279	4	0
11/02/2015 22:25	64	69	59	43	235	4	0
11/02/2015 22:30	60	61	55	40	216	4	0
11/02/2015 22:35	70	68	64	47	249	4	0
11/02/2015 22:40	58	62	53	38	211	4	0
11/02/2015 22:45	60	56	55	40	211	4	0
11/02/2015 22:50	62	63	57	41	223	4	0
11/02/2015 22:55	55	61	50	36	202	4	0
11/02/2015 23:00	48	53	44	31	176	4	0
11/02/2015 23:05	63	60	58	42	223	4	0
11/02/2015 23:10	53	57	49	34	193	4	0
11/02/2015 23:15	53	57	49	34	193	4	0
11/02/2015 23:20	54	56	49	35	194	4	0
11/02/2015 23:25	48	52	44	31	175	4	0
11/02/2015 23:30	44	48	40	28	160	4	0
11/02/2015 23:35	45	48	41	28	162	4	0
11/02/2015 23:40	44	48	40	28	160	4	0
11/02/2015 23:45	42	48	39	26	155	4	0
11/02/2015 23:50	37	47	34	22	140	4	0
11/02/2015 23:55	32	40	30	19	121	4	0
11/03/2015 00:00	40	47	37	24	148	4	0
11/03/2015 00:05	45	52	41	28	166	4	0
11/03/2015 00:10	39	43	36	24	142	4	0
11/03/2015 00:15	37	45	34	22	138	4	0
11/03/2015 00:20	40	43	37	24	144	4	0
11/03/2015 00:25	38	47	35	23	143	4	0
11/03/2015 00:30	31	41	30	18	120	4	0
11/03/2015 00:35	32	39	30	19	120	4	0
11/03/2015 00:40	28	36	27	16	107	4	0
11/03/2015 00:45	26	33	25	14	98	4	0
11/03/2015 00:50	21	31	20	11	83	4	0
11/03/2015 00:55	24	33	23	13	93	4	0
11/03/2015 01:00	23	33	22	12	90	4	0
11/03/2015 01:05	20	32	20	10	82	4	0
11/03/2015 01:10	24	35	23	13	95	4	0
11/03/2015 01:15	24	35	23	12	94	4	0
11/03/2015 01:20	16	28	16	7	67	4	0
11/03/2015 01:25	24	33	23	13	93	4	0
11/03/2015 01:30	20	32	19	8	79	4	0
11/03/2015 01:35	21	29	20	11	81	4	0
11/03/2015 01:40	20	29	20	10	79	4	0
11/03/2015 01:45	22	31	21	11	85	4	0
11/03/2015 01:50	18	28	18	8	72	4	0
11/03/2015 01:55	15	29	15	6	65	4	0
11/03/2015 02:00	19	28	19	8	74	4	0
11/03/2015 02:05	13	27	15	5	60	4	0
11/03/2015 02:10	15	25	15	6	61	4	0
11/03/2015 02:15	13	27	13	3	56	4	0
11/03/2015 02:20	13	27	13	3	56	4	0
11/03/2015 02:25	15	27	15	7	64	4	0
11/03/2015 02:30	16	26	16	7	65	4	0
11/03/2015 02:35	18	31	18	7	74	4	0
11/03/2015 02:40	17	29	17	8	71	4	0
11/03/2015 02:45	15	26	15	6	62	4	0
11/03/2015 02:50	13	26	13	5	57	4	0
11/03/2015 02:55	15	25	15	6	61	4	0
11/03/2015 03:00	21	29	20	11	81	4	0
11/03/2015 03:05	15	26	15	6	62	4	0
11/03/2015 03:10	15	25	15	6	61	4	0
11/03/2015 03:15	14	28	15	5	62	4	0
11/03/2015 03:20	13	27	15	4	59	4	0
11/03/2015 03:25	16	26	16	9	67	4	0
11/03/2015 03:30	14	25	14	5	58	4	0
11/03/2015 03:35	20	29	20	10	79	4	0
11/03/2015 03:40	20	30	19	8	77	4	0
11/03/2015 03:45	17	28	17	8	70	4	0
11/03/2015 03:50	22	33	21	11	87	4	0
11/03/2015 03:55	23	32	22	12	89	4	0
11/03/2015 04:00	19	30	19	9	77	4	0
11/03/2015 04:05	23	30	22	11	86	4	0
11/03/2015 04:10	19	30	19	9	77	4	0
11/03/2015 04:15	24	31	23	12	90	4	0
11/03/2015 04:20	24	33	23	13	93	4	0
11/03/2015 04:25	19	32	19	9	79	4	0
11/03/2015 04:30	22	35	21	11	89	4	0
11/03/2015 04:35	35	41	32	21	129	4	0
11/03/2015 04:40	44	48	40	28	160	4	0
11/03/2015 04:45	51	55	47	33	186	4	0
11/03/2015 04:50	41	46	38	25	150	4	0
11/03/2015 04:55	43	48	40	27	158	4	0
11/03/2015 05:00	47	49	43	30	169	4	0
11/03/2015 05:05	62	61	57	41	221	4	0
11/03/2015 05:10	61	59	56	41	217	4	0
11/03/2015 05:15	64	67	59	43	233	4	0
11/03/2015 05:20	68	70	62	46	246	4	0
11/03/2015 05:25	78	66	70	53	267	4	0
11/03/2015 05:30	77	76	69	52	274	4	0
11/03/2015 05:35	85	86	76	58	305	4	0
11/03/2015 05:40	96	91	87	67	341	4	0
11/03/2015 05:45	108	96	98	76	378	4	0
11/03/2015 05:50	106	100	96	74	376	4	0
11/03/2015 05:55	101	91	91	70	353	4	0
11/03/2015 06:00	115	95	103	80	393	4	0
11/03/2015 06:05	109	97	98	76	380	4	0
11/03/2015 06:10	113	104	101	79	397	4	0
11/03/2015 06:15	124	104	111	87	426	4	0
11/03/2015 06:20	117	111	105	82	415	4	0
11/03/2015 06:25	112	102	100	78	392	4	0
11/03/2015 06:30	123	109	110	86	428	4	0
11/03/2015 06:35	126	119	113	89	447	4	0
11/03/2015 06:40	131	127	117	92	467	4	0
11/03/2015 06:45	141	126	126	100	493	4	0
11/03/2015 06:50	136	129	121	96	482	4	0
11/03/2015 06:55	130	125	116	91	462	4	0
11/03/2015 07:00	133	132	119	94	478	4	0
11/03/2015 07:05	116	109	104	81	410	4	0
11/03/2015 07:10	139	131	125	99	494	4	0
11/03/2015 07:15	151	143	135	108	537	4	0
11/03/2015 07:20	149	141	133	106	529	4	0
11/03/2015 07:25	142	136	127	101	506	4	0
11/03/2015 07:30	144	134	129	103	510	4	0
11/03/2015 07:35	148	133	132	105	518	4	0
11/03/2015 07:40	127	127	114	90	458	4	0
11/03/2015 07:45	161	151	144	115	571	4	0
11/03/2015 07:50	154	144	138	110	546	4	0
11/03/2015 07:55	142	138	127	101	508	4	0
11/03/2015 08:00	149	133	133	106	521	4	0
11/03/2015 08:05	145	140	129	103	517	4	0
11/03/2015 08:10	150	138	134	106	528	4	0
11/03/2015 08:15	154	134	137	109	534	4	0
11/03/2015 08:20	154	138	137	109	538	4	0
11/03/2015 08:25	140	129	126	100	495	4	0
11/03/2015 08:30	145	135	130	103	513	4	0
11/03/2015 08:35	153	138	137	109	537	4	0
11/03/2015 08:40	141	129	126	100	496	4	0
11/03/2015 08:45	133	125	119	94	471	4	0
11/03/2015 08:50	144	133	129	102	508	4	0
11/03/2015 08:55	126	123	113	89	451	4	0
11/03/2015 09:00	140	128	126	100	494	4	0
11/03/2015 09:05	136	130	122	96	484	4	0
11/03/2015 09:10	124	118	111	87	440	4	0
11/03/2015 09:15	129	116	115	91	451	4	0
11/03/2015 09:20	121	110	108	85	424	4	0
11/03/2015 09:25	124	117	111	87	439	4	0
11/03/2015 09:30	105	105	95	73	378	4	0
11/03/2015 09:35	119	113	107	83	422	4	0
11/03/2015 09:40	115	101	103	80	399	4	0
11/03/2015 09:45	100	101	89	69	359	4	0
11/03/2015 09:50	130	111	116	91	448	4	0
11/03/2015 09:55	110	110	98	76	394	4	0
11/03/2015 10:00	111	108	100	78	397	4	0
11/03/2015 10:05	101	92	91	70	354	4	0
11/03/2015 10:10	118	103	106	83	410	4	0
11/03/2015 10:15	104	101	93	72	370	4	0
11/03/2015 10:20	128	116	115	90	449	4	0
11/03/2015 10:25	117	109	105	82	413	4	0
11/03/2015 10:30	114	110	102	80	406	4	0
11/03/2015 10:35	128	118	115	90	451	4	0
11/03/2015 10:40	111	97	99	77	384	4	0
11/03/2015 10:45	100	96	90	70	356	4	0
11/03/2015 10:50	108	103	98	76	385	4	0
11/03/2015 10:55	112	106	100	78	396	4	0
11/03/2015 11:00	116	107	104	81	408	4	0
11/03/2015 11:05	114	109	102	80	405	4	0
11/03/2015 11:10	127	113	114	90	444	4	0
11/03/2015 11:15	113	102	101	79	395	4	0
11/03/2015 11:20	120	111	108	84	423	4	0
11/03/2015 11:25	106	105	96	74	381	4	0
11/03/2015 11:30	111	106	99	77	393	4	0
11/03/2015 11:35	119	108	107	83	417	4	0
11/03/2015 11:40	124	114	111	87	436	4	0
11/03/2015 11:45	119	110	107	83	419	4	0
11/03/2015 11:50	126	116	113	89	444	4	0
11/03/2015 11:55	121	106	109	85	421	4	0
11/03/2015 12:00	100	101	90	70	361	4	0
11/03/2015 12:05	108	102	98	76	384	4	0
11/03/2015 12:10	121	111	108	85	425	4	0
11/03/2015 12:15	118	109	106	83	416	4	0
11/03/2015 12:20	132	123	118	93	466	4	0
11/03/2015 12:25	136	120	122	96	474	4	0
11/03/2015 12:30	120	114	108	84	426	4	0
11/03/2015 12:35	124	115	111	87	437	4	0
11/03/2015 12:40	124	114	111	87	436	4	0
11/03/2015 12:45	138	124	124	98	484	4	0
11/03/2015 12:50	131	119	117	92	459	4	0
11/03/2015 12:55	127	116	114	90	447	4	0
11/03/2015 13:00	129	113	116	91	449	4	0
11/03/2015 13:05	124	116	111	87	438	4	0
11/03/2015 13:10	121	110	108	85	424	4	0
11/03/2015 13:15	119	115	107	83	424	4	0
11/03/2015 13:20	127	118	114	90	449	4	0
11/03/2015 13:25	143	129	128	102	502	4	0
11/03/2015 13:30	140	125	126	100	491	4	0
11/03/2015 13:35	141	129	127	100	497	4	0
11/03/2015 13:40	141	133	126	100	500	4	0
11/03/2015 13:45	145	128	129	103	505	4	0
11/03/2015 13:50	136	125	122	96	479	4	0
11/03/2015 13:55	134	121	120	95	470	4	0
11/03/2015 14:00	130	123	116	91	460	4	0
11/03/2015 14:05	127	119	114	90	450	4	0
11/03/2015 14:10	139	128	125	99	491	4	0
11/03/2015 14:15	152	134	136	108	530	4	0
11/03/2015 14:20	133	121	119	94	467	4	0
11/03/2015 14:25	127	124	114	90	455	4	0
11/03/2015 14:30	136	125	122	96	479	4	0
11/03/2015 14:35	132	123	118	93	466	4	0
11/03/2015 14:40	136	128	121	96	481	4	0
11/03/2015 14:45	137	128	123	97	485	4	0
11/03/2015 14:50	136	124	121	96	477	4	0
11/03/2015 14:55	128	122	115	90	455	4	0
11/03/2015 15:00	111	110	100	78	399	4	0
11/03/2015 15:05	114	106	102	80	402	4	0
11/03/2015 15:10	130	125	116	91	462	4	0
11/03/2015 15:15	104	104	94	71	373	4	0
11/03/2015 15:20	117	110	105	82	414	4	0
11/03/2015 15:25	128	117	115	90	450	4	0
11/03/2015 15:30	91	98	83	62	334	4	0
11/03/2015 15:35	110	104	98	77	389	4	0
11/03/2015 15:40	106	108	96	74	384	4	0
11/03/2015 15:45	106	102	96	74	378	4	0
11/03/2015 15:50	108	111	98	76	393	4	0
11/03/2015 15:55	112	109	101	78	400	4	0
11/03/2015 16:00	93	101	84	64	342	4	0
11/03/2015 16:05	112	104	100	78	394	4	0
11/03/2015 16:10	106	105	95	73	379	4	0
11/03/2015 16:15	105	98	94	72	369	4	0
11/03/2015 16:20	74	83	67	50	274	4	0
11/03/2015 16:25	82	92	74	56	304	4	0
11/03/2015 16:30	75	86	67	50	278	4	0
11/03/2015 16:35	84	77	76	57	294	4	0
11/03/2015 16:40	92	89	83	64	328	4	0
11/03/2015 16:45	104	99	94	73	370	4	0
11/03/2015 16:50	83	93	75	57	308	4	0
11/03/2015 16:55	89	89	80	61	319	4	0
11/03/2015 17:00	84	91	76	57	308	4	0
11/03/2015 17:05	75	82	68	51	276	4	0
11/03/2015 17:10	78	79	70	53	280	4	0
11/03/2015 17:15	93	88	84	64	329	4	0
11/03/2015 17:20	92	98	83	64	337	4	0
11/03/2015 17:25	85	94	78	57	314	4	0
11/03/2015 17:30	75	80	69	50	274	4	0
11/03/2015 17:35	78	82	71	52	283	4	0
11/03/2015 17:40	78	77	70	53	278	4	0
11/03/2015 17:45	83	87	76	56	302	4	0
11/03/2015 17:50	68	72	62	45	247	4	0
11/03/2015 17:55	84	77	76	57	294	4	0
11/03/2015 18:00	84	85	76	57	302	4	0
11/03/2015 18:05	101	101	91	70	363	4	0
11/03/2015 18:10	86	94	78	58	316	4	0
11/03/2015 18:15	81	85	74	54	294	4	0
11/03/2015 18:20	85	87	77	58	307	4	0
11/03/2015 18:25	93	93	84	64	334	4	0
11/03/2015 18:30	83	91	76	56	306	4	0
11/03/2015 18:35	84	85	77	57	303	4	0
11/03/2015 18:40	71	75	65	47	258	4	0
11/03/2015 18:45	81	73	73	55	282	4	0
11/03/2015 18:50	83	89	76	56	304	4	0
11/03/2015 18:55	75	76	68	50	269	4	0
11/03/2015 19:00	111	97	100	76	384	4	0
11/03/2015 19:05	129	117	116	91	453	4	0
11/03/2015 19:10	102	108	92	71	373	4	0
11/03/2015 19:15	115	112	103	80	410	4	0
11/03/2015 19:20	113	110	101	79	403	4	0
11/03/2015 19:25	128	120	115	90	453	4	0
11/03/2015 19:30	102	103	92	71	368	4	0
11/03/2015 19:35	99	107	89	69	364	4	0
11/03/2015 19:40	123	114	110	86	433	4	0
11/03/2015 19:45	122	117	109	86	434	4	0
11/03/2015 19:50	129	122	116	91	458	4	0
11/03/2015 19:55	128	117	115	90	450	4	0
11/03/2015 20:00	124	122	111	87	444	4	0
11/03/2015 20:05	126	122	112	88	448	4	0
11/03/2015 20:10	136	121	122	96	475	4	0
11/03/2015 20:15	125	114	112	88	439	4	0
11/03/2015 20:20	125	109	112	88	434	4	0
11/03/2015 20:25	124	111	111	87	433	4	0
11/03/2015 20:30	112	102	100	78	392	4	0
11/03/2015 20:35	94	92	84	65	335	4	0
11/03/2015 20:40	101	94	91	70	356	4	0
11/03/2015 20:45	102	97	92	71	362	4	0
11/03/2015 20:50	97	91	88	67	343	4	0
11/03/2015 20:55	106	95	96	74	371	4	0
11/03/2015 21:00	94	90	85	65	334	4	0
11/03/2015 21:05	92	89	83	64	328	4	0
11/03/2015 21:10	113	103	101	79	396	4	0
11/03/2015 21:15	96	94	87	67	344	4	0
11/03/2015 21:20	93	88	84	64	329	4	0
11/03/2015 21:25	98	93	88	68	347	4	0
11/03/2015 21:30	85	79	77	58	299	4	0
11/03/2015 21:35	92	90	83	64	329	4	0
11/03/2015 21:40	83	78	75	57	293	4	0
11/03/2015 21:45	93	85	84	64	326	4	0
11/03/2015 21:50	85	84	76	58	303	4	0
11/03/2015 21:55	76	71	69	51	267	4	0
11/03/2015 22:00	74	72	67	50	263	4	0
11/03/2015 22:05	86	84	78	59	307	4	0
11/03/2015 22:10	96	88	87	67	338	4	0
11/03/2015 22:15	83	81	75	57	296	4	0
11/03/2015 22:20	86	82	78	59	305	4	0
11/03/2015 22:25	70	74	64	47	255	4	0
11/03/2015 22:30	73	74	66	49	262	4	0
11/03/2015 22:35	79	77	71	53	280	4	0
11/03/2015 22:40	75	73	68	50	266	4	0
11/03/2015 22:45	62	62	57	41	222	4	0
11/03/2015 22:50	65	70	59	44	238	4	0
11/03/2015 22:55	64	61	59	43	227	4	0
11/03/2015 23:00	59	59	54	39	211	4	0
11/03/2015 23:05	58	60	53	38	209	4	0
11/03/2015 23:10	63	63	58	42	226	4	0
11/03/2015 23:15	60	61	55	40	216	4	0
11/03/2015 23:20	50	53	46	32	181	4	0
11/03/2015 23:25	44	50	40	28	162	4	0
11/03/2015 23:30	43	49	40	27	159	4	0
11/03/2015 23:35	46	48	42	29	165	4	0
11/03/2015 23:40	51	53	47	33	184	4	0
11/03/2015 23:45	41	44	38	25	148	4	0
11/03/2015 23:50	37	47	34	22	140	4	0
11/03/2015 23:55	41	45	38	25	149	4	0
11/04/2015 00:00	30	39	29	18	116	4	0
11/04/2015 00:05	38	45	35	23	141	4	0
11/04/2015 00:10	45	50	41	28	164	4	0
11/04/2015 00:15	41	47	38	25	151	4	0
11/04/2015 00:20	42	45	39	26	152	4	0
11/04/2015 00:25	44	50	40	28	162	4	0
11/04/2015 00:30	40	45	37	25	147	4	0
11/04/2015 00:35	36	42	33	21	132	4	0
11/04/2015 00:40	22	33	21	11	87	4	0
11/04/2015 00:45	21	32	20	11	84	4	0
11/04/2015 00:50	31	40	30	18	119	4	0
11/04/2015 00:55	31	37	30	18	116	4	0
11/04/2015 01:00	21	32	20	11	84	4	0
11/04/2015 01:05	24	34	23	13	94	4	0
11/04/2015 01:10	24	33	23	13	93	4	0
11/04/2015 01:15	21	32	20	11	84	4	0
11/04/2015 01:20	22	32	21	11	86	4	0
11/04/2015 01:25	26	34	25	14	99	4	0
11/04/2015 01:30	24	32	23	13	92	4	0
11/04/2015 01:35	24	32	23	13	92	4	0
11/04/2015 01:40	23	31	23	11	88	4	0
11/04/2015 01:45	19	31	19	8	77	4	0
11/04/2015 01:50	18	27	18	7	70	4	0
11/04/2015 01:55	19	27	20	8	74	4	0
11/04/2015 02:00	18	31	19	8	76	4	0
11/04/2015 02:05	15	29	16	5	65	4	0
11/04/2015 02:10	18	27	18	8	71	4	0
11/04/2015 02:15	18	30	18	7	73	4	0
11/04/2015 02:20	20	28	20	10	78	4	0
11/04/2015 02:25	16	26	16	7	65	4	0
11/04/2015 02:30	14	25	14	5	58	4	0
11/04/2015 02:35	22	32	21	10	85	4	0
11/04/2015 02:40	17	27	17	9	70	4	0
11/04/2015 02:45	16	30	16	5	67	4	0
11/04/2015 02:50	10	26	12	4	52	4	0
11/04/2015 02:55	12	25	13	3	53	4	0
11/04/2015 03:00	10	23	12	4	49	4	0
11/04/2015 03:05	11	23	12	4	50	4	0
11/04/2015 03:10	16	30	17	6	69	4	0
11/04/2015 03:15	17	27	18	7	69	4	0
11/04/2015 03:20	20	29	20	10	79	4	0
11/04/2015 03:25	12	26	14	3	55	4	0
11/04/2015 03:30	17	31	17	7	72	4	0
11/04/2015 03:35	16	31	16	9	72	4	0
11/04/2015 03:40	15	26	15	8	64	4	0
11/04/2015 03:45	21	33	20	11	85	4	0
11/04/2015 03:50	21	29	20	9	79	4	0
11/04/2015 03:55	28	34	27	16	105	4	0
11/04/2015 04:00	24	33	23	13	93	4	0
11/04/2015 04:05	22	30	21	11	84	4	0
11/04/2015 04:10	21	31	20	11	83	4	0
11/04/2015 04:15	23	31	22	12	88	4	0
11/04/2015 04:20	31	38	30	18	117	4	0
11/04/2015 04:25	27	34	26	15	102	4	0
11/04/2015 04:30	35	39	32	21	127	4	0
11/04/2015 04:35	38	42	35	23	138	4	0
11/04/2015 04:40	52	56	47	33	188	4	0
11/04/2015 04:45	43	48	40	26	157	4	0
11/04/2015 04:50	46	52	42	29	169	4	0
11/04/2015 04:55	39	45	36	24	144	4	0
11/04/2015 05:00	46	50	42	29	167	4	0
11/04/2015 05:05	56	57	51	37	201	4	0
11/04/2015 05:10	58	56	53	38	205	4	0
11/04/2015 05:15	57	59	52	37	205	4	0
11/04/2015 05:20	83	80	75	56	294	4	0
11/04/2015 05:25	83	78	75	56	292	4	0
11/04/2015 05:30	77	74	69	52	272	4	0
11/04/2015 05:35	90	84	81	62	317	4	0
11/04/2015 05:40	111	99	99	77	386	4	0
11/04/2015 05:45	106	97	95	73	371	4	0
11/04/2015 05:50	91	86	82	63	322	4	0
11/04/2015 05:55	93	88	84	64	329	4	0
11/04/2015 06:00	100	90	90	70	350	4	0
11/04/2015 06:05	109	96	98	76	379	4	0
11/04/2015 06:10	112	101	101	78	392	4	0
11/04/2015 06:15	119	108	107	83	417	4	0
11/04/2015 06:20	119	111	107	83	420	4	0
11/04/2015 06:25	116	112	104	81	413	4	0
11/04/2015 06:30	130	110	116	91	447	4	0
11/04/2015 06:35	116	107	104	81	408	4	0
11/04/2015 06:40	121	115	109	85	430	4	0
11/04/2015 06:45	132	131	118	93	474	4	0
11/04/2015 06:50	128	125	115	90	458	4	0
11/04/2015 06:55	145	129	130	103	507	4	0
11/04/2015 07:00	126	114	112	88	440	4	0
11/04/2015 07:05	130	125	116	91	462	4	0
11/04/2015 07:10	136	133	121	96	486	4	0
11/04/2015 07:15	136	135	122	96	489	4	0
11/04/2015 07:20	152	138	136	108	534	4	0
11/04/2015 07:25	136	123	122	96	477	4	0
11/04/2015 07:30	136	133	121	96	486	4	0
11/04/2015 07:35	141	136	126	100	503	4	0
11/04/2015 07:40	141	129	126	100	496	4	0
11/04/2015 07:45	142	136	127	101	506	4	0
11/04/2015 07:50	149	137	133	106	525	4	0
11/04/2015 07:55	136	132	122	96	486	4	0
11/04/2015 08:00	154	141	137	109	541	4	0
11/04/2015 08:05	140	131	126	100	497	4	0
11/04/2015 08:10	149	145	133	106	533	4	0
11/04/2015 08:15	138	136	124	98	496	4	0
11/04/2015 08:20	147	144	132	105	528	4	0
11/04/2015 08:25	148	138	132	105	523	4	0
11/04/2015 08:30	146	136	130	103	515	4	0
11/04/2015 08:35	140	132	125	99	496	4	0
11/04/2015 08:40	148	137	132	105	522	4	0
11/04/2015 08:45	141	135	126	100	502	4	0
11/04/2015 08:50	140	123	126	100	489	4	0
11/04/2015 08:55	138	126	124	98	486	4	0
11/04/2015 09:00	122	116	109	86	433	4	0
11/04/2015 09:05	119	117	107	83	426	4	0
11/04/2015 09:10	126	124	113	89	452	4	0
11/04/2015 09:15	121	123	109	85	438	4	0
11/04/2015 09:20	126	107	113	89	435	4	0
11/04/2015 09:25	127	121	114	90	452	4	0
11/04/2015 09:30	131	112	117	92	452	4	0
11/04/2015 09:35	131	116	118	93	458	4	0
11/04/2015 09:40	116	113	104	81	414	4	0
11/04/2015 09:45	98	91	88	68	345	4	0
11/04/2015 09:50	104	97	94	73	368	4	0
11/04/2015 09:55	112	103	100	78	393	4	0
11/04/2015 10:00	119	118	107	83	427	4	0
11/04/2015 10:05	108	104	98	76	386	4	0
11/04/2015 10:10	119	104	107	83	413	4	0
11/04/2015 10:15	123	113	110	86	432	4	0
11/04/2015 10:20	102	99	92	71	364	4	0
11/04/2015 10:25	112	102	100	78	392	4	0
11/04/2015 10:30	114	102	102	80	398	4	0
11/04/2015 10:35	116	108	104	81	409	4	0
11/04/2015 10:40	125	111	112	88	436	4	0
11/04/2015 10:45	119	103	106	83	411	4	0
11/04/2015 10:50	105	94	95	73	367	4	0
11/04/2015 10:55	126	112	113	89	440	4	0
11/04/2015 11:00	108	102	98	76	384	4	0
11/04/2015 11:05	135	118	121	95	469	4	0
11/04/2015 11:10	126	121	113	89	449	4	0
11/04/2015 11:15	122	113	109	86	430	4	0
11/04/2015 11:20	122	111	109	86	428	4	0
11/04/2015 11:25	118	103	106	83	410	4	0
11/04/2015 11:30	119	109	106	83	417	4	0
11/04/2015 11:35	112	107	100	78	397	4	0
11/04/2015 11:40	98	97	88	68	351	4	0
11/04/2015 11:45	116	105	104	81	406	4	0
11/04/2015 11:50	100	99	90	70	359	4	0
11/04/2015 11:55	116	105	104	81	406	4	0
11/04/2015 12:00	127	120	114	90	451	4	0
11/04/2015 12:05	112	109	100	78	399	4	0
11/04/2015 12:10	132	123	118	93	466	4	0
11/04/2015 12:15	133	116	119	94	462	4	0
11/04/2015 12:20	128	122	115	90	455	4	0
11/04/2015 12:25	123	118	110	86	437	4	0
11/04/2015 12:30	133	117	119	94	463	4	0
11/04/2015 12:35	128	113	115	90	446	4	0
11/04/2015 12:40	123	112	110	86	431	4	0
11/04/2015 12:45	129	116	116	91	452	4	0
11/04/2015 12:50	133	116	119	94	462	4	0
11/04/2015 12:55	126	113	112	88	439	4	0
11/04/2015 13:00	124	118	111	87	440	4	0
11/04/2015 13:05	133	123	119	94	469	4	0
11/04/2015 13:10	139	124	125	99	487	4	0
11/04/2015 13:15	124	121	111	87	443	4	0
11/04/2015 13:20	124	122	111	87	444	4	0
11/04/2015 13:25	129	118	116	91	454	4	0
11/04/2015 13:30	110	111	99	77	397	4	0
11/04/2015 13:35	135	122	121	96	474	4	0
11/04/2015 13:40	121	119	109	85	434	4	0
11/04/2015 13:45	120	117	107	84	428	4	0
11/04/2015 13:50	131	122	117	92	462	4	0
11/04/2015 13:55	138	129	124	98	489	4	0
11/04/2015 14:00	146	134	131	104	515	4	0
11/04/2015 14:05	123	121	110	86	440	4	0
11/04/2015 14:10	125	122	112	88	447	4	0
11/04/2015 14:15	101	103	91	70	365	4	0
11/04/2015 14:20	87	95	79	59	320	4	0
11/04/2015 14:25	116	102	104	81	403	4	0
11/04/2015 14:30	122	112	110	86	430	4	0
11/04/2015 14:35	135	123	121	96	475	4	0
11/04/2015 14:40	129	124	116	91	460	4	0
11/04/2015 14:45	128	122	115	90	455	4	0
11/04/2015 14:50	141	126	126	100	493	4	0
11/04/2015 14:55	107	111	96	73	387	4	0
11/04/2015 15:00	106	102	96	74	378	4	0
11/04/2015 15:05	113	103	101	79	396	4	0
11/04/2015 15:10	112	108	100	78	398	4	0
11/04/2015 15:15	113	107	101	79	400	4	0
11/04/2015 15:20	107	107	97	75	386	4	0
11/04/2015 15:25	100	105	89	69	363	4	0
11/04/2015 15:30	105	98	95	73	371	4	0
11/04/2015 15:35	98	101	89	67	355	4	0
11/04/2015 15:40	94	99	86	64	343	4	0
11/04/2015 15:45	76	80	69	51	276	4	0
11/04/2015 15:50	84	88	77	57	306	4	0
11/04/2015 15:55	61	68	56	40	225	4	0
11/04/2015 16:00	90	82	81	62	315	4	0
11/04/2015 16:05	96	100	87	66	349	4	0
11/04/2015 16:10	93	91	84	64	332	4	0
11/04/2015 16:15	85	88	76	58	307	4	0
11/04/2015 16:20	75	79	69	50	273	4	0
11/04/2015 16:25	87	87	79	60	313	4	0
11/04/2015 16:30	92	98	84	63	337	4	0
11/04/2015 16:35	73	83	66	49	271	4	0
11/04/2015 16:40	64	70	59	42	235	4	0
11/04/2015 16:45	92	86	83	64	325	4	0
11/04/2015 16:50	74	86	68	49	277	4	0
11/04/2015 16:55	84	87	75	57	303	4	0
11/04/2015 17:00	73	78	67	48	266	4	0
11/04/2015 17:05	69	77	63	45	254	4	0
11/04/2015 17:10	83	71	75	56	285	4	0
11/04/2015 17:15	91	96	81	62	330	4	0
11/04/2015 17:20	91	81	83	62	317	4	0
11/04/2015 17:25	96	87	87	66	336	4	0
11/04/2015 17:30	91	81	82	62	316	4	0
11/04/2015 17:35	71	75	65	48	259	4	0
11/04/2015 17:40	76	81	70	51	278	4	0
11/04/2015 17:45	76	79	69	51	275	4	0
11/04/2015 17:50	84	82	76	57	299	4	0
11/04/2015 17:55	83	92	76	56	307	4	0
11/04/2015 18:00	77	88	70	51	286	4	0
11/04/2015 18:05	92	82	84	63	321	4	0
11/04/2015 18:10	100	88	90	68	346	4	0
11/04/2015 18:15	100	88	90	68	346	4	0
11/04/2015 18:20	102	85	92	70	349	4	0
11/04/2015 18:25	118	105	106	82	411	4	0
11/04/2015 18:30	92	86	83	62	323	4	0
11/04/2015 18:35	103	89	93	71	356	4	0
11/04/2015 18:40	106	96	96	73	371	4	0
11/04/2015 18:45	107	111	96	73	387	4	0
11/04/2015 18:50	109	103	98	75	385	4	0
11/04/2015 18:55	120	117	108	83	428	4	0
11/04/2015 19:00	117	107	105	81	410	4	0
11/04/2015 19:05	105	91	95	72	363	4	0
11/04/2015 19:10	127	121	114	88	450	4	0
11/04/2015 19:15	109	94	99	75	377	4	0
11/04/2015 19:20	131	115	117	91	454	4	0
11/04/2015 19:25	120	105	108	83	416	4	0
11/04/2015 19:30	133	126	119	93	471	4	0
11/04/2015 19:35	132	125	119	92	468	4	0
11/04/2015 19:40	119	114	107	82	422	4	0
11/04/2015 19:45	131	117	117	91	456	4	0
11/04/2015 19:50	113	109	101	79	402	4	0
11/04/2015 19:55	104	113	94	71	382	4	0
11/04/2015 20:00	118	108	106	82	414	4	0
11/04/2015 20:05	122	118	109	86	435	4	0
11/04/2015 20:10	116	110	104	81	411	4	0
11/04/2015 20:15	131	127	117	92	467	4	0
11/04/2015 20:20	122	110	109	86	427	4	0
11/04/2015 20:25	133	122	119	94	468	4	0
11/04/2015 20:30	121	107	108	85	421	4	0
11/04/2015 20:35	102	101	92	71	366	4	0
11/04/2015 20:40	121	109	108	85	423	4	0
11/04/2015 20:45	96	93	87	67	343	4	0
11/04/2015 20:50	113	104	101	79	397	4	0
11/04/2015 20:55	106	97	95	74	372	4	0
11/04/2015 21:00	85	89	77	58	309	4	0
11/04/2015 21:05	112	104	100	78	394	4	0
11/04/2015 21:10	99	90	89	69	347	4	0
11/04/2015 21:15	104	90	93	72	359	4	0
11/04/2015 21:20	99	95	89	69	352	4	0
11/04/2015 21:25	84	85	76	57	302	4	0
11/04/2015 21:30	92	90	83	63	328	4	0
11/04/2015 21:35	106	95	96	74	371	4	0
11/04/2015 21:40	96	91	87	67	341	4	0
11/04/2015 21:45	83	79	75	57	294	4	0
11/04/2015 21:50	84	78	76	57	295	4	0
11/04/2015 21:55	91	81	82	63	317	4	0
11/04/2015 22:00	93	88	84	64	329	4	0
11/04/2015 22:05	75	76	68	50	269	4	0
11/04/2015 22:10	92	84	83	64	323	4	0
11/04/2015 22:15	87	81	79	60	307	4	0
11/04/2015 22:20	77	79	69	52	277	4	0
11/04/2015 22:25	81	73	73	55	282	4	0
11/04/2015 22:30	69	72	63	47	251	4	0
11/04/2015 22:35	69	68	63	47	247	4	0
11/04/2015 22:40	73	69	66	49	257	4	0
11/04/2015 22:45	64	66	59	43	232	4	0
11/04/2015 22:50	75	74	67	50	266	4	0
11/04/2015 22:55	58	56	53	38	205	4	0
11/04/2015 23:00	49	60	45	31	185	4	0
11/04/2015 23:05	62	63	57	41	223	4	0
11/04/2015 23:10	61	60	56	41	218	4	0
11/04/2015 23:15	57	59	52	37	205	4	0
11/04/2015 23:20	55	56	50	36	197	4	0
11/04/2015 23:25	52	55	48	34	189	4	0
11/04/2015 23:30	46	51	42	29	168	4	0
11/04/2015 23:35	53	58	49	34	194	4	0
11/04/2015 23:40	55	55	50	36	196	4	0
11/04/2015 23:45	41	45	38	25	149	4	0
11/04/2015 23:50	43	50	40	27	160	4	0
11/04/2015 23:55	36	44	33	21	134	4	0
11/05/2015 00:00	39	45	36	24	144	4	0
11/05/2015 00:05	38	41	35	23	137	4	0
11/05/2015 00:10	48	51	44	31	174	4	0
11/05/2015 00:15	41	52	38	25	156	4	0
11/05/2015 00:20	38	45	35	23	141	4	0
11/05/2015 00:25	41	48	38	25	152	4	0
11/05/2015 00:30	42	46	39	25	152	4	0
11/05/2015 00:35	30	39	29	18	116	4	0
11/05/2015 00:40	43	45	40	27	155	4	0
11/05/2015 00:45	29	39	28	17	113	4	0
11/05/2015 00:50	36	43	33	21	133	4	0
11/05/2015 00:55	28	38	27	16	109	4	0
11/05/2015 01:00	27	35	26	15	103	4	0
11/05/2015 01:05	18	29	18	8	73	4	0
11/05/2015 01:10	23	32	22	12	89	4	0
11/05/2015 01:15	18	30	18	8	74	4	0
11/05/2015 01:20	23	33	22	12	90	4	0
11/05/2015 01:25	18	31	18	8	75	4	0
11/05/2015 01:30	25	32	24	14	95	4	0
11/05/2015 01:35	19	31	18	8	76	4	0
11/05/2015 01:40	17	28	17	8	70	4	0
11/05/2015 01:45	21	31	20	11	83	4	0
11/05/2015 01:50	22	32	21	10	85	4	0
11/05/2015 01:55	22	32	21	11	86	4	0
11/05/2015 02:00	21	31	20	11	83	4	0
11/05/2015 02:05	15	27	15	6	63	4	0
11/05/2015 02:10	18	29	18	7	72	4	0
11/05/2015 02:15	16	27	16	7	66	4	0
11/05/2015 02:20	19	30	19	9	77	4	0
11/05/2015 02:25	16	26	16	7	65	4	0
11/05/2015 02:30	21	29	20	11	81	4	0
11/05/2015 02:35	18	31	18	7	74	4	0
11/05/2015 02:40	19	29	19	9	76	4	0
11/05/2015 02:45	21	29	20	11	81	4	0
11/05/2015 02:50	15	28	15	6	64	4	0
11/05/2015 02:55	16	27	16	7	66	4	0
11/05/2015 03:00	15	27	15	6	63	4	0
11/05/2015 03:05	11	26	13	3	53	4	0
11/05/2015 03:10	16	26	16	7	65	4	0
11/05/2015 03:15	21	31	20	9	81	4	0
11/05/2015 03:20	18	30	16	7	71	4	0
11/05/2015 03:25	20	31	19	8	78	4	0
11/05/2015 03:30	18	30	18	9	75	4	0
11/05/2015 03:35	23	35	22	11	91	4	0
11/05/2015 03:40	24	33	23	12	92	4	0
11/05/2015 03:45	13	28	14	4	59	4	0
11/05/2015 03:50	19	29	19	9	76	4	0
11/05/2015 03:55	23	33	22	11	89	4	0
11/05/2015 04:00	26	37	24	12	99	4	0
11/05/2015 04:05	19	29	19	9	76	4	0
11/05/2015 04:10	20	28	20	12	80	4	0
11/05/2015 04:15	22	35	21	11	89	4	0
11/05/2015 04:20	25	32	24	14	95	4	0
11/05/2015 04:25	36	43	33	21	133	4	0
11/05/2015 04:30	31	37	30	18	116	4	0
11/05/2015 04:35	33	40	31	20	124	4	0
11/05/2015 04:40	44	47	40	28	159	4	0
11/05/2015 04:45	46	49	42	29	166	4	0
11/05/2015 04:50	41	46	38	25	150	4	0
11/05/2015 04:55	45	49	41	28	163	4	0
11/05/2015 05:00	44	48	40	28	160	4	0
11/05/2015 05:05	47	53	43	30	173	4	0
11/05/2015 05:10	58	62	53	38	211	4	0
11/05/2015 05:15	67	65	61	45	238	4	0
11/05/2015 05:20	73	69	66	49	257	4	0
11/05/2015 05:25	84	77	76	57	294	4	0
11/05/2015 05:30	81	73	73	55	282	4	0
11/05/2015 05:35	89	81	80	61	311	4	0
11/05/2015 05:40	101	92	91	70	354	4	0
11/05/2015 05:45	107	98	97	75	377	4	0
11/05/2015 05:50	106	100	96	74	376	4	0
11/05/2015 05:55	99	94	89	69	351	4	0
11/05/2015 06:00	86	80	78	59	303	4	0
11/05/2015 06:05	106	100	95	73	374	4	0
11/05/2015 06:10	123	107	110	86	426	4	0
11/05/2015 06:15	119	106	106	83	414	4	0
11/05/2015 06:20	101	101	91	70	363	4	0
11/05/2015 06:25	119	110	106	83	418	4	0
11/05/2015 06:30	114	109	102	80	405	4	0
11/05/2015 06:35	113	113	101	79	406	4	0
11/05/2015 06:40	132	124	118	93	467	4	0
11/05/2015 06:45	139	127	124	98	488	4	0
11/05/2015 06:50	122	116	109	86	433	4	0
11/05/2015 06:55	116	118	104	81	419	4	0
11/05/2015 07:00	114	114	102	80	410	4	0
11/05/2015 07:05	136	121	122	96	475	4	0
11/05/2015 07:10	140	132	126	100	498	4	0
11/05/2015 07:15	151	135	135	107	528	4	0
11/05/2015 07:20	134	135	120	95	484	4	0
11/05/2015 07:25	154	140	138	110	542	4	0
11/05/2015 07:30	156	141	139	111	547	4	0
11/05/2015 07:35	150	144	134	106	534	4	0
11/05/2015 07:40	169	133	151	121	574	4	0
11/05/2015 07:45	142	134	127	101	504	4	0
11/05/2015 07:50	150	146	134	106	536	4	0
11/05/2015 07:55	151	144	135	108	538	4	0
11/05/2015 08:00	153	147	137	109	546	4	0
11/05/2015 08:05	146	142	131	104	523	4	0
11/05/2015 08:10	137	138	123	97	495	4	0
11/05/2015 08:15	148	145	132	105	530	4	0
11/05/2015 08:20	141	135	126	100	502	4	0
11/05/2015 08:25	131	124	117	92	464	4	0
11/05/2015 08:30	116	117	104	81	418	4	0
11/05/2015 08:35	140	123	126	100	489	4	0
11/05/2015 08:40	139	133	124	98	494	4	0
11/05/2015 08:45	135	129	121	96	481	4	0
11/05/2015 08:50	150	127	134	106	517	4	0
11/05/2015 08:55	137	134	123	97	491	4	0
11/05/2015 09:00	138	123	124	98	483	4	0
11/05/2015 09:05	114	111	102	80	407	4	0
11/05/2015 09:10	128	115	115	90	448	4	0
11/05/2015 09:15	128	121	115	90	454	4	0
11/05/2015 09:20	131	124	117	92	464	4	0
11/05/2015 09:25	92	93	83	64	332	4	0
11/05/2015 09:30	113	107	101	79	400	4	0
11/05/2015 09:35	107	109	96	75	387	4	0
11/05/2015 09:40	113	108	101	79	401	4	0
11/05/2015 09:45	131	117	117	92	457	4	0
11/05/2015 09:50	124	116	111	87	438	4	0
11/05/2015 09:55	108	104	98	76	386	4	0
11/05/2015 10:00	126	108	113	89	436	4	0
11/05/2015 10:05	120	113	108	84	425	4	0
11/05/2015 10:10	114	98	102	80	394	4	0
11/05/2015 10:15	113	107	101	79	400	4	0
11/05/2015 10:20	126	120	112	88	446	4	0
11/05/2015 10:25	119	114	107	83	423	4	0
11/05/2015 10:30	124	111	111	87	433	4	0
11/05/2015 10:35	124	110	111	87	432	4	0
11/05/2015 10:40	122	112	109	86	429	4	0
11/05/2015 10:45	119	107	107	83	416	4	0
11/05/2015 10:50	114	105	102	80	401	4	0
11/05/2015 10:55	111	103	99	77	390	4	0
11/05/2015 11:00	118	114	106	83	421	4	0
11/05/2015 11:05	116	115	104	81	416	4	0
11/05/2015 11:10	134	125	120	95	474	4	0
11/05/2015 11:15	112	111	101	78	402	4	0
11/05/2015 11:20	127	116	114	90	447	4	0
11/05/2015 11:25	136	115	122	96	469	4	0
11/05/2015 11:30	126	104	113	89	432	4	0
11/05/2015 11:35	120	109	108	84	421	4	0
11/05/2015 11:40	128	116	115	90	449	4	0
11/05/2015 11:45	126	121	113	89	449	4	0
11/05/2015 11:50	116	108	104	81	409	4	0
11/05/2015 11:55	130	117	116	91	454	4	0
11/05/2015 12:00	124	117	111	87	439	4	0
11/05/2015 12:05	123	114	110	86	433	4	0
11/05/2015 12:10	138	127	124	98	487	4	0
11/05/2015 12:15	142	129	127	101	499	4	0
11/05/2015 12:20	142	126	127	101	496	4	0
11/05/2015 12:25	128	119	115	90	452	4	0
11/05/2015 12:30	128	124	115	90	457	4	0
11/05/2015 12:35	128	122	115	90	455	4	0
11/05/2015 12:40	134	126	120	95	475	4	0
11/05/2015 12:45	135	121	121	95	472	4	0
11/05/2015 12:50	131	123	117	92	463	4	0
11/05/2015 12:55	139	126	125	99	489	4	0
11/05/2015 13:00	127	117	114	90	448	4	0
11/05/2015 13:05	122	119	109	86	436	4	0
11/05/2015 13:10	148	129	132	105	514	4	0
11/05/2015 13:15	123	117	110	86	436	4	0
11/05/2015 13:20	128	124	115	90	457	4	0
11/05/2015 13:25	118	116	106	83	423	4	0
11/05/2015 13:30	137	119	123	97	476	4	0
11/05/2015 13:35	119	117	107	83	426	4	0
11/05/2015 13:40	122	114	109	86	431	4	0
11/05/2015 13:45	142	126	127	101	496	4	0
11/05/2015 13:50	117	117	105	82	421	4	0
11/05/2015 13:55	122	114	110	86	432	4	0
11/05/2015 14:00	129	119	116	91	455	4	0
11/05/2015 14:05	124	111	111	87	433	4	0
11/05/2015 14:10	133	125	119	94	471	4	0
11/05/2015 14:15	135	125	121	96	477	4	0
11/05/2015 14:20	133	123	120	94	470	4	0
11/05/2015 14:25	120	111	108	84	423	4	0
11/05/2015 14:30	119	110	107	83	419	4	0
11/05/2015 14:35	117	109	105	82	413	4	0
11/05/2015 14:40	102	102	92	71	367	4	0
11/05/2015 14:45	129	110	115	91	445	4	0
11/05/2015 14:50	97	103	88	66	354	4	0
11/05/2015 14:55	101	103	90	70	364	4	0
11/05/2015 15:00	92	96	83	63	334	4	0
11/05/2015 15:05	93	99	85	63	340	4	0
11/05/2015 15:10	80	87	72	54	293	4	0
11/05/2015 15:15	91	82	82	61	316	4	0
11/05/2015 15:20	85	92	78	57	312	4	0
11/05/2015 15:25	91	96	83	62	332	4	0
11/05/2015 15:30	99	97	90	68	354	4	0
11/05/2015 15:35	92	95	83	64	334	4	0
11/05/2015 15:40	92	94	83	63	332	4	0
11/05/2015 15:45	77	77	69	52	275	4	0
11/05/2015 15:50	89	87	81	60	317	4	0
11/05/2015 15:55	80	81	72	54	287	4	0
11/05/2015 16:00	73	71	66	49	259	4	0
11/05/2015 16:05	86	88	78	58	310	4	0
11/05/2015 16:10	70	83	63	46	262	4	0
11/05/2015 16:15	78	73	70	53	274	4	0
11/05/2015 16:20	77	80	69	52	278	4	0
11/05/2015 16:25	75	81	69	50	275	4	0
11/05/2015 16:30	51	61	46	33	191	4	0
11/05/2015 16:35	65	69	60	42	236	4	0
11/05/2015 16:40	67	66	61	45	239	4	0
11/05/2015 16:45	80	82	73	54	289	4	0
11/05/2015 16:50	63	70	58	42	233	4	0
11/05/2015 16:55	62	67	57	41	227	4	0
11/05/2015 17:00	66	75	61	43	245	4	0
11/05/2015 17:05	78	70	70	52	270	4	0
11/05/2015 17:10	77	82	70	51	280	4	0
11/05/2015 17:15	61	73	56	39	229	4	0
11/05/2015 17:20	85	75	77	58	295	4	0
11/05/2015 17:25	79	90	72	53	294	4	0
11/05/2015 17:30	77	79	69	52	277	4	0
11/05/2015 17:35	65	69	60	42	236	4	0
11/05/2015 17:40	60	68	54	40	222	4	0
11/05/2015 17:45	58	65	54	37	214	4	0
11/05/2015 17:50	60	69	55	40	224	4	0
11/05/2015 17:55	57	66	53	36	212	4	0
11/05/2015 18:00	77	73	69	52	271	4	0
11/05/2015 18:05	75	77	68	50	270	4	0
11/05/2015 18:10	82	84	75	55	296	4	0
11/05/2015 18:15	60	66	55	39	220	4	0
11/05/2015 18:20	72	76	66	48	262	4	0
11/05/2015 18:25	58	61	53	38	210	4	0
11/05/2015 18:30	79	76	71	54	280	4	0
11/05/2015 18:35	79	86	72	53	290	4	0
11/05/2015 18:40	73	74	66	49	262	4	0
11/05/2015 18:45	94	82	85	64	325	4	0
11/05/2015 18:50	90	98	82	61	331	4	0
11/05/2015 18:55	81	91	74	54	300	4	0
11/05/2015 19:00	76	83	70	51	280	4	0
11/05/2015 19:05	72	79	66	48	265	4	0
11/05/2015 19:10	85	88	77	58	308	4	0
11/05/2015 19:15	108	95	97	75	375	4	0
11/05/2015 19:20	94	100	86	64	344	4	0
11/05/2015 19:25	87	98	79	59	323	4	0
11/05/2015 19:30	103	96	93	72	364	4	0
11/05/2015 19:35	94	99	85	65	343	4	0
11/05/2015 19:40	104	105	94	71	374	4	0
11/05/2015 19:45	105	105	95	73	378	4	0
11/05/2015 19:50	119	109	107	83	418	4	0
11/05/2015 19:55	113	105	101	79	398	4	0
11/05/2015 20:00	124	115	111	87	437	4	0
11/05/2015 20:05	113	112	102	79	406	4	0
11/05/2015 20:10	121	110	108	85	424	4	0
11/05/2015 20:15	123	112	110	86	431	4	0
11/05/2015 20:20	114	115	103	80	412	4	0
11/05/2015 20:25	129	113	115	91	448	4	0
11/05/2015 20:30	127	117	114	90	448	4	0
11/05/2015 20:35	140	125	126	100	491	4	0
11/05/2015 20:40	133	125	119	94	471	4	0
11/05/2015 20:45	132	118	118	93	461	4	0
11/05/2015 20:50	124	111	111	87	433	4	0
11/05/2015 20:55	105	100	95	73	373	4	0
11/05/2015 21:00	96	82	86	65	329	4	0
11/05/2015 21:05	61	65	56	41	223	4	0
11/05/2015 21:10	139	129	125	99	492	4	0
11/05/2015 21:15	125	115	112	88	440	4	0
11/05/2015 21:20	132	108	118	93	451	4	0
11/05/2015 21:25	109	98	98	76	381	4	0
11/05/2015 21:30	83	89	75	57	304	4	0
11/05/2015 21:35	98	94	88	68	348	4	0
11/05/2015 21:40	100	93	90	70	353	4	0
11/05/2015 21:45	97	89	88	67	341	4	0
11/05/2015 21:50	100	100	90	70	360	4	0
11/05/2015 21:55	96	87	87	67	337	4	0
11/05/2015 22:00	102	93	92	71	358	4	0
11/05/2015 22:05	91	89	82	63	325	4	0
11/05/2015 22:10	98	89	88	68	343	4	0
11/05/2015 22:15	101	91	91	70	353	4	0
11/05/2015 22:20	78	82	70	53	283	4	0
11/05/2015 22:25	88	84	79	60	311	4	0
11/05/2015 22:30	66	70	60	44	240	4	0
11/05/2015 22:35	86	76	78	59	299	4	0
11/05/2015 22:40	76	76	69	51	272	4	0
11/05/2015 22:45	73	75	66	49	263	4	0
11/05/2015 22:50	76	71	69	51	267	4	0
11/05/2015 22:55	54	60	49	35	198	4	0
11/05/2015 23:00	68	67	62	46	243	4	0
11/05/2015 23:05	63	62	58	42	225	4	0
11/05/2015 23:10	76	75	69	51	271	4	0
11/05/2015 23:15	71	74	65	48	258	4	0
11/05/2015 23:20	60	61	55	40	216	4	0
11/05/2015 23:25	59	60	54	39	212	4	0
11/05/2015 23:30	60	56	55	40	211	4	0
11/05/2015 23:35	53	58	49	34	194	4	0
11/05/2015 23:40	51	58	47	33	189	4	0
11/05/2015 23:45	52	56	48	34	190	4	0
11/05/2015 23:50	52	55	48	34	189	4	0
11/05/2015 23:55	42	53	39	26	160	4	0
11/06/2015 00:00	50	51	46	32	179	4	0
11/06/2015 00:05	40	47	37	24	148	4	0
11/06/2015 00:10	43	50	40	27	160	4	0
11/06/2015 00:15	53	58	49	34	194	4	0
11/06/2015 00:20	39	47	36	24	146	4	0
11/06/2015 00:25	41	47	38	25	151	4	0
11/06/2015 00:30	42	46	39	26	153	4	0
11/06/2015 00:35	38	41	35	23	137	4	0
11/06/2015 00:40	38	43	35	23	139	4	0
11/06/2015 00:45	38	43	35	23	139	4	0
11/06/2015 00:50	30	39	29	18	116	4	0
11/06/2015 00:55	24	34	23	13	94	4	0
11/06/2015 01:00	36	42	33	21	132	4	0
11/06/2015 01:05	24	35	23	13	95	4	0
11/06/2015 01:10	32	41	30	19	122	4	0
11/06/2015 01:15	31	41	30	18	120	4	0
11/06/2015 01:20	20	34	20	10	84	4	0
11/06/2015 01:25	33	40	31	20	124	4	0
11/06/2015 01:30	29	36	28	17	110	4	0
11/06/2015 01:35	27	35	26	15	103	4	0
11/06/2015 01:40	27	38	26	15	106	4	0
11/06/2015 01:45	27	37	26	15	105	4	0
11/06/2015 01:50	23	32	22	12	89	4	0
11/06/2015 01:55	26	36	24	12	98	4	0
11/06/2015 02:00	24	32	23	13	92	4	0
11/06/2015 02:05	17	31	17	8	73	4	0
11/06/2015 02:10	25	32	24	15	96	4	0
11/06/2015 02:15	17	28	17	8	70	4	0
11/06/2015 02:20	25	30	24	14	93	4	0
11/06/2015 02:25	16	25	16	8	65	4	0
11/06/2015 02:30	23	32	22	12	89	4	0
11/06/2015 02:35	23	32	22	11	88	4	0
11/06/2015 02:40	18	30	16	8	72	4	0
11/06/2015 02:45	25	34	24	14	97	4	0
11/06/2015 02:50	20	30	19	8	77	4	0
11/06/2015 02:55	15	28	15	5	63	4	0
11/06/2015 03:00	18	31	16	8	73	4	0
11/06/2015 03:05	18	29	18	8	73	4	0
11/06/2015 03:10	12	25	12	6	55	4	0
11/06/2015 03:15	17	29	17	8	71	4	0
11/06/2015 03:20	19	28	19	9	75	4	0
11/06/2015 03:25	17	26	17	9	69	4	0
11/06/2015 03:30	24	32	23	12	91	4	0
11/06/2015 03:35	22	32	21	11	86	4	0
11/06/2015 03:40	16	27	16	12	71	4	0
11/06/2015 03:45	21	30	20	11	82	4	0
11/06/2015 03:50	27	34	26	13	100	4	0
11/06/2015 03:55	22	32	21	11	86	4	0
11/06/2015 04:00	18	27	18	7	70	4	0
11/06/2015 04:05	18	31	18	8	75	4	0
11/06/2015 04:10	19	29	19	9	76	4	0
11/06/2015 04:15	30	35	29	18	112	4	0
11/06/2015 04:20	30	38	29	18	115	4	0
11/06/2015 04:25	27	34	26	15	102	4	0
11/06/2015 04:30	28	36	27	16	107	4	0
11/06/2015 04:35	33	40	31	20	124	4	0
11/06/2015 04:40	37	44	34	22	137	4	0
11/06/2015 04:45	51	53	47	33	184	4	0
11/06/2015 04:50	41	44	38	25	148	4	0
11/06/2015 04:55	46	53	42	29	170	4	0
11/06/2015 05:00	45	50	41	28	164	4	0
11/06/2015 05:05	41	45	38	25	149	4	0
11/06/2015 05:10	46	52	42	29	169	4	0
11/06/2015 05:15	62	64	57	41	224	4	0
11/06/2015 05:20	76	71	69	51	267	4	0
11/06/2015 05:25	71	69	65	48	253	4	0
11/06/2015 05:30	86	79	78	59	302	4	0
11/06/2015 05:35	81	78	73	55	287	4	0
11/06/2015 05:40	89	87	80	61	317	4	0
11/06/2015 05:45	95	95	86	66	342	4	0
11/06/2015 05:50	98	82	88	68	336	4	0
11/06/2015 05:55	96	85	87	67	335	4	0
11/06/2015 06:00	87	85	79	60	311	4	0
11/06/2015 06:05	102	95	92	71	360	4	0
11/06/2015 06:10	98	86	88	68	340	4	0
11/06/2015 06:15	114	103	102	80	399	4	0
11/06/2015 06:20	111	103	99	77	390	4	0
11/06/2015 06:25	113	106	101	79	399	4	0
11/06/2015 06:30	106	106	95	74	381	4	0
11/06/2015 06:35	115	114	103	80	412	4	0
11/06/2015 06:40	128	125	115	90	458	4	0
11/06/2015 06:45	128	122	115	90	455	4	0
11/06/2015 06:50	136	111	121	96	464	4	0
11/06/2015 06:55	124	120	111	87	442	4	0
11/06/2015 07:00	125	118	112	88	443	4	0
11/06/2015 07:05	120	118	108	84	430	4	0
11/06/2015 07:10	135	125	121	96	477	4	0
11/06/2015 07:15	142	133	127	101	503	4	0
11/06/2015 07:20	141	132	126	100	499	4	0
11/06/2015 07:25	156	141	139	111	547	4	0
11/06/2015 07:30	151	135	135	108	529	4	0
11/06/2015 07:35	150	136	134	106	526	4	0
11/06/2015 07:40	150	140	134	106	530	4	0
11/06/2015 07:45	145	136	129	103	513	4	0
11/06/2015 07:50	132	140	118	93	483	4	0
11/06/2015 07:55	156	142	139	111	548	4	0
11/06/2015 08:00	144	135	129	103	511	4	0
11/06/2015 08:05	149	135	133	106	523	4	0
11/06/2015 08:10	141	137	126	100	504	4	0
11/06/2015 08:15	155	141	138	110	544	4	0
11/06/2015 08:20	143	130	128	101	502	4	0
11/06/2015 08:25	150	137	134	106	527	4	0
11/06/2015 08:30	134	127	120	95	476	4	0
11/06/2015 08:35	139	123	124	98	484	4	0
11/06/2015 08:40	145	133	130	103	511	4	0
11/06/2015 08:45	133	121	119	94	467	4	0
11/06/2015 08:50	112	119	101	78	410	4	0
11/06/2015 08:55	121	115	108	85	429	4	0
11/06/2015 09:00	120	114	108	84	426	4	0
11/06/2015 09:05	105	108	95	73	381	4	0
11/06/2015 09:10	123	122	110	86	441	4	0
11/06/2015 09:15	126	108	112	88	434	4	0
11/06/2015 09:20	123	118	110	86	437	4	0
11/06/2015 09:25	134	130	120	95	479	4	0
11/06/2015 09:30	131	119	118	93	461	4	0
11/06/2015 09:35	125	116	112	88	441	4	0
11/06/2015 09:40	115	110	103	80	408	4	0
11/06/2015 09:45	135	118	121	95	469	4	0
11/06/2015 09:50	136	125	121	96	478	4	0
11/06/2015 09:55	113	101	101	79	394	4	0
11/06/2015 10:00	110	106	98	77	391	4	0
11/06/2015 10:05	112	109	101	78	400	4	0
11/06/2015 10:10	114	111	102	80	407	4	0
11/06/2015 10:15	127	112	114	90	443	4	0
11/06/2015 10:20	106	99	95	74	374	4	0
11/06/2015 10:25	112	113	100	78	403	4	0
11/06/2015 10:30	117	114	105	82	418	4	0
11/06/2015 10:35	125	110	112	88	435	4	0
11/06/2015 10:40	121	117	108	85	431	4	0
11/06/2015 10:45	132	120	118	93	463	4	0
11/06/2015 10:50	125	116	112	88	441	4	0
11/06/2015 10:55	126	113	113	89	441	4	0
11/06/2015 11:00	118	110	106	83	417	4	0
11/06/2015 11:05	119	111	107	83	420	4	0
11/06/2015 11:10	120	113	107	84	424	4	0
11/06/2015 11:15	122	114	109	86	431	4	0
11/06/2015 11:20	141	126	126	100	493	4	0
11/06/2015 11:25	139	124	124	98	485	4	0
11/06/2015 11:30	130	123	116	91	460	4	0
11/06/2015 11:35	131	118	118	93	460	4	0
11/06/2015 11:40	137	123	123	97	480	4	0
11/06/2015 11:45	123	118	110	86	437	4	0
11/06/2015 11:50	133	117	119	94	463	4	0
11/06/2015 11:55	120	113	108	84	425	4	0
11/06/2015 12:00	124	113	111	87	435	4	0
11/06/2015 12:05	143	124	128	102	497	4	0
11/06/2015 12:10	127	121	114	90	452	4	0
11/06/2015 12:15	128	120	115	90	453	4	0
11/06/2015 12:20	117	116	105	82	420	4	0
11/06/2015 12:25	120	117	108	84	429	4	0
11/06/2015 12:30	105	112	94	72	383	4	0
11/06/2015 12:35	94	92	85	65	336	4	0
11/06/2015 12:40	106	103	96	74	379	4	0
11/06/2015 12:45	113	106	101	79	399	4	0
11/06/2015 12:50	106	98	96	74	374	4	0
11/06/2015 12:55	101	100	91	70	362	4	0
11/06/2015 13:00	108	111	98	76	393	4	0
11/06/2015 13:05	122	109	109	86	426	4	0
11/06/2015 13:10	109	109	98	76	392	4	0
11/06/2015 13:15	111	112	99	77	399	4	0
11/06/2015 13:20	105	103	95	73	376	4	0
11/06/2015 13:25	115	119	104	81	419	4	0
11/06/2015 13:30	114	106	102	80	402	4	0
11/06/2015 13:35	122	116	109	86	433	4	0
11/06/2015 13:40	110	117	98	77	402	4	0
11/06/2015 13:45	118	112	106	83	419	4	0
11/06/2015 13:50	117	107	105	82	411	4	0
11/06/2015 13:55	120	118	108	84	430	4	0
11/06/2015 14:00	111	114	99	77	401	4	0
11/06/2015 14:05	126	117	113	89	445	4	0
11/06/2015 14:10	121	113	108	85	427	4	0
11/06/2015 14:15	103	107	93	72	375	4	0
11/06/2015 14:20	90	94	82	61	327	4	0
11/06/2015 14:25	99	93	89	69	350	4	0
11/06/2015 14:30	106	111	95	73	385	4	0
11/06/2015 14:35	95	96	86	65	342	4	0
11/06/2015 14:40	90	91	81	61	323	4	0
11/06/2015 14:45	91	89	82	62	324	4	0
11/06/2015 14:50	95	98	86	65	344	4	0
11/06/2015 14:55	91	86	82	63	322	4	0
11/06/2015 15:00	92	94	84	63	333	4	0
11/06/2015 15:05	89	88	81	60	318	4	0
11/06/2015 15:10	90	87	81	62	320	4	0
11/06/2015 15:15	94	94	85	64	337	4	0
11/06/2015 15:20	76	83	69	51	279	4	0
11/06/2015 15:25	77	81	69	52	279	4	0
11/06/2015 15:30	91	89	82	63	325	4	0
11/06/2015 15:35	92	90	83	63	328	4	0
11/06/2015 15:40	86	88	77	59	310	4	0
11/06/2015 15:45	90	92	82	61	325	4	0
11/06/2015 15:50	85	90	78	57	310	4	0
11/06/2015 15:55	71	74	65	48	258	4	0
11/06/2015 16:00	83	81	75	57	296	4	0
11/06/2015 16:05	84	85	76	57	302	4	0
11/06/2015 16:10	80	83	72	54	289	4	0
11/06/2015 16:15	80	77	72	54	283	4	0
11/06/2015 16:20	79	83	71	54	287	4	0
11/06/2015 16:25	84	90	75	57	306	4	0
11/06/2015 16:30	85	80	77	57	299	4	0
11/06/2015 16:35	78	70	71	52	271	4	0
11/06/2015 16:40	87	89	78	60	314	4	0
11/06/2015 16:45	88	88	79	60	315	4	0
11/06/2015 16:50	89	94	81	60	324	4	0
11/06/2015 16:55	85	91	78	57	311	4	0
11/06/2015 17:00	90	93	81	62	326	4	0
11/06/2015 17:05	86	85	78	59	308	4	0
11/06/2015 17:10	109	93	98	75	375	4	0
11/06/2015 17:15	82	89	75	55	301	4	0
11/06/2015 17:20	87	87	79	59	312	4	0
11/06/2015 17:25	80	88	73	54	295	4	0
11/06/2015 17:30	72	78	66	48	264	4	0
11/06/2015 17:35	82	72	74	55	283	4	0
11/06/2015 17:40	92	77	83	62	314	4	0
11/06/2015 17:45	77	71	70	51	269	4	0
11/06/2015 17:50	69	63	64	46	242	4	0
11/06/2015 17:55	98	84	89	67	338	4	0
11/06/2015 18:00	112	114	101	78	405	4	0
11/06/2015 18:05	99	87	89	67	342	4	0
11/06/2015 18:10	103	94	93	71	361	4	0
11/06/2015 18:15	77	71	71	52	271	4	0
11/06/2015 18:20	92	84	84	63	323	4	0
11/06/2015 18:25	91	89	81	62	323	4	0
11/06/2015 18:30	95	85	86	66	332	4	0
11/06/2015 18:35	88	91	79	60	318	4	0
11/06/2015 18:40	88	95	80	60	323	4	0
11/06/2015 18:45	92	93	83	63	331	4	0
11/06/2015 18:50	102	94	92	71	359	4	0
11/06/2015 18:55	105	100	94	73	372	4	0
11/06/2015 19:00	99	98	89	68	354	4	0
11/06/2015 19:05	110	108	99	77	394	4	0
11/06/2015 19:10	102	103	92	71	368	4	0
11/06/2015 19:15	108	102	97	75	382	4	0
11/06/2015 19:20	124	118	111	87	440	4	0
11/06/2015 19:25	120	106	108	84	418	4	0
11/06/2015 19:30	108	108	97	75	388	4	0
11/06/2015 19:35	114	106	103	80	403	4	0
11/06/2015 19:40	105	109	94	73	381	4	0
11/06/2015 19:45	122	113	109	86	430	4	0
11/06/2015 19:50	125	122	112	88	447	4	0
11/06/2015 19:55	119	114	106	83	422	4	0
11/06/2015 20:00	120	107	108	84	419	4	0
11/06/2015 20:05	123	109	110	86	428	4	0
11/06/2015 20:10	118	117	106	83	424	4	0
11/06/2015 20:15	131	122	118	93	464	4	0
11/06/2015 20:20	126	119	112	88	445	4	0
11/06/2015 20:25	130	121	116	91	458	4	0
11/06/2015 20:30	119	110	107	83	419	4	0
11/06/2015 20:35	111	101	99	77	388	4	0
11/06/2015 20:40	120	114	108	84	426	4	0
11/06/2015 20:45	117	108	105	82	412	4	0
11/06/2015 20:50	111	109	100	78	398	4	0
11/06/2015 20:55	103	100	93	72	368	4	0
11/06/2015 21:00	108	102	98	76	384	4	0
11/06/2015 21:05	105	98	95	73	371	4	0
11/06/2015 21:10	99	98	89	69	355	4	0
11/06/2015 21:15	116	109	104	81	410	4	0
11/06/2015 21:20	101	94	91	70	356	4	0
11/06/2015 21:25	114	112	102	80	408	4	0
11/06/2015 21:30	107	102	96	75	380	4	0
11/06/2015 21:35	97	95	88	67	347	4	0
11/06/2015 21:40	101	100	91	70	362	4	0
11/06/2015 21:45	111	98	99	77	385	4	0
11/06/2015 21:50	99	99	89	68	355	4	0
11/06/2015 21:55	101	95	91	70	357	4	0
11/06/2015 22:00	92	88	83	64	327	4	0
11/06/2015 22:05	93	91	84	64	332	4	0
11/06/2015 22:10	102	100	92	71	365	4	0
11/06/2015 22:15	103	90	93	72	358	4	0
11/06/2015 22:20	95	95	86	66	342	4	0
11/06/2015 22:25	80	82	72	54	288	4	0
11/06/2015 22:30	88	86	79	60	313	4	0
11/06/2015 22:35	94	90	85	65	334	4	0
11/06/2015 22:40	73	80	66	49	268	4	0
11/06/2015 22:45	84	85	76	57	302	4	0
11/06/2015 22:50	81	78	73	55	287	4	0
11/06/2015 22:55	88	81	79	60	308	4	0
11/06/2015 23:00	82	77	74	56	289	4	0
11/06/2015 23:05	79	78	71	54	282	4	0
11/06/2015 23:10	87	86	78	60	311	4	0
11/06/2015 23:15	67	71	61	45	244	4	0
11/06/2015 23:20	80	80	72	54	286	4	0
11/06/2015 23:25	70	70	64	47	251	4	0
11/06/2015 23:30	62	61	57	41	221	4	0
11/06/2015 23:35	64	68	59	43	234	4	0
11/06/2015 23:40	63	60	58	42	223	4	0
11/06/2015 23:45	68	67	62	46	243	4	0
11/06/2015 23:50	60	62	55	40	217	4	0
11/06/2015 23:55	65	67	59	44	235	4	0
11/07/2015 00:00	53	59	49	34	195	4	0
11/07/2015 00:05	55	58	50	36	199	4	0
11/07/2015 00:10	58	59	53	38	208	4	0
11/07/2015 00:15	48	55	44	31	178	4	0
11/07/2015 00:20	62	60	57	41	220	4	0
11/07/2015 00:25	53	60	49	34	196	4	0
11/07/2015 00:30	48	54	44	31	177	4	0
11/07/2015 00:35	48	52	44	31	175	4	0
11/07/2015 00:40	40	50	37	24	151	4	0
11/07/2015 00:45	56	57	51	37	201	4	0
11/07/2015 00:50	49	50	45	31	175	4	0
11/07/2015 00:55	44	48	40	28	160	4	0
11/07/2015 01:00	30	39	29	18	116	4	0
11/07/2015 01:05	39	43	36	24	142	4	0
11/07/2015 01:10	42	45	39	26	152	4	0
11/07/2015 01:15	30	40	29	18	117	4	0
11/07/2015 01:20	38	42	35	23	138	4	0
11/07/2015 01:25	33	44	31	20	128	4	0
11/07/2015 01:30	29	39	28	17	113	4	0
11/07/2015 01:35	40	44	37	23	144	4	0
11/07/2015 01:40	28	40	27	16	111	4	0
11/07/2015 01:45	35	43	32	21	131	4	0
11/07/2015 01:50	31	40	30	18	119	4	0
11/07/2015 01:55	30	40	29	16	115	4	0
11/07/2015 02:00	25	33	24	14	96	4	0
11/07/2015 02:05	26	34	25	14	99	4	0
11/07/2015 02:10	30	37	29	18	114	4	0
11/07/2015 02:15	27	35	26	15	103	4	0
11/07/2015 02:20	33	39	31	18	121	4	0
11/07/2015 02:25	27	37	26	15	105	4	0
11/07/2015 02:30	20	33	20	10	83	4	0
11/07/2015 02:35	33	38	31	18	120	4	0
11/07/2015 02:40	26	33	25	14	98	4	0
11/07/2015 02:45	31	37	30	18	116	4	0
11/07/2015 02:50	28	35	27	16	106	4	0
11/07/2015 02:55	19	32	17	9	77	4	0
11/07/2015 03:00	16	26	16	10	68	4	0
11/07/2015 03:05	24	32	23	13	92	4	0
11/07/2015 03:10	18	29	18	8	73	4	0
11/07/2015 03:15	26	34	25	14	99	4	0
11/07/2015 03:20	22	30	21	11	84	4	0
11/07/2015 03:25	17	29	17	6	69	4	0
11/07/2015 03:30	23	30	22	11	86	4	0
11/07/2015 03:35	23	32	22	12	89	4	0
11/07/2015 03:40	23	31	22	11	87	4	0
11/07/2015 03:45	20	33	19	11	83	4	0
11/07/2015 03:50	20	28	20	10	78	4	0
11/07/2015 03:55	22	31	21	11	85	4	0
11/07/2015 04:00	14	26	14	5	59	4	0
11/07/2015 04:05	20	30	19	8	77	4	0
11/07/2015 04:10	15	26	15	7	63	4	0
11/07/2015 04:15	19	28	19	9	75	4	0
11/07/2015 04:20	19	29	19	9	76	4	0
11/07/2015 04:25	22	30	21	11	84	4	0
11/07/2015 04:30	20	29	20	10	79	4	0
11/07/2015 04:35	30	39	29	18	116	4	0
11/07/2015 04:40	35	39	32	20	126	4	0
11/07/2015 04:45	29	36	28	17	110	4	0
11/07/2015 04:50	27	35	26	15	103	4	0
11/07/2015 04:55	23	33	22	12	90	4	0
11/07/2015 05:00	25	35	24	14	98	4	0
11/07/2015 05:05	28	36	27	16	107	4	0
11/07/2015 05:10	29	38	28	17	112	4	0
11/07/2015 05:15	33	43	31	20	127	4	0
11/07/2015 05:20	37	39	34	21	131	4	0
11/07/2015 05:25	43	47	40	27	157	4	0
11/07/2015 05:30	37	44	34	22	137	4	0
11/07/2015 05:35	47	51	43	30	171	4	0
11/07/2015 05:40	42	55	39	26	162	4	0
11/07/2015 05:45	49	50	45	31	175	4	0
11/07/2015 05:50	53	56	49	34	192	4	0
11/07/2015 05:55	47	52	43	30	172	4	0
11/07/2015 06:00	40	47	37	24	148	4	0
11/07/2015 06:05	46	53	42	29	170	4	0
11/07/2015 06:10	65	63	59	43	230	4	0
11/07/2015 06:15	62	58	57	41	218	4	0
11/07/2015 06:20	59	62	54	39	214	4	0
11/07/2015 06:25	68	65	62	46	241	4	0
11/07/2015 06:30	81	77	73	55	286	4	0
11/07/2015 06:35	74	69	67	50	260	4	0
11/07/2015 06:40	72	73	65	48	258	4	0
11/07/2015 06:45	92	88	83	64	327	4	0
11/07/2015 06:50	83	82	75	56	296	4	0
11/07/2015 06:55	96	88	87	67	338	4	0
11/07/2015 07:00	81	78	73	55	287	4	0
11/07/2015 07:05	75	75	68	50	268	4	0
11/07/2015 07:10	89	91	80	61	321	4	0
11/07/2015 07:15	106	96	95	73	370	4	0
11/07/2015 07:20	85	85	77	58	305	4	0
11/07/2015 07:25	92	88	83	64	327	4	0
11/07/2015 07:30	97	99	88	67	351	4	0
11/07/2015 07:35	87	75	79	59	300	4	0
11/07/2015 07:40	64	93	82	67	306	4	0
11/07/2015 07:45	100	91	90	70	351	4	0
11/07/2015 07:50	106	93	95	73	367	4	0
11/07/2015 07:55	95	93	85	65	338	4	0
11/07/2015 08:00	101	98	91	70	360	4	0
11/07/2015 08:05	97	94	88	67	346	4	0
11/07/2015 08:10	107	101	97	75	380	4	0
11/07/2015 08:15	112	103	101	78	394	4	0
11/07/2015 08:20	114	106	102	80	402	4	0
11/07/2015 08:25	98	95	88	68	349	4	0
11/07/2015 08:30	125	113	112	88	438	4	0
11/07/2015 08:35	112	107	101	78	398	4	0
11/07/2015 08:40	123	118	110	86	437	4	0
11/07/2015 08:45	112	110	100	78	400	4	0
11/07/2015 08:50	124	97	111	87	419	4	0
11/07/2015 08:55	121	107	108	85	421	4	0
11/07/2015 09:00	110	104	98	77	389	4	0
11/07/2015 09:05	127	113	114	90	444	4	0
11/07/2015 09:10	104	100	94	73	371	4	0
11/07/2015 09:15	113	100	101	79	393	4	0
11/07/2015 09:20	135	125	121	95	476	4	0
11/07/2015 09:25	136	115	121	96	468	4	0
11/07/2015 09:30	127	117	114	90	448	4	0
11/07/2015 09:35	125	112	112	88	437	4	0
11/07/2015 09:40	133	118	119	94	464	4	0
11/07/2015 09:45	131	119	118	93	461	4	0
11/07/2015 09:50	137	113	123	97	470	4	0
11/07/2015 09:55	128	120	115	90	453	4	0
11/07/2015 10:00	125	116	112	88	441	4	0
11/07/2015 10:05	140	126	125	99	490	4	0
11/07/2015 10:10	137	132	123	97	489	4	0
11/07/2015 10:15	132	119	118	93	462	4	0
11/07/2015 10:20	140	131	125	99	495	4	0
11/07/2015 10:25	137	125	123	97	482	4	0
11/07/2015 10:30	136	127	122	96	481	4	0
11/07/2015 10:35	137	118	123	97	475	4	0
11/07/2015 10:40	138	131	124	98	491	4	0
11/07/2015 10:45	143	130	128	102	503	4	0
11/07/2015 10:50	131	126	118	93	468	4	0
11/07/2015 10:55	139	126	125	99	489	4	0
11/07/2015 11:00	128	120	115	90	453	4	0
11/07/2015 11:05	133	128	119	94	474	4	0
11/07/2015 11:10	137	128	123	96	484	4	0
11/07/2015 11:15	121	133	109	84	447	4	0
11/07/2015 11:20	137	129	123	96	485	4	0
11/07/2015 11:25	116	127	104	80	427	4	0
11/07/2015 11:30	125	124	112	88	449	4	0
11/07/2015 11:35	145	134	129	103	511	4	0
11/07/2015 11:40	136	123	122	96	477	4	0
11/07/2015 11:45	136	126	121	96	479	4	0
11/07/2015 11:50	135	122	121	95	473	4	0
11/07/2015 11:55	129	121	115	91	456	4	0
11/07/2015 12:00	135	127	121	95	478	4	0
11/07/2015 12:05	140	127	125	99	491	4	0
11/07/2015 12:10	149	130	133	106	518	4	0
11/07/2015 12:15	127	126	114	90	457	4	0
11/07/2015 12:20	130	129	116	91	466	4	0
11/07/2015 12:25	144	126	129	102	501	4	0
11/07/2015 12:30	146	134	130	103	513	4	0
11/07/2015 12:35	140	131	126	100	497	4	0
11/07/2015 12:40	128	116	115	90	449	4	0
11/07/2015 12:45	119	106	106	83	414	4	0
11/07/2015 12:50	120	115	107	84	426	4	0
11/07/2015 12:55	128	117	115	90	450	4	0
11/07/2015 13:00	119	117	106	83	425	4	0
11/07/2015 13:05	117	118	105	82	422	4	0
11/07/2015 13:10	131	121	118	93	463	4	0
11/07/2015 13:15	133	131	119	94	477	4	0
11/07/2015 13:20	135	129	121	95	480	4	0
11/07/2015 13:25	141	125	126	100	492	4	0
11/07/2015 13:30	134	123	120	95	472	4	0
11/07/2015 13:35	136	121	121	96	474	4	0
11/07/2015 13:40	141	128	127	100	496	4	0
11/07/2015 13:45	128	120	115	90	453	4	0
11/07/2015 13:50	143	136	128	101	508	4	0
11/07/2015 13:55	142	133	127	101	503	4	0
11/07/2015 14:00	148	134	132	105	519	4	0
11/07/2015 14:05	144	130	129	102	505	4	0
11/07/2015 14:10	134	125	120	95	474	4	0
11/07/2015 14:15	137	123	123	97	480	4	0
11/07/2015 14:20	132	126	118	93	469	4	0
11/07/2015 14:25	144	133	129	102	508	4	0
11/07/2015 14:30	148	129	132	105	514	4	0
11/07/2015 14:35	136	132	122	96	486	4	0
11/07/2015 14:40	130	127	117	92	466	4	0
11/07/2015 14:45	154	132	137	109	532	4	0
11/07/2015 14:50	141	133	126	100	500	4	0
11/07/2015 14:55	133	125	119	94	471	4	0
11/07/2015 15:00	136	127	121	96	480	4	0
11/07/2015 15:05	141	126	126	100	493	4	0
11/07/2015 15:10	130	129	116	91	466	4	0
11/07/2015 15:15	131	127	118	93	469	4	0
11/07/2015 15:20	138	135	124	98	495	4	0
11/07/2015 15:25	138	131	124	98	491	4	0
11/07/2015 15:30	131	119	117	92	459	4	0
11/07/2015 15:35	130	122	117	92	461	4	0
11/07/2015 15:40	136	131	122	96	485	4	0
11/07/2015 15:45	138	134	124	98	494	4	0
11/07/2015 15:50	143	134	128	101	506	4	0
11/07/2015 15:55	146	131	131	104	512	4	0
11/07/2015 16:00	132	125	118	93	468	4	0
11/07/2015 16:05	123	122	111	86	442	4	0
11/07/2015 16:10	135	130	121	94	480	4	0
11/07/2015 16:15	131	127	117	91	466	4	0
11/07/2015 16:20	118	123	106	82	429	4	0
11/07/2015 16:25	131	129	117	92	469	4	0
11/07/2015 16:30	136	127	122	96	481	4	0
11/07/2015 16:35	137	133	123	97	490	4	0
11/07/2015 16:40	136	130	121	96	483	4	0
11/07/2015 16:45	136	129	122	96	483	4	0
11/07/2015 16:50	131	124	118	93	466	4	0
11/07/2015 16:55	135	134	121	95	485	4	0
11/07/2015 17:00	140	136	125	99	500	4	0
11/07/2015 17:05	148	134	132	105	519	4	0
11/07/2015 17:10	148	134	132	105	519	4	0
11/07/2015 17:15	141	127	126	100	494	4	0
11/07/2015 17:20	131	124	118	93	466	4	0
11/07/2015 17:25	119	117	107	83	426	4	0
11/07/2015 17:30	121	122	108	85	436	4	0
11/07/2015 17:35	123	123	111	85	442	4	0
11/07/2015 17:40	123	117	110	86	436	4	0
11/07/2015 17:45	113	112	101	79	405	4	0
11/07/2015 17:50	121	122	109	85	437	4	0
11/07/2015 17:55	112	111	101	78	402	4	0
11/07/2015 18:00	122	118	109	86	435	4	0
11/07/2015 18:05	130	126	116	91	463	4	0
11/07/2015 18:10	133	126	119	94	472	4	0
11/07/2015 18:15	137	124	123	97	481	4	0
11/07/2015 18:20	135	128	121	95	479	4	0
11/07/2015 18:25	132	118	118	93	461	4	0
11/07/2015 18:30	129	124	115	91	459	4	0
11/07/2015 18:35	70	84	64	46	264	4	0
11/07/2015 18:40	114	118	103	79	414	4	0
11/07/2015 18:45	107	106	97	75	385	4	0
11/07/2015 18:50	121	117	109	85	432	4	0
11/07/2015 18:55	120	116	107	84	427	4	0
11/07/2015 19:00	113	106	101	79	399	4	0
11/07/2015 19:05	108	108	98	75	389	4	0
11/07/2015 19:10	129	117	116	91	453	4	0
11/07/2015 19:15	124	117	111	87	439	4	0
11/07/2015 19:20	114	116	102	80	412	4	0
11/07/2015 19:25	100	93	90	70	353	4	0
11/07/2015 19:30	114	108	102	80	404	4	0
11/07/2015 19:35	116	106	104	81	407	4	0
11/07/2015 19:40	118	107	106	83	414	4	0
11/07/2015 19:45	113	104	101	79	397	4	0
11/07/2015 19:50	114	111	102	80	407	4	0
11/07/2015 19:55	107	97	97	75	376	4	0
11/07/2015 20:00	108	96	98	75	377	4	0
11/07/2015 20:05	96	98	87	66	347	4	0
11/07/2015 20:10	111	98	99	77	385	4	0
11/07/2015 20:15	98	96	88	68	350	4	0
11/07/2015 20:20	103	99	93	72	367	4	0
11/07/2015 20:25	106	97	95	74	372	4	0
11/07/2015 20:30	97	85	88	67	337	4	0
11/07/2015 20:35	86	88	78	59	311	4	0
11/07/2015 20:40	84	85	76	57	302	4	0
11/07/2015 20:45	103	94	93	72	362	4	0
11/07/2015 20:50	92	91	83	64	330	4	0
11/07/2015 20:55	94	95	84	65	338	4	0
11/07/2015 21:00	87	81	79	60	307	4	0
11/07/2015 21:05	88	85	79	60	312	4	0
11/07/2015 21:10	96	96	86	66	344	4	0
11/07/2015 21:15	89	89	80	61	319	4	0
11/07/2015 21:20	90	88	81	61	320	4	0
11/07/2015 21:25	86	91	78	59	314	4	0
11/07/2015 21:30	95	92	85	65	337	4	0
11/07/2015 21:35	88	84	79	60	311	4	0
11/07/2015 21:40	103	95	92	71	361	4	0
11/07/2015 21:45	86	80	78	59	303	4	0
11/07/2015 21:50	95	90	85	65	335	4	0
11/07/2015 21:55	92	87	83	64	326	4	0
11/07/2015 22:00	90	92	81	61	324	4	0
11/07/2015 22:05	95	90	86	66	337	4	0
11/07/2015 22:10	96	93	87	67	343	4	0
11/07/2015 22:15	101	98	91	70	360	4	0
11/07/2015 22:20	85	82	77	58	302	4	0
11/07/2015 22:25	97	93	88	67	345	4	0
11/07/2015 22:30	78	82	70	53	283	4	0
11/07/2015 22:35	99	88	89	68	344	4	0
11/07/2015 22:40	77	80	69	52	278	4	0
11/07/2015 22:45	65	72	58	43	238	4	0
11/07/2015 22:50	91	88	81	62	322	4	0
11/07/2015 22:55	80	78	72	54	284	4	0
11/07/2015 23:00	77	79	69	52	277	4	0
11/07/2015 23:05	84	82	76	57	299	4	0
11/07/2015 23:10	79	80	71	54	284	4	0
11/07/2015 23:15	84	82	75	57	298	4	0
11/07/2015 23:20	67	71	61	45	244	4	0
11/07/2015 23:25	67	75	61	45	248	4	0
11/07/2015 23:30	80	77	72	54	283	4	0
11/07/2015 23:35	58	62	53	38	211	4	0
11/07/2015 23:40	69	73	62	46	250	4	0
11/07/2015 23:45	63	67	58	42	230	4	0
11/07/2015 23:50	60	67	55	40	222	4	0
11/07/2015 23:55	56	59	51	37	203	4	0
11/08/2015 00:00	61	65	56	41	223	4	0
11/08/2015 00:05	55	57	50	36	198	4	0
11/08/2015 00:10	60	63	55	40	218	4	0
11/08/2015 00:15	57	60	52	37	206	4	0
11/08/2015 00:20	60	62	55	40	217	4	0
11/08/2015 00:25	61	58	56	41	216	4	0
11/08/2015 00:30	54	56	49	35	194	4	0
11/08/2015 00:35	48	53	44	31	176	4	0
11/08/2015 00:40	48	57	44	31	180	4	0
11/08/2015 00:45	46	50	42	29	167	4	0
11/08/2015 00:50	50	52	46	32	180	4	0
11/08/2015 00:55	45	51	41	28	165	4	0
11/08/2015 01:00	41	46	38	25	150	4	0
11/08/2015 01:05	49	49	45	31	174	4	0
11/08/2015 01:10	45	49	41	28	163	4	0
11/08/2015 01:15	33	44	31	20	128	4	0
11/08/2015 01:20	39	45	36	24	144	4	0
11/08/2015 01:25	42	47	39	26	154	4	0
11/08/2015 01:30	35	43	32	21	131	4	0
11/08/2015 01:35	37	43	34	22	136	4	0
11/08/2015 01:40	32	39	30	17	118	4	0
11/08/2015 01:45	28	37	27	16	108	4	0
11/08/2015 01:50	24	36	23	12	95	4	0
11/08/2015 01:55	33	42	31	20	126	4	0
11/08/2015 02:00	40	43	37	25	145	4	0
11/08/2015 02:05	29	37	28	17	111	4	0
11/08/2015 02:10	32	42	30	19	123	4	0
11/08/2015 02:15	30	39	29	18	116	4	0
11/08/2015 02:20	29	38	28	17	112	4	0
11/08/2015 02:25	34	39	31	20	124	4	0
11/08/2015 02:30	23	32	22	12	89	4	0
11/08/2015 02:35	32	40	30	19	121	4	0
11/08/2015 02:40	21	31	20	11	83	4	0
11/08/2015 02:45	23	31	22	12	88	4	0
11/08/2015 02:50	23	32	22	12	89	4	0
11/08/2015 02:55	28	33	27	16	104	4	0
11/08/2015 03:00	18	28	18	8	72	4	0
11/08/2015 03:05	21	29	20	11	81	4	0
11/08/2015 03:10	17	29	17	8	71	4	0
11/08/2015 03:15	26	33	25	14	98	4	0
11/08/2015 03:20	21	29	20	11	81	4	0
11/08/2015 03:25	27	33	26	13	99	4	0
11/08/2015 03:30	20	31	19	8	78	4	0
11/08/2015 03:35	24	31	23	12	90	4	0
11/08/2015 03:40	22	31	21	12	86	4	0
11/08/2015 03:45	19	29	19	9	76	4	0
11/08/2015 03:50	16	28	16	7	67	4	0
11/08/2015 03:55	19	28	19	9	75	4	0
11/08/2015 04:00	21	31	20	11	83	4	0
11/08/2015 04:05	15	27	15	6	63	4	0
11/08/2015 04:10	21	29	20	11	81	4	0
11/08/2015 04:15	23	32	22	15	92	4	0
11/08/2015 04:20	17	28	17	8	70	4	0
11/08/2015 04:25	21	30	20	11	82	4	0
11/08/2015 04:30	21	29	20	11	81	4	0
11/08/2015 04:35	21	30	20	11	82	4	0
11/08/2015 04:40	30	37	29	16	112	4	0
11/08/2015 04:45	25	31	24	14	94	4	0
11/08/2015 04:50	27	34	26	15	102	4	0
11/08/2015 04:55	26	34	25	14	99	4	0
11/08/2015 05:00	29	36	28	17	110	4	0
11/08/2015 05:05	25	33	24	14	96	4	0
11/08/2015 05:10	27	34	26	15	102	4	0
11/08/2015 05:15	18	29	18	8	73	4	0
11/08/2015 05:20	29	37	28	17	111	4	0
11/08/2015 05:25	27	35	26	15	103	4	0
11/08/2015 05:30	28	36	27	16	107	4	0
11/08/2015 05:35	35	43	32	21	131	4	0
11/08/2015 05:40	40	45	37	24	146	4	0
11/08/2015 05:45	46	47	42	29	164	4	0
11/08/2015 05:50	41	44	38	25	148	4	0
11/08/2015 05:55	27	37	26	15	105	4	0
11/08/2015 06:00	27	39	26	15	107	4	0
11/08/2015 06:05	38	45	35	23	141	4	0
11/08/2015 06:10	46	48	42	29	165	4	0
11/08/2015 06:15	44	44	40	28	156	4	0
11/08/2015 06:20	54	54	49	35	192	4	0
11/08/2015 06:25	48	52	44	31	175	4	0
11/08/2015 06:30	60	57	55	40	212	4	0
11/08/2015 06:35	53	56	49	34	192	4	0
11/08/2015 06:40	49	58	45	31	183	4	0
11/08/2015 06:45	52	54	48	34	188	4	0
11/08/2015 06:50	51	51	47	33	182	4	0
11/08/2015 06:55	57	63	52	37	209	4	0
11/08/2015 07:00	59	57	54	39	209	4	0
11/08/2015 07:05	64	61	58	41	224	4	0
11/08/2015 07:10	57	61	52	37	207	4	0
11/08/2015 07:15	50	57	46	32	185	4	0
11/08/2015 07:20	68	69	62	46	245	4	0
11/08/2015 07:25	68	67	62	46	243	4	0
11/08/2015 07:30	75	70	68	50	263	4	0
11/08/2015 07:35	64	67	59	43	233	4	0
11/08/2015 07:40	70	75	64	47	256	4	0
11/08/2015 07:45	83	79	75	56	293	4	0
11/08/2015 07:50	71	70	65	48	254	4	0
11/08/2015 07:55	77	73	69	52	271	4	0
11/08/2015 08:00	74	72	67	50	263	4	0
11/08/2015 08:05	80	70	72	54	276	4	0
11/08/2015 08:10	70	73	64	47	254	4	0
11/08/2015 08:15	87	82	78	60	307	4	0
11/08/2015 08:20	92	84	83	64	323	4	0
11/08/2015 08:25	76	75	69	51	271	4	0
11/08/2015 08:30	81	78	73	55	287	4	0
11/08/2015 08:35	87	85	79	60	311	4	0
11/08/2015 08:40	99	91	89	68	347	4	0
11/08/2015 08:45	87	90	79	60	316	4	0
11/08/2015 08:50	99	91	89	69	348	4	0
11/08/2015 08:55	96	90	86	66	338	4	0
11/08/2015 09:00	97	94	88	67	346	4	0
11/08/2015 09:05	103	94	93	72	362	4	0
11/08/2015 09:10	89	89	81	60	319	4	0
11/08/2015 09:15	86	98	78	58	320	4	0
11/08/2015 09:20	95	105	86	65	351	4	0
11/08/2015 09:25	98	110	89	67	364	4	0
11/08/2015 09:30	116	107	104	81	408	4	0
11/08/2015 09:35	107	101	97	75	380	4	0
11/08/2015 09:40	118	105	106	83	412	4	0
11/08/2015 09:45	124	101	111	87	423	4	0
11/08/2015 09:50	106	103	96	74	379	4	0
11/08/2015 09:55	99	94	89	69	351	4	0
11/08/2015 10:00	120	111	108	84	423	4	0
11/08/2015 10:05	114	112	102	80	408	4	0
11/08/2015 10:10	118	99	106	83	406	4	0
11/08/2015 10:15	125	114	112	88	439	4	0
11/08/2015 10:20	140	125	126	100	491	4	0
11/08/2015 10:25	125	120	112	88	445	4	0
11/08/2015 10:30	117	115	105	82	419	4	0
11/08/2015 10:35	126	114	113	89	442	4	0
11/08/2015 10:40	123	113	110	86	432	4	0
11/08/2015 10:45	134	120	120	95	469	4	0
11/08/2015 10:50	122	105	109	86	422	4	0
11/08/2015 10:55	15	34	15	20	84	4	0
11/08/2015 11:00	88	89	79	60	316	4	0
11/08/2015 11:05	139	125	124	98	486	4	0
11/08/2015 11:10	137	136	123	97	493	4	0
11/08/2015 11:15	128	127	115	90	460	4	0
11/08/2015 11:20	128	120	115	90	453	4	0
11/08/2015 11:25	122	115	109	86	432	4	0
11/08/2015 11:30	120	110	108	84	422	4	0
11/08/2015 11:35	128	119	115	90	452	4	0
11/08/2015 11:40	125	117	112	88	442	4	0
11/08/2015 11:45	90	91	81	62	324	4	0
11/08/2015 11:50	36	47	33	21	137	4	0
11/08/2015 11:55	138	115	124	98	475	4	0
11/08/2015 12:00	141	140	126	100	507	4	0
11/08/2015 12:05	141	127	126	100	494	4	0
11/08/2015 12:10	118	116	106	83	423	4	0
11/08/2015 12:15	124	117	111	87	439	4	0
11/08/2015 12:20	134	118	120	95	467	4	0
11/08/2015 12:25	131	117	117	92	457	4	0
11/08/2015 12:30	115	113	104	80	412	4	0
11/08/2015 12:35	132	120	118	92	462	4	0
11/08/2015 12:40	124	120	112	87	443	4	0
11/08/2015 12:45	92	102	84	63	341	4	0
11/08/2015 12:50	119	125	108	83	435	4	0
11/08/2015 12:55	114	107	103	79	403	4	0
11/08/2015 13:00	107	109	97	74	387	4	0
11/08/2015 13:05	112	118	101	77	408	4	0
11/08/2015 13:10	110	107	100	76	393	4	0
11/08/2015 13:15	120	124	109	84	437	4	0
11/08/2015 13:20	119	121	107	83	430	4	0
11/08/2015 13:25	126	133	113	88	460	4	0
11/08/2015 13:30	132	120	118	92	462	4	0
11/08/2015 13:35	110	117	100	76	403	4	0
11/08/2015 13:40	119	123	107	82	431	4	0
11/08/2015 13:45	124	122	112	87	445	4	0
11/08/2015 13:50	130	124	117	91	462	4	0
11/08/2015 13:55	112	113	102	78	405	4	0
11/08/2015 14:00	118	129	106	82	435	4	0
11/08/2015 14:05	119	116	107	82	424	4	0
11/08/2015 14:10	124	122	112	86	444	4	0
11/08/2015 14:15	125	120	112	87	444	4	0
11/08/2015 14:20	127	116	115	89	447	4	0
11/08/2015 14:25	137	131	123	96	487	4	0
11/08/2015 14:30	137	125	123	96	481	4	0
11/08/2015 14:35	122	121	110	85	438	4	0
11/08/2015 14:40	131	124	118	92	465	4	0
11/08/2015 14:45	122	113	110	85	430	4	0
11/08/2015 14:50	125	120	112	88	445	4	0
11/08/2015 14:55	134	119	120	95	468	4	0
11/08/2015 15:00	120	117	108	84	429	4	0
11/08/2015 15:05	133	122	119	94	468	4	0
11/08/2015 15:10	129	123	115	91	458	4	0
11/08/2015 15:15	127	118	114	90	449	4	0
11/08/2015 15:20	131	128	117	92	468	4	0
11/08/2015 15:25	126	119	112	88	445	4	0
11/08/2015 15:30	122	122	109	86	439	4	0
11/08/2015 15:35	127	119	114	90	450	4	0
11/08/2015 15:40	126	124	112	88	450	4	0
11/08/2015 15:45	133	122	119	94	468	4	0
11/08/2015 15:50	127	116	114	90	447	4	0
11/08/2015 15:55	132	121	118	93	464	4	0
11/08/2015 16:00	138	119	124	98	479	4	0
11/08/2015 16:05	131	123	118	93	465	4	0
11/08/2015 16:10	135	127	121	95	478	4	0
11/08/2015 16:15	137	124	123	97	481	4	0
11/08/2015 16:20	121	119	108	85	433	4	0
11/08/2015 16:25	116	115	105	81	417	4	0
11/08/2015 16:30	130	112	117	91	450	4	0
11/08/2015 16:35	109	119	98	75	401	4	0
11/08/2015 16:40	122	120	110	85	437	4	0
11/08/2015 16:45	122	114	110	85	431	4	0
11/08/2015 16:50	123	122	110	85	440	4	0
11/08/2015 16:55	138	111	124	97	470	4	0
11/08/2015 17:00	131	126	118	92	467	4	0
11/08/2015 17:05	131	129	118	93	471	4	0
11/08/2015 17:10	135	127	121	95	478	4	0
11/08/2015 17:15	127	125	114	90	456	4	0
11/08/2015 17:20	126	119	113	89	447	4	0
11/08/2015 17:25	122	113	109	86	430	4	0
11/08/2015 17:30	135	122	121	96	474	4	0
11/08/2015 17:35	136	127	121	96	480	4	0
11/08/2015 17:40	136	126	122	96	480	4	0
11/08/2015 17:45	124	115	111	87	437	4	0
11/08/2015 17:50	124	113	111	87	435	4	0
11/08/2015 17:55	119	115	106	83	423	4	0
11/08/2015 18:00	126	114	112	88	440	4	0
11/08/2015 18:05	123	120	110	86	439	4	0
11/08/2015 18:10	130	122	116	91	459	4	0
11/08/2015 18:15	135	118	121	96	470	4	0
11/08/2015 18:20	117	110	105	82	414	4	0
11/08/2015 18:25	118	109	106	83	416	4	0
11/08/2015 18:30	114	107	102	80	403	4	0
11/08/2015 18:35	95	96	85	65	341	4	0
11/08/2015 18:40	124	109	111	87	431	4	0
11/08/2015 18:45	111	105	99	77	392	4	0
11/08/2015 18:50	108	98	98	76	380	4	0
11/08/2015 18:55	118	109	106	83	416	4	0
11/08/2015 19:00	111	105	100	78	394	4	0
11/08/2015 19:05	103	103	93	72	371	4	0
11/08/2015 19:10	106	100	96	74	376	4	0
11/08/2015 19:15	117	107	105	82	411	4	0
11/08/2015 19:20	104	99	94	73	370	4	0
11/08/2015 19:25	111	101	99	77	388	4	0
11/08/2015 19:30	125	114	112	88	439	4	0
11/08/2015 19:35	96	98	87	67	348	4	0
11/08/2015 19:40	108	106	97	75	386	4	0
11/08/2015 19:45	114	100	102	80	396	4	0
11/08/2015 19:50	114	110	102	80	406	4	0
11/08/2015 19:55	103	93	93	72	361	4	0
11/08/2015 20:00	104	97	94	73	368	4	0
11/08/2015 20:05	120	109	107	84	420	4	0
11/08/2015 20:10	96	97	87	67	347	4	0
11/08/2015 20:15	116	108	104	81	409	4	0
11/08/2015 20:20	102	98	92	71	363	4	0
11/08/2015 20:25	108	103	98	76	385	4	0
11/08/2015 20:30	98	93	88	68	347	4	0
11/08/2015 20:35	91	90	82	63	326	4	0
11/08/2015 20:40	99	98	89	69	355	4	0
11/08/2015 20:45	92	88	83	64	327	4	0
11/08/2015 20:50	97	91	88	67	343	4	0
11/08/2015 20:55	77	82	69	52	280	4	0
11/08/2015 21:00	94	88	85	65	332	4	0
11/08/2015 21:05	90	88	81	62	321	4	0
11/08/2015 21:10	98	88	88	68	342	4	0
11/08/2015 21:15	100	95	90	70	355	4	0
11/08/2015 21:20	92	86	83	64	325	4	0
11/08/2015 21:25	85	82	77	58	302	4	0
11/08/2015 21:30	79	80	71	54	284	4	0
11/08/2015 21:35	81	77	73	55	286	4	0
11/08/2015 21:40	86	85	78	59	308	4	0
11/08/2015 21:45	83	83	75	57	298	4	0
11/08/2015 21:50	87	83	79	60	309	4	0
11/08/2015 21:55	80	82	72	54	288	4	0
11/08/2015 22:00	81	80	73	55	289	4	0
11/08/2015 22:05	85	83	77	58	303	4	0
11/08/2015 22:10	73	77	66	49	265	4	0
11/08/2015 22:15	78	78	70	53	279	4	0
11/08/2015 22:20	79	79	71	54	283	4	0
11/08/2015 22:25	82	78	74	56	290	4	0
11/08/2015 22:30	85	85	77	58	305	4	0
11/08/2015 22:35	80	73	72	54	279	4	0
11/08/2015 22:40	68	69	62	46	245	4	0
11/08/2015 22:45	72	73	65	48	258	4	0
11/08/2015 22:50	73	69	66	49	257	4	0
11/08/2015 22:55	58	61	53	38	210	4	0
11/08/2015 23:00	51	53	47	33	184	4	0
11/08/2015 23:05	58	64	53	38	213	4	0
11/08/2015 23:10	58	61	53	38	210	4	0
11/08/2015 23:15	54	61	49	35	199	4	0
11/08/2015 23:20	67	69	61	45	242	4	0
11/08/2015 23:25	56	60	51	37	204	4	0
11/08/2015 23:30	58	59	53	38	208	4	0
11/08/2015 23:35	53	53	49	34	189	4	0
11/08/2015 23:40	45	49	41	28	163	4	0
11/08/2015 23:45	52	54	48	34	188	4	0
11/08/2015 23:50	54	55	49	35	193	4	0
11/08/2015 23:55	44	50	40	28	162	4	0
