5 Minutes	Lane 1 Speed (mph)	Lane 2 Speed (mph)	Lane 3 Speed (mph)	Lane 4 Speed (mph)	Speed (mph)	# Lane Points	% Observed
11/02/2015 00:00	74.8	71.1	67.4	62.8	69.6	4	100
11/02/2015 00:05	75.4	70.7	67.7	66.6	70.5	4	100
11/02/2015 00:10	74.2	70.7	69	63.7	69.3	4	100
11/02/2015 00:15	73.9	70.3	69.3	61.5	68.6	4	100
11/02/2015 00:20	73.8	71.1	68.2	59.1	69	4	100
11/02/2015 00:25	74.8	70.6	67.9	55.3	67.3	4	100
11/02/2015 00:30	75.1	71.2	67.5	58.4	67.9	4	100
11/02/2015 00:35	75.2	71.3	67.9	62	68.6	4	100
11/02/2015 00:40	75.2	70.7	68.6	59.8	68.7	4	100
11/02/2015 00:45	75.1	70.9	66.3	55.2	66.9	4	100
11/02/2015 00:50	75.2	70.6	67.2	60.5	68.1	4	100
11/02/2015 00:55	75.1	70.8	67.1	62.7	69.1	4	100
11/02/2015 01:00	75.2	70.8	67.7	59.7	67.9	4	100
11/02/2015 01:05	75.1	70.8	65.3	61.2	67.6	4	100
11/02/2015 01:10	74.8	70.9	66.9	62.9	68.9	4	100
11/02/2015 01:15	74.8	71.1	67.6	62.9	68.6	4	100
11/02/2015 01:20	74.7	71	66.3	63.5	69	4	100
11/02/2015 01:25	75	71	66.5	62	68.9	4	100
11/02/2015 01:30	74.9	71.3	67.2	61.7	68.9	4	100
11/02/2015 01:35	74.9	71.4	67.7	63.8	68.6	4	100
11/02/2015 01:40	74.9	71	67.1	61.5	68.9	4	100
11/02/2015 01:45	74.9	70.9	65.9	61.9	68	4	100
11/02/2015 01:50	74.8	70.9	66.2	61.1	67.6	4	100
11/02/2015 01:55	74.8	70.9	66.8	62	68.2	4	100
11/02/2015 02:00	74.7	70.9	66.5	57.6	66.5	4	100
11/02/2015 02:05	74.8	70.9	65.3	60.3	66.6	4	100
11/02/2015 02:10	74.7	70.9	66.2	60.9	67.2	4	100
11/02/2015 02:15	74.8	70.9	66.4	59.3	65.9	4	100
11/02/2015 02:20	74.7	70.8	67.2	58.3	66.8	4	100
11/02/2015 02:25	74.7	70.8	67.1	61.3	68	4	100
11/02/2015 02:30	74.6	70.9	66.7	62.2	68.5	4	100
11/02/2015 02:35	74.8	70.9	66.1	62.7	67.9	4	100
11/02/2015 02:40	74.8	71	66.5	63.5	67.8	4	100
11/02/2015 02:45	74.8	71.1	67.3	63.4	68.7	4	100
11/02/2015 02:50	74.9	71.4	67.8	61	68.6	4	100
11/02/2015 02:55	74.9	71.3	67.9	62.3	67.2	4	100
11/02/2015 03:00	74.9	71.2	66.9	63.1	67.8	4	100
11/02/2015 03:05	74.8	70.9	67.5	63.1	67.6	4	100
11/02/2015 03:10	74.5	70.8	66.3	61.2	67.4	4	100
11/02/2015 03:15	74.6	70.8	67.1	59.8	66.6	4	100
11/02/2015 03:20	74.8	71	67.7	61.5	67.6	4	100
11/02/2015 03:25	74.7	71	66.8	55.2	63.7	4	100
11/02/2015 03:30	74.8	71	66.7	58.6	66.3	4	100
11/02/2015 03:35	74.7	70.8	66.9	58	65.9	4	100
11/02/2015 03:40	74.8	71.2	67.5	60.6	67.4	4	100
11/02/2015 03:45	74.7	71.2	67.8	61.9	68.4	4	100
11/02/2015 03:50	74.6	71.1	67.3	61.9	68	4	100
11/02/2015 03:55	74.7	71	67.2	61.2	68.6	4	100
11/02/2015 04:00	74.7	71.6	67.8	60.5	68.2	4	100
11/02/2015 04:05	74.8	71.4	68.1	59.8	68.3	4	100
11/02/2015 04:10	74.8	70.3	67.8	61.5	68.6	4	100
11/02/2015 04:15	74.7	70.7	66	60.8	67.6	4	100
11/02/2015 04:20	74.9	71.4	66.2	58.3	68.1	4	100
11/02/2015 04:25	74.9	71.4	66.3	61.4	68.2	4	100
11/02/2015 04:30	74.7	71.7	67.5	62.8	69.5	4	100
11/02/2015 04:35	74.5	71.2	68.4	63.4	69.3	4	100
11/02/2015 04:40	75	70.9	67.5	66.4	70.3	4	100
11/02/2015 04:45	73.1	72	66.6	60.6	69	4	100
11/02/2015 04:50	74.5	71.5	63	60.2	68.2	4	100
11/02/2015 04:55	75.2	70.8	63.9	60.1	68.9	4	100
11/02/2015 05:00	75.8	72.3	56.7	60	67.6	4	100
11/02/2015 05:05	76.1	71.9	60.9	60.2	68.5	4	100
11/02/2015 05:10	76.1	71	63.3	63.2	69.5	4	100
11/02/2015 05:15	77.7	71.1	64.9	63.6	70.2	4	100
11/02/2015 05:20	77	71.9	66.9	66	71.4	4	100
11/02/2015 05:25	76.6	71.8	67.8	64.8	70.6	4	100
11/02/2015 05:30	74.5	71.2	69.6	65	70.7	4	100
11/02/2015 05:35	74.3	70.6	67.7	64.8	70.1	4	100
11/02/2015 05:40	74.9	71.2	68.3	67.9	71.3	4	100
11/02/2015 05:45	75.8	70.9	69.2	67.2	71.3	4	100
11/02/2015 05:50	73.8	70	69.2	63.2	69.8	4	100
11/02/2015 05:55	73.6	70.2	70	65.3	70.2	4	100
11/02/2015 06:00	74.9	70	64.4	59.3	68.4	4	100
11/02/2015 06:05	75.7	71.7	69.8	61	70.2	4	100
11/02/2015 06:10	76.1	72.4	70.1	58.4	70.1	4	100
11/02/2015 06:15	76.1	71.8	71	56.7	69.8	4	100
11/02/2015 06:20	76.9	72.6	68.5	63.7	71.2	4	100
11/02/2015 06:25	75.9	72.6	69	59.9	70.6	4	100
11/02/2015 06:30	75.4	73	69.9	62.4	70.8	4	100
11/02/2015 06:35	76.3	72	69.7	64.2	71.4	4	100
11/02/2015 06:40	75.9	72.7	70.5	65.3	71.5	4	100
11/02/2015 06:45	75.5	72.1	69.3	61.6	70.6	4	100
11/02/2015 06:50	74.5	71.9	69	61.8	70.1	4	100
11/02/2015 06:55	76	73.1	69.2	61.8	70.7	4	100
11/02/2015 07:00	75.1	71.4	69.4	64.1	70.5	4	100
11/02/2015 07:05	74.1	70.6	71.7	65.4	70.6	4	100
11/02/2015 07:10	73.2	69.4	66.1	64.7	69	4	100
11/02/2015 07:15	73.8	69.5	65.2	64.2	69	4	100
11/02/2015 07:20	72.8	69.1	66.7	63.7	68.7	4	100
11/02/2015 07:25	72.3	68.5	67.3	63.6	68.4	4	100
11/02/2015 07:30	71.7	67.7	68	63.7	68.1	4	100
11/02/2015 07:35	70.7	67.1	67.1	63.3	67.4	4	100
11/02/2015 07:40	70.6	66.8	65.9	61.6	66.8	4	100
11/02/2015 07:45	70.5	66.1	63.1	60.2	65.4	4	100
11/02/2015 07:50	70.5	66.5	63.4	63.6	66.5	4	100
11/02/2015 07:55	71.3	66.6	64.1	61.7	66.6	4	100
11/02/2015 08:00	71.4	67.6	65.3	59.9	66.7	4	100
11/02/2015 08:05	71	67	62.2	60.1	65.8	4	100
11/02/2015 08:10	69.8	65.5	63.6	59.5	65	4	100
11/02/2015 08:15	69.7	65.6	63	60.7	65.3	4	100
11/02/2015 08:20	69.7	65.1	59.8	57.6	63.8	4	100
11/02/2015 08:25	70.8	65.9	59	61.7	65	4	100
11/02/2015 08:30	71.3	66.5	60.3	59.5	65.4	4	100
11/02/2015 08:35	70.5	66.2	60.9	61.9	65.5	4	100
11/02/2015 08:40	71.5	66	61.3	61.1	65.6	4	100
11/02/2015 08:45	70.2	65.2	61.8	59.6	64.9	4	100
11/02/2015 08:50	70.9	66	63.2	58.9	65.4	4	100
11/02/2015 08:55	71.8	67	63.7	61.3	66.8	4	100
11/02/2015 09:00	73.2	67.6	63.4	61.4	67.5	4	100
11/02/2015 09:05	73.9	69	59.3	58.4	66.4	4	100
11/02/2015 09:10	73.9	67	61.6	59.6	66.5	4	100
11/02/2015 09:15	72.8	66.4	57.9	56.9	64.8	4	100
11/02/2015 09:20	73	68.5	60.7	56.4	66	4	100
11/02/2015 09:25	73.2	69.8	62.6	57.7	66.8	4	100
11/02/2015 09:30	72.3	68.8	61	56.1	65.6	4	100
11/02/2015 09:35	73.1	68.5	62.7	54.6	65.7	4	100
11/02/2015 09:40	74	68.5	60.5	54.7	66	4	100
11/02/2015 09:45	73.4	68.6	58.1	56.1	65.3	4	100
11/02/2015 09:50	72.7	67.2	55.4	54.2	63.9	4	100
11/02/2015 09:55	73.2	68	59.3	54.8	65.3	4	100
11/02/2015 10:00	75.1	68.2	57.4	56.9	66.2	4	100
11/02/2015 10:05	76.5	66.7	55.5	53.2	64.8	4	100
11/02/2015 10:10	76.5	66.6	53.9	54.4	63.7	4	100
11/02/2015 10:15	75.8	66.6	54.8	55.2	64.2	4	100
11/02/2015 10:20	75.8	67.1	58.5	55.9	65.6	4	100
11/02/2015 10:25	75.8	66.3	58.3	49.6	64	4	100
11/02/2015 10:30	75.4	67.8	58	50.9	64.4	4	100
11/02/2015 10:35	75.1	66.9	54.3	54.1	64.2	4	100
11/02/2015 10:40	73.8	65.9	55.2	50	63.1	4	100
11/02/2015 10:45	74.2	67	58.4	50.5	62.9	4	100
11/02/2015 10:50	75.9	67	60.2	51	64.9	4	100
11/02/2015 10:55	75.3	66.7	58.2	51.5	64.8	4	100
11/02/2015 11:00	75.5	65.9	59.3	51.3	64.7	4	100
11/02/2015 11:05	75.9	66.7	53.6	53	64.6	4	100
11/02/2015 11:10	76.4	66.2	52.5	54.8	64.9	4	100
11/02/2015 11:15	76.4	66.3	54.3	53.3	64.6	4	100
11/02/2015 11:20	75.6	66.4	53.1	53.7	63.8	4	100
11/02/2015 11:25	74.8	65.7	53.6	53.8	63.5	4	100
11/02/2015 11:30	75.4	65.8	54.7	55	64.4	4	100
11/02/2015 11:35	75.3	64.1	52.1	52.6	63.4	4	100
11/02/2015 11:40	75.1	64	54	50.9	62.9	4	100
11/02/2015 11:45	73.6	63.8	53	50.2	61.9	4	100
11/02/2015 11:50	74.1	64.3	53.6	54.1	62.9	4	100
11/02/2015 11:55	75.2	65.4	53.4	52.2	63.1	4	100
11/02/2015 12:00	74.9	64.9	53.7	52.2	63.1	4	100
11/02/2015 12:05	75.7	65.2	54.4	51.4	63.1	4	100
11/02/2015 12:10	75.7	65.2	55.1	49.9	63.5	4	100
11/02/2015 12:15	75.2	65.6	56.8	53	64	4	100
11/02/2015 12:20	75.3	66.5	58.6	51.6	64.6	4	100
11/02/2015 12:25	74.7	66	57.9	54.2	64.4	4	100
11/02/2015 12:30	74.6	65.6	58.5	53.6	64.2	4	100
11/02/2015 12:35	76	65	58.8	52.9	64.8	4	100
11/02/2015 12:40	75.7	65.3	60.3	49.8	64.4	4	100
11/02/2015 12:45	75.2	65	61.4	55	65.3	4	100
11/02/2015 12:50	76.3	66.5	59.9	54	65.3	4	100
11/02/2015 12:55	77	67.1	61.4	55.8	66.1	4	100
11/02/2015 13:00	79.7	66.2	61.5	54.3	66.5	4	100
11/02/2015 13:05	78.8	65.9	57	55.8	65.9	4	100
11/02/2015 13:10	79	66.6	57.8	56.5	66.4	4	100
11/02/2015 13:15	76.7	64.3	56.9	57.5	65.6	4	100
11/02/2015 13:20	76.4	63.9	57.9	55.2	64.4	4	100
11/02/2015 13:25	76.1	64.4	55.5	51.7	63.4	4	100
11/02/2015 13:30	75.3	63.7	57.3	55.6	64.2	4	100
11/02/2015 13:35	75.2	64.1	59.8	55.7	64.8	4	100
11/02/2015 13:40	75.1	64.3	60.4	51.8	64.7	4	100
11/02/2015 13:45	74.9	63.4	57.8	52.3	63.3	4	100
11/02/2015 13:50	74.4	63.8	57.1	49.8	63.1	4	100
11/02/2015 13:55	74.3	63.8	59.2	52.6	63.6	4	100
11/02/2015 14:00	74	62.3	56.8	51.3	62.2	4	100
11/02/2015 14:05	75.5	62.2	55.8	53.5	63.4	4	100
11/02/2015 14:10	75.7	61.6	58.2	52.9	63.4	4	100
11/02/2015 14:15	76.9	62	59.5	55.8	64.7	4	100
11/02/2015 14:20	76.9	62.6	57.6	55.1	64.6	4	100
11/02/2015 14:25	76.3	62.3	59.6	53.5	64.1	4	100
11/02/2015 14:30	76.4	62.5	59.1	56.6	64.9	4	100
11/02/2015 14:35	76.6	63.1	60.8	56.5	65.2	4	100
11/02/2015 14:40	76.3	63.6	60.6	55.9	65	4	100
11/02/2015 14:45	74.2	61.1	58.6	53	62.7	4	100
11/02/2015 14:50	73.8	60.4	60	53	62.6	4	100
11/02/2015 14:55	73.4	61.8	57.3	55.7	62.8	4	100
11/02/2015 15:00	84.8	62	57.6	54	66	4	100
11/02/2015 15:05	84.8	60.7	55.8	53	64.4	4	100
11/02/2015 15:10	84.8	61.6	60.5	54.2	66.3	4	100
11/02/2015 15:15	84.8	59.8	59.9	53.5	65.3	4	100
11/02/2015 15:20	84.8	60.2	58	54.3	65.6	4	100
11/02/2015 15:25	84.8	60.2	59.2	54.6	65.8	4	100
11/02/2015 15:30	84.8	60.9	58.3	55	66.2	4	100
11/02/2015 15:35	84.8	59.8	57	54.6	64.7	4	100
11/02/2015 15:40	84.8	59	57.3	54.2	65	4	100
11/02/2015 15:45	84.8	58.1	54.2	53.4	64	4	100
11/02/2015 15:50	84.8	59.6	57.3	57.7	65.9	4	100
11/02/2015 15:55	84.8	61.6	58.7	58	66.7	4	100
11/02/2015 16:00	80.9	62.9	60.5	58.2	66.5	4	100
11/02/2015 16:05	80.7	63	58.5	59.7	66.2	4	100
11/02/2015 16:10	78.8	63.1	58.3	58.3	65.7	4	100
11/02/2015 16:15	77.9	61.9	59.2	59.1	65	4	100
11/02/2015 16:20	76.1	60.4	57.6	56.3	63	4	100
11/02/2015 16:25	75.5	60.2	60.1	55	63.2	4	100
11/02/2015 16:30	74.6	60	57.8	54.7	62.4	4	100
11/02/2015 16:35	75.3	60	57.4	57	62.6	4	100
11/02/2015 16:40	74.4	60.4	57.5	56.6	62.8	4	100
11/02/2015 16:45	74.2	60.1	59.8	56.1	63.2	4	100
11/02/2015 16:50	68	55.2	56	54	58.4	4	100
11/02/2015 16:55	66.9	54.4	56.2	53.9	58.2	4	100
11/02/2015 17:00	63.6	55.8	57.6	56.4	58.4	4	100
11/02/2015 17:05	60.9	56.5	58.7	55	57.9	4	100
11/02/2015 17:10	61.8	58.6	59.9	56.3	59.1	4	100
11/02/2015 17:15	62	59	59.7	56.7	59.5	4	100
11/02/2015 17:20	61.2	58.5	59.2	54.4	58.3	4	100
11/02/2015 17:25	60.6	58.4	55.7	55.8	57.8	4	100
11/02/2015 17:30	61.1	58.4	59	57.6	59.1	4	100
11/02/2015 17:35	61.6	58.1	58.6	56.8	58.8	4	100
11/02/2015 17:40	59.1	56	58.3	56.6	57.5	4	100
11/02/2015 17:45	60.3	57	58.8	55.8	58	4	100
11/02/2015 17:50	60	56.3	58.4	53.5	57.1	4	100
11/02/2015 17:55	58.9	56.2	57.1	53	56.4	4	100
11/02/2015 18:00	57.8	55.7	55.9	53.9	55.9	4	100
11/02/2015 18:05	48.6	47	53.5	47	48.9	4	100
11/02/2015 18:10	30.5	32.9	41.3	36.3	35.6	4	100
11/02/2015 18:15	33.6	33.8	40.6	32.8	35.2	4	100
11/02/2015 18:20	36	37.4	45.6	38.2	39.1	4	100
11/02/2015 18:25	39	41.1	49.8	41.4	42.5	4	100
11/02/2015 18:30	48.7	48.2	53.6	44.8	48.9	4	100
11/02/2015 18:35	56	54	57	48.2	53.9	4	100
11/02/2015 18:40	60	56.6	58.3	51.5	56.7	4	100
11/02/2015 18:45	62.2	58.4	57.6	54	58.2	4	100
11/02/2015 18:50	63	59.2	60.6	53.4	59.2	4	100
11/02/2015 18:55	62.1	58.5	61.4	54.4	59.1	4	100
11/02/2015 19:00	63.1	59.8	61.3	56.2	60.2	4	100
11/02/2015 19:05	61.8	58.8	60.5	54.3	58.9	4	100
11/02/2015 19:10	61.7	58.4	58.4	56.1	58.8	4	100
11/02/2015 19:15	62.4	59.2	61.2	57.2	60.1	4	100
11/02/2015 19:20	62.6	59.7	61.1	58.8	60.6	4	100
11/02/2015 19:25	62.6	59.1	58.3	58.2	59.7	4	100
11/02/2015 19:30	55.7	52.4	53	50.2	52.9	4	100
11/02/2015 19:35	55.7	53.2	53.5	50.1	53.2	4	100
11/02/2015 19:40	57.5	55.2	56.3	49.8	54.9	4	100
11/02/2015 19:45	59.9	58.2	56.9	51.4	56.9	4	100
11/02/2015 19:50	62.2	59.8	60.2	49.9	58.3	4	100
11/02/2015 19:55	63.9	61.5	59.8	53	59.8	4	100
11/02/2015 20:00	63.3	61.4	62.1	53.9	60.3	4	100
11/02/2015 20:05	64.7	61.7	62.2	55	61.2	4	100
11/02/2015 20:10	65.2	62.4	64.3	51.9	61.3	4	100
11/02/2015 20:15	65.8	62.3	60.4	54.2	61.1	4	100
11/02/2015 20:20	67.2	63.4	63	56	62.9	4	100
11/02/2015 20:25	69	66.4	61.7	58.6	64.5	4	100
11/02/2015 20:30	69.6	67.2	63.4	59.5	65.6	4	100
11/02/2015 20:35	71	67.6	65.7	59.8	66.3	4	100
11/02/2015 20:40	71.3	67.4	65.7	57.3	66.2	4	100
11/02/2015 20:45	71	67.6	61.3	60.3	65.9	4	100
11/02/2015 20:50	71.9	68.2	65	59.8	66.6	4	100
11/02/2015 20:55	71.3	67.2	62.8	56.9	65.2	4	100
11/02/2015 21:00	72.6	69.1	59.7	57.8	65.8	4	100
11/02/2015 21:05	73.9	71	63.5	56.7	67.3	4	100
11/02/2015 21:10	73.2	70.4	65.3	55.3	66.8	4	100
11/02/2015 21:15	73.2	70.7	65.3	56.6	66.8	4	100
11/02/2015 21:20	73.8	69.8	67.3	57.4	67.1	4	100
11/02/2015 21:25	74.7	70.9	64.4	54.6	67.2	4	100
11/02/2015 21:30	74.9	70.8	67.4	59.3	68.6	4	100
11/02/2015 21:35	75	71.8	64.2	65.7	70.2	4	100
11/02/2015 21:40	74.7	71.7	66.2	63.1	69.7	4	100
11/02/2015 21:45	74.8	71.1	66.6	63.5	69.9	4	100
11/02/2015 21:50	74.7	71.1	66.7	58.5	68.7	4	100
11/02/2015 21:55	75.8	70.3	70.4	57.6	68.6	4	100
11/02/2015 22:00	75.7	71.1	70.4	63.4	70.5	4	100
11/02/2015 22:05	75.7	70.9	68.7	62.5	70.2	4	100
11/02/2015 22:10	74.3	71.9	70	64.5	70.6	4	100
11/02/2015 22:15	74.2	71.1	72.4	63.8	70.5	4	100
11/02/2015 22:20	74	69.9	71.4	63.6	69.6	4	100
11/02/2015 22:25	73.6	70.5	68.5	60.2	68.6	4	100
11/02/2015 22:30	73.9	70.3	68.3	61.3	68.9	4	100
11/02/2015 22:35	74.7	70.4	66.6	58	68.3	4	100
11/02/2015 22:40	74.6	71.4	68.1	58.1	68.4	4	100
11/02/2015 22:45	75.5	71.5	68.9	63.1	70.1	4	100
11/02/2015 22:50	75.3	70.9	68.4	59.4	69	4	100
11/02/2015 22:55	74.9	71.4	65.1	58.8	67.7	4	100
11/02/2015 23:00	73.5	70.2	68.9	60.8	68.6	4	100
11/02/2015 23:05	74.4	70.2	64.1	67.6	69.8	4	100
11/02/2015 23:10	73.9	70.6	66.8	65.9	69.5	4	100
11/02/2015 23:15	74.3	69.8	62.6	61.8	67.8	4	100
11/02/2015 23:20	74.6	70.9	65.4	63.8	69	4	100
11/02/2015 23:25	74.9	71	67.8	62.2	69.1	4	100
11/02/2015 23:30	74.9	71	66.8	60.7	68.8	4	100
11/02/2015 23:35	74.7	71.1	65.2	59	68.4	4	100
11/02/2015 23:40	75	71.1	61.1	61.1	67.8	4	100
11/02/2015 23:45	75.4	71.5	64	64.2	69.5	4	100
11/02/2015 23:50	74.8	71.7	66.2	60.3	68.3	4	100
11/02/2015 23:55	74.8	70	67.7	63.4	68.4	4	100
11/03/2015 00:00	74.8	71	67.4	62.8	69.2	4	100
11/03/2015 00:05	74.7	71.1	62.2	65.1	68.6	4	100
11/03/2015 00:10	74.7	71.9	64.6	67.5	70.3	4	100
11/03/2015 00:15	75.1	71.6	67.1	65.7	70.3	4	100
11/03/2015 00:20	75.2	71	66.9	64.4	69.1	4	100
11/03/2015 00:25	74.8	70.8	67.8	68	70.4	4	100
11/03/2015 00:30	75	71.6	68.3	67.2	70.4	4	100
11/03/2015 00:35	74.4	71.2	66.9	60.5	68.2	4	100
11/03/2015 00:40	74.6	71.8	65.9	61	68.9	4	100
11/03/2015 00:45	74.6	71.6	66.7	62.8	69.6	4	100
11/03/2015 00:50	74.6	71.6	67.6	62	68.8	4	100
11/03/2015 00:55	74.9	71.4	64.5	64.2	68.3	4	100
11/03/2015 01:00	74.9	71.5	66.5	61.9	68.3	4	100
11/03/2015 01:05	74.9	71.3	65.7	62.9	68.2	4	100
11/03/2015 01:10	74.7	70	67	59.2	67.5	4	100
11/03/2015 01:15	74.8	70.6	67.5	61.8	67.7	4	100
11/03/2015 01:20	74.9	70.9	66.8	62.5	68.5	4	100
11/03/2015 01:25	75	71.1	64.6	64.2	67.9	4	100
11/03/2015 01:30	74.9	71.1	65.2	64.5	67.8	4	100
11/03/2015 01:35	74.9	71.2	65.4	64.9	69.1	4	100
11/03/2015 01:40	74.8	71.1	66.8	65.3	69.2	4	100
11/03/2015 01:45	74.9	71.3	67.2	63	68.7	4	100
11/03/2015 01:50	74.9	71.1	67.3	63.6	69.3	4	100
11/03/2015 01:55	74.7	71.1	66	64.7	68.7	4	100
11/03/2015 02:00	74.7	71.1	66.2	62.9	68.3	4	100
11/03/2015 02:05	74.8	71	67.1	62.5	68.8	4	100
11/03/2015 02:10	74.8	71	67.4	61.3	68.3	4	100
11/03/2015 02:15	74.8	70.9	67.9	60	67.3	4	100
11/03/2015 02:20	74.7	71	64.6	60.4	66.3	4	100
11/03/2015 02:25	74.7	71.1	66.1	62.6	67.4	4	100
11/03/2015 02:30	74.7	70.8	66.7	61.5	67.6	4	100
11/03/2015 02:35	74.8	70.8	66.6	61.5	67.8	4	100
11/03/2015 02:40	74.8	70.9	65	62.3	67.6	4	100
11/03/2015 02:45	74.8	71.1	67	61.1	67.5	4	100
11/03/2015 02:50	75	70.9	67.9	62.4	68.6	4	100
11/03/2015 02:55	74.9	70.9	68.1	62.3	67.1	4	100
11/03/2015 03:00	74.8	70.9	68.1	58.3	65.9	4	100
11/03/2015 03:05	75.2	71	67.8	58.8	66.4	4	100
11/03/2015 03:10	75.1	70.8	68.2	59.6	68.2	4	100
11/03/2015 03:15	74.9	70.8	67.5	61.3	68	4	100
11/03/2015 03:20	74.9	70.9	68.2	61.8	67.9	4	100
11/03/2015 03:25	74.8	70.9	68.2	62.1	67.4	4	100
11/03/2015 03:30	74.7	70.9	68.1	61.7	67.8	4	100
11/03/2015 03:35	74.7	71.2	67.5	62.1	67.3	4	100
11/03/2015 03:40	74.7	71.2	67.2	61.8	67.4	4	100
11/03/2015 03:45	74.7	70.9	62.1	62.9	66.3	4	100
11/03/2015 03:50	74.8	71	65	63.2	67.9	4	100
11/03/2015 03:55	74.7	70.8	62.9	61.5	66.8	4	100
11/03/2015 04:00	74.8	71.2	62.6	62	67.4	4	100
11/03/2015 04:05	74.9	71.3	65.5	62.1	67.7	4	100
11/03/2015 04:10	74.8	71.5	66	61.3	67.1	4	100
11/03/2015 04:15	74.7	71.7	65.1	63.8	68.4	4	100
11/03/2015 04:20	74.8	70.4	63.7	61.3	67.6	4	100
11/03/2015 04:25	74.9	70.8	66	60.8	67.5	4	100
11/03/2015 04:30	74.8	71.1	66.5	62	68.7	4	100
11/03/2015 04:35	74.8	71.1	65.9	63.7	68.8	4	100
11/03/2015 04:40	74.7	71.5	65.4	58.2	68.3	4	100
11/03/2015 04:45	74.8	71.3	67.9	67.1	70.2	4	100
11/03/2015 04:50	75	71.2	69.2	63.8	70.1	4	100
11/03/2015 04:55	74.5	69.8	70.3	63.7	69.3	4	100
11/03/2015 05:00	74.5	72	66.8	61.5	69.2	4	100
11/03/2015 05:05	74.4	72	63.3	64.2	69.2	4	100
11/03/2015 05:10	74.2	73.6	63.9	63.9	70	4	100
11/03/2015 05:15	74.9	73.1	65.7	57.5	68.8	4	100
11/03/2015 05:20	76.1	74.1	67.1	62.1	70.6	4	100
11/03/2015 05:25	75.9	73.9	68.5	59.7	70.4	4	100
11/03/2015 05:30	75.5	73.2	69.9	59.1	70.2	4	100
11/03/2015 05:35	74.3	72	65.8	60.7	69	4	100
11/03/2015 05:40	75.8	73.2	63.4	64.3	70.6	4	100
11/03/2015 05:45	75.2	72.4	65.4	58.2	69.5	4	100
11/03/2015 05:50	75.8	71.2	71.7	62.7	70.7	4	100
11/03/2015 05:55	75.7	71.3	64.1	62.7	70.1	4	100
11/03/2015 06:00	75.1	70.7	65	64.6	70.4	4	100
11/03/2015 06:05	74.9	69.5	68.2	64.3	69.9	4	100
11/03/2015 06:10	74.8	71.1	72.3	63.6	70.7	4	100
11/03/2015 06:15	75.7	71.6	77.2	61.9	71.7	4	100
11/03/2015 06:20	76.2	72.7	75.3	63	72	4	100
11/03/2015 06:25	75.7	72.1	68.9	60.6	70.3	4	100
11/03/2015 06:30	74.6	71.6	70.8	61.1	69.8	4	100
11/03/2015 06:35	75.9	73.2	67.7	67.8	72	4	100
11/03/2015 06:40	75.2	72.6	68	68.1	71.8	4	100
11/03/2015 06:45	76.2	71.5	70.1	67.2	71.8	4	100
11/03/2015 06:50	75.4	70.5	69.6	67.4	71.2	4	100
11/03/2015 06:55	74.7	70.5	69.4	65.7	70.7	4	100
11/03/2015 07:00	75.2	70.2	69	62.9	69.8	4	100
11/03/2015 07:05	74	69.6	67.5	61.9	69	4	100
11/03/2015 07:10	73.5	69.9	69.8	61.3	69.1	4	100
11/03/2015 07:15	72.9	69.4	66.2	62.9	68.5	4	100
11/03/2015 07:20	72.8	70	68.9	62.6	69	4	100
11/03/2015 07:25	71.6	69	67.8	63.4	68.3	4	100
11/03/2015 07:30	71.3	68	68.6	61.6	67.7	4	100
11/03/2015 07:35	71.4	66.9	64.3	61	66.7	4	100
11/03/2015 07:40	71.1	67.1	61.8	59.9	65.9	4	100
11/03/2015 07:45	70.3	67.1	62.9	58.6	65.3	4	100
11/03/2015 07:50	69.8	66.1	61.9	59.6	65.2	4	100
11/03/2015 07:55	70.9	67.4	63.4	58.8	65.8	4	100
11/03/2015 08:00	71.6	68.2	64.3	62.4	67.2	4	100
11/03/2015 08:05	71	66.7	64	61	66.2	4	100
11/03/2015 08:10	70.8	66.4	63.7	60.4	66.1	4	100
11/03/2015 08:15	70.4	65.7	65.4	61.6	66.1	4	100
11/03/2015 08:20	70	65.2	61.5	60.8	65	4	100
11/03/2015 08:25	70.9	66.9	65.4	62.6	67	4	100
11/03/2015 08:30	70.8	67.4	63.7	60.9	66.2	4	100
11/03/2015 08:35	69.8	67.1	63.6	61.1	65.9	4	100
11/03/2015 08:40	69.4	67.3	64	58.8	65.5	4	100
11/03/2015 08:45	68.7	66.1	61.5	57.4	64.1	4	100
11/03/2015 08:50	69.6	66.9	62.8	57.2	64.9	4	100
11/03/2015 08:55	70.1	66.4	62.7	57.3	64.6	4	100
11/03/2015 09:00	71.5	66.8	61.1	58.3	65.4	4	100
11/03/2015 09:05	71.9	68.1	62.1	58.2	65.9	4	100
11/03/2015 09:10	72.9	67.4	62.7	61.4	67	4	100
11/03/2015 09:15	73.5	68.6	61.2	61.9	67.5	4	100
11/03/2015 09:20	73.2	68.6	62.4	59.4	67.1	4	100
11/03/2015 09:25	72.3	68.9	61.1	58.2	66.1	4	100
11/03/2015 09:30	72.7	69.7	60.6	56.2	66.1	4	100
11/03/2015 09:35	72.9	70	62	59.7	67.2	4	100
11/03/2015 09:40	74	68.4	62.3	57.8	66.3	4	100
11/03/2015 09:45	73.1	67.7	61.3	58.3	65.6	4	100
11/03/2015 09:50	72.3	68.3	63.2	59.9	67	4	100
11/03/2015 09:55	72.5	69	59.5	61.4	66.6	4	100
11/03/2015 10:00	74.1	69.6	59.9	59.3	67.2	4	100
11/03/2015 10:05	75.1	68.4	59.6	57.9	66.5	4	100
11/03/2015 10:10	74.6	68	59.5	58.4	66.1	4	100
11/03/2015 10:15	75.3	68.2	57.9	57.9	66.2	4	100
11/03/2015 10:20	75.6	67.3	60.3	57	66.1	4	100
11/03/2015 10:25	75.2	66.6	65	54.1	66.3	4	100
11/03/2015 10:30	74.9	66.6	62.9	54.9	65.5	4	100
11/03/2015 10:35	74.7	65.6	59.6	51.7	64.3	4	100
11/03/2015 10:40	75.6	66.9	58.2	51.5	64.4	4	100
11/03/2015 10:45	74.8	67.3	59.1	52.4	64.8	4	100
11/03/2015 10:50	74	66.3	58.2	47.9	63	4	100
11/03/2015 10:55	73.6	66	60.1	48.5	63.2	4	100
11/03/2015 11:00	75	65.3	57.3	48	62.9	4	100
11/03/2015 11:05	76.1	66.3	55.1	49.9	63.8	4	100
11/03/2015 11:10	76.7	66.8	58.1	51.8	64.3	4	100
11/03/2015 11:15	75.6	67.4	57.1	51.8	64.4	4	100
11/03/2015 11:20	75.6	67.5	58	51.8	64.2	4	100
11/03/2015 11:25	76.2	67.2	54.3	51.3	63.8	4	100
11/03/2015 11:30	74.9	65.9	53.9	50.4	63.3	4	100
11/03/2015 11:35	72.7	64.8	53.7	50.4	62	4	100
11/03/2015 11:40	74.1	64.9	54.4	49.6	62.9	4	100
11/03/2015 11:45	73.6	64.8	56.5	48.7	62.3	4	100
11/03/2015 11:50	73.2	66	54.7	49.4	62	4	100
11/03/2015 11:55	73.5	65.5	52.7	47.4	61.6	4	100
11/03/2015 12:00	73.5	65	51.8	47.4	61.5	4	100
11/03/2015 12:05	75.6	65.7	55.7	48	63.2	4	100
11/03/2015 12:10	75.1	65.2	60.1	47.1	63.3	4	100
11/03/2015 12:15	74.7	65.2	60	48.2	63.2	4	100
11/03/2015 12:20	74.4	65.1	55.2	52.3	63.4	4	100
11/03/2015 12:25	73.2	64.4	58.3	50.7	63.2	4	100
11/03/2015 12:30	74.3	64.3	56.2	51.4	63	4	100
11/03/2015 12:35	73.6	64.9	57.6	53.1	64.3	4	100
11/03/2015 12:40	74.5	64.4	56.5	52.4	63.2	4	100
11/03/2015 12:45	73.8	64.7	60.4	56	64.8	4	100
11/03/2015 12:50	73.2	64.2	56.6	50.9	62.5	4	100
11/03/2015 12:55	73.1	64.2	55.9	50.8	62.6	4	100
11/03/2015 13:00	74.7	65	59.8	49.6	63.8	4	100
11/03/2015 13:05	75.3	65.9	60.1	52.1	64.2	4	100
11/03/2015 13:10	75	65.1	58.5	53.1	64.4	4	100
11/03/2015 13:15	75.6	65.5	60	53.6	64.9	4	100
11/03/2015 13:20	75.9	65.5	59.1	52.5	64.5	4	100
11/03/2015 13:25	75.8	65.3	60.4	51.5	65	4	100
11/03/2015 13:30	75.9	64.3	58.6	52.5	64.2	4	100
11/03/2015 13:35	74.8	63.9	59.7	52.2	64.2	4	100
11/03/2015 13:40	74.7	64.3	59.9	52	64.4	4	100
11/03/2015 13:45	74	64	60.1	53	64.1	4	100
11/03/2015 13:50	74.3	64.5	61.3	51.5	63.9	4	100
11/03/2015 13:55	74.7	63.9	58.4	50.9	63.7	4	100
11/03/2015 14:00	70.4	63.5	58	53.2	62.5	4	100
11/03/2015 14:05	68.9	63.3	60.8	53.4	62.6	4	100
11/03/2015 14:10	68.1	63.2	56.9	52.2	60.9	4	100
11/03/2015 14:15	66.9	61.9	60.5	52.7	61.3	4	100
11/03/2015 14:20	66.1	61.7	61.4	51.1	60.8	4	100
11/03/2015 14:25	65.3	61.6	59.8	52.8	60.5	4	100
11/03/2015 14:30	64.6	61.2	60.1	53.2	60.3	4	100
11/03/2015 14:35	64.9	61.9	60.7	53.7	60.8	4	100
11/03/2015 14:40	62.2	59.9	58.5	51.9	58.6	4	100
11/03/2015 14:45	62.1	58.5	57.6	50.2	57.4	4	100
11/03/2015 14:50	62.3	59.4	57.9	52.6	58.4	4	100
11/03/2015 14:55	63.2	60.7	57.5	54.6	59.2	4	100
11/03/2015 15:00	63.8	60.9	58.5	53	59.6	4	100
11/03/2015 15:05	63	60.4	56.2	54.7	59	4	100
11/03/2015 15:10	46.2	50.7	52.5	49.7	49.6	4	100
11/03/2015 15:15	50.9	52.6	53.1	46.6	50.9	4	100
11/03/2015 15:20	34.4	35.3	44.3	39.8	38.5	4	100
11/03/2015 15:25	25.3	25.9	34.9	30.3	29.1	4	100
11/03/2015 15:30	28	27.4	34	28.2	29.4	4	100
11/03/2015 15:35	33.7	33.2	36.2	30.6	33.4	4	100
11/03/2015 15:40	22.3	24.4	28.1	22.2	24.4	4	100
11/03/2015 15:45	27	29	34.1	26.9	29.3	4	100
11/03/2015 15:50	20.6	24.5	31.4	21.4	24.8	4	100
11/03/2015 15:55	26.2	31.2	37.6	29.4	30.9	4	100
11/03/2015 16:00	27.4	31.4	39.8	32.6	32.7	4	100
11/03/2015 16:05	33.7	35	43.1	37.3	37.2	4	100
11/03/2015 16:10	28.8	31.1	43.5	35.1	34.7	4	100
11/03/2015 16:15	24.9	25.2	35.2	27.2	28.2	4	100
11/03/2015 16:20	31	31	37.5	32.2	32.8	4	100
11/03/2015 16:25	26.7	27.5	37.3	30.4	30.6	4	100
11/03/2015 16:30	28.8	28.4	35.7	31.9	31.2	4	100
11/03/2015 16:35	20.8	21.3	27	22.9	23	4	100
11/03/2015 16:40	15.7	16.3	24	16.2	18.3	4	100
11/03/2015 16:45	16.7	18.4	26.8	17.8	20	4	100
11/03/2015 16:50	17.8	20.1	27.1	21.4	21.7	4	100
11/03/2015 16:55	23.3	25.3	29.9	25.5	26.1	4	100
11/03/2015 17:00	26.6	28.7	33	29.6	29.4	4	100
11/03/2015 17:05	21.4	23	32.8	23.9	25.4	4	100
11/03/2015 17:10	19.5	18.6	29.3	21.6	22.4	4	100
11/03/2015 17:15	15.1	14.4	22	15.9	16.9	4	100
11/03/2015 17:20	14	14.9	21.4	15.4	16.5	4	100
11/03/2015 17:25	18.5	18.6	24.4	19.3	20.2	4	100
11/03/2015 17:30	20.5	22	31.6	25.2	24.9	4	100
11/03/2015 17:35	15.7	17.5	27.4	20.1	20.5	4	100
11/03/2015 17:40	15.5	18.2	26.2	17.4	19.5	4	100
11/03/2015 17:45	13.7	14.6	23.6	14.3	16.8	4	100
11/03/2015 17:50	14.1	15.6	25.6	17.1	18.3	4	100
11/03/2015 17:55	13.5	14.2	24.2	17.5	17.7	4	100
11/03/2015 18:00	11.6	11.6	19.2	12.5	13.9	4	100
11/03/2015 18:05	13	12.2	21.3	12.1	15	4	100
11/03/2015 18:10	26.1	24.7	31.3	23.7	26.6	4	100
11/03/2015 18:15	29.8	29.4	36.8	27.3	30.9	4	100
11/03/2015 18:20	25	28.8	36.8	25.1	29.2	4	100
11/03/2015 18:25	24.6	26.1	30.6	19.4	25.3	4	100
11/03/2015 18:30	24.5	24.4	32.1	20.9	25.6	4	100
11/03/2015 18:35	25	26.1	34.8	23.4	27.4	4	100
11/03/2015 18:40	22.2	20.2	30.3	19.8	23.5	4	100
11/03/2015 18:45	21.2	16.8	23.9	15.3	19.4	4	100
11/03/2015 18:50	30.3	22.5	27.4	16.9	24.4	4	100
11/03/2015 18:55	42.5	37.7	42.3	35.3	39.5	4	100
11/03/2015 19:00	33.1	30.7	40.2	32.3	34.1	4	100
11/03/2015 19:05	22.7	22.3	30	23.2	24.6	4	100
11/03/2015 19:10	26.5	26.8	33.7	26.7	28.4	4	100
11/03/2015 19:15	40.2	39.1	45.9	37.4	40.4	4	100
11/03/2015 19:20	51.2	48.9	50.5	44.5	48.9	4	100
11/03/2015 19:25	57.2	54.5	54.7	51.3	54.5	4	100
11/03/2015 19:30	58.4	56.5	56.2	53.8	56.3	4	100
11/03/2015 19:35	60.4	59.4	59.9	56.2	59	4	100
11/03/2015 19:40	62.2	60.4	63.9	59.8	61.5	4	100
11/03/2015 19:45	62.8	60.6	61.8	54.6	60.1	4	100
11/03/2015 19:50	63.1	60.9	61.9	56.1	60.6	4	100
11/03/2015 19:55	62.4	60.5	60.5	55	59.8	4	100
11/03/2015 20:00	62.4	59.9	59.7	55.1	59.4	4	100
11/03/2015 20:05	62.9	60.3	60.4	57	60.3	4	100
11/03/2015 20:10	63.9	60.5	60.6	54	60.1	4	100
11/03/2015 20:15	64.1	61.1	60.9	54.5	60.3	4	100
11/03/2015 20:20	65.1	62.1	63.5	53.9	61.2	4	100
11/03/2015 20:25	66.1	62.6	64.4	53.9	61.9	4	100
11/03/2015 20:30	67.5	64.5	62.5	56.4	63.2	4	100
11/03/2015 20:35	69.8	65.9	60.7	60.2	64.8	4	100
11/03/2015 20:40	70.6	66.9	61.3	60.2	65.6	4	100
11/03/2015 20:45	69.9	66.7	66.1	56.3	65.3	4	100
11/03/2015 20:50	69.6	67.2	66.8	56.6	65.6	4	100
11/03/2015 20:55	69.9	67	68.4	53.9	65.4	4	100
11/03/2015 21:00	72.2	67.9	70.4	57.9	67.1	4	100
11/03/2015 21:05	72.7	68.6	64.5	57.4	66.7	4	100
11/03/2015 21:10	72.8	69.4	66.8	61.2	67.8	4	100
11/03/2015 21:15	73.6	71.2	67	65.8	69.8	4	100
11/03/2015 21:20	74.4	71	65.3	63	69.2	4	100
11/03/2015 21:25	74.2	70.4	64.5	62.5	68.6	4	100
11/03/2015 21:30	74.4	71.2	66.7	61.6	69.2	4	100
11/03/2015 21:35	75	71.8	68.7	63.6	70.5	4	100
11/03/2015 21:40	75.3	71.4	68.3	59.4	69.3	4	100
11/03/2015 21:45	75	71.8	70	62.5	70.4	4	100
11/03/2015 21:50	74.4	72	64	62.7	69	4	100
11/03/2015 21:55	75.4	70.5	61.1	62.7	69	4	100
11/03/2015 22:00	73.2	70.7	64.4	60.7	68.2	4	100
11/03/2015 22:05	73.5	70.4	67.5	59	68.1	4	100
11/03/2015 22:10	73.3	70	67	61.7	68.7	4	100
11/03/2015 22:15	72.8	69.8	68.7	61.6	68.6	4	100
11/03/2015 22:20	72.9	70.6	66.4	65.5	69.5	4	100
11/03/2015 22:25	73.5	71	66.3	62.9	69.3	4	100
11/03/2015 22:30	74	71.4	64.8	63.9	69	4	100
11/03/2015 22:35	73.8	70.9	67.4	61.5	68.7	4	100
11/03/2015 22:40	73.9	71.1	61.5	59.9	67.3	4	100
11/03/2015 22:45	75.7	72.8	64.7	66.6	70.9	4	100
11/03/2015 22:50	75.2	72.9	63.2	66.7	70.4	4	100
11/03/2015 22:55	75.9	72.8	62	67	70.7	4	100
11/03/2015 23:00	74.4	71.9	66.8	61.5	69.2	4	100
11/03/2015 23:05	74.5	70.2	66.5	66.8	69.8	4	100
11/03/2015 23:10	75.8	69.7	69.6	62.1	69.4	4	100
11/03/2015 23:15	74.4	70.3	70.8	63.7	69.6	4	100
11/03/2015 23:20	74.2	70.5	70.9	66.5	70.4	4	100
11/03/2015 23:25	75.1	70	71.9	63.5	69.9	4	100
11/03/2015 23:30	75.1	70.4	69.3	63.6	69.7	4	100
11/03/2015 23:35	74.9	71.1	67.1	61.2	68.7	4	100
11/03/2015 23:40	75.3	71.2	62.7	58.3	67.6	4	100
11/03/2015 23:45	75.1	71.7	64	58.5	68.7	4	100
11/03/2015 23:50	75.6	70.4	65.6	56.5	67.7	4	100
11/03/2015 23:55	75.5	69.5	68.3	52.5	66.7	4	100
11/04/2015 00:00	74.8	71	67.4	62.8	69.5	4	100
11/04/2015 00:05	74.3	70.7	67.4	61.3	68.8	4	100
11/04/2015 00:10	74.5	70	66.8	60.6	68.3	4	100
11/04/2015 00:15	74.7	70.8	67	54.7	66.7	4	100
11/04/2015 00:20	75.2	71	65.5	58.8	67.3	4	100
11/04/2015 00:25	74.9	71.5	66	63	69.2	4	100
11/04/2015 00:30	74.7	71.8	67.3	67.3	70.4	4	100
11/04/2015 00:35	74	70.1	66.5	62.7	68.7	4	100
11/04/2015 00:40	74.4	70.5	66.3	61.9	68.3	4	100
11/04/2015 00:45	74.3	70.6	67.5	61.5	68.6	4	100
11/04/2015 00:50	74.8	70.7	65.3	63.9	68.7	4	100
11/04/2015 00:55	75.1	70.7	66.2	56.7	67.5	4	100
11/04/2015 01:00	75	70.7	66.3	58.2	67.1	4	100
11/04/2015 01:05	75	71	65.7	55.6	65.1	4	100
11/04/2015 01:10	75.1	71	67.3	59.2	66.7	4	100
11/04/2015 01:15	74.9	71	67.3	61.6	68.5	4	100
11/04/2015 01:20	74.8	70.6	66.6	63.3	68.5	4	100
11/04/2015 01:25	74.5	70.6	67.1	63.6	68.6	4	100
11/04/2015 01:30	74.8	70.6	67.5	60.9	69.1	4	100
11/04/2015 01:35	74.9	70.6	64.6	61.3	68.2	4	100
11/04/2015 01:40	74.7	70.6	66	57.9	66.5	4	100
11/04/2015 01:45	74.7	70.7	66.3	60	67.2	4	100
11/04/2015 01:50	74.8	70.6	65.9	55.1	65.7	4	100
11/04/2015 01:55	74.8	70.9	66.6	55.9	66.4	4	100
11/04/2015 02:00	74.8	71.1	66.8	56.7	65.4	4	100
11/04/2015 02:05	74.8	70.9	67	59.6	67.5	4	100
11/04/2015 02:10	74.8	71	67	58.1	67.8	4	100
11/04/2015 02:15	74.8	71	66.1	58	64.5	4	100
11/04/2015 02:20	74.7	71.1	67.6	60.8	67.5	4	100
11/04/2015 02:25	74.8	71.1	67.2	61.9	67.1	4	100
11/04/2015 02:30	75	71	67.4	60.5	67	4	100
11/04/2015 02:35	74.9	70.9	68	61	68.1	4	100
11/04/2015 02:40	74.9	71.2	68	62.1	68.5	4	100
11/04/2015 02:45	74.9	71.4	66.7	62.6	69.3	4	100
11/04/2015 02:50	74.8	71.1	67.2	63.2	68.1	4	100
11/04/2015 02:55	74.9	71.1	66.2	63.2	68.1	4	100
11/04/2015 03:00	74.8	71	66.8	62.6	67.9	4	100
11/04/2015 03:05	74.9	71.1	67.2	62.3	67.1	4	100
11/04/2015 03:10	74.9	71	67.2	53.8	63.9	4	100
11/04/2015 03:15	74.9	71	62.6	55.6	64	4	100
11/04/2015 03:20	74.8	71	64.4	56	64.5	4	100
11/04/2015 03:25	74.8	70.9	64.7	59.8	64.7	4	100
11/04/2015 03:30	74.8	71.2	64.9	59.3	65.2	4	100
11/04/2015 03:35	74.7	71.1	66.2	61	67.2	4	100
11/04/2015 03:40	74.7	71.2	65.5	60.5	67.4	4	100
11/04/2015 03:45	74.6	71	65.3	62.8	67.9	4	100
11/04/2015 03:50	74.6	71.2	65	61.6	67.5	4	100
11/04/2015 03:55	74.7	71.3	65.6	62.7	68.3	4	100
11/04/2015 04:00	74.8	71.1	64.7	60.2	66.6	4	100
11/04/2015 04:05	74.9	71	65.6	60.3	66.7	4	100
11/04/2015 04:10	74.8	70.5	66	59.9	67.5	4	100
11/04/2015 04:15	74.8	70.7	65.5	59.3	67.1	4	100
11/04/2015 04:20	74.7	71	62.2	62.4	67.6	4	100
11/04/2015 04:25	75	70.8	63.3	59.9	66.7	4	100
11/04/2015 04:30	75	70.6	66.9	53.7	65.8	4	100
11/04/2015 04:35	75.1	71.5	66.5	55.4	67.1	4	100
11/04/2015 04:40	75.4	72.3	65.7	62.9	69.9	4	100
11/04/2015 04:45	75.3	71.3	66.7	67.3	70.2	4	100
11/04/2015 04:50	75.4	71.3	68.2	66.8	70.3	4	100
11/04/2015 04:55	75.2	71.4	69.3	62.4	70.1	4	100
11/04/2015 05:00	75.4	71.7	69.2	54.4	67.3	4	100
11/04/2015 05:05	75.6	72.4	66.5	52.4	66.7	4	100
11/04/2015 05:10	75.3	71.8	66.7	55.5	67.2	4	100
11/04/2015 05:15	74.9	70.8	67	55.2	67.5	4	100
11/04/2015 05:20	74.7	71.3	67.5	56.9	68.4	4	100
11/04/2015 05:25	74.2	70.6	67.1	58.7	68.3	4	100
11/04/2015 05:30	74.9	70.4	68.6	59.1	68.6	4	100
11/04/2015 05:35	74.2	71.5	65.6	59.6	68.8	4	100
11/04/2015 05:40	75.7	72.3	67	61.8	70.4	4	100
11/04/2015 05:45	75.7	71.7	71.9	60.1	70.3	4	100
11/04/2015 05:50	76	71.3	68.9	56.4	69.1	4	100
11/04/2015 05:55	77	72.5	72.1	61.8	71.2	4	100
11/04/2015 06:00	76	71.8	65.6	59.4	70	4	100
11/04/2015 06:05	75.4	71.3	68.6	63.8	70.7	4	100
11/04/2015 06:10	75.2	71.1	65.8	61.3	69.3	4	100
11/04/2015 06:15	76.1	71.7	65.2	63.9	70.4	4	100
11/04/2015 06:20	76.8	73.1	64.5	65.2	71.3	4	100
11/04/2015 06:25	76.1	72.6	62.2	66.2	71	4	100
11/04/2015 06:30	75.8	71.6	63.2	64.3	70.2	4	100
11/04/2015 06:35	75.7	71.2	65.6	67.2	71	4	100
11/04/2015 06:40	74	69.2	66.2	62.8	68.8	4	100
11/04/2015 06:45	74.6	69.8	64.4	64.1	69.2	4	100
11/04/2015 06:50	74.1	69.8	67.5	61.9	68.9	4	100
11/04/2015 06:55	73.7	69.9	68.9	61.8	69.1	4	100
11/04/2015 07:00	74.2	70.3	67.1	62.1	69	4	100
11/04/2015 07:05	72.7	70.4	67.7	62	68.8	4	100
11/04/2015 07:10	73.9	70.5	68.8	64.7	69.8	4	100
11/04/2015 07:15	73.4	69.3	70	65.2	69.8	4	100
11/04/2015 07:20	74.3	70.4	68.2	64.5	69.9	4	100
11/04/2015 07:25	72.7	69.1	67.7	61.7	68.5	4	100
11/04/2015 07:30	72.3	67.7	64.5	61.3	67.1	4	100
11/04/2015 07:35	72.4	68.1	64.8	62.6	67.6	4	100
11/04/2015 07:40	71.8	68.3	66.5	60.1	67.3	4	100
11/04/2015 07:45	72.3	68.1	68.7	60.1	67.5	4	100
11/04/2015 07:50	71.3	67.1	67.3	58.4	66.5	4	100
11/04/2015 07:55	72	68	66.2	61.3	67.3	4	100
11/04/2015 08:00	71.4	68.5	65.1	63	67.6	4	100
11/04/2015 08:05	70.6	67.6	64.6	63.2	66.9	4	100
11/04/2015 08:10	71.2	67.6	63.9	62.7	66.9	4	100
11/04/2015 08:15	70.1	66.8	65.7	62.4	66.6	4	100
11/04/2015 08:20	70.2	67.5	63.6	63.2	66.7	4	100
11/04/2015 08:25	69.2	66.5	64.3	60.1	65.5	4	100
11/04/2015 08:30	69.4	67.2	63.1	59.9	65.5	4	100
11/04/2015 08:35	69.7	66.9	65.4	59.1	65.6	4	100
11/04/2015 08:40	70.2	67.1	64	59	65.6	4	100
11/04/2015 08:45	70.7	66.6	63.5	59	65.6	4	100
11/04/2015 08:50	70.8	67.3	65.6	63.5	67.1	4	100
11/04/2015 08:55	71.3	67.9	64.3	59.7	66.6	4	100
11/04/2015 09:00	72.2	67.1	61.8	59.9	66.3	4	100
11/04/2015 09:05	73	67.1	62.6	58.9	66.3	4	100
11/04/2015 09:10	72.6	67.6	61.8	60.2	66.3	4	100
11/04/2015 09:15	71.2	66.3	61	54.9	64.8	4	100
11/04/2015 09:20	72.9	68.5	64	57.3	66.9	4	100
11/04/2015 09:25	72.4	67.8	59.5	55.7	65.4	4	100
11/04/2015 09:30	73.3	68.4	61.4	56.9	66.4	4	100
11/04/2015 09:35	72.4	68	60.6	57.1	65.2	4	100
11/04/2015 09:40	72.9	68.3	62.2	59.6	66.6	4	100
11/04/2015 09:45	74.1	69.8	62.4	56.3	65.5	4	100
11/04/2015 09:50	72.9	69	63.9	58.4	67	4	100
11/04/2015 09:55	71.5	68.1	63.9	54.7	65.7	4	100
11/04/2015 10:00	70.9	68.2	61.2	56.4	65	4	100
11/04/2015 10:05	71.2	68.9	63.6	56.7	65.8	4	100
11/04/2015 10:10	71	69	63.2	56.5	65.3	4	100
11/04/2015 10:15	71.2	68.3	59.6	58	65.4	4	100
11/04/2015 10:20	72.1	68.6	61.2	53.5	65	4	100
11/04/2015 10:25	70.5	67.2	58.5	52.7	63.5	4	100
11/04/2015 10:30	71.1	67.6	59.4	53	63.5	4	100
11/04/2015 10:35	71.2	67.1	58	53.5	63.5	4	100
11/04/2015 10:40	71.7	67.5	57.2	52.1	63.8	4	100
11/04/2015 10:45	71.2	67.4	60	51.8	63.8	4	100
11/04/2015 10:50	71.4	65.1	61.6	49.2	63.2	4	100
11/04/2015 10:55	71.1	65.5	59.7	51.1	62.9	4	100
11/04/2015 11:00	72	65.4	54.7	48.8	61.6	4	100
11/04/2015 11:05	70.9	65.1	54.5	50.5	61.7	4	100
11/04/2015 11:10	71.2	65.2	53.1	48.3	61.1	4	100
11/04/2015 11:15	70.7	65.8	56.9	51.1	62.4	4	100
11/04/2015 11:20	70.6	65.4	54.5	52.4	62.1	4	100
11/04/2015 11:25	69.8	66.3	54.8	48.9	61.6	4	100
11/04/2015 11:30	69.9	66.8	53.6	53.6	62.3	4	100
11/04/2015 11:35	69.8	66.9	56.8	51.4	62.3	4	100
11/04/2015 11:40	70.7	66.2	54.8	50.5	62.1	4	100
11/04/2015 11:45	69.8	65.9	56.1	47.2	61.5	4	100
11/04/2015 11:50	69.3	64.1	56.6	48.5	60.7	4	100
11/04/2015 11:55	70.4	65.1	59.6	48	62.1	4	100
11/04/2015 12:00	69.9	64.8	59.7	49.4	61.9	4	100
11/04/2015 12:05	69	64.8	59.2	50.3	61.9	4	100
11/04/2015 12:10	67.3	64.1	61.5	52.8	62	4	100
11/04/2015 12:15	68.2	64.7	58.3	51.2	61.8	4	100
11/04/2015 12:20	68.6	64.8	59.1	51.9	62.2	4	100
11/04/2015 12:25	68.8	64.9	56.8	50.6	61.5	4	100
11/04/2015 12:30	68.8	65.9	54.3	52.7	61.7	4	100
11/04/2015 12:35	68.8	65.6	54.4	50.1	61.3	4	100
11/04/2015 12:40	68.7	65.2	53.9	49.7	60.5	4	100
11/04/2015 12:45	69.4	65.3	56.5	49.1	61.4	4	100
11/04/2015 12:50	69.8	65.1	59.8	47.9	61.6	4	100
11/04/2015 12:55	69.3	64.6	54.7	49.3	61	4	100
11/04/2015 13:00	69.4	64.1	56.8	50.8	61.2	4	100
11/04/2015 13:05	68.4	64.8	57	50.8	61.2	4	100
11/04/2015 13:10	69.1	65.8	59.7	52.2	62.7	4	100
11/04/2015 13:15	68.9	64.1	60.2	53.8	62.4	4	100
11/04/2015 13:20	67.2	62.5	59	52.1	61.1	4	100
11/04/2015 13:25	67.1	62.2	57.9	54.7	61.4	4	100
11/04/2015 13:30	64.2	60.7	57.1	52.4	59.2	4	100
11/04/2015 13:35	50.1	55.1	53.6	47.6	51.6	4	100
11/04/2015 13:40	39.8	47.6	49.8	44.3	44.9	4	100
11/04/2015 13:45	37.5	46.5	51.8	42.3	44	4	100
11/04/2015 13:50	51.3	54.8	58	51.7	53.5	4	100
11/04/2015 13:55	38.5	45.5	51.6	44.8	44.8	4	100
11/04/2015 14:00	33.4	36.6	46.5	34.6	37.7	4	100
11/04/2015 14:05	40.8	42.2	48.5	39.4	42.4	4	100
11/04/2015 14:10	39.2	42.7	50.5	39.2	42.5	4	100
11/04/2015 14:15	51.5	52.5	54.3	45.5	50.9	4	100
11/04/2015 14:20	47.4	41.3	52.1	45.4	46.2	4	100
11/04/2015 14:25	31.4	28.5	46.1	30.4	34.7	4	100
11/04/2015 14:30	21.5	21	33.3	20.3	24.2	4	100
11/04/2015 14:35	20.6	21.7	32.7	22.4	24.3	4	100
11/04/2015 14:40	24.9	24.6	34.9	23.7	26.9	4	100
11/04/2015 14:45	34.7	35.2	41.7	33.4	36	4	100
11/04/2015 14:50	47.1	45.9	50.4	42.1	46.3	4	100
11/04/2015 14:55	53.9	52.3	54.1	49.4	52.4	4	100
11/04/2015 15:00	44	49.3	50.6	45.1	47	4	100
11/04/2015 15:05	27.9	33.9	41.5	33.5	34.7	4	100
11/04/2015 15:10	24.8	26.3	35.3	24.1	27.9	4	100
11/04/2015 15:15	25	25.4	34.6	25.7	27.6	4	100
11/04/2015 15:20	21.3	21.7	34.8	25.7	25.9	4	100
11/04/2015 15:25	21.2	28.9	40.5	32.1	30.7	4	100
11/04/2015 15:30	24.3	29.2	41.5	31.6	31.8	4	100
11/04/2015 15:35	17.9	21.2	34.3	22.1	24.5	4	100
11/04/2015 15:40	22.7	27.1	36.6	26.3	28	4	100
11/04/2015 15:45	18.2	21.4	32.9	21.3	23.7	4	100
11/04/2015 15:50	15.5	17.8	27.4	17.5	19.7	4	100
11/04/2015 15:55	13	15.9	27.2	16.2	18.5	4	100
11/04/2015 16:00	10.9	12.2	19.7	11.9	13.7	4	100
11/04/2015 16:05	10.2	12	18.7	10.8	13.2	4	100
11/04/2015 16:10	15.9	16.5	22.2	16.7	17.9	4	100
11/04/2015 16:15	13.9	16.4	22.1	16.1	17.4	4	100
11/04/2015 16:20	15.3	19.4	24.7	17.5	19.3	4	100
11/04/2015 16:25	12.9	14.9	27.7	15.9	18.6	4	100
11/04/2015 16:30	13.9	14.3	28.1	14.7	18.1	4	100
11/04/2015 16:35	14.1	17.7	30.7	18.4	20.3	4	100
11/04/2015 16:40	14.3	16.4	29	16.6	19.6	4	100
11/04/2015 16:45	11	12.5	21.6	13.6	14.9	4	100
11/04/2015 16:50	10.1	13	18.3	11.1	13.3	4	100
11/04/2015 16:55	12.8	14.9	21.9	15.1	16.4	4	100
11/04/2015 17:00	13.2	14.2	24.1	15.3	16.9	4	100
11/04/2015 17:05	14.3	14.9	20.5	16.5	16.5	4	100
11/04/2015 17:10	13.7	15.4	25.4	18.9	18.7	4	100
11/04/2015 17:15	11.4	11.2	18.6	13.5	13.8	4	100
11/04/2015 17:20	15.6	15.8	20.8	16.7	17.2	4	100
11/04/2015 17:25	15.1	14.1	21.1	15.7	16.6	4	100
11/04/2015 17:30	14.1	14.7	19.2	13.4	15.5	4	100
11/04/2015 17:35	15.2	15	20.8	15.1	16.7	4	100
11/04/2015 17:40	17.8	15.2	22.3	15.3	17.7	4	100
11/04/2015 17:45	16.8	15.3	24.7	14.5	18	4	100
11/04/2015 17:50	15	13.5	24.5	13.8	17.2	4	100
11/04/2015 17:55	16.5	15.2	24.9	13.7	17.6	4	100
11/04/2015 18:00	18.8	16.6	24.7	16.7	19.4	4	100
11/04/2015 18:05	20.4	17	24.5	16.8	19.8	4	100
11/04/2015 18:10	16.6	14.8	22.9	16	17.9	4	100
11/04/2015 18:15	16.6	15.7	25	13.8	18.1	4	100
11/04/2015 18:20	15.7	14.6	28.4	13.3	18.5	4	100
11/04/2015 18:25	14.2	15.8	30.9	15	19.5	4	100
11/04/2015 18:30	18.6	17.2	31.5	19.4	21.8	4	100
11/04/2015 18:35	15.7	14.6	25.8	18.3	19.1	4	100
11/04/2015 18:40	15.3	14.9	21.7	15.5	16.8	4	100
11/04/2015 18:45	17.3	16.6	22.8	15.3	18.1	4	100
11/04/2015 18:50	21.3	19.6	24.8	17.2	20.8	4	100
11/04/2015 18:55	25.7	23.7	29.6	19.7	24.8	4	100
11/04/2015 19:00	30.2	30.4	39.6	29.7	32.2	4	100
11/04/2015 19:05	24.8	27.4	39.4	31.3	30.8	4	100
11/04/2015 19:10	21	21.3	33.5	23.2	25	4	100
11/04/2015 19:15	24.1	24.5	36	26.3	27.6	4	100
11/04/2015 19:20	21.9	21.3	35.8	23.3	25.7	4	100
11/04/2015 19:25	26.1	27.2	40.2	27.8	30.1	4	100
11/04/2015 19:30	23.2	25.1	42.9	32.2	31	4	100
11/04/2015 19:35	38.1	37.8	48	39	40.3	4	100
11/04/2015 19:40	47.6	47.6	54.6	47.1	48.7	4	100
11/04/2015 19:45	53.8	53.2	58	51.4	54	4	100
11/04/2015 19:50	58.8	56.7	61.4	54.6	57.7	4	100
11/04/2015 19:55	62	59	61.3	55.1	59.5	4	100
11/04/2015 20:00	63	59.6	60.5	56.2	60	4	100
11/04/2015 20:05	63.1	60.9	60.5	56.8	60.5	4	100
11/04/2015 20:10	64.3	62.9	62.7	53.4	61.2	4	100
11/04/2015 20:15	64.1	61.5	62.6	53.4	60.7	4	100
11/04/2015 20:20	65.6	62.7	66	57.8	63	4	100
11/04/2015 20:25	66.1	63.1	66.5	60.5	64	4	100
11/04/2015 20:30	67	63.8	66.5	59	64.1	4	100
11/04/2015 20:35	67.1	64.6	61.1	58.7	63.4	4	100
11/04/2015 20:40	68.3	65.7	61.3	57.4	63.8	4	100
11/04/2015 20:45	68.7	66.6	65.5	59.7	65.5	4	100
11/04/2015 20:50	68.7	66.3	58.9	56.4	63.3	4	100
11/04/2015 20:55	70	67.5	63.4	57.6	65.2	4	100
11/04/2015 21:00	72.2	69.3	63.6	63.2	67.6	4	100
11/04/2015 21:05	73.4	69.8	64.6	65.8	68.9	4	100
11/04/2015 21:10	73.9	70.9	66	62.9	68.9	4	100
11/04/2015 21:15	73.9	71.1	66.3	63.4	69.5	4	100
11/04/2015 21:20	74	71	71.1	63.4	70.1	4	100
11/04/2015 21:25	75.7	70.8	70.1	64.1	70.7	4	100
11/04/2015 21:30	74.9	71	70.5	64.9	70.7	4	100
11/04/2015 21:35	74.4	71.2	63.9	63.8	69.7	4	100
11/04/2015 21:40	74.3	70.6	66.4	69.6	70.8	4	100
11/04/2015 21:45	74.4	70.5	68.3	64.5	69.9	4	100
11/04/2015 21:50	74	70.4	72	62	69.6	4	100
11/04/2015 21:55	75.3	69.9	74.8	60.2	70	4	100
11/04/2015 22:00	75.6	70.4	69.6	61.9	69.9	4	100
11/04/2015 22:05	74.6	70.8	67.5	61.3	69	4	100
11/04/2015 22:10	74.7	71.6	67.1	63.9	70.3	4	100
11/04/2015 22:15	74.6	71	65.8	63.7	70	4	100
11/04/2015 22:20	75.1	71.4	68	60.5	69.5	4	100
11/04/2015 22:25	75.5	72	66.7	59.7	69.5	4	100
11/04/2015 22:30	76.2	72.6	68.7	58.9	69.4	4	100
11/04/2015 22:35	75.9	73.6	63.9	61.3	69.7	4	100
11/04/2015 22:40	76.5	73.2	65.8	58.1	69.8	4	100
11/04/2015 22:45	76.7	73.2	66	61.6	70	4	100
11/04/2015 22:50	77.1	74.1	63.6	65.4	71.5	4	100
11/04/2015 22:55	77	74.1	63.6	63.3	70.5	4	100
11/04/2015 23:00	75.5	72	64.5	65.3	70	4	100
11/04/2015 23:05	75.6	71.2	69.9	67.1	71.3	4	100
11/04/2015 23:10	75.3	70.1	66.2	62.2	69	4	100
11/04/2015 23:15	73.9	70.1	68.5	64.6	69.7	4	100
11/04/2015 23:20	74.1	70.8	68.8	66.2	70.3	4	100
11/04/2015 23:25	74	69.9	61.1	66.3	68.7	4	100
11/04/2015 23:30	74.7	70.4	62.3	59.8	67.3	4	100
11/04/2015 23:35	74.2	70.4	63.5	62.7	68.1	4	100
11/04/2015 23:40	74.1	71	66.8	64.8	69.5	4	100
11/04/2015 23:45	73.5	70.7	66.4	56.3	67.3	4	100
11/04/2015 23:50	73.5	71.4	64.9	59.3	68	4	100
11/04/2015 23:55	74.3	71.6	66.6	63.3	69.2	4	100
11/05/2015 00:00	74.8	71	67.4	62.8	69	4	100
11/05/2015 00:05	74.3	70.8	66.8	59.4	68.4	4	100
11/05/2015 00:10	74.4	71	65.4	60.8	67.9	4	100
11/05/2015 00:15	74.5	70.9	67.3	61	68.3	4	100
11/05/2015 00:20	74.7	71.1	67.9	60.7	69.2	4	100
11/05/2015 00:25	74.6	70.3	68.4	60.6	68.3	4	100
11/05/2015 00:30	74.2	71.1	66.6	55.7	67.4	4	100
11/05/2015 00:35	74.3	70.9	67.7	59.7	67.7	4	100
11/05/2015 00:40	74.4	71.2	66	57.1	68	4	100
11/05/2015 00:45	74.6	70.1	65.6	57.5	66	4	100
11/05/2015 00:50	75	70.9	67	61.1	68.2	4	100
11/05/2015 00:55	74.9	70.5	63.5	58	66.6	4	100
11/05/2015 01:00	74.9	70.9	65.7	56.7	66	4	100
11/05/2015 01:05	74.8	71	67.2	60.8	67.9	4	100
11/05/2015 01:10	74.7	71.2	67.8	61.6	68.7	4	100
11/05/2015 01:15	74.6	71	67	58.4	66.3	4	100
11/05/2015 01:20	74.6	70.9	65.6	62	67.9	4	100
11/05/2015 01:25	74.6	71.1	65.5	62.5	68.8	4	100
11/05/2015 01:30	74.6	71	65.8	58.2	67.2	4	100
11/05/2015 01:35	74.7	71.1	66.4	57.3	68.4	4	100
11/05/2015 01:40	74.3	70.7	64.6	59.6	68.4	4	100
11/05/2015 01:45	74.7	70.7	65.8	62.3	68.2	4	100
11/05/2015 01:50	74.7	70.8	66.4	61.7	67.9	4	100
11/05/2015 01:55	74.9	70.7	58.5	61.2	67.1	4	100
11/05/2015 02:00	74.9	70.8	63	60.4	66.9	4	100
11/05/2015 02:05	74.8	70.7	63.7	61.9	65.9	4	100
11/05/2015 02:10	74.9	70.5	65.9	62.6	67	4	100
11/05/2015 02:15	74.9	70.6	66.1	60.9	68.4	4	100
11/05/2015 02:20	74.9	70.7	66.1	58.9	66.8	4	100
11/05/2015 02:25	74.8	70.8	66.7	55.6	66	4	100
11/05/2015 02:30	74.7	71.2	67.4	59.3	66.4	4	100
11/05/2015 02:35	74.7	71.1	66.8	59.1	67.7	4	100
11/05/2015 02:40	74.8	70.9	67	59.9	66.7	4	100
11/05/2015 02:45	74.7	70.7	67.2	58.6	65	4	100
11/05/2015 02:50	74.7	70.8	66.3	59.1	67.6	4	100
11/05/2015 02:55	74.8	71.1	66.9	59.8	68.2	4	100
11/05/2015 03:00	74.8	71.1	67.5	60.5	67.2	4	100
11/05/2015 03:05	74.7	71.1	66.8	61.9	66.8	4	100
11/05/2015 03:10	74.7	71	66.8	55.7	64.5	4	100
11/05/2015 03:15	74.7	70.9	66.4	59	66.3	4	100
11/05/2015 03:20	74.7	71	60	59.4	65	4	100
11/05/2015 03:25	74.7	70.9	63.3	50.9	60.9	4	100
11/05/2015 03:30	74.8	70.9	65.4	52.9	64.6	4	100
11/05/2015 03:35	74.7	70.6	66.5	52.5	64.4	4	100
11/05/2015 03:40	74.6	70.8	64.7	58.4	66	4	100
11/05/2015 03:45	74.7	70.8	65.3	58.8	67	4	100
11/05/2015 03:50	74.6	70.7	65.1	58.6	66.2	4	100
11/05/2015 03:55	74.8	70.9	65.7	60.3	66.2	4	100
11/05/2015 04:00	74.6	71	64.9	62	67.5	4	100
11/05/2015 04:05	74.7	70.9	64.2	61.5	67.5	4	100
11/05/2015 04:10	74.6	70.9	65.9	62.6	67.6	4	100
11/05/2015 04:15	74.7	71	64.1	60.5	66.5	4	100
11/05/2015 04:20	74.8	71	64.7	62.9	68.2	4	100
11/05/2015 04:25	74.9	70.6	65.9	57.7	66.1	4	100
11/05/2015 04:30	74.9	70.4	67.6	66	69.3	4	100
11/05/2015 04:35	75.3	71.2	67.1	63.8	69.9	4	100
11/05/2015 04:40	74.6	70.6	69.2	57.2	67.2	4	100
11/05/2015 04:45	74.7	71.4	68.7	61.7	68.9	4	100
11/05/2015 04:50	75	72	67.1	66.9	70.6	4	100
11/05/2015 04:55	75.6	71.3	67.7	68.3	71.2	4	100
11/05/2015 05:00	75	72.7	66.1	63	70.1	4	100
11/05/2015 05:05	74.8	71	64.5	61.3	68.6	4	100
11/05/2015 05:10	75.5	69.8	66	63.3	69.2	4	100
11/05/2015 05:15	76.1	71.4	65.6	63.8	70.3	4	100
11/05/2015 05:20	76.3	71.1	65.8	60.2	69.3	4	100
11/05/2015 05:25	76.5	71.1	60.5	60.6	68.7	4	100
11/05/2015 05:30	76.1	70.5	64.5	63.2	69.9	4	100
11/05/2015 05:35	75.6	69.5	62.2	60.6	68	4	100
11/05/2015 05:40	75.6	70.6	66.5	59.1	68.9	4	100
11/05/2015 05:45	76.4	70.7	70.9	63.4	71	4	100
11/05/2015 05:50	76.4	71.7	63.8	59.9	69.7	4	100
11/05/2015 05:55	77.3	71.9	68.9	65.9	72	4	100
11/05/2015 06:00	76	71.5	68.5	59.4	70.3	4	100
11/05/2015 06:05	76.1	71.4	69.9	63.3	71.1	4	100
11/05/2015 06:10	74.4	70.7	67.8	62.4	70	4	100
11/05/2015 06:15	74.2	72.3	68.3	62.7	70.1	4	100
11/05/2015 06:20	75	73.1	66.5	63.3	70.6	4	100
11/05/2015 06:25	74.4	71.4	63.7	61.3	69	4	100
11/05/2015 06:30	73	70.7	68.2	66.1	69.9	4	100
11/05/2015 06:35	73.3	69.7	70.2	66.7	70.3	4	100
11/05/2015 06:40	72	69.1	70.8	65.7	69.5	4	100
11/05/2015 06:45	72.2	69.5	69.5	63.7	69.2	4	100
11/05/2015 06:50	73.3	69.9	70.7	63.8	69.7	4	100
11/05/2015 06:55	74.4	70.5	72.8	64.5	70.5	4	100
11/05/2015 07:00	75.2	71.7	68.5	65.3	70.8	4	100
11/05/2015 07:05	74.3	72.5	72.4	65.3	71.3	4	100
11/05/2015 07:10	73.2	70.4	67.6	63.6	69.4	4	100
11/05/2015 07:15	73.1	70.1	68.4	62.6	69	4	100
11/05/2015 07:20	70.7	68.3	68.5	61.9	67.7	4	100
11/05/2015 07:25	69.6	66.7	66.3	59.2	65.9	4	100
11/05/2015 07:30	70.3	67.3	66.5	62.4	67.1	4	100
11/05/2015 07:35	69.7	66.6	63.5	61.6	66.1	4	100
11/05/2015 07:40	69.4	67.2	65.5	60.2	65.9	4	100
11/05/2015 07:45	69.7	67.5	64.9	62.1	66.4	4	100
11/05/2015 07:50	69.8	67.5	64.8	62.3	66.5	4	100
11/05/2015 07:55	70.4	68.9	65.9	62.6	67.5	4	100
11/05/2015 08:00	69	67.2	66.9	63.9	66.9	4	100
11/05/2015 08:05	70.5	68.8	70.3	67.7	69.3	4	100
11/05/2015 08:10	71.9	68.4	69.7	66.7	69.2	4	100
11/05/2015 08:15	71.6	67.8	68.7	61.9	67.8	4	100
11/05/2015 08:20	71.7	67.8	69.2	61.5	67.7	4	100
11/05/2015 08:25	70.4	67.2	66.3	61.2	66.6	4	100
11/05/2015 08:30	69.2	65.9	62.9	58.6	64.8	4	100
11/05/2015 08:35	56.4	53.6	55.2	50.7	54	4	100
11/05/2015 08:40	41.9	41.4	48.4	40	42.9	4	100
11/05/2015 08:45	51.2	49.5	52.1	44.5	49.3	4	100
11/05/2015 08:50	48	49.4	54.6	47	49.3	4	100
11/05/2015 08:55	43	46.4	51.9	43.7	45.8	4	100
11/05/2015 09:00	56.8	57.8	54.6	49.3	55.1	4	100
11/05/2015 09:05	65	62.6	60	55.6	61.3	4	100
11/05/2015 09:10	68	65.3	63.9	55.7	63.5	4	100
11/05/2015 09:15	69.4	68	61.5	57.5	65.1	4	100
11/05/2015 09:20	70.7	68	61.2	57.4	65.4	4	100
11/05/2015 09:25	70.3	67.6	61.3	55.8	64.9	4	100
11/05/2015 09:30	70.8	68.4	62.9	57.4	65.8	4	100
11/05/2015 09:35	71.7	68.1	62	57.2	65.4	4	100
11/05/2015 09:40	72.5	68.4	64.8	60.2	67.3	4	100
11/05/2015 09:45	71.4	67.9	62.5	58.1	65.9	4	100
11/05/2015 09:50	71.1	66.7	58.3	56.3	64.2	4	100
11/05/2015 09:55	72.4	67.1	60.7	55.4	65.2	4	100
11/05/2015 10:00	73	67.4	61.3	56.2	65.6	4	100
11/05/2015 10:05	71.6	66.9	61.3	58.8	65.6	4	100
11/05/2015 10:10	71.9	67.4	57.6	58.2	65.2	4	100
11/05/2015 10:15	71.6	66.9	55.9	55.5	64	4	100
11/05/2015 10:20	71.5	67.2	54.7	54.1	63.7	4	100
11/05/2015 10:25	71.5	66.9	55.1	57.4	64.2	4	100
11/05/2015 10:30	71.7	66.4	57.2	54.6	64	4	100
11/05/2015 10:35	70.8	66.8	57.8	54.4	63.8	4	100
11/05/2015 10:40	70.3	66.9	56	53.8	63.2	4	100
11/05/2015 10:45	70.9	66.8	60.3	52.1	63.3	4	100
11/05/2015 10:50	70.9	68.1	61.6	52.7	64.3	4	100
11/05/2015 10:55	71	67.5	55.4	55.2	63.5	4	100
11/05/2015 11:00	69.1	66.7	59.2	53.1	63.1	4	100
11/05/2015 11:05	68.7	66.9	60.2	51.1	62.6	4	100
11/05/2015 11:10	69.7	66.6	61.1	51	62.6	4	100
11/05/2015 11:15	69.2	64.6	56.8	51.9	61.9	4	100
11/05/2015 11:20	69.4	65.2	56.7	50.8	61.6	4	100
11/05/2015 11:25	70.2	65.6	55.5	50.7	61.9	4	100
11/05/2015 11:30	69.8	66.2	58.9	53.4	63.1	4	100
11/05/2015 11:35	69.3	66.4	56	50.4	61.9	4	100
11/05/2015 11:40	68.9	66.3	55.7	51.9	62	4	100
11/05/2015 11:45	69.4	65.8	57.2	52.5	62.2	4	100
11/05/2015 11:50	68.6	65.9	57.7	49.7	61.3	4	100
11/05/2015 11:55	68.6	65.9	60.9	49.9	62.4	4	100
11/05/2015 12:00	68.9	66	60.1	47.3	61.9	4	100
11/05/2015 12:05	68.4	64.4	55.6	46.7	60.2	4	100
11/05/2015 12:10	68	63.8	56.6	46.9	60.2	4	100
11/05/2015 12:15	68	64.1	55.8	51	61	4	100
11/05/2015 12:20	68.5	64.3	59.5	50.3	61.5	4	100
11/05/2015 12:25	69.1	65	58.4	50.9	62.2	4	100
11/05/2015 12:30	68.5	64.1	60.9	51.5	62.1	4	100
11/05/2015 12:35	68.8	63.9	59.7	52.3	61.7	4	100
11/05/2015 12:40	69.1	64	61.4	51.2	62.5	4	100
11/05/2015 12:45	69.3	64.4	62.6	53.6	63.3	4	100
11/05/2015 12:50	68	64.2	59.9	52.3	62	4	100
11/05/2015 12:55	67.8	64.8	58.3	53.6	61.7	4	100
11/05/2015 13:00	67.7	65.9	61.4	51.2	62.4	4	100
11/05/2015 13:05	66.9	64	61.7	49.4	61.4	4	100
11/05/2015 13:10	67.9	64.6	59.9	49.3	61.6	4	100
11/05/2015 13:15	66.2	64	61.2	49.4	60.6	4	100
11/05/2015 13:20	67.2	64.8	59.9	52.9	62.1	4	100
11/05/2015 13:25	66.7	64.2	55.2	53.8	61.1	4	100
11/05/2015 13:30	67.3	63.6	58.2	49.7	60.9	4	100
11/05/2015 13:35	65.4	62.9	57.6	50.5	59.6	4	100
11/05/2015 13:40	64.5	61.6	55.5	50.9	59	4	100
11/05/2015 13:45	44.6	42	49.3	41.6	44.4	4	100
11/05/2015 13:50	51	49	51.7	41.7	48.6	4	100
11/05/2015 13:55	43.9	47.2	48.9	41.3	45.1	4	100
11/05/2015 14:00	51.3	50.2	51.6	42.6	49.1	4	100
11/05/2015 14:05	38.7	43.6	48.1	39.5	42.2	4	100
11/05/2015 14:10	31.2	34.6	45.6	36.4	36.7	4	100
11/05/2015 14:15	41.8	43.3	47.8	40.9	43.3	4	100
11/05/2015 14:20	44.7	44.3	49.5	41.7	44.8	4	100
11/05/2015 14:25	39.9	42.4	48.2	40.9	42.8	4	100
11/05/2015 14:30	30.6	35.4	43.8	34.5	36.3	4	100
11/05/2015 14:35	25.6	34.7	38.8	31.3	32.5	4	100
11/05/2015 14:40	23.8	29.6	39.4	27.8	30.1	4	100
11/05/2015 14:45	22.8	26.6	39.7	26	28.8	4	100
11/05/2015 14:50	19	22.3	32.6	22	24.3	4	100
11/05/2015 14:55	25.2	26.8	37.8	30.1	29.8	4	100
11/05/2015 15:00	19.7	23.8	36.4	31.4	28.2	4	100
11/05/2015 15:05	16.1	21.3	33.6	26.8	24.8	4	100
11/05/2015 15:10	15.4	18.4	30.1	22.5	21.9	4	100
11/05/2015 15:15	12.4	14.9	25.4	17.4	18.2	4	100
11/05/2015 15:20	10.3	12	18.3	12.1	13.3	4	100
11/05/2015 15:25	13.4	13.2	19	13.6	14.9	4	100
11/05/2015 15:30	12.7	14.4	23.8	19	17.9	4	100
11/05/2015 15:35	13.9	14.8	22.5	15.5	16.8	4	100
11/05/2015 15:40	15.4	18.5	25.8	18.8	19.7	4	100
11/05/2015 15:45	14.7	17.6	27.6	21.3	20.7	4	100
11/05/2015 15:50	14.7	15.2	25.2	18	18.6	4	100
11/05/2015 15:55	13.7	16.5	25	17.1	18.4	4	100
11/05/2015 16:00	11.4	14.4	23.1	14.4	16.2	4	100
11/05/2015 16:05	10.1	11.3	19.1	11.3	13.2	4	100
11/05/2015 16:10	10.7	13	21.2	13.4	14.8	4	100
11/05/2015 16:15	14.4	15.9	25	15.4	17.8	4	100
11/05/2015 16:20	10.8	12.2	20.6	11.7	14.3	4	100
11/05/2015 16:25	13.2	13.3	16.7	11.4	13.7	4	100
11/05/2015 16:30	15.1	15.9	22.1	14.7	17.1	4	100
11/05/2015 16:35	11.2	12.2	18.5	11.7	13.7	4	100
11/05/2015 16:40	11	11.8	19	10.8	13.4	4	100
11/05/2015 16:45	11.8	11	19.9	11	13.8	4	100
11/05/2015 16:50	13	13.5	23.3	17.4	17.1	4	100
11/05/2015 16:55	11.1	11.5	19.2	13.5	14.1	4	100
11/05/2015 17:00	9.4	10.8	17.5	11.3	12.4	4	100
11/05/2015 17:05	12	12.4	22.2	11.9	14.9	4	100
11/05/2015 17:10	9.4	9.6	16.5	9	11.4	4	100
11/05/2015 17:15	11.5	11.6	20	11.6	14	4	100
11/05/2015 17:20	11.4	11.5	20.2	12.7	14.3	4	100
11/05/2015 17:25	10.5	10	16.6	11	12.2	4	100
11/05/2015 17:30	12.1	15	22.9	17.8	17.2	4	100
11/05/2015 17:35	11.4	15.1	25.8	19.4	18.6	4	100
11/05/2015 17:40	10.5	12.3	22.3	14.3	15.4	4	100
11/05/2015 17:45	8.4	10.6	22.9	12.3	14.5	4	100
11/05/2015 17:50	8.7	10.1	20.3	10.3	12.9	4	100
11/05/2015 17:55	9.6	11.4	20.9	10.2	13.4	4	100
11/05/2015 18:00	10.7	11.4	20.1	11	13.6	4	100
11/05/2015 18:05	9.6	11	15.5	9.1	11.5	4	100
11/05/2015 18:10	11.8	12.5	18.8	11.4	13.8	4	100
11/05/2015 18:15	12.9	14.1	21.2	14.7	16	4	100
11/05/2015 18:20	11.5	12.1	19.8	11.5	14.1	4	100
11/05/2015 18:25	12	11.8	21.9	13.4	15.2	4	100
11/05/2015 18:30	9.8	10.1	18.5	10.4	12.6	4	100
11/05/2015 18:35	11.2	10.4	18	11.1	12.9	4	100
11/05/2015 18:40	15.3	12.2	23.2	15.1	16.7	4	100
11/05/2015 18:45	13.4	12.1	24.1	14	16.5	4	100
11/05/2015 18:50	12.2	11.3	21.7	13.2	14.9	4	100
11/05/2015 18:55	17.9	15.2	24.7	16.5	18.7	4	100
11/05/2015 19:00	18.9	15.1	23.3	16.2	18.4	4	100
11/05/2015 19:05	17.9	14.7	22.1	13.9	17.3	4	100
11/05/2015 19:10	17.7	14.9	19.1	13.8	16.5	4	100
11/05/2015 19:15	17	16.8	21.5	13.2	17.3	4	100
11/05/2015 19:20	17.9	15.9	22.9	11.9	17.5	4	100
11/05/2015 19:25	25.9	24.6	30.7	23.1	26.1	4	100
11/05/2015 19:30	22.6	25.4	31.6	24.7	26.2	4	100
11/05/2015 19:35	19	20.4	26.3	19.1	21.4	4	100
11/05/2015 19:40	22.3	25.8	33.7	24.6	26.6	4	100
11/05/2015 19:45	27	31.1	42.4	33.4	33.2	4	100
11/05/2015 19:50	23.9	28.9	40.5	32.1	31.1	4	100
11/05/2015 19:55	23.9	27.4	42.4	28	30.1	4	100
11/05/2015 20:00	26.9	31.1	44.1	31.3	33	4	100
11/05/2015 20:05	42.2	44.5	50.1	41.6	44.2	4	100
11/05/2015 20:10	51.6	52.8	56.1	47.8	51.9	4	100
11/05/2015 20:15	49	50.8	57.4	47.1	50.6	4	100
11/05/2015 20:20	45.9	49.7	60.8	47.9	50.2	4	100
11/05/2015 20:25	54.7	56.5	61.3	54.5	56.1	4	100
11/05/2015 20:30	58.7	58.9	63.9	54.9	58.8	4	100
11/05/2015 20:35	61.1	59.3	63.4	57	60	4	100
11/05/2015 20:40	62.9	60.8	63.8	57.4	61.1	4	100
11/05/2015 20:45	63.3	61.8	62.9	55.7	61.1	4	100
11/05/2015 20:50	64.9	63.7	66.8	57.8	63	4	100
11/05/2015 20:55	66.2	65.1	68.9	58.1	64.6	4	100
11/05/2015 21:00	70.1	68	67.6	59.6	66.1	4	100
11/05/2015 21:05	69.6	67.3	64.8	58.8	65.5	4	100
11/05/2015 21:10	69.1	66.6	62.5	56.8	64.6	4	100
11/05/2015 21:15	68.9	65.4	61.9	58.3	64.3	4	100
11/05/2015 21:20	70.7	67.1	63.1	60.9	66.1	4	100
11/05/2015 21:25	72.2	69.8	65.5	60.2	67.9	4	100
11/05/2015 21:30	72.9	70.9	66.2	63	68.9	4	100
11/05/2015 21:35	73.2	71.3	69.4	61.8	69.4	4	100
11/05/2015 21:40	73.8	71.7	69	63.2	70.1	4	100
11/05/2015 21:45	74.2	72	65.8	60.8	68.8	4	100
11/05/2015 21:50	74.5	71.5	67.7	61.3	69.4	4	100
11/05/2015 21:55	74.4	72	67.6	58.8	68.9	4	100
11/05/2015 22:00	73.3	70.7	67.4	57.4	68.2	4	100
11/05/2015 22:05	74	69.8	67.3	60	68.6	4	100
11/05/2015 22:10	73.5	69.2	69.1	59.9	68.3	4	100
11/05/2015 22:15	73.6	69.9	67.2	62.1	68.9	4	100
11/05/2015 22:20	74.2	71.2	66.1	64.1	69.5	4	100
11/05/2015 22:25	73.9	69.6	62.5	60.7	67.6	4	100
11/05/2015 22:30	73	69.3	66	62	68	4	100
11/05/2015 22:35	73	69.7	68.8	58.2	68.1	4	100
11/05/2015 22:40	73.5	70.3	67	58.8	67.9	4	100
11/05/2015 22:45	74.9	70.3	67	57.4	68.2	4	100
11/05/2015 22:50	74.4	71.1	68.9	60.4	69.1	4	100
11/05/2015 22:55	74.6	70.9	69.1	63.2	70	4	100
11/05/2015 23:00	74.3	69.9	68.7	59.9	68.6	4	100
11/05/2015 23:05	74.6	70.6	70.8	59.3	69.3	4	100
11/05/2015 23:10	74.8	70.7	65.2	59.2	67.9	4	100
11/05/2015 23:15	73	70.5	65.7	61	68	4	100
11/05/2015 23:20	72.6	70.5	60	58.3	66.7	4	100
11/05/2015 23:25	72.5	70.6	62.2	58.6	66.3	4	100
11/05/2015 23:30	73.2	69.9	65.9	61.6	68.4	4	100
11/05/2015 23:35	73.4	69.6	65.4	59.3	67	4	100
11/05/2015 23:40	73.1	69.7	68.5	62.3	68.5	4	100
11/05/2015 23:45	74.5	70	64.3	61.8	68.3	4	100
11/05/2015 23:50	74.9	69.9	61.7	58.3	66.8	4	100
11/05/2015 23:55	75.8	71.4	65.9	60.2	68.5	4	100
11/06/2015 00:00	74.8	71	67.4	62.8	69.5	4	100
11/06/2015 00:05	74.6	69.8	70.5	60.2	68.6	4	100
11/06/2015 00:10	73.9	69.7	68.2	63.5	69	4	100
11/06/2015 00:15	73.5	70.8	67.1	66.5	70	4	100
11/06/2015 00:20	74.1	72.1	66	70.3	71.3	4	100
11/06/2015 00:25	74.1	71.1	69.2	66.3	70.4	4	100
11/06/2015 00:30	73.3	70	64.9	66.5	69.1	4	100
11/06/2015 00:35	73.6	70.5	66.7	68.9	70.4	4	100
11/06/2015 00:40	74.5	71.1	67.3	67.4	70.2	4	100
11/06/2015 00:45	74.6	71.1	65.6	66.3	69.6	4	100
11/06/2015 00:50	74.9	71.6	62.5	66.5	69.6	4	100
11/06/2015 00:55	74.7	70.8	64.2	66.6	69.6	4	100
11/06/2015 01:00	74.8	70.2	65.8	67.3	70	4	100
11/06/2015 01:05	74	70	66.2	59.9	67.9	4	100
11/06/2015 01:10	74.9	70.9	66.9	60.4	68.8	4	100
11/06/2015 01:15	74.7	70.7	64.6	58	66.6	4	100
11/06/2015 01:20	74.7	70.9	65	61.9	68.2	4	100
11/06/2015 01:25	74.6	70.4	65.4	59.5	68	4	100
11/06/2015 01:30	74.8	70.9	64.5	59	66.8	4	100
11/06/2015 01:35	74.6	70.5	66.5	57.2	66.6	4	100
11/06/2015 01:40	74.5	70.7	67.1	63.5	68.5	4	100
11/06/2015 01:45	74.3	71.6	66.2	66.2	69.6	4	100
11/06/2015 01:50	74.5	71.6	62.1	64.1	68.6	4	100
11/06/2015 01:55	74.5	71.3	65.2	61.6	67.8	4	100
11/06/2015 02:00	74.6	71.3	65.2	61.9	67.9	4	100
11/06/2015 02:05	74.7	71	65.5	62.7	67.6	4	100
11/06/2015 02:10	74.8	71.2	67.1	55.1	66.3	4	100
11/06/2015 02:15	74.6	71.2	66.5	58.4	67.7	4	100
11/06/2015 02:20	74.8	71.2	67.9	58.5	69.1	4	100
11/06/2015 02:25	74.8	71.1	67	55	66	4	100
11/06/2015 02:30	74.7	71.1	66.3	56.1	67.6	4	100
11/06/2015 02:35	74.7	70.6	65.8	58.1	66.5	4	100
11/06/2015 02:40	74.9	70.6	67.9	60.1	67.1	4	100
11/06/2015 02:45	74.7	71.1	69	61.7	68.2	4	100
11/06/2015 02:50	74.7	70.9	67.4	62.3	68.6	4	100
11/06/2015 02:55	74.8	70.8	67.7	62.1	67.2	4	100
11/06/2015 03:00	74.8	71	67.3	61.4	67.7	4	100
11/06/2015 03:05	74.6	70.9	68	62	67.9	4	100
11/06/2015 03:10	74.6	71	66.9	61.7	66.9	4	100
11/06/2015 03:15	74.8	71	67.1	62.7	67.5	4	100
11/06/2015 03:20	74.8	70.7	67.8	61.8	68.2	4	100
11/06/2015 03:25	74.9	70.8	67.2	62.6	68.4	4	100
11/06/2015 03:30	74.7	70.9	65.4	57.4	66	4	100
11/06/2015 03:35	74.8	70.9	61.6	55.2	65.3	4	100
11/06/2015 03:40	74.7	70.8	65.2	59.9	66.3	4	100
11/06/2015 03:45	74.6	70.9	66.5	59.5	67.2	4	100
11/06/2015 03:50	74.8	70.2	65.6	58.3	67	4	100
11/06/2015 03:55	74.7	70.6	62.9	56.9	64.9	4	100
11/06/2015 04:00	74.8	70.6	65.5	59.7	66.6	4	100
11/06/2015 04:05	74.8	70.9	67.5	60.6	68	4	100
11/06/2015 04:10	74.8	70.9	67.1	60.7	67.4	4	100
11/06/2015 04:15	74.9	71.2	66.6	55.9	67.3	4	100
11/06/2015 04:20	74.9	70.9	66.6	56.8	66.1	4	100
11/06/2015 04:25	74.7	70.8	65.8	60.3	68.2	4	100
11/06/2015 04:30	74.7	70.6	66.3	61.7	68.8	4	100
11/06/2015 04:35	74.8	70.9	67.2	63	69.2	4	100
11/06/2015 04:40	75	70.1	67	62	68.1	4	100
11/06/2015 04:45	74.9	70.5	66.1	63.4	68.8	4	100
11/06/2015 04:50	75.1	72.1	65.2	65.1	69.8	4	100
11/06/2015 04:55	75.3	72.3	66.9	55.4	68.1	4	100
11/06/2015 05:00	75.2	72.4	65.6	60.3	68.6	4	100
11/06/2015 05:05	75.6	72.2	64.6	54.7	66.5	4	100
11/06/2015 05:10	74.5	71.2	57.7	55	66.3	4	100
11/06/2015 05:15	74.4	71.1	59.9	53.1	66.4	4	100
11/06/2015 05:20	74.5	70.7	61.6	60.4	67.8	4	100
11/06/2015 05:25	74.9	71.2	62.6	67.3	70.2	4	100
11/06/2015 05:30	75.8	71.3	63.9	62	69.8	4	100
11/06/2015 05:35	74.6	71.3	66.2	59.6	68.7	4	100
11/06/2015 05:40	74.1	71	65.6	56.6	68.3	4	100
11/06/2015 05:45	74.1	71.8	66.8	62.9	69.9	4	100
11/06/2015 05:50	74.5	71.4	71.5	61.9	70.3	4	100
11/06/2015 05:55	74.3	71.9	63.6	54.1	67.6	4	100
11/06/2015 06:00	75.7	72.7	64.5	58	69.1	4	100
11/06/2015 06:05	76.2	71.9	65.1	60.6	69.5	4	100
11/06/2015 06:10	74.8	72.5	61.2	60.3	68.8	4	100
11/06/2015 06:15	75.3	72.4	65.4	63.7	70.5	4	100
11/06/2015 06:20	76.1	72.7	65	59.5	69.6	4	100
11/06/2015 06:25	75.1	71.5	64.9	60.6	69.2	4	100
11/06/2015 06:30	75.9	71.7	67.9	66.1	71.2	4	100
11/06/2015 06:35	74	70	68.3	61.9	69.2	4	100
11/06/2015 06:40	73.2	70.3	67.1	62	68.9	4	100
11/06/2015 06:45	74.4	71.2	65.1	65.2	70	4	100
11/06/2015 06:50	74.2	70.8	65.3	66.6	70	4	100
11/06/2015 06:55	73.7	69.6	65.2	64.4	68.8	4	100
11/06/2015 07:00	74.2	69.4	62	59.4	67.5	4	100
11/06/2015 07:05	73.2	69	66.1	61.2	68.1	4	100
11/06/2015 07:10	73.1	69.6	66.6	60.9	68.5	4	100
11/06/2015 07:15	73.4	69.4	68.3	65.4	69.5	4	100
11/06/2015 07:20	72.2	68.5	67.2	62.3	68.2	4	100
11/06/2015 07:25	71.5	67.4	67.2	61.8	67.4	4	100
11/06/2015 07:30	71.8	68.8	66.4	60.7	67.5	4	100
11/06/2015 07:35	70.9	68.6	62.4	59.3	66	4	100
11/06/2015 07:40	70.5	67.5	63.4	62.2	66.5	4	100
11/06/2015 07:45	70.2	67.8	66.9	63.4	67.4	4	100
11/06/2015 07:50	70.1	67.3	67.2	63.6	67.3	4	100
11/06/2015 07:55	70.7	68.4	67	62.2	67.5	4	100
11/06/2015 08:00	72.4	69.1	68.4	61.8	68.2	4	100
11/06/2015 08:05	70.6	67.7	70.9	59.8	67.4	4	100
11/06/2015 08:10	71	67.3	69.4	61.3	67.4	4	100
11/06/2015 08:15	70.8	67	65.7	61.3	66.6	4	100
11/06/2015 08:20	69.5	66.6	66.4	58.8	65.7	4	100
11/06/2015 08:25	70.2	67.6	62.1	59.7	65.7	4	100
11/06/2015 08:30	71.4	67.2	64.1	62.7	66.8	4	100
11/06/2015 08:35	72	67.9	63.9	59.3	66.6	4	100
11/06/2015 08:40	73	68.1	64.5	60.2	67.1	4	100
11/06/2015 08:45	71.9	68	62.5	61.5	66.7	4	100
11/06/2015 08:50	72	68	63.3	63.4	67.3	4	100
11/06/2015 08:55	72.8	68.2	58.5	60.7	66.5	4	100
11/06/2015 09:00	71.7	68.8	59.2	59.5	66	4	100
11/06/2015 09:05	71.1	67.9	58.7	60.2	65.6	4	100
11/06/2015 09:10	71.4	67.8	55	60	65.3	4	100
11/06/2015 09:15	72.5	67.9	57.6	62.2	66.2	4	100
11/06/2015 09:20	71.7	68.4	61.4	60	66.3	4	100
11/06/2015 09:25	71.7	67.9	65.3	58.5	66.6	4	100
11/06/2015 09:30	70.9	68.5	65.7	58.8	66.1	4	100
11/06/2015 09:35	70.9	67.6	65.6	60.1	66.7	4	100
11/06/2015 09:40	71.3	66.4	63.8	56.3	65.3	4	100
11/06/2015 09:45	72	68.3	61.8	59.7	66.5	4	100
11/06/2015 09:50	71.2	68.3	61.7	56	65.6	4	100
11/06/2015 09:55	73	68.1	61.5	56.6	65.6	4	100
11/06/2015 10:00	71.7	67.4	60.8	53.5	64.3	4	100
11/06/2015 10:05	71.6	67.2	58.5	54.9	64.6	4	100
11/06/2015 10:10	70	66.1	58.1	55.6	63.5	4	100
11/06/2015 10:15	70.6	66.2	57.1	59.7	64.5	4	100
11/06/2015 10:20	70.5	66.4	56	56.7	63.9	4	100
11/06/2015 10:25	69.8	66.4	55.9	54.3	63	4	100
11/06/2015 10:30	69.7	66.4	58.4	50.7	62.5	4	100
11/06/2015 10:35	70	66.4	60.6	53.5	63.7	4	100
11/06/2015 10:40	69.8	66.2	56.6	51	62.5	4	100
11/06/2015 10:45	69.2	65.1	52.7	50.5	61	4	100
11/06/2015 10:50	69	64.8	53.3	49.5	60.2	4	100
11/06/2015 10:55	69.9	66.1	58.1	52.9	63.3	4	100
11/06/2015 11:00	70.1	67.3	57.2	50.2	62.3	4	100
11/06/2015 11:05	70.5	66.6	58.3	48.9	62.5	4	100
11/06/2015 11:10	71.2	67	59.9	49.7	63.3	4	100
11/06/2015 11:15	71.1	65.6	56.6	49.9	62	4	100
11/06/2015 11:20	70.6	65	58.4	52.3	62.9	4	100
11/06/2015 11:25	69	65.7	58.7	54	63.1	4	100
11/06/2015 11:30	69.5	65.7	59.4	53.3	62.9	4	100
11/06/2015 11:35	69.9	65.5	60.6	53.3	63.4	4	100
11/06/2015 11:40	69	64.4	58.7	51.7	61.8	4	100
11/06/2015 11:45	68.1	64.9	56.8	52.3	61.4	4	100
11/06/2015 11:50	69.4	64.7	58.3	52.7	61.9	4	100
11/06/2015 11:55	69.6	64.8	58.3	54.8	63.1	4	100
11/06/2015 12:00	70	66.7	61	53.9	63.9	4	100
11/06/2015 12:05	68.7	66.1	62.8	54.4	63.7	4	100
11/06/2015 12:10	68.5	65.2	61.7	53.7	63.3	4	100
11/06/2015 12:15	67.1	63.9	58.9	52.1	61.4	4	100
11/06/2015 12:20	66.5	63.5	60.3	53.5	61.9	4	100
11/06/2015 12:25	67	64.4	57.5	55.7	62	4	100
11/06/2015 12:30	68	64.3	57	56.4	62.4	4	100
11/06/2015 12:35	65.6	62	55.3	54.2	60	4	100
11/06/2015 12:40	42.5	43.9	45.8	42.9	43.7	4	100
11/06/2015 12:45	32.2	35.4	39.3	32.7	35	4	100
11/06/2015 12:50	30.1	30.5	39.9	28.7	32.3	4	100
11/06/2015 12:55	22.5	24.8	33.3	24.3	26.2	4	100
11/06/2015 13:00	23.6	22.9	35.1	26.3	26.9	4	100
11/06/2015 13:05	21.3	21.6	31.1	26.7	25	4	100
11/06/2015 13:10	23.8	25.1	36.5	27.5	28	4	100
11/06/2015 13:15	21.8	24.9	34.9	25.4	26.6	4	100
11/06/2015 13:20	25.3	25.7	37.2	26.3	28.5	4	100
11/06/2015 13:25	20	20.9	36	22.1	25.1	4	100
11/06/2015 13:30	26.8	27.1	38.5	27.7	29.7	4	100
11/06/2015 13:35	22.3	23.4	36.4	24	26.6	4	100
11/06/2015 13:40	19.3	24.6	35.4	24.2	25.9	4	100
11/06/2015 13:45	35.7	37.1	42.3	33.5	37	4	100
11/06/2015 13:50	26.5	27.3	40.6	29.9	31.2	4	100
11/06/2015 13:55	24.6	27.5	39	28.8	30	4	100
11/06/2015 14:00	35.9	36.4	41	34	36.7	4	100
11/06/2015 14:05	33.6	39.5	44.9	37.6	38.6	4	100
11/06/2015 14:10	27.4	30.8	42.3	32.2	33	4	100
11/06/2015 14:15	22.7	25.3	36.7	25.3	27.6	4	100
11/06/2015 14:20	24.1	26.9	37.4	26.1	28.4	4	100
11/06/2015 14:25	20.9	22.2	36.4	22.5	25.9	4	100
11/06/2015 14:30	17.1	17.3	28.6	17.6	20.4	4	100
11/06/2015 14:35	20.9	22	33.1	21.7	24.4	4	100
11/06/2015 14:40	19	19.7	29.8	20.7	22.6	4	100
11/06/2015 14:45	17.8	17.3	32.5	18.6	21.7	4	100
11/06/2015 14:50	14.1	15.7	31.3	20.5	21.1	4	100
11/06/2015 14:55	17.5	17.9	34.4	24.2	23.8	4	100
11/06/2015 15:00	13.6	13.8	30.8	17.6	19.8	4	100
11/06/2015 15:05	15.1	13.4	24.7	16.6	17.4	4	100
11/06/2015 15:10	13.1	16.2	28.3	18.7	19.5	4	100
11/06/2015 15:15	12	12.9	22.9	14.7	16	4	100
11/06/2015 15:20	14.7	15.6	24.2	16.6	17.7	4	100
11/06/2015 15:25	12.6	14	24.3	15.2	16.9	4	100
11/06/2015 15:30	12.5	12.5	27.1	15.5	17.3	4	100
11/06/2015 15:35	12.3	13.5	26.3	16.9	17.5	4	100
11/06/2015 15:40	13.5	13.3	26.4	15.2	17.6	4	100
11/06/2015 15:45	14.8	15.6	26.3	16.8	18.5	4	100
11/06/2015 15:50	14.2	16.1	25.9	16.3	18.3	4	100
11/06/2015 15:55	14.2	15.6	25	16.6	18	4	100
11/06/2015 16:00	11.6	12.8	20.1	14.3	14.9	4	100
11/06/2015 16:05	11.5	12.3	18.3	14.1	14.1	4	100
11/06/2015 16:10	15.1	18.5	23.4	18	18.8	4	100
11/06/2015 16:15	15	17.5	27.6	18.9	20.1	4	100
11/06/2015 16:20	11.2	13.1	22.3	15.6	16	4	100
11/06/2015 16:25	13.8	13.3	22.5	16.4	16.6	4	100
11/06/2015 16:30	15.6	17.9	28	20.1	20.6	4	100
11/06/2015 16:35	12.7	14	27.7	15.6	18.2	4	100
11/06/2015 16:40	10.9	12.5	27.8	15.5	17.2	4	100
11/06/2015 16:45	14.2	16.2	27.9	17.8	19.1	4	100
11/06/2015 16:50	11.7	15.3	24.4	16.6	17.4	4	100
11/06/2015 16:55	17.3	20	29.4	21.6	22.3	4	100
11/06/2015 17:00	15.7	19.3	30.4	24.2	22.7	4	100
11/06/2015 17:05	17.1	20.4	29.9	22.7	22.5	4	100
11/06/2015 17:10	17.8	22.3	30.4	22.5	23.6	4	100
11/06/2015 17:15	24.3	23.2	33.9	24.7	26.7	4	100
11/06/2015 17:20	20.2	19.1	37.3	25.7	26	4	100
11/06/2015 17:25	18.1	22.6	37.6	29.4	27.9	4	100
11/06/2015 17:30	18.1	22.2	37.1	26.5	26.4	4	100
11/06/2015 17:35	14.1	16.8	30.3	20.1	20.9	4	100
11/06/2015 17:40	12	14.9	27	16.4	18.2	4	100
11/06/2015 17:45	12.3	16.7	23.4	15.9	17.3	4	100
11/06/2015 17:50	10.9	14.8	20.6	11.8	14.9	4	100
11/06/2015 17:55	10	11.9	17.6	10.4	12.8	4	100
11/06/2015 18:00	14.4	15.8	20.1	14.7	16.4	4	100
11/06/2015 18:05	27.5	27.7	33.4	27.5	29	4	100
11/06/2015 18:10	25.7	27.6	38.3	25.2	29.3	4	100
11/06/2015 18:15	20.2	21.4	35.6	23.6	25.8	4	100
11/06/2015 18:20	15.9	15.8	28.4	16.3	19.5	4	100
11/06/2015 18:25	14	14.8	25	16.1	17.7	4	100
11/06/2015 18:30	14.7	14.6	22	15.3	16.7	4	100
11/06/2015 18:35	15.2	15.8	25.8	16.3	18.6	4	100
11/06/2015 18:40	15	16.6	27.8	16.9	19.4	4	100
11/06/2015 18:45	21.5	21.4	35	25.6	25.7	4	100
11/06/2015 18:50	18.2	19.1	31.8	21.1	22.8	4	100
11/06/2015 18:55	15.8	16.2	32.5	18.1	21.1	4	100
11/06/2015 19:00	22.1	20.2	34.6	22.2	24.6	4	100
11/06/2015 19:05	21.1	19.8	36	26.9	25.9	4	100
11/06/2015 19:10	26	26.8	39.4	31.6	30.6	4	100
11/06/2015 19:15	28.2	30	42.7	34.8	33.8	4	100
11/06/2015 19:20	23.6	24.9	35	29.9	28.5	4	100
11/06/2015 19:25	31.2	33.6	42	34.7	35.2	4	100
11/06/2015 19:30	31.5	36.1	46.8	35.6	37	4	100
11/06/2015 19:35	41.5	43.2	53.1	42.4	44.7	4	100
11/06/2015 19:40	42.4	44.7	52.5	41.7	45.1	4	100
11/06/2015 19:45	53	53	61.2	49.7	53.7	4	100
11/06/2015 19:50	57.5	56.3	63.4	55.1	57.7	4	100
11/06/2015 19:55	61.3	57.5	63.2	56.2	59.3	4	100
11/06/2015 20:00	63.9	61.1	61.7	57.2	61.1	4	100
11/06/2015 20:05	63	61.1	64.5	56.7	61.3	4	100
11/06/2015 20:10	64.2	62.3	67.1	54.7	61.9	4	100
11/06/2015 20:15	64.3	61.8	65.3	56.5	61.9	4	100
11/06/2015 20:20	63.2	61.9	67.1	55.4	61.8	4	100
11/06/2015 20:25	63.1	62.1	60.2	56.2	60.8	4	100
11/06/2015 20:30	64	62.6	63.1	56.4	61.7	4	100
11/06/2015 20:35	65	63.8	65.5	56.6	62.9	4	100
11/06/2015 20:40	66.2	63.8	69.2	58.4	64.1	4	100
11/06/2015 20:45	67.3	64.8	70.1	61.1	65.3	4	100
11/06/2015 20:50	68.3	65.3	69	61	66	4	100
11/06/2015 20:55	67.4	64.6	69.8	60.8	65.5	4	100
11/06/2015 21:00	70.7	67.2	66.4	60.7	66.6	4	100
11/06/2015 21:05	72.4	69.3	69.8	64.4	69.2	4	100
11/06/2015 21:10	73.2	70.9	69	64	69.8	4	100
11/06/2015 21:15	74.8	72.1	65.6	63.6	69.9	4	100
11/06/2015 21:20	75.6	72.7	65.5	66.1	70.8	4	100
11/06/2015 21:25	75.3	72.8	64.2	64.8	70.2	4	100
11/06/2015 21:30	75.4	73.5	64.7	64.8	70.8	4	100
11/06/2015 21:35	75.7	73.3	60.4	64.7	70.1	4	100
11/06/2015 21:40	75.9	72.4	66.6	62.8	70.5	4	100
11/06/2015 21:45	76.5	73.9	68.5	62.4	71	4	100
11/06/2015 21:50	76.8	73.5	70.7	64	71.8	4	100
11/06/2015 21:55	76.8	74	69	67.5	72.3	4	100
11/06/2015 22:00	75.7	73	64.2	65.8	70.8	4	100
11/06/2015 22:05	75.6	72.8	64.1	67.1	70.6	4	100
11/06/2015 22:10	75.4	71.5	63.9	65.8	70.2	4	100
11/06/2015 22:15	75.2	70.2	63.6	62.7	68.7	4	100
11/06/2015 22:20	75.5	69.8	65.5	63.2	69.3	4	100
11/06/2015 22:25	74.9	71	68.4	61	69.4	4	100
11/06/2015 22:30	75	71.6	67.7	64.1	70.1	4	100
11/06/2015 22:35	75.9	71.5	69	64.8	70.6	4	100
11/06/2015 22:40	76.2	70	66.3	66.5	70.3	4	100
11/06/2015 22:45	76	70.7	69.5	62.6	70.5	4	100
11/06/2015 22:50	76.6	71.7	70.1	64.3	71.2	4	100
11/06/2015 22:55	76.6	71.1	70	63.1	71	4	100
11/06/2015 23:00	75.9	72	68.6	58.4	69.3	4	100
11/06/2015 23:05	75.5	71.4	68.7	63.9	70.2	4	100
11/06/2015 23:10	75.2	70.6	62.7	61.6	68.9	4	100
11/06/2015 23:15	75	71.2	65.3	59.7	68.7	4	100
11/06/2015 23:20	75.3	69.8	61.6	61.9	67.9	4	100
11/06/2015 23:25	74	69.7	59.8	64.5	68.3	4	100
11/06/2015 23:30	74.7	70	61.1	61.4	68.2	4	100
11/06/2015 23:35	74.6	70.2	62.1	57.6	67.7	4	100
11/06/2015 23:40	76.4	71.2	63.9	58.8	68.7	4	100
11/06/2015 23:45	75.8	71.3	64.9	60.2	68.8	4	100
11/06/2015 23:50	76.5	71.8	67.1	61.5	69.8	4	100
11/06/2015 23:55	77.3	73.5	66	64.3	71.2	4	100
11/07/2015 00:00	75.2	71.3	67.4	62.8	69.6	4	100
11/07/2015 00:05	75.3	71.3	64.2	63.1	68.8	4	100
11/07/2015 00:10	75	70.9	66.6	61.7	69.6	4	100
11/07/2015 00:15	75.5	71.6	62.3	61.1	68.5	4	100
11/07/2015 00:20	75.4	72.5	62.2	64.1	69.5	4	100
11/07/2015 00:25	75.2	72.1	63	66.7	70.4	4	100
11/07/2015 00:30	75.4	73	63.3	64.2	69.7	4	100
11/07/2015 00:35	75.1	72.5	64.3	59.7	68.3	4	100
11/07/2015 00:40	75.6	72	64.7	61.5	69.3	4	100
11/07/2015 00:45	75	71.6	63.8	60.7	67.7	4	100
11/07/2015 00:50	74.9	71.9	65.7	62.1	69.3	4	100
11/07/2015 00:55	76	71.6	67.6	59.9	69.4	4	100
11/07/2015 01:00	75.2	71.8	67.6	62.6	69.5	4	100
11/07/2015 01:05	74.9	70.7	68	60	68.1	4	100
11/07/2015 01:10	74.1	70.6	67.1	59.1	68.5	4	100
11/07/2015 01:15	74.5	71.1	67.5	59.9	67.8	4	100
11/07/2015 01:20	75.4	70.7	68.2	59	68.5	4	100
11/07/2015 01:25	75.1	70.5	67.1	57.5	66.9	4	100
11/07/2015 01:30	74.7	70.5	64.5	60.1	67.3	4	100
11/07/2015 01:35	74.9	70.7	64.4	63	68.1	4	100
11/07/2015 01:40	74.6	71.6	65.2	62.4	68.7	4	100
11/07/2015 01:45	74.5	71.9	65.6	64.1	69.7	4	100
11/07/2015 01:50	74.9	70.8	67.4	63.7	68.9	4	100
11/07/2015 01:55	74.5	71	66.6	62.7	68.8	4	100
11/07/2015 02:00	74.8	70.8	67	61.5	68.1	4	100
11/07/2015 02:05	74.8	70.8	65.1	59.1	68.2	4	100
11/07/2015 02:10	74.8	70.2	66.7	59.4	67.4	4	100
11/07/2015 02:15	74.8	70.5	66.4	58.9	68.1	4	100
11/07/2015 02:20	75.1	70.5	66.7	61.3	68.9	4	100
11/07/2015 02:25	74.8	70.8	67.3	61	68.1	4	100
11/07/2015 02:30	74.5	70.8	67.3	56.2	67.2	4	100
11/07/2015 02:35	74.4	70.8	66.8	62	67.8	4	100
11/07/2015 02:40	74.4	70.9	67.9	60.8	67.7	4	100
11/07/2015 02:45	74.7	70.6	67.9	63.1	68.6	4	100
11/07/2015 02:50	74.7	70.8	67.7	58.7	66.8	4	100
11/07/2015 02:55	74.7	71.1	67.9	53.2	66.3	4	100
11/07/2015 03:00	74.7	70.9	67.9	57.4	67.6	4	100
11/07/2015 03:05	74.6	71	67.6	56.8	66.4	4	100
11/07/2015 03:10	74.6	71	67	58.1	67.7	4	100
11/07/2015 03:15	74.6	71.1	67.3	58.2	67.7	4	100
11/07/2015 03:20	74.7	71.1	66.8	58.5	67.1	4	100
11/07/2015 03:25	74.8	71	67.5	59.4	67.2	4	100
11/07/2015 03:30	74.9	71.1	67.6	59.2	67.3	4	100
11/07/2015 03:35	74.8	70.9	67.7	58.8	67.5	4	100
11/07/2015 03:40	74.8	70.9	65	60.9	67	4	100
11/07/2015 03:45	74.7	70.9	65.9	61.7	67.8	4	100
11/07/2015 03:50	74.6	70.9	66.8	61.7	67.9	4	100
11/07/2015 03:55	74.8	71	66.1	59.8	67	4	100
11/07/2015 04:00	74.8	70.7	66.1	58.1	66.8	4	100
11/07/2015 04:05	74.7	70.8	67.1	60.6	66.8	4	100
11/07/2015 04:10	74.7	70.9	66.8	61.2	66.8	4	100
11/07/2015 04:15	74.8	70.9	67.6	60.6	68.1	4	100
11/07/2015 04:20	74.9	71.3	67.8	63	69.1	4	100
11/07/2015 04:25	74.8	71.5	66.6	61.1	68.9	4	100
11/07/2015 04:30	74.8	71.4	65.2	63.2	68.6	4	100
11/07/2015 04:35	74.7	71.3	60.6	61.2	66.7	4	100
11/07/2015 04:40	74.8	71.3	62.9	62.7	68.1	4	100
11/07/2015 04:45	74.7	71.2	63.5	61.1	67.7	4	100
11/07/2015 04:50	75	71	60.1	60.8	66.9	4	100
11/07/2015 04:55	74.9	71.1	65	62.8	68	4	100
11/07/2015 05:00	74.7	71.8	66.5	63.5	69	4	100
11/07/2015 05:05	74.5	71	67.6	64.4	69.5	4	100
11/07/2015 05:10	74.8	71.3	66.5	65.4	69.7	4	100
11/07/2015 05:15	75.3	71.1	65	67.6	70.4	4	100
11/07/2015 05:20	75.1	70.8	66.3	64.4	69.5	4	100
11/07/2015 05:25	75.2	71.6	65.9	65.2	70	4	100
11/07/2015 05:30	74.9	71.9	66.8	65.6	69.9	4	100
11/07/2015 05:35	75.2	71.6	68.2	65.3	70	4	100
11/07/2015 05:40	73.4	72	69.4	63.9	69.5	4	100
11/07/2015 05:45	74.2	70.5	70.9	56.7	68.3	4	100
11/07/2015 05:50	75.4	71.7	68.9	59	68.6	4	100
11/07/2015 05:55	75.9	72.4	69.9	63.5	70.3	4	100
11/07/2015 06:00	75.2	71.2	67.8	58.9	68.3	4	100
11/07/2015 06:05	75	71.9	68.4	62.9	69.2	4	100
11/07/2015 06:10	76.8	72.7	68.3	60.4	70.1	4	100
11/07/2015 06:15	75.9	73.4	69.1	59	70.3	4	100
11/07/2015 06:20	75.2	72.8	64.1	62.8	70	4	100
11/07/2015 06:25	75.9	72.8	65	58.3	69.4	4	100
11/07/2015 06:30	76.2	72.1	63.1	56.2	68.3	4	100
11/07/2015 06:35	75.4	72.6	66.1	59.6	69.7	4	100
11/07/2015 06:40	75.2	72.1	70.3	66.9	71.4	4	100
11/07/2015 06:45	76	72.6	67.8	69.7	72	4	100
11/07/2015 06:50	75.9	72.2	66.8	70.6	72.1	4	100
11/07/2015 06:55	75.6	71.8	71.9	72.8	73.3	4	100
11/07/2015 07:00	75.9	70.3	67.9	66	70.6	4	100
11/07/2015 07:05	75.7	72.1	62	64.9	70.2	4	100
11/07/2015 07:10	74.4	71.3	63.9	66.1	69.6	4	100
11/07/2015 07:15	73.3	70.6	67.6	66.8	69.9	4	100
11/07/2015 07:20	70.8	67.5	65.3	65.5	67.6	4	100
11/07/2015 07:25	71.4	69	67.9	58	67.2	4	100
11/07/2015 07:30	73	71.1	68.9	60.2	68.9	4	100
11/07/2015 07:35	72.7	71.5	73.8	59.4	68.7	4	100
11/07/2015 07:40	74.6	71.3	65.5	58.7	68.3	4	0
11/07/2015 07:45	73.3	72.7	67.4	59.3	68.9	4	100
11/07/2015 07:50	73.3	71.5	69.1	62.5	69.4	4	100
11/07/2015 07:55	73.4	71.6	71.5	64.5	70.4	4	100
11/07/2015 08:00	73	69.1	66.7	63.4	68.7	4	100
11/07/2015 08:05	73	70.3	62.5	64.9	68.6	4	100
11/07/2015 08:10	73.2	69.3	65	60.3	67.7	4	100
11/07/2015 08:15	72.5	68.6	66.7	56.8	67.4	4	100
11/07/2015 08:20	73.4	70.3	65.9	60.9	68.5	4	100
11/07/2015 08:25	73.2	70.1	64.5	61.8	68.3	4	100
11/07/2015 08:30	73.7	69.5	64.3	61.6	67.9	4	100
11/07/2015 08:35	72.7	69.7	65.1	61.6	67.9	4	100
11/07/2015 08:40	72.8	68.9	65.8	61.4	67.8	4	100
11/07/2015 08:45	73	69.2	65	60.7	67.7	4	100
11/07/2015 08:50	72.4	68.5	64	59.4	66.8	4	100
11/07/2015 08:55	72.5	69.1	67.4	61.6	68.1	4	100
11/07/2015 09:00	71.9	69	67.8	63.9	68.4	4	100
11/07/2015 09:05	71.9	69.2	64.8	61.3	67.6	4	100
11/07/2015 09:10	71.3	69	64.5	62.3	67.5	4	100
11/07/2015 09:15	69.6	66.3	63.3	57	64.6	4	100
11/07/2015 09:20	69.3	65.3	62.9	59.3	64.6	4	100
11/07/2015 09:25	69.6	65.6	63.9	61.2	65.7	4	100
11/07/2015 09:30	69.1	65.7	67.3	60	65.7	4	100
11/07/2015 09:35	68.5	64.2	65.2	56	63.8	4	100
11/07/2015 09:40	68.6	65.2	63.7	59.5	64.6	4	100
11/07/2015 09:45	69.7	66	64.4	58.5	65.2	4	100
11/07/2015 09:50	70	67.3	63.9	57.9	65.5	4	100
11/07/2015 09:55	70.7	66.7	66.4	59.6	66.4	4	100
11/07/2015 10:00	70	65.5	65.7	59.4	65.6	4	100
11/07/2015 10:05	69.6	65.5	64.6	56.5	64.7	4	100
11/07/2015 10:10	69.3	65.3	66.4	59	65.2	4	100
11/07/2015 10:15	69.5	66.1	66.2	59.3	65.6	4	100
11/07/2015 10:20	69.2	66	65.7	61.2	65.8	4	100
11/07/2015 10:25	69.3	66.2	65.5	61.6	66	4	100
11/07/2015 10:30	69.4	66.2	66.6	60.1	66	4	100
11/07/2015 10:35	69	66.6	63.5	59.3	65.2	4	100
11/07/2015 10:40	69.5	67.5	65.4	62.3	66.5	4	100
11/07/2015 10:45	68.8	66.5	65.2	62.9	66.2	4	100
11/07/2015 10:50	69.3	67.2	66.2	61.5	66.2	4	100
11/07/2015 10:55	69.4	66.5	64.2	58.8	64.9	4	100
11/07/2015 11:00	69.3	67.6	66.7	61.1	66.5	4	100
11/07/2015 11:05	69.3	67.2	64.9	63.1	66.4	4	100
11/07/2015 11:10	69.4	66.1	62.1	63.3	66	4	100
11/07/2015 11:15	68.4	66	65.2	60.4	65.3	4	100
11/07/2015 11:20	68.4	65.6	61.2	60.4	64.4	4	100
11/07/2015 11:25	68.1	65	62.4	60.4	64.3	4	100
11/07/2015 11:30	67.3	65	61.8	58.9	63.8	4	100
11/07/2015 11:35	68.6	65.5	63.6	58.7	64.5	4	100
11/07/2015 11:40	68.1	66.1	65.4	58.2	64.8	4	100
11/07/2015 11:45	68.6	66.3	67	58.8	65.2	4	100
11/07/2015 11:50	68.4	65.4	66.4	59.7	65.2	4	100
11/07/2015 11:55	67.6	66	65.1	60.9	65.2	4	100
11/07/2015 12:00	67.5	65.2	63.1	62.1	64.7	4	100
11/07/2015 12:05	68	65.3	61.2	60.2	64.2	4	100
11/07/2015 12:10	67	64.4	63.6	59.6	63.8	4	100
11/07/2015 12:15	67.3	65.7	64.8	59.7	64.6	4	100
11/07/2015 12:20	68.7	65.4	62.7	61.7	64.9	4	100
11/07/2015 12:25	67.7	65.2	61.1	60.2	64	4	100
11/07/2015 12:30	68.4	65.3	62.6	63	65.2	4	100
11/07/2015 12:35	68.7	65.2	62.6	62	64.9	4	100
11/07/2015 12:40	70.1	67.1	64.7	63.6	66.7	4	100
11/07/2015 12:45	70.7	66.7	63.2	62.5	66.3	4	100
11/07/2015 12:50	72.6	68.6	66.3	62	67.5	4	100
11/07/2015 12:55	72.3	68.2	64.3	63.4	67.4	4	100
11/07/2015 13:00	71.4	68	64.3	64.6	67.3	4	100
11/07/2015 13:05	71.5	69.1	64.6	65.9	68.2	4	100
11/07/2015 13:10	69.4	68.5	64	63.1	66.5	4	100
11/07/2015 13:15	68.2	66.7	63.5	60.8	65.1	4	100
11/07/2015 13:20	67.2	63.6	62.4	59.4	63.4	4	100
11/07/2015 13:25	67.3	64	62.5	61.3	64.2	4	100
11/07/2015 13:30	66.7	63.4	63.4	60.4	63.7	4	100
11/07/2015 13:35	67.1	63.9	65.5	60.5	64.4	4	100
11/07/2015 13:40	66.2	63.7	66.1	61.4	64.3	4	100
11/07/2015 13:45	67.4	64.1	63.6	59	63.9	4	100
11/07/2015 13:50	67.5	64.5	61.9	60.8	63.9	4	100
11/07/2015 13:55	65.6	65.1	63.3	60.2	63.8	4	100
11/07/2015 14:00	65.9	64.5	60.6	59.1	62.9	4	100
11/07/2015 14:05	65.7	63.4	60.7	59.1	62.6	4	100
11/07/2015 14:10	66.2	63	60.5	58.1	62.4	4	100
11/07/2015 14:15	66.5	63.6	62.1	56.4	62.4	4	100
11/07/2015 14:20	67.2	64.2	65.5	58.8	64	4	100
11/07/2015 14:25	66.8	63.7	65.3	59.6	63.9	4	100
11/07/2015 14:30	66.9	65	65.1	61.8	64.8	4	100
11/07/2015 14:35	66.2	65	65.1	63.2	65	4	100
11/07/2015 14:40	66	64.1	63.2	58.9	63.4	4	100
11/07/2015 14:45	66.3	63.8	62.7	60.2	63.5	4	100
11/07/2015 14:50	66.3	64.3	65.7	59.5	64	4	100
11/07/2015 14:55	65.5	63.4	65	60.1	63.5	4	100
11/07/2015 15:00	65.9	63	64.3	60.9	63.6	4	100
11/07/2015 15:05	65.6	62.9	61	61	62.9	4	100
11/07/2015 15:10	65.1	62.4	61.8	60.5	62.7	4	100
11/07/2015 15:15	65.3	63	63	61.2	63.3	4	100
11/07/2015 15:20	66.4	63.3	64	62.1	64.1	4	100
11/07/2015 15:25	65.9	62.9	65.6	62.6	64.2	4	100
11/07/2015 15:30	67	63.3	64.1	60.8	64.1	4	100
11/07/2015 15:35	65.6	61.8	63.9	60.8	63	4	100
11/07/2015 15:40	64.8	61.6	62.4	61.3	62.6	4	100
11/07/2015 15:45	63.9	62	64.2	60	62.5	4	100
11/07/2015 15:50	63.7	62	63.2	57.9	61.8	4	100
11/07/2015 15:55	65.1	62.7	65	61	63.4	4	100
11/07/2015 16:00	66	63.9	65.1	63	64.5	4	100
11/07/2015 16:05	66.3	63.8	62.8	62.3	64	4	100
11/07/2015 16:10	65.4	63.2	64.5	62.3	63.9	4	100
11/07/2015 16:15	65.4	63.1	64.8	62	63.8	4	100
11/07/2015 16:20	66.3	62.9	63.5	62.7	64	4	100
11/07/2015 16:25	65.5	62.4	62.2	61	62.9	4	100
11/07/2015 16:30	65	62.7	63.4	60.2	62.9	4	100
11/07/2015 16:35	64.7	63.2	64.1	60.3	63.1	4	100
11/07/2015 16:40	63.4	60.8	63.2	59.5	61.7	4	100
11/07/2015 16:45	64	60.9	64.3	61.6	62.6	4	100
11/07/2015 16:50	62.4	59.8	62.7	60.1	61.2	4	100
11/07/2015 16:55	62.9	60.7	62.8	59.9	61.5	4	100
11/07/2015 17:00	63	60.8	63.4	61.1	61.9	4	100
11/07/2015 17:05	63.2	61.3	63.3	59.5	61.8	4	100
11/07/2015 17:10	63.7	61.4	62.8	59.9	62	4	100
11/07/2015 17:15	64.1	62.7	65	61.7	63.3	4	100
11/07/2015 17:20	64.2	63.1	62.8	61.9	63.1	4	100
11/07/2015 17:25	63.7	61.4	64.6	60.8	62.4	4	100
11/07/2015 17:30	63.6	61.7	66.2	60.6	62.8	4	100
11/07/2015 17:35	63.8	61.2	64.4	58.7	61.9	4	100
11/07/2015 17:40	62.7	61.5	62.8	58.5	61.3	4	100
11/07/2015 17:45	63.1	61.3	64.5	61.3	62.4	4	100
11/07/2015 17:50	60.8	59.3	63.1	59.8	60.5	4	100
11/07/2015 17:55	61.7	60.8	63.2	60.9	61.5	4	100
11/07/2015 18:00	61.4	59.9	64.5	60.4	61.3	4	100
11/07/2015 18:05	62	61.4	62.4	58.8	61.1	4	100
11/07/2015 18:10	62	60.5	63.7	59.3	61.2	4	100
11/07/2015 18:15	61.8	60.8	63.3	58.1	60.8	4	100
11/07/2015 18:20	62	60.9	64.2	57.4	60.9	4	100
11/07/2015 18:25	62.7	61	65.6	59	61.8	4	100
11/07/2015 18:30	62.2	60.8	64.3	57.6	61.1	4	100
11/07/2015 18:35	61.6	61.8	65.8	59.6	61.8	4	100
11/07/2015 18:40	62.9	62.6	65.3	60	62.5	4	100
11/07/2015 18:45	62.8	62.4	66	59.5	62.6	4	100
11/07/2015 18:50	63.2	61.5	66.6	58.6	62.2	4	100
11/07/2015 18:55	63.4	61.5	65.2	56.8	61.6	4	100
11/07/2015 19:00	63.1	61.1	64.3	54.7	60.8	4	100
11/07/2015 19:05	64.5	62.5	64.5	59.4	62.8	4	100
11/07/2015 19:10	64.4	62.3	63.9	58.2	62.2	4	100
11/07/2015 19:15	64.4	62.1	63.9	57.9	62.2	4	100
11/07/2015 19:20	64.5	62.8	62.9	58.3	62.2	4	100
11/07/2015 19:25	64.5	62.6	64.3	58	62.5	4	100
11/07/2015 19:30	63.5	63	65.4	59.6	62.7	4	100
11/07/2015 19:35	63.7	62.9	65.5	57.2	62.2	4	100
11/07/2015 19:40	65.6	64.2	61.8	59.5	63.2	4	100
11/07/2015 19:45	65.6	62.7	65.4	58.7	63.2	4	100
11/07/2015 19:50	66.6	64.1	67	62.9	65.1	4	100
11/07/2015 19:55	66.8	64.5	67.4	59.8	64.8	4	100
11/07/2015 20:00	66.5	64.1	67.7	62.2	64.9	4	100
11/07/2015 20:05	67.8	64	67.4	62.4	65.3	4	100
11/07/2015 20:10	66.8	63.7	68.7	60.5	64.7	4	100
11/07/2015 20:15	68	64.6	70.1	59.1	65.1	4	100
11/07/2015 20:20	69.5	65.5	70.5	60.1	66.3	4	100
11/07/2015 20:25	69.3	66.6	69.3	58.5	65.8	4	100
11/07/2015 20:30	69.1	66.7	68	58.5	65.7	4	100
11/07/2015 20:35	68.7	66.9	65.4	59	65.1	4	100
11/07/2015 20:40	68.5	66.2	68.1	61.5	66	4	100
11/07/2015 20:45	68.2	66.2	65.9	60.9	65.6	4	100
11/07/2015 20:50	69.7	67.3	67.5	62.1	66.7	4	100
11/07/2015 20:55	69.8	68.3	67.9	61.2	67	4	100
11/07/2015 21:00	72.5	68.8	66.5	59.7	67.4	4	100
11/07/2015 21:05	73.5	70.1	68.7	59.6	68.3	4	100
11/07/2015 21:10	73.4	71	68.1	57.5	67.9	4	100
11/07/2015 21:15	74.5	70.5	69.1	60.7	68.5	4	100
11/07/2015 21:20	74.4	71	68.7	61.3	69.3	4	100
11/07/2015 21:25	73.9	70.5	67.7	61.1	68.7	4	100
11/07/2015 21:30	73.3	70.4	64.5	61.7	67.9	4	100
11/07/2015 21:35	73.7	69.9	68.5	60.8	68.6	4	100
11/07/2015 21:40	74.5	71.4	68.5	66.2	70.4	4	100
11/07/2015 21:45	74.7	71.2	67	62.1	69.5	4	100
11/07/2015 21:50	75.2	71.7	68	64.1	70.4	4	100
11/07/2015 21:55	74.8	71.8	65.8	65.4	70.1	4	100
11/07/2015 22:00	74.1	70.3	63.5	66.5	69.5	4	100
11/07/2015 22:05	72.5	69	63.4	62.5	67.9	4	100
11/07/2015 22:10	73.7	69.2	60.5	62.2	67.2	4	100
11/07/2015 22:15	73.6	69.8	61	62.5	67.8	4	100
11/07/2015 22:20	73.4	69.8	64.4	61.8	68.1	4	100
11/07/2015 22:25	74.4	70.3	66.2	63.5	69.1	4	100
11/07/2015 22:30	73	69.3	67	60.6	68.2	4	100
11/07/2015 22:35	73.1	70.2	67.1	58.5	67.5	4	100
11/07/2015 22:40	73.8	69.9	67.9	59.5	68.3	4	100
11/07/2015 22:45	74.5	69.7	67.6	61.4	68.5	4	100
11/07/2015 22:50	75.7	70.6	68.9	64.3	70.1	4	100
11/07/2015 22:55	74.8	70.6	67.6	63.8	69.5	4	100
11/07/2015 23:00	73.9	69.9	65	62.3	68.6	4	100
11/07/2015 23:05	75.5	69.7	65.4	61.5	68.6	4	100
11/07/2015 23:10	74.8	70.1	64.1	63.4	69	4	100
11/07/2015 23:15	75.2	70.9	64.1	62.7	69.1	4	100
11/07/2015 23:20	74.2	71	65.4	61.6	68.9	4	100
11/07/2015 23:25	73.4	69.1	64	64.8	68.5	4	100
11/07/2015 23:30	75.1	69.5	65.8	62.5	68.5	4	100
11/07/2015 23:35	74.5	70.3	65.9	61.5	68.9	4	100
11/07/2015 23:40	73.8	70.5	68.4	64	69.2	4	100
11/07/2015 23:45	74.9	69.9	68.5	62	68.9	4	100
11/07/2015 23:50	76.1	71.9	64.2	63.7	70.3	4	100
11/07/2015 23:55	75.9	70.5	64.8	60.8	68.8	4	100
11/08/2015 00:00	73.9	67.8	67.4	68.3	69.6	4	100
11/08/2015 00:05	74.6	70.6	68	67.7	70.4	4	100
11/08/2015 00:10	72.4	70.1	63.9	64.2	68.2	4	100
11/08/2015 00:15	73.3	70.2	65.2	65	68.9	4	100
11/08/2015 00:20	72.9	71.4	65.3	66.7	69.6	4	100
11/08/2015 00:25	72.9	72.1	65.1	66.5	69.9	4	100
11/08/2015 00:30	75	72.3	66.1	65.4	70.9	4	100
11/08/2015 00:35	75	72.1	68	66.9	70.9	4	100
11/08/2015 00:40	74.2	72.4	67.7	60.7	69.2	4	100
11/08/2015 00:45	75.3	71.7	66.6	58.8	69.1	4	100
11/08/2015 00:50	75	72.3	65.3	62.9	68.9	4	100
11/08/2015 00:55	74.8	71.4	65.3	66.3	69.8	4	100
11/08/2015 01:00	74.7	71.1	67.5	63.8	69.8	4	100
11/08/2015 01:05	74.8	70.9	67.3	58.7	68.4	4	100
11/08/2015 01:10	75.1	71.3	67.6	60.5	68.8	4	100
11/08/2015 01:15	74.9	71.3	67.7	62.4	69.5	4	100
11/08/2015 01:20	74.2	70.4	67.6	62.5	69	4	100
11/08/2015 01:25	74.5	70.5	67.6	57.2	66.1	4	100
11/08/2015 01:30	74.8	71.1	67.6	61.8	68.8	4	100
11/08/2015 01:35	74.9	71.2	67.8	63.4	69	4	100
11/08/2015 01:40	74.8	70.8	67.7	61.8	69.1	4	100
11/08/2015 01:45	75.3	71.7	68	63	70.1	4	100
11/08/2015 01:50	75.1	71.4	67.9	61.5	68.6	4	100
11/08/2015 01:55	74.6	71.4	68	62.5	68.9	4	100
11/08/2015 02:00	74.7	71.4	67	60	68.4	4	100
11/08/2015 02:05	74.7	71.1	67.1	57.9	67.3	4	100
11/08/2015 02:10	74.5	71.2	66.3	59.7	68.1	4	100
11/08/2015 02:15	74.9	71.7	67.1	62.5	69	4	100
11/08/2015 02:20	74.7	71.3	67.6	64.4	69	4	100
11/08/2015 02:25	74.8	71.3	67.9	61.4	69.1	4	100
11/08/2015 02:30	74.3	71.1	67	62.2	68.8	4	100
11/08/2015 02:35	74.1	71.3	66.8	59.4	67.4	4	100
11/08/2015 02:40	74.4	70.7	65.9	59.3	67.8	4	100
11/08/2015 02:45	74.6	70.8	66.9	60.9	67.3	4	100
11/08/2015 02:50	74.7	70.9	67.3	62.8	69.2	4	100
11/08/2015 02:55	74.8	70.7	67.5	61.9	68.7	4	100
11/08/2015 03:00	74.7	70.8	66.2	61.7	68.1	4	100
11/08/2015 03:05	74.5	70.9	66.5	60.1	68.6	4	100
11/08/2015 03:10	74.5	70.8	66.8	60.5	67.8	4	100
11/08/2015 03:15	74.5	70.6	66.7	61.6	69	4	100
11/08/2015 03:20	74.9	70.6	66.2	61.1	68.5	4	100
11/08/2015 03:25	74.8	70.2	67.1	62.4	68.8	4	100
11/08/2015 03:30	74.8	70.4	65.3	59.6	67	4	100
11/08/2015 03:35	74.8	70.8	66.8	61.6	67.5	4	100
11/08/2015 03:40	74.9	71.2	66.5	62.6	68	4	100
11/08/2015 03:45	74.9	70.7	66.6	61.9	67.4	4	100
11/08/2015 03:50	74.8	70.6	64.5	60.8	65.8	4	100
11/08/2015 03:55	74.8	70.7	66.2	62.1	70	4	100
11/08/2015 04:00	74.8	70.6	66.2	63.4	68.3	4	100
11/08/2015 04:05	74.8	70.7	66.6	62.6	67.6	4	100
11/08/2015 04:10	74.9	70.9	67.2	62.2	68.9	4	100
11/08/2015 04:15	74.4	70.6	66.7	62.4	69	4	100
11/08/2015 04:20	74.5	71.2	67.2	62.7	69.3	4	100
11/08/2015 04:25	74.6	71.2	67.5	62.7	69	4	100
11/08/2015 04:30	74.6	70.6	66.6	61.1	68	4	100
11/08/2015 04:35	74.5	70.6	67.2	59.4	67.3	4	100
11/08/2015 04:40	74.5	70.7	67.8	61.7	68.1	4	100
11/08/2015 04:45	74.7	70.8	67.9	63.4	68.3	4	100
11/08/2015 04:50	74.8	70.7	66.9	61.2	68.2	4	100
11/08/2015 04:55	74.7	70.9	67.2	63.1	68	4	100
11/08/2015 05:00	74.8	70.4	67.3	62.2	68.2	4	100
11/08/2015 05:05	74.8	70.4	67.5	57.6	66.7	4	100
11/08/2015 05:10	74.8	70.9	66.9	61.5	67.8	4	100
11/08/2015 05:15	74.7	71	66	63	68.2	4	100
11/08/2015 05:20	74.3	70.5	66.6	63.4	69.4	4	100
11/08/2015 05:25	74.5	70	66.3	63.9	68.7	4	100
11/08/2015 05:30	74.4	70.5	66.5	64.6	69	4	100
11/08/2015 05:35	74.5	70.9	67.4	65.7	69.3	4	100
11/08/2015 05:40	74.7	71.5	67.1	57.8	67.4	4	100
11/08/2015 05:45	74.8	70.4	67.9	61.1	68.3	4	100
11/08/2015 05:50	75.3	71.8	64	64.4	69.2	4	100
11/08/2015 05:55	75.2	71.1	65.9	65	69.6	4	100
11/08/2015 06:00	74.9	70.6	66	59.6	67.8	4	100
11/08/2015 06:05	74.6	70.8	66.2	59.9	67.8	4	100
11/08/2015 06:10	75	70.1	67.5	61	68.5	4	100
11/08/2015 06:15	74.4	70.1	67.1	59.8	68.5	4	100
11/08/2015 06:20	74.7	70.7	67.4	64	69.4	4	100
11/08/2015 06:25	73.9	70	67.8	62.1	68.5	4	100
11/08/2015 06:30	74.4	69.6	67.8	59.4	67.6	4	100
11/08/2015 06:35	74.5	70.8	68.2	59.3	68.2	4	100
11/08/2015 06:40	74.4	71.2	68.8	55.9	68.1	4	100
11/08/2015 06:45	74.9	71.4	67.5	58.8	68.4	4	100
11/08/2015 06:50	73.6	71.6	65.1	59.7	68	4	100
11/08/2015 06:55	74	71.9	66.4	65.1	69.8	4	100
11/08/2015 07:00	73.8	71.3	67.9	67.9	70.4	4	100
11/08/2015 07:05	74.4	72.7	68.7	66.2	70.7	4	100
11/08/2015 07:10	74.4	71.6	67.7	63.2	69.9	4	100
11/08/2015 07:15	74.6	71.5	66.6	62.3	69	4	100
11/08/2015 07:20	73.8	71.6	67.4	62.9	69.1	4	100
11/08/2015 07:25	74	71.7	67	63.5	69.4	4	100
11/08/2015 07:30	73	69.7	65.8	62.1	68	4	100
11/08/2015 07:35	73.4	71.1	69.5	61	68.8	4	100
11/08/2015 07:40	74	70.8	69.6	62.6	69	4	100
11/08/2015 07:45	74.1	71.1	69.1	63	69.6	4	100
11/08/2015 07:50	74.3	70.7	63.3	62.5	69.1	4	100
11/08/2015 07:55	73.6	70	63.1	62	67.7	4	100
11/08/2015 08:00	73.9	69.6	65.3	59.7	67.6	4	100
11/08/2015 08:05	73.6	70.1	68.6	56.5	67.5	4	100
11/08/2015 08:10	74.1	71.7	68.5	62.1	69.2	4	100
11/08/2015 08:15	73.7	70.1	68.1	60.7	68.6	4	100
11/08/2015 08:20	74.3	70.8	66.7	59.3	67.9	4	100
11/08/2015 08:25	73.6	70.5	68.1	62.4	68.9	4	100
11/08/2015 08:30	71.7	70	66.9	59.5	67.3	4	100
11/08/2015 08:35	71.9	69.5	69.1	59.2	67.4	4	100
11/08/2015 08:40	71.9	69	70.8	61.1	68.3	4	100
11/08/2015 08:45	71.4	69	70	63.9	68.5	4	100
11/08/2015 08:50	71.6	68.6	68	61	67.5	4	100
11/08/2015 08:55	72.5	68.3	69.6	61.9	68.2	4	100
11/08/2015 09:00	71.5	68.1	65.8	62.9	67.5	4	100
11/08/2015 09:05	71.7	69	65.2	60.6	67.3	4	100
11/08/2015 09:10	72.1	68.4	63.8	58.4	66.4	4	100
11/08/2015 09:15	70.8	68.3	65.3	60.6	66.6	4	100
11/08/2015 09:20	70.8	68.3	66.7	64.9	68	4	100
11/08/2015 09:25	70.5	67.2	67.3	63.3	67.1	4	100
11/08/2015 09:30	71.4	67.6	62.9	65.5	67.6	4	100
11/08/2015 09:35	71.2	68.2	64	61.8	67	4	100
11/08/2015 09:40	70.3	68	65.8	59.3	66.4	4	100
11/08/2015 09:45	70.1	68.6	68.2	62.2	67.4	4	100
11/08/2015 09:50	69.5	68.4	68.6	63.1	67.5	4	100
11/08/2015 09:55	70.1	68.9	67.6	62.4	67.6	4	100
11/08/2015 10:00	69.9	68.9	64.5	60	66.1	4	100
11/08/2015 10:05	69.8	68.2	62.8	63	66.6	4	100
11/08/2015 10:10	70.6	68.8	64.9	64.8	67.9	4	100
11/08/2015 10:15	70.6	68	64.9	62.2	66.8	4	100
11/08/2015 10:20	69.5	66.5	61.8	60.7	65.3	4	100
11/08/2015 10:25	69.1	66.9	65.4	59	65.6	4	100
11/08/2015 10:30	68.7	66.9	63.5	58.6	64.8	4	100
11/08/2015 10:35	69.1	67.8	65.5	61.1	66.2	4	100
11/08/2015 10:40	69	67.8	65.1	59.8	65.8	4	100
11/08/2015 10:45	69.4	67.8	66.8	58.9	66.2	4	100
11/08/2015 10:50	66.5	65.5	65.9	58.2	64	4	100
11/08/2015 10:55	67.1	65.7	64.5	60.8	64.8	4	100
11/08/2015 11:00	40.1	41.5	51.8	40.7	43.6	4	100
11/08/2015 11:05	28.9	28.6	36.4	28.6	30.7	4	100
11/08/2015 11:10	30.4	35.9	44.5	36.3	36.3	4	100
11/08/2015 11:15	49.4	51.1	53.4	47.4	50.1	4	100
11/08/2015 11:20	58.8	58.8	59	54.4	57.7	4	100
11/08/2015 11:25	64.7	63.2	63.6	58	62.6	4	100
11/08/2015 11:30	67	65.4	64.4	60.7	64.6	4	100
11/08/2015 11:35	69	66.6	65	59	65.4	4	100
11/08/2015 11:40	70.1	66.6	65.9	59.6	66.1	4	100
11/08/2015 11:45	69.2	65.6	65.1	58.1	65	4	100
11/08/2015 11:50	68.4	66.7	65.7	60.6	65.6	4	100
11/08/2015 11:55	44.9	51.1	57	48.7	50.3	4	100
11/08/2015 12:00	38.1	40.4	54.8	44.7	43.9	4	100
11/08/2015 12:05	53.5	53.1	61.6	53.6	54.7	4	100
11/08/2015 12:10	61.3	59.8	61.9	59	60.4	4	100
11/08/2015 12:15	65.1	63.9	64.4	57.9	63.1	4	100
11/08/2015 12:20	66.7	65.3	64.1	56.6	63.6	4	100
11/08/2015 12:25	69.3	66.7	64	58.1	64.8	4	100
11/08/2015 12:30	68.9	67.5	65.5	60.5	66	4	100
11/08/2015 12:35	69.1	67.8	64.5	61.6	66.3	4	100
11/08/2015 12:40	69.9	67.7	66.3	63.1	67	4	100
11/08/2015 12:45	70	67.9	64.7	61	66.2	4	100
11/08/2015 12:50	69.7	66.6	63.2	60	65.4	4	100
11/08/2015 12:55	69.6	66.5	65	58.3	65.3	4	100
11/08/2015 13:00	69.6	66.4	64.9	60.4	65.8	4	100
11/08/2015 13:05	69.1	65.9	61.3	61	64.9	4	100
11/08/2015 13:10	68.2	64.4	62.2	60.6	64.4	4	100
11/08/2015 13:15	66.7	64.1	63.6	60.1	63.8	4	100
11/08/2015 13:20	68	65.1	62.9	58.9	64.2	4	100
11/08/2015 13:25	67.1	65.5	61.5	57.6	63.3	4	100
11/08/2015 13:30	67.3	65.7	62.1	58.9	63.9	4	100
11/08/2015 13:35	67.4	66.2	63.6	59.8	64.6	4	100
11/08/2015 13:40	67.7	65.7	65.8	61	65	4	100
11/08/2015 13:45	67.5	64.7	66.5	61.2	65.1	4	100
11/08/2015 13:50	67.6	64.5	65.2	58.4	64.2	4	100
11/08/2015 13:55	67.4	65	63.9	60.4	64.5	4	100
11/08/2015 14:00	67.8	64.8	66	60.5	64.8	4	100
11/08/2015 14:05	67.4	65.6	66	60	64.8	4	100
11/08/2015 14:10	67.3	66.4	66.9	59.8	65.1	4	100
11/08/2015 14:15	67.8	65.5	63.2	59	64.3	4	100
11/08/2015 14:20	66.5	64.7	63.7	58.6	63.6	4	100
11/08/2015 14:25	67.2	65.1	63.4	57.8	63.7	4	100
11/08/2015 14:30	65.3	64.1	62.2	56.6	62.4	4	100
11/08/2015 14:35	66.6	64.8	63.6	59	63.8	4	100
11/08/2015 14:40	66.1	64.3	64.3	57.8	63.5	4	100
11/08/2015 14:45	66.9	64.1	63.1	59	63.5	4	100
11/08/2015 14:50	66.9	65.2	64.4	58.5	64.1	4	100
11/08/2015 14:55	65.4	65.1	62.6	61	63.7	4	100
11/08/2015 15:00	65.8	64.2	63.2	61	63.8	4	100
11/08/2015 15:05	65.9	64.1	65	60	63.8	4	100
11/08/2015 15:10	65.8	64.4	66.1	60.3	64.1	4	100
11/08/2015 15:15	66.2	64.7	66.1	58.8	64.1	4	100
11/08/2015 15:20	65.9	63.3	64.1	60.5	63.5	4	100
11/08/2015 15:25	67.3	64.8	62.8	59.2	63.7	4	100
11/08/2015 15:30	66.3	64.9	64.4	58.9	63.9	4	100
11/08/2015 15:35	65.9	64.2	62.2	59.1	63.1	4	100
11/08/2015 15:40	66.3	65.1	61.8	59.8	63.7	4	100
11/08/2015 15:45	66.5	64.5	63.9	59.3	63.8	4	100
11/08/2015 15:50	66.3	63.9	65.6	59.8	63.9	4	100
11/08/2015 15:55	65.8	63.9	64.2	57.4	63	4	100
11/08/2015 16:00	66.5	64.4	64.3	59.3	63.9	4	100
11/08/2015 16:05	65.4	63.9	63.4	57.8	62.8	4	100
11/08/2015 16:10	66	63.9	63.4	58	63.1	4	100
11/08/2015 16:15	66.3	64.4	65.7	59.2	64	4	100
11/08/2015 16:20	64.6	63.4	64	58.1	62.6	4	100
11/08/2015 16:25	65.7	63.7	63.2	59.5	63.3	4	100
11/08/2015 16:30	66.1	64.2	62.8	60.6	63.7	4	100
11/08/2015 16:35	65.9	63.8	62.5	60.2	63.4	4	100
11/08/2015 16:40	66.7	64	64.8	60.4	64.1	4	100
11/08/2015 16:45	64.8	63.5	63.3	56.8	62.5	4	100
11/08/2015 16:50	65	64.1	64.2	58.7	63.3	4	100
11/08/2015 16:55	65.8	64.3	62.7	58.7	63.3	4	100
11/08/2015 17:00	65	63.2	62.4	58.5	62.5	4	100
11/08/2015 17:05	65.4	62.8	61.7	59.4	62.6	4	100
11/08/2015 17:10	65.7	63.4	62	58.3	62.6	4	100
11/08/2015 17:15	65	63.1	61.9	58.1	62.2	4	100
11/08/2015 17:20	63.1	62.2	63.9	56.7	61.4	4	100
11/08/2015 17:25	63	61.9	62.1	57.2	61.2	4	100
11/08/2015 17:30	62.3	61.2	62.2	57.9	60.9	4	100
11/08/2015 17:35	62.5	60.8	63.3	56.7	60.7	4	100
11/08/2015 17:40	62.3	60.8	62.6	55.5	60.4	4	100
11/08/2015 17:45	63	61	63.3	55	60.6	4	100
11/08/2015 17:50	64.9	62	61.4	57.1	61.5	4	100
11/08/2015 17:55	63.5	62.1	63.5	57.4	61.6	4	100
11/08/2015 18:00	64.4	62.5	63.6	59.1	62.3	4	100
11/08/2015 18:05	63.2	62.1	65.1	59.3	62.2	4	100
11/08/2015 18:10	62.5	61.7	65.2	57.9	61.7	4	100
11/08/2015 18:15	62.7	61.3	62.1	56.8	60.7	4	100
11/08/2015 18:20	63.6	62.1	64.1	54.5	61.2	4	100
11/08/2015 18:25	64.5	62.8	64.2	58	62.4	4	100
11/08/2015 18:30	64.6	62.7	65	59.7	63	4	100
11/08/2015 18:35	64.3	63.5	65.2	57.8	62.5	4	100
11/08/2015 18:40	65.3	63.8	66.5	57	63.2	4	100
11/08/2015 18:45	63.9	63.4	62.9	57	61.8	4	100
11/08/2015 18:50	64.1	62.2	62	57.5	61.7	4	100
11/08/2015 18:55	64.2	61.3	62.9	54.9	60.9	4	100
11/08/2015 19:00	64.3	61.7	63.7	54.7	61.1	4	100
11/08/2015 19:05	64.1	62.9	64.7	55.5	61.7	4	100
11/08/2015 19:10	65	63.4	68.6	56.5	63.1	4	100
11/08/2015 19:15	65.7	64.2	68.1	59	64.1	4	100
11/08/2015 19:20	64.9	63.4	68	60.1	63.7	4	100
11/08/2015 19:25	66	64	69.3	59.1	64.2	4	100
11/08/2015 19:30	64.8	63.3	71	58.8	63.9	4	100
11/08/2015 19:35	65.2	63.4	69	55.6	63	4	100
11/08/2015 19:40	64.9	63.6	68.4	57.7	63.4	4	100
11/08/2015 19:45	64.8	63.7	68.6	57	63.3	4	100
11/08/2015 19:50	66.2	65.3	69.6	58.1	64.4	4	100
11/08/2015 19:55	65.6	64.5	69.4	54.2	63.5	4	100
11/08/2015 20:00	65.9	64.2	67.4	54.2	63.2	4	100
11/08/2015 20:05	65.7	64.9	69.1	54.1	63.3	4	100
11/08/2015 20:10	66.3	65	67.3	55.6	63.6	4	100
11/08/2015 20:15	66.6	65.6	66.7	57.8	64.3	4	100
11/08/2015 20:20	66.8	65.5	65.9	58.2	64.1	4	100
11/08/2015 20:25	66.8	66.2	70.6	58.6	65.3	4	100
11/08/2015 20:30	66.8	65.3	70.9	55.3	64.6	4	100
11/08/2015 20:35	67.2	65.2	68.8	55.6	64.1	4	100
11/08/2015 20:40	67.4	65.6	66.5	58.7	64.7	4	100
11/08/2015 20:45	66.3	65.8	66.7	57.2	64.1	4	100
11/08/2015 20:50	67.4	67.6	68.2	56.7	65.1	4	100
11/08/2015 20:55	67.3	66.5	65.6	58.5	64.6	4	100
11/08/2015 21:00	70.5	67.5	63.5	60.7	66.2	4	100
11/08/2015 21:05	71.1	69.1	66.9	59.9	67.6	4	100
11/08/2015 21:10	72.3	69.9	66	59.1	67.5	4	100
11/08/2015 21:15	73.6	70.2	64.9	62.2	68.3	4	100
11/08/2015 21:20	74.1	71.7	66.7	61.4	69.5	4	100
11/08/2015 21:25	72.9	71.5	67	60.6	68.5	4	100
11/08/2015 21:30	73.7	71.2	67.6	60.9	69.3	4	100
11/08/2015 21:35	72.6	71.1	65.4	60.9	68.3	4	100
11/08/2015 21:40	73.9	71.7	63.5	60.4	68.9	4	100
11/08/2015 21:45	74.4	71	65	59.4	67.9	4	100
11/08/2015 21:50	74.5	70.5	68.6	61.8	69.7	4	100
11/08/2015 21:55	74	71.6	67.8	59.6	68.8	4	100
11/08/2015 22:00	74.8	70.6	66.1	60.8	69.3	4	100
11/08/2015 22:05	74.9	70.6	65.1	59.4	68.5	4	100
11/08/2015 22:10	75	69.6	66.2	57.4	68	4	100
11/08/2015 22:15	75	71	63.9	59.7	68	4	100
11/08/2015 22:20	75.4	71.2	64.2	63	69.4	4	100
11/08/2015 22:25	74.4	70.5	67	65.6	69.7	4	100
11/08/2015 22:30	74.2	70.8	68.7	66.6	70.4	4	100
11/08/2015 22:35	74.4	70.9	63.2	66	69.5	4	100
11/08/2015 22:40	75	71.3	65.1	60.9	68.9	4	100
11/08/2015 22:45	75.4	71.4	67.6	62.4	69.8	4	100
11/08/2015 22:50	76.2	72	66.4	60.9	69.4	4	100
11/08/2015 22:55	75.8	71.5	68.4	58.1	69	4	100
11/08/2015 23:00	74.4	71.5	63.9	56.9	67.7	4	100
11/08/2015 23:05	74.4	71.3	63.5	64.4	69.4	4	100
11/08/2015 23:10	73.7	70.7	60.4	60.5	67.7	4	100
11/08/2015 23:15	75.1	71.7	63.8	64.3	69.7	4	100
11/08/2015 23:20	74.4	69.7	66.5	61.6	68.4	4	100
11/08/2015 23:25	74	70.5	68	61.5	69.2	4	100
11/08/2015 23:30	74	69.1	66.9	63.9	69	4	100
11/08/2015 23:35	75.2	68.2	67.5	64.4	68.8	4	100
11/08/2015 23:40	75.1	68.6	68.1	65.5	69.5	4	100
11/08/2015 23:45	76.4	70.2	67.2	66.4	70.8	4	100
11/08/2015 23:50	75.2	71.5	66.4	65.3	70	4	100
11/08/2015 23:55	74.7	70	65.8	63.8	69.1	4	100
