5 Minutes	Lane 1 Speed (mph)	Lane 2 Speed (mph)	Lane 3 Speed (mph)	Lane 4 Speed (mph)	Speed (mph)	# Lane Points	% Observed
11/09/2015 00:00	74.8	71	67.4	62.8	69.1	4	100
11/09/2015 00:05	74.8	70.9	66.7	66.2	69.9	4	100
11/09/2015 00:10	75	70.7	66.7	64.7	69.4	4	100
11/09/2015 00:15	74.9	71	67.2	59.8	68.3	4	100
11/09/2015 00:20	74.6	70.7	67.5	61.8	68.7	4	100
11/09/2015 00:25	74.6	71.2	68	59.5	67.8	4	100
11/09/2015 00:30	74.4	71.6	62.6	61.1	67.9	4	100
11/09/2015 00:35	74.8	70.5	64.3	61.4	68.1	4	100
11/09/2015 00:40	74.7	70.9	66.3	63.2	69.2	4	100
11/09/2015 00:45	74.4	71.1	66.5	62.1	69.3	4	100
11/09/2015 00:50	74.7	71.3	65.9	62.4	69.2	4	100
11/09/2015 00:55	74.8	71.5	66.4	63.9	69.6	4	100
11/09/2015 01:00	74.7	71.6	67.4	65.3	70	4	100
11/09/2015 01:05	74.6	70.9	68.6	66.4	69.9	4	100
11/09/2015 01:10	74.8	71.2	68.3	66.8	70	4	100
11/09/2015 01:15	74.7	71	67.8	66.9	69.5	4	100
11/09/2015 01:20	74.9	71	68	65.4	70	4	100
11/09/2015 01:25	74.8	70.9	68.5	61.7	67.5	4	100
11/09/2015 01:30	74.6	71	64.7	63.2	68.5	4	100
11/09/2015 01:35	74.4	71.2	66.4	65	69	4	100
11/09/2015 01:40	74.5	70.8	66.8	64.6	68.6	4	100
11/09/2015 01:45	74.7	71.1	66.7	62.9	68.7	4	100
11/09/2015 01:50	74.8	70.8	66.3	64.2	68.7	4	100
11/09/2015 01:55	74.8	70.4	65.8	64.4	68.1	4	100
11/09/2015 02:00	74.7	70.9	63.4	60.3	66.4	4	100
11/09/2015 02:05	74.7	70.9	66.3	63.1	67.7	4	100
11/09/2015 02:10	74.8	71	66.9	63.5	68.5	4	100
11/09/2015 02:15	74.7	71.1	65.6	63.7	68.5	4	100
11/09/2015 02:20	74.7	71	66.6	62.6	67.9	4	100
11/09/2015 02:25	74.6	71	67.3	64.1	67.9	4	100
11/09/2015 02:30	74.8	71	66.9	63.4	68.9	4	100
11/09/2015 02:35	74.9	71.1	67.1	62.3	68.1	4	100
11/09/2015 02:40	74.8	71	67.3	63.4	68.7	4	100
11/09/2015 02:45	74.8	70.8	68	63.7	69.1	4	100
11/09/2015 02:50	74.8	70.7	67.2	64.3	68.3	4	100
11/09/2015 02:55	74.7	70.7	66.1	63.6	68.1	4	100
11/09/2015 03:00	74.5	70.9	67.1	63.2	68.4	4	100
11/09/2015 03:05	74.7	71	68	63.5	68	4	100
11/09/2015 03:10	74.8	71.1	67.3	64	68.8	4	100
11/09/2015 03:15	75	71.1	65.4	63.7	68.5	4	100
11/09/2015 03:20	74.8	71	66.1	62.2	67.7	4	100
11/09/2015 03:25	74.8	70.9	66.7	62.3	68.2	4	100
11/09/2015 03:30	74.9	70.9	67.6	62.7	68.2	4	100
11/09/2015 03:35	74.8	70.9	67.7	63.5	68.8	4	100
11/09/2015 03:40	74.9	71	67.2	64	68.6	4	100
11/09/2015 03:45	74.8	70.9	68.1	63.6	68.7	4	100
11/09/2015 03:50	74.7	70.8	67.2	59.4	66.5	4	100
11/09/2015 03:55	74.7	70.8	65.6	54.8	64.7	4	100
11/09/2015 04:00	74.8	71	64	58.2	66.2	4	100
11/09/2015 04:05	74.9	71	65.4	59.1	67.5	4	100
11/09/2015 04:10	74.9	70.8	67	57.6	67.7	4	100
11/09/2015 04:15	74.7	70.8	65	59.7	67.7	4	100
11/09/2015 04:20	74.7	71	67	59.6	67.6	4	100
11/09/2015 04:25	74.7	70.8	66.7	57.4	66.1	4	100
11/09/2015 04:30	74.8	70	64.9	58.8	68.1	4	100
11/09/2015 04:35	74.1	70.2	66.7	61.8	68.3	4	100
11/09/2015 04:40	73.7	69.8	65.5	65.4	69.1	4	100
11/09/2015 04:45	74	70.9	65	71	70.9	4	100
11/09/2015 04:50	74.5	71.3	65.5	67.8	70	4	100
11/09/2015 04:55	74.7	71.2	67.3	68.9	70.9	4	100
11/09/2015 05:00	73.4	69.7	66.5	63.4	68.6	4	100
11/09/2015 05:05	74.2	70.2	66.7	65.3	69.5	4	100
11/09/2015 05:10	73.2	69.3	67.8	61.9	68.4	4	100
11/09/2015 05:15	74.1	68.7	65.7	59.4	67.4	4	100
11/09/2015 05:20	74.3	69.5	67.5	54.3	66.8	4	100
11/09/2015 05:25	73.4	70	68.5	59.3	68.3	4	100
11/09/2015 05:30	73.8	70.5	65.1	64.2	69.5	4	100
11/09/2015 05:35	71.7	69.2	66.4	59.2	67.5	4	100
11/09/2015 05:40	73.2	68.5	65.1	59.5	67.7	4	100
11/09/2015 05:45	73	69.3	66.2	62.3	68.2	4	100
11/09/2015 05:50	73.5	69.6	67.5	67.2	70.1	4	100
11/09/2015 05:55	73	70.4	65.4	69.5	70.5	4	100
11/09/2015 06:00	74.1	72.1	69.2	63.7	70.7	4	100
11/09/2015 06:05	74.5	70.8	63.8	62.1	69.1	4	100
11/09/2015 06:10	74	71	64.5	62.9	69.2	4	100
11/09/2015 06:15	73.5	70.8	63.8	64.1	69.1	4	100
11/09/2015 06:20	73.6	71.3	66.8	62.1	69.2	4	100
11/09/2015 06:25	73.7	71.1	66.5	61.6	69.4	4	100
11/09/2015 06:30	73.7	70.3	66.6	59.5	68.4	4	100
11/09/2015 06:35	74.4	70.9	62.8	60	68.4	4	100
11/09/2015 06:40	75.5	70.7	66.5	63.3	70.1	4	100
11/09/2015 06:45	75.3	71.7	65.8	63	70.2	4	100
11/09/2015 06:50	75.4	71.1	68.5	63.8	70.4	4	100
11/09/2015 06:55	74.4	70.5	71	65.6	70.8	4	100
11/09/2015 07:00	74.5	70.7	66.6	59.4	68.9	4	100
11/09/2015 07:05	74.5	70.2	66.4	63.3	69.4	4	100
11/09/2015 07:10	74.2	69.5	67.1	66	69.7	4	100
11/09/2015 07:15	74.4	69.8	68.2	64	69.5	4	100
11/09/2015 07:20	73.6	68.7	66.3	64.5	68.9	4	100
11/09/2015 07:25	72.7	68.5	63.6	62.6	67.7	4	100
11/09/2015 07:30	71.1	67.5	64	63.2	67.1	4	100
11/09/2015 07:35	71.7	68.2	64.1	63	67.5	4	100
11/09/2015 07:40	69.7	67.1	62.3	60	65.4	4	100
11/09/2015 07:45	71.4	67.5	63.5	61	66.5	4	100
11/09/2015 07:50	71.5	67.7	63.9	62.4	66.9	4	100
11/09/2015 07:55	69.8	67.5	68	59.8	66.7	4	100
11/09/2015 08:00	71.3	67.9	65.2	60	66.7	4	100
11/09/2015 08:05	71.7	67.9	64.1	61.5	67	4	100
11/09/2015 08:10	71.9	67.8	65.9	62.4	67.4	4	100
11/09/2015 08:15	71.6	67.1	60.7	62.2	66.3	4	100
11/09/2015 08:20	70.4	66.9	61.9	63	66.1	4	100
11/09/2015 08:25	69.2	65.8	59.1	60.1	64.6	4	100
11/09/2015 08:30	69.7	65.9	59.3	59.1	64.5	4	100
11/09/2015 08:35	70.1	65.5	60.2	60.5	64.8	4	100
11/09/2015 08:40	70.4	66.6	62.2	61.2	65.8	4	100
11/09/2015 08:45	72	67.1	64.8	64.4	67.6	4	100
11/09/2015 08:50	72.9	68.1	63	62.2	67.3	4	100
11/09/2015 08:55	72.4	68.6	64	60.1	67	4	100
11/09/2015 09:00	72.3	69	65.3	60.3	67.4	4	100
11/09/2015 09:05	72.7	69.2	58.6	58.8	66.1	4	100
11/09/2015 09:10	72	67.8	61.5	57.5	65.4	4	100
11/09/2015 09:15	72.8	67.4	60.7	57.5	65.6	4	100
11/09/2015 09:20	73.8	68.1	65.1	58.7	67.2	4	100
11/09/2015 09:25	73.7	68.2	62.6	57.3	66.6	4	100
11/09/2015 09:30	73.1	67.6	58.2	52.5	64.3	4	100
11/09/2015 09:35	72.8	67.8	62.1	55.9	65.8	4	100
11/09/2015 09:40	73.3	68.5	61.3	56.1	65.4	4	100
11/09/2015 09:45	73	68.7	61	56.6	66	4	100
11/09/2015 09:50	73.7	69.8	60.4	59.6	67.1	4	100
11/09/2015 09:55	73.1	67.9	56.3	56.8	64.8	4	100
11/09/2015 10:00	73.3	67.9	58.4	59.4	65.6	4	100
11/09/2015 10:05	72.8	55.2	60.8	58.1	62.2	4	100
11/09/2015 10:10	71.3	60.8	52.9	57	61.8	4	100
11/09/2015 10:15	72.3	64.3	56.9	56	63.8	4	100
11/09/2015 10:20	70.5	65.6	54.8	56.2	63.3	4	100
11/09/2015 10:25	70.6	65.9	58.3	54.1	63.2	4	100
11/09/2015 10:30	71	66.5	62	53.6	63.8	4	100
11/09/2015 10:35	71.8	65.5	59.1	53.3	63.4	4	100
11/09/2015 10:40	71.4	65.2	58.3	54.7	63.5	4	100
11/09/2015 10:45	71.3	65.6	59.5	54.4	63.5	4	100
11/09/2015 10:50	71.3	65.9	61.9	53.3	63.9	4	100
11/09/2015 10:55	70.3	65	57.5	55	62.6	4	100
11/09/2015 11:00	70.1	65.7	54.6	53.5	62.3	4	100
11/09/2015 11:05	69.6	65.4	50.3	52.9	61.6	4	100
11/09/2015 11:10	69.6	65.3	52.2	53.2	61.9	4	100
11/09/2015 11:15	69.7	66.7	52.6	52.2	61.7	4	100
11/09/2015 11:20	69.4	65.8	57.3	48.4	61.6	4	100
11/09/2015 11:25	71.1	67.3	56.8	51.9	63.6	4	100
11/09/2015 11:30	70.6	66.5	59.2	54.9	63.6	4	100
11/09/2015 11:35	68.1	64.4	57	53	61.6	4	100
11/09/2015 11:40	70.2	65.4	58.4	49.5	62	4	100
11/09/2015 11:45	71.5	66.9	60.6	55.2	64.6	4	100
11/09/2015 11:50	72.3	67.6	58.7	49.2	63.8	4	100
11/09/2015 11:55	71.7	67.8	59.7	50	63.7	4	100
11/09/2015 12:00	70.9	66.9	61.7	47.7	63.2	4	100
11/09/2015 12:05	71	67.2	58.9	49.1	62.8	4	100
11/09/2015 12:10	71.4	66	58.8	47.5	61.6	4	100
11/09/2015 12:15	70.8	65.8	57.8	50.7	62.3	4	100
11/09/2015 12:20	70.4	65.4	57.9	49.1	62	4	100
11/09/2015 12:25	70.9	66	55.5	53.2	62.6	4	100
11/09/2015 12:30	71.1	65.7	57.2	50.7	62.4	4	100
11/09/2015 12:35	69.4	65.1	58.5	54.3	62.5	4	100
11/09/2015 12:40	69.5	65.5	59	54.1	62.9	4	100
11/09/2015 12:45	69.4	66.6	59	53.2	63.2	4	100
11/09/2015 12:50	70.3	66.2	53.9	54.8	62.8	4	100
11/09/2015 12:55	69.5	65.3	56.6	53.9	62.4	4	100
11/09/2015 13:00	69.9	65	56.8	53.7	62.5	4	100
11/09/2015 13:05	69.9	65.1	58.6	54.9	62.8	4	100
11/09/2015 13:10	69.2	64.7	57.9	52.5	62.3	4	100
11/09/2015 13:15	68.3	65.6	54.4	55.2	61.9	4	100
11/09/2015 13:20	67.3	64	53.4	51.5	60.5	4	100
11/09/2015 13:25	67.7	63.6	55.5	51.1	60.9	4	100
11/09/2015 13:30	67.6	63.8	57.2	50.7	60.8	4	100
11/09/2015 13:35	67.9	63.8	57.2	48.9	60.7	4	100
11/09/2015 13:40	67.7	63.7	58.2	52.2	61.5	4	100
11/09/2015 13:45	67.7	63.8	57.8	50.7	61.2	4	100
11/09/2015 13:50	67.6	64.2	61.3	51.9	62.2	4	100
11/09/2015 13:55	68.4	64.8	58.3	53.5	62.2	4	100
11/09/2015 14:00	68.5	64.6	58.6	54.5	62.4	4	100
11/09/2015 14:05	67.7	63.9	58.5	54.8	61.8	4	100
11/09/2015 14:10	66.6	63.8	59.1	55.3	62	4	100
11/09/2015 14:15	68.5	63.5	59.5	56	62.5	4	100
11/09/2015 14:20	67.7	63.6	56.7	55.8	61.9	4	100
11/09/2015 14:25	67.1	63.3	55.6	56.3	61.7	4	100
11/09/2015 14:30	66.6	63.7	58.6	57.1	62.1	4	100
11/09/2015 14:35	66.1	61.9	58.9	55.3	61.2	4	100
11/09/2015 14:40	63.7	60.1	57.5	53.1	59.1	4	100
11/09/2015 14:45	62.3	59.3	58.9	54.6	59	4	100
11/09/2015 14:50	63.3	60.9	57.2	52.7	59	4	100
11/09/2015 14:55	63.9	60.4	56.4	51.4	58.5	4	100
11/09/2015 15:00	63.6	60.5	56.6	51.3	58.7	4	100
11/09/2015 15:05	63.5	60.5	59.3	53.4	59.5	4	100
11/09/2015 15:10	63.7	60.7	61.1	52.4	59.7	4	100
11/09/2015 15:15	63.3	60.2	59.9	54.5	59.6	4	100
11/09/2015 15:20	62.8	59.9	60.7	55.3	59.9	4	100
11/09/2015 15:25	61.9	59.3	57.9	52	58	4	100
11/09/2015 15:30	60.6	58.4	57.5	52.7	57.4	4	100
11/09/2015 15:35	52.1	50.5	51.4	48.4	50.6	4	100
11/09/2015 15:40	34.2	34.3	41.7	34.4	36.4	4	100
11/09/2015 15:45	33.8	34.7	42.2	35.2	36.3	4	100
11/09/2015 15:50	30.9	33.3	38.7	33.2	33.9	4	100
11/09/2015 15:55	42.5	42.9	44.1	42.5	43	4	100
11/09/2015 16:00	53.3	51	51.7	47.6	51	4	100
11/09/2015 16:05	57.8	56	55.1	53.8	55.7	4	100
11/09/2015 16:10	58.9	57.2	55.4	52.1	56.1	4	100
11/09/2015 16:15	57.2	56.6	56.3	52.7	55.7	4	100
11/09/2015 16:20	44.8	47.4	47.2	46.4	46.5	4	100
11/09/2015 16:25	37.8	40.3	39.9	41.3	39.8	4	100
11/09/2015 16:30	37.6	38.6	41	39.2	39.1	4	100
11/09/2015 16:35	27.2	28.9	33.6	30.2	30	4	100
11/09/2015 16:40	32.1	30.8	35.4	31.9	32.5	4	100
11/09/2015 16:45	30.8	30.4	38.5	29.3	32.2	4	100
11/09/2015 16:50	25.6	23.4	35	27.9	28.2	4	100
11/09/2015 16:55	23.5	26	36.5	28	28.7	4	100
11/09/2015 17:00	28.3	30.5	36	30.8	31.4	4	100
11/09/2015 17:05	24.4	28.6	37.1	29.3	30	4	100
11/09/2015 17:10	31.8	32.3	40.9	33	34.5	4	100
11/09/2015 17:15	46	44.2	49.7	43.7	45.8	4	100
11/09/2015 17:20	53.1	50.5	54	50.6	52.1	4	100
11/09/2015 17:25	55.2	53.2	54.8	54	54.3	4	100
11/09/2015 17:30	57.1	54.5	53.5	50.7	54.1	4	100
11/09/2015 17:35	57.1	54.4	56	51.5	54.8	4	100
11/09/2015 17:40	57.4	55.6	56.5	53.5	55.9	4	100
11/09/2015 17:45	50.6	48.9	53.9	49.7	50.6	4	100
11/09/2015 17:50	40.7	43.1	49.1	44.1	44.1	4	100
11/09/2015 17:55	30.4	33.1	43.5	38.1	36.4	4	100
11/09/2015 18:00	21.6	25.8	38.1	31.4	29.6	4	100
11/09/2015 18:05	17.1	21.7	36.2	26.4	26.1	4	100
11/09/2015 18:10	25.6	27.7	37	28.9	29.7	4	100
11/09/2015 18:15	28.9	31.8	40.1	32.5	33.3	4	100
11/09/2015 18:20	21.4	24.6	39.7	31	29.7	4	100
11/09/2015 18:25	20.4	20.9	37.2	29.2	27.5	4	100
11/09/2015 18:30	17.6	19.8	37.1	27.8	25.9	4	100
11/09/2015 18:35	14.2	17.1	33.9	23.7	23	4	100
11/09/2015 18:40	18.2	20.9	37.2	25.3	25.2	4	100
11/09/2015 18:45	34.7	35	45.2	41.2	38.8	4	100
11/09/2015 18:50	50.7	50	55.8	52.5	52.1	4	100
11/09/2015 18:55	59.6	56.8	60.1	56.8	58.3	4	100
11/09/2015 19:00	63.7	60.8	63.1	55.6	60.9	4	100
11/09/2015 19:05	64.9	61.5	63.3	55.1	61.1	4	100
11/09/2015 19:10	66.1	62.9	61.3	55.2	61.3	4	100
11/09/2015 19:15	66.7	64.6	62.1	56.3	62.7	4	100
11/09/2015 19:20	67	63.5	58.6	59.3	62.2	4	100
11/09/2015 19:25	68.1	64.9	61.7	62.1	64.3	4	100
11/09/2015 19:30	66.3	63.4	61.9	60.3	63.1	4	100
11/09/2015 19:35	64.4	61.3	60.9	58.2	61.4	4	100
11/09/2015 19:40	65.1	62.3	61.9	59	62.2	4	100
11/09/2015 19:45	65.1	63.2	61.8	54.3	61.6	4	100
11/09/2015 19:50	65.1	62.1	56.5	52.7	59.7	4	100
11/09/2015 19:55	63.3	60.4	56.9	51.8	58.6	4	100
11/09/2015 20:00	64.1	61	58.9	53.8	60	4	100
11/09/2015 20:05	63.6	60.1	56.4	53.3	59.1	4	100
11/09/2015 20:10	65.1	62	62.2	55.6	61.6	4	100
11/09/2015 20:15	66.6	63.9	60.9	55.9	62.4	4	100
11/09/2015 20:20	68.6	64.7	65.6	57.6	64.5	4	100
11/09/2015 20:25	70	66.1	65.9	62	66.3	4	100
11/09/2015 20:30	70	66.9	62.9	64.9	66.6	4	100
11/09/2015 20:35	70.9	66.8	59.2	63	65.8	4	100
11/09/2015 20:40	70.8	66.6	60.6	61.8	65.7	4	100
11/09/2015 20:45	70.6	68	59.3	57.6	64.9	4	100
11/09/2015 20:50	70.7	66.8	63.9	58.2	65.2	4	100
11/09/2015 20:55	70.7	67.1	66.2	61.9	66.7	4	100
11/09/2015 21:00	72.3	68.6	65.1	59.5	67.1	4	100
11/09/2015 21:05	73.3	69.4	66.8	60.1	68.1	4	100
11/09/2015 21:10	74.5	70.3	69.4	62	69.5	4	100
11/09/2015 21:15	74.9	71	73.3	61.3	70.4	4	100
11/09/2015 21:20	74.6	70.9	71.7	58.5	69.5	4	100
11/09/2015 21:25	74.2	70.6	67.3	63.7	69.6	4	100
11/09/2015 21:30	74.1	71.3	67.2	59.6	68.9	4	100
11/09/2015 21:35	74.4	70.8	69.9	57.9	68.9	4	100
11/09/2015 21:40	74.6	69.6	66.9	58.8	68.1	4	100
11/09/2015 21:45	74.6	69.8	66.3	60.2	68.7	4	100
11/09/2015 21:50	75.3	70.7	63.5	60.2	68	4	100
11/09/2015 21:55	75.2	71.6	66	61.2	69.3	4	100
11/09/2015 22:00	74.1	70.5	64.9	57.7	67.7	4	100
11/09/2015 22:05	74.2	70.1	62	59.5	67.8	4	100
11/09/2015 22:10	74.1	70.8	69.1	64.5	70	4	100
11/09/2015 22:15	73.8	70	63.2	63.9	68.6	4	100
11/09/2015 22:20	73.6	70.6	69.6	60.3	68.7	4	100
11/09/2015 22:25	75	71.3	70	63.2	70	4	100
11/09/2015 22:30	74.5	69.9	66.8	60.6	68.8	4	100
11/09/2015 22:35	75	69.9	68.9	61.4	69.4	4	100
11/09/2015 22:40	74.5	70.5	69.6	62.2	69.5	4	100
11/09/2015 22:45	75.5	71.6	67.6	64.3	70.2	4	100
11/09/2015 22:50	75.9	72.1	65.3	59.7	68.8	4	100
11/09/2015 22:55	76.1	72.3	67.1	58.4	69.7	4	100
11/09/2015 23:00	75.7	71.4	63.7	62.1	69.5	4	100
11/09/2015 23:05	74.9	71.9	65	65.1	69.3	4	100
11/09/2015 23:10	73.7	70.8	65.7	64.2	69.1	4	100
11/09/2015 23:15	74.8	71	61.8	66.1	69.2	4	100
11/09/2015 23:20	74	70.6	64.1	59.2	68	4	100
11/09/2015 23:25	74.4	70.7	65.3	58	67.9	4	100
11/09/2015 23:30	74.4	70.7	64.6	62.3	68.7	4	100
11/09/2015 23:35	74.2	70.7	65.9	63.3	68.8	4	100
11/09/2015 23:40	74.7	71.4	63.5	63.1	68.1	4	100
11/09/2015 23:45	75.7	71.4	64.9	60	68	4	100
11/09/2015 23:50	75.5	72.4	67	61.5	69.1	4	100
11/09/2015 23:55	75.5	71.5	66.5	61.6	69.1	4	100
11/10/2015 00:00	74.8	71	67.4	62.8	69.2	4	100
11/10/2015 00:05	74.6	71.4	69.7	63	69.7	4	100
11/10/2015 00:10	74.5	71.7	68.7	57.9	67.8	4	100
11/10/2015 00:15	74.5	71.2	68.1	60.5	67.8	4	100
11/10/2015 00:20	74.8	71.7	68.7	60.4	68.3	4	100
11/10/2015 00:25	74.6	70.7	69.1	58.5	68.1	4	100
11/10/2015 00:30	74.4	70.8	69.1	58.1	67.2	4	100
11/10/2015 00:35	74.6	71	65.4	60.8	68.6	4	100
11/10/2015 00:40	74.5	71.1	67.1	54.5	66.9	4	100
11/10/2015 00:45	74.8	70.9	68.4	55.7	66	4	100
11/10/2015 00:50	74.8	71.9	69	61.1	68.7	4	100
11/10/2015 00:55	74.8	71.5	68.9	64.5	69.3	4	100
11/10/2015 01:00	74.9	71.2	67.9	62.9	69.2	4	100
11/10/2015 01:05	75.1	71.3	66.7	62.7	69.6	4	100
11/10/2015 01:10	75.2	71.6	66.3	63.3	69.9	4	100
11/10/2015 01:15	74.9	71.2	67.4	62.3	67.9	4	100
11/10/2015 01:20	74.7	71	67.9	62	68.4	4	100
11/10/2015 01:25	74.9	71.3	68.5	60	68.5	4	100
11/10/2015 01:30	74.8	71.3	66.7	61.7	68.6	4	100
11/10/2015 01:35	74.9	71.5	68.2	61.7	69	4	100
11/10/2015 01:40	74.8	70.7	68.1	60.7	68.4	4	100
11/10/2015 01:45	74.7	71	68.2	60.7	67.6	4	100
11/10/2015 01:50	74.8	71.1	66.9	63	68.7	4	100
11/10/2015 01:55	74.9	71.1	67.5	59.3	67.4	4	100
11/10/2015 02:00	74.8	71.2	66.1	60.4	68.2	4	100
11/10/2015 02:05	74.7	71	66.8	61.7	68.2	4	100
11/10/2015 02:10	74.7	70.8	66.3	55.6	65.2	4	100
11/10/2015 02:15	74.7	71	64.6	55.3	64.3	4	100
11/10/2015 02:20	74.8	71.1	66.6	51.5	63.1	4	100
11/10/2015 02:25	74.9	71.1	67.8	57.2	67.9	4	100
11/10/2015 02:30	74.9	71.2	67.8	58.8	65.9	4	100
11/10/2015 02:35	74.9	71.1	67.5	60.7	67.2	4	100
11/10/2015 02:40	74.7	71.1	68.5	61.5	68.8	4	100
11/10/2015 02:45	74.9	71.1	64.7	62.9	67.1	4	100
11/10/2015 02:50	74.6	71	66.9	61.9	68	4	100
11/10/2015 02:55	74.7	71.1	67.2	61.9	68.3	4	100
11/10/2015 03:00	74.7	71.1	68	58.5	65.9	4	100
11/10/2015 03:05	74.9	71	68.3	58.1	66.8	4	100
11/10/2015 03:10	74.9	71	67.3	52.7	63.3	4	100
11/10/2015 03:15	74.8	70.9	65.5	57.8	65.9	4	100
11/10/2015 03:20	74.8	70.9	67.6	57.6	66.7	4	100
11/10/2015 03:25	74.7	70.8	66.1	59.5	66.2	4	100
11/10/2015 03:30	74.7	70.9	67.4	57	64	4	100
11/10/2015 03:35	74.8	71.1	67.8	59.6	68.6	4	100
11/10/2015 03:40	74.7	71	67.4	61.4	67.6	4	100
11/10/2015 03:45	74.8	71.1	66.5	60.6	67.9	4	100
11/10/2015 03:50	74.6	70.9	68	61.7	68.5	4	100
11/10/2015 03:55	74.8	70.8	66.7	62.1	68.3	4	100
11/10/2015 04:00	75.1	71.1	65.5	62.1	66.8	4	100
11/10/2015 04:05	75	71	61.6	60.5	66.2	4	100
11/10/2015 04:10	74.7	70.6	64.3	62.3	67.3	4	100
11/10/2015 04:15	74.9	70.6	65.6	62.6	68.1	4	100
11/10/2015 04:20	75	70.8	65.9	61.2	68.8	4	100
11/10/2015 04:25	74.9	71	65.7	58.3	66	4	100
11/10/2015 04:30	74.8	71.6	55.1	53.8	64.3	4	100
11/10/2015 04:35	74.7	71.3	61.5	56.7	66.3	4	100
11/10/2015 04:40	74.6	71.9	64.4	59.1	67.6	4	100
11/10/2015 04:45	74.2	72.6	66.8	64.2	69.8	4	100
11/10/2015 04:50	74.8	72.4	67.8	58.4	68	4	100
11/10/2015 04:55	75.1	72.3	69.7	64.2	70.5	4	100
11/10/2015 05:00	75	71.4	67.9	65.3	70.1	4	100
11/10/2015 05:05	75.8	69.8	66.9	62.7	69.2	4	100
11/10/2015 05:10	73.9	70.2	65.6	60.8	68.5	4	100
11/10/2015 05:15	75	70.2	68.4	66.6	70.6	4	100
11/10/2015 05:20	75.7	70.6	66.4	68.6	71.1	4	100
11/10/2015 05:25	76.1	69.8	61.1	64.4	69.2	4	100
11/10/2015 05:30	74.9	69.9	63.9	63.4	69.1	4	100
11/10/2015 05:35	75.2	70.9	68.6	59.8	69.3	4	100
11/10/2015 05:40	74.4	71.4	66.2	66.1	70.4	4	100
11/10/2015 05:45	74.3	71	69.8	66.2	70.9	4	100
11/10/2015 05:50	75.5	70.6	70	66.3	71.2	4	100
11/10/2015 05:55	75.3	71.1	67.9	68.8	71.5	4	100
11/10/2015 06:00	74.4	70.9	66.7	65.2	70	4	100
11/10/2015 06:05	74.3	71.3	69.1	64	70.3	4	100
11/10/2015 06:10	74.1	71.2	66.4	61.5	69.5	4	100
11/10/2015 06:15	75	71.1	69.2	60.2	69.7	4	100
11/10/2015 06:20	75	71.4	68.8	60	69.9	4	100
11/10/2015 06:25	75.5	71.6	66.5	60.5	69.7	4	100
11/10/2015 06:30	73.8	71.1	65.7	60.7	69.2	4	100
11/10/2015 06:35	73.5	70.1	68.8	60.4	68.7	4	100
11/10/2015 06:40	72.5	68.1	71	60.1	68.3	4	100
11/10/2015 06:45	73.3	69.4	67.5	61.4	68.6	4	100
11/10/2015 06:50	73.8	70	67.3	63.6	69.1	4	100
11/10/2015 06:55	73.7	70	67.9	62.4	69	4	100
11/10/2015 07:00	73.7	71	68.8	62.6	69.5	4	100
11/10/2015 07:05	73.7	70.8	70.4	63.9	70.1	4	100
11/10/2015 07:10	73.5	70.3	72	63.3	70	4	100
11/10/2015 07:15	72.2	68.9	71.8	62.6	68.8	4	100
11/10/2015 07:20	72	69.3	68.1	62.8	68.4	4	100
11/10/2015 07:25	72.4	69.4	67.8	64.1	68.8	4	100
11/10/2015 07:30	71.3	68.6	69.9	63.6	68.6	4	100
11/10/2015 07:35	72.1	67.6	71	61.7	68.3	4	100
11/10/2015 07:40	72.7	68.5	70.9	59.9	68.2	4	100
11/10/2015 07:45	71.4	66.9	68.9	61.2	67.3	4	100
11/10/2015 07:50	71.1	67.9	68.5	65.8	68.5	4	100
11/10/2015 07:55	71.5	67.8	68.6	63.2	68.2	4	100
11/10/2015 08:00	70.6	67.4	64.9	61.7	66.6	4	100
11/10/2015 08:05	70.8	68	64.4	60.3	66.6	4	100
11/10/2015 08:10	70.7	67.6	66.7	58.9	66.3	4	100
11/10/2015 08:15	70.9	68	66.6	60.3	67	4	100
11/10/2015 08:20	69.6	67.3	62.5	62.9	66.1	4	100
11/10/2015 08:25	70.3	67.1	62.4	60.5	66	4	100
11/10/2015 08:30	71.4	67.7	64.2	63.1	67.1	4	100
11/10/2015 08:35	72.5	69.4	63.4	65.8	68.3	4	100
11/10/2015 08:40	72.4	68.6	63.4	65.4	68.1	4	100
11/10/2015 08:45	73.9	69.3	63.1	64.1	68.5	4	100
11/10/2015 08:50	73.1	69.8	61.7	64	68	4	100
11/10/2015 08:55	73.7	69.6	63.7	61.7	67.9	4	100
11/10/2015 09:00	73.4	70.4	62.2	64.1	68.3	4	100
11/10/2015 09:05	72	67.8	59.2	62.2	66.3	4	100
11/10/2015 09:10	70.8	66.1	58.7	59.9	64.9	4	100
11/10/2015 09:15	70.2	67.4	59.4	58.4	64.9	4	100
11/10/2015 09:20	71.2	68.5	60.7	57.2	65.3	4	100
11/10/2015 09:25	72.1	68.4	60.3	61.8	66.6	4	100
11/10/2015 09:30	73.5	68.1	62.3	57.7	66.3	4	100
11/10/2015 09:35	73	67.7	61.7	59.8	66.6	4	100
11/10/2015 09:40	72.5	68.6	57.6	59.1	66	4	100
11/10/2015 09:45	71.5	67.9	56.9	56.9	64.6	4	100
11/10/2015 09:50	70.8	67.7	56.5	54.4	64	4	100
11/10/2015 09:55	71	68.2	57.3	56	64.2	4	100
11/10/2015 10:00	71.9	68.1	57.4	60.4	65.5	4	100
11/10/2015 10:05	71.7	66.2	56.9	55.5	63.7	4	100
11/10/2015 10:10	72.4	66.6	58.7	56.1	64.5	4	100
11/10/2015 10:15	71.7	67	60.6	56.3	64.9	4	100
11/10/2015 10:20	71	65.7	63.6	52.1	63.8	4	100
11/10/2015 10:25	71.6	66.6	60.3	51.4	63.9	4	100
11/10/2015 10:30	71	65.9	62.7	48.5	63.4	4	100
11/10/2015 10:35	71.3	67	61	51.9	63.3	4	100
11/10/2015 10:40	71	67.4	57.7	55.2	63.7	4	100
11/10/2015 10:45	70.6	66.7	60.4	56.4	64	4	100
11/10/2015 10:50	70.6	66.8	58.9	54.7	63.7	4	100
11/10/2015 10:55	71.6	66.3	58.1	55.4	64	4	100
11/10/2015 11:00	71.8	67.1	59.2	55.1	64.2	4	100
11/10/2015 11:05	70.4	66.2	56.1	50.4	62	4	100
11/10/2015 11:10	70	65.8	58.9	50.9	62.4	4	100
11/10/2015 11:15	70.7	66.3	58.2	49.6	62.7	4	100
11/10/2015 11:20	70.4	67	60	51.9	63.3	4	100
11/10/2015 11:25	70.9	67.3	57.9	52.9	63.3	4	100
11/10/2015 11:30	70.1	65.8	56	50.6	62.1	4	100
11/10/2015 11:35	69.3	64.9	56	47.4	60.6	4	100
11/10/2015 11:40	69.3	65.1	56.1	47.8	60.7	4	100
11/10/2015 11:45	70.6	65	55.6	49.5	61.8	4	100
11/10/2015 11:50	70.2	65.5	52.9	51.8	61.6	4	100
11/10/2015 11:55	70.6	65.2	53.8	52	61.6	4	100
11/10/2015 12:00	70.6	65.1	53.3	53	61.8	4	100
11/10/2015 12:05	69.5	64.9	54.6	51.4	61.4	4	100
11/10/2015 12:10	68.6	65.2	53.2	54.2	61.5	4	100
11/10/2015 12:15	69	65.7	56	54.4	62.4	4	100
11/10/2015 12:20	67.8	64.2	57.5	52.1	61.3	4	100
11/10/2015 12:25	68.7	65.1	57.6	51	61.8	4	100
11/10/2015 12:30	69	65.9	59.9	54.1	63.1	4	100
11/10/2015 12:35	68.5	65.6	58.5	50.9	62.1	4	100
11/10/2015 12:40	68.8	66	58.7	50.7	62.1	4	100
11/10/2015 12:45	67.5	63.4	56.2	48	60.1	4	100
11/10/2015 12:50	67.5	63.4	53.4	48.9	59.8	4	100
11/10/2015 12:55	68.8	64.2	55.5	49.9	61.1	4	100
11/10/2015 13:00	68.7	64.3	59.4	54.8	62.4	4	100
11/10/2015 13:05	67.7	63.5	57	53.8	61.6	4	100
11/10/2015 13:10	68.2	64.4	58.8	55.2	62.6	4	100
11/10/2015 13:15	67.9	65	57.9	52.6	61.8	4	100
11/10/2015 13:20	68.4	66	54.7	55.4	62.3	4	100
11/10/2015 13:25	68.2	65	58	53.7	62.5	4	100
11/10/2015 13:30	68	64	55.8	52.4	61.1	4	100
11/10/2015 13:35	67.6	63.6	55.7	55.3	61.5	4	100
11/10/2015 13:40	67.2	63.5	52.9	52.6	60.3	4	100
11/10/2015 13:45	66.1	62.9	53.9	52.6	60.2	4	100
11/10/2015 13:50	65.7	61.9	56	50.2	59.4	4	100
11/10/2015 13:55	66.5	63.2	57.3	50.9	60.3	4	100
11/10/2015 14:00	66.8	63.2	58.5	52.9	61.1	4	100
11/10/2015 14:05	65.4	62.5	57.4	51.5	60.2	4	100
11/10/2015 14:10	64.2	61.8	58.1	53.5	59.9	4	100
11/10/2015 14:15	60	58.5	55.6	53.2	57.2	4	100
11/10/2015 14:20	48.2	52.2	52.7	46.8	49.9	4	100
11/10/2015 14:25	38.1	43.7	46.1	37.8	41.4	4	100
11/10/2015 14:30	26.2	31.5	40.7	29	32	4	100
11/10/2015 14:35	17.4	20.5	29.3	19.5	22.1	4	100
11/10/2015 14:40	13.8	15.7	20.5	14.4	16	4	100
11/10/2015 14:45	16.9	21.3	28.2	23.3	22.4	4	100
11/10/2015 14:50	23.1	23.7	33	24.9	26.2	4	100
11/10/2015 14:55	27	27.3	36.4	28.4	29.7	4	100
11/10/2015 15:00	40.4	39.6	46.3	40.2	41.5	4	100
11/10/2015 15:05	38.1	37.9	48.3	39.8	40.8	4	100
11/10/2015 15:10	29.9	32.8	46.1	36.1	36	4	100
11/10/2015 15:15	28.5	30.6	41.6	34.7	33.8	4	100
11/10/2015 15:20	20.5	23	33.8	24.5	25.8	4	100
11/10/2015 15:25	18	18.1	29.3	19.4	21.3	4	100
11/10/2015 15:30	17.2	18.8	28.8	19.7	21.2	4	100
11/10/2015 15:35	18	19.6	30.1	21.5	22.5	4	100
11/10/2015 15:40	14.3	15.8	26.1	17.3	18.7	4	100
11/10/2015 15:45	13.7	15	26	15	17.7	4	100
11/10/2015 15:50	16.7	17.6	29.1	18.9	20.8	4	100
11/10/2015 15:55	16.9	19.9	28.6	20	21.4	4	100
11/10/2015 16:00	17.6	19.1	26.5	19.3	20.8	4	100
11/10/2015 16:05	15.2	15.1	24.1	15.8	18	4	100
11/10/2015 16:10	13.5	14.3	20.8	14	15.7	4	100
11/10/2015 16:15	13.9	13.5	19.6	12.4	15.1	4	100
11/10/2015 16:20	14.1	13.7	22	11.8	15.6	4	100
11/10/2015 16:25	17.5	18	25.7	16.2	19.5	4	100
11/10/2015 16:30	16.8	16.5	24.3	14.6	18.3	4	100
11/10/2015 16:35	14.5	14.9	22.1	12.4	16.2	4	100
11/10/2015 16:40	18	19	27	17.9	20.7	4	100
11/10/2015 16:45	16.1	17.2	27.6	19	20.4	4	100
11/10/2015 16:50	13.4	15.4	26.7	15.7	18.2	4	100
11/10/2015 16:55	13.9	13.7	24	12.9	16.5	4	100
11/10/2015 17:00	16.2	17	26.7	18.1	19.7	4	100
11/10/2015 17:05	14.6	17.2	27.8	17.1	19.6	4	100
11/10/2015 17:10	12.6	14.2	25.7	13.5	17.3	4	100
11/10/2015 17:15	14.8	14.5	27.8	13.4	18	4	100
11/10/2015 17:20	14	17.1	27.4	15.9	18.6	4	100
11/10/2015 17:25	11.5	14.3	24	11.4	16.2	4	100
11/10/2015 17:30	12.7	13.7	22.5	12	15.5	4	100
11/10/2015 17:35	12	12.5	19.2	11.7	14.1	4	100
11/10/2015 17:40	11	10.7	16.8	9.9	12.3	4	100
11/10/2015 17:45	11.1	10.6	19.5	9.9	13.1	4	100
11/10/2015 17:50	11.8	12.2	31	16.1	17.9	4	100
11/10/2015 17:55	10.8	11	27.1	13.2	16.4	4	100
11/10/2015 18:00	11.6	11.6	28.4	14.8	17.4	4	100
11/10/2015 18:05	12.5	11.7	22.7	14	15.3	4	100
11/10/2015 18:10	13.7	12.1	22.8	14.8	16	4	100
11/10/2015 18:15	12.6	12.2	23.9	12.6	16	4	100
11/10/2015 18:20	13.4	12.5	18.4	12.3	14.2	4	100
11/10/2015 18:25	13.7	12.5	18.5	11.9	14.2	4	100
11/10/2015 18:30	14.5	14.5	23.4	16.3	17.2	4	100
11/10/2015 18:35	15.9	13.8	23.4	15.1	17.3	4	100
11/10/2015 18:40	15	13.4	20.4	12	15.3	4	100
11/10/2015 18:45	14.6	14.7	23.7	12.6	16.7	4	100
11/10/2015 18:50	14.9	14.5	24.1	12.1	16.8	4	100
11/10/2015 18:55	16.9	16.4	25.9	13.3	18.4	4	100
11/10/2015 19:00	20.1	17.9	30.1	17.6	21.7	4	100
11/10/2015 19:05	21.3	19.5	29.8	18.1	22.2	4	100
11/10/2015 19:10	28.5	27.8	36.5	25.4	29.4	4	100
11/10/2015 19:15	24.3	23.8	37.9	26.3	28.2	4	100
11/10/2015 19:20	21.1	20.7	34.8	21.8	24.8	4	100
11/10/2015 19:25	18.8	19.1	33.4	22.5	23.9	4	100
11/10/2015 19:30	19.3	20.2	29.9	22.7	23.1	4	100
11/10/2015 19:35	25.7	26.9	35	27.2	28.5	4	100
11/10/2015 19:40	22.7	24.7	37.8	26.9	28.1	4	100
11/10/2015 19:45	17.7	18.3	29.8	19	21.5	4	100
11/10/2015 19:50	17.4	18.5	27.7	18.4	20.7	4	100
11/10/2015 19:55	18.5	18.9	25.1	18.4	20.4	4	100
11/10/2015 20:00	21.2	22.9	28.4	22.1	23.6	4	100
11/10/2015 20:05	25.5	28	36.8	27.9	29.1	4	100
11/10/2015 20:10	31.3	33.4	43.7	34.6	35.3	4	100
11/10/2015 20:15	43.7	44.7	52.4	40.5	44.8	4	100
11/10/2015 20:20	54	53.2	56.2	47.7	52.5	4	100
11/10/2015 20:25	58.8	57.1	62.5	52	57.3	4	100
11/10/2015 20:30	62	60.2	59.5	54.6	59.4	4	100
11/10/2015 20:35	63.4	61.8	61.6	54.2	60.6	4	100
11/10/2015 20:40	65.8	63.1	63.9	54.4	62.1	4	100
11/10/2015 20:45	67.1	64.5	65.5	54.9	63.4	4	100
11/10/2015 20:50	67.6	65.8	62.3	54.4	63.2	4	100
11/10/2015 20:55	68.7	66.7	62.4	52.8	63.7	4	100
11/10/2015 21:00	70.5	68.9	63.6	58.7	65.9	4	100
11/10/2015 21:05	72	69.1	68.3	59.8	67.5	4	100
11/10/2015 21:10	72.9	69.2	68.7	58.8	67.9	4	100
11/10/2015 21:15	73.8	69.1	68.4	60.7	68.4	4	100
11/10/2015 21:20	73.4	69.3	71.7	58	69	4	100
11/10/2015 21:25	74.1	69.8	72.2	60.2	69.4	4	100
11/10/2015 21:30	74	70.4	70.4	59	69.1	4	100
11/10/2015 21:35	73.8	70.2	70.7	56.6	68.1	4	100
11/10/2015 21:40	73.8	70.6	68.9	62	69	4	100
11/10/2015 21:45	75.1	72.4	67.8	62	70.4	4	100
11/10/2015 21:50	75.4	72.3	65.5	62.2	69.7	4	100
11/10/2015 21:55	76.5	73.9	64.8	65.5	71.3	4	100
11/10/2015 22:00	76	72.9	67.5	66.7	71.5	4	100
11/10/2015 22:05	75	71.5	69.1	62.2	69.8	4	100
11/10/2015 22:10	74.6	70.8	67.5	59.3	69	4	100
11/10/2015 22:15	73.8	72.2	71.3	63.5	70.3	4	100
11/10/2015 22:20	74.5	72.2	71.5	60.1	70.2	4	100
11/10/2015 22:25	75.7	72.7	71.9	62.3	70.9	4	100
11/10/2015 22:30	76.2	74.1	71.3	63.6	71.7	4	100
11/10/2015 22:35	75.1	72.8	69.8	64.6	71	4	100
11/10/2015 22:40	74.8	70.8	70.2	64.3	69.8	4	100
11/10/2015 22:45	74.7	71	67.6	65.2	70.1	4	100
11/10/2015 22:50	75.3	70.5	69.7	61.9	69.9	4	100
11/10/2015 22:55	75.1	72	66.5	58.4	68.4	4	100
11/10/2015 23:00	74.2	71.5	69.2	56.7	68.1	4	100
11/10/2015 23:05	74.3	71.2	68.7	56.9	67.6	4	100
11/10/2015 23:10	74.2	71.5	67.3	60.7	68.6	4	100
11/10/2015 23:15	74	71.6	60.5	60.4	67.9	4	100
11/10/2015 23:20	73.6	70.4	64.6	61.4	68.2	4	100
11/10/2015 23:25	74.5	68.7	66	66.1	69.2	4	100
11/10/2015 23:30	73	70.2	64.1	60	67.6	4	100
11/10/2015 23:35	73.8	70.1	69.1	64.3	69.1	4	100
11/10/2015 23:40	75.3	69.5	67.3	61.5	69.1	4	100
11/10/2015 23:45	75.8	70.5	62.4	63.9	69	4	100
11/10/2015 23:50	74.7	71	65.1	61.7	68.8	4	100
11/10/2015 23:55	74.6	70.1	65.3	62.3	68.2	4	100
11/11/2015 00:00	74.8	71	67.4	62.8	68.6	4	100
11/11/2015 00:05	74.2	70.5	59.5	62.4	67.6	4	100
11/11/2015 00:10	74.6	71.4	64	61.2	68.2	4	100
11/11/2015 00:15	74.1	71.4	65.5	63	68.7	4	100
11/11/2015 00:20	74.1	71.4	66.8	67.2	70	4	100
11/11/2015 00:25	73.2	71.6	59.7	60.3	67.5	4	100
11/11/2015 00:30	73.6	71	62.1	63.1	67.5	4	100
11/11/2015 00:35	74	71.1	63.9	65.4	68.5	4	100
11/11/2015 00:40	73.8	71.9	64.8	66.3	69.7	4	100
11/11/2015 00:45	74.1	71.2	65.3	62.8	67.9	4	100
11/11/2015 00:50	74.4	70.2	64.9	61.5	68.1	4	100
11/11/2015 00:55	74.3	71.2	66.2	62.6	68.6	4	100
11/11/2015 01:00	74.7	71.3	67.8	62.3	68.8	4	100
11/11/2015 01:05	74.8	71.1	68.3	64	69.6	4	100
11/11/2015 01:10	75.1	71	60.9	61.8	67.7	4	100
11/11/2015 01:15	74.8	70.8	64	60	66.8	4	100
11/11/2015 01:20	74.6	70.8	65.1	56.3	66.6	4	100
11/11/2015 01:25	74.7	71	66.5	53.4	66.2	4	100
11/11/2015 01:30	74.7	70.6	67.9	56.6	66.6	4	100
11/11/2015 01:35	74.8	70.8	68.5	58.2	67.2	4	100
11/11/2015 01:40	74.4	71	69.8	60.8	68.7	4	100
11/11/2015 01:45	74.5	71	69.2	60.6	68.1	4	100
11/11/2015 01:50	74.9	71.1	68	59.6	67	4	100
11/11/2015 01:55	74.9	71.1	68	61.3	68.9	4	100
11/11/2015 02:00	74.8	71	68.5	62.2	69	4	100
11/11/2015 02:05	74.7	71	68.7	61.7	68.4	4	100
11/11/2015 02:10	74.8	71	67.8	59.7	66.6	4	100
11/11/2015 02:15	74.7	70.7	67.6	60.3	68	4	100
11/11/2015 02:20	74.9	71	64.5	62.3	68.5	4	100
11/11/2015 02:25	74.8	71.1	66.9	62.9	68.9	4	100
11/11/2015 02:30	74.7	71.1	67.3	62.8	69.2	4	100
11/11/2015 02:35	74.8	70.8	67.7	58.8	66.9	4	100
11/11/2015 02:40	74.8	70.7	68.1	62.2	68.2	4	100
11/11/2015 02:45	74.8	70.9	67.5	59.5	66.6	4	100
11/11/2015 02:50	74.8	71	68.2	62	66.6	4	100
11/11/2015 02:55	74.7	70.9	67.3	62.6	69.9	4	100
11/11/2015 03:00	74.7	71	66.9	62	68.1	4	100
11/11/2015 03:05	74.7	70.8	66.9	62.6	67.4	4	100
11/11/2015 03:10	74.7	70.8	67.2	60.7	66.7	4	100
11/11/2015 03:15	74.7	70.9	66.7	60.9	68.4	4	100
11/11/2015 03:20	74.8	71	66.4	60.9	66.8	4	100
11/11/2015 03:25	74.7	71.1	67.3	62	69	4	100
11/11/2015 03:30	74.8	71.2	67.3	60.4	66.3	4	100
11/11/2015 03:35	74.9	70.2	66.4	60.2	67.5	4	100
11/11/2015 03:40	74.8	70.6	66.9	61.6	67.6	4	100
11/11/2015 03:45	74.8	70.8	66.4	63.7	67.8	4	100
11/11/2015 03:50	74.9	70.9	66.5	62.9	67.6	4	100
11/11/2015 03:55	74.8	70.9	67.4	61.8	67.7	4	100
11/11/2015 04:00	74.8	70.2	67.6	56	66.3	4	100
11/11/2015 04:05	75	70.5	67.3	59.9	67	4	100
11/11/2015 04:10	74.9	70.8	67.5	58.6	66.1	4	100
11/11/2015 04:15	74.9	71	67.1	60	67.5	4	100
11/11/2015 04:20	74.8	70.9	66.7	58.9	66.7	4	100
11/11/2015 04:25	74.7	71.4	67.7	59	67.2	4	100
11/11/2015 04:30	74.7	71.2	67.8	56	66.7	4	100
11/11/2015 04:35	74.5	70.9	68.7	60.8	68.5	4	100
11/11/2015 04:40	74.3	69.8	63.4	60.6	66.7	4	100
11/11/2015 04:45	74.7	70.5	65.4	65.5	69.3	4	100
11/11/2015 04:50	74.7	71.5	61.9	65	69.1	4	100
11/11/2015 04:55	74.8	70.8	64.5	62	68.3	4	100
11/11/2015 05:00	74.9	71.3	64.5	62	68.7	4	100
11/11/2015 05:05	74.9	71.5	63.9	56.4	66.9	4	100
11/11/2015 05:10	75.1	71.6	65	58.1	68	4	100
11/11/2015 05:15	73.8	70.8	67	55.3	67.3	4	100
11/11/2015 05:20	74.6	71.9	65.8	58.2	68.2	4	100
11/11/2015 05:25	74.6	71.6	67.4	60	68.6	4	100
11/11/2015 05:30	74.6	70	66	64.7	69.3	4	100
11/11/2015 05:35	74.5	68.9	66.2	69	70.4	4	100
11/11/2015 05:40	75.3	69	65.6	68.5	70.5	4	100
11/11/2015 05:45	74.4	70.6	66.6	66.4	70.5	4	100
11/11/2015 05:50	75.1	71.8	71.6	67.6	71.8	4	100
11/11/2015 05:55	75	71	70.7	66.2	71	4	100
11/11/2015 06:00	74.2	71.4	67.2	59.9	69.5	4	100
11/11/2015 06:05	73.7	71	70	57.6	68.4	4	100
11/11/2015 06:10	74.2	70.7	61.7	59.4	67.9	4	100
11/11/2015 06:15	75	70.7	62.6	61	68.5	4	100
11/11/2015 06:20	75.8	70.8	61.9	59.8	68.7	4	100
11/11/2015 06:25	75.2	70.8	56.9	60.9	68.3	4	100
11/11/2015 06:30	74.1	70.4	60.3	58.1	67.5	4	100
11/11/2015 06:35	74.4	69.7	61.1	61.4	68	4	100
11/11/2015 06:40	74.9	70.6	66.7	60.2	69	4	100
11/11/2015 06:45	74.2	70.5	67.1	59.3	68.7	4	100
11/11/2015 06:50	73.5	70.5	71	58.7	68.9	4	100
11/11/2015 06:55	68.9	65.3	66	53.4	64	4	100
11/11/2015 07:00	65.7	62.9	64.4	49.8	61.2	4	100
11/11/2015 07:05	65.8	62.3	66.8	51.6	61.7	4	100
11/11/2015 07:10	67.1	61.6	63.4	53.8	61.9	4	100
11/11/2015 07:15	66.8	61.8	65.3	49.6	60.7	4	100
11/11/2015 07:20	66.4	63.6	61.1	50.6	61.3	4	100
11/11/2015 07:25	65.4	63.2	64.4	52.1	61.3	4	100
11/11/2015 07:30	65.7	63.6	63.8	50.7	61.2	4	100
11/11/2015 07:35	65.1	61.8	63.1	48.7	60	4	100
11/11/2015 07:40	65.1	62.3	57.9	51	60.4	4	100
11/11/2015 07:45	65.6	61.9	60.3	53.5	60.8	4	100
11/11/2015 07:50	64.7	62.7	58.3	52.3	60.3	4	100
11/11/2015 07:55	64.8	62.5	61	52.1	60.4	4	100
11/11/2015 08:00	64.5	60.8	61.2	51.4	60	4	100
11/11/2015 08:05	62.7	58.5	60.2	48.3	57.7	4	100
11/11/2015 08:10	63.6	60	62.1	51.3	59.4	4	100
11/11/2015 08:15	66.7	63.3	64.2	56.2	62.8	4	100
11/11/2015 08:20	68.8	64.6	64.8	55	63.7	4	100
11/11/2015 08:25	69	64.9	65.7	57.1	64.5	4	100
11/11/2015 08:30	69.2	65.7	63.4	58.4	64.8	4	100
11/11/2015 08:35	70.9	67.7	60	59.4	65.4	4	100
11/11/2015 08:40	72.1	68.8	61.4	57.6	65.9	4	100
11/11/2015 08:45	72.9	68.3	61.8	61.6	67.3	4	100
11/11/2015 08:50	72.7	67.8	60.6	59.8	66.4	4	100
11/11/2015 08:55	73.3	68.7	60.9	58.2	66.1	4	100
11/11/2015 09:00	72.4	68.3	61.9	57.3	65.7	4	100
11/11/2015 09:05	71.8	68.8	60.9	57	65.8	4	100
11/11/2015 09:10	72.3	69.1	63.8	60.4	67	4	100
11/11/2015 09:15	72	68.3	60.8	58.1	65.9	4	100
11/11/2015 09:20	71.9	68.9	58	56.8	65.5	4	100
11/11/2015 09:25	72.5	68.7	61.1	56.2	66.1	4	100
11/11/2015 09:30	72	68.2	60.8	55.7	65.1	4	100
11/11/2015 09:35	70.6	66.9	62.4	55.2	64.7	4	100
11/11/2015 09:40	71	68.5	62.4	56.3	65.5	4	100
11/11/2015 09:45	71.1	68.6	62.6	51.6	64.2	4	100
11/11/2015 09:50	71	68.1	61.5	51.8	64.2	4	100
11/11/2015 09:55	71.6	68	64.2	53.9	64.6	4	100
11/11/2015 10:00	72.7	66.9	62.9	52.8	65.2	4	100
11/11/2015 10:05	72.1	66.4	60.4	56	64.5	4	100
11/11/2015 10:10	70.9	66	57.3	56.3	63.7	4	100
11/11/2015 10:15	70.5	65.9	61.6	53.8	64	4	100
11/11/2015 10:20	69.4	65.6	59.4	50.2	62.3	4	100
11/11/2015 10:25	69.6	66	54.6	52.5	61.7	4	100
11/11/2015 10:30	69	66.4	59.5	53.2	62.8	4	100
11/11/2015 10:35	70.5	67.5	57.5	55.6	63.7	4	100
11/11/2015 10:40	71.3	68.4	58.4	57.9	64.7	4	100
11/11/2015 10:45	70.6	66.9	56.9	56.9	63.7	4	100
11/11/2015 10:50	71	64.2	57.6	55.1	63.1	4	100
11/11/2015 10:55	70.7	66.1	58.4	51.8	63.2	4	100
11/11/2015 11:00	70.6	66.9	55.8	52.6	62.7	4	100
11/11/2015 11:05	69.8	66.9	58.6	53	63.3	4	100
11/11/2015 11:10	69.9	67.1	60.5	53.6	63.9	4	100
11/11/2015 11:15	69.6	66.7	61.6	54.6	63.7	4	100
11/11/2015 11:20	69.4	67.1	63.5	55.8	64.9	4	100
11/11/2015 11:25	69.4	66.4	59.3	55.1	63.5	4	100
11/11/2015 11:30	69	65.5	56.9	58.1	63.5	4	100
11/11/2015 11:35	69.7	65.8	60.2	56.9	64	4	100
11/11/2015 11:40	70	66.3	58.1	54.2	63.6	4	100
11/11/2015 11:45	70.1	66.3	61.1	53.5	63.6	4	100
11/11/2015 11:50	69.6	65.7	62.5	54.8	63.6	4	100
11/11/2015 11:55	71.9	67.3	64.8	56.2	65.5	4	100
11/11/2015 12:00	71.2	67.3	60.7	55	64.7	4	100
11/11/2015 12:05	70.9	67	60	56.5	64.4	4	100
11/11/2015 12:10	71.3	66.3	60.1	54.5	63.8	4	100
11/11/2015 12:15	70.9	66.5	59.2	53.1	63.4	4	100
11/11/2015 12:20	71.5	66.4	60.7	56.1	64.6	4	100
11/11/2015 12:25	70.9	66.3	61.6	54.2	64.2	4	100
11/11/2015 12:30	69.9	65.6	61.1	57	64.1	4	100
11/11/2015 12:35	70.2	65.4	61.7	54.5	63.8	4	100
11/11/2015 12:40	70	66.7	61.7	56.5	64.4	4	100
11/11/2015 12:45	69.4	65.4	63.6	53.1	63.5	4	100
11/11/2015 12:50	68.9	64.3	60.9	50.4	62	4	100
11/11/2015 12:55	70.7	66.4	62	55.2	64.2	4	100
11/11/2015 13:00	69.3	65.6	59.9	52.1	62.7	4	100
11/11/2015 13:05	69.5	65.4	63.7	54.3	64	4	100
11/11/2015 13:10	69.5	65.4	64.5	54.1	64	4	100
11/11/2015 13:15	68	63.3	59.2	50.6	61.1	4	100
11/11/2015 13:20	67.8	64	60.1	56.4	62.8	4	100
11/11/2015 13:25	67.8	62.2	59.5	52.5	61.5	4	100
11/11/2015 13:30	67.5	62.2	58.8	53.6	61.2	4	100
11/11/2015 13:35	67.6	63.5	61.3	48.4	61.4	4	100
11/11/2015 13:40	68	63.9	59.6	49.6	61	4	100
11/11/2015 13:45	67.6	63.9	62.7	51.8	62.2	4	100
11/11/2015 13:50	65.8	63.4	58.7	54.1	61.1	4	100
11/11/2015 13:55	66.8	63	58.3	54.7	61.3	4	100
11/11/2015 14:00	65.9	62.6	60.1	53.5	61	4	100
11/11/2015 14:05	65	61.7	60.6	52.6	60.4	4	100
11/11/2015 14:10	65.1	61.9	57.6	52.6	59.9	4	100
11/11/2015 14:15	64.5	61.9	59.7	51.9	60	4	100
11/11/2015 14:20	63.4	61.2	59.8	50.5	59.1	4	100
11/11/2015 14:25	63.1	61.3	57.8	51.2	58.9	4	100
11/11/2015 14:30	63.6	61.7	58.8	54	59.8	4	100
11/11/2015 14:35	64.3	61.4	59.8	55	60.5	4	100
11/11/2015 14:40	63.9	61.4	58.5	53.7	59.9	4	100
11/11/2015 14:45	62.5	61.2	60.5	54.9	59.9	4	100
11/11/2015 14:50	62.9	60.9	58.6	52.1	59.1	4	100
11/11/2015 14:55	62.5	60.3	57.1	49.8	57.9	4	100
11/11/2015 15:00	61.2	58.3	55.8	48.4	56.5	4	100
11/11/2015 15:05	62.1	59.7	58.4	52.2	58.3	4	100
11/11/2015 15:10	63	60.7	61.2	53.6	59.9	4	100
11/11/2015 15:15	61.9	58.5	60.4	52.4	58.5	4	100
11/11/2015 15:20	57.4	55.9	58.7	52.7	56.1	4	100
11/11/2015 15:25	57.6	56.6	59.8	54.9	57.1	4	100
11/11/2015 15:30	57.4	56.4	59.2	50.3	55.9	4	100
11/11/2015 15:35	59.5	57.6	60.5	53.5	57.8	4	100
11/11/2015 15:40	53.8	53.1	58.8	51.3	54.1	4	100
11/11/2015 15:45	48.2	49.4	55.1	46.6	49.9	4	100
11/11/2015 15:50	32.6	40.1	50.2	40.5	41.4	4	100
11/11/2015 15:55	22.1	30.9	41.2	33.7	32.7	4	100
11/11/2015 16:00	15.8	24.8	37	29.7	27.8	4	100
11/11/2015 16:05	11.2	17.2	25	20.5	19.1	4	100
11/11/2015 16:10	26.8	29.6	34.6	28.3	29.8	4	100
11/11/2015 16:15	43.4	43.6	44.3	42.5	43.5	4	100
11/11/2015 16:20	52.8	51.5	52.4	46.7	50.9	4	100
11/11/2015 16:25	57	55.1	56.9	48.4	54.5	4	100
11/11/2015 16:30	59.1	57.4	58.5	51	56.7	4	100
11/11/2015 16:35	59.8	59	60.6	51.8	57.9	4	100
11/11/2015 16:40	60.7	58.8	59.1	52.6	57.8	4	100
11/11/2015 16:45	61.5	58.6	59.4	54	58.6	4	100
11/11/2015 16:50	61.8	59.5	59.4	55.6	59.2	4	100
11/11/2015 16:55	62.2	59.1	59.7	56	59.5	4	100
11/11/2015 17:00	64.1	60.7	62.1	59.2	61.5	4	100
11/11/2015 17:05	63.4	61.2	61.8	56.1	60.8	4	100
11/11/2015 17:10	63.8	61.4	62.1	56.8	61.3	4	100
11/11/2015 17:15	63.9	60.9	62.1	56.7	60.9	4	100
11/11/2015 17:20	63	60.1	62	56.8	60.5	4	100
11/11/2015 17:25	61.3	59.3	60.8	56.5	59.5	4	100
11/11/2015 17:30	61.8	58.9	60.1	56	59.3	4	100
11/11/2015 17:35	61.6	59.2	60.8	59	60.2	4	100
11/11/2015 17:40	61.5	58.4	61.1	54.4	58.9	4	100
11/11/2015 17:45	61.1	58.3	62.5	57.4	59.8	4	100
11/11/2015 17:50	61.3	58.3	60.2	56.4	59.1	4	100
11/11/2015 17:55	61.9	59.7	62.5	58.3	60.5	4	100
11/11/2015 18:00	63.1	60.4	61	55.4	60.2	4	100
11/11/2015 18:05	63.1	60.2	60.4	55.9	60	4	100
11/11/2015 18:10	64.3	60.8	60.2	58.8	61.2	4	100
11/11/2015 18:15	62.6	57.5	61.2	55.6	59.2	4	100
11/11/2015 18:20	63.2	59.8	61.9	57	60.5	4	100
11/11/2015 18:25	61.4	58.2	61.9	53.2	58.6	4	100
11/11/2015 18:30	61.1	58.4	62.3	53.1	58.7	4	100
11/11/2015 18:35	62.2	59.7	63.2	55.2	60	4	100
11/11/2015 18:40	62.6	60.4	61.1	54	59.6	4	100
11/11/2015 18:45	61.4	58.7	60.6	53.6	58.7	4	100
11/11/2015 18:50	62.1	59.7	61.1	53	59.3	4	100
11/11/2015 18:55	62.2	61	61.7	53.9	59.9	4	100
11/11/2015 19:00	62.9	60.3	63.2	56.2	60.6	4	100
11/11/2015 19:05	63.8	60.3	62.4	54.4	60.4	4	100
11/11/2015 19:10	62.6	59.4	60.7	52.3	58.9	4	100
11/11/2015 19:15	64.2	60.4	64.4	53.1	60.5	4	100
11/11/2015 19:20	64	61.5	63.5	52.6	60.7	4	100
11/11/2015 19:25	63.2	61.1	61.6	53.8	60.1	4	100
11/11/2015 19:30	64.1	61.2	63.9	54.6	61	4	100
11/11/2015 19:35	63.9	61.7	64.9	55.5	61.5	4	100
11/11/2015 19:40	64.6	62.8	65.8	58.7	63	4	100
11/11/2015 19:45	65.9	64	65.1	58.9	63.5	4	100
11/11/2015 19:50	66.9	64.2	64.5	57.6	63.7	4	100
11/11/2015 19:55	67.5	64.8	66.7	57.2	64.1	4	100
11/11/2015 20:00	68.5	64.6	68.8	60.3	65.6	4	100
11/11/2015 20:05	68.5	65.9	67.1	61.7	65.8	4	100
11/11/2015 20:10	69.6	66.3	68.1	59.8	66.1	4	100
11/11/2015 20:15	69.3	66.7	65.4	60.5	65.9	4	100
11/11/2015 20:20	69.3	66.2	68.7	58.7	66	4	100
11/11/2015 20:25	69.7	65.7	67.1	61.4	66.1	4	100
11/11/2015 20:30	70.5	66.2	67.5	60.3	66.2	4	100
11/11/2015 20:35	70	67	67.9	60.2	66.4	4	100
11/11/2015 20:40	69.1	67.4	66.7	59.1	65.9	4	100
11/11/2015 20:45	69.2	68.3	68.9	55.8	65.8	4	100
11/11/2015 20:50	69.2	67.8	65.8	55.8	65.1	4	100
11/11/2015 20:55	70.5	69.3	69	62.3	68	4	100
11/11/2015 21:00	72.1	68.5	65.9	60.6	67.4	4	100
11/11/2015 21:05	73.3	69.5	66	61.2	68	4	100
11/11/2015 21:10	73	69	65.1	61.9	68	4	100
11/11/2015 21:15	73.4	70.8	62.2	62	67.8	4	100
11/11/2015 21:20	74.6	70.2	57.1	60.3	66.6	4	100
11/11/2015 21:25	74.7	71.3	60.1	64.2	69	4	100
11/11/2015 21:30	74.1	71.8	59.7	62.2	68.4	4	100
11/11/2015 21:35	75	71	64.3	64.8	69.6	4	100
11/11/2015 21:40	74.2	71.2	67.4	62.3	69.5	4	100
11/11/2015 21:45	74.4	71.7	69.3	60.1	69.3	4	100
11/11/2015 21:50	75.2	72.2	68.5	64.6	70.5	4	100
11/11/2015 21:55	76.2	72.1	68.9	65.6	71.3	4	100
11/11/2015 22:00	74.8	71.8	68	67.8	71.1	4	100
11/11/2015 22:05	74.4	69.3	67.7	63.6	69.1	4	100
11/11/2015 22:10	74.4	69.6	67	62.8	69.3	4	100
11/11/2015 22:15	73.5	71	67.9	62.8	69.1	4	100
11/11/2015 22:20	74.5	71.2	68.6	64	70	4	100
11/11/2015 22:25	74.4	71.2	71.9	65.3	70.9	4	100
11/11/2015 22:30	74.6	70.2	65.9	61.6	68.6	4	100
11/11/2015 22:35	74.1	69.8	64.5	63.4	68.8	4	100
11/11/2015 22:40	74.4	70.7	66.9	62.1	69.1	4	100
11/11/2015 22:45	75.1	71.3	68.2	57.1	69.2	4	100
11/11/2015 22:50	76.2	71.6	66.3	61.7	69.3	4	100
11/11/2015 22:55	76.2	71.7	59.3	60.4	69	4	100
11/11/2015 23:00	75	68.8	67	64.2	69.1	4	100
11/11/2015 23:05	74.8	68.9	70.1	59.4	68.3	4	100
11/11/2015 23:10	75	70.8	66.5	64.8	69.6	4	100
11/11/2015 23:15	75.4	71.4	66.4	68.2	70.9	4	100
11/11/2015 23:20	75.2	70.8	67.6	65.2	70.2	4	100
11/11/2015 23:25	74.2	69.3	61.1	58.9	66.9	4	100
11/11/2015 23:30	74.3	68.4	62.9	59.4	66.7	4	100
11/11/2015 23:35	74	68.6	66.7	60.6	67.6	4	100
11/11/2015 23:40	74.3	69.7	67.5	64	69.3	4	100
11/11/2015 23:45	74.8	70.9	68.5	63.9	69.6	4	100
11/11/2015 23:50	75	71	68.1	57.3	68.2	4	100
11/11/2015 23:55	75.2	71.1	68.2	56.7	68.4	4	100
11/12/2015 00:00	74.8	70.9	67.4	62.8	69.2	4	100
11/12/2015 00:05	75	72	68.8	56.5	67.3	4	100
11/12/2015 00:10	75.8	70.9	68.6	59.5	68.7	4	100
11/12/2015 00:15	75	71.7	68.1	60.1	68.1	4	100
11/12/2015 00:20	74.7	71.3	68.3	63.8	69.4	4	100
11/12/2015 00:25	75	70.9	69.9	63.4	69.7	4	100
11/12/2015 00:30	74.4	70.2	68.7	59.9	68.7	4	100
11/12/2015 00:35	74.3	70.7	67.2	61	68.7	4	100
11/12/2015 00:40	73.4	71.1	67.8	62.7	69	4	100
11/12/2015 00:45	74.1	70.9	68.1	61.9	68.2	4	100
11/12/2015 00:50	74.2	71.3	68.3	61	68.7	4	100
11/12/2015 00:55	74.7	71.3	67.1	56	67.1	4	100
11/12/2015 01:00	74.6	71.1	63.8	62.4	67.6	4	100
11/12/2015 01:05	74.4	71.2	66	65.2	69.7	4	100
11/12/2015 01:10	74.2	71.8	65.1	59.1	67.8	4	100
11/12/2015 01:15	74.5	71.4	66.3	61	68.5	4	100
11/12/2015 01:20	74.7	71.1	67.5	62.6	68.7	4	100
11/12/2015 01:25	74.7	71.2	67.6	62.5	69	4	100
11/12/2015 01:30	74.8	71.2	68	64.2	68.6	4	100
11/12/2015 01:35	75	71.3	68	63.6	69.1	4	100
11/12/2015 01:40	74.9	71.4	66.2	62.4	68.7	4	100
11/12/2015 01:45	74.7	71.3	67.2	60.8	68	4	100
11/12/2015 01:50	74.6	71.4	67.8	63.3	68.4	4	100
11/12/2015 01:55	74.8	70.8	68	63.7	69	4	100
11/12/2015 02:00	74.9	70.8	68.2	63.7	69.1	4	100
11/12/2015 02:05	74.8	70.9	68.3	54.4	66.9	4	100
11/12/2015 02:10	74.7	70.8	66.3	58	66.8	4	100
11/12/2015 02:15	74.8	71	66.7	57.5	67.3	4	100
11/12/2015 02:20	74.8	71	67	59.7	66	4	100
11/12/2015 02:25	74.7	70.9	67	60.8	68	4	100
11/12/2015 02:30	74.7	70.8	67.2	62.4	67.9	4	100
11/12/2015 02:35	74.8	70.9	67.8	60.2	67.6	4	100
11/12/2015 02:40	74.8	70.8	66.8	60.1	66.9	4	100
11/12/2015 02:45	74.7	71	66.8	58.4	66.5	4	100
11/12/2015 02:50	74.7	71.1	66.9	60.9	67.8	4	100
11/12/2015 02:55	74.9	71	65.8	61.6	67.8	4	100
11/12/2015 03:00	74.9	70.9	66.9	60.6	68.2	4	100
11/12/2015 03:05	74.9	70.5	66.4	61.2	67.5	4	100
11/12/2015 03:10	74.7	70.7	64.7	60.2	67	4	100
11/12/2015 03:15	74.7	71	66.7	60.4	67.3	4	100
11/12/2015 03:20	74.8	70.8	66.1	60.2	68	4	100
11/12/2015 03:25	74.7	70.9	66.9	59.6	67	4	100
11/12/2015 03:30	74.7	70.9	66.3	59.4	65.9	4	100
11/12/2015 03:35	74.9	70.9	66.3	56.8	66	4	100
11/12/2015 03:40	74.8	71	65.4	60.7	66.8	4	100
11/12/2015 03:45	74.8	71.2	65.1	58.9	66.4	4	100
11/12/2015 03:50	74.8	71.1	66.5	60.3	66.1	4	100
11/12/2015 03:55	74.7	71	66.2	60.8	68.1	4	100
11/12/2015 04:00	74.8	71.1	67.5	62.8	68.3	4	100
11/12/2015 04:05	74.9	71.1	61.8	60	66	4	100
11/12/2015 04:10	74.9	71	64.5	61.8	67.6	4	100
11/12/2015 04:15	74.8	70.8	65.9	63.2	68.6	4	100
11/12/2015 04:20	75	71	65.8	62.5	68.7	4	100
11/12/2015 04:25	74.9	71	67.3	61.4	68.7	4	100
11/12/2015 04:30	74.9	71.2	66	62.7	69	4	100
11/12/2015 04:35	74.9	71	67	67.4	70.1	4	100
11/12/2015 04:40	74.8	70.7	68.4	66.8	70	4	100
11/12/2015 04:45	75.1	70.1	68.4	64.1	69	4	100
11/12/2015 04:50	75.1	70.5	67.8	68.6	70.8	4	100
11/12/2015 04:55	75.6	70.8	66.1	60.4	68.9	4	100
11/12/2015 05:00	75.6	71.3	61.7	63.8	68.4	4	100
11/12/2015 05:05	75.7	71.9	63.8	65.8	70.3	4	100
11/12/2015 05:10	76.1	73	66.3	67.9	71.9	4	100
11/12/2015 05:15	75.1	72.8	67.2	63.2	70.3	4	100
11/12/2015 05:20	75.6	71.9	67.4	67.7	71.5	4	100
11/12/2015 05:25	76.4	70.7	62.2	66.8	70.5	4	100
11/12/2015 05:30	76.2	70	62.9	64.2	69.5	4	100
11/12/2015 05:35	75.9	70.7	68.4	63.3	70.5	4	100
11/12/2015 05:40	75	70.6	65.4	69.1	71	4	100
11/12/2015 05:45	74.1	71.2	68.1	71.4	71.7	4	100
11/12/2015 05:50	75.1	70.6	65.5	69	70.9	4	100
11/12/2015 05:55	74.9	70.7	70.1	68.2	71.5	4	100
11/12/2015 06:00	74.2	72	70.5	62.3	70.5	4	100
11/12/2015 06:05	73.3	71.5	62.3	57.5	67.9	4	100
11/12/2015 06:10	74.2	71.7	67.8	59	69.2	4	100
11/12/2015 06:15	74.5	72	68.7	58.1	69.3	4	100
11/12/2015 06:20	75.9	73	71.3	62.7	71.5	4	100
11/12/2015 06:25	74.5	72.3	70.9	62.8	70.9	4	100
11/12/2015 06:30	74.4	70.5	70.2	61.4	69.6	4	100
11/12/2015 06:35	73.6	70.9	72.3	62.6	70	4	100
11/12/2015 06:40	73.4	69.9	66.8	62.1	68.9	4	100
11/12/2015 06:45	73.6	69.5	64.8	63	68.9	4	100
11/12/2015 06:50	73.4	70.3	67.1	65.3	69.6	4	100
11/12/2015 06:55	73.1	68.8	69	61.9	68.9	4	100
11/12/2015 07:00	73.3	69.1	70.1	62.1	68.9	4	100
11/12/2015 07:05	73.2	69.3	69.1	62.2	69.1	4	100
11/12/2015 07:10	73.1	69.7	71.1	60.7	69.1	4	100
11/12/2015 07:15	71.6	68.6	71.5	62.7	68.7	4	100
11/12/2015 07:20	71	68.6	67.1	63.8	68	4	100
11/12/2015 07:25	71.4	68.7	67.8	60.7	67.6	4	100
11/12/2015 07:30	71.3	68.5	68.6	62	67.9	4	100
11/12/2015 07:35	71.6	69	67.5	65	68.6	4	100
11/12/2015 07:40	71.8	69.1	67.6	67.4	69.3	4	100
11/12/2015 07:45	72.4	70.5	67.7	67.5	69.8	4	100
11/12/2015 07:50	71.5	69.4	68.4	64.7	68.6	4	100
11/12/2015 07:55	71.1	69	71.5	66.8	69.5	4	100
11/12/2015 08:00	70.9	68.5	68	66	68.5	4	100
11/12/2015 08:05	70.8	68	66.5	64.3	67.7	4	100
11/12/2015 08:10	70.2	67.7	65.7	60.2	66.5	4	100
11/12/2015 08:15	70.3	67.7	65.7	61.1	66.5	4	100
11/12/2015 08:20	70	67.5	60.7	61.7	65.9	4	100
11/12/2015 08:25	70.2	67.1	59.8	62.8	65.7	4	100
11/12/2015 08:30	69.7	67.2	63.4	61.3	66.1	4	100
11/12/2015 08:35	70	67.4	61.5	59.2	65.3	4	100
11/12/2015 08:40	70.4	67.9	60.1	59.8	65.7	4	100
11/12/2015 08:45	69.7	67.4	60.1	59.6	65	4	100
11/12/2015 08:50	69.4	68.4	61.4	58.2	65.2	4	100
11/12/2015 08:55	69.6	68.1	61.6	58.5	65.2	4	100
11/12/2015 09:00	69.3	67.3	60.4	59.6	65.1	4	100
11/12/2015 09:05	68.9	66.8	61	57.1	64.3	4	100
11/12/2015 09:10	70.1	66.6	61.2	57.7	64.7	4	100
11/12/2015 09:15	69.7	67.8	58.3	57.5	64.5	4	100
11/12/2015 09:20	69.7	66.5	59.9	57.7	64.7	4	100
11/12/2015 09:25	70.4	66.8	60.2	56	64.5	4	100
11/12/2015 09:30	72.2	66.8	57.4	58.9	65.2	4	100
11/12/2015 09:35	72	67.8	60.4	61.1	66.4	4	100
11/12/2015 09:40	71.2	68	58.1	60.1	65.2	4	100
11/12/2015 09:45	71.1	67.9	57.1	62.1	65.6	4	100
11/12/2015 09:50	70.2	67.6	57.2	59.1	64.9	4	100
11/12/2015 09:55	70.3	66.3	59.4	57.3	64.4	4	100
11/12/2015 10:00	70.9	66.4	59.9	56.5	64.5	4	100
11/12/2015 10:05	71.2	68.6	61.2	58.5	65.8	4	100
11/12/2015 10:10	69.8	66.2	59.1	59.5	65.1	4	100
11/12/2015 10:15	69.7	66.1	58.8	60.3	65	4	100
11/12/2015 10:20	70.2	67.2	57.2	61.7	65.3	4	100
11/12/2015 10:25	70.3	68	56.3	56.5	64.3	4	100
11/12/2015 10:30	69.7	66.7	54.8	58.6	63.5	4	100
11/12/2015 10:35	70.5	67.9	56.5	59.8	64.9	4	100
11/12/2015 10:40	69.7	67.9	54.3	59.1	64.1	4	100
11/12/2015 10:45	70.5	67.6	57.1	55.5	64	4	100
11/12/2015 10:50	70.8	67.4	58.4	55.6	64.1	4	100
11/12/2015 10:55	70.1	65.1	57.2	54.4	62.9	4	100
11/12/2015 11:00	70.5	65.6	56.1	56.7	63.7	4	100
11/12/2015 11:05	70.2	66.4	54.9	57.2	63.6	4	100
11/12/2015 11:10	69.6	67.1	56.2	53	62.9	4	100
11/12/2015 11:15	69.7	67.3	56.3	51.9	62.5	4	100
11/12/2015 11:20	70.1	66.2	57	52.8	62.6	4	100
11/12/2015 11:25	69	65.6	54	51.6	61.1	4	100
11/12/2015 11:30	69.4	66.5	57.8	53.8	63.1	4	100
11/12/2015 11:35	69.7	66.5	54.5	51	61.8	4	100
11/12/2015 11:40	69.5	66.6	54.3	51.7	61.9	4	100
11/12/2015 11:45	69.8	66.6	53.3	54.7	62.4	4	100
11/12/2015 11:50	69.2	67.2	57.9	53.2	63	4	100
11/12/2015 11:55	69.2	65.7	59.2	51	62.4	4	100
11/12/2015 12:00	69.7	65.3	58.3	50.3	62	4	100
11/12/2015 12:05	70.2	66.1	60.5	49.3	63	4	100
11/12/2015 12:10	69	65.7	57.3	50.8	62	4	100
11/12/2015 12:15	68.2	64.4	56.7	50.1	61.1	4	100
11/12/2015 12:20	67.9	65.3	55.2	51.4	61.3	4	100
11/12/2015 12:25	68	66.4	56.4	53.5	62.4	4	100
11/12/2015 12:30	68.2	65.8	58.4	50.8	62	4	100
11/12/2015 12:35	67.9	66.4	57.5	52.7	62.2	4	100
11/12/2015 12:40	68.5	67	58.4	52.5	62.2	4	100
11/12/2015 12:45	67.8	66.1	58	50.7	61.8	4	100
11/12/2015 12:50	67.6	63.8	59	49.1	61	4	100
11/12/2015 12:55	67.1	64.7	60.9	49.3	61.4	4	100
11/12/2015 13:00	67.7	65	62.8	52.5	62.6	4	100
11/12/2015 13:05	67.6	63.2	58.9	50.9	61	4	100
11/12/2015 13:10	66.6	63.2	59.8	54.8	61.8	4	100
11/12/2015 13:15	66.7	63.4	57.8	53.4	61	4	100
11/12/2015 13:20	66.9	63.9	61.5	53.7	62.2	4	100
11/12/2015 13:25	66.7	63.8	60.4	52	61.4	4	100
11/12/2015 13:30	66	63.7	58	52.2	60.8	4	100
11/12/2015 13:35	66.4	63.9	60	54.4	61.7	4	100
11/12/2015 13:40	65.8	63.4	56.9	55	60.9	4	100
11/12/2015 13:45	66.2	64.4	59.1	52.9	61.3	4	100
11/12/2015 13:50	53	53.5	57.2	49.2	52.9	4	100
11/12/2015 13:55	55	54.3	54.6	47.5	53.1	4	100
11/12/2015 14:00	47.3	48.2	50	40.8	46.6	4	100
11/12/2015 14:05	39.8	45.8	49.7	40.1	43.8	4	100
11/12/2015 14:10	34.9	40.3	47.7	38.8	40	4	100
11/12/2015 14:15	35	35.6	46	38.8	38.6	4	100
11/12/2015 14:20	31.9	32.4	43.5	37.1	35.8	4	100
11/12/2015 14:25	28.6	33.5	44.4	37.6	35.9	4	100
11/12/2015 14:30	25.8	29.7	42.1	33.6	32.5	4	100
11/12/2015 14:35	26.2	31.2	43.5	35.3	33.9	4	100
11/12/2015 14:40	31.6	33.1	44.2	37.1	36.4	4	100
11/12/2015 14:45	29.1	31.6	41.8	32.9	33.7	4	100
11/12/2015 14:50	28.1	30.4	41.1	32.1	32.6	4	100
11/12/2015 14:55	20.6	22.8	29.8	22.8	24.1	4	100
11/12/2015 15:00	17.3	19	27.5	20.4	21.3	4	100
11/12/2015 15:05	13.8	15.9	24.1	16.4	17.8	4	100
11/12/2015 15:10	18.9	21.6	29.2	22.5	23.1	4	100
11/12/2015 15:15	14.3	16.5	22.2	16.6	17.5	4	100
11/12/2015 15:20	16.4	19.8	23.1	18	19.3	4	100
11/12/2015 15:25	15.4	18.8	25.5	17.5	19.5	4	100
11/12/2015 15:30	14.6	17	25.7	15.1	18.4	4	100
11/12/2015 15:35	18.7	20.3	27.7	16.8	21.2	4	100
11/12/2015 15:40	17	19.5	29.6	17.4	21	4	100
11/12/2015 15:45	14.4	15.7	23.8	14.7	17.4	4	100
11/12/2015 15:50	24	24.6	30	22.1	25.1	4	100
11/12/2015 15:55	20.8	22.8	30.7	21.3	24	4	100
11/12/2015 16:00	15.7	16.3	25.2	15.7	18.6	4	100
11/12/2015 16:05	14.8	15.5	24	16.7	17.8	4	100
11/12/2015 16:10	15.5	17.7	26	18.9	19.6	4	100
11/12/2015 16:15	18	19.2	28.3	21.2	21.9	4	100
11/12/2015 16:20	14.3	15.6	27.2	17.3	19.2	4	100
11/12/2015 16:25	12.1	13.3	24.1	14.2	16.6	4	100
11/12/2015 16:30	12.7	12.6	22.3	13.6	15.5	4	100
11/12/2015 16:35	10.9	11.2	17.9	10.8	12.9	4	100
11/12/2015 16:40	13.1	13.7	19.1	13.3	14.9	4	100
11/12/2015 16:45	12.1	12.1	17.6	12.5	13.6	4	100
11/12/2015 16:50	16.4	17.6	23.3	15.7	18.5	4	100
11/12/2015 16:55	14.3	16	21.8	17.6	17.6	4	100
11/12/2015 17:00	13.8	14.7	23.5	16.2	17.5	4	100
11/12/2015 17:05	12.2	13.6	21.9	13	15.4	4	100
11/12/2015 17:10	15.1	15.7	24.9	15.3	17.7	4	100
11/12/2015 17:15	13.3	13.8	22.3	14.7	16.3	4	100
11/12/2015 17:20	13.6	13.6	19.8	13.7	15.3	4	100
11/12/2015 17:25	12	11.5	16.9	11.5	13.1	4	100
11/12/2015 17:30	11.4	11.3	19	12.1	13.7	4	100
11/12/2015 17:35	12.7	11.7	18.6	11	13.7	4	100
11/12/2015 17:40	13.2	12	18.1	11.7	13.9	4	100
11/12/2015 17:45	13.2	12.2	17.7	12.8	14.1	4	100
11/12/2015 17:50	14.9	13.3	18.3	11.9	14.8	4	100
11/12/2015 17:55	15.4	14.6	20.4	13	16.1	4	100
11/12/2015 18:00	16.1	16.8	21.4	14.4	17.3	4	100
11/12/2015 18:05	13.7	14.1	22.1	13.1	16.1	4	100
11/12/2015 18:10	13.9	14.2	20.4	14	15.7	4	100
11/12/2015 18:15	17	14.2	20.4	14	16.5	4	100
11/12/2015 18:20	17.2	16.8	24.6	16.8	19.1	4	100
11/12/2015 18:25	20	18.5	27.8	19.4	21.6	4	100
11/12/2015 18:30	15.3	13.7	21.4	14.7	16.5	4	100
11/12/2015 18:35	14.7	12.4	17.7	11.3	14.2	4	100
11/12/2015 18:40	18.9	18.4	18.8	13.8	17.7	4	100
11/12/2015 18:45	28	28.2	30.7	25.1	28.1	4	100
11/12/2015 18:50	26	26.8	33.6	29.8	28.9	4	100
11/12/2015 18:55	30.3	32.6	38.6	33	33.4	4	100
11/12/2015 19:00	22.8	26.4	39.9	31.2	30.3	4	100
11/12/2015 19:05	18.9	21.8	36.7	26	26.5	4	100
11/12/2015 19:10	19.8	20.5	37.1	25.3	25.8	4	100
11/12/2015 19:15	29.6	29.2	41.4	30.7	32.4	4	100
11/12/2015 19:20	33.1	32.4	44.1	33.9	35.8	4	100
11/12/2015 19:25	33.1	35.2	45	34.1	36.6	4	100
11/12/2015 19:30	45.8	46.8	50	42.8	46.3	4	100
11/12/2015 19:35	54.4	53.6	56.8	49.4	53.4	4	100
11/12/2015 19:40	57.4	56.3	58.5	51.9	56	4	100
11/12/2015 19:45	59.5	59.2	59	53	57.8	4	100
11/12/2015 19:50	59.7	58.6	60	51.1	57.5	4	100
11/12/2015 19:55	61.3	60	60.3	52.5	58.6	4	100
11/12/2015 20:00	63.2	60.9	63.5	55	60.6	4	100
11/12/2015 20:05	61.8	59.9	62.7	55	59.9	4	100
11/12/2015 20:10	62.5	59.2	62.9	55.7	60.2	4	100
11/12/2015 20:15	61.9	59.4	60.3	56.2	59.6	4	100
11/12/2015 20:20	62.1	59.6	61.4	55.7	59.8	4	100
11/12/2015 20:25	64.7	61.6	63.6	56.1	61.6	4	100
11/12/2015 20:30	65.5	63.3	63.4	55.6	62.3	4	100
11/12/2015 20:35	66.5	64.6	66.1	55.8	63.4	4	100
11/12/2015 20:40	66.1	64.5	65.8	57.7	63.6	4	100
11/12/2015 20:45	65.5	64.3	63.2	56.7	62.5	4	100
11/12/2015 20:50	65.7	64.2	63.2	56.9	63	4	100
11/12/2015 20:55	67.3	65.2	65.2	58.3	64.3	4	100
11/12/2015 21:00	71.1	68	68.3	59.8	67.1	4	100
11/12/2015 21:05	73.1	70.1	65.7	63.5	68.7	4	100
11/12/2015 21:10	73.7	69.1	69.7	63.7	69.3	4	100
11/12/2015 21:15	75	70.2	67.4	62.8	69.6	4	100
11/12/2015 21:20	75.7	72.6	70	65.2	71.1	4	100
11/12/2015 21:25	75.1	70.7	69.2	66.1	70.6	4	100
11/12/2015 21:30	75.5	70.4	70	62.1	70	4	100
11/12/2015 21:35	75.5	70.6	69.3	67	71	4	100
11/12/2015 21:40	76.1	70.8	67.8	66.9	71.1	4	100
11/12/2015 21:45	76.2	70.3	65	63.8	69.9	4	100
11/12/2015 21:50	78.1	72.1	62	64.8	70.4	4	100
11/12/2015 21:55	78.2	73.3	67.5	65	72.1	4	100
11/12/2015 22:00	75	69.8	63.4	61.5	68.6	4	100
11/12/2015 22:05	74.6	69.8	64.8	67.8	70	4	100
11/12/2015 22:10	75	69.8	64.3	64.8	69.3	4	100
11/12/2015 22:15	75.1	70.4	69.9	68.7	71.3	4	100
11/12/2015 22:20	73.9	70.2	67.7	62.7	69	4	100
11/12/2015 22:25	74.2	71.2	68.2	64.4	69.9	4	100
11/12/2015 22:30	75.2	70.5	71.5	61	69.9	4	100
11/12/2015 22:35	75.9	71.1	69.2	62.7	69.6	4	100
11/12/2015 22:40	75.8	70.5	64.5	56	68.2	4	100
11/12/2015 22:45	74.8	70.3	61.3	60.3	68.2	4	100
11/12/2015 22:50	74.7	70.1	66.1	57.5	67.8	4	100
11/12/2015 22:55	75.8	72.5	66.8	61.2	69.6	4	100
11/12/2015 23:00	75	71.8	69.6	62.7	70.1	4	100
11/12/2015 23:05	75.2	69.9	64.1	63.2	69.2	4	100
11/12/2015 23:10	73.8	66.6	65.1	60.5	67.1	4	100
11/12/2015 23:15	74.9	68.5	66.7	63.1	68.7	4	100
11/12/2015 23:20	74.8	68.9	62.2	64.1	68.3	4	100
11/12/2015 23:25	73.8	68.6	62.3	60.1	67.1	4	100
11/12/2015 23:30	73.6	70.2	66.2	59.7	68	4	100
11/12/2015 23:35	74.1	70.7	63.5	60.8	68.4	4	100
11/12/2015 23:40	74.5	71.3	63.7	68.4	70.3	4	100
11/12/2015 23:45	74.1	71.4	63.6	68.7	69.9	4	100
11/12/2015 23:50	73.8	70.7	65.5	62	68.7	4	100
11/12/2015 23:55	74.7	71.6	62.9	60.7	68.3	4	100
11/13/2015 00:00	74.8	71.7	67.4	62.8	70	4	100
11/13/2015 00:05	75.2	71	66.6	61.9	68.6	4	100
11/13/2015 00:10	74.6	70.1	65.9	63	68.6	4	100
11/13/2015 00:15	74.9	71	67.5	64	69.5	4	100
11/13/2015 00:20	74.2	70.2	66.5	66.5	69.9	4	100
11/13/2015 00:25	74.9	69.7	67.5	64.8	69.4	4	100
11/13/2015 00:30	74	70.9	65.2	59.7	68.3	4	100
11/13/2015 00:35	74.5	71.3	67.4	57	68.1	4	100
11/13/2015 00:40	74.9	71.2	67.3	57.8	67.2	4	100
11/13/2015 00:45	74.5	71.4	66.8	55.6	67.1	4	100
11/13/2015 00:50	74.6	71.3	66.5	53.5	66.5	4	100
11/13/2015 00:55	74.8	71.2	65.6	53.6	66.8	4	100
11/13/2015 01:00	75	71.2	67	59.2	68.7	4	100
11/13/2015 01:05	74.7	70.9	68.2	56.1	67.6	4	100
11/13/2015 01:10	74.9	71	68.8	58.9	68.2	4	100
11/13/2015 01:15	74.6	71.1	69.6	62	68.1	4	100
11/13/2015 01:20	74.6	70.7	66.9	62.3	68.5	4	100
11/13/2015 01:25	74.7	71	67.2	53.2	66	4	100
11/13/2015 01:30	74.5	70.8	66.6	55.4	66.2	4	100
11/13/2015 01:35	74.8	71	64.8	59.8	66.9	4	100
11/13/2015 01:40	74.7	71.2	66.4	57.2	67.1	4	100
11/13/2015 01:45	74.7	71	67.3	60.6	67.9	4	100
11/13/2015 01:50	74.7	71.1	67.4	57.9	67.3	4	100
11/13/2015 01:55	74.4	71.3	67.8	57.5	67.6	4	100
11/13/2015 02:00	74.7	70.9	65.9	59.4	67.6	4	100
11/13/2015 02:05	74.7	71	67.1	61	67.7	4	100
11/13/2015 02:10	74.7	71.2	67	63	68.8	4	100
11/13/2015 02:15	74.9	71.1	66.5	59	67.1	4	100
11/13/2015 02:20	74.8	71.3	67.3	58.9	68.1	4	100
11/13/2015 02:25	74.9	71.2	67.8	61.5	68.3	4	100
11/13/2015 02:30	74.8	71.2	67.3	62.5	68.7	4	100
11/13/2015 02:35	74.7	71.1	66.8	58.3	66	4	100
11/13/2015 02:40	74.6	71.2	67.7	59.5	69	4	100
11/13/2015 02:45	74.7	71.2	68.5	62.3	69	4	100
11/13/2015 02:50	74.7	71.1	65.7	61.6	67.7	4	100
11/13/2015 02:55	74.7	70.8	65.1	54	64	4	100
11/13/2015 03:00	74.7	70.8	66.5	54.3	64.3	4	100
11/13/2015 03:05	74.7	71	66.6	58.5	66.5	4	100
11/13/2015 03:10	74.8	71	67.6	61	67.7	4	100
11/13/2015 03:15	74.8	71.1	66.8	60.1	66.9	4	100
11/13/2015 03:20	74.8	70.9	67	63.5	67.5	4	100
11/13/2015 03:25	74.7	70.8	66.8	63.2	67.9	4	100
11/13/2015 03:30	74.7	70.7	66.5	59	66.4	4	100
11/13/2015 03:35	74.8	70.9	66.9	59.5	67.3	4	100
11/13/2015 03:40	74.7	70.5	68.1	56.1	65.4	4	100
11/13/2015 03:45	74.7	70.6	65.6	60.3	66.3	4	100
11/13/2015 03:50	74.8	70.7	64	62.4	67.6	4	100
11/13/2015 03:55	74.8	70.9	64.1	63.2	67.2	4	100
11/13/2015 04:00	74.9	71.1	61.3	58.7	65.5	4	100
11/13/2015 04:05	74.7	70.9	65.8	59.4	67.3	4	0
11/13/2015 04:10	74.8	70.9	66.8	59	67.3	4	0
11/13/2015 04:15	74.8	71	67.4	62.8	69.3	4	100
11/13/2015 04:20	74.8	70.9	67.4	61.8	68.5	4	100
11/13/2015 04:25	74.5	70.8	65.8	57.3	67.3	4	100
11/13/2015 04:30	74.9	71	66.1	54.6	66.6	4	100
11/13/2015 04:35	74.9	70	63.7	56.9	67.1	4	100
11/13/2015 04:40	74.8	69.8	67	58.6	68	4	100
11/13/2015 04:45	74.3	70.7	69.2	53.7	67.2	4	100
11/13/2015 04:50	74	70.6	70	53.7	67.7	4	100
11/13/2015 04:55	74.1	70.2	70.5	58.6	68.3	4	100
11/13/2015 05:00	73.8	70.4	68.1	58.6	67.8	4	100
11/13/2015 05:05	74.3	71.5	67.9	57.8	67.9	4	100
11/13/2015 05:10	76.3	70.1	69.1	54.6	67.7	4	100
11/13/2015 05:15	76.6	70.2	62.6	56.1	67.3	4	100
11/13/2015 05:20	73.6	69.2	54.9	55.1	65	4	100
11/13/2015 05:25	73.4	69.3	62.3	63.1	68.2	4	100
11/13/2015 05:30	73.5	70.5	63.4	61.6	68.5	4	100
11/13/2015 05:35	74.3	70.2	63.3	61.7	68.2	4	100
11/13/2015 05:40	74.4	70.5	63.9	64.9	69.3	4	100
11/13/2015 05:45	73.8	70.3	71	69.9	71.5	4	100
11/13/2015 05:50	74.4	71	73	68	71.6	4	100
11/13/2015 05:55	73.7	70.4	70.8	64.7	70.1	4	100
11/13/2015 06:00	74.8	71.8	67.6	63.5	70.2	4	100
11/13/2015 06:05	76.4	71.4	69.7	65.1	71.4	4	100
11/13/2015 06:10	76.1	70.6	70.7	59.2	69.9	4	100
11/13/2015 06:15	75.8	70.4	69	60.1	69.9	4	100
11/13/2015 06:20	75.3	71	68.3	57.2	69.4	4	100
11/13/2015 06:25	75.3	70.1	67.2	60.3	69.4	4	100
11/13/2015 06:30	75.5	70.5	68.4	58.7	69	4	100
11/13/2015 06:35	75.1	71.2	70.4	58.4	69.6	4	100
11/13/2015 06:40	74.2	70	69.8	55.6	68.2	4	100
11/13/2015 06:45	74.5	69.7	67.1	63	69	4	100
11/13/2015 06:50	74.8	70.2	66.2	61.8	69.1	4	100
11/13/2015 06:55	75.3	71.7	62.2	60.2	68.9	4	100
11/13/2015 07:00	74.2	71.4	65.5	62.4	69.2	4	100
11/13/2015 07:05	75.3	72.3	68.1	66.5	71.2	4	100
11/13/2015 07:10	75	71.4	69.7	66.6	71	4	100
11/13/2015 07:15	74.9	72	71.3	68.4	72	4	100
11/13/2015 07:20	74.8	71.6	72.1	66.9	71.6	4	100
11/13/2015 07:25	73.1	70	67.9	65.7	69.6	4	100
11/13/2015 07:30	72.2	69.5	65.9	65.4	68.8	4	100
11/13/2015 07:35	73	69.8	66.6	66.9	69.5	4	100
11/13/2015 07:40	72.2	69.2	65.8	64	68.4	4	100
11/13/2015 07:45	72.4	70	64.9	62.5	68.3	4	100
11/13/2015 07:50	71.5	69.5	63.2	66.1	68.4	4	100
11/13/2015 07:55	71.9	68.9	65.2	63.6	67.9	4	100
11/13/2015 08:00	73.4	69.3	64.6	58.4	67.4	4	100
11/13/2015 08:05	71.3	66.8	68	60.8	67.1	4	100
11/13/2015 08:10	71.2	67	67.2	59.5	66.7	4	100
11/13/2015 08:15	69.9	66.9	64.6	58.3	65.3	4	100
11/13/2015 08:20	70.7	67.6	63	60.5	66.1	4	100
11/13/2015 08:25	69.7	66.4	64.4	58.7	65.3	4	100
11/13/2015 08:30	70.5	67.4	62	57.2	64.9	4	100
11/13/2015 08:35	70.3	66.9	61.4	59.5	65.2	4	100
11/13/2015 08:40	71.5	68.3	60.6	58.4	65.6	4	100
11/13/2015 08:45	71.7	68.5	62.9	59.9	66.5	4	100
11/13/2015 08:50	72.7	68.9	61.3	58.3	66.3	4	100
11/13/2015 08:55	71.9	67.8	61.7	58.4	65.7	4	100
11/13/2015 09:00	72.3	69	62.2	58.4	66.4	4	100
11/13/2015 09:05	72.4	68.8	59	57.3	65.6	4	100
11/13/2015 09:10	72.8	68.8	64	56.6	66.4	4	100
11/13/2015 09:15	72.5	67.9	61.6	56	65.5	4	100
11/13/2015 09:20	71.7	67.8	62.7	54.6	65.4	4	100
11/13/2015 09:25	70.9	66.6	62.9	55.8	65.1	4	100
11/13/2015 09:30	71.6	67.7	61.7	54.8	64.9	4	100
11/13/2015 09:35	71.9	67.8	63.2	56	65.5	4	100
11/13/2015 09:40	71	66.1	60	55.9	64.6	4	100
11/13/2015 09:45	71.4	65.5	59	56	63.6	4	100
11/13/2015 09:50	69.9	64.3	61.5	53.8	63.1	4	100
11/13/2015 09:55	70.8	66.9	64.1	53.8	64.4	4	100
11/13/2015 10:00	70.8	66.6	61	53.3	63.5	4	100
11/13/2015 10:05	70.9	66.4	64.6	53.2	64.2	4	100
11/13/2015 10:10	71.1	68.1	67.1	56.1	66.3	4	100
11/13/2015 10:15	70.6	67.1	61.1	53.3	63.9	4	100
11/13/2015 10:20	70.3	67.4	56.6	51.5	62.9	4	100
11/13/2015 10:25	70.5	66.7	59.4	50	63	4	100
11/13/2015 10:30	71	67.8	59.1	51.5	63.4	4	100
11/13/2015 10:35	70.8	67.6	58.5	54.2	63.9	4	100
11/13/2015 10:40	70.8	66.9	58.9	53	63.9	4	100
11/13/2015 10:45	69.5	65.3	59.9	51.1	62.3	4	100
11/13/2015 10:50	69.1	66.3	60.9	52.6	62.7	4	100
11/13/2015 10:55	68.9	66.3	56.6	51.9	62.2	4	100
11/13/2015 11:00	68.9	66	57.4	51.1	62.5	4	100
11/13/2015 11:05	69.7	67.2	59.5	51.6	63.1	4	100
11/13/2015 11:10	71.1	67.9	63.3	52.2	64.4	4	100
11/13/2015 11:15	69.3	66.3	62.5	54.2	63.5	4	100
11/13/2015 11:20	68.1	64.1	58.7	50.2	61.7	4	100
11/13/2015 11:25	69.3	64.1	58.4	50.2	61.8	4	100
11/13/2015 11:30	69.2	64.3	57.7	49.9	61	4	100
11/13/2015 11:35	69.2	64.7	55.4	51.6	61.6	4	100
11/13/2015 11:40	69.1	65.6	57.8	51.1	62.1	4	100
11/13/2015 11:45	68.9	65.8	58.3	53.1	62.6	4	100
11/13/2015 11:50	69.8	65.2	60.6	52.8	62.9	4	100
11/13/2015 11:55	69.3	65.5	58.4	50.9	62.5	4	100
11/13/2015 12:00	68.3	65.5	60.1	49.8	61.8	4	100
11/13/2015 12:05	67.8	64.3	61.5	47.7	61.4	4	100
11/13/2015 12:10	67.8	64.6	60.1	49.5	61.1	4	100
11/13/2015 12:15	67.5	64.6	59.8	49.4	61.3	4	100
11/13/2015 12:20	68	65.1	60.9	53.3	62.5	4	100
11/13/2015 12:25	68.7	66.4	62.7	54.4	63.6	4	100
11/13/2015 12:30	62.8	61.9	61.1	51.9	59.7	4	100
11/13/2015 12:35	59	57	57	49.1	55.9	4	100
11/13/2015 12:40	56.7	54.1	55.1	46.1	53.1	4	100
11/13/2015 12:45	54.1	51.8	53.8	42.1	50.8	4	100
11/13/2015 12:50	56.3	53.4	54	43.6	52.1	4	100
11/13/2015 12:55	58.7	56.1	51.8	47.2	54.2	4	100
11/13/2015 13:00	61.9	60.1	55.1	49.8	57.5	4	100
11/13/2015 13:05	64.6	61.6	59.1	53.6	60.4	4	100
11/13/2015 13:10	65.1	62.1	59.9	54.3	60.8	4	100
11/13/2015 13:15	66.3	62.6	60.4	55.1	61.6	4	100
11/13/2015 13:20	66.9	64.9	60.2	55.4	62.6	4	100
11/13/2015 13:25	65.9	64.1	58.8	51.5	60.8	4	100
11/13/2015 13:30	64.6	63.4	55.7	52.4	59.7	4	100
11/13/2015 13:35	50.9	54.7	52.1	47.9	51.4	4	100
11/13/2015 13:40	49.8	49.6	52.6	44.3	49	4	100
11/13/2015 13:45	41.4	44.6	51.3	44	44.9	4	100
11/13/2015 13:50	38	41	49.4	39.7	41.9	4	100
11/13/2015 13:55	31.1	32	43.8	34	35.2	4	100
11/13/2015 14:00	26.5	27.6	40.6	28.7	31	4	100
11/13/2015 14:05	38.8	39	46.7	36.3	40.1	4	100
11/13/2015 14:10	27.8	29.6	38.5	27.9	31.1	4	100
11/13/2015 14:15	38.2	37.8	44.4	34.5	38.6	4	100
11/13/2015 14:20	34.8	34.3	43.6	35.5	36.9	4	100
11/13/2015 14:25	21.6	21.7	31.8	23.5	25	4	100
11/13/2015 14:30	19.3	21.6	33.2	19.4	23.7	4	100
11/13/2015 14:35	19.4	23	35.6	19.7	24.5	4	100
11/13/2015 14:40	17.8	19	33.6	16.4	22.4	4	100
11/13/2015 14:45	14.3	14.5	29.1	13.4	18.6	4	100
11/13/2015 14:50	12.1	13.1	31.1	11.9	18.1	4	100
11/13/2015 14:55	11.1	12.5	28.4	13.2	16.7	4	100
11/13/2015 15:00	12.5	11.3	28.1	12.8	17	4	100
11/13/2015 15:05	11.5	11.2	30	14	17.9	4	100
11/13/2015 15:10	9.6	10.8	26.8	11.4	15.3	4	100
11/13/2015 15:15	10.5	12.3	28.5	12.4	16.8	4	100
11/13/2015 15:20	12.1	14.4	29.5	15.8	18.4	4	100
11/13/2015 15:25	13.1	13.8	27.7	14.3	17.6	4	100
11/13/2015 15:30	12.9	14	22.7	12.9	15.7	4	100
11/13/2015 15:35	13.2	15.2	22.9	13.5	16.3	4	100
11/13/2015 15:40	14.9	18.2	26.5	18.9	19.8	4	100
11/13/2015 15:45	13.5	15.7	25.9	15.8	18.1	4	100
11/13/2015 15:50	10.9	12.6	23.7	12.1	15.5	4	100
11/13/2015 15:55	14	15.2	24.5	12.8	16.8	4	100
11/13/2015 16:00	14.4	14.3	23.8	13.1	16.7	4	100
11/13/2015 16:05	15.1	12.7	24.1	14.3	16.9	4	100
11/13/2015 16:10	13.8	12.7	23.1	12.5	15.8	4	100
11/13/2015 16:15	15.4	15.2	24.8	16.3	18.1	4	100
11/13/2015 16:20	13.2	14.3	25.9	14.4	17.7	4	100
11/13/2015 16:25	13.7	12.2	23.6	12	15.8	4	100
11/13/2015 16:30	12.3	11.6	25.9	13.4	16.6	4	100
11/13/2015 16:35	13.4	14	27.2	16.8	18.2	4	100
11/13/2015 16:40	10.3	10.7	19.4	11.7	13.2	4	100
11/13/2015 16:45	11.4	12.6	21.5	15.4	15.4	4	100
11/13/2015 16:50	12.4	12.2	21.8	13.6	15.3	4	100
11/13/2015 16:55	10.5	12.3	22.6	12.6	15.1	4	100
11/13/2015 17:00	12.1	13.2	22.6	13.7	15.6	4	100
11/13/2015 17:05	12.8	12.3	19.8	12.9	14.6	4	100
11/13/2015 17:10	16.3	16.3	22.3	15.1	17.7	4	100
11/13/2015 17:15	17.3	15.8	22	15.4	17.7	4	100
11/13/2015 17:20	15	15.7	20.3	14.1	16.4	4	100
11/13/2015 17:25	14.5	15	21.6	13.1	16.2	4	100
11/13/2015 17:30	14	13.2	17	11.9	14	4	100
11/13/2015 17:35	13.5	14.1	20.7	12.3	15.4	4	100
11/13/2015 17:40	12.6	12.8	20	12.1	14.5	4	100
11/13/2015 17:45	14.8	15.5	22.4	12.6	16.6	4	100
11/13/2015 17:50	15.2	16.1	26.7	17.9	19	4	100
11/13/2015 17:55	15.3	13.9	26.8	14.6	18.1	4	100
11/13/2015 18:00	15.5	14.7	24	12.3	16.9	4	100
11/13/2015 18:05	15.5	15.6	23.2	11.9	16.9	4	100
11/13/2015 18:10	16.6	16.6	22.5	16.1	18.1	4	100
11/13/2015 18:15	16.2	14.2	21.9	13.6	16.7	4	100
11/13/2015 18:20	14.1	13.4	24.6	12.7	16.5	4	100
11/13/2015 18:25	17.8	18	25.7	16	19.5	4	100
11/13/2015 18:30	16.5	16	22.3	14.7	17.5	4	100
11/13/2015 18:35	17	15.9	23.3	13.9	17.7	4	100
11/13/2015 18:40	26.1	23.7	33.8	22.8	26.6	4	100
11/13/2015 18:45	18.2	18.1	27.4	17.2	20.6	4	100
11/13/2015 18:50	17.5	17.4	27.4	15.4	19.6	4	100
11/13/2015 18:55	19.6	20.8	25	21.3	21.6	4	100
11/13/2015 19:00	22.5	22.9	17.5	18	20.6	4	100
11/13/2015 19:05	24.5	24.4	13.3	16.8	20.5	4	100
11/13/2015 19:10	28.3	26.8	14.1	18.5	22.5	4	100
11/13/2015 19:15	26.4	25.1	23.3	18.2	23.4	4	100
11/13/2015 19:20	23.5	23.2	28.2	19.1	23.6	4	100
11/13/2015 19:25	26.2	26.3	31.7	22.9	26.9	4	100
11/13/2015 19:30	22.4	26	35.8	24.8	27.2	4	100
11/13/2015 19:35	21.6	22.4	38.3	26.1	27.3	4	100
11/13/2015 19:40	25.1	24.9	39.4	24.9	28.5	4	100
11/13/2015 19:45	36.3	36.8	46.5	32.4	37.7	4	100
11/13/2015 19:50	38.8	40.1	51.7	36.6	41.1	4	100
11/13/2015 19:55	44.2	45.6	56	43.3	46.7	4	100
11/13/2015 20:00	41.7	43.6	53.6	42.6	44.8	4	100
11/13/2015 20:05	36.8	43.9	55.6	44	44.4	4	100
11/13/2015 20:10	36.9	42.1	55.8	42.8	43.6	4	100
11/13/2015 20:15	31.4	38.5	55.4	42.3	41.4	4	100
11/13/2015 20:20	22.1	27.4	45.7	31.5	32.4	4	100
11/13/2015 20:25	16.3	22	42.1	23.1	26.4	4	100
11/13/2015 20:30	13.4	17.2	31.7	16.2	20.6	4	100
11/13/2015 20:35	14.9	15.6	31.2	17	20.1	4	100
11/13/2015 20:40	20.5	23.6	39.3	22.2	25.7	4	100
11/13/2015 20:45	27	30.4	42.6	30.5	32.1	4	100
11/13/2015 20:50	46.8	47.2	54.6	41.7	46.9	4	100
11/13/2015 20:55	57.3	55.9	63	47.1	55.7	4	100
11/13/2015 21:00	65.6	63.5	63.7	55.8	62.2	4	100
11/13/2015 21:05	70.1	66	65.3	57.8	65.2	4	100
11/13/2015 21:10	72	67.6	67.4	57.4	66.6	4	100
11/13/2015 21:15	72.4	68.7	68.2	57.1	67.2	4	100
11/13/2015 21:20	73.5	68.9	66.5	61.5	68.1	4	100
11/13/2015 21:25	74.8	70.7	66.9	58.1	68.7	4	100
11/13/2015 21:30	74.8	71.6	66.4	60.9	69.1	4	100
11/13/2015 21:35	73.1	70.2	67.4	61.1	68.5	4	100
11/13/2015 21:40	74.4	69	64.7	63.5	68.5	4	100
11/13/2015 21:45	74.1	69.2	68.9	61.8	69.1	4	100
11/13/2015 21:50	74.1	69.6	68.8	61	68.8	4	100
11/13/2015 21:55	74.1	70.3	66.5	58.3	67.9	4	100
11/13/2015 22:00	74.3	71.4	67.2	58.9	69	4	100
11/13/2015 22:05	75.2	72.1	68.6	61.6	69.9	4	100
11/13/2015 22:10	74.6	73.1	68.5	68.6	71.7	4	100
11/13/2015 22:15	74.7	72.6	70.6	64.8	71.1	4	100
11/13/2015 22:20	74.9	73	67.6	65.8	70.8	4	100
11/13/2015 22:25	74.8	72.5	63.8	63.7	69.6	4	100
11/13/2015 22:30	74.2	71	63.9	60.1	68.4	4	100
11/13/2015 22:35	73.7	70.8	67.4	63.9	69.4	4	100
11/13/2015 22:40	75.1	72.8	68.4	64.4	71.1	4	100
11/13/2015 22:45	74.4	72.5	67.1	63.9	70.3	4	100
11/13/2015 22:50	75.1	72.5	66.9	64.9	70.5	4	100
11/13/2015 22:55	75.1	73.1	63.7	65.1	70.4	4	100
11/13/2015 23:00	74.7	71.8	67.7	61.9	69.7	4	100
11/13/2015 23:05	74.1	71.3	68.7	63.8	69.9	4	100
11/13/2015 23:10	74.2	70.8	69.1	64	69.8	4	100
11/13/2015 23:15	75.6	72	67.7	63.6	70.5	4	100
11/13/2015 23:20	74.9	70.4	69.7	62.1	69.8	4	100
11/13/2015 23:25	74.7	71	66.6	65.2	69.6	4	100
11/13/2015 23:30	75.3	71.1	68.7	67.2	70.8	4	100
11/13/2015 23:35	74.9	70.6	65.9	64	69.4	4	100
11/13/2015 23:40	76.1	72	62.6	66.8	70.4	4	100
11/13/2015 23:45	76.2	72.8	61.5	63.9	69.8	4	100
11/13/2015 23:50	76	73.8	64.9	65.2	70.5	4	100
11/13/2015 23:55	75.4	74.2	66.9	62.2	70.5	4	100
11/14/2015 00:00	74.8	70.8	67.4	62.8	69.2	4	100
11/14/2015 00:05	74.5	69.8	65.3	64.8	69.3	4	100
11/14/2015 00:10	74.8	70.6	65.4	62.7	68.9	4	100
11/14/2015 00:15	74.5	69.5	68.2	60.2	68.7	4	100
11/14/2015 00:20	73.8	70.6	66.5	62.3	68.5	4	100
11/14/2015 00:25	74.5	70.1	68.5	68.1	70.4	4	100
11/14/2015 00:30	75.6	70.1	66.2	66.5	70	4	100
11/14/2015 00:35	75.1	70.5	66.1	62	69.2	4	100
11/14/2015 00:40	74.4	69.8	67.7	59.4	68.4	4	100
11/14/2015 00:45	75.2	70.9	66.6	57.5	67.3	4	100
11/14/2015 00:50	74.5	70.2	64.8	60.6	67.9	4	100
11/14/2015 00:55	75.3	70.8	67.3	65.2	69.8	4	100
11/14/2015 01:00	74.8	70.4	64	66	69.6	4	100
11/14/2015 01:05	75	70.7	65.7	62.7	68.6	4	100
11/14/2015 01:10	74.7	70.6	67	62.4	68.5	4	100
11/14/2015 01:15	74.7	71.4	67.8	61.8	68.8	4	100
11/14/2015 01:20	74.9	71.3	67.4	55.6	68	4	100
11/14/2015 01:25	75	71.4	65.7	61	67.8	4	100
11/14/2015 01:30	74.9	71	67.3	62.5	68.4	4	100
11/14/2015 01:35	74.9	71.1	66.8	62.3	69.1	4	100
11/14/2015 01:40	75	70.7	68.2	64	68.9	4	100
11/14/2015 01:45	74.8	70	68.8	62.1	69.3	4	100
11/14/2015 01:50	75	71.6	67.6	60.6	68.9	4	100
11/14/2015 01:55	75.1	71.6	67.2	58.2	68.1	4	100
11/14/2015 02:00	75.1	71	68.3	61.5	68.8	4	100
11/14/2015 02:05	74.8	70.6	67.8	61.3	68.7	4	100
11/14/2015 02:10	74.9	70.6	67.6	61	68.3	4	100
11/14/2015 02:15	74.7	70.6	67.9	61.4	68.8	4	100
11/14/2015 02:20	74.6	71	65.3	59.3	67.4	4	100
11/14/2015 02:25	74.7	70.8	65.9	59.3	67.4	4	100
11/14/2015 02:30	75.1	70.3	65.6	58	67.3	4	100
11/14/2015 02:35	74.9	70.8	65.5	60.2	66.6	4	100
11/14/2015 02:40	74.8	70.8	67.2	62.8	68.3	4	100
11/14/2015 02:45	74.8	70.6	67.6	62.9	69.4	4	100
11/14/2015 02:50	74.8	70.9	67.5	63.2	68.9	4	100
11/14/2015 02:55	74.6	70.8	68	63	68.5	4	100
11/14/2015 03:00	74.7	71	67.7	62.9	68.5	4	100
11/14/2015 03:05	74.8	70.9	66.9	63.1	68.9	4	100
11/14/2015 03:10	74.8	70.9	67	63.8	68.2	4	100
11/14/2015 03:15	74.6	71	67.2	64.3	68.9	4	100
11/14/2015 03:20	74.7	71	66.9	64.7	68.9	4	100
11/14/2015 03:25	74.8	70.8	67.7	59.9	67.8	4	100
11/14/2015 03:30	74.9	70.9	67	60.8	67.6	4	100
11/14/2015 03:35	74.8	70.7	67.6	54.5	65.7	4	100
11/14/2015 03:40	74.8	70.6	67.6	58.9	66.6	4	100
11/14/2015 03:45	74.8	70.9	67.6	62.7	67.6	4	100
11/14/2015 03:50	74.7	70.9	67.6	63.3	69.1	4	100
11/14/2015 03:55	74.6	70.9	67.9	63.9	69	4	100
11/14/2015 04:00	74.7	70.9	67.7	63.5	68	4	100
11/14/2015 04:05	74.6	71	68.1	63.3	68.1	4	100
11/14/2015 04:10	74.5	70.7	67.2	59.8	68.4	4	100
11/14/2015 04:15	74.7	70.7	66.6	59.8	67.5	4	100
11/14/2015 04:20	74.7	70.7	65.9	62	68.1	4	100
11/14/2015 04:25	74.7	70.6	67.2	61.9	68.7	4	100
11/14/2015 04:30	74.7	70.2	67.8	57.3	66.5	4	100
11/14/2015 04:35	74.6	70.5	67.6	60.5	68	4	100
11/14/2015 04:40	74.7	71.1	68.5	61	68.5	4	100
11/14/2015 04:45	74.7	71.5	68.9	55.7	67.3	4	100
11/14/2015 04:50	74.6	71.2	68.8	61.3	68.4	4	100
11/14/2015 04:55	74.8	70.9	67.9	62.4	69.1	4	100
11/14/2015 05:00	74.8	70.5	67.8	62.9	69.1	4	100
11/14/2015 05:05	74.7	70.9	65.5	61.2	68.2	4	100
11/14/2015 05:10	74.9	70.8	64.4	57.8	67.5	4	100
11/14/2015 05:15	74.8	70.8	66.3	58.5	66.8	4	100
11/14/2015 05:20	74.4	70.7	67.5	57.7	67.4	4	100
11/14/2015 05:25	74.7	71.2	65	58.1	67.5	4	100
11/14/2015 05:30	74.9	70.8	66.5	61.7	68.4	4	100
11/14/2015 05:35	74.3	71	67.8	57.2	68.1	4	100
11/14/2015 05:40	74	71.4	69.6	61.2	69	4	100
11/14/2015 05:45	76	71	66.6	60.4	69.3	4	100
11/14/2015 05:50	74.8	70.4	66.2	64.8	69.3	4	100
11/14/2015 05:55	75	70.6	65.3	66.2	69.5	4	100
11/14/2015 06:00	75.1	70.3	65.3	60.6	68.3	4	100
11/14/2015 06:05	74.6	69.3	61.3	60.8	67.4	4	100
11/14/2015 06:10	74.3	70.1	59.8	62	68	4	100
11/14/2015 06:15	74.6	70.3	63.6	64.6	69.2	4	100
11/14/2015 06:20	75.1	71.5	64.7	65.9	70	4	100
11/14/2015 06:25	75	71.1	66.2	63.4	69.6	4	100
11/14/2015 06:30	75.2	71.4	68.8	68.7	71.2	4	100
11/14/2015 06:35	73.7	71.5	67.3	69.9	71.2	4	100
11/14/2015 06:40	74.8	71.2	70.1	69.7	71.5	4	100
11/14/2015 06:45	76	70.5	69.7	65.5	70.5	4	100
11/14/2015 06:50	75.2	71.2	71.9	63.1	70.4	4	100
11/14/2015 06:55	76.3	72.1	69.5	63.1	70.7	4	100
11/14/2015 07:00	75.3	71.4	64.3	59.6	68.1	4	100
11/14/2015 07:05	74.8	71.4	63.7	60.9	68.7	4	100
11/14/2015 07:10	74.8	70.7	68.8	61.7	69.4	4	100
11/14/2015 07:15	75.1	71.3	64.5	58.2	68.8	4	100
11/14/2015 07:20	75.6	71.2	62.2	63.1	69	4	100
11/14/2015 07:25	73.6	71.4	67.4	61.6	69.3	4	100
11/14/2015 07:30	73.2	70.4	68	63.1	69.3	4	100
11/14/2015 07:35	73.6	69.3	67.4	63.3	69.1	4	100
11/14/2015 07:40	73.5	69.7	68.4	63.3	69.2	4	100
11/14/2015 07:45	73.5	69.5	65.4	60.7	68.2	4	100
11/14/2015 07:50	73.4	69.5	69.4	63.6	69	4	100
11/14/2015 07:55	73.1	69.3	72.8	59.4	68.7	4	100
11/14/2015 08:00	73.9	69.6	71.5	61.1	69.2	4	100
11/14/2015 08:05	73.8	69.8	67.3	64.2	69.3	4	100
11/14/2015 08:10	74.4	71.2	69.2	68.6	71.3	4	100
11/14/2015 08:15	74	70.2	69.7	62.3	69.5	4	100
11/14/2015 08:20	72.5	69.5	67.2	57.5	67.5	4	100
11/14/2015 08:25	72.4	69.8	65.5	58.8	67.4	4	100
11/14/2015 08:30	73	70	66.1	59.5	68	4	100
11/14/2015 08:35	73	69.3	67	62.5	68.3	4	100
11/14/2015 08:40	72.7	69.5	70.4	60.9	68.6	4	100
11/14/2015 08:45	73.1	69	67.8	63.3	68.7	4	100
11/14/2015 08:50	73.1	69.6	66.1	60.7	68	4	100
11/14/2015 08:55	73.4	68.4	68.3	63.3	68.6	4	100
11/14/2015 09:00	72.3	67.7	66.7	61.7	67.6	4	100
11/14/2015 09:05	73.6	69.8	66.1	62.2	68.2	4	100
11/14/2015 09:10	72.5	68.5	68.3	62.7	68.4	4	100
11/14/2015 09:15	72.8	68.7	67.5	63.9	68.8	4	100
11/14/2015 09:20	69.9	66.4	65	60.4	66	4	100
11/14/2015 09:25	70.7	67.5	65.1	61.7	66.8	4	100
11/14/2015 09:30	71.1	68.2	64.8	58.7	66.4	4	100
11/14/2015 09:35	71.2	68.3	64.8	61.2	66.9	4	100
11/14/2015 09:40	70.8	68.5	66.5	61.3	67.2	4	100
11/14/2015 09:45	70	67.9	66.3	58.9	66.3	4	100
11/14/2015 09:50	70.2	68.6	65.8	58	66	4	100
11/14/2015 09:55	71.1	68.9	66.4	61.1	67.2	4	100
11/14/2015 10:00	71.5	69	66.6	60.1	67.3	4	100
11/14/2015 10:05	70.5	66.7	62.3	60	65.6	4	100
11/14/2015 10:10	69.9	66	64.8	60.9	65.8	4	100
11/14/2015 10:15	69.8	66.7	66.6	60.2	66.1	4	100
11/14/2015 10:20	69.6	66.2	65.5	60.8	65.9	4	100
11/14/2015 10:25	70.1	66.2	66.1	62.2	66.5	4	100
11/14/2015 10:30	69.7	66.7	63.1	63	66.2	4	100
11/14/2015 10:35	68.7	65.7	65	61.2	65.4	4	100
11/14/2015 10:40	69.4	65.8	67	60.5	66	4	100
11/14/2015 10:45	69.2	66.2	67.8	58.6	65.6	4	100
11/14/2015 10:50	69.4	66.5	67.1	59.7	66	4	100
11/14/2015 10:55	69.5	67.4	65.6	58.3	65.5	4	100
11/14/2015 11:00	69.4	66.6	64.5	58.9	65.3	4	100
11/14/2015 11:05	69.4	66.1	66.2	58.9	65.5	4	100
11/14/2015 11:10	69.1	66.1	64.1	60.5	65.2	4	100
11/14/2015 11:15	69.1	66.7	62.1	61.2	65.4	4	100
11/14/2015 11:20	68.1	66.1	61.3	60.3	64.5	4	100
11/14/2015 11:25	68.6	64.6	62.8	58.4	64.1	4	100
11/14/2015 11:30	69.2	65.8	64.4	60.8	65.4	4	100
11/14/2015 11:35	68.6	66	65.5	60	65.3	4	100
11/14/2015 11:40	69	65.1	65.1	61.8	65.5	4	100
11/14/2015 11:45	69.4	65.6	66	63.6	66.4	4	100
11/14/2015 11:50	68.9	65.7	66.3	61.9	65.9	4	100
11/14/2015 11:55	68.5	64.8	66.4	61.9	65.6	4	100
11/14/2015 12:00	68.9	64.8	63.4	60.9	64.8	4	100
11/14/2015 12:05	66.4	63.5	63.2	58.9	63.2	4	100
11/14/2015 12:10	65.3	62.2	62.7	60.5	62.9	4	100
11/14/2015 12:15	66.2	64	63.5	58.1	63.3	4	100
11/14/2015 12:20	66.3	64.2	62.4	58.2	63.1	4	100
11/14/2015 12:25	66.8	64.4	65.2	61	64.5	4	100
11/14/2015 12:30	67.4	64.6	65.7	60.1	64.6	4	100
11/14/2015 12:35	67.7	66.4	63.5	59.2	64.7	4	100
11/14/2015 12:40	67.2	65.1	64	57.6	63.7	4	100
11/14/2015 12:45	68.5	66.6	65.1	61.5	65.6	4	100
11/14/2015 12:50	67.2	64.7	64.9	58.4	64	4	100
11/14/2015 12:55	67.4	64.8	64.5	58.3	64	4	100
11/14/2015 13:00	68.2	65.6	65.7	57.9	64.6	4	100
11/14/2015 13:05	67.7	65.3	66.6	58.3	64.4	4	100
11/14/2015 13:10	67.8	65.4	65.1	61.3	65.1	4	100
11/14/2015 13:15	67	63.7	63.9	57.9	63.4	4	100
11/14/2015 13:20	66.7	63.9	63.7	58.9	63.4	4	100
11/14/2015 13:25	66.4	62.9	62	57.4	62.6	4	100
11/14/2015 13:30	67.2	63.7	64	58.6	63.6	4	100
11/14/2015 13:35	67.2	63.5	61.3	56.8	62.7	4	100
11/14/2015 13:40	66.9	63.3	62.2	57.2	62.7	4	100
11/14/2015 13:45	67	63.2	63	56.5	62.8	4	100
11/14/2015 13:50	66.5	63.1	62	53.2	61.6	4	100
11/14/2015 13:55	67.1	63.8	65	58.3	63.8	4	100
11/14/2015 14:00	66.3	63.5	62.9	59.6	63.2	4	100
11/14/2015 14:05	66.2	64.4	65.3	61.7	64.4	4	100
11/14/2015 14:10	65.3	64.4	63.6	60.2	63.6	4	100
11/14/2015 14:15	66.4	64.6	64.8	61.2	64.4	4	100
11/14/2015 14:20	67	63.8	61.8	59.6	63.5	4	100
11/14/2015 14:25	67.4	63.9	60.2	59.4	63.3	4	100
11/14/2015 14:30	68.2	64.9	62.1	58.9	63.9	4	100
11/14/2015 14:35	66.4	64.3	60.9	56.2	62.3	4	100
11/14/2015 14:40	65.5	63.2	58.8	57.6	61.8	4	100
11/14/2015 14:45	65.4	63.5	61.7	58.1	62.5	4	100
11/14/2015 14:50	65.1	62.9	62.8	60.1	62.9	4	100
11/14/2015 14:55	65.7	63.7	64.1	59.8	63.4	4	100
11/14/2015 15:00	66.7	64.5	64.9	60.6	64.2	4	100
11/14/2015 15:05	66.5	63.7	64.8	61.1	64.1	4	100
11/14/2015 15:10	65.5	62.8	63.7	61.2	63.4	4	100
11/14/2015 15:15	66.7	63.8	63.6	61.9	64.1	4	100
11/14/2015 15:20	66.1	63.3	64.8	59.9	63.5	4	100
11/14/2015 15:25	66.5	63.7	65.7	59.4	63.8	4	100
11/14/2015 15:30	65.2	63.2	64.7	59.1	63.1	4	100
11/14/2015 15:35	64.4	62.7	63.9	61.6	63.2	4	100
11/14/2015 15:40	66.6	63.9	63.4	63.3	64.5	4	100
11/14/2015 15:45	65.5	64.2	64.7	62.1	64.1	4	100
11/14/2015 15:50	64.5	64.8	66.6	62.3	64.5	4	100
11/14/2015 15:55	65.8	65.3	66.1	62.1	64.9	4	100
11/14/2015 16:00	67.7	66.6	66	63.2	66	4	100
11/14/2015 16:05	68.2	66.8	65.8	62.9	66	4	100
11/14/2015 16:10	67.8	65.8	65.9	64.4	66	4	100
11/14/2015 16:15	66.7	66.2	64.3	63.8	65.4	4	100
11/14/2015 16:20	65.6	64.3	64.1	61.6	64	4	100
11/14/2015 16:25	65.5	63.1	61.2	60.1	62.7	4	100
11/14/2015 16:30	64.8	61.7	62.2	60.2	62.3	4	100
11/14/2015 16:35	64.8	62	61.8	61.7	62.8	4	100
11/14/2015 16:40	64.2	61.5	62.6	59	61.9	4	100
11/14/2015 16:45	64.1	61.1	60.5	60.1	61.6	4	100
11/14/2015 16:50	65.5	62.4	61.7	62.3	63.2	4	100
11/14/2015 16:55	65.9	63.1	65	63.2	64.2	4	100
11/14/2015 17:00	65.4	64	64.3	62.6	64.1	4	100
11/14/2015 17:05	65.5	63.5	64.7	61.5	63.8	4	100
11/14/2015 17:10	66	63.2	63.9	62	63.9	4	100
11/14/2015 17:15	64.6	62.9	65	62.8	63.7	4	100
11/14/2015 17:20	61.7	60.5	61.4	58.1	60.5	4	100
11/14/2015 17:25	59.2	58.3	59.8	55.3	58	4	100
11/14/2015 17:30	59.7	58.4	59.7	56.7	58.6	4	100
11/14/2015 17:35	59	56.8	59.5	56.3	57.9	4	100
11/14/2015 17:40	58.6	56.1	61.2	54.5	57.4	4	100
11/14/2015 17:45	59.6	57.4	59.1	55.1	57.9	4	100
11/14/2015 17:50	60.9	58.6	61.5	56.6	59.4	4	100
11/14/2015 17:55	60.4	58.6	61	55.7	58.8	4	100
11/14/2015 18:00	59.8	58.5	60.3	58.4	59.2	4	100
11/14/2015 18:05	60	59	61.4	59.7	59.9	4	100
11/14/2015 18:10	59.4	58.8	60.9	58.4	59.3	4	100
11/14/2015 18:15	51.1	54.4	56.6	56.3	54.2	4	100
11/14/2015 18:20	39.6	43.6	49.6	45.5	44.4	4	100
11/14/2015 18:25	48.1	50.8	53	50.2	50.2	4	100
11/14/2015 18:30	55.6	56.6	61.4	55.7	57	4	100
11/14/2015 18:35	59.6	59.6	62.6	58.1	59.8	4	100
11/14/2015 18:40	62.2	61.5	63.9	59.6	61.7	4	100
11/14/2015 18:45	62.9	61.5	65.3	61.8	62.7	4	100
11/14/2015 18:50	63.6	61.9	63.3	61	62.4	4	100
11/14/2015 18:55	63.7	62	59.9	57.1	61	4	100
11/14/2015 19:00	57.5	56.2	56.3	55.4	56.4	4	100
11/14/2015 19:05	59.7	57.8	58.4	55.9	58	4	100
11/14/2015 19:10	62.4	60	62.1	57.8	60.5	4	100
11/14/2015 19:15	63	61.2	62.2	58.5	61.2	4	100
11/14/2015 19:20	63.3	61.3	60.7	59.9	61.5	4	100
11/14/2015 19:25	64.9	61.3	62.4	60.6	62.3	4	100
11/14/2015 19:30	65.1	62.4	64.5	60.4	63.1	4	100
11/14/2015 19:35	66.6	64.3	62	62.7	64.4	4	100
11/14/2015 19:40	65.9	63.5	64.2	60.7	63.7	4	100
11/14/2015 19:45	65.3	63.6	62.6	58.3	62.7	4	100
11/14/2015 19:50	65.9	64.4	64.2	57.7	63.4	4	100
11/14/2015 19:55	67.1	64.4	66.5	58.2	64.2	4	100
11/14/2015 20:00	67.8	64.7	65.3	60.1	64.7	4	100
11/14/2015 20:05	68.7	65.4	62.9	62.3	65.4	4	100
11/14/2015 20:10	69.8	65.7	64.2	62.1	65.8	4	100
11/14/2015 20:15	69.1	65.6	66.2	63.6	66.2	4	100
11/14/2015 20:20	70	66.5	62.8	63	66.1	4	100
11/14/2015 20:25	70.3	66.8	65.6	61.8	66.4	4	100
11/14/2015 20:30	69.7	67.4	66	59.6	66.2	4	100
11/14/2015 20:35	70.2	67	67	60.2	66.5	4	100
11/14/2015 20:40	70.6	67.5	68.6	61.5	67	4	100
11/14/2015 20:45	70.1	67.3	66.8	58.6	65.7	4	100
11/14/2015 20:50	70.2	66	66.1	57.8	65.6	4	100
11/14/2015 20:55	70.6	67	67.3	60.3	66.3	4	100
11/14/2015 21:00	71.4	68.5	68.1	62.5	67.8	4	100
11/14/2015 21:05	71.6	68	68.1	61.6	67.6	4	100
11/14/2015 21:10	72.1	69.3	65.6	62.1	67.7	4	100
11/14/2015 21:15	73.4	70	66.4	61.8	68.4	4	100
11/14/2015 21:20	73.8	69.1	68.4	62.7	68.9	4	100
11/14/2015 21:25	74	69.8	69.7	60.2	68.6	4	100
11/14/2015 21:30	73.4	69.8	68.4	63.1	69	4	100
11/14/2015 21:35	74.6	69.6	66.8	63.1	69	4	100
11/14/2015 21:40	74.7	69.1	66.6	61	68.7	4	100
11/14/2015 21:45	74.1	68.5	67.6	59.5	67.8	4	100
11/14/2015 21:50	75.1	70.1	63.2	63.8	69	4	100
11/14/2015 21:55	73.2	69.8	63.2	64.3	68.5	4	100
11/14/2015 22:00	73.8	70.8	65.7	63.6	69.1	4	100
11/14/2015 22:05	73.3	70.6	67.8	63.8	69.3	4	100
11/14/2015 22:10	73.1	70.4	68	63	69	4	100
11/14/2015 22:15	73.4	70.2	68.4	62.3	68.9	4	100
11/14/2015 22:20	73	70.6	69.2	63.2	69.4	4	100
11/14/2015 22:25	73.3	70.4	66.3	63.2	69	4	100
11/14/2015 22:30	74	70.8	66.9	63.3	69.4	4	100
11/14/2015 22:35	73.6	70.7	65.9	58.8	68.2	4	100
11/14/2015 22:40	74.2	70.4	67.4	61.1	68.4	4	100
11/14/2015 22:45	73.7	71.1	65.7	64.8	69.3	4	100
11/14/2015 22:50	74.2	71.3	66.1	63.8	69.3	4	100
11/14/2015 22:55	74.5	71	66.3	62.7	69.1	4	100
11/14/2015 23:00	74.4	70.8	64.5	65.2	69.2	4	100
11/14/2015 23:05	74.1	69.7	64.7	65.9	69.3	4	100
11/14/2015 23:10	74.4	70.5	63.1	65.1	68.9	4	100
11/14/2015 23:15	75.2	69.2	65	63.7	68.9	4	100
11/14/2015 23:20	74.7	68.9	61.9	62.8	67.6	4	100
11/14/2015 23:25	74.7	69.8	63.9	62	68.2	4	100
11/14/2015 23:30	75.9	71.1	65.8	65.6	70.2	4	100
11/14/2015 23:35	74.9	70.6	67.3	67.5	70.8	4	100
11/14/2015 23:40	75.3	70	67.3	65.8	70.1	4	100
11/14/2015 23:45	75.6	70.7	69	64.8	70.5	4	100
11/14/2015 23:50	76	71.3	69.8	66	70.8	4	100
11/14/2015 23:55	76.4	70.9	66.7	59.1	68.7	4	100
11/15/2015 00:00	73.3	71.7	67.4	66.7	70.3	4	100
11/15/2015 00:05	74.6	72.1	65	63.9	69.5	4	100
11/15/2015 00:10	74.9	71.6	63.8	62.1	68.4	4	100
11/15/2015 00:15	75.2	69.6	65.3	60.2	68.4	4	100
11/15/2015 00:20	75.6	69.3	64.9	62.6	68.5	4	100
11/15/2015 00:25	74.7	70.4	65	64.3	69.4	4	100
11/15/2015 00:30	74.4	70.4	65.5	64.7	69.4	4	100
11/15/2015 00:35	73.6	70.3	66.8	61.1	68.9	4	100
11/15/2015 00:40	73.4	70.4	68	61.2	69	4	100
11/15/2015 00:45	74.8	70.9	68.6	60.8	68.8	4	100
11/15/2015 00:50	74.7	70.6	67.7	59.5	68.9	4	100
11/15/2015 00:55	75.4	70.4	66.5	61	69	4	100
11/15/2015 01:00	75	69.7	66.3	63.8	69	4	100
11/15/2015 01:05	74.8	70.1	65.1	65.3	69.1	4	100
11/15/2015 01:10	75.1	70.2	66.3	64.5	69.8	4	100
11/15/2015 01:15	74.7	71.7	64.2	64.6	69.7	4	100
11/15/2015 01:20	73.8	70.9	66.4	61.9	68.8	4	100
11/15/2015 01:25	74.1	70.7	67.2	64.2	68.7	4	100
11/15/2015 01:30	74.8	71.1	67.6	62.9	69.3	4	100
11/15/2015 01:35	74.7	71.5	66.2	64.4	68.9	4	100
11/15/2015 01:40	74.8	71.1	66.9	65.3	69.8	4	100
11/15/2015 01:45	74.8	71.3	66.6	66.2	70.1	4	100
11/15/2015 01:50	74.7	71.3	66.6	66	69.4	4	100
11/15/2015 01:55	74.4	70.9	67.2	64.7	69.5	4	100
11/15/2015 02:00	74.4	70.8	66.9	65.6	69.4	4	100
11/15/2015 02:05	74.7	71	67.6	65.7	69.5	4	100
11/15/2015 02:10	75.1	71.3	68.1	64.5	69.9	4	100
11/15/2015 02:15	75.1	70.7	68.2	61.6	68.4	4	100
11/15/2015 02:20	75	70.8	68.2	63.2	69	4	100
11/15/2015 02:25	74.9	70.8	67.8	61.7	67.9	4	100
11/15/2015 02:30	74.9	70.6	67.7	63	69	4	100
11/15/2015 02:35	74.9	70.9	67.8	63.9	69.2	4	100
11/15/2015 02:40	74.8	70.6	67.3	63.2	68.1	4	100
11/15/2015 02:45	74.8	70.4	67.2	62.4	68.9	4	100
11/15/2015 02:50	74.8	70.8	67.4	63.9	68.5	4	100
11/15/2015 02:55	74.9	71.1	66.4	63.5	69.4	4	100
11/15/2015 03:00	74.9	70.9	66.4	62.8	68.2	4	100
11/15/2015 03:05	74.7	70.6	66.7	60.8	68.3	4	100
11/15/2015 03:10	74.7	70.6	67.3	62.2	68.4	4	100
11/15/2015 03:15	74.7	70.8	67.6	62.8	69.4	4	100
11/15/2015 03:20	74.7	70.9	67.7	60.9	68.7	4	100
11/15/2015 03:25	74.8	70.8	63.1	62.6	67.3	4	100
11/15/2015 03:30	74.9	71	65.4	62.5	68.8	4	100
11/15/2015 03:35	74.7	70.9	66.5	61.9	67.3	4	100
11/15/2015 03:40	75	70.9	67.5	62	68	4	100
11/15/2015 03:45	74.8	70.8	67.7	62.7	67.5	4	100
11/15/2015 03:50	74.8	70.7	66.9	62.9	68.9	4	100
11/15/2015 03:55	74.9	70.7	66.6	62	68.2	4	100
11/15/2015 04:00	74.9	70.8	67.3	61.5	68.4	4	100
11/15/2015 04:05	74.6	70.6	67.2	62.8	68.8	4	100
11/15/2015 04:10	74.6	70.6	67.2	62.4	68.2	4	100
11/15/2015 04:15	74.7	70.2	66.7	62.9	68.3	4	100
11/15/2015 04:20	74.7	70.5	67	60.7	67.7	4	100
11/15/2015 04:25	74.7	70.6	67.5	61.8	67	4	100
11/15/2015 04:30	74.5	70.8	67	61.7	67.4	4	100
11/15/2015 04:35	74.4	70.6	66.9	62.8	68.9	4	100
11/15/2015 04:40	74.6	70.7	66.8	61.9	68.4	4	100
11/15/2015 04:45	74.6	70.9	66.7	63	68	4	100
11/15/2015 04:50	74.6	70.8	64.9	62.5	68.4	4	100
11/15/2015 04:55	74.7	70.7	65.6	62.6	68.4	4	100
11/15/2015 05:00	74.6	70.7	66.1	63.6	68.5	4	100
11/15/2015 05:05	74.9	70.9	66.6	64.3	68.6	4	100
11/15/2015 05:10	74.9	71.1	67.2	64.4	69.8	4	100
11/15/2015 05:15	74.9	70.7	66.9	58.9	67.8	4	100
11/15/2015 05:20	74.7	70.2	66.1	60.1	67.1	4	100
11/15/2015 05:25	74.8	70.5	66.8	59.3	67.6	4	100
11/15/2015 05:30	74.6	70.7	66.9	60.3	68.7	4	100
11/15/2015 05:35	74.6	70.9	67.8	59.2	67.6	4	100
11/15/2015 05:40	74.7	71.1	68	62.6	68.3	4	100
11/15/2015 05:45	74.8	70.9	67.3	65.3	69.4	4	100
11/15/2015 05:50	74.9	71.5	67	66.7	70.2	4	100
11/15/2015 05:55	75.2	71.2	67.3	66.2	70.1	4	100
11/15/2015 06:00	74.8	71	66.7	65.7	69	4	100
11/15/2015 06:05	74.4	70.3	67.6	63	68.8	4	100
11/15/2015 06:10	74.7	70.3	67.8	62.8	69	4	100
11/15/2015 06:15	74.7	70.2	67.3	63.7	69.5	4	100
11/15/2015 06:20	74.3	72	67.2	65.6	70.3	4	100
11/15/2015 06:25	74.1	70.9	67.3	66.2	69.7	4	100
11/15/2015 06:30	74	70.1	66.9	63.7	69.5	4	100
11/15/2015 06:35	73.3	70.5	66.8	64.3	69.4	4	100
11/15/2015 06:40	74.1	71	67	57.3	67.8	4	100
11/15/2015 06:45	74.3	71.1	67.3	62.8	69	4	100
11/15/2015 06:50	74.7	71.4	68.8	66.7	70.6	4	100
11/15/2015 06:55	74.8	71.4	69.3	68.4	71.3	4	100
11/15/2015 07:00	74.5	71.1	68.9	68.2	70.8	4	100
11/15/2015 07:05	75.4	70.6	68.2	68.2	70.6	4	100
11/15/2015 07:10	74.9	71.4	67.7	67.5	70.6	4	100
11/15/2015 07:15	74.5	71.5	68.5	64.8	70.3	4	100
11/15/2015 07:20	74.9	71.9	69.4	64.4	70.2	4	100
11/15/2015 07:25	74.7	71.9	70.5	67.2	71.4	4	100
11/15/2015 07:30	74.4	71.9	69.3	62.8	69.7	4	100
11/15/2015 07:35	75.5	71.9	65.9	64.5	69.9	4	100
11/15/2015 07:40	75.2	70	64.1	61.7	68.5	4	100
11/15/2015 07:45	73.7	69.8	66.3	60.9	68.5	4	100
11/15/2015 07:50	74.4	70	69.2	58.9	68.2	4	100
11/15/2015 07:55	73.6	69.8	67.3	58	67.8	4	100
11/15/2015 08:00	74.9	70.1	67.3	56.6	67	4	100
11/15/2015 08:05	74.1	70.2	65.8	57.8	67.5	4	100
11/15/2015 08:10	72.8	70.1	63.1	59.6	67.4	4	100
11/15/2015 08:15	73.2	70.4	66.7	63.4	68.9	4	100
11/15/2015 08:20	73.8	70.3	65.9	58.7	67.4	4	100
11/15/2015 08:25	73.6	70.2	65.6	60.6	68.4	4	100
11/15/2015 08:30	72.8	71.1	62.9	59.1	66.9	4	100
11/15/2015 08:35	73.6	70.5	64.8	59.3	68	4	100
11/15/2015 08:40	72.7	69.3	66.2	60.7	68	4	100
11/15/2015 08:45	71.6	69	63.5	60.3	66.9	4	100
11/15/2015 08:50	72.1	69.5	67.6	58.9	67.1	4	100
11/15/2015 08:55	72.8	69.7	69.4	60.2	68.5	4	100
11/15/2015 09:00	72.9	69.9	70.2	64.7	69.4	4	100
11/15/2015 09:05	71.1	69.1	70.2	63.5	68.5	4	100
11/15/2015 09:10	71.2	69	68.8	61.7	68	4	100
11/15/2015 09:15	71.9	67.8	64.5	59.7	66.5	4	100
11/15/2015 09:20	72.4	68.8	67.2	63.2	68.2	4	100
11/15/2015 09:25	71.4	68.2	68	61.3	67.4	4	100
11/15/2015 09:30	70.6	67.9	65.7	62.2	66.9	4	100
11/15/2015 09:35	70.7	68.5	67	57.8	66.6	4	100
11/15/2015 09:40	70.8	69.1	68	59.6	67.1	4	100
11/15/2015 09:45	71.4	68.9	69.8	61.3	67.8	4	100
11/15/2015 09:50	71.5	68.5	70.9	63.1	68.4	4	100
11/15/2015 09:55	71.6	69.4	69.7	65.2	69.1	4	100
11/15/2015 10:00	71.8	68.9	70.3	65.4	69	4	100
11/15/2015 10:05	71.6	68.5	66.6	60.7	67.4	4	100
11/15/2015 10:10	70.2	68.2	66.7	60.8	66.7	4	100
11/15/2015 10:15	70.3	67.2	67.4	59.4	66.2	4	100
11/15/2015 10:20	69.5	66.7	67.2	60.4	66.2	4	100
11/15/2015 10:25	69.6	67.5	64.7	60.8	66.2	4	100
11/15/2015 10:30	69.8	68.1	65.7	61	66.6	4	100
11/15/2015 10:35	70.3	68	63	60.8	66.2	4	100
11/15/2015 10:40	69.6	67.8	64.9	62	66.4	4	100
11/15/2015 10:45	70.2	68	66	63.2	67.3	4	100
11/15/2015 10:50	70.6	67.6	66.5	62.5	67	4	100
11/15/2015 10:55	69.4	67	65.5	57.9	65.5	4	100
11/15/2015 11:00	70.2	67.9	64.4	60.2	66.2	4	100
11/15/2015 11:05	69.8	68.4	64	61.5	66.4	4	100
11/15/2015 11:10	69.1	67.3	63.9	59.3	65.4	4	100
11/15/2015 11:15	68.1	66.3	62.8	59.7	64.6	4	100
11/15/2015 11:20	68.4	67	64	60.2	65.3	4	100
11/15/2015 11:25	69.2	66.8	62.6	57.9	64.7	4	100
11/15/2015 11:30	69.3	66.6	61.7	57	64.4	4	100
11/15/2015 11:35	70.8	68.1	66.3	59.9	66.4	4	100
11/15/2015 11:40	70.9	67.2	68.9	61	67.2	4	100
11/15/2015 11:45	70.1	66.6	67.8	60.4	66.4	4	100
11/15/2015 11:50	69	66.4	66	59.9	65.6	4	100
11/15/2015 11:55	69.3	65.4	66.8	61.6	66	4	100
11/15/2015 12:00	68.8	65.9	65.6	62.1	65.7	4	100
11/15/2015 12:05	69.1	66.8	63.8	61.9	65.9	4	100
11/15/2015 12:10	67.7	66.3	62.7	60.7	65.1	4	100
11/15/2015 12:15	68.1	66.9	63	58.9	64.8	4	100
11/15/2015 12:20	69.7	67.1	62.7	59.4	65.4	4	100
11/15/2015 12:25	69.5	66.1	61.5	61	65	4	100
11/15/2015 12:30	69.1	66.5	61.7	59.8	64.7	4	100
11/15/2015 12:35	69.3	66.9	63.5	61.4	65.7	4	100
11/15/2015 12:40	68.6	65.7	64.9	58.1	64.6	4	100
11/15/2015 12:45	69.6	66.4	66.3	58.5	65.4	4	100
11/15/2015 12:50	68.8	65.7	66.1	58.8	65	4	100
11/15/2015 12:55	69.4	66.6	65	60.1	65.6	4	100
11/15/2015 13:00	69.3	66.2	65.1	59.7	65.5	4	100
11/15/2015 13:05	69.2	66.3	63.8	60.4	65.3	4	100
11/15/2015 13:10	70	67.7	62.7	62.3	66.3	4	100
11/15/2015 13:15	69.4	67.6	64.8	62.2	66.3	4	100
11/15/2015 13:20	70.2	68	65.4	61.9	66.6	4	100
11/15/2015 13:25	70	67.6	65.2	62.5	66.7	4	100
11/15/2015 13:30	69.4	66.9	65.6	62.4	66.3	4	100
11/15/2015 13:35	67.9	66.3	65.9	61.1	65.4	4	100
11/15/2015 13:40	68.8	66.8	65.2	61.8	65.9	4	100
11/15/2015 13:45	68.1	65.9	64.4	60	64.9	4	100
11/15/2015 13:50	68.2	67.1	64.4	59.7	65.3	4	100
11/15/2015 13:55	66.8	65.5	64.3	59.2	64.4	4	100
11/15/2015 14:00	67.5	65.1	66.6	58.1	64.5	4	100
11/15/2015 14:05	67.9	65.6	65.2	58.1	64.5	4	100
11/15/2015 14:10	67.8	65.6	65.5	61.2	65.2	4	100
11/15/2015 14:15	68	65.5	67.6	60.2	65.2	4	100
11/15/2015 14:20	67.6	65.4	63.1	60.5	64.5	4	100
11/15/2015 14:25	67.8	66	63	59.1	64.3	4	100
11/15/2015 14:30	67.2	66.3	64.2	61.1	65	4	100
11/15/2015 14:35	67.3	66.5	62.8	62.7	65.2	4	100
11/15/2015 14:40	66.7	65.8	64.5	58.9	64.4	4	100
11/15/2015 14:45	66.5	65.2	65.6	59.7	64.4	4	100
11/15/2015 14:50	67.3	65.9	64.2	58.5	64.4	4	100
11/15/2015 14:55	66.3	64.3	63.7	58.9	63.6	4	100
11/15/2015 15:00	67.6	64.7	63	60.6	64.4	4	100
11/15/2015 15:05	67.5	64.8	63.5	59.9	64.3	4	100
11/15/2015 15:10	66.3	64.2	64.7	59.4	63.7	4	100
11/15/2015 15:15	66.9	64.8	66.5	60.5	64.7	4	100
11/15/2015 15:20	66.6	64.6	66.6	59.7	64.4	4	100
11/15/2015 15:25	65.8	63.9	64.3	60	63.6	4	100
11/15/2015 15:30	65.8	64.6	62.9	60.4	63.7	4	100
11/15/2015 15:35	65.8	65.7	61.1	60.2	63.6	4	100
11/15/2015 15:40	66.5	66.4	62.9	62.8	65	4	100
11/15/2015 15:45	66.3	65.6	62.2	61.8	64.3	4	100
11/15/2015 15:50	66.5	65.7	63.8	60.9	64.5	4	100
11/15/2015 15:55	67.1	65.2	66.2	61	65	4	100
11/15/2015 16:00	67	65	67.5	61.1	65.1	4	100
11/15/2015 16:05	65.9	64.1	66.9	58.8	64.1	4	100
11/15/2015 16:10	66.2	64.2	65	60.5	64.1	4	100
11/15/2015 16:15	65.8	63.8	64.8	59.2	63.4	4	100
11/15/2015 16:20	65.4	63	64.5	58.6	63	4	100
11/15/2015 16:25	65.5	63.2	63	59.4	63	4	100
11/15/2015 16:30	64.8	63.1	63.4	58.9	62.7	4	100
11/15/2015 16:35	64.9	63	65.4	59.9	63.3	4	100
11/15/2015 16:40	65.9	64.4	67.2	60.9	64.4	4	100
11/15/2015 16:45	66.5	64.3	68.3	60.5	64.4	4	100
11/15/2015 16:50	66.6	65.3	66.4	62.4	65.3	4	100
11/15/2015 16:55	65.8	64	63.2	60.8	63.7	4	100
11/15/2015 17:00	67.3	63.9	65.2	58.8	64	4	100
11/15/2015 17:05	66.4	63.2	65.6	57.3	63.2	4	100
11/15/2015 17:10	67	64.3	66.4	59.3	64.3	4	100
11/15/2015 17:15	65.6	64.1	65.4	60.6	63.8	4	100
11/15/2015 17:20	65.4	63.2	65.7	60.1	63.6	4	100
11/15/2015 17:25	64.6	62.8	63.6	57.5	62.2	4	100
11/15/2015 17:30	64.4	62.4	63.4	58.6	62.3	4	100
11/15/2015 17:35	62.7	62	61.9	56.4	60.8	4	100
11/15/2015 17:40	63.4	62.4	63.4	57.8	61.7	4	100
11/15/2015 17:45	64.5	63.2	65.3	58.4	62.9	4	100
11/15/2015 17:50	64.7	63.9	64.5	56.9	62.6	4	100
11/15/2015 17:55	65.1	62.7	64.7	57.9	62.5	4	100
11/15/2015 18:00	65.8	62.5	65.9	59.8	63.5	4	100
11/15/2015 18:05	65.9	63.1	62.7	57.5	62.5	4	100
11/15/2015 18:10	65	62.1	63.9	54.9	61.5	4	100
11/15/2015 18:15	64.6	62.7	63.2	57.8	62.1	4	100
11/15/2015 18:20	65	62.7	62.8	59.1	62.6	4	100
11/15/2015 18:25	64.2	61.8	62.3	58.5	61.9	4	100
11/15/2015 18:30	65.7	63.4	65.7	57.9	63.2	4	100
11/15/2015 18:35	66.6	64.7	63.6	56.8	63.4	4	100
11/15/2015 18:40	66	64.9	65.1	59.1	63.8	4	100
11/15/2015 18:45	66.4	64.3	63.8	57.6	63.2	4	100
11/15/2015 18:50	66.4	64	64.8	57.7	63.6	4	100
11/15/2015 18:55	65.9	63.6	63.7	55.5	62.3	4	100
11/15/2015 19:00	67.6	65.4	64	52.4	62.9	4	100
11/15/2015 19:05	65.9	63.3	63.7	55.9	62.4	4	100
11/15/2015 19:10	66	62.3	64.1	55.9	62.2	4	100
11/15/2015 19:15	67.9	64	67.8	55.8	63.9	4	100
11/15/2015 19:20	67	64.2	67.8	57	63.9	4	100
11/15/2015 19:25	67	65.1	66.4	61.6	65.1	4	100
11/15/2015 19:30	68.3	65.7	60.2	63.1	65.1	4	100
11/15/2015 19:35	69.6	66	62.9	63.7	66.1	4	100
11/15/2015 19:40	68.9	65.7	66.2	59.6	65.3	4	100
11/15/2015 19:45	68.7	66.3	63.8	61.3	65.4	4	100
11/15/2015 19:50	68.9	66.9	67.6	62.6	66.6	4	100
11/15/2015 19:55	68.4	67.5	69.2	60.7	66.3	4	100
11/15/2015 20:00	68	66.1	68.8	61.9	65.9	4	100
11/15/2015 20:05	67	65	67.9	61.2	65.1	4	100
11/15/2015 20:10	67.7	64.6	63.3	60.3	64.3	4	100
11/15/2015 20:15	67.9	66	67.2	60.4	65.4	4	100
11/15/2015 20:20	68.4	66.8	68.5	55.3	64.9	4	100
11/15/2015 20:25	68.6	65.4	68.2	58.1	64.9	4	100
11/15/2015 20:30	68.3	66.5	68.1	61.8	66.1	4	100
11/15/2015 20:35	67.9	66.8	69.3	59.4	65.9	4	100
11/15/2015 20:40	67.6	66.6	67.4	60	65.4	4	100
11/15/2015 20:45	68.1	66.4	67.6	57.3	64.9	4	100
11/15/2015 20:50	67.1	66	67.1	59	65	4	100
11/15/2015 20:55	67.6	66.7	69.4	59.8	65.8	4	100
11/15/2015 21:00	71.6	70.1	70.2	60.8	68.5	4	100
11/15/2015 21:05	72.9	70.1	66.6	61.3	68.4	4	100
11/15/2015 21:10	73.4	70.7	68.3	64.8	69.7	4	100
11/15/2015 21:15	73.8	71.6	68.6	64	70.1	4	100
11/15/2015 21:20	73.5	70.3	68.7	65.1	69.9	4	100
11/15/2015 21:25	73.7	71	69.2	62.9	69.8	4	100
11/15/2015 21:30	73.6	70.5	69.5	65.4	70	4	100
11/15/2015 21:35	73.9	71.2	66.1	63.7	69.4	4	100
11/15/2015 21:40	74.9	70.8	68.9	60.4	69.2	4	100
11/15/2015 21:45	73.4	70.1	68.8	62.2	69.3	4	100
11/15/2015 21:50	73.5	70.2	67.6	63.2	69.2	4	100
11/15/2015 21:55	74.9	70.8	66.6	65.7	70.4	4	100
11/15/2015 22:00	74.9	69.5	65.4	63	69	4	100
11/15/2015 22:05	74.8	70.2	68.5	60.7	69.4	4	100
11/15/2015 22:10	74.1	69.6	70	61.8	69.6	4	100
11/15/2015 22:15	73.3	69.4	67.9	62.7	68.8	4	100
11/15/2015 22:20	74.1	70.6	66.8	63.1	69.2	4	100
11/15/2015 22:25	73.4	70.6	67.5	64.1	69.6	4	100
11/15/2015 22:30	73.6	70	66.3	63.5	68.9	4	100
11/15/2015 22:35	73.7	70.6	65.5	60.9	68.8	4	100
11/15/2015 22:40	74.5	71.1	64.5	62.5	69.1	4	100
11/15/2015 22:45	74.6	71.6	67.2	60.2	69.2	4	100
11/15/2015 22:50	74.4	70.9	66.9	61.3	69.3	4	100
11/15/2015 22:55	74.2	70.1	66.6	62.4	69.2	4	100
11/15/2015 23:00	75	68.1	63.1	65.2	68.7	4	100
11/15/2015 23:05	74.7	69.5	64.4	65.3	69.4	4	100
11/15/2015 23:10	74.6	69.8	64	65.2	69.2	4	100
11/15/2015 23:15	74.4	69.9	63.5	66.5	69.3	4	100
11/15/2015 23:20	74.4	70	63.7	66	69.2	4	100
11/15/2015 23:25	74.9	70.6	64.5	69.1	70.5	4	100
11/15/2015 23:30	75.2	70.5	66.3	66.3	70.1	4	100
11/15/2015 23:35	75.9	71.2	67.2	65.2	70.3	4	100
11/15/2015 23:40	74.2	70.7	66.9	56.5	67.7	4	100
11/15/2015 23:45	74.5	69.8	65.3	60.7	68	4	100
11/15/2015 23:50	74.8	71.5	65.7	61.8	69.5	4	100
11/15/2015 23:55	75.7	72.6	64	65.3	70.8	4	100
