5 Minutes	Lane 1 Speed (mph)	Lane 2 Speed (mph)	Lane 3 Speed (mph)	Lane 4 Speed (mph)	Speed (mph)	# Lane Points	% Observed
11/09/2015 00:00	74.8	71	67.4	62.8	69.7	4	100
11/09/2015 00:05	75.3	70.2	69.5	62.7	70	4	100
11/09/2015 00:10	75.3	69.6	69.7	63.7	70.1	4	100
11/09/2015 00:15	75.1	70	66.6	64.2	69.1	4	100
11/09/2015 00:20	74.9	71.1	67.7	65.2	70	4	100
11/09/2015 00:25	74.7	70.4	63.1	62.4	68.1	4	100
11/09/2015 00:30	75.2	71.5	67.9	61.6	70	4	100
11/09/2015 00:35	75.2	71.2	68.5	62.1	69.8	4	100
11/09/2015 00:40	75.3	70.5	69.3	63	70.1	4	100
11/09/2015 00:45	75	70	66.1	62.6	69.3	4	100
11/09/2015 00:50	75.2	70.2	67.6	63.4	69.4	4	100
11/09/2015 00:55	75.3	70.5	70.2	63	70.5	4	100
11/09/2015 01:00	75.3	71.1	71.7	62.8	71.3	4	100
11/09/2015 01:05	74.9	70.9	74.6	63	71.7	4	100
11/09/2015 01:10	74.8	70.7	72.6	62	69.9	4	100
11/09/2015 01:15	74.7	70.7	72.8	62.5	71.1	4	100
11/09/2015 01:20	74.9	70.6	68.8	63.1	70.1	4	100
11/09/2015 01:25	74.8	70.8	67.8	62.2	69	4	100
11/09/2015 01:30	74.6	70.9	68.5	61.4	69.4	4	100
11/09/2015 01:35	74.5	70.8	70.4	62.5	69.9	4	100
11/09/2015 01:40	74.5	71	69.4	62.1	68.9	4	100
11/09/2015 01:45	74.6	70.9	67.2	62.7	69	4	100
11/09/2015 01:50	74.7	70.9	67.2	62.2	69	4	100
11/09/2015 01:55	74.7	70.2	68.5	60.4	68.7	4	100
11/09/2015 02:00	74.8	70.7	66.4	59.8	66.8	4	100
11/09/2015 02:05	74.7	70.7	68.3	61.5	68.5	4	100
11/09/2015 02:10	74.6	71	68.2	61.4	69.9	4	100
11/09/2015 02:15	74.7	71.1	68.7	61.7	69.5	4	100
11/09/2015 02:20	74.8	71.1	67.6	62	69	4	100
11/09/2015 02:25	74.8	71	69.4	62.9	69	4	100
11/09/2015 02:30	75	71.2	68.7	61.9	69.8	4	100
11/09/2015 02:35	75	71.3	66.6	62.2	68.7	4	100
11/09/2015 02:40	74.7	71.2	67.9	62.2	69	4	100
11/09/2015 02:45	74.7	70.9	68.7	62.6	69.8	4	100
11/09/2015 02:50	74.6	70.9	68.9	62.7	68.6	4	100
11/09/2015 02:55	74.8	70.9	68.6	61.4	69	4	100
11/09/2015 03:00	74.7	71.1	67.9	62.4	69.3	4	100
11/09/2015 03:05	74.7	71	68.1	62.6	68.9	4	100
11/09/2015 03:10	74.7	70.9	67.1	63	68.2	4	100
11/09/2015 03:15	74.8	70.9	68.1	58.9	67.7	4	100
11/09/2015 03:20	74.7	70.9	66.7	61.1	67.8	4	100
11/09/2015 03:25	74.6	70.9	66.2	61.3	68.7	4	100
11/09/2015 03:30	74.7	71.1	67.5	62.5	69	4	100
11/09/2015 03:35	74.7	70.8	68.3	62.7	69	4	100
11/09/2015 03:40	74.8	70.7	68.9	61.9	69.1	4	100
11/09/2015 03:45	74.7	70.7	67.6	62.7	68.2	4	100
11/09/2015 03:50	74.7	70.5	61	61.2	66.3	4	100
11/09/2015 03:55	74.6	70.5	59.4	60.5	65.5	4	100
11/09/2015 04:00	74.7	69.6	63.5	60.2	67.2	4	100
11/09/2015 04:05	74.8	70.4	62.3	61.2	67.8	4	100
11/09/2015 04:10	74.7	70.7	61.4	62	67.8	4	100
11/09/2015 04:15	74.4	70.8	64.4	60.3	67.9	4	100
11/09/2015 04:20	74.7	70.9	62	62.2	67.5	4	100
11/09/2015 04:25	74.7	70.3	61.9	62.3	67.5	4	100
11/09/2015 04:30	74.4	70.7	59.5	61.5	67.3	4	100
11/09/2015 04:35	74.2	70	68.6	62.3	69.5	4	100
11/09/2015 04:40	73.7	69.6	72.3	58.3	69.4	4	100
11/09/2015 04:45	74	70.5	77.4	60.7	72.1	4	100
11/09/2015 04:50	74.2	70.9	74.4	60.5	71.3	4	100
11/09/2015 04:55	73.8	70.4	74.4	62.2	71.2	4	100
11/09/2015 05:00	73.6	71.5	68.3	62.1	69.8	4	100
11/09/2015 05:05	74.6	71.4	68.6	61.9	70.7	4	100
11/09/2015 05:10	74.3	71	67.3	61.7	69.7	4	100
11/09/2015 05:15	76.5	69.7	64.8	61.6	69.1	4	100
11/09/2015 05:20	76	70.4	61.3	62.8	68.6	4	100
11/09/2015 05:25	75.3	70.1	64	64	69.7	4	100
11/09/2015 05:30	75.2	69.9	69.4	63	70.8	4	100
11/09/2015 05:35	72.7	68.3	60.3	63.5	67.3	4	100
11/09/2015 05:40	74	68.5	65	64	69.1	4	100
11/09/2015 05:45	73.1	70.4	67.4	60.6	69.3	4	100
11/09/2015 05:50	74.7	71.1	72.4	62.9	71.3	4	100
11/09/2015 05:55	75	70.9	72.8	63.4	72	4	100
11/09/2015 06:00	74.5	71.5	66.1	62	69.8	4	100
11/09/2015 06:05	75.1	71.7	65.9	60.4	69.9	4	100
11/09/2015 06:10	74.8	71.7	68.2	64.6	70.8	4	100
11/09/2015 06:15	74.7	72.3	67.7	63.6	70.8	4	100
11/09/2015 06:20	74.3	70.9	64.9	63.5	69.6	4	100
11/09/2015 06:25	73.8	71	64.2	65.7	69.8	4	100
11/09/2015 06:30	74.3	71.2	63.3	63	69.4	4	100
11/09/2015 06:35	74.9	71.3	65	59	69.7	4	100
11/09/2015 06:40	75	70.2	67.2	62.7	70.2	4	100
11/09/2015 06:45	76.3	71.5	65.4	64.3	70.8	4	100
11/09/2015 06:50	75.4	70.3	69.6	65.8	71.3	4	100
11/09/2015 06:55	74.7	69.2	71.4	67.3	71.6	4	100
11/09/2015 07:00	75.1	68.9	66.1	59.6	69.3	4	100
11/09/2015 07:05	75.1	68.7	68.6	58	69.4	4	100
11/09/2015 07:10	73.8	68.9	69.8	59.4	69.7	4	100
11/09/2015 07:15	73.3	69.1	67.6	62.3	69.1	4	100
11/09/2015 07:20	72.6	68.8	68.3	58.4	68.2	4	100
11/09/2015 07:25	72.5	68.8	68.8	59	68.5	4	100
11/09/2015 07:30	71.1	68.2	68.8	58.5	67.9	4	100
11/09/2015 07:35	68.8	66.3	66.6	57	66.1	4	100
11/09/2015 07:40	64.8	61.7	62	55.3	61.7	4	100
11/09/2015 07:45	67.5	63.2	62	57.6	63.4	4	100
11/09/2015 07:50	68.2	64	63.7	57.2	64.3	4	100
11/09/2015 07:55	68.7	65.1	61.9	59.3	64.8	4	100
11/09/2015 08:00	68.6	65.7	64	61.2	65.6	4	100
11/09/2015 08:05	69.2	65.8	63.5	60.4	65.6	4	100
11/09/2015 08:10	68.8	65.1	63.9	59.3	65.1	4	100
11/09/2015 08:15	69.6	66.1	65	59.4	66.1	4	100
11/09/2015 08:20	68.8	65.7	65	57.9	65.2	4	100
11/09/2015 08:25	69.1	65	64.4	56.7	65.1	4	100
11/09/2015 08:30	67.9	64.2	62	54.2	63.2	4	100
11/09/2015 08:35	67.8	63.4	61.9	54	63	4	100
11/09/2015 08:40	69.2	65	63.9	55.6	64.6	4	100
11/09/2015 08:45	70.9	66.6	66.7	58	66.6	4	100
11/09/2015 08:50	72	67.8	65.5	59.2	67.4	4	100
11/09/2015 08:55	72.5	68.6	65.2	59.1	67.4	4	100
11/09/2015 09:00	72	67.6	64.9	57.2	66.7	4	100
11/09/2015 09:05	72.7	67.9	62.4	56.4	66	4	100
11/09/2015 09:10	71.9	66.5	63.2	56.5	65.8	4	100
11/09/2015 09:15	71.8	66.5	61.5	56.8	65.5	4	100
11/09/2015 09:20	72.5	66.6	63.3	59.7	66.7	4	100
11/09/2015 09:25	73	67.8	62.1	57.7	66.2	4	100
11/09/2015 09:30	72.5	68.1	58.7	55.5	65.1	4	100
11/09/2015 09:35	72.4	68.5	60.1	57.1	65.7	4	100
11/09/2015 09:40	73.1	68.6	61	57.2	66.1	4	100
11/09/2015 09:45	73.2	68.9	63.5	56	66.3	4	100
11/09/2015 09:50	74.1	69.8	63.3	57.8	67.8	4	100
11/09/2015 09:55	73.2	68.8	63	56	66.4	4	100
11/09/2015 10:00	72.4	67.6	66.1	57.9	66.8	4	100
11/09/2015 10:05	71.9	67.2	63.9	56.8	66.1	4	100
11/09/2015 10:10	71.3	67.3	60.3	53.5	64.5	4	100
11/09/2015 10:15	70.3	67.1	59.4	54.2	64.2	4	100
11/09/2015 10:20	70.7	67.6	57.6	55.8	64.6	4	100
11/09/2015 10:25	70.9	66.3	56.9	57	63.7	4	100
11/09/2015 10:30	71.6	66.6	58.7	55.8	64.1	4	100
11/09/2015 10:35	73	66.6	56.7	55.9	64.5	4	100
11/09/2015 10:40	72.5	66.5	58.8	53.5	64.4	4	100
11/09/2015 10:45	70.9	66	59	58	64.1	4	100
11/09/2015 10:50	71.2	66	57.3	57.3	63.6	4	100
11/09/2015 10:55	69.5	64.8	58.9	52.5	62.4	4	100
11/09/2015 11:00	69.4	65	57.2	51.7	62.2	4	100
11/09/2015 11:05	68.3	64.1	54.9	50	61.2	4	100
11/09/2015 11:10	70.4	64.7	56.5	52.2	62.3	4	100
11/09/2015 11:15	71.6	66.5	55.4	50.9	62.9	4	100
11/09/2015 11:20	70.8	65	53.4	54.2	62	4	100
11/09/2015 11:25	70.5	66.8	56.3	54.3	63.5	4	100
11/09/2015 11:30	71	67.2	58.7	56.5	64.2	4	100
11/09/2015 11:35	69.5	65.1	58.8	56.4	63.6	4	100
11/09/2015 11:40	70.3	65.5	55.2	55.8	62.9	4	100
11/09/2015 11:45	70.7	67.3	58.4	57.8	64.4	4	100
11/09/2015 11:50	71.1	66.9	52.4	55.6	63	4	100
11/09/2015 11:55	71	66.8	54.1	56.5	63.2	4	100
11/09/2015 12:00	71.8	66.3	55	55.9	63.6	4	100
11/09/2015 12:05	70.8	65.6	54.3	54.3	62.1	4	100
11/09/2015 12:10	70.9	66.1	53.1	56.3	62.5	4	100
11/09/2015 12:15	70.1	65.4	53.4	55.6	62.1	4	100
11/09/2015 12:20	68.2	65	54.8	53.8	61.7	4	100
11/09/2015 12:25	69.2	64.9	55.8	52.2	61.8	4	100
11/09/2015 12:30	69.4	65.2	54.7	56.5	62.4	4	100
11/09/2015 12:35	70.2	65.6	58.9	58.1	64.2	4	100
11/09/2015 12:40	70.2	66.1	59.2	55.8	63.8	4	100
11/09/2015 12:45	70	66.9	58.5	54.4	63.7	4	100
11/09/2015 12:50	69.9	65.6	59.2	54.1	63.6	4	100
11/09/2015 12:55	70.2	65.8	60.1	54.3	63.6	4	100
11/09/2015 13:00	70.6	65.1	59.6	54.2	63.7	4	100
11/09/2015 13:05	70.1	65.8	61.3	55.8	64.1	4	100
11/09/2015 13:10	68.9	65	59.5	55.8	63.2	4	100
11/09/2015 13:15	68.2	64.2	57.4	54.3	62.2	4	100
11/09/2015 13:20	67.2	63.4	56.6	51.1	60.8	4	100
11/09/2015 13:25	67.2	63.5	54.3	53.7	61	4	100
11/09/2015 13:30	67.6	63.5	53.1	55.1	60.6	4	100
11/09/2015 13:35	67.6	63.6	53.2	55.9	61.2	4	100
11/09/2015 13:40	66.5	62.7	54.6	54.3	60.6	4	100
11/09/2015 13:45	66.7	62.6	55.9	56.1	61.2	4	100
11/09/2015 13:50	68.1	63.2	57.3	57.2	62.5	4	100
11/09/2015 13:55	68.3	64.2	58.9	54.8	62.7	4	100
11/09/2015 14:00	68.1	63.8	57.7	55.7	62.3	4	100
11/09/2015 14:05	67.6	63.9	57.6	54.3	62.1	4	100
11/09/2015 14:10	68.2	63.8	60.9	56.3	63	4	100
11/09/2015 14:15	68	63.2	59.3	56.4	62.6	4	100
11/09/2015 14:20	65.9	62.3	59.7	51.4	60.8	4	100
11/09/2015 14:25	66	63.1	59.4	54	61.6	4	100
11/09/2015 14:30	65.7	62.9	59.7	55.8	61.6	4	100
11/09/2015 14:35	63.4	61.1	59.3	53.9	60	4	100
11/09/2015 14:40	61.1	59.1	57.7	53.9	58.4	4	100
11/09/2015 14:45	61.6	59.7	59.5	54.3	59	4	100
11/09/2015 14:50	62.2	60.2	59.1	55	59.5	4	100
11/09/2015 14:55	62.6	60.4	57.5	55.1	59.3	4	100
11/09/2015 15:00	62.9	61.3	59.2	52.5	59.6	4	100
11/09/2015 15:05	63.4	61	58.9	56.2	60.4	4	100
11/09/2015 15:10	63.6	59.9	56.9	56.7	59.6	4	100
11/09/2015 15:15	63	59.7	59.7	56.2	60	4	100
11/09/2015 15:20	61.1	57.6	56.6	54.7	57.9	4	100
11/09/2015 15:25	61.5	57.9	54.2	52	57.1	4	100
11/09/2015 15:30	62.1	57.9	58.4	51.9	58.1	4	100
11/09/2015 15:35	61.5	57.8	57.8	52	57.8	4	100
11/09/2015 15:40	58.7	55.5	53.9	49.2	54.7	4	100
11/09/2015 15:45	49	47	44.4	39	45.3	4	100
11/09/2015 15:50	52.6	51.7	51.1	45.5	50.6	4	100
11/09/2015 15:55	57.1	55.7	54	48.3	54.2	4	100
11/09/2015 16:00	60.4	58.1	57.6	53.2	57.7	4	100
11/09/2015 16:05	61.3	58.7	59.2	53.5	58.4	4	100
11/09/2015 16:10	62.2	59.5	57.4	54.5	58.9	4	100
11/09/2015 16:15	63.4	60.4	57.9	53.4	59.2	4	100
11/09/2015 16:20	59	57.4	57.7	50.5	56.5	4	100
11/09/2015 16:25	56.4	55.5	57	48.3	54.7	4	100
11/09/2015 16:30	58.2	55.3	57.8	50.5	55.8	4	100
11/09/2015 16:35	56.2	54.4	56.4	51.6	54.9	4	100
11/09/2015 16:40	40	41.8	41.9	40.6	41.1	4	100
11/09/2015 16:45	41	39.9	39.9	37.1	39.6	4	100
11/09/2015 16:50	47.4	44.9	45.7	44.9	45.8	4	100
11/09/2015 16:55	37.2	38	42.8	43.6	40.1	4	100
11/09/2015 17:00	37.9	38.2	42.3	43.8	40.2	4	100
11/09/2015 17:05	48.3	47.1	48.1	48.5	48	4	100
11/09/2015 17:10	52.2	50.8	50.7	49.8	51	4	100
11/09/2015 17:15	53.6	52.5	53.2	50.9	52.7	4	100
11/09/2015 17:20	54.8	52.6	55	52.2	53.7	4	100
11/09/2015 17:25	54.8	51.9	53	51.4	53	4	100
11/09/2015 17:30	54.8	51.3	52.7	50.5	52.5	4	100
11/09/2015 17:35	55.1	51.7	54.1	50.2	53	4	100
11/09/2015 17:40	56.6	52.7	56.4	51.1	54.6	4	100
11/09/2015 17:45	57.4	54.3	57.4	52.1	55.5	4	100
11/09/2015 17:50	58.1	54.2	56.1	50.5	55.2	4	100
11/09/2015 17:55	59.1	55.4	57.1	52.7	56.3	4	100
11/09/2015 18:00	57.4	53.6	56.1	51	54.9	4	100
11/09/2015 18:05	55.2	51.8	51	49.7	52.2	4	100
11/09/2015 18:10	47.6	44.9	47.3	45.1	46.3	4	100
11/09/2015 18:15	44.5	43.2	46.3	46.8	45	4	100
11/09/2015 18:20	48.6	47.1	47.4	49.9	48.1	4	100
11/09/2015 18:25	37.3	41.1	44.2	45.1	41.6	4	100
11/09/2015 18:30	33.2	37.7	42.8	45	39.2	4	100
11/09/2015 18:35	36.7	39.6	44.4	45.3	40.9	4	100
11/09/2015 18:40	31	36.1	40.7	43.9	38.5	4	100
11/09/2015 18:45	36.5	37.4	43.1	43.6	40.3	4	100
11/09/2015 18:50	39.2	38.9	43.6	42.7	41.1	4	100
11/09/2015 18:55	40	39.6	44.1	44.3	42.1	4	100
11/09/2015 19:00	41.1	40.3	41.9	44.9	41.9	4	100
11/09/2015 19:05	42.4	39.9	40.9	44.2	41.7	4	100
11/09/2015 19:10	43.6	39.7	40.2	42	41.2	4	100
11/09/2015 19:15	43.8	40.7	41.1	43.4	42.2	4	100
11/09/2015 19:20	44.5	41.4	42.1	42.6	42.6	4	100
11/09/2015 19:25	40.1	37.7	38.2	37.6	38.4	4	100
11/09/2015 19:30	45.4	42.5	42.4	40.4	43	4	100
11/09/2015 19:35	50.6	46.7	47	45.4	47.7	4	100
11/09/2015 19:40	54.7	50.6	50.9	48.1	51.6	4	100
11/09/2015 19:45	57.9	54	50.4	49	53.6	4	100
11/09/2015 19:50	58.3	53.5	47.3	45.7	52.2	4	100
11/09/2015 19:55	57.2	52.3	48.9	45.2	51.8	4	100
11/09/2015 20:00	57.2	51.9	48	45.3	51.6	4	100
11/09/2015 20:05	58.6	52.6	50	48.7	53.4	4	100
11/09/2015 20:10	61.1	57.1	54.3	52.1	57	4	100
11/09/2015 20:15	65.3	60.7	57.7	54.2	60.3	4	100
11/09/2015 20:20	68.6	63.9	60.7	56.4	63.5	4	100
11/09/2015 20:25	69.5	65.9	64.2	58.1	65.1	4	100
11/09/2015 20:30	69.9	66.8	66.5	56.2	66	4	100
11/09/2015 20:35	70.7	68	66.5	56.7	66.8	4	100
11/09/2015 20:40	70.8	67.7	65.6	56	66.4	4	100
11/09/2015 20:45	70.7	67.7	60.6	55.9	64.8	4	100
11/09/2015 20:50	71.5	67.7	63.8	60.4	66.7	4	100
11/09/2015 20:55	71.8	68	64.8	61.1	67	4	100
11/09/2015 21:00	72.8	67.5	63.3	60.1	67.1	4	100
11/09/2015 21:05	72.2	69.4	64.6	63	68	4	100
11/09/2015 21:10	73.9	70.9	66.4	63.7	69.5	4	100
11/09/2015 21:15	73.9	70.4	66.3	64	69.2	4	100
11/09/2015 21:20	73.4	70.1	66.3	63	69	4	100
11/09/2015 21:25	74.1	68.8	65.4	57.5	67.7	4	100
11/09/2015 21:30	74.4	69.4	68.4	62	69.7	4	100
11/09/2015 21:35	74.1	69.9	64.9	57.9	68.1	4	100
11/09/2015 21:40	72.6	65.9	60.6	58.5	65.5	4	100
11/09/2015 21:45	72.9	67.4	61.8	58.7	66.3	4	100
11/09/2015 21:50	74.2	69	63.8	56	66.9	4	100
11/09/2015 21:55	74.7	68.9	61.4	56.4	66.8	4	100
11/09/2015 22:00	73.2	68.4	61.3	57.6	66.6	4	100
11/09/2015 22:05	73.1	68.8	61.1	54.9	66.3	4	100
11/09/2015 22:10	73.6	69.3	64.7	60.9	68	4	100
11/09/2015 22:15	72.8	68.6	64.9	56.2	67.1	4	100
11/09/2015 22:20	73.8	69	64.4	61.4	68.2	4	100
11/09/2015 22:25	74.8	70.3	67.4	62.2	69.7	4	100
11/09/2015 22:30	74.8	70.2	64.8	61.9	69.1	4	100
11/09/2015 22:35	74.8	70.4	67.3	62.3	69.4	4	100
11/09/2015 22:40	74.4	70.6	67.2	65.5	69.7	4	100
11/09/2015 22:45	75.8	71.9	69.7	63.2	70.8	4	100
11/09/2015 22:50	75.7	72.1	65.7	61.5	69.5	4	100
11/09/2015 22:55	76	71.9	66.9	63.6	70.8	4	100
11/09/2015 23:00	77	71.5	67.8	60.1	69.6	4	100
11/09/2015 23:05	75.9	70.6	70.5	64.7	70.7	4	100
11/09/2015 23:10	74.6	71	72	58.5	70.2	4	100
11/09/2015 23:15	75.1	72.2	73.3	58.5	71	4	100
11/09/2015 23:20	73.7	72.2	67.8	54.9	68.8	4	100
11/09/2015 23:25	73.3	70.4	67.8	56.3	68.8	4	100
11/09/2015 23:30	73.9	69.2	71.2	57.4	69.5	4	100
11/09/2015 23:35	74.2	70	72.1	57.4	69.8	4	100
11/09/2015 23:40	75	71.2	69.5	59.3	69.9	4	100
11/09/2015 23:45	76	71.7	64.3	59.7	68.6	4	100
11/09/2015 23:50	75.7	72	66.3	62.7	69.1	4	100
11/09/2015 23:55	75.5	70.4	65.7	61.5	68.7	4	100
11/10/2015 00:00	74.8	71	67.4	62.8	69.5	4	100
11/10/2015 00:05	74.7	70.9	66.6	63.9	69.1	4	100
11/10/2015 00:10	74.8	70.1	58.9	64.4	67	4	100
11/10/2015 00:15	74.6	70.5	65.2	63.2	69	4	100
11/10/2015 00:20	75	70.6	64.9	65.2	68.9	4	100
11/10/2015 00:25	75.1	70.3	63.4	65.9	68.3	4	100
11/10/2015 00:30	74.7	70.6	62.3	65.5	68.1	4	100
11/10/2015 00:35	74.8	71	63.2	60.8	68.5	4	100
11/10/2015 00:40	74.7	70.9	57.9	60.5	66.3	4	100
11/10/2015 00:45	74.8	70.9	62.1	62.3	66.7	4	100
11/10/2015 00:50	74.8	71	66.6	63.8	69.1	4	100
11/10/2015 00:55	74.7	70.9	69.5	63.2	69.7	4	100
11/10/2015 01:00	74.9	71.3	68.3	62.2	69.7	4	100
11/10/2015 01:05	74.9	71.5	66.9	62.8	69.6	4	100
11/10/2015 01:10	74.9	71.4	68.9	62.2	70.2	4	100
11/10/2015 01:15	74.7	71	67.4	63.8	68.9	4	100
11/10/2015 01:20	74.7	70.7	66.5	64	68.9	4	100
11/10/2015 01:25	74.8	71.6	63.8	64	68.7	4	100
11/10/2015 01:30	74.8	71.6	65.1	62.3	68.5	4	100
11/10/2015 01:35	74.9	71.4	66.4	63.8	69.7	4	100
11/10/2015 01:40	74.8	70.8	64.8	63.8	68.5	4	100
11/10/2015 01:45	74.8	70.6	62	63.7	68.3	4	100
11/10/2015 01:50	74.8	70.8	64.3	62.8	68.6	4	100
11/10/2015 01:55	74.8	70.9	57.8	63	65.3	4	100
11/10/2015 02:00	74.7	71.1	63	63	67.9	4	100
11/10/2015 02:05	74.8	70.9	65.3	61.8	68.9	4	100
11/10/2015 02:10	74.8	70.5	55.8	61.6	63.9	4	100
11/10/2015 02:15	74.8	70.7	60.8	59.4	65.8	4	100
11/10/2015 02:20	74.7	70.9	58.6	61.9	66.2	4	100
11/10/2015 02:25	75	70.9	62.3	62.9	68.3	4	100
11/10/2015 02:30	74.9	71.1	64.9	63.7	67.7	4	100
11/10/2015 02:35	74.8	71	66.1	63.7	67.9	4	100
11/10/2015 02:40	74.7	71.2	66.5	63.4	68.8	4	100
11/10/2015 02:45	74.7	71	70.2	59.9	68.1	4	100
11/10/2015 02:50	74.5	71	67	61.3	69.2	4	100
11/10/2015 02:55	74.5	71	67.6	62.4	68.4	4	100
11/10/2015 03:00	74.6	71	61.4	63.1	66.7	4	100
11/10/2015 03:05	74.7	71.1	61.9	63.6	67	4	100
11/10/2015 03:10	74.7	71.1	58.2	62.7	63.5	4	100
11/10/2015 03:15	74.8	71	62.3	61.4	67.8	4	100
11/10/2015 03:20	74.7	71.1	61	61.5	65.6	4	100
11/10/2015 03:25	74.8	71.1	62	61.8	66.9	4	100
11/10/2015 03:30	74.8	71.2	64.5	62.6	67.2	4	100
11/10/2015 03:35	74.8	71.4	66.3	62.6	69.4	4	100
11/10/2015 03:40	74.8	71	63.9	62.9	67.5	4	100
11/10/2015 03:45	74.7	71.2	66.4	62.8	68.7	4	100
11/10/2015 03:50	74.5	71	66.9	63.3	69	4	100
11/10/2015 03:55	74.8	71	67	60.6	67.3	4	100
11/10/2015 04:00	74.8	71.1	64.4	61.4	66.4	4	100
11/10/2015 04:05	74.8	70.9	66	58.8	67.6	4	100
11/10/2015 04:10	74.6	70.4	67.6	59.2	67.9	4	100
11/10/2015 04:15	74.5	70.9	63.8	60.6	68	4	100
11/10/2015 04:20	74.5	70	61.2	61.9	67.7	4	100
11/10/2015 04:25	74.7	70.8	63.7	61.1	67.2	4	100
11/10/2015 04:30	74.7	70.7	58.7	51.8	63.5	4	100
11/10/2015 04:35	74.8	70.4	64.1	58.6	67.3	4	100
11/10/2015 04:40	74.7	71.6	65.1	59.1	69.2	4	100
11/10/2015 04:45	74.7	71.7	65.6	59.2	69.2	4	100
11/10/2015 04:50	74.8	69.7	62.6	60.6	67.6	4	100
11/10/2015 04:55	74.6	71.4	66.5	64.2	70.2	4	100
11/10/2015 05:00	75.3	71.3	67.6	63.5	70.5	4	100
11/10/2015 05:05	74.9	69.3	63.5	62.3	68.5	4	100
11/10/2015 05:10	75.2	71.2	62.8	62.5	69.7	4	100
11/10/2015 05:15	75.6	70.5	74.3	62.7	72.3	4	100
11/10/2015 05:20	74.8	72.4	76	62	73.1	4	100
11/10/2015 05:25	75.7	71	68.3	57.3	69.9	4	100
11/10/2015 05:30	75.2	70.4	68.6	61.3	70.6	4	100
11/10/2015 05:35	74.3	70.9	65.8	64.4	70	4	100
11/10/2015 05:40	74.3	70.1	73.2	63	71.4	4	100
11/10/2015 05:45	74.1	69.5	71.8	66.4	71.1	4	100
11/10/2015 05:50	74.2	69.5	69.4	67.1	70.8	4	100
11/10/2015 05:55	73.9	69.6	71	65.1	70.8	4	100
11/10/2015 06:00	74.7	68.7	66.5	66.3	70	4	100
11/10/2015 06:05	73.6	69.3	66.2	64.1	69.2	4	100
11/10/2015 06:10	73.8	70	68.4	62	70	4	100
11/10/2015 06:15	73.9	69.7	68.4	65.9	70.3	4	100
11/10/2015 06:20	74.3	70.8	65.9	63.2	69.9	4	100
11/10/2015 06:25	75.1	72	69.1	61.4	71.1	4	100
11/10/2015 06:30	74.8	72.2	67.7	61.4	70.8	4	100
11/10/2015 06:35	74.2	71.2	67.2	64.3	70.3	4	100
11/10/2015 06:40	72.5	69.3	66.8	66.2	69.4	4	100
11/10/2015 06:45	73.3	69.4	69.3	63.9	69.8	4	100
11/10/2015 06:50	73.8	70	68.6	68.6	70.6	4	100
11/10/2015 06:55	74.4	70.3	67.7	65.2	70.1	4	100
11/10/2015 07:00	74.2	70.2	65.9	65	69.7	4	100
11/10/2015 07:05	74.4	69.8	66.1	63	69.5	4	100
11/10/2015 07:10	73.7	68.8	67.6	64	69.4	4	100
11/10/2015 07:15	70.7	65.8	66	62.4	66.8	4	100
11/10/2015 07:20	71.1	67	67.2	60.8	67.5	4	100
11/10/2015 07:25	70.2	66.7	66.8	62.4	67.2	4	100
11/10/2015 07:30	68.6	66.5	65.6	61.4	66.2	4	100
11/10/2015 07:35	70.4	66.4	62	59	65.5	4	100
11/10/2015 07:40	70.1	66.9	62.9	62	66.3	4	100
11/10/2015 07:45	70	65.8	65.7	60.5	66	4	100
11/10/2015 07:50	69.2	66.1	66.8	60.1	66.5	4	100
11/10/2015 07:55	69	65.7	63.7	62.6	65.9	4	100
11/10/2015 08:00	69.1	66	64.8	60.9	66	4	100
11/10/2015 08:05	68.9	65.4	62.6	58.7	64.8	4	100
11/10/2015 08:10	64.7	62.3	60.5	58.9	62.2	4	100
11/10/2015 08:15	66.9	65.3	63.3	60.7	64.5	4	100
11/10/2015 08:20	67.1	64.9	63.2	58.1	64.1	4	100
11/10/2015 08:25	68.5	66.5	62.6	59.5	65.2	4	100
11/10/2015 08:30	69.3	67.1	67.4	60.4	66.8	4	100
11/10/2015 08:35	71	67.7	66.8	59.9	67.2	4	100
11/10/2015 08:40	70.4	67	66.3	60.1	66.8	4	100
11/10/2015 08:45	72.1	67.4	67.3	60.2	67.6	4	100
11/10/2015 08:50	73.2	67.9	64.7	60.8	67.5	4	100
11/10/2015 08:55	72.1	67.3	66.4	60.8	67.3	4	100
11/10/2015 09:00	72.5	67.2	66.4	58.2	67	4	100
11/10/2015 09:05	71.4	65.2	67.5	55.5	66.1	4	100
11/10/2015 09:10	69.2	63.3	62.2	56.7	63.7	4	100
11/10/2015 09:15	67.7	63.3	61.8	56.4	63.3	4	100
11/10/2015 09:20	70.7	66.2	62.3	57.1	65	4	100
11/10/2015 09:25	72	66.4	67.7	58.2	67.2	4	100
11/10/2015 09:30	73.3	67.2	63.5	59.5	66.8	4	100
11/10/2015 09:35	73.8	67.3	63.5	58.7	67.1	4	100
11/10/2015 09:40	74.2	68.9	62.9	61.1	67.8	4	100
11/10/2015 09:45	73	67.8	59.1	57.8	65.7	4	100
11/10/2015 09:50	72.4	67.5	59.6	58	65.7	4	100
11/10/2015 09:55	72.3	67.6	63.1	56.4	65.9	4	100
11/10/2015 10:00	73.6	68.8	65.2	58.3	67.4	4	100
11/10/2015 10:05	73	66.5	58.8	58.6	64.8	4	100
11/10/2015 10:10	72.9	67.8	63.5	59	66.9	4	100
11/10/2015 10:15	72.5	67.4	61	58.2	65.7	4	100
11/10/2015 10:20	71	67.5	58.8	60.5	65.2	4	100
11/10/2015 10:25	71.1	67.2	56.5	58.1	64.5	4	100
11/10/2015 10:30	70.3	66.5	54.8	61	64	4	100
11/10/2015 10:35	70.6	67.2	58.3	58.5	64.5	4	100
11/10/2015 10:40	71.8	67.4	60.4	59	65.4	4	100
11/10/2015 10:45	71.4	66.8	59.2	60.1	65.2	4	100
11/10/2015 10:50	71.2	67.1	59.4	57.7	64.7	4	100
11/10/2015 10:55	71.9	66	60.8	58.4	65.3	4	100
11/10/2015 11:00	72.1	67.4	58	59.6	65.1	4	100
11/10/2015 11:05	71.1	66.2	53.8	59.6	63.4	4	100
11/10/2015 11:10	70.9	65.6	55.3	59.3	63.4	4	100
11/10/2015 11:15	71.8	66.8	55.3	60.9	64.6	4	100
11/10/2015 11:20	71.6	67.6	57.6	60.5	65	4	100
11/10/2015 11:25	71.3	68.2	55.9	57.8	64.7	4	100
11/10/2015 11:30	71.2	67	54.9	57.2	63.9	4	100
11/10/2015 11:35	70.8	65.5	54.2	55	62.5	4	100
11/10/2015 11:40	70.7	65.5	54	55.2	62.3	4	100
11/10/2015 11:45	70.7	64.2	55.8	51.6	61.7	4	100
11/10/2015 11:50	70.9	65.2	57.6	53	63	4	100
11/10/2015 11:55	70.7	65.6	58.8	53.3	63.3	4	100
11/10/2015 12:00	70.3	65.2	59.3	53.6	63	4	100
11/10/2015 12:05	70.4	66	58.4	55.2	63.7	4	100
11/10/2015 12:10	70	66.9	61.4	54	64.3	4	100
11/10/2015 12:15	70.4	65.8	62	56.4	64.4	4	100
11/10/2015 12:20	68.4	65	56.4	57.3	62.7	4	100
11/10/2015 12:25	69.8	65.3	56.4	57.9	63.6	4	100
11/10/2015 12:30	69.8	66.3	60.4	60.5	64.9	4	100
11/10/2015 12:35	69.1	65.5	56	59.1	63.4	4	100
11/10/2015 12:40	69.2	64.7	51.4	57.9	62	4	100
11/10/2015 12:45	67.7	63.6	52.6	55.9	60.7	4	100
11/10/2015 12:50	67.4	63.6	53.7	52.9	61	4	100
11/10/2015 12:55	68.6	64.7	55.3	57.9	62.4	4	100
11/10/2015 13:00	67.5	63.3	60.7	58.1	63.1	4	100
11/10/2015 13:05	67.5	62.9	58.3	57.1	62.5	4	100
11/10/2015 13:10	67.5	63.4	57.7	56.9	62.3	4	100
11/10/2015 13:15	67.4	63.4	55	55.9	61.3	4	100
11/10/2015 13:20	67.5	64	59.4	53.3	62	4	100
11/10/2015 13:25	68.3	63.7	59.5	55.6	62.8	4	100
11/10/2015 13:30	67.6	64	58	55.2	62	4	100
11/10/2015 13:35	68.3	63.2	59.1	55.3	62.4	4	100
11/10/2015 13:40	65.3	60.3	55.5	52.9	59.4	4	100
11/10/2015 13:45	64.4	60.9	55.8	53.3	59.5	4	100
11/10/2015 13:50	62.2	58.3	52.5	53.8	57.3	4	100
11/10/2015 13:55	64.2	59.8	54.9	57.5	59.7	4	100
11/10/2015 14:00	64.4	61	55.2	57.9	60.3	4	100
11/10/2015 14:05	62.5	59.3	56.9	56.7	59.2	4	100
11/10/2015 14:10	61.3	59.2	57.6	55.7	58.9	4	100
11/10/2015 14:15	61.7	59.1	56.2	54	58.3	4	100
11/10/2015 14:20	60.5	57.3	51.7	53.1	56.3	4	100
11/10/2015 14:25	53.7	51	49.7	51.5	51.6	4	100
11/10/2015 14:30	42.4	40.7	42.3	45.5	42.5	4	100
11/10/2015 14:35	29.8	31.6	32.7	34.3	32	4	100
11/10/2015 14:40	19.5	21	21.7	21.6	20.9	4	100
11/10/2015 14:45	15.9	17.8	17.7	15.9	16.9	4	100
11/10/2015 14:50	28.1	27.9	32.4	29.5	29.4	4	100
11/10/2015 14:55	40.5	40	43.3	41.5	41.3	4	100
11/10/2015 15:00	45.3	43.2	48.9	46.8	45.9	4	100
11/10/2015 15:05	54.5	51.8	53.5	51.8	53	4	100
11/10/2015 15:10	58.3	55.7	53.9	54.5	55.8	4	100
11/10/2015 15:15	57	54.5	53.2	52.2	54.5	4	100
11/10/2015 15:20	46	51.3	48.3	50.1	48.9	4	100
11/10/2015 15:25	31.8	34.4	33.8	40	34.8	4	100
11/10/2015 15:30	26.1	25.5	26.9	28.4	26.7	4	100
11/10/2015 15:35	29.5	26.5	27.4	27.4	27.8	4	100
11/10/2015 15:40	25.9	23.1	23.3	23.7	24.1	4	100
11/10/2015 15:45	22.2	19.2	19.8	21.7	20.8	4	100
11/10/2015 15:50	19.2	17.4	17.3	17	17.8	4	100
11/10/2015 15:55	23	21.5	21.2	21.3	21.8	4	100
11/10/2015 16:00	26.7	25.2	28.4	30	27.5	4	100
11/10/2015 16:05	29.6	27.2	31.2	25.8	28.5	4	100
11/10/2015 16:10	24	22.9	23.3	18.8	22.4	4	100
11/10/2015 16:15	21.1	20	18.4	15.8	19	4	100
11/10/2015 16:20	19.4	18.3	16.9	15.5	17.6	4	100
11/10/2015 16:25	18.1	17.2	15.2	15.4	16.6	4	100
11/10/2015 16:30	20.6	19.2	18.8	17.9	19.2	4	100
11/10/2015 16:35	20.2	18.9	18.4	19.6	19.3	4	100
11/10/2015 16:40	18.7	16.9	18.6	18.3	18.1	4	100
11/10/2015 16:45	27.8	27.2	30.1	29.3	28.5	4	100
11/10/2015 16:50	24.6	25.3	25.7	22.6	24.6	4	100
11/10/2015 16:55	19.7	20.7	21.4	17.6	19.9	4	100
11/10/2015 17:00	17.7	19	18.8	15.6	17.8	4	100
11/10/2015 17:05	20.6	19.7	18.9	18.4	19.5	4	100
11/10/2015 17:10	24.5	24.5	22.8	22.5	23.6	4	100
11/10/2015 17:15	20.9	19.9	17.9	15	18.8	4	100
11/10/2015 17:20	22.5	20.9	20.9	18.4	20.7	4	100
11/10/2015 17:25	23.2	21.9	23.5	16.1	21.7	4	100
11/10/2015 17:30	19.6	17.9	19.7	14.7	18.1	4	100
11/10/2015 17:35	19.8	16.7	16.8	13.2	16.9	4	100
11/10/2015 17:40	18.5	16.8	17	12.1	16.4	4	100
11/10/2015 17:45	16.8	14.9	11.9	7.6	14	4	100
11/10/2015 17:50	16.6	12	8.9	5.3	12.1	4	100
11/10/2015 17:55	23.6	18.1	13.3	8.5	16.6	4	100
11/10/2015 18:00	23	17.5	16	11.4	17.5	4	100
11/10/2015 18:05	22.8	20.4	20.9	17.2	20.4	4	100
11/10/2015 18:10	21.2	18.5	16.6	18.4	18.9	4	100
11/10/2015 18:15	21.5	18.6	15.5	17.6	18.5	4	100
11/10/2015 18:20	19.3	17.3	18.5	16.1	17.9	4	100
11/10/2015 18:25	17.7	17.3	18	17.2	17.6	4	100
11/10/2015 18:30	19.1	16.9	16.6	14.8	17	4	100
11/10/2015 18:35	24.3	19.8	18.5	15.7	19.9	4	100
11/10/2015 18:40	22.8	21.6	20.9	17.5	20.8	4	100
11/10/2015 18:45	17.7	18.4	17.7	15.1	17.3	4	100
11/10/2015 18:50	18.2	18.9	16.5	13.1	17	4	100
11/10/2015 18:55	20.4	19.7	17.1	17.4	18.8	4	100
11/10/2015 19:00	24.2	23.3	23.4	25.6	24.1	4	100
11/10/2015 19:05	27.5	24.2	21.7	25.5	24.9	4	100
11/10/2015 19:10	26	25	24.6	29.7	26.2	4	100
11/10/2015 19:15	39.8	35.5	37.7	38.3	37.9	4	100
11/10/2015 19:20	48	44.2	47.8	47.1	46.8	4	100
11/10/2015 19:25	48.5	45.6	50.5	48.8	48.3	4	100
11/10/2015 19:30	41.6	41.9	45.3	45.9	43.6	4	100
11/10/2015 19:35	35.9	36.9	40.2	44.7	38.9	4	100
11/10/2015 19:40	46.7	44.3	46.2	48.8	46.4	4	100
11/10/2015 19:45	50.4	48.5	47.5	52.5	49.6	4	100
11/10/2015 19:50	35.6	36.6	40.2	44.7	39.1	4	100
11/10/2015 19:55	35.4	34.1	38.4	41.1	36.9	4	100
11/10/2015 20:00	33.9	33.4	36.6	39.9	35.7	4	100
11/10/2015 20:05	36.3	38	41.1	42.8	39	4	100
11/10/2015 20:10	47.3	47.1	47.6	51.3	48.1	4	100
11/10/2015 20:15	53.1	51.3	48.1	53.4	51.5	4	100
11/10/2015 20:20	58.4	55.4	54.4	55.2	56	4	100
11/10/2015 20:25	60.1	57.7	57.4	58.8	58.6	4	100
11/10/2015 20:30	62.5	60.4	58.6	56.5	60	4	100
11/10/2015 20:35	64.1	60.5	59.5	58.2	61.1	4	100
11/10/2015 20:40	67	62.7	58.7	58.4	62.7	4	100
11/10/2015 20:45	68.2	64.1	59.8	58.1	63.4	4	100
11/10/2015 20:50	69	65.7	60.6	60.5	64.7	4	100
11/10/2015 20:55	70.1	67.1	59.4	60.1	65.2	4	100
11/10/2015 21:00	71.2	68.2	65.6	57.7	66.8	4	100
11/10/2015 21:05	72.8	67.6	61.8	61.4	66.8	4	100
11/10/2015 21:10	72.9	67.7	63.4	61.3	67.1	4	100
11/10/2015 21:15	72.7	67.1	65.6	61.2	67.6	4	100
11/10/2015 21:20	73.1	67	65.3	61.8	67.9	4	100
11/10/2015 21:25	73.9	68.9	66.2	62	68.7	4	100
11/10/2015 21:30	73.5	68.2	64.3	61.6	67.9	4	100
11/10/2015 21:35	73.6	69	62	63.1	67.5	4	100
11/10/2015 21:40	73.2	70.3	66.4	64	69.1	4	100
11/10/2015 21:45	75.5	71.5	66.4	61.6	69.9	4	100
11/10/2015 21:50	74.7	71	64.4	58.5	69.2	4	100
11/10/2015 21:55	75.6	72.1	69.7	62.6	70.9	4	100
11/10/2015 22:00	74.3	72.5	71.9	64.7	71.8	4	100
11/10/2015 22:05	73.6	70.6	65.7	63.8	69.2	4	100
11/10/2015 22:10	74.1	70.8	65	62.7	69.2	4	100
11/10/2015 22:15	74	70.9	70	64.9	70.7	4	100
11/10/2015 22:20	73.9	71.3	66.4	66.1	70.2	4	100
11/10/2015 22:25	74.1	72.1	67.7	66.1	70.8	4	100
11/10/2015 22:30	74.6	72.9	67.2	62.6	70.4	4	100
11/10/2015 22:35	74.5	72.6	69.7	64	70.8	4	100
11/10/2015 22:40	73.8	69.4	70.1	64.8	70	4	100
11/10/2015 22:45	73.6	69.6	69.3	62.2	69.5	4	100
11/10/2015 22:50	74.5	70	69.6	64	70.2	4	100
11/10/2015 22:55	74.1	70.4	65	61.7	68.7	4	100
11/10/2015 23:00	74.6	70.1	60.3	59.4	67.1	4	100
11/10/2015 23:05	74.6	70	67.5	64.2	69.2	4	100
11/10/2015 23:10	72.9	70.1	67.6	60.2	68.4	4	100
11/10/2015 23:15	74.4	70.3	66.4	57.6	68.5	4	100
11/10/2015 23:20	74.5	71.5	68.4	61.2	70.1	4	100
11/10/2015 23:25	75.1	69	73	62.2	70.7	4	100
11/10/2015 23:30	75.3	69.9	65.8	61.4	68.7	4	100
11/10/2015 23:35	76	69.6	70.3	65.6	70.5	4	100
11/10/2015 23:40	75.5	69.8	66.4	64.1	69.4	4	100
11/10/2015 23:45	75.8	69.3	68.6	58.7	68.5	4	100
11/10/2015 23:50	75.4	70.7	67.5	61	69.9	4	100
11/10/2015 23:55	74.7	70.2	68.1	61.1	68.6	4	100
11/11/2015 00:00	75.1	70.3	67.4	62.8	69.9	4	100
11/11/2015 00:05	74.2	69.5	62.6	58.2	66.9	4	100
11/11/2015 00:10	74.8	70.4	67.4	61.7	68.6	4	100
11/11/2015 00:15	73.8	70.4	67.1	62.5	69.1	4	100
11/11/2015 00:20	74.4	71	71.8	62.5	70.5	4	100
11/11/2015 00:25	73.6	71.2	63.6	58	67.8	4	100
11/11/2015 00:30	73.9	70.8	66.5	59.2	67.6	4	100
11/11/2015 00:35	74.4	70.5	68.8	60.4	68.8	4	100
11/11/2015 00:40	74.4	70.5	67.7	61.7	69.1	4	100
11/11/2015 00:45	74.7	71.4	67.3	61.5	69.6	4	100
11/11/2015 00:50	74.5	70.7	66.9	62.1	68.9	4	100
11/11/2015 00:55	74.5	70.7	64.5	62.1	68.2	4	100
11/11/2015 01:00	74.6	71.1	67.2	63.9	69.3	4	100
11/11/2015 01:05	74.7	71.5	68	64.1	70.1	4	100
11/11/2015 01:10	74.8	71.3	64.8	59.4	68	4	100
11/11/2015 01:15	74.9	70.9	61.7	60.1	66.8	4	100
11/11/2015 01:20	74.9	70.8	54.4	62.3	65	4	100
11/11/2015 01:25	74.9	71	59.4	63.2	67.9	4	100
11/11/2015 01:30	74.8	70.7	62.9	62.9	67.4	4	100
11/11/2015 01:35	75	70.9	62.6	63.6	67.5	4	100
11/11/2015 01:40	74.6	70.9	63.5	64.4	68.3	4	100
11/11/2015 01:45	74.8	71.2	64.5	63.6	68.6	4	100
11/11/2015 01:50	74.9	71.4	60.7	63.7	66.1	4	100
11/11/2015 01:55	74.9	71.3	64.2	64.2	68.7	4	100
11/11/2015 02:00	74.7	71.1	66.9	64.4	69.3	4	100
11/11/2015 02:05	74.7	71.2	65	64.6	67.9	4	100
11/11/2015 02:10	74.8	71	63.2	63.5	67.7	4	100
11/11/2015 02:15	74.7	70.9	65	63.1	68.3	4	100
11/11/2015 02:20	74.6	70.9	66.4	61.4	69.3	4	100
11/11/2015 02:25	74.7	71	68	62.5	69.1	4	100
11/11/2015 02:30	74.6	71.1	67.5	62.8	69.3	4	100
11/11/2015 02:35	74.6	70.8	63.3	63.2	68.2	4	100
11/11/2015 02:40	74.7	71	66.3	63.4	69.5	4	100
11/11/2015 02:45	74.7	71	62.4	63.2	66.6	4	100
11/11/2015 02:50	74.8	71.1	67.6	62.8	69	4	100
11/11/2015 02:55	74.6	71	67.6	62.6	70.4	4	100
11/11/2015 03:00	74.7	71	67.2	62.2	68.1	4	100
11/11/2015 03:05	74.6	70.9	67.3	62.1	68.7	4	100
11/11/2015 03:10	74.6	70.9	68.4	61.8	67.5	4	100
11/11/2015 03:15	74.9	70.9	65	60.1	67.2	4	100
11/11/2015 03:20	74.9	71.1	67	60.9	68.4	4	100
11/11/2015 03:25	74.8	70.9	67.3	62.2	69	4	100
11/11/2015 03:30	74.7	71	65.5	61.9	67.9	4	100
11/11/2015 03:35	74.6	70.4	66	61.1	67.9	4	100
11/11/2015 03:40	74.7	70.7	66.9	61.5	68.9	4	100
11/11/2015 03:45	74.9	70.6	67.9	61.2	68.5	4	100
11/11/2015 03:50	74.9	71.1	68.8	61.2	68.6	4	100
11/11/2015 03:55	74.8	70.8	64.5	62.4	68.7	4	100
11/11/2015 04:00	74.8	70.5	61.7	62.8	67.8	4	100
11/11/2015 04:05	74.8	70.9	64.2	62.6	67.9	4	100
11/11/2015 04:10	74.7	71	62.9	62.9	66.5	4	100
11/11/2015 04:15	74.8	71.3	63.8	62	67.9	4	100
11/11/2015 04:20	74.6	71.2	62.4	61.3	67.5	4	100
11/11/2015 04:25	74.5	71.7	58.6	62.3	66.5	4	100
11/11/2015 04:30	74.6	71.8	62.8	62.4	67.5	4	100
11/11/2015 04:35	74.8	71.7	64.9	60.2	68.5	4	100
11/11/2015 04:40	75	71.2	64.5	60.1	68.1	4	100
11/11/2015 04:45	75.4	71.2	71.7	62.6	71.2	4	100
11/11/2015 04:50	75	71.5	67.1	57.7	69.2	4	100
11/11/2015 04:55	75	71.5	65.7	59	69.7	4	100
11/11/2015 05:00	75	71.8	64.6	57.6	68.1	4	100
11/11/2015 05:05	75.6	71.8	62.1	57.1	67.4	4	100
11/11/2015 05:10	73.9	71.9	60.2	58.9	67.3	4	100
11/11/2015 05:15	74.2	71.1	60.6	58.8	67.8	4	100
11/11/2015 05:20	74.6	71.9	65.5	58.8	69.2	4	100
11/11/2015 05:25	74	71.9	63.6	61.4	69.3	4	100
11/11/2015 05:30	75.2	71.1	70.6	59.6	70.6	4	100
11/11/2015 05:35	75.3	70.8	70.7	62.8	71.2	4	100
11/11/2015 05:40	76.5	71.3	70.5	63	72	4	100
11/11/2015 05:45	75.5	71.6	71.9	60.2	71.6	4	100
11/11/2015 05:50	75.8	73	68.2	67.2	71.9	4	100
11/11/2015 05:55	74.3	72.6	69.8	64.9	71.6	4	100
11/11/2015 06:00	74.5	71	64.3	64.5	70.1	4	100
11/11/2015 06:05	74.5	71.4	64	64.9	69.6	4	100
11/11/2015 06:10	74.4	69.9	61.4	61.4	68.4	4	100
11/11/2015 06:15	76.3	71	64	61.2	69.8	4	100
11/11/2015 06:20	74.9	70.1	62.9	60.4	69	4	100
11/11/2015 06:25	75.5	70.5	59.7	60.4	68.5	4	100
11/11/2015 06:30	75.7	70	64.1	59.1	69.3	4	100
11/11/2015 06:35	74.7	68.9	67.9	59.7	69.6	4	100
11/11/2015 06:40	75.2	69.6	67.4	65.5	70.4	4	100
11/11/2015 06:45	75.5	70.4	66.6	66	70.4	4	100
11/11/2015 06:50	73.7	70.2	65.2	63.2	69.2	4	100
11/11/2015 06:55	72.6	68.3	66.6	63.7	68.7	4	100
11/11/2015 07:00	72.7	69.3	64.7	63.4	68.4	4	100
11/11/2015 07:05	72.6	66.8	63.5	61.1	67.2	4	100
11/11/2015 07:10	48.1	46.3	39.6	46.5	45.4	4	100
11/11/2015 07:15	29.2	27.7	23.6	26.3	27	4	100
11/11/2015 07:20	20.3	18.7	15.4	16.3	18	4	100
11/11/2015 07:25	16.4	13.8	11.8	11.5	13.7	4	100
11/11/2015 07:30	14.3	12.7	12	10.1	12.5	4	100
11/11/2015 07:35	15	12.3	13.1	8.3	12.5	4	100
11/11/2015 07:40	14.6	12.2	12.2	7.7	12.1	4	100
11/11/2015 07:45	14.4	12.3	10.7	7.2	11.6	4	100
11/11/2015 07:50	17	13.9	11.8	8	13.2	4	100
11/11/2015 07:55	17.5	14.3	12.2	7.6	13.7	4	100
11/11/2015 08:00	18.5	15	11.5	7.1	14.1	4	100
11/11/2015 08:05	21.5	18.1	11.9	9.5	16	4	100
11/11/2015 08:10	36.8	34	32.2	29.4	33.6	4	100
11/11/2015 08:15	52	49.5	46.6	43.1	48.4	4	100
11/11/2015 08:20	58.4	55.2	52.9	50.3	54.8	4	100
11/11/2015 08:25	62.6	59.2	56.6	54.6	59	4	100
11/11/2015 08:30	64.9	61.6	60.2	53	60.9	4	100
11/11/2015 08:35	67.8	66.1	61.1	57.2	64.2	4	100
11/11/2015 08:40	69.2	65.9	59.1	59.1	64.3	4	100
11/11/2015 08:45	69.2	65	63.4	56.2	64.5	4	100
11/11/2015 08:50	69.8	65.6	59.3	57.8	64.3	4	100
11/11/2015 08:55	71.3	66.6	61.4	58.2	65	4	100
11/11/2015 09:00	70.3	66.1	60.4	57.1	64.5	4	100
11/11/2015 09:05	71.1	66.9	62.1	59	65.9	4	100
11/11/2015 09:10	71.9	66.9	63	58.2	66.2	4	100
11/11/2015 09:15	71.6	66.3	63.6	54.4	65.4	4	100
11/11/2015 09:20	71.3	66.7	63.3	54.2	65.8	4	100
11/11/2015 09:25	71.6	67.2	60.4	58.8	65.5	4	100
11/11/2015 09:30	71.1	66.6	59	56.9	64.7	4	100
11/11/2015 09:35	70.3	67	61.6	57.1	65.1	4	100
11/11/2015 09:40	71.1	67.3	58.7	58.9	65.1	4	100
11/11/2015 09:45	71.4	66.8	55.4	57.8	64	4	100
11/11/2015 09:50	70.6	65.7	56.1	57.4	63.9	4	100
11/11/2015 09:55	70.3	65.8	57.6	56.3	63.2	4	100
11/11/2015 10:00	71.1	66.1	59.4	55.6	64.2	4	100
11/11/2015 10:05	70.6	67.4	60.8	55.3	64.9	4	100
11/11/2015 10:10	69.1	65.2	58.2	56	63.2	4	100
11/11/2015 10:15	69.8	66	58.7	61.2	64.7	4	100
11/11/2015 10:20	68.3	64.6	52.4	55.9	61.7	4	100
11/11/2015 10:25	68.7	64.9	55.4	52.9	61.5	4	100
11/11/2015 10:30	68.1	65	56.3	57	62.4	4	100
11/11/2015 10:35	69	65	59.9	54	63.2	4	100
11/11/2015 10:40	69.1	65.4	60.4	53.9	63.3	4	100
11/11/2015 10:45	68.6	63.8	57.8	55.7	62.5	4	100
11/11/2015 10:50	68.4	63.7	58.1	56.7	62.7	4	100
11/11/2015 10:55	68.7	64.5	53.8	53.9	61.7	4	100
11/11/2015 11:00	68.7	65.3	57.9	53.7	62.7	4	100
11/11/2015 11:05	68.3	64.5	56.9	57	62.6	4	100
11/11/2015 11:10	68.7	63.8	58.4	56.7	62.7	4	100
11/11/2015 11:15	69.4	64.6	58.9	58.4	63.5	4	100
11/11/2015 11:20	69.2	65.4	61.7	61.5	64.9	4	100
11/11/2015 11:25	69.3	64.6	61.5	57.7	64.1	4	100
11/11/2015 11:30	68.9	64.8	62.3	55.7	63.8	4	100
11/11/2015 11:35	69	64.5	61.2	57	63.8	4	100
11/11/2015 11:40	68.3	63.8	61.1	55.9	63.1	4	100
11/11/2015 11:45	68.7	63.5	59.7	57.1	63	4	100
11/11/2015 11:50	67.6	63	60.3	58.3	62.7	4	100
11/11/2015 11:55	68.6	63.3	61.2	58.4	63.3	4	100
11/11/2015 12:00	69.3	64.5	59.8	59.6	64	4	100
11/11/2015 12:05	70.8	64.4	61.6	57.3	64.3	4	100
11/11/2015 12:10	70.3	65.1	60.3	56.5	63.9	4	100
11/11/2015 12:15	70.3	65.6	59.8	57.3	63.8	4	100
11/11/2015 12:20	69.4	65.5	60.1	56.9	64.1	4	100
11/11/2015 12:25	69	63.8	58.1	55.9	62.6	4	100
11/11/2015 12:30	69.2	63.3	60.7	58.2	63.6	4	100
11/11/2015 12:35	68.9	63.9	61.2	57.6	63.7	4	100
11/11/2015 12:40	69.2	63.8	60.6	58.3	63.5	4	100
11/11/2015 12:45	68.2	63.7	56.5	60.3	63	4	100
11/11/2015 12:50	66.5	62.1	53.9	57.2	60.4	4	100
11/11/2015 12:55	69	65.4	60.3	59	64.2	4	100
11/11/2015 13:00	67.1	63.3	56.5	57.7	61.9	4	100
11/11/2015 13:05	67.1	63.1	59.8	60.2	63	4	100
11/11/2015 13:10	66	61.6	58.6	55.8	61.4	4	100
11/11/2015 13:15	65.4	60.7	55.1	54.2	59.7	4	100
11/11/2015 13:20	64.7	61.3	58.2	53.3	60.3	4	100
11/11/2015 13:25	64.4	58.6	54.8	56.3	59.1	4	100
11/11/2015 13:30	63.8	58.9	55.5	56.2	59.1	4	100
11/11/2015 13:35	65	60	54	57.2	59.7	4	100
11/11/2015 13:40	65.4	61.5	55.8	56.7	60.4	4	100
11/11/2015 13:45	64.6	61	56.6	56.2	60.3	4	100
11/11/2015 13:50	61.1	58.9	55.6	53.9	57.9	4	100
11/11/2015 13:55	62.3	59.7	55.9	52.7	58.4	4	100
11/11/2015 14:00	63.4	59.5	57.3	55.7	59.5	4	100
11/11/2015 14:05	64.3	59.7	55.9	53.8	59.1	4	100
11/11/2015 14:10	63.9	59.9	55.4	55	59.1	4	100
11/11/2015 14:15	51.1	46.8	42.9	42.9	46.3	4	100
11/11/2015 14:20	48.8	44.8	42.6	43.1	45.1	4	100
11/11/2015 14:25	51.2	48.4	46.2	45.4	48.1	4	100
11/11/2015 14:30	52.5	49.2	48.8	48.5	49.9	4	100
11/11/2015 14:35	48.7	44.5	40.5	44.9	45	4	100
11/11/2015 14:40	38.8	34.9	31.2	37.8	35.7	4	100
11/11/2015 14:45	43.4	40.6	37.7	41.5	40.9	4	100
11/11/2015 14:50	42.6	39.1	32.5	32.6	37.3	4	100
11/11/2015 14:55	49.6	45.9	39.6	40.4	44.4	4	100
11/11/2015 15:00	47.6	45	42.8	44.9	45.3	4	100
11/11/2015 15:05	51.8	50	49.1	50.3	50.4	4	100
11/11/2015 15:10	57.7	55	52.7	54.6	55.2	4	100
11/11/2015 15:15	59.1	56.6	55.3	55.6	56.8	4	100
11/11/2015 15:20	61.4	58.2	59.1	55.9	59	4	100
11/11/2015 15:25	59.1	56.6	58.9	55	57.6	4	100
11/11/2015 15:30	58.2	55.3	54.7	53.8	55.7	4	100
11/11/2015 15:35	57.7	54.5	54.9	53.2	55.3	4	100
11/11/2015 15:40	56.3	53.9	55.6	52.9	54.8	4	100
11/11/2015 15:45	55.6	53.6	53	53.1	54	4	100
11/11/2015 15:50	55.3	52.2	52.1	52.3	53.2	4	100
11/11/2015 15:55	40	38.6	40.9	42.8	40.5	4	100
11/11/2015 16:00	28.5	29	29.8	28.5	29	4	100
11/11/2015 16:05	22.9	24.2	25.2	28.3	25.1	4	100
11/11/2015 16:10	16.9	17.5	17	20	17.8	4	100
11/11/2015 16:15	22.8	22.2	22.3	26.3	23.2	4	100
11/11/2015 16:20	28.6	28.7	30.3	34.6	30.3	4	100
11/11/2015 16:25	40.6	39.6	40.6	42	40.7	4	100
11/11/2015 16:30	45.3	44.7	45.1	46.6	45.4	4	100
11/11/2015 16:35	48.2	47.7	47.9	47.3	47.8	4	100
11/11/2015 16:40	51.1	48.6	50.5	50.2	50.1	4	100
11/11/2015 16:45	52.7	51.3	50.8	51.1	51.6	4	100
11/11/2015 16:50	55.4	52.4	54	51.1	53.5	4	100
11/11/2015 16:55	57.2	54.6	56.4	52.6	55.5	4	100
11/11/2015 17:00	60	57.5	59.7	54.5	58.3	4	100
11/11/2015 17:05	60.2	58.2	58.6	56.5	58.6	4	100
11/11/2015 17:10	60.3	57.5	59.5	55.4	58.5	4	100
11/11/2015 17:15	60.9	57.6	58.9	55.5	58.5	4	100
11/11/2015 17:20	59.2	56.2	57.6	56	57.4	4	100
11/11/2015 17:25	59	56.1	59.2	56.6	57.8	4	100
11/11/2015 17:30	59.6	55	58.3	56.1	57.3	4	100
11/11/2015 17:35	58.8	55.6	59	54.2	57.1	4	100
11/11/2015 17:40	57.5	54.5	54.9	53.3	55.3	4	100
11/11/2015 17:45	57.7	54	56.7	52.6	55.5	4	100
11/11/2015 17:50	57	53.2	57.1	51	54.8	4	100
11/11/2015 17:55	59.5	55.3	59.6	52.5	57.2	4	100
11/11/2015 18:00	60	56.7	57.6	54.7	57.6	4	100
11/11/2015 18:05	60.7	57.2	59	54.4	58.2	4	100
11/11/2015 18:10	60.3	56.5	59.7	54.1	57.9	4	100
11/11/2015 18:15	60.6	56.5	58.3	55.7	57.9	4	100
11/11/2015 18:20	59.8	56.7	56.9	55.8	57.5	4	100
11/11/2015 18:25	57.8	54.9	55	54.6	55.8	4	100
11/11/2015 18:30	59.1	56.3	55.7	54.4	56.6	4	100
11/11/2015 18:35	58.1	56.3	57	55.2	56.8	4	100
11/11/2015 18:40	57.2	54	53.5	52.2	54.6	4	100
11/11/2015 18:45	57.1	53.6	54	52.4	54.5	4	100
11/11/2015 18:50	57.9	54	53.4	52.9	54.8	4	100
11/11/2015 18:55	57.7	55.3	55.3	53.6	55.7	4	100
11/11/2015 19:00	59.3	56.2	56.6	55.7	57.2	4	100
11/11/2015 19:05	60.2	57.2	57.5	57.7	58.3	4	100
11/11/2015 19:10	61.2	58.2	55.5	56.1	58.1	4	100
11/11/2015 19:15	61.1	58.2	54.2	55.5	57.7	4	100
11/11/2015 19:20	61.5	58.4	56.2	54.2	58.2	4	100
11/11/2015 19:25	59.9	57.1	58	54.1	57.6	4	100
11/11/2015 19:30	62.3	58.8	58.8	56.9	59.4	4	100
11/11/2015 19:35	62.5	59.2	59.7	55.6	59.7	4	100
11/11/2015 19:40	63.5	60.3	59.5	57.9	60.7	4	100
11/11/2015 19:45	64.2	61.1	61.1	59.6	61.8	4	100
11/11/2015 19:50	65.8	62.2	60.8	58.8	62.5	4	100
11/11/2015 19:55	67.1	64	62.5	62.3	64.4	4	100
11/11/2015 20:00	68.1	64	64.6	63.3	65.4	4	100
11/11/2015 20:05	68.1	64.4	67.7	62.9	66.1	4	100
11/11/2015 20:10	68.8	65	64.1	59.8	65.3	4	100
11/11/2015 20:15	68.3	64	64.4	63	65.3	4	100
11/11/2015 20:20	69	64.7	65.2	64.2	66.1	4	100
11/11/2015 20:25	70.6	64.6	65.3	63.6	66.3	4	100
11/11/2015 20:30	70.3	65.5	66.8	64.2	67.2	4	100
11/11/2015 20:35	70.3	65.9	66.6	63.3	67	4	100
11/11/2015 20:40	70.8	67.7	64.8	64	67.4	4	100
11/11/2015 20:45	70.8	68.1	62.5	64.5	67.1	4	100
11/11/2015 20:50	70.8	67.4	60.9	63.4	66.3	4	100
11/11/2015 20:55	69.6	65.9	65.5	65.6	66.9	4	100
11/11/2015 21:00	72.5	67.4	64	60.8	67.2	4	100
11/11/2015 21:05	73.1	69.5	64.8	60.8	68.1	4	100
11/11/2015 21:10	73.7	71	66.2	62.1	69.3	4	100
11/11/2015 21:15	73.9	70.7	65	59.4	68.3	4	100
11/11/2015 21:20	75.4	70.4	65	57.5	68.5	4	100
11/11/2015 21:25	76.1	71.9	68.4	58.2	69.4	4	100
11/11/2015 21:30	75.3	71.5	66.3	56.5	69.8	4	100
11/11/2015 21:35	75.4	71.6	68.8	59.1	70.1	4	100
11/11/2015 21:40	74.4	71.7	67.5	61.5	69.8	4	100
11/11/2015 21:45	74.9	72.2	65.1	64	69.7	4	100
11/11/2015 21:50	75.6	73	67.4	60.2	70.7	4	100
11/11/2015 21:55	76.2	74.6	69.5	61.5	71.5	4	100
11/11/2015 22:00	75.8	74.1	69.3	64.5	71.8	4	100
11/11/2015 22:05	74.8	70.8	68.5	63.4	70.3	4	100
11/11/2015 22:10	74.8	70.9	66.5	65	70.4	4	100
11/11/2015 22:15	74.5	71.1	67.5	62.7	70	4	100
11/11/2015 22:20	75.4	71.8	68.6	66.9	71.5	4	100
11/11/2015 22:25	75.3	70.5	69.7	67.1	71.2	4	100
11/11/2015 22:30	74.4	70.6	67.8	62.6	69.7	4	100
11/11/2015 22:35	74.2	70	67.2	60	69	4	100
11/11/2015 22:40	74.9	70.8	65.7	62.2	69.4	4	100
11/11/2015 22:45	75.1	71.2	65.1	62.8	69.6	4	100
11/11/2015 22:50	76.1	72.4	69.9	63.7	71.4	4	100
11/11/2015 22:55	75.3	71.9	68.6	59.6	69.7	4	100
11/11/2015 23:00	75.7	68.7	70.2	64.5	70.4	4	100
11/11/2015 23:05	74	70.1	66.8	67.6	69.8	4	100
11/11/2015 23:10	74.6	70.1	71	61.4	70.3	4	100
11/11/2015 23:15	74.6	71.8	71.6	63.6	71.2	4	100
11/11/2015 23:20	74.3	72.8	72.6	57.9	71	4	100
11/11/2015 23:25	75	70.3	69.8	58	69.6	4	100
11/11/2015 23:30	75	70.3	64.8	56.5	67.6	4	100
11/11/2015 23:35	73.9	69.6	67.8	61.6	68.2	4	100
11/11/2015 23:40	73.8	70.8	68.3	65.3	69.9	4	100
11/11/2015 23:45	74.6	71.5	73.2	65.2	71.4	4	100
11/11/2015 23:50	74.6	71.5	64.7	61.2	68.6	4	100
11/11/2015 23:55	74.7	72.8	67.6	62.5	70.8	4	100
11/12/2015 00:00	74.8	71	67.4	62.8	69.6	4	100
11/12/2015 00:05	75.4	72.4	62.6	65.6	68.9	4	100
11/12/2015 00:10	75.6	72.1	69.3	63.5	70.8	4	100
11/12/2015 00:15	75.1	71.8	66.2	64.5	69.6	4	100
11/12/2015 00:20	74.5	71.8	70.4	65	70.8	4	100
11/12/2015 00:25	74.8	71.6	67.2	65.8	70	4	100
11/12/2015 00:30	74.3	70.6	68.7	66.2	70.4	4	100
11/12/2015 00:35	74.4	71	66.6	62.8	69.2	4	100
11/12/2015 00:40	74	70.8	69.8	63.1	70.1	4	100
11/12/2015 00:45	74.5	71.8	63.7	63.4	69	4	100
11/12/2015 00:50	74.3	71.3	66.7	63.2	69	4	100
11/12/2015 00:55	74.4	71.1	65.4	62	69.3	4	100
11/12/2015 01:00	74.5	71.2	68.1	61.8	69.4	4	100
11/12/2015 01:05	74.5	70.8	68.5	60.7	69.4	4	100
11/12/2015 01:10	74.4	71.8	65.9	61.8	68.5	4	100
11/12/2015 01:15	74.5	71.6	62.9	62.4	68	4	100
11/12/2015 01:20	74.7	71.8	66.4	62.9	69.9	4	100
11/12/2015 01:25	74.9	70.9	65.9	63.3	68.8	4	100
11/12/2015 01:30	74.8	70.7	66	63.1	68.4	4	100
11/12/2015 01:35	75	70.7	68.3	62.5	69.3	4	100
11/12/2015 01:40	74.9	71	65.6	62.7	68.1	4	100
11/12/2015 01:45	74.8	71.2	63.7	63.5	67.7	4	100
11/12/2015 01:50	74.7	71.2	66.1	64	68.5	4	100
11/12/2015 01:55	74.8	71.2	66.6	63.6	69.3	4	100
11/12/2015 02:00	74.6	71.1	67.4	63.4	69.7	4	100
11/12/2015 02:05	74.7	71	53.4	62.7	65.1	4	100
11/12/2015 02:10	74.8	70.8	58.5	62.7	65.9	4	100
11/12/2015 02:15	74.7	70.7	61.4	61.9	67	4	100
11/12/2015 02:20	74.6	71	62.8	62.7	67.4	4	100
11/12/2015 02:25	74.7	71	65.2	62.5	69.1	4	100
11/12/2015 02:30	74.6	71.1	66.6	62.7	67.8	4	100
11/12/2015 02:35	74.8	71	63.6	62.8	67.8	4	100
11/12/2015 02:40	74.8	70.9	62.2	62	66.4	4	100
11/12/2015 02:45	74.8	71.3	61.8	61.9	66.6	4	100
11/12/2015 02:50	74.7	71.1	63.8	60.8	67	4	100
11/12/2015 02:55	74.7	70.8	65.9	61.5	69.1	4	100
11/12/2015 03:00	74.7	70.8	65.2	62.4	68.8	4	100
11/12/2015 03:05	74.7	70.6	66.5	60.8	68.8	4	100
11/12/2015 03:10	74.7	70.8	63.8	61.7	67.3	4	100
11/12/2015 03:15	74.7	71	62.3	63.2	66.9	4	100
11/12/2015 03:20	74.9	70.8	65.4	61.5	68.1	4	100
11/12/2015 03:25	74.8	70.8	63.2	62.5	68.5	4	100
11/12/2015 03:30	74.7	71.1	60.1	61.6	64.8	4	100
11/12/2015 03:35	74.9	71.1	61.9	61	67.5	4	100
11/12/2015 03:40	75	71.2	66.4	60.5	68.2	4	100
11/12/2015 03:45	74.7	71.2	63.9	60.8	66.5	4	100
11/12/2015 03:50	74.7	71.2	64.7	61.7	67.3	4	100
11/12/2015 03:55	74.8	71	64.2	61.9	67.9	4	100
11/12/2015 04:00	74.9	71	67.1	63	69	4	100
11/12/2015 04:05	74.8	71	65.7	57.1	67.2	4	100
11/12/2015 04:10	74.7	70.9	65.1	59.5	67.9	4	100
11/12/2015 04:15	74.7	70.7	69.7	61.3	69.5	4	100
11/12/2015 04:20	74.8	70.2	67.2	61.7	68.9	4	100
11/12/2015 04:25	74.9	70.9	67.4	62.2	69.6	4	100
11/12/2015 04:30	74.9	70.9	66	62.5	68.9	4	100
11/12/2015 04:35	74.7	71	71.3	64	70.7	4	100
11/12/2015 04:40	74.7	70.3	69.2	64.8	70	4	100
11/12/2015 04:45	74.8	69.6	69	63.6	70	4	100
11/12/2015 04:50	74.8	70	69	64.4	70.1	4	100
11/12/2015 04:55	75.6	71.2	65	60.6	69.3	4	100
11/12/2015 05:00	75.3	70.9	66.6	58.2	68.7	4	100
11/12/2015 05:05	74.7	72.1	72.5	61.2	71.6	4	100
11/12/2015 05:10	75.2	72.9	72.4	63.2	72.1	4	100
11/12/2015 05:15	73.9	72.2	72.3	57.6	70.5	4	100
11/12/2015 05:20	75.4	73	73.1	61.2	72.4	4	100
11/12/2015 05:25	75.2	71.4	72.2	60.9	71.4	4	100
11/12/2015 05:30	75.1	70.8	67.4	62.8	70.4	4	100
11/12/2015 05:35	74.2	71.8	74.6	65	72.4	4	100
11/12/2015 05:40	73.9	70.9	77.1	60.1	72.3	4	100
11/12/2015 05:45	74.4	71.5	75.5	63.2	72.3	4	100
11/12/2015 05:50	74.6	71.2	71	65.6	71.7	4	100
11/12/2015 05:55	73.5	72.2	74	66.2	72.4	4	100
11/12/2015 06:00	74.4	71.3	66.6	67.5	70.9	4	100
11/12/2015 06:05	74.8	70.7	61.5	63.2	69.2	4	100
11/12/2015 06:10	74.5	70.9	59.5	64.6	68.5	4	100
11/12/2015 06:15	74.9	70.7	61.1	66.6	69.5	4	100
11/12/2015 06:20	75.3	71	64.4	67.6	70.4	4	100
11/12/2015 06:25	74.3	70.5	66	65.1	70.1	4	100
11/12/2015 06:30	73.4	70	64.1	65	69.1	4	100
11/12/2015 06:35	74.2	69.7	67	68.6	70.4	4	100
11/12/2015 06:40	73.3	69.3	64.8	64	69	4	100
11/12/2015 06:45	73.2	69.1	65.7	63.5	68.9	4	100
11/12/2015 06:50	73.5	69.7	68.5	67.8	70.4	4	100
11/12/2015 06:55	74.6	70.1	64.5	66.1	69.5	4	100
11/12/2015 07:00	74	69.8	66	64	69.3	4	100
11/12/2015 07:05	72.9	68.6	67.7	64.8	69.3	4	100
11/12/2015 07:10	71.5	67.8	64.1	64.7	67.7	4	100
11/12/2015 07:15	70	66.9	64.9	63.6	67	4	100
11/12/2015 07:20	69.1	66.3	66.4	59	66.2	4	100
11/12/2015 07:25	68.7	65.9	63.1	61.7	65.5	4	100
11/12/2015 07:30	68.6	65.5	64.1	61.3	65.6	4	100
11/12/2015 07:35	69.6	65.7	66.1	59.8	66.4	4	100
11/12/2015 07:40	69.7	67	70	59.4	67.6	4	100
11/12/2015 07:45	59.6	59	56.4	54.7	58	4	100
11/12/2015 07:50	61.4	60.1	56.7	57.7	59.3	4	100
11/12/2015 07:55	65.7	63.1	64.2	59.4	63.8	4	100
11/12/2015 08:00	67.7	64.8	63.4	59.8	64.7	4	100
11/12/2015 08:05	68.1	65.6	64	60.1	65.1	4	100
11/12/2015 08:10	68.3	65.9	62.5	58.6	64.7	4	100
11/12/2015 08:15	68.4	65.5	62.6	58.8	64.6	4	100
11/12/2015 08:20	68.1	65.1	63.6	54.2	63.9	4	100
11/12/2015 08:25	65.2	62.8	63.4	55.1	62.5	4	100
11/12/2015 08:30	65.9	63.8	62.9	55.9	63	4	100
11/12/2015 08:35	67.1	63.3	62.8	54.7	62.9	4	100
11/12/2015 08:40	67	63.5	61.9	52.4	62.7	4	100
11/12/2015 08:45	67.4	63.4	60.3	56	62.8	4	100
11/12/2015 08:50	65.6	62.2	59.4	55	61.7	4	100
11/12/2015 08:55	62.2	58.7	55.3	50.9	57.6	4	100
11/12/2015 09:00	59.8	56.6	55	50	56.2	4	100
11/12/2015 09:05	62.4	59.9	55.5	50.5	58.2	4	100
11/12/2015 09:10	66	61.8	57.5	51.6	60.3	4	100
11/12/2015 09:15	66.3	61.9	57.9	51	60.6	4	100
11/12/2015 09:20	67.1	61.8	56.4	51.1	60.4	4	100
11/12/2015 09:25	68.2	64	59	52.3	62.3	4	100
11/12/2015 09:30	68.9	65.7	60	52.9	63.2	4	100
11/12/2015 09:35	69.9	67	64	53.9	65.3	4	100
11/12/2015 09:40	70.4	67.6	63.3	55.5	65.1	4	100
11/12/2015 09:45	69.3	66.3	64.7	55.9	65.1	4	100
11/12/2015 09:50	68.1	65.9	61.4	53.8	63.6	4	100
11/12/2015 09:55	69	66.1	59.7	55	63.5	4	100
11/12/2015 10:00	69.5	67.2	59.1	57.9	64.8	4	100
11/12/2015 10:05	70.3	67.7	60.7	58.7	65.3	4	100
11/12/2015 10:10	69.7	65.1	62.1	56.2	64.5	4	100
11/12/2015 10:15	70.1	64.6	64.6	57.4	65.4	4	100
11/12/2015 10:20	70.1	67.2	64.6	55.8	65.5	4	100
11/12/2015 10:25	71.1	66.2	61	54.4	64.7	4	100
11/12/2015 10:30	70.3	66	62	55.8	64.5	4	100
11/12/2015 10:35	70.9	67.9	62.6	55.5	65.7	4	100
11/12/2015 10:40	69.6	66.9	62.8	55	64.7	4	100
11/12/2015 10:45	69.5	65.8	58.5	55.7	63.3	4	100
11/12/2015 10:50	70	65.7	57.4	55.7	63.2	4	100
11/12/2015 10:55	68.9	64.3	57.8	55.3	62.7	4	100
11/12/2015 11:00	67.9	64.2	60.1	53.6	62.6	4	100
11/12/2015 11:05	68.7	65.7	59.3	51.8	62.8	4	100
11/12/2015 11:10	68.4	66.2	57.8	52.3	62.5	4	100
11/12/2015 11:15	68.7	66.8	58.5	52.8	62.8	4	100
11/12/2015 11:20	69.2	66.1	57.5	53.5	62.7	4	100
11/12/2015 11:25	67.5	65	55.3	55.2	61.6	4	100
11/12/2015 11:30	68.4	65.1	56.3	57.6	62.8	4	100
11/12/2015 11:35	67.8	64.1	54.4	54.8	61.2	4	100
11/12/2015 11:40	68	63.2	55.7	54.2	61.3	4	100
11/12/2015 11:45	67.3	64.4	58.5	52.3	61.8	4	100
11/12/2015 11:50	67.6	64.8	57.3	55.6	62.6	4	100
11/12/2015 11:55	68.7	65.2	56.9	57.6	62.9	4	100
11/12/2015 12:00	68	63.4	54.1	55.7	61.4	4	100
11/12/2015 12:05	67.3	64	53.7	56.3	61.6	4	100
11/12/2015 12:10	67.4	64.9	52.8	55.6	61.3	4	100
11/12/2015 12:15	66.9	63.2	53	53.7	60.2	4	100
11/12/2015 12:20	65.2	61.4	54.3	52.8	59.5	4	100
11/12/2015 12:25	64.7	62.1	54.2	54.5	59.8	4	100
11/12/2015 12:30	65.2	61.4	54.6	54.2	59.6	4	100
11/12/2015 12:35	65.1	63	56	53.3	60.4	4	100
11/12/2015 12:40	66.3	63.4	55.1	54.1	60.4	4	100
11/12/2015 12:45	66.2	62.1	56.3	53.5	60.7	4	100
11/12/2015 12:50	65.9	61.7	53.8	53.9	59.9	4	100
11/12/2015 12:55	64.7	61.6	53.3	56	59.6	4	100
11/12/2015 13:00	65.3	62.3	58.5	56.6	61.5	4	100
11/12/2015 13:05	64.3	60.8	56.8	54.6	59.7	4	100
11/12/2015 13:10	64.8	61.6	57.7	54.1	60.4	4	100
11/12/2015 13:15	64.3	62	56.8	55.3	60.2	4	100
11/12/2015 13:20	65.2	62.3	57.3	55.3	60.8	4	100
11/12/2015 13:25	65	62.4	55.5	57.6	60.8	4	100
11/12/2015 13:30	63.6	61.1	55.2	54.2	59.1	4	100
11/12/2015 13:35	63.3	61	55.9	55.4	59.5	4	100
11/12/2015 13:40	61.1	58.6	54.9	52.5	57.6	4	100
11/12/2015 13:45	62.6	59.7	54.4	53.6	58.3	4	100
11/12/2015 13:50	63	61	55.5	55.7	59.3	4	100
11/12/2015 13:55	63.7	60.8	52.5	54.2	58.7	4	100
11/12/2015 14:00	60.7	59.9	52.3	55.4	57.6	4	100
11/12/2015 14:05	43.7	46.1	46.1	50.1	46.2	4	100
11/12/2015 14:10	41.3	44.1	45.4	48.2	44.5	4	100
11/12/2015 14:15	35	40.3	42.7	45.7	40.6	4	100
11/12/2015 14:20	43.7	45.4	46.9	47.3	45.6	4	100
11/12/2015 14:25	41.3	41.5	45.2	47.2	43.6	4	100
11/12/2015 14:30	48.6	47.6	48.5	49.5	48.5	4	100
11/12/2015 14:35	41	44.9	47.7	49.2	45.4	4	100
11/12/2015 14:40	34.9	37.3	41	44.5	39.1	4	100
11/12/2015 14:45	33.2	34.2	36.1	39.3	35.5	4	100
11/12/2015 14:50	32.4	31.1	35.9	40	34.6	4	100
11/12/2015 14:55	30.9	30.7	35.3	39.4	33.7	4	100
11/12/2015 15:00	22.9	22.7	26.4	28.1	24.9	4	100
11/12/2015 15:05	18.9	18.5	21.7	22	20.2	4	100
11/12/2015 15:10	16.5	16.1	18.5	17.6	17.1	4	100
11/12/2015 15:15	30	29.5	30.6	30	30	4	100
11/12/2015 15:20	22.3	23.5	22.4	20.1	22.2	4	100
11/12/2015 15:25	22.4	22.5	22.4	19.7	21.8	4	100
11/12/2015 15:30	22	22.5	19.8	26.7	22.6	4	100
11/12/2015 15:35	22.8	21.5	18.9	24	22	4	100
11/12/2015 15:40	23.5	23.2	21.2	25.4	23.3	4	100
11/12/2015 15:45	30.2	30.2	26.7	30.7	29.5	4	100
11/12/2015 15:50	23.3	21.6	19.3	18.9	21.1	4	100
11/12/2015 15:55	29.7	28.3	26.8	27.3	28.1	4	100
11/12/2015 16:00	28.3	27	27.8	28.5	27.9	4	100
11/12/2015 16:05	21.6	20	22.9	24.4	22.2	4	100
11/12/2015 16:10	18.2	17.3	20.3	18.7	18.6	4	100
11/12/2015 16:15	21.8	22.3	23.9	23.4	22.8	4	100
11/12/2015 16:20	24.2	25.8	28	28.6	26.5	4	100
11/12/2015 16:25	21.2	21.2	26	29.8	24.3	4	100
11/12/2015 16:30	16.7	15.4	19	23.1	18.6	4	100
11/12/2015 16:35	17.8	16.5	16.2	17.5	17	4	100
11/12/2015 16:40	15.1	14.2	14	12.1	14	4	100
11/12/2015 16:45	20.8	19.9	17.4	18.4	19.2	4	100
11/12/2015 16:50	18.3	17	15.1	14.6	16.4	4	100
11/12/2015 16:55	22.5	19.8	18.9	17.4	19.8	4	100
11/12/2015 17:00	21	19.4	20.4	17.9	19.8	4	100
11/12/2015 17:05	19.1	19.4	21.9	20.8	20.2	4	100
11/12/2015 17:10	16.6	17.3	19.8	18.4	18	4	100
11/12/2015 17:15	22.5	22.4	21.8	20.9	22	4	100
11/12/2015 17:20	19.4	19.9	21	17.1	19.4	4	100
11/12/2015 17:25	18.4	19.1	21.7	15.4	18.8	4	100
11/12/2015 17:30	17.9	16.7	18.5	12.1	16.5	4	100
11/12/2015 17:35	16.7	16.4	20.5	14.1	17	4	100
11/12/2015 17:40	17.1	16.7	20.2	14.7	17.2	4	100
11/12/2015 17:45	16.9	16.4	18	16.2	16.9	4	100
11/12/2015 17:50	18.2	15.9	16.4	14.2	16.3	4	100
11/12/2015 17:55	18.9	16.5	14.5	13.7	16.1	4	100
11/12/2015 18:00	18.4	17.4	16.7	16.2	17.2	4	100
11/12/2015 18:05	21.2	19	17.2	17.4	18.9	4	100
11/12/2015 18:10	22.2	20.3	17.9	15.9	19.3	4	100
11/12/2015 18:15	24.1	18.7	18.5	16	19.7	4	100
11/12/2015 18:20	22.5	18.7	20.4	19.5	20.3	4	100
11/12/2015 18:25	21.5	19.8	20.8	18.1	20.1	4	100
11/12/2015 18:30	22	22.2	24.6	21.9	22.6	4	100
11/12/2015 18:35	18.6	18.4	19.5	17.9	18.6	4	100
11/12/2015 18:40	17.5	16	15.3	14.6	16	4	100
11/12/2015 18:45	20.7	18.3	16.9	16.5	18.3	4	100
11/12/2015 18:50	34	31.3	30.2	29.7	31.5	4	100
11/12/2015 18:55	44.4	41.8	37.8	40	41.4	4	100
11/12/2015 19:00	50.5	47.6	45.9	46.9	48	4	100
11/12/2015 19:05	50.8	47.6	49.1	50.8	49.6	4	100
11/12/2015 19:10	42.8	39.2	38.7	41.3	40.5	4	100
11/12/2015 19:15	35.2	33.1	33.2	33.3	33.8	4	100
11/12/2015 19:20	45.3	43.7	42.8	44.7	44.2	4	100
11/12/2015 19:25	50.5	48.6	46.9	48.3	48.7	4	100
11/12/2015 19:30	53.7	51.3	50.9	50.4	51.7	4	100
11/12/2015 19:35	56.1	53.6	51.2	52.9	53.7	4	100
11/12/2015 19:40	56.9	54.8	54.3	53.6	55.1	4	100
11/12/2015 19:45	58.2	56.6	54	54.1	56.1	4	100
11/12/2015 19:50	58.7	55.9	50.8	53.6	55.1	4	100
11/12/2015 19:55	59.5	57.9	55	55.6	57.3	4	100
11/12/2015 20:00	60.5	57.4	56.6	56.5	57.9	4	100
11/12/2015 20:05	61.1	58.3	56.3	58.2	58.7	4	100
11/12/2015 20:10	60.9	57.7	56.6	57.2	58.3	4	100
11/12/2015 20:15	60.7	57.7	57.5	56	58.3	4	100
11/12/2015 20:20	62.5	59.4	57	58	59.6	4	100
11/12/2015 20:25	63.8	61.4	59.9	57.6	61.2	4	100
11/12/2015 20:30	64.9	63.1	58.6	59.4	62.1	4	100
11/12/2015 20:35	65.2	62.6	60.2	60.4	62.5	4	100
11/12/2015 20:40	65.5	62.5	60.2	62.3	62.9	4	100
11/12/2015 20:45	66	62.8	57.8	59.2	62.1	4	100
11/12/2015 20:50	66.4	64.4	62.2	58.6	63.7	4	100
11/12/2015 20:55	66.8	64.9	62.3	60.7	64.3	4	100
11/12/2015 21:00	70.9	67.9	64.7	63.2	67.2	4	100
11/12/2015 21:05	72.7	69.6	67.6	63.7	69.1	4	100
11/12/2015 21:10	72.6	69.3	65.7	65.3	68.9	4	100
11/12/2015 21:15	74.9	71.3	66.1	64.7	70.2	4	100
11/12/2015 21:20	74.7	72.5	68.9	67.5	71.4	4	100
11/12/2015 21:25	74.7	71.7	69.7	65	71	4	100
11/12/2015 21:30	75.7	71.7	67.1	66.6	71	4	100
11/12/2015 21:35	75.8	71.5	70.4	65.7	71.6	4	100
11/12/2015 21:40	75.2	70.7	70	66.3	71.1	4	100
11/12/2015 21:45	75.1	71	66.2	62.7	70.1	4	100
11/12/2015 21:50	77	71.7	66.3	61.4	70.4	4	100
11/12/2015 21:55	77.8	72.2	68.4	62.2	71.7	4	100
11/12/2015 22:00	75.6	71	65.6	61.3	70	4	100
11/12/2015 22:05	74.8	70.5	70.6	62	70.2	4	100
11/12/2015 22:10	75.6	71.1	69.8	61.1	70.6	4	100
11/12/2015 22:15	74.9	70.6	73.8	65.1	71.8	4	100
11/12/2015 22:20	74.2	69.5	67.9	61.2	69.2	4	100
11/12/2015 22:25	74.1	71.1	67.6	65.8	70.2	4	100
11/12/2015 22:30	74.1	71.6	66.2	66.8	70.3	4	100
11/12/2015 22:35	75.3	72.4	66.8	63.5	70.2	4	100
11/12/2015 22:40	76	70.7	61.8	59.1	68.6	4	100
11/12/2015 22:45	75.7	71.2	65.5	59.9	69.6	4	100
11/12/2015 22:50	75	71	63.7	63.4	69.4	4	100
11/12/2015 22:55	77.1	70.7	66.5	62.9	70.1	4	100
11/12/2015 23:00	75.4	71.1	69.1	65.9	70.9	4	100
11/12/2015 23:05	73.8	70.5	69.2	62.3	69.5	4	100
11/12/2015 23:10	74	67.4	67.8	61.3	68.5	4	100
11/12/2015 23:15	73.2	69.9	69.3	62	69.4	4	100
11/12/2015 23:20	73	70	69.4	60.9	69.1	4	100
11/12/2015 23:25	72.5	69.7	65.8	58.8	68	4	100
11/12/2015 23:30	73.5	69.2	69	59.6	69.2	4	100
11/12/2015 23:35	74.6	70.1	69.7	58.5	69.8	4	100
11/12/2015 23:40	74.6	71.2	75.9	58.2	71.2	4	100
11/12/2015 23:45	74.6	71.7	72	60.7	70.8	4	100
11/12/2015 23:50	74.3	72.2	66.5	61.2	69.8	4	100
11/12/2015 23:55	74.7	71.8	66.3	60.2	69.2	4	100
11/13/2015 00:00	74.8	69.4	67.4	62.8	69.6	4	100
11/13/2015 00:05	75	70.1	66.6	60.6	68.6	4	100
11/13/2015 00:10	75.2	69.7	65.1	62.5	69	4	100
11/13/2015 00:15	75.4	70.9	68.8	63.1	70.2	4	100
11/13/2015 00:20	74.6	69.1	69.7	62.2	69.8	4	100
11/13/2015 00:25	75.1	68.7	68.9	63.6	69.4	4	100
11/13/2015 00:30	74.6	70.5	62.4	60.2	67.8	4	100
11/13/2015 00:35	74.4	71.4	66.8	62.4	68.9	4	100
11/13/2015 00:40	75.1	71.4	63.7	63.3	68.5	4	100
11/13/2015 00:45	74.8	70.9	62.4	60.6	67.6	4	100
11/13/2015 00:50	74.6	70.5	59	59.9	66.8	4	100
11/13/2015 00:55	74.7	70.1	60.4	60	66.8	4	100
11/13/2015 01:00	74.9	70.5	65.2	61.1	68.5	4	100
11/13/2015 01:05	74.7	70.6	60.9	63	67.3	4	100
11/13/2015 01:10	74.9	71.1	64.1	64.8	68.6	4	100
11/13/2015 01:15	74.7	70.7	66.6	64.1	68.7	4	100
11/13/2015 01:20	74.7	70.4	68.1	61.2	68.1	4	100
11/13/2015 01:25	75	70.8	59.1	61.7	67	4	100
11/13/2015 01:30	74.7	70.9	60	60.7	66.1	4	100
11/13/2015 01:35	74.8	70.8	61.7	61	66.4	4	100
11/13/2015 01:40	74.8	70.3	59.1	61.9	66.7	4	100
11/13/2015 01:45	74.8	70.7	61.3	63	67.4	4	100
11/13/2015 01:50	74.9	70.5	60.3	63.3	67.8	4	100
11/13/2015 01:55	74.6	70.7	61.2	62.9	67.2	4	100
11/13/2015 02:00	74.7	70.6	65.7	60.6	68.7	4	100
11/13/2015 02:05	74.6	71	66.8	62.1	68.7	4	100
11/13/2015 02:10	74.9	71	67.9	62.6	69.4	4	100
11/13/2015 02:15	74.8	71	64.1	62.3	67.5	4	100
11/13/2015 02:20	74.7	70.7	62.9	65.2	67.7	4	100
11/13/2015 02:25	74.9	70.9	65.4	64.3	68.3	4	100
11/13/2015 02:30	74.8	70.8	64.6	64.5	68.7	4	100
11/13/2015 02:35	74.7	71	65.2	63.5	68.2	4	100
11/13/2015 02:40	74.8	71.1	65.1	63.8	69.4	4	100
11/13/2015 02:45	74.8	70.8	67.3	63.1	69.3	4	100
11/13/2015 02:50	74.6	70.8	65	61.2	68.2	4	100
11/13/2015 02:55	74.6	70.8	55.9	61.9	63.5	4	100
11/13/2015 03:00	74.6	70.8	59.5	61.4	64.6	4	100
11/13/2015 03:05	74.7	71	64.2	62	66.9	4	100
11/13/2015 03:10	74.9	71.1	67.4	62.5	69.5	4	100
11/13/2015 03:15	74.9	71.2	65.2	62.7	68.2	4	100
11/13/2015 03:20	75	71.2	66.6	62.9	68.8	4	100
11/13/2015 03:25	74.8	71.1	65.6	63	68.6	4	100
11/13/2015 03:30	74.8	71	64	62.4	67.3	4	100
11/13/2015 03:35	74.8	71.1	63.4	62.4	68.5	4	100
11/13/2015 03:40	74.8	70.6	61.6	63	67.4	4	100
11/13/2015 03:45	74.8	70.6	65.2	62.5	67.6	4	100
11/13/2015 03:50	74.8	70.5	67.2	57.3	67.2	4	100
11/13/2015 03:55	74.9	70.7	67.9	58.7	67.2	4	100
11/13/2015 04:00	75.2	70.9	65.5	61.3	69.2	4	100
11/13/2015 04:05	74.7	71.2	65.5	61.4	68.5	4	0
11/13/2015 04:10	74.8	71	62.5	61.6	67.9	4	0
11/13/2015 04:15	74.8	71	67.4	62.8	69.3	4	100
11/13/2015 04:20	75.2	71.5	64.7	63.1	69.3	4	100
11/13/2015 04:25	74.7	71	57.1	56.7	65.2	4	100
11/13/2015 04:30	75.1	71.2	64.9	59.8	68.7	4	100
11/13/2015 04:35	74.9	69.8	60.3	59.6	67.7	4	100
11/13/2015 04:40	74.6	70.4	61.3	62.9	67.9	4	100
11/13/2015 04:45	74.3	70.9	62.4	64.2	68.1	4	100
11/13/2015 04:50	74.4	70.8	59.2	64.7	68.3	4	100
11/13/2015 04:55	74.4	70.2	66.7	66.1	69.8	4	100
11/13/2015 05:00	74.2	70.3	65.8	62.8	69.3	4	100
11/13/2015 05:05	74.6	70.4	62.5	60.8	68.7	4	100
11/13/2015 05:10	76.2	71.3	61.1	62.8	68.5	4	100
11/13/2015 05:15	75	71.2	61.5	61	68.2	4	100
11/13/2015 05:20	74.8	70	62.1	60.1	68.5	4	100
11/13/2015 05:25	75	69	66.8	63.1	69.9	4	100
11/13/2015 05:30	75.3	69.5	66.8	60.9	69.6	4	100
11/13/2015 05:35	75.4	70.2	67.4	60.2	69.5	4	100
11/13/2015 05:40	75.7	69.8	69.2	62.6	70.5	4	100
11/13/2015 05:45	75.9	70.7	72.7	69	72.5	4	100
11/13/2015 05:50	76.8	71.4	69.6	66.6	72.1	4	100
11/13/2015 05:55	76.1	71	72.4	65.8	72.4	4	100
11/13/2015 06:00	77.1	71.6	69.3	65.9	72.1	4	100
11/13/2015 06:05	75.4	71.7	68.7	66.4	71.6	4	100
11/13/2015 06:10	75.7	72	64.6	66	70.9	4	100
11/13/2015 06:15	74.9	70.5	66.7	64.6	70.3	4	100
11/13/2015 06:20	74.8	71.5	64.5	62.7	70.2	4	100
11/13/2015 06:25	74.4	71.1	66.1	61.5	69.8	4	100
11/13/2015 06:30	74.9	71	64.5	63.1	69.8	4	100
11/13/2015 06:35	75.1	71.1	63.3	65.3	69.7	4	100
11/13/2015 06:40	74.1	69.9	63	62	68.4	4	100
11/13/2015 06:45	75	70.7	68.3	62.2	70.1	4	100
11/13/2015 06:50	73.8	71.7	67.6	64.1	70.3	4	100
11/13/2015 06:55	73.7	70	66.4	59.3	69	4	100
11/13/2015 07:00	73.5	70.6	71.4	62.3	70.7	4	100
11/13/2015 07:05	72.9	70.4	74.1	64.1	71.2	4	100
11/13/2015 07:10	73.3	71	72.5	63.6	70.9	4	100
11/13/2015 07:15	72.5	69.7	74.2	66.9	71.3	4	100
11/13/2015 07:20	70.7	67.7	70	65.9	69	4	100
11/13/2015 07:25	69.3	67	68.4	59.8	67	4	100
11/13/2015 07:30	69	67.2	67.1	63.6	67.2	4	100
11/13/2015 07:35	69.8	67.5	68.4	60.4	67.6	4	100
11/13/2015 07:40	68.7	67.6	66	60.3	66.4	4	100
11/13/2015 07:45	68.6	67.4	66.2	60.2	66.5	4	100
11/13/2015 07:50	68.6	67.3	69.1	58.7	66.9	4	100
11/13/2015 07:55	68.4	66.4	63.2	61	65.4	4	100
11/13/2015 08:00	70.4	66.8	62.3	62.2	66.2	4	100
11/13/2015 08:05	70.6	66	65.6	62.6	67.1	4	100
11/13/2015 08:10	68.7	64.4	63.4	59.1	64.7	4	100
11/13/2015 08:15	68.2	64.6	62.9	58.1	64.2	4	100
11/13/2015 08:20	67.7	64.8	62.4	58.1	64	4	100
11/13/2015 08:25	67.7	64.4	63.9	58.7	64.6	4	100
11/13/2015 08:30	68.4	65	62.1	55.7	64	4	100
11/13/2015 08:35	68.8	65.9	64.2	56.2	64.9	4	100
11/13/2015 08:40	68.3	65.6	63.4	56.8	64.5	4	100
11/13/2015 08:45	69.4	66.8	62.8	56.8	65.1	4	100
11/13/2015 08:50	70.2	67	62	55.7	65	4	100
11/13/2015 08:55	70.2	65.9	63	57.4	65.4	4	100
11/13/2015 09:00	70.2	67.7	63.7	57.1	65.9	4	100
11/13/2015 09:05	71.1	67.4	62.1	54.6	65.4	4	100
11/13/2015 09:10	72	68	63.8	59.6	66.7	4	100
11/13/2015 09:15	71.1	67.3	65.9	57.9	66.7	4	100
11/13/2015 09:20	70.8	66.1	62.3	60.7	65.9	4	100
11/13/2015 09:25	69.8	65.3	61.8	60.3	65.1	4	100
11/13/2015 09:30	69.6	65	60.9	59.2	64.5	4	100
11/13/2015 09:35	69.8	65.7	62.9	59	65.3	4	100
11/13/2015 09:40	70.1	65.4	59.9	56.9	64.2	4	100
11/13/2015 09:45	70.2	64.9	61	55.5	63.8	4	100
11/13/2015 09:50	69.7	65	60.8	57.4	64.4	4	100
11/13/2015 09:55	70.1	66.7	57.7	58.4	64.2	4	100
11/13/2015 10:00	69.5	67.6	60.3	56.4	64.3	4	100
11/13/2015 10:05	70.5	67	60.3	59.1	65.5	4	100
11/13/2015 10:10	71.2	68.9	63.2	60	66.7	4	100
11/13/2015 10:15	71.2	66.7	58.6	57.2	64.7	4	100
11/13/2015 10:20	70	66.7	58.1	52.4	63.7	4	100
11/13/2015 10:25	70.1	66.2	55.1	55.8	63.2	4	100
11/13/2015 10:30	70.5	66.9	56.6	55.4	63.5	4	100
11/13/2015 10:35	69.6	66.7	60.8	56.6	64.3	4	100
11/13/2015 10:40	68.3	65.4	57.6	56.5	63	4	100
11/13/2015 10:45	67.9	64.4	57.6	56	62.6	4	100
11/13/2015 10:50	68.4	66.1	59.7	55.2	63.6	4	100
11/13/2015 10:55	68.5	65.8	56.1	56.2	62.9	4	100
11/13/2015 11:00	67.1	65.1	57.1	56.4	62.5	4	100
11/13/2015 11:05	67.1	65.9	55.4	58.7	62.8	4	100
11/13/2015 11:10	68.8	65.9	59.4	59.9	64	4	100
11/13/2015 11:15	66.5	63.4	57.3	56.1	61.8	4	100
11/13/2015 11:20	64.2	60.6	54.3	53.6	59.1	4	100
11/13/2015 11:25	65.9	62.4	57.5	53.5	60.8	4	100
11/13/2015 11:30	67.3	63.7	57.7	53.2	61.4	4	100
11/13/2015 11:35	66.9	64.1	59.6	53.3	62.1	4	100
11/13/2015 11:40	67.3	63.5	57.9	54.3	62.1	4	100
11/13/2015 11:45	67.5	64.7	58.5	56.1	62.5	4	100
11/13/2015 11:50	67.8	64.3	58.2	57.1	62.6	4	100
11/13/2015 11:55	65.5	63.3	55.5	58.5	61.5	4	100
11/13/2015 12:00	66.8	64.7	56.2	58.3	62.2	4	100
11/13/2015 12:05	66.8	64.5	54.4	57.2	61.7	4	100
11/13/2015 12:10	67.2	64.4	55.9	55.9	61.9	4	100
11/13/2015 12:15	66.2	64	57.2	55.4	61.8	4	100
11/13/2015 12:20	66.5	65.2	61.8	59	63.8	4	100
11/13/2015 12:25	66.7	65.7	62	61.5	64.4	4	100
11/13/2015 12:30	66.1	65.2	61.7	60.3	63.7	4	100
11/13/2015 12:35	66.9	66.2	62.1	59.1	64.2	4	100
11/13/2015 12:40	65.3	63.1	58	58.6	61.8	4	100
11/13/2015 12:45	65.7	63.4	57.7	58.2	61.8	4	100
11/13/2015 12:50	66	63.6	59.3	58	62.3	4	100
11/13/2015 12:55	66	63.2	59.5	56.9	62.2	4	100
11/13/2015 13:00	64.6	62.5	56.6	55.6	60.4	4	100
11/13/2015 13:05	65.1	62.7	59.5	56.7	61.7	4	100
11/13/2015 13:10	61.2	59.2	58.6	57.1	59.3	4	100
11/13/2015 13:15	62	60.4	59.6	57.5	60.3	4	100
11/13/2015 13:20	63.5	61.7	59.7	55.9	60.9	4	100
11/13/2015 13:25	62.3	60.5	54.5	54	58.5	4	100
11/13/2015 13:30	61.5	59.5	55	54.3	58.2	4	100
11/13/2015 13:35	61.4	59.4	55.1	52.8	57.9	4	100
11/13/2015 13:40	60.9	58.2	55.8	54.5	57.8	4	100
11/13/2015 13:45	58.6	55.4	55.4	53.8	56	4	100
11/13/2015 13:50	46.8	48.4	50.6	51.4	49	4	100
11/13/2015 13:55	49.4	51.1	51.6	51.5	50.8	4	100
11/13/2015 14:00	42.4	43	45	47.4	44.2	4	100
11/13/2015 14:05	39.1	41.8	42.6	45.8	42.1	4	100
11/13/2015 14:10	43	44.2	45	46.3	44.5	4	100
11/13/2015 14:15	31.8	34.3	34.2	36.1	34	4	100
11/13/2015 14:20	38.6	40	44.1	43	41.3	4	100
11/13/2015 14:25	45.8	47.1	45.8	46.3	46.3	4	100
11/13/2015 14:30	29.3	29.2	32.1	32.2	30.7	4	100
11/13/2015 14:35	26.7	26.8	26.9	29.5	27.4	4	100
11/13/2015 14:40	22.6	23.9	23	24.8	23.6	4	100
11/13/2015 14:45	21.2	21.3	21.1	21.8	21.3	4	100
11/13/2015 14:50	16.7	16.4	18.5	19	17.6	4	100
11/13/2015 14:55	15	15.9	16.6	17.4	16.2	4	100
11/13/2015 15:00	16	15.5	16.5	15.8	15.9	4	100
11/13/2015 15:05	13.9	15.4	14.3	13.7	14.4	4	100
11/13/2015 15:10	14.1	15.6	15	15.2	15	4	100
11/13/2015 15:15	13.2	13.5	14.1	13.2	13.5	4	100
11/13/2015 15:20	15.9	15.4	14.7	14.6	15.2	4	100
11/13/2015 15:25	17.7	14.9	17.9	17.8	17.1	4	100
11/13/2015 15:30	16.5	15.1	18.3	15.5	16.4	4	100
11/13/2015 15:35	15.4	14.8	17.7	14.3	15.6	4	100
11/13/2015 15:40	16.7	16.3	16.5	14.4	16	4	100
11/13/2015 15:45	18	17.7	17.5	19.1	18.1	4	100
11/13/2015 15:50	15.3	16	15.9	15	15.6	4	100
11/13/2015 15:55	14.5	15.7	14.5	12.9	14.5	4	100
11/13/2015 16:00	17.3	17.1	19.2	19.2	18.2	4	100
11/13/2015 16:05	16.1	15.9	20.2	17.9	17.4	4	100
11/13/2015 16:10	15.5	16.1	17.7	16.5	16.4	4	100
11/13/2015 16:15	16.1	16.2	16.9	15.5	16.2	4	100
11/13/2015 16:20	17.6	17.4	19.7	20.2	18.6	4	100
11/13/2015 16:25	17.7	17.2	19.4	21.5	18.9	4	100
11/13/2015 16:30	18	15.8	18	21.1	18.1	4	100
11/13/2015 16:35	16.6	15.4	19.1	17.2	17	4	100
11/13/2015 16:40	20.6	19.3	23.9	18.7	20.7	4	100
11/13/2015 16:45	15.4	15	17.9	13.5	15.5	4	100
11/13/2015 16:50	18.9	16.7	19	14.5	17.4	4	100
11/13/2015 16:55	20.7	17.4	16.7	13.1	17.3	4	100
11/13/2015 17:00	18.6	16.9	15.5	15.5	16.7	4	100
11/13/2015 17:05	19.6	16.1	14.8	13.5	16.2	4	100
11/13/2015 17:10	19.4	16.7	15.7	16.1	17.1	4	100
11/13/2015 17:15	20.7	19	18.5	18.9	19.3	4	100
11/13/2015 17:20	20.4	19.5	18.6	17.1	19	4	100
11/13/2015 17:25	18.6	18.1	17.5	18.6	18.2	4	100
11/13/2015 17:30	17.3	18.4	18.7	20.5	18.6	4	100
11/13/2015 17:35	16.6	16.5	16.7	14.9	16.3	4	100
11/13/2015 17:40	17.4	16.5	17.4	14.3	16.4	4	100
11/13/2015 17:45	19.2	18.8	17.8	13.6	17.6	4	100
11/13/2015 17:50	22.7	21.2	19.4	15.2	19.9	4	100
11/13/2015 17:55	22.6	22	22.6	22.3	22.4	4	100
11/13/2015 18:00	21.5	22	20.4	20.1	21.1	4	100
11/13/2015 18:05	19.4	20.4	20.6	18.9	19.8	4	100
11/13/2015 18:10	20.5	20.7	21.2	16.5	19.9	4	100
11/13/2015 18:15	22.9	22.5	23.9	24.1	23.3	4	100
11/13/2015 18:20	20.6	17.9	19.7	17.7	19.1	4	100
11/13/2015 18:25	18.3	16.7	18.5	13.7	17.1	4	100
11/13/2015 18:30	23.5	21.1	22.6	16.3	21.1	4	100
11/13/2015 18:35	22.4	21.1	22.5	26.1	22.9	4	100
11/13/2015 18:40	22.2	21.9	26.2	30	24.8	4	100
11/13/2015 18:45	30.5	30.7	35.7	38	33.3	4	100
11/13/2015 18:50	27.8	27.2	32.1	32.8	29.8	4	100
11/13/2015 18:55	25.8	24	26.4	28.5	26	4	100
11/13/2015 19:00	26.7	23.6	27.7	32.2	27.3	4	100
11/13/2015 19:05	27	25.1	29	33.3	28.3	4	100
11/13/2015 19:10	25	23.6	25.3	27.5	25.2	4	100
11/13/2015 19:15	24.7	23.4	26.9	30.3	26	4	100
11/13/2015 19:20	25.7	25.4	30.3	33.3	28.3	4	100
11/13/2015 19:25	28.1	30	33.5	37.7	31.9	4	100
11/13/2015 19:30	35.2	37.1	38.1	43.5	38.2	4	100
11/13/2015 19:35	36.2	38	40	41.1	38.7	4	100
11/13/2015 19:40	35.5	37.4	38.6	44.3	38.6	4	100
11/13/2015 19:45	43.3	43.9	41.6	47.9	44	4	100
11/13/2015 19:50	48.9	47.9	47.6	52	49	4	100
11/13/2015 19:55	53	52.4	52.4	52.6	52.6	4	100
11/13/2015 20:00	57	55.3	55.9	53.9	55.7	4	100
11/13/2015 20:05	57.1	55.2	57.6	57.8	56.8	4	100
11/13/2015 20:10	59.6	58.2	60.1	60.9	59.5	4	100
11/13/2015 20:15	62.2	60.7	63	63	62.1	4	100
11/13/2015 20:20	64	61.7	64.1	62.2	63.1	4	100
11/13/2015 20:25	63.4	61.5	63.5	63.8	63	4	100
11/13/2015 20:30	64	62.4	66.3	63.8	64.1	4	100
11/13/2015 20:35	57.7	56.2	61.5	62.7	59	4	100
11/13/2015 20:40	53.3	51.1	55.2	59.2	54.2	4	100
11/13/2015 20:45	60.8	57.9	58.2	63.6	59.8	4	100
11/13/2015 20:50	63.7	61.9	58.5	62.8	61.8	4	100
11/13/2015 20:55	65.8	64.5	60.2	64.9	64	4	100
11/13/2015 21:00	70.1	66.6	66	62.4	66.9	4	100
11/13/2015 21:05	72.2	67.7	64.8	62.1	67.7	4	100
11/13/2015 21:10	72.7	67.7	65.7	61.6	67.9	4	100
11/13/2015 21:15	72.8	68	62.2	63.7	67.5	4	100
11/13/2015 21:20	73.2	67.2	66.4	61.4	67.9	4	100
11/13/2015 21:25	75.2	69	62.6	61.9	68.6	4	100
11/13/2015 21:30	75.1	70.3	64.8	62.2	69.2	4	100
11/13/2015 21:35	74.6	69.1	65.8	60.4	68.3	4	100
11/13/2015 21:40	74.4	69.7	66.7	60.8	68.8	4	100
11/13/2015 21:45	75.4	69.1	67	64.9	69.8	4	100
11/13/2015 21:50	74.5	68.4	62.2	64	67.9	4	100
11/13/2015 21:55	74.2	69.3	61.7	62.9	68	4	100
11/13/2015 22:00	75.4	70.4	63.3	62.3	68.9	4	100
11/13/2015 22:05	76	70.8	69.4	65.8	71.1	4	100
11/13/2015 22:10	74.6	71.5	72.9	65.2	71.9	4	100
11/13/2015 22:15	75.5	71.8	70.5	66.6	72	4	100
11/13/2015 22:20	75.4	71.7	71	61.4	70.6	4	100
11/13/2015 22:25	74.2	71.7	67.4	60.9	69.8	4	100
11/13/2015 22:30	74.3	71.4	65.9	59.5	69.1	4	100
11/13/2015 22:35	74.3	71.6	67.6	62.1	69.8	4	100
11/13/2015 22:40	74.8	71.2	69.8	62.9	70.7	4	100
11/13/2015 22:45	74.7	71.5	69.9	60.5	70.3	4	100
11/13/2015 22:50	74.9	72.4	67.7	63.7	70.3	4	100
11/13/2015 22:55	75.1	71.7	67.6	59.4	69.8	4	100
11/13/2015 23:00	73.5	70.8	66.6	62.3	69.3	4	100
11/13/2015 23:05	74.3	70.4	66.9	63.9	69.6	4	100
11/13/2015 23:10	74.3	69.4	68.1	63.2	69.6	4	100
11/13/2015 23:15	74.9	70.8	67.3	62.3	70	4	100
11/13/2015 23:20	74.2	70.2	68.8	61.9	69.7	4	100
11/13/2015 23:25	74.4	70	70.7	61.5	70	4	100
11/13/2015 23:30	74	71.7	71.7	60.8	70.6	4	100
11/13/2015 23:35	74.2	72.1	70.3	60.2	70	4	100
11/13/2015 23:40	74.9	71.6	71.6	58	69.8	4	100
11/13/2015 23:45	75.6	72.2	67.1	58.9	69.7	4	100
11/13/2015 23:50	73.9	71.9	68.5	61.6	69.9	4	100
11/13/2015 23:55	75	71.4	67.3	62.5	69.9	4	100
11/14/2015 00:00	74.8	73	72.1	62.8	71.6	4	100
11/14/2015 00:05	73.9	72.3	71.6	61	70.9	4	100
11/14/2015 00:10	74.8	72.7	67.2	61.8	70.3	4	100
11/14/2015 00:15	75.5	71.5	67.4	63.7	69.9	4	100
11/14/2015 00:20	74.3	71.4	66.5	64.4	69.7	4	100
11/14/2015 00:25	75.2	71	71	65.5	71.2	4	100
11/14/2015 00:30	75.6	70.6	69.3	62.2	70.5	4	100
11/14/2015 00:35	75	70.1	69.6	62.9	70.2	4	100
11/14/2015 00:40	74.7	70.3	63.4	63.5	68.9	4	100
11/14/2015 00:45	75.2	71.2	67.7	55	68.1	4	100
11/14/2015 00:50	75	70.8	70.2	57.9	69.8	4	100
11/14/2015 00:55	74.1	71.4	71.9	61.7	70.6	4	100
11/14/2015 01:00	73.4	70.8	69.8	59.1	69.4	4	100
11/14/2015 01:05	74.1	70.6	65	61.2	68.5	4	100
11/14/2015 01:10	74.4	70.5	66.6	63.5	68.5	4	100
11/14/2015 01:15	74.6	70.6	63.3	63.3	68.2	4	100
11/14/2015 01:20	75.1	71.3	61.9	62.2	67.4	4	100
11/14/2015 01:25	74.9	71	66.6	60.5	68.3	4	100
11/14/2015 01:30	74.7	70.9	67.7	62.8	68.8	4	100
11/14/2015 01:35	74.8	70.6	67	62.2	69.7	4	100
11/14/2015 01:40	74.8	70.6	66.2	63.6	68.5	4	100
11/14/2015 01:45	75	71.7	68.9	64	70.5	4	100
11/14/2015 01:50	74.8	73	66.7	61.6	69.9	4	100
11/14/2015 01:55	74.9	72.5	63.1	62.5	68.3	4	100
11/14/2015 02:00	74.9	71.9	65	63.5	68.9	4	100
11/14/2015 02:05	74.7	71.2	64.1	63.4	68.7	4	100
11/14/2015 02:10	74.7	70.6	66.6	63.1	68.9	4	100
11/14/2015 02:15	74.9	70.5	64.9	62.7	69.2	4	100
11/14/2015 02:20	74.9	70.9	63	62.1	67.9	4	100
11/14/2015 02:25	74.7	71.4	62.9	62.1	67.8	4	100
11/14/2015 02:30	74.7	71.1	63	62.4	67.2	4	100
11/14/2015 02:35	74.8	71.1	64.4	63.2	68.2	4	100
11/14/2015 02:40	74.6	71.2	67	63.3	69.1	4	100
11/14/2015 02:45	74.9	71.1	66.6	62.7	69.5	4	100
11/14/2015 02:50	74.9	70.9	67.8	62.3	69.7	4	100
11/14/2015 02:55	74.9	70.9	68.3	63.1	68.9	4	100
11/14/2015 03:00	74.6	71.1	67.5	61.3	68.6	4	100
11/14/2015 03:05	74.7	70.8	69.9	61.1	70.4	4	100
11/14/2015 03:10	74.8	71.2	68.9	62.4	69.8	4	100
11/14/2015 03:15	74.7	71.2	68.3	62.6	69.7	4	100
11/14/2015 03:20	74.6	71	69.1	62.4	69.5	4	100
11/14/2015 03:25	74.7	70.8	63	62.6	67.4	4	100
11/14/2015 03:30	74.8	71	56.8	62.7	66.1	4	100
11/14/2015 03:35	74.7	71.3	60.6	62.8	67.8	4	100
11/14/2015 03:40	74.8	71	63.9	63.4	67.7	4	100
11/14/2015 03:45	74.8	71.2	66	63.1	68.7	4	100
11/14/2015 03:50	74.7	71	67.2	63.1	69.1	4	100
11/14/2015 03:55	74.6	71.3	68.2	63.6	69.7	4	100
11/14/2015 04:00	74.6	71.2	69.1	62.3	69.1	4	100
11/14/2015 04:05	74.5	71.1	67	63.2	68.8	4	100
11/14/2015 04:10	74.5	70.8	60.1	63.3	67.4	4	100
11/14/2015 04:15	74.7	70.8	63.4	61.9	67.4	4	100
11/14/2015 04:20	74.7	70.8	66.7	62.6	68.7	4	100
11/14/2015 04:25	74.8	70.8	67.4	62.7	69.3	4	100
11/14/2015 04:30	74.6	70.5	60.6	63.1	67.3	4	100
11/14/2015 04:35	74.4	71	62.5	63.9	67.4	4	100
11/14/2015 04:40	74.6	70.1	62.8	64.3	68.2	4	100
11/14/2015 04:45	74.5	70.6	62.3	64.2	67.7	4	100
11/14/2015 04:50	74.4	70	66.3	64.1	69.2	4	100
11/14/2015 04:55	74.6	70.3	67.4	63.4	69.3	4	100
11/14/2015 05:00	74.6	70.3	67.2	63	69.1	4	100
11/14/2015 05:05	74.8	71.4	69.1	60.4	69.2	4	100
11/14/2015 05:10	74.9	70.4	57.4	60.8	67.3	4	100
11/14/2015 05:15	74.9	70.6	61.1	62.3	67.4	4	100
11/14/2015 05:20	73.9	70.9	60.7	62.6	68.4	4	100
11/14/2015 05:25	74.6	71.1	62.7	61.1	67.9	4	100
11/14/2015 05:30	74.6	69.7	64.9	63	68.6	4	100
11/14/2015 05:35	74	70	60.4	64.4	68	4	100
11/14/2015 05:40	74.3	70.6	63.6	64.9	68.6	4	100
11/14/2015 05:45	74.8	70.4	63	60.5	68.4	4	100
11/14/2015 05:50	74	71.1	63.6	61.2	68.7	4	100
11/14/2015 05:55	74.8	70.9	69.1	61.1	69.8	4	100
11/14/2015 06:00	74.8	70.9	67.3	57.7	69.5	4	100
11/14/2015 06:05	74.2	70.3	66.8	58.5	68.8	4	100
11/14/2015 06:10	73.3	70.8	69	55.8	68.7	4	100
11/14/2015 06:15	74.5	70.2	72.5	60.8	70.5	4	100
11/14/2015 06:20	75.5	70.3	71.6	61.5	70.5	4	100
11/14/2015 06:25	75.3	71.1	70.4	62.4	71.2	4	100
11/14/2015 06:30	75.4	71.3	74.6	65.6	72.4	4	100
11/14/2015 06:35	75.1	70.5	75.1	61.3	71.9	4	100
11/14/2015 06:40	75.3	71.9	75.5	64.8	72.7	4	100
11/14/2015 06:45	74.2	70.5	71.3	64.4	70.8	4	100
11/14/2015 06:50	75	70.4	70.2	65	70.9	4	100
11/14/2015 06:55	75.1	71.2	70.4	59.7	70.1	4	100
11/14/2015 07:00	73.9	71	65.8	58	68.7	4	100
11/14/2015 07:05	74.5	71	66.8	60.6	69.6	4	100
11/14/2015 07:10	73.9	70.5	67.4	62.1	69.3	4	100
11/14/2015 07:15	72.9	69.3	63	56.8	67.1	4	100
11/14/2015 07:20	74	69.4	67.8	56.9	68.4	4	100
11/14/2015 07:25	73.1	69.2	66.9	59.3	68.6	4	100
11/14/2015 07:30	72	67.9	65.9	62	67.8	4	100
11/14/2015 07:35	71.4	67.3	69.1	59.6	68	4	100
11/14/2015 07:40	71.7	67.4	66.6	59.6	67.1	4	100
11/14/2015 07:45	72	66.6	67.1	61.5	67.7	4	100
11/14/2015 07:50	71.1	66.7	66.9	63.2	67.4	4	100
11/14/2015 07:55	71.2	65.5	64.1	65	66.9	4	100
11/14/2015 08:00	71.3	67.1	64.4	63.8	67.2	4	100
11/14/2015 08:05	71.4	68.2	66.9	63.2	68.2	4	100
11/14/2015 08:10	70.9	68.1	68.3	63	68.2	4	100
11/14/2015 08:15	71	67.4	63.5	62.9	66.9	4	100
11/14/2015 08:20	69.5	67	59.6	60.6	65	4	100
11/14/2015 08:25	69.4	67.3	63.2	59.2	65.7	4	100
11/14/2015 08:30	69.9	67.9	63	56.6	65.5	4	100
11/14/2015 08:35	71.5	68.6	66.3	59.7	67.4	4	100
11/14/2015 08:40	71	67	62.5	62	66.3	4	100
11/14/2015 08:45	71.1	68.1	65.6	61.9	67	4	100
11/14/2015 08:50	70.9	67.5	64	62	66.7	4	100
11/14/2015 08:55	71.5	66.9	68.9	60.9	67.9	4	100
11/14/2015 09:00	70.7	65.6	64.7	60.6	66.1	4	100
11/14/2015 09:05	71.4	66.7	68	63	67.6	4	100
11/14/2015 09:10	70.4	66.3	67.9	62.5	67.5	4	100
11/14/2015 09:15	71.4	67.3	68.8	61.7	67.8	4	100
11/14/2015 09:20	68.4	65	65.5	59.4	65.3	4	100
11/14/2015 09:25	69.7	66.7	65.1	63.3	66.7	4	100
11/14/2015 09:30	70.1	67.5	62.7	61.4	66.2	4	100
11/14/2015 09:35	69.5	68.2	65.7	60.8	67	4	100
11/14/2015 09:40	67.8	66.8	63.9	58.1	64.9	4	100
11/14/2015 09:45	67.7	65.6	62.5	59.2	64.4	4	100
11/14/2015 09:50	69.1	66.5	62.6	59.4	65	4	100
11/14/2015 09:55	69.1	66.6	64.4	60	65.7	4	100
11/14/2015 10:00	70.2	65.5	62.6	62.2	65.8	4	100
11/14/2015 10:05	68.3	64.2	64	59.5	64.6	4	100
11/14/2015 10:10	68.6	65.1	62.3	61.9	65.1	4	100
11/14/2015 10:15	68.5	64.7	62.6	60.6	64.7	4	100
11/14/2015 10:20	68.1	65.3	63.9	61.4	65.3	4	100
11/14/2015 10:25	68.8	65.6	66.5	63.3	66.4	4	100
11/14/2015 10:30	68	65.6	66.4	58.8	65.4	4	100
11/14/2015 10:35	67.2	64.2	64.6	60.4	64.6	4	100
11/14/2015 10:40	67.5	64.1	63.6	59.6	64.3	4	100
11/14/2015 10:45	67.3	64	62.2	61.6	64.2	4	100
11/14/2015 10:50	67.9	64.3	63.4	60.8	64.6	4	100
11/14/2015 10:55	68.1	65.5	61.7	59.9	64.5	4	100
11/14/2015 11:00	67.9	65.3	62.7	58.6	64.4	4	100
11/14/2015 11:05	67.5	65.6	63.5	60.6	64.8	4	100
11/14/2015 11:10	67.8	64.9	63.3	57.9	64.3	4	100
11/14/2015 11:15	68.8	66.2	66.9	58.6	66	4	100
11/14/2015 11:20	67.6	64.2	62.9	56.9	63.6	4	100
11/14/2015 11:25	68	63.9	63	57.9	63.8	4	100
11/14/2015 11:30	68.1	64.2	64.4	59.4	64.7	4	100
11/14/2015 11:35	67	64.1	64.2	60.1	64.3	4	100
11/14/2015 11:40	67.8	64.7	65.6	59.3	65	4	100
11/14/2015 11:45	67	64.2	65.5	59.3	64.8	4	100
11/14/2015 11:50	67.7	64.3	64.5	59.6	64.7	4	100
11/14/2015 11:55	67.6	63.6	63.7	58.9	63.9	4	100
11/14/2015 12:00	66.2	62.6	63.5	58.8	63.3	4	100
11/14/2015 12:05	65.3	62.3	63.6	59.1	63	4	100
11/14/2015 12:10	64.1	61.9	63.1	58.3	62.3	4	100
11/14/2015 12:15	65.2	62.6	60.3	57.7	62	4	100
11/14/2015 12:20	65.2	62.8	62.2	59.8	62.9	4	100
11/14/2015 12:25	65.4	62.6	63	61.1	63.4	4	100
11/14/2015 12:30	64	61.6	61.3	58.3	61.6	4	100
11/14/2015 12:35	65	63.5	61.9	59.6	62.9	4	100
11/14/2015 12:40	64.8	63.5	62.4	59.4	62.9	4	100
11/14/2015 12:45	65.9	64.1	62.9	60.5	63.6	4	100
11/14/2015 12:50	65.2	63.2	64.2	60.5	63.5	4	100
11/14/2015 12:55	65.2	62.4	62.6	58.8	62.7	4	100
11/14/2015 13:00	65.1	63.4	63	59.4	63.2	4	100
11/14/2015 13:05	64.8	62.8	63.5	60.5	63.2	4	100
11/14/2015 13:10	63	60.8	62	58.9	61.4	4	100
11/14/2015 13:15	63.3	60.8	60.3	57.6	60.8	4	100
11/14/2015 13:20	64.3	62	59.5	58.1	61.4	4	100
11/14/2015 13:25	64.6	61.3	60.1	58	61.4	4	100
11/14/2015 13:30	65	62.8	61.7	57.9	62.3	4	100
11/14/2015 13:35	64.7	62.2	57.8	55.9	60.8	4	100
11/14/2015 13:40	63.6	61.3	60.1	57.1	60.9	4	100
11/14/2015 13:45	64.5	61.6	58.4	57	60.9	4	100
11/14/2015 13:50	63.7	60.8	55.5	56.6	59.7	4	100
11/14/2015 13:55	63.8	62.2	59.6	58.3	61.4	4	100
11/14/2015 14:00	63.7	62.6	61.2	57.3	61.6	4	100
11/14/2015 14:05	63.8	62.7	62.9	57.9	62.3	4	100
11/14/2015 14:10	62.8	61.3	60.5	55.7	60.6	4	100
11/14/2015 14:15	64.3	61.6	62.5	59.3	62.2	4	100
11/14/2015 14:20	64.3	61.4	60.8	56.8	61.4	4	100
11/14/2015 14:25	64.4	61.8	62.4	56.4	61.8	4	100
11/14/2015 14:30	65.3	62.5	61.6	57.9	62.2	4	100
11/14/2015 14:35	61.1	59.1	57.2	53.7	58.3	4	100
11/14/2015 14:40	60	57.5	58.6	54.9	58.1	4	100
11/14/2015 14:45	59.1	57.2	58.7	55.5	57.8	4	100
11/14/2015 14:50	59.1	57.7	60.2	55.4	58.3	4	100
11/14/2015 14:55	61	59.4	61.8	58	60.3	4	100
11/14/2015 15:00	63.3	60.8	61.2	57.9	61.1	4	100
11/14/2015 15:05	62.4	60.3	62.7	58.6	61.2	4	100
11/14/2015 15:10	63.2	61.2	63.6	56.9	61.6	4	100
11/14/2015 15:15	64.3	62	63.9	58.2	62.5	4	100
11/14/2015 15:20	64.9	62.5	62	58.9	62.4	4	100
11/14/2015 15:25	63.8	62.5	62.2	59.1	62.2	4	100
11/14/2015 15:30	62.4	60.5	62.2	58.9	61.1	4	100
11/14/2015 15:35	62.9	60.8	64.6	56.9	61.7	4	100
11/14/2015 15:40	64.4	61.6	66	55.6	62.4	4	100
11/14/2015 15:45	62.3	60.8	64.1	56.8	61.3	4	100
11/14/2015 15:50	64	62.9	65.5	58.7	63.2	4	100
11/14/2015 15:55	65.5	64.4	65.9	60.5	64.3	4	100
11/14/2015 16:00	66.9	64.6	67	61.2	65.2	4	100
11/14/2015 16:05	66.6	64.4	67.2	61.3	65	4	100
11/14/2015 16:10	65.9	64.1	66.5	60.5	64.6	4	100
11/14/2015 16:15	65.9	63.7	67	60.5	64.7	4	100
11/14/2015 16:20	64	61.2	63.6	58	61.9	4	100
11/14/2015 16:25	62.4	59.1	62.2	55.4	60.2	4	100
11/14/2015 16:30	62.2	59	62.5	56.6	60.4	4	100
11/14/2015 16:35	62.5	60.3	62.6	57.9	61	4	100
11/14/2015 16:40	63	60.5	62.7	58.6	61.4	4	100
11/14/2015 16:45	63.1	60.6	62.9	58.1	61.5	4	100
11/14/2015 16:50	63.9	61.4	64.1	58.8	62.3	4	100
11/14/2015 16:55	64.3	61.3	64	58.5	62.4	4	100
11/14/2015 17:00	63.1	61.6	63.9	57.4	61.8	4	100
11/14/2015 17:05	63.3	60.6	63.6	57.3	61.5	4	100
11/14/2015 17:10	62.3	60.2	62.7	56	60.7	4	100
11/14/2015 17:15	61.6	60.2	63.9	56	60.8	4	100
11/14/2015 17:20	47.4	50.7	54.4	49.5	50.5	4	100
11/14/2015 17:25	51	51.1	53.8	51.6	51.8	4	100
11/14/2015 17:30	52.2	50.9	54.6	50.1	52	4	100
11/14/2015 17:35	53.7	51.1	55.1	50.5	52.8	4	100
11/14/2015 17:40	55.2	52.7	54.1	52	53.7	4	100
11/14/2015 17:45	56.2	53.9	55.5	51.8	54.6	4	100
11/14/2015 17:50	56.3	53.6	57.1	53.4	55.2	4	100
11/14/2015 17:55	55.8	54	56.6	54.5	55.3	4	100
11/14/2015 18:00	58.3	57	59.8	55.8	57.9	4	100
11/14/2015 18:05	58	56.9	60.2	55.8	57.9	4	100
11/14/2015 18:10	58	57	59.8	56.5	57.9	4	100
11/14/2015 18:15	57.4	55.5	59	51.9	56.3	4	100
11/14/2015 18:20	58.6	55.3	57.7	50.6	56	4	100
11/14/2015 18:25	60.6	57.5	57.9	55.4	58.2	4	100
11/14/2015 18:30	62	59.9	61.3	59.4	60.8	4	100
11/14/2015 18:35	63	61.3	62.2	57.4	61.4	4	100
11/14/2015 18:40	64.1	62.1	63.5	58.1	62.3	4	100
11/14/2015 18:45	64	61.8	64.2	58.2	62.4	4	100
11/14/2015 18:50	63.1	60.1	61.3	54.9	60.5	4	100
11/14/2015 18:55	63.4	59.8	61.2	52.7	60	4	100
11/14/2015 19:00	63.2	59.8	63.9	57.4	61.6	4	100
11/14/2015 19:05	63.6	61	61.3	56.8	61.1	4	100
11/14/2015 19:10	64.8	60.6	61.3	58.2	61.7	4	100
11/14/2015 19:15	65.1	61.8	63.1	56.9	62.2	4	100
11/14/2015 19:20	64.8	61.5	63.7	58.4	62.6	4	100
11/14/2015 19:25	64.8	61.5	64.1	60.2	62.8	4	100
11/14/2015 19:30	65.2	62.4	66.3	59.1	63.6	4	100
11/14/2015 19:35	66.9	63.5	65.3	58.3	64.4	4	100
11/14/2015 19:40	66.5	64.1	64.8	61.5	64.6	4	100
11/14/2015 19:45	66.1	65.2	62.3	59.5	63.8	4	100
11/14/2015 19:50	66.8	64.4	64.1	62.8	64.8	4	100
11/14/2015 19:55	67.1	64.1	63.3	64.9	65	4	100
11/14/2015 20:00	68.6	64.3	65.7	62.4	65.7	4	100
11/14/2015 20:05	70	64.6	67.2	60.9	66.3	4	100
11/14/2015 20:10	71	64.9	67.8	60.7	67	4	100
11/14/2015 20:15	70.5	65.3	68.7	61.9	67.1	4	100
11/14/2015 20:20	70.8	66.7	70.1	59.1	67.7	4	100
11/14/2015 20:25	71.3	66.4	68	60.3	67.7	4	100
11/14/2015 20:30	70.4	67.2	68.5	62.4	67.6	4	100
11/14/2015 20:35	70	67	66.9	63.1	67.3	4	100
11/14/2015 20:40	69.3	67.3	65.5	65.9	67.2	4	100
11/14/2015 20:45	69.9	66.6	64.3	62.8	66.2	4	100
11/14/2015 20:50	69.9	65.5	62.5	61.1	65.5	4	100
11/14/2015 20:55	70.8	66.9	64.8	62.5	66.6	4	100
11/14/2015 21:00	70.2	67.7	69	63.2	68	4	100
11/14/2015 21:05	71.1	67.9	66.9	61	67.7	4	100
11/14/2015 21:10	72.3	68.4	66.9	59.8	67.7	4	100
11/14/2015 21:15	73.4	69.9	68.4	59.2	69.1	4	100
11/14/2015 21:20	74.3	69.7	70	62.3	69.9	4	100
11/14/2015 21:25	74.8	70.8	68.7	64.5	70.5	4	100
11/14/2015 21:30	73.8	71.5	68	64.4	70.2	4	100
11/14/2015 21:35	73.2	69.6	69.1	62.1	69.4	4	100
11/14/2015 21:40	73.1	69	66.6	59.5	68	4	100
11/14/2015 21:45	73.8	69.2	66.7	61.7	68.6	4	100
11/14/2015 21:50	73.8	70.7	67.8	57.7	69.2	4	100
11/14/2015 21:55	74.1	69.9	69.2	57.5	69.1	4	100
11/14/2015 22:00	74.5	70.4	67.2	60.3	69.3	4	100
11/14/2015 22:05	74.1	70	69.3	63.8	70	4	100
11/14/2015 22:10	74	69.7	68.8	63.7	69.9	4	100
11/14/2015 22:15	74.6	69.8	68.3	63.7	69.5	4	100
11/14/2015 22:20	74.2	70.3	70.2	63.7	70.2	4	100
11/14/2015 22:25	73.9	69.9	69.3	63.1	69.8	4	100
11/14/2015 22:30	74.8	70.9	67	63.7	70.1	4	100
11/14/2015 22:35	74.7	72.1	65.9	61.8	70	4	100
11/14/2015 22:40	74.2	70.9	67.6	63.3	69.7	4	100
11/14/2015 22:45	73	70.5	68.2	60.4	69.2	4	100
11/14/2015 22:50	73.5	71	68.9	62.7	69.7	4	100
11/14/2015 22:55	73.9	71.5	68	60.4	69.6	4	100
11/14/2015 23:00	73.8	71.4	71.1	60.1	70	4	100
11/14/2015 23:05	74.2	71.1	71.3	60.8	70.4	4	100
11/14/2015 23:10	75.1	70.9	66.8	58.9	69.1	4	100
11/14/2015 23:15	74.7	70.3	68.7	61.6	69.6	4	100
11/14/2015 23:20	74.5	70.6	66.9	60.1	68.7	4	100
11/14/2015 23:25	74.9	70.4	66.2	61.1	69.2	4	100
11/14/2015 23:30	75.9	71.5	72	63.1	71.5	4	100
11/14/2015 23:35	75.3	70.7	71	63.5	71.2	4	100
11/14/2015 23:40	74.6	71.5	71.9	64.4	71.5	4	100
11/14/2015 23:45	75.4	71.3	69.9	64.8	71.3	4	100
11/14/2015 23:50	75.1	73.6	72.9	63.6	72.5	4	100
11/14/2015 23:55	76.6	72.8	63.9	62.7	70	4	100
11/15/2015 00:00	72.8	71.6	77.4	62.8	72.4	4	100
11/15/2015 00:05	73.3	70.9	72.1	60.7	70.3	4	100
11/15/2015 00:10	73.7	69.6	68.7	58.3	68.3	4	100
11/15/2015 00:15	74.1	67.6	66.4	58.1	67.2	4	100
11/15/2015 00:20	74.4	68	67.4	62	68.6	4	100
11/15/2015 00:25	75	68.6	69.6	63.2	70.1	4	100
11/15/2015 00:30	74.1	70.3	69.6	62.7	70.1	4	100
11/15/2015 00:35	73.5	70.4	67.3	63.3	69.6	4	100
11/15/2015 00:40	73.5	69.7	63.7	63.5	68.3	4	100
11/15/2015 00:45	74.1	70.1	67.9	63.2	69.6	4	100
11/15/2015 00:50	74.5	70.5	65.5	62.5	69.2	4	100
11/15/2015 00:55	75.8	71.6	67.5	62.5	69.9	4	100
11/15/2015 01:00	75	70.6	68.1	62.8	70.3	4	100
11/15/2015 01:05	73.8	70.2	70.4	62.1	69.9	4	100
11/15/2015 01:10	73.8	70.4	68.9	62.3	69.9	4	100
11/15/2015 01:15	73.7	71.5	67.9	59.9	69.2	4	100
11/15/2015 01:20	73.5	70.1	65.9	61.8	68.7	4	100
11/15/2015 01:25	73.5	70.2	66.4	62.9	68.8	4	100
11/15/2015 01:30	74.2	71	68.5	62.9	69.3	4	100
11/15/2015 01:35	74.3	71	69.7	62.4	70	4	100
11/15/2015 01:40	74.5	71.2	70.7	63.2	70.5	4	100
11/15/2015 01:45	74.1	71	71.5	62.8	70.5	4	100
11/15/2015 01:50	74.3	70.4	69.7	62.3	69.6	4	100
11/15/2015 01:55	74.7	70.7	68.5	62.7	69.5	4	100
11/15/2015 02:00	74.3	71	69.9	62.6	69.9	4	100
11/15/2015 02:05	74.8	71	70.8	63	70.3	4	100
11/15/2015 02:10	75.1	71.3	68.4	63.5	70.3	4	100
11/15/2015 02:15	74.7	71	66.8	63.4	69.2	4	100
11/15/2015 02:20	75	70.8	66.5	63.6	69.8	4	100
11/15/2015 02:25	74.8	70.6	65.7	63.3	68.8	4	100
11/15/2015 02:30	74.8	70.5	67.2	63.1	69.8	4	100
11/15/2015 02:35	74.6	70.5	68.2	63.2	69.8	4	100
11/15/2015 02:40	74.5	70.8	66.9	62.5	68.3	4	100
11/15/2015 02:45	74.4	70.5	66.7	62.5	69.5	4	100
11/15/2015 02:50	74.6	70.7	68.1	62.3	69.5	4	100
11/15/2015 02:55	75.1	71.2	67.7	62.7	70.2	4	100
11/15/2015 03:00	75	71.1	68.5	61.8	69.6	4	100
11/15/2015 03:05	74.9	70.9	64.1	61.9	68.4	4	100
11/15/2015 03:10	74.8	70.8	66.1	62.5	69	4	100
11/15/2015 03:15	74.7	70.7	67	62.9	69.8	4	100
11/15/2015 03:20	74.6	71	65.9	62.4	68.7	4	100
11/15/2015 03:25	74.7	70.7	66.4	61.7	68.9	4	100
11/15/2015 03:30	74.8	70.8	66.9	62.3	68.8	4	100
11/15/2015 03:35	74.8	71	66.3	62.8	68	4	100
11/15/2015 03:40	74.9	71	67.2	63.1	69	4	100
11/15/2015 03:45	74.7	70.7	67.1	63.1	68.9	4	100
11/15/2015 03:50	74.7	70.7	67.9	62.1	68.6	4	100
11/15/2015 03:55	74.8	70.9	66	62.6	69.1	4	100
11/15/2015 04:00	74.8	71.1	64.6	63	68.2	4	100
11/15/2015 04:05	74.7	70.9	66.5	62.9	69.2	4	100
11/15/2015 04:10	74.8	70.9	67	62.6	69.1	4	100
11/15/2015 04:15	74.8	70.8	67.7	62.2	69.2	4	100
11/15/2015 04:20	74.7	70.9	65.6	62.4	68.4	4	100
11/15/2015 04:25	74.7	70.8	66.8	62.4	68.4	4	100
11/15/2015 04:30	74.6	70.7	65.7	63.1	68.1	4	100
11/15/2015 04:35	74.6	70.5	66	62.5	69.2	4	100
11/15/2015 04:40	74.8	70.7	65.7	62.3	68.6	4	100
11/15/2015 04:45	74.7	70.8	67.5	62.1	69.1	4	100
11/15/2015 04:50	74.6	70.8	66.9	60	68.1	4	100
11/15/2015 04:55	74.7	70.4	66.2	61.5	68.5	4	100
11/15/2015 05:00	74.6	70.5	68.2	61.4	69.1	4	100
11/15/2015 05:05	74.6	70.9	69.6	62.3	69.7	4	100
11/15/2015 05:10	74.6	71.3	69.6	62.8	70	4	100
11/15/2015 05:15	74.7	71.1	63.3	61.1	67.6	4	100
11/15/2015 05:20	74.6	71.1	63.4	60.4	67.5	4	100
11/15/2015 05:25	74.7	71.2	64.9	61.9	68.4	4	100
11/15/2015 05:30	74.3	71.4	64.8	62	68.9	4	100
11/15/2015 05:35	74.5	71.4	63.1	62.2	67.3	4	100
11/15/2015 05:40	74.8	70.9	65.9	62.5	68.9	4	100
11/15/2015 05:45	74.8	70.6	69.6	62.7	69.7	4	100
11/15/2015 05:50	74.5	70.9	70	62.2	69.9	4	100
11/15/2015 05:55	74.3	70.8	68.7	63	69.6	4	100
11/15/2015 06:00	74.4	70.9	67.9	62.4	68.9	4	100
11/15/2015 06:05	74.8	70.6	68	62.8	69.4	4	100
11/15/2015 06:10	74.6	70.6	67.7	62.7	69.5	4	100
11/15/2015 06:15	74.7	70.7	67.3	63.4	69.7	4	100
11/15/2015 06:20	74.2	70.7	69.6	63	70.4	4	100
11/15/2015 06:25	74.3	70.5	70.3	63.4	70	4	100
11/15/2015 06:30	74.6	71.3	65.4	61.9	69.5	4	100
11/15/2015 06:35	74	71.4	68	62.8	69.9	4	100
11/15/2015 06:40	75.1	70.7	62.3	62.4	68	4	100
11/15/2015 06:45	75.2	70.7	67.5	62.9	69.6	4	100
11/15/2015 06:50	74.9	71.6	71.9	63.7	71.4	4	100
11/15/2015 06:55	74.7	71.8	73.5	64.1	71.7	4	100
11/15/2015 07:00	74.9	70.9	73	64.6	71.4	4	100
11/15/2015 07:05	76.3	71.1	70.4	64.1	71	4	100
11/15/2015 07:10	74.6	70.9	71.2	63.2	70.5	4	100
11/15/2015 07:15	73.7	72.1	71.6	64.2	71.4	4	100
11/15/2015 07:20	72.7	71.5	69.6	65.7	70.2	4	100
11/15/2015 07:25	73.3	70.8	70	64.1	70.2	4	100
11/15/2015 07:30	73.2	70.2	66.7	64.2	69.3	4	100
11/15/2015 07:35	73.5	69.4	68.1	61.5	69.1	4	100
11/15/2015 07:40	73.4	70.1	66	60.1	68.6	4	100
11/15/2015 07:45	72.5	68.1	64.9	62	67.8	4	100
11/15/2015 07:50	72.6	68.5	63.6	62.9	67.2	4	100
11/15/2015 07:55	71.8	67.3	61.9	59.4	66.1	4	100
11/15/2015 08:00	72.3	68.7	61	63.5	66.7	4	100
11/15/2015 08:05	72.1	68.2	62.9	59.5	66.5	4	100
11/15/2015 08:10	71.6	68.2	64	60	66.8	4	100
11/15/2015 08:15	71.1	66.7	65.4	59.2	66.1	4	100
11/15/2015 08:20	72.3	67.8	62.8	60.2	66.7	4	100
11/15/2015 08:25	72.2	68.4	64.7	59.6	67.2	4	100
11/15/2015 08:30	71.4	68.3	62.9	59.2	66.2	4	100
11/15/2015 08:35	72.1	69.3	65.3	61.4	67.8	4	100
11/15/2015 08:40	71.4	68	62	63.8	67.1	4	100
11/15/2015 08:45	71.8	67.4	63.4	63.2	67.1	4	100
11/15/2015 08:50	71.5	68.9	64.5	63.2	67.6	4	100
11/15/2015 08:55	71.6	68.8	65.6	63.8	68.2	4	100
11/15/2015 09:00	72.9	69	67.6	66.4	69.4	4	100
11/15/2015 09:05	71.1	68.7	67.8	65.5	68.6	4	100
11/15/2015 09:10	71	68.4	63.7	62.1	67.2	4	100
11/15/2015 09:15	71.1	66.1	64.5	59.4	65.9	4	100
11/15/2015 09:20	72.5	67.8	67.4	61.6	68	4	100
11/15/2015 09:25	70.9	67.8	65	62.2	67	4	100
11/15/2015 09:30	72	67.8	66.8	61.7	67.8	4	100
11/15/2015 09:35	72.5	68.4	62.3	61.9	66.7	4	100
11/15/2015 09:40	72.3	68.5	65	62.4	67.7	4	100
11/15/2015 09:45	71.5	68.4	67.9	66.4	68.9	4	100
11/15/2015 09:50	71.1	68.2	69.7	65.8	69	4	100
11/15/2015 09:55	71.9	68.2	70.1	65.6	69.2	4	100
11/15/2015 10:00	71.7	68.4	69.2	66	69.1	4	100
11/15/2015 10:05	70.5	68.8	64.8	65.9	67.7	4	100
11/15/2015 10:10	70.2	68.1	65.8	64.5	67.5	4	100
11/15/2015 10:15	69.7	65.9	63.5	64.6	66.3	4	100
11/15/2015 10:20	69.4	65.8	66.6	61.6	66.4	4	100
11/15/2015 10:25	69	66.7	65.9	62.3	66.4	4	100
11/15/2015 10:30	69.5	67.2	63.4	62.3	66.3	4	100
11/15/2015 10:35	68.8	68.3	65.4	61.6	66.4	4	100
11/15/2015 10:40	68.8	67.1	66.5	60.8	66.5	4	100
11/15/2015 10:45	70	67.2	66.5	63.4	67.2	4	100
11/15/2015 10:50	69.8	67.1	66.9	64.3	67.4	4	100
11/15/2015 10:55	69.1	66.6	62.3	63.4	65.8	4	100
11/15/2015 11:00	69	67	64.9	59.9	65.9	4	100
11/15/2015 11:05	69.6	67.1	64.3	61.1	66	4	100
11/15/2015 11:10	69.8	65.8	64.1	60.8	65.7	4	100
11/15/2015 11:15	68.8	65.2	64.1	59.8	65.1	4	100
11/15/2015 11:20	69.4	65.1	63.9	59.7	65.1	4	100
11/15/2015 11:25	68.7	65.5	61.8	58.8	64.4	4	100
11/15/2015 11:30	69.6	66.4	62.6	58.7	64.8	4	100
11/15/2015 11:35	71.3	68.4	65.6	61.3	66.6	4	100
11/15/2015 11:40	70.7	68.3	65.2	62.2	67.2	4	100
11/15/2015 11:45	69.7	66.7	63.1	60.7	65.8	4	100
11/15/2015 11:50	67.5	64.4	61.5	59.9	63.9	4	100
11/15/2015 11:55	67.5	64.5	65.6	61.7	65.2	4	100
11/15/2015 12:00	66.8	65.6	65.5	60.8	65.1	4	100
11/15/2015 12:05	67.1	66	64.2	59.2	64.7	4	100
11/15/2015 12:10	65.7	64.6	62.8	58.2	63.4	4	100
11/15/2015 12:15	67.4	64.8	62.6	58.8	64	4	100
11/15/2015 12:20	68	65.4	63	58	64.3	4	100
11/15/2015 12:25	69	64.6	63.8	58.3	64.6	4	100
11/15/2015 12:30	69.2	65.1	64.6	60	65.2	4	100
11/15/2015 12:35	69.7	65.8	66.2	60.2	66.1	4	100
11/15/2015 12:40	68.3	64.8	62.1	60.6	64.3	4	100
11/15/2015 12:45	68.2	64.7	61.9	60.3	64.2	4	100
11/15/2015 12:50	68.9	64.2	62.4	58.1	64	4	100
11/15/2015 12:55	69.1	65	63.9	58.4	65.1	4	100
11/15/2015 13:00	69.4	64.8	63.5	59.3	65.1	4	100
11/15/2015 13:05	69.3	65.2	65.8	59.3	65.6	4	100
11/15/2015 13:10	69.4	66.3	68	57	66.2	4	100
11/15/2015 13:15	69	66.2	65.2	58.6	65.4	4	100
11/15/2015 13:20	69.8	66.2	66.1	58.5	66	4	100
11/15/2015 13:25	69	66.4	65.2	57.5	65.5	4	100
11/15/2015 13:30	68.8	66.4	65.9	60	65.9	4	100
11/15/2015 13:35	67	64.9	65.4	59.5	64.7	4	100
11/15/2015 13:40	67.5	65	63.9	59.2	64.5	4	100
11/15/2015 13:45	66.4	63.9	63.3	59.3	63.7	4	100
11/15/2015 13:50	66.4	63.7	63.5	58.1	63.6	4	100
11/15/2015 13:55	66	63.8	63	59	63.5	4	100
11/15/2015 14:00	66.5	64	61.3	60.6	63.6	4	100
11/15/2015 14:05	65.9	64.7	62	60.6	63.7	4	100
11/15/2015 14:10	66.8	65.4	64.4	59.8	64.7	4	100
11/15/2015 14:15	67.1	64.2	63.3	60.9	64.3	4	100
11/15/2015 14:20	65.8	64	62.8	59.5	63.5	4	100
11/15/2015 14:25	66.9	65.5	62.5	58.8	63.9	4	100
11/15/2015 14:30	66.1	65.6	65.4	58.8	64.6	4	100
11/15/2015 14:35	67.1	64.9	65.8	59.8	64.8	4	100
11/15/2015 14:40	67.2	64	63.7	60.5	64.5	4	100
11/15/2015 14:45	66.2	64.6	64.1	58.9	64	4	100
11/15/2015 14:50	65.8	64.7	62.7	60.6	63.8	4	100
11/15/2015 14:55	66.1	65.2	63.4	59.6	64.1	4	100
11/15/2015 15:00	66.5	64.3	65.2	58.6	64.3	4	100
11/15/2015 15:05	66.2	64.5	63.3	60.3	64	4	100
11/15/2015 15:10	65.6	64.2	63.6	61.5	64.1	4	100
11/15/2015 15:15	66.4	63.9	64.6	60.8	64.3	4	100
11/15/2015 15:20	66	63	64.4	59.6	63.7	4	100
11/15/2015 15:25	66.2	63.6	63.4	59.9	63.8	4	100
11/15/2015 15:30	65.6	63.7	64.2	59.1	63.6	4	100
11/15/2015 15:35	65	63.6	63.9	56.7	62.8	4	100
11/15/2015 15:40	66.4	64.8	65.6	59.4	64.6	4	100
11/15/2015 15:45	67.3	64.9	64.9	59.7	64.8	4	100
11/15/2015 15:50	67.5	64.6	64.4	60	64.7	4	100
11/15/2015 15:55	67.1	64.8	65.1	60.8	65	4	100
11/15/2015 16:00	65.9	64.5	66.3	60.8	64.9	4	100
11/15/2015 16:05	66.1	64	65.4	60.7	64.5	4	100
11/15/2015 16:10	65.1	64	64.6	59.6	63.7	4	100
11/15/2015 16:15	65.9	62.1	62	59.6	62.8	4	100
11/15/2015 16:20	64.6	61.4	62.7	58.8	62.3	4	100
11/15/2015 16:25	65.4	62.6	62.1	57.8	62.6	4	100
11/15/2015 16:30	64.6	62.3	61.6	58.1	62.2	4	100
11/15/2015 16:35	65.3	63.3	64.6	59.1	63.5	4	100
11/15/2015 16:40	66.2	64.4	65	61.8	64.7	4	100
11/15/2015 16:45	66.1	65.2	65.4	62.1	65	4	100
11/15/2015 16:50	66.9	65.5	67.4	60.7	65.7	4	100
11/15/2015 16:55	66.7	64.8	64.1	59.3	64.4	4	100
11/15/2015 17:00	67.6	65	64.1	61.2	64.9	4	100
11/15/2015 17:05	65.1	63.9	61.4	60.9	63.2	4	100
11/15/2015 17:10	65.1	62.7	62.5	59.6	62.9	4	100
11/15/2015 17:15	64.6	63	63.7	60.4	63.2	4	100
11/15/2015 17:20	64.2	62.1	61.9	58.4	62.1	4	100
11/15/2015 17:25	63.9	62.8	60.4	58.1	61.7	4	100
11/15/2015 17:30	63.1	62.3	61.7	56.7	61.6	4	100
11/15/2015 17:35	62.5	61.4	59.8	56.1	60.5	4	100
11/15/2015 17:40	63.2	61.6	62.9	58.5	62	4	100
11/15/2015 17:45	64.1	62.4	62.1	59.4	62.3	4	100
11/15/2015 17:50	64.8	63.3	62.5	57.3	62.6	4	100
11/15/2015 17:55	63.9	63.2	62.3	57.8	62.2	4	100
11/15/2015 18:00	64.9	62.4	63.6	58.2	62.8	4	100
11/15/2015 18:05	64.9	61.9	59.3	59	61.8	4	100
11/15/2015 18:10	65.6	62.1	59.4	59.7	62.1	4	100
11/15/2015 18:15	65.1	63	62.4	58.6	62.7	4	100
11/15/2015 18:20	64.7	63.1	63.1	58.9	62.9	4	100
11/15/2015 18:25	65.2	62.9	63.5	60.4	63.4	4	100
11/15/2015 18:30	66.8	63.4	60	60.1	63	4	100
11/15/2015 18:35	66.1	65	60.5	59	63	4	100
11/15/2015 18:40	66.1	64	62.7	60.2	63.8	4	100
11/15/2015 18:45	66.7	64.4	61.4	58.8	63.5	4	100
11/15/2015 18:50	67	64.7	60.4	58.2	63.6	4	100
11/15/2015 18:55	66.8	64.2	62.6	59.9	63.8	4	100
11/15/2015 19:00	67.9	64.4	60	58.9	63.3	4	100
11/15/2015 19:05	66.4	64	61	60.8	63.7	4	100
11/15/2015 19:10	66.9	63.2	59	60.2	63	4	100
11/15/2015 19:15	68.2	64.3	60.5	61.2	64	4	100
11/15/2015 19:20	68.1	65.6	64.3	59.5	65.1	4	100
11/15/2015 19:25	69	66.7	65.5	59.6	65.8	4	100
11/15/2015 19:30	69.6	66.5	68.5	57	66.4	4	100
11/15/2015 19:35	69.7	67.1	69.5	58.5	67.3	4	100
11/15/2015 19:40	69.9	66.4	64.2	60.4	65.8	4	100
11/15/2015 19:45	69.4	66.5	64.6	60.9	66.1	4	100
11/15/2015 19:50	70.3	67.9	66.7	62.6	67.6	4	100
11/15/2015 19:55	71.4	68.1	66.6	63.3	68.2	4	100
11/15/2015 20:00	69.7	67	67.1	64	67.4	4	100
11/15/2015 20:05	69.7	66.5	67.2	63.7	67.2	4	100
11/15/2015 20:10	69	66	65.8	60.5	66.1	4	100
11/15/2015 20:15	69.4	66.4	62	63	66	4	100
11/15/2015 20:20	69.6	67.5	62.4	64.8	66.5	4	100
11/15/2015 20:25	69.2	67	64.7	63.7	66.8	4	100
11/15/2015 20:30	68.8	66.7	65.3	66.3	67	4	100
11/15/2015 20:35	68.8	67.5	64.7	64.9	66.8	4	100
11/15/2015 20:40	69.4	67.4	64.7	64.1	66.9	4	100
11/15/2015 20:45	68.9	67.2	61.5	64.4	65.9	4	100
11/15/2015 20:50	68.9	68.2	64.3	63.3	66.9	4	100
11/15/2015 20:55	70	67.8	65.3	65.5	67.5	4	100
11/15/2015 21:00	73.3	69.8	64	65.2	68.8	4	100
11/15/2015 21:05	74.3	70.6	66.3	61.6	69.4	4	100
11/15/2015 21:10	74	71.1	68	62.2	70	4	100
11/15/2015 21:15	73.9	70.9	67.8	61.8	70.1	4	100
11/15/2015 21:20	75	70.8	70.1	63	70.6	4	100
11/15/2015 21:25	74.9	71.4	69.9	63.5	71	4	100
11/15/2015 21:30	74.6	71.7	70.3	63.3	71	4	100
11/15/2015 21:35	75.7	71.8	68.8	60.1	70.8	4	100
11/15/2015 21:40	76.1	71.7	67.1	64.1	70.5	4	100
11/15/2015 21:45	74.3	71	67.9	62.9	70.3	4	100
11/15/2015 21:50	74.4	71.1	67.9	64.6	70.5	4	100
11/15/2015 21:55	76.2	71.8	68.3	62.6	71.2	4	100
11/15/2015 22:00	74.7	71.2	67.3	62.9	70.1	4	100
11/15/2015 22:05	73.7	71.3	65.9	63.3	70	4	100
11/15/2015 22:10	73.2	70.5	68.1	63.8	69.8	4	100
11/15/2015 22:15	74	69.9	66.3	62	69	4	100
11/15/2015 22:20	74.6	71.4	66.6	62	69.4	4	100
11/15/2015 22:25	73	71.1	66.1	60.6	69.1	4	100
11/15/2015 22:30	73.2	70.4	66.1	62.7	69	4	100
11/15/2015 22:35	73.7	70.6	66.1	63.1	69.4	4	100
11/15/2015 22:40	73.7	70.5	66.4	62.7	69.1	4	100
11/15/2015 22:45	74.2	71.1	64.9	65.2	69.8	4	100
11/15/2015 22:50	74.2	70.2	65.6	63.6	69.3	4	100
11/15/2015 22:55	73	69.8	67.2	63.6	69.5	4	100
11/15/2015 23:00	74.3	69.5	69.1	57.8	69.2	4	100
11/15/2015 23:05	74	70.5	69.6	59.4	69.6	4	100
11/15/2015 23:10	74.7	70.8	67.1	61.3	69.4	4	100
11/15/2015 23:15	75.8	71.2	69.1	57.5	70.2	4	100
11/15/2015 23:20	75.7	72.1	70.4	60.3	70.9	4	100
11/15/2015 23:25	76.7	72.9	73.5	61	72.1	4	100
11/15/2015 23:30	75.6	73.1	71.1	61.5	71.6	4	100
11/15/2015 23:35	76.3	72.9	69.4	62.8	71.5	4	100
11/15/2015 23:40	75.9	71.8	60.5	59.7	68.9	4	100
11/15/2015 23:45	75.6	71.7	64.7	59.6	69.6	4	100
11/15/2015 23:50	76.1	72.7	67	61.1	70.8	4	100
11/15/2015 23:55	76.7	73.7	64.5	61.8	70.6	4	100
