5 Minutes	Lane 1 Speed (mph)	Lane 2 Speed (mph)	Lane 3 Speed (mph)	Lane 4 Speed (mph)	Speed (mph)	# Lane Points	% Observed
11/02/2015 00:00	74.8	71	67.4	62.8	69	4	100
11/02/2015 00:05	74.9	70.4	67.5	64.4	69	4	100
11/02/2015 00:10	74.8	70.3	62.7	64.3	67.2	4	100
11/02/2015 00:15	74.2	70.1	65.4	64.4	68.6	4	100
11/02/2015 00:20	74.4	70.4	66.1	64.3	68.4	4	100
11/02/2015 00:25	74.3	70.5	66.4	62	67.6	4	100
11/02/2015 00:30	74.5	71.2	67.9	62.3	68.8	4	100
11/02/2015 00:35	74.6	71.2	66.6	63.7	68.8	4	100
11/02/2015 00:40	74.3	71.4	66.7	61.7	68.2	4	100
11/02/2015 00:45	74.7	71	68.2	62.9	68.8	4	100
11/02/2015 00:50	74.7	71.2	68.1	63.7	68.7	4	100
11/02/2015 00:55	74.9	71.3	67.3	61.6	68.3	4	100
11/02/2015 01:00	75	70.4	65.2	61.3	67.1	4	100
11/02/2015 01:05	74.7	70.7	66.6	62	68.3	4	100
11/02/2015 01:10	74.7	70.8	66.7	62.7	67.7	4	100
11/02/2015 01:15	74.7	71.1	68.2	61.7	68.3	4	100
11/02/2015 01:20	74.7	70.7	61.5	60.5	66.5	4	100
11/02/2015 01:25	74.8	71.1	64.9	62.7	67.5	4	100
11/02/2015 01:30	74.7	71.1	65.9	62.8	66.7	4	100
11/02/2015 01:35	74.7	71.2	67.1	63.1	68.8	4	100
11/02/2015 01:40	74.9	71	65	62.9	67.6	4	100
11/02/2015 01:45	74.8	70.9	65.5	61.7	68.4	4	100
11/02/2015 01:50	74.8	70.9	67	62.5	68.4	4	100
11/02/2015 01:55	74.7	70.7	63.5	63.1	67	4	100
11/02/2015 02:00	74.7	70.8	66	62.1	67	4	100
11/02/2015 02:05	74.8	70.8	67.1	62.4	67	4	100
11/02/2015 02:10	74.8	70.6	64.9	60.9	66.6	4	100
11/02/2015 02:15	74.7	70.7	65.9	62	67	4	100
11/02/2015 02:20	74.7	70.7	66.7	62.1	68	4	100
11/02/2015 02:25	74.9	70.7	67.3	61.3	69.1	4	100
11/02/2015 02:30	75	70.8	67.4	62	68.2	4	100
11/02/2015 02:35	75	70.9	67.6	62.6	67.3	4	100
11/02/2015 02:40	75	70.8	67	62.6	67.4	4	100
11/02/2015 02:45	74.9	71	67.5	60.6	67.2	4	100
11/02/2015 02:50	74.7	71.1	67.8	61.5	68.6	4	100
11/02/2015 02:55	74.8	71.1	66.9	62.1	67.3	4	100
11/02/2015 03:00	74.8	71	67.4	62.5	67.9	4	100
11/02/2015 03:05	74.6	70.9	66.1	63.3	67.3	4	100
11/02/2015 03:10	74.6	70.9	67.2	62.1	68.4	4	100
11/02/2015 03:15	74.6	71	67.6	62.5	67.9	4	100
11/02/2015 03:20	74.6	71	65.5	62.4	67.3	4	100
11/02/2015 03:25	74.7	70.9	66.4	61.5	67.7	4	100
11/02/2015 03:30	74.8	71	66.5	62.3	68.1	4	100
11/02/2015 03:35	74.8	71	65	62.7	67.6	4	100
11/02/2015 03:40	74.7	71.1	65.7	64	67.3	4	100
11/02/2015 03:45	74.6	70.9	66.6	62.9	68	4	100
11/02/2015 03:50	74.7	70.8	66.5	62.8	67.8	4	100
11/02/2015 03:55	74.8	71	67.9	63.5	68.8	4	100
11/02/2015 04:00	74.6	71.2	43.4	62.8	61.4	4	100
11/02/2015 04:05	74.7	71	25.5	63.2	53.7	4	100
11/02/2015 04:10	74.7	70.8	40.5	62.7	60.8	4	100
11/02/2015 04:15	74.7	71	50	62.4	63.3	4	100
11/02/2015 04:20	74.9	71.9	56.1	62.6	65.9	4	100
11/02/2015 04:25	74.9	71.6	62.9	61.4	67.3	4	100
11/02/2015 04:30	74.6	71.5	64.9	62.9	68.3	4	100
11/02/2015 04:35	74.5	70.9	66.1	59.9	67.7	4	100
11/02/2015 04:40	74.3	70.9	67.7	63.9	69.4	4	100
11/02/2015 04:45	73.7	70.6	60	60.7	66.2	4	100
11/02/2015 04:50	74.8	70.4	64.6	59.8	67.8	4	100
11/02/2015 04:55	74.5	69.7	68	56.8	68.1	4	100
11/02/2015 05:00	74.6	69.7	67.7	56.2	67.2	4	100
11/02/2015 05:05	74.4	70.1	69.3	59.8	68.5	4	100
11/02/2015 05:10	74.7	71	70	64.2	70.4	4	100
11/02/2015 05:15	74.5	72.4	68.9	59.8	69.2	4	100
11/02/2015 05:20	76	72.7	74	63.3	72.1	4	100
11/02/2015 05:25	74.5	71.8	68.3	65.3	70.5	4	100
11/02/2015 05:30	73.3	71.3	71	63.4	69.9	4	100
11/02/2015 05:35	74.6	71.8	69.7	64.5	70.6	4	100
11/02/2015 05:40	73.7	69.9	69.3	63.6	69.5	4	100
11/02/2015 05:45	74.3	70.3	67.1	62.1	68.6	4	100
11/02/2015 05:50	72.5	71.8	68	65.4	69.8	4	100
11/02/2015 05:55	74.2	70.3	64.5	62.4	68.5	4	100
11/02/2015 06:00	74.8	71.9	66	64.1	69.5	4	100
11/02/2015 06:05	73.7	72.8	65.9	62.2	69.1	4	100
11/02/2015 06:10	75.1	73	67.6	60.4	69.5	4	100
11/02/2015 06:15	74.8	72.6	70.5	64.2	70.9	4	100
11/02/2015 06:20	74.7	72.5	68.4	64.1	70.6	4	100
11/02/2015 06:25	75.6	73	67.5	66.3	71.1	4	100
11/02/2015 06:30	73.7	72.9	66.7	67.8	70.5	4	100
11/02/2015 06:35	74.7	72.8	69.1	65.5	70.8	4	100
11/02/2015 06:40	75.2	72	66.4	63.5	69.5	4	100
11/02/2015 06:45	75.5	72.7	66.9	63.4	70	4	100
11/02/2015 06:50	75.4	73.6	70.1	65.4	71.3	4	100
11/02/2015 06:55	75.1	73.8	70	65.4	71.2	4	100
11/02/2015 07:00	75.6	72.7	71.8	65.2	71.9	4	100
11/02/2015 07:05	75.2	70.2	71	61.2	69.8	4	100
11/02/2015 07:10	74.3	71	69.7	59.8	69.2	4	100
11/02/2015 07:15	73.2	69.4	67.6	59.8	68.1	4	100
11/02/2015 07:20	75.2	69.6	60.4	62.1	67.5	4	100
11/02/2015 07:25	73.4	67.7	62.3	60.8	66.5	4	100
11/02/2015 07:30	71.6	67.5	65.7	58.9	66.3	4	100
11/02/2015 07:35	56.5	66.1	64.8	49.2	59.1	4	100
11/02/2015 07:40	57.7	61.2	61	51.2	57.8	4	100
11/02/2015 07:45	48.8	53.9	56.7	49.6	52.2	4	100
11/02/2015 07:50	41.1	44.8	49.4	44.6	44.8	4	100
11/02/2015 07:55	56	52.3	54	48	52.8	4	100
11/02/2015 08:00	44.3	41.8	47.3	39.3	43.3	4	100
11/02/2015 08:05	36.8	37.7	40.7	40.2	38.7	4	100
11/02/2015 08:10	32.9	35	38.1	37.1	35.8	4	100
11/02/2015 08:15	34.3	34.5	43.4	38.7	37.4	4	100
11/02/2015 08:20	35.9	34.4	45.2	39.6	38.7	4	100
11/02/2015 08:25	49.6	47.2	51.5	49.1	49.3	4	100
11/02/2015 08:30	40.7	40.5	44.5	33.2	40.1	4	100
11/02/2015 08:35	25.1	25.7	29.2	48.8	31.3	4	75
11/02/2015 08:40	35.4	34.9	35.6	41.8	36.8	4	100
11/02/2015 08:45	43.8	42.5	41	41.6	42.3	4	100
11/02/2015 08:50	57.1	53.5	55.5	48.6	53.9	4	100
11/02/2015 08:55	64.8	60.6	61.8	50.8	60.1	4	100
11/02/2015 09:00	69.5	65.1	63.7	52.6	63.6	4	100
11/02/2015 09:05	70.3	65.7	63.8	54.2	63.7	4	100
11/02/2015 09:10	70.6	66.8	62.7	55.4	64.2	4	100
11/02/2015 09:15	72.6	66.8	63.7	59.3	65.8	4	100
11/02/2015 09:20	73.5	67.2	63.6	58.3	66	4	100
11/02/2015 09:25	73.9	69	65	59.4	67.1	4	100
11/02/2015 09:30	72.6	68.7	62.9	57.8	66	4	100
11/02/2015 09:35	71.8	68.4	62.3	58.4	65.5	4	100
11/02/2015 09:40	71.9	67.7	61.1	58.1	65.2	4	100
11/02/2015 09:45	72	67.9	63	54.7	64.3	4	100
11/02/2015 09:50	70.9	67.5	62.3	55.9	63.9	4	100
11/02/2015 09:55	72.3	68.7	63.8	55	65	4	100
11/02/2015 10:00	70.3	67.9	61.4	54.6	63.7	4	100
11/02/2015 10:05	71.6	67	61.3	55.5	64.1	4	100
11/02/2015 10:10	72.9	67.3	59.2	55.4	64.4	4	100
11/02/2015 10:15	72.5	67.5	58.5	56.8	63.8	4	100
11/02/2015 10:20	72.2	66.2	61.5	54.5	64.2	4	100
11/02/2015 10:25	71.3	67.6	57.3	56.5	63.7	4	100
11/02/2015 10:30	71.9	67	57.6	54.1	62.8	4	100
11/02/2015 10:35	72.5	66.5	57	53.5	63.2	4	100
11/02/2015 10:40	63.3	67.5	57.1	53.3	60.9	4	100
11/02/2015 10:45	66.8	67	57.2	55.8	61.9	4	100
11/02/2015 10:50	69.4	65.9	59.3	55.6	63.2	4	100
11/02/2015 10:55	70.1	65.9	57.9	54.7	62.6	4	100
11/02/2015 11:00	60.7	65.4	57.8	54.3	59.6	4	100
11/02/2015 11:05	45.8	64.8	56.9	54.7	55.5	4	100
11/02/2015 11:10	38.5	65.4	57.9	55.3	54.1	4	100
11/02/2015 11:15	39.8	65.8	56.3	56.3	54.3	4	100
11/02/2015 11:20	29.1	66.1	56.1	55.6	51.9	4	100
11/02/2015 11:25	36.5	66.1	56.3	56.7	53.6	4	100
11/02/2015 11:30	38	66	56.7	55.6	53.9	4	100
11/02/2015 11:35	27.3	64.2	57.4	53.1	50.9	4	100
11/02/2015 11:40	42.6	64.6	57.8	52.2	54	4	100
11/02/2015 11:45	48.5	63.8	45.9	53.2	53.1	4	100
11/02/2015 11:50	60.2	63.4	51	52.6	57.1	4	100
11/02/2015 11:55	64.5	63.5	52.8	54.9	59.5	4	100
11/02/2015 12:00	68.1	64.6	56.7	54.6	61.3	4	100
11/02/2015 12:05	70.6	65.2	53.8	53.5	61.8	4	100
11/02/2015 12:10	48.4	66.3	57.2	55.8	56.8	4	100
11/02/2015 12:15	29.4	67	56.7	54.4	53.4	4	100
11/02/2015 12:20	34.9	66.9	59.2	56.9	54	4	100
11/02/2015 12:25	38.9	66.5	61.6	56.9	55.8	4	100
11/02/2015 12:30	30.4	66.8	59.6	56.5	53.7	4	100
11/02/2015 12:35	50.2	66	56.8	56.7	57.4	4	100
11/02/2015 12:40	52.2	66	58.3	54.9	58	4	100
11/02/2015 12:45	42.9	64.9	58.1	55.2	55.4	4	100
11/02/2015 12:50	32.3	66.4	61.9	56.6	54.8	4	100
11/02/2015 12:55	34.5	66.2	59	56.9	53.6	4	100
11/02/2015 13:00	44.7	65.8	60.8	53	56.4	4	100
11/02/2015 13:05	45.5	66.9	62.7	53.2	57.4	4	100
11/02/2015 13:10	58.8	65.6	61.3	55.4	60.3	4	100
11/02/2015 13:15	55.4	65	61.4	55.2	59.2	4	100
11/02/2015 13:20	61.2	64	54.9	52	58.3	4	100
11/02/2015 13:25	65.9	63.4	57.1	51.8	60.2	4	100
11/02/2015 13:30	67.2	64.1	47.6	55.3	59	4	100
11/02/2015 13:35	67.4	63.5	52.3	57.7	60.6	4	100
11/02/2015 13:40	69.6	63.8	55.2	55.1	61.4	4	100
11/02/2015 13:45	63.2	63.3	54.8	53.8	59.2	4	100
11/02/2015 13:50	61.6	64.1	55.1	56.4	59.7	4	100
11/02/2015 13:55	62.7	63.8	56	56.3	60.1	4	100
11/02/2015 14:00	61.4	62.2	56.4	55.2	59.1	4	100
11/02/2015 14:05	61.2	60.4	54.3	54.4	57.9	4	100
11/02/2015 14:10	54.7	54.8	51	47	52.2	4	100
11/02/2015 14:15	37.8	38.9	40.1	35.8	38.2	4	100
11/02/2015 14:20	34.7	34.1	36.7	35.7	35.3	4	100
11/02/2015 14:25	28.7	27.8	31.1	29.2	29.2	4	100
11/02/2015 14:30	21.7	24.2	25.3	22.9	23.6	4	100
11/02/2015 14:35	18.7	20.8	21.5	20	20.2	4	100
11/02/2015 14:40	16.8	20.3	21.5	20.4	19.7	4	100
11/02/2015 14:45	16.7	21	25.8	20.5	21.1	4	100
11/02/2015 14:50	20	21.9	26	20.6	22.2	4	100
11/02/2015 14:55	17.6	18	22.8	19.5	19.6	4	100
11/02/2015 15:00	18.6	17.5	20.2	17.5	18.5	4	100
11/02/2015 15:05	17.1	16.5	18.1	18.2	17.5	4	100
11/02/2015 15:10	18.7	14.5	15.3	15.1	16.2	4	100
11/02/2015 15:15	23.5	15.8	16.9	15.7	18.7	4	100
11/02/2015 15:20	22.9	16.5	17.7	16.1	18.6	4	100
11/02/2015 15:25	21.4	15.6	20.4	20.5	19.7	4	100
11/02/2015 15:30	21.5	14.1	20.9	17.4	18.9	4	100
11/02/2015 15:35	19.1	15.4	19.8	16.9	17.9	4	100
11/02/2015 15:40	20.3	16.4	19.7	18	18.7	4	100
11/02/2015 15:45	21.2	18.4	22.3	19.6	20.5	4	100
11/02/2015 15:50	24.7	20.6	23	21.2	22.5	4	100
11/02/2015 15:55	23.1	21.3	25.3	21.6	22.9	4	100
11/02/2015 16:00	22.1	19.3	24.2	21	21.8	4	100
11/02/2015 16:05	23.4	18.4	25.4	25	23.2	4	100
11/02/2015 16:10	28.3	22.8	31.8	30.1	28.3	4	100
11/02/2015 16:15	32.4	28	31.9	33.7	31.4	4	100
11/02/2015 16:20	38	34.5	37.1	37	36.7	4	100
11/02/2015 16:25	43.9	39	38.5	41.8	40.9	4	100
11/02/2015 16:30	38.3	32	33.8	32.2	34.5	4	100
11/02/2015 16:35	30.7	25	29.3	26	28	4	100
11/02/2015 16:40	27.4	20.6	23.5	20.6	23.3	4	100
11/02/2015 16:45	23.9	17.9	23.3	19.6	21.5	4	100
11/02/2015 16:50	19.9	15.1	24.6	18.2	20	4	100
11/02/2015 16:55	18.5	14.6	21	14.6	17.4	4	100
11/02/2015 17:00	19.2	16.5	19.5	12.7	17.4	4	100
11/02/2015 17:05	19.4	14.9	18.5	11.8	16.7	4	100
11/02/2015 17:10	18.3	14.5	16.9	11.7	15.8	4	100
11/02/2015 17:15	18.4	13.7	15.5	9.5	15	4	100
11/02/2015 17:20	16.1	12.7	14.2	9.7	13.5	4	100
11/02/2015 17:25	15	11	11.7	8	12	4	100
11/02/2015 17:30	15.8	11.6	12.4	7.3	12.5	4	100
11/02/2015 17:35	15.3	11.2	13.7	9	12.6	4	100
11/02/2015 17:40	18.4	13.4	14.2	8.1	14.4	4	100
11/02/2015 17:45	21.5	13.6	15.4	10.2	16	4	100
11/02/2015 17:50	21.4	13.7	13.7	9.5	15.6	4	100
11/02/2015 17:55	21.2	13.5	14.4	9.2	15.4	4	100
11/02/2015 18:00	19.2	12.3	14	9.2	14.4	4	100
11/02/2015 18:05	19.3	14	15.1	12.3	15.5	4	100
11/02/2015 18:10	17.6	14.6	17.1	12.4	15.7	4	100
11/02/2015 18:15	19	13.3	16.1	10.1	15.4	4	100
11/02/2015 18:20	20.4	15.1	18	11.8	16.9	4	100
11/02/2015 18:25	21.2	14.6	18.1	13.1	17.1	4	100
11/02/2015 18:30	19.3	14	16.9	11.7	15.9	4	100
11/02/2015 18:35	19.6	14.3	16.7	11.1	15.9	4	100
11/02/2015 18:40	19.5	16.4	18.3	12.7	17	4	100
11/02/2015 18:45	17.8	16.1	18.2	12.1	16.3	4	100
11/02/2015 18:50	18.9	16.8	20.8	14	17.9	4	100
11/02/2015 18:55	20.4	17	21.8	15.3	18.9	4	100
11/02/2015 19:00	22.4	16.9	20.3	13.3	18.8	4	100
11/02/2015 19:05	23.5	16.3	22.1	13.1	19.5	4	100
11/02/2015 19:10	22.8	16.6	21.1	14.4	19.2	4	100
11/02/2015 19:15	24.5	16.3	21	13.6	19.6	4	100
11/02/2015 19:20	24.1	14.1	19.3	12.1	18.5	4	100
11/02/2015 19:25	20.1	13.5	16.4	11.1	15.8	4	100
11/02/2015 19:30	18.7	13.6	15.7	10	15	4	100
11/02/2015 19:35	20.5	14.8	17.2	10.8	16.5	4	100
11/02/2015 19:40	21.5	15.5	16.7	10.3	16.6	4	100
11/02/2015 19:45	20.5	15.6	15.8	11.3	16.3	4	100
11/02/2015 19:50	20.8	15.6	16.5	12.5	16.7	4	100
11/02/2015 19:55	20.7	16.6	20	14.7	18.3	4	100
11/02/2015 20:00	20.7	16.6	20.2	15	18.4	4	100
11/02/2015 20:05	21.6	18.6	20.9	17.6	19.8	4	100
11/02/2015 20:10	22.7	20.2	21.8	21.9	21.7	4	100
11/02/2015 20:15	39.3	35.8	38.7	36.8	37.7	4	100
11/02/2015 20:20	55.6	52.4	52.9	48.1	52.6	4	100
11/02/2015 20:25	63.8	60.7	60.1	54.7	60.1	4	100
11/02/2015 20:30	68.7	64.8	59.7	59.8	63.8	4	100
11/02/2015 20:35	71.7	67.8	59.6	60.9	65	4	100
11/02/2015 20:40	72.2	67.7	62.5	59.7	66.1	4	100
11/02/2015 20:45	72.9	68.7	66.7	61.4	67.9	4	100
11/02/2015 20:50	73.9	68.4	64.2	60.8	67.3	4	100
11/02/2015 20:55	75.6	69.4	65.7	60.4	68.4	4	100
11/02/2015 21:00	74.9	71.3	63.5	62.1	68.1	4	100
11/02/2015 21:05	74.6	71.1	62.1	61	67.8	4	100
11/02/2015 21:10	73.4	70.1	58.7	60.7	66.2	4	100
11/02/2015 21:15	74.9	70.1	62.5	61.2	67.4	4	100
11/02/2015 21:20	75.3	70.2	63	59.2	67.6	4	100
11/02/2015 21:25	73.4	68.6	60.1	57.8	65.7	4	100
11/02/2015 21:30	72.6	68.3	64.6	55.5	66.2	4	100
11/02/2015 21:35	72.9	69.3	67	59.8	67.8	4	100
11/02/2015 21:40	73	68.3	63.7	60.7	67	4	100
11/02/2015 21:45	74.7	68.7	60.4	57.8	66.4	4	100
11/02/2015 21:50	74.3	70.5	64.2	61.5	67.5	4	100
11/02/2015 21:55	75.5	70.4	68	64	70	4	100
11/02/2015 22:00	73.9	69.7	67.8	61.9	68.9	4	100
11/02/2015 22:05	74.6	69.8	69	59.9	69	4	100
11/02/2015 22:10	74.6	69.1	69.5	61.4	69.2	4	100
11/02/2015 22:15	73.1	69.4	71.1	63.8	69.7	4	100
11/02/2015 22:20	73.2	69.5	66.1	58.6	67.3	4	100
11/02/2015 22:25	73.8	70.5	70.7	60.5	69.4	4	100
11/02/2015 22:30	72.2	69.6	69	58.4	67.8	4	100
11/02/2015 22:35	73.3	70.2	68.7	60.3	68.8	4	100
11/02/2015 22:40	73.2	71.5	67.5	63.8	69.3	4	100
11/02/2015 22:45	74.2	71	63.3	64.5	68.3	4	100
11/02/2015 22:50	74.3	71.2	65.2	66.4	69.2	4	100
11/02/2015 22:55	74.5	70.2	67.9	62.5	68.4	4	100
11/02/2015 23:00	75.2	69.6	67.4	61.6	68.4	4	100
11/02/2015 23:05	74.7	70.8	70.3	65.1	70.5	4	100
11/02/2015 23:10	74	70.5	67.5	60.5	68.8	4	100
11/02/2015 23:15	74.2	70.9	69.2	61.9	69.2	4	100
11/02/2015 23:20	75	71.2	67.4	65	69.5	4	100
11/02/2015 23:25	75	71.7	65.9	64.2	68.7	4	100
11/02/2015 23:30	74.8	71.2	64.4	64.5	69.1	4	100
11/02/2015 23:35	75.4	70.8	67.5	56.9	68	4	100
11/02/2015 23:40	75.2	71.7	69.6	60.5	68.7	4	100
11/02/2015 23:45	75.1	72.5	67.4	60.7	69.9	4	100
11/02/2015 23:50	75	71.8	67	61.3	68.4	4	100
11/02/2015 23:55	75	70.8	65.7	61.1	67.2	4	100
11/03/2015 00:00	74.8	71	67.4	62.8	68	4	100
11/03/2015 00:05	74.7	70.4	68.8	59.4	68.7	4	100
11/03/2015 00:10	74.8	70.8	67.7	61.1	69	4	100
11/03/2015 00:15	74.8	70.9	65.4	59	66.9	4	100
11/03/2015 00:20	75	69.8	66.5	62.1	67.9	4	100
11/03/2015 00:25	75	70.7	67.3	63.5	68.8	4	100
11/03/2015 00:30	75	69.9	66.1	62.6	67.9	4	100
11/03/2015 00:35	74.9	70	59.9	57.7	64.8	4	100
11/03/2015 00:40	74.6	70.4	63.2	61.3	66.6	4	100
11/03/2015 00:45	74.9	70.7	62.7	62.3	66.4	4	100
11/03/2015 00:50	75	71.1	63.4	60.2	66.6	4	100
11/03/2015 00:55	75	70.8	63.6	61.9	66.6	4	100
11/03/2015 01:00	74.9	71	63	61.6	66.9	4	100
11/03/2015 01:05	74.7	70.1	61.9	58.8	65.3	4	100
11/03/2015 01:10	74.6	70.5	61.6	60.2	65.8	4	100
11/03/2015 01:15	74.5	70.5	63.7	59.9	65.7	4	100
11/03/2015 01:20	74.6	71	65.2	61.1	66.6	4	100
11/03/2015 01:25	74.6	71.1	65.6	59.9	65.8	4	100
11/03/2015 01:30	74.6	71.1	67.3	59.6	67.3	4	100
11/03/2015 01:35	74.6	71	66.9	62.3	66.8	4	100
11/03/2015 01:40	74.7	71	66.6	62.6	68.4	4	100
11/03/2015 01:45	74.7	70.8	67	62.7	67.9	4	100
11/03/2015 01:50	74.7	70.8	68.1	63.5	68.8	4	100
11/03/2015 01:55	74.6	71	65.6	62.5	67.9	4	100
11/03/2015 02:00	74.7	71	66.7	62.1	67.2	4	100
11/03/2015 02:05	74.7	71	66	62.1	67.5	4	100
11/03/2015 02:10	74.8	71	66.3	62.7	68	4	100
11/03/2015 02:15	74.7	70.8	64.8	61.5	67.5	4	100
11/03/2015 02:20	74.6	70.8	66.2	62.5	67.4	4	100
11/03/2015 02:25	74.8	70.9	66.4	62.7	68.5	4	100
11/03/2015 02:30	74.7	70.7	66.1	61.9	66.8	4	100
11/03/2015 02:35	74.7	70.9	66.5	60.7	67.6	4	100
11/03/2015 02:40	74.8	71	66.6	63	66.7	4	100
11/03/2015 02:45	74.8	71.1	64.5	63.4	67.3	4	100
11/03/2015 02:50	74.8	71.1	64.9	63.3	67	4	100
11/03/2015 02:55	74.9	70.7	65.7	62.9	67.8	4	100
11/03/2015 03:00	74.9	70.8	66.2	61.9	67.4	4	100
11/03/2015 03:05	74.8	70.8	66.3	62.9	67.8	4	100
11/03/2015 03:10	74.7	70.6	66.6	59.7	67.5	4	100
11/03/2015 03:15	74.7	71	66.7	61.2	67.8	4	100
11/03/2015 03:20	74.7	71	67.6	61.5	68.1	4	100
11/03/2015 03:25	74.7	70.9	67	61.4	67.1	4	100
11/03/2015 03:30	74.8	71.1	67.1	62.8	68.2	4	100
11/03/2015 03:35	74.7	71.2	65.7	59.2	67.1	4	100
11/03/2015 03:40	74.8	71.1	67.9	60.7	67.7	4	100
11/03/2015 03:45	74.7	71	67.8	61.3	67	4	100
11/03/2015 03:50	74.7	70.5	66.3	58.1	66.4	4	100
11/03/2015 03:55	74.7	70.7	66.1	60.2	67.7	4	100
11/03/2015 04:00	74.8	71.1	67.4	61	68.2	4	100
11/03/2015 04:05	74.9	71.3	64.4	59.5	65.9	4	100
11/03/2015 04:10	75	71.3	65.3	61.2	68.2	4	100
11/03/2015 04:15	74.9	70.9	66.4	60.3	66.3	4	100
11/03/2015 04:20	75	70.6	66.3	59.3	67.5	4	100
11/03/2015 04:25	75	71.4	64.9	57.6	66.3	4	100
11/03/2015 04:30	74.8	71.4	66.5	58.6	67.6	4	100
11/03/2015 04:35	74.4	71.6	59.6	62.5	67	4	100
11/03/2015 04:40	74.8	71.9	62.3	68.5	69.3	4	100
11/03/2015 04:45	75.1	71.6	64.1	69.2	69.6	4	100
11/03/2015 04:50	75	71.3	61.9	68.3	68.4	4	100
11/03/2015 04:55	74.9	70.9	67.7	67.1	70.3	4	100
11/03/2015 05:00	75.4	71.9	69.3	64.2	70.4	4	100
11/03/2015 05:05	75.7	71.9	70.9	59.9	69.4	4	100
11/03/2015 05:10	75.6	70.2	67	55.7	66.9	4	100
11/03/2015 05:15	75.1	71.7	69.2	62.7	69.9	4	100
11/03/2015 05:20	74.1	71.1	67.5	62.9	69.7	4	100
11/03/2015 05:25	74.5	72.4	66	59.2	68.7	4	100
11/03/2015 05:30	75.7	71.4	66.3	63.6	69.8	4	100
11/03/2015 05:35	75.2	72	65.6	64.3	69.9	4	100
11/03/2015 05:40	74.2	71.6	62	65.3	68.8	4	100
11/03/2015 05:45	73.2	70.2	67.6	64.4	69.3	4	100
11/03/2015 05:50	74.6	70.3	71	61.9	69.8	4	100
11/03/2015 05:55	75.5	71	73.1	65.3	71.7	4	100
11/03/2015 06:00	77.1	71.7	68.4	62.2	70.3	4	100
11/03/2015 06:05	76.1	71.3	71.4	65.1	71.5	4	100
11/03/2015 06:10	75.3	71	65.5	63.1	69.2	4	100
11/03/2015 06:15	75.3	73.2	70.1	63.3	71	4	100
11/03/2015 06:20	76.2	71.8	66	62.3	69.1	4	100
11/03/2015 06:25	76.3	72.1	66.8	62.8	70	4	100
11/03/2015 06:30	77.1	73.3	69.4	63	70.9	4	100
11/03/2015 06:35	76.2	73.2	59.1	64.2	68.9	4	100
11/03/2015 06:40	76.8	72.4	64.2	64.6	69.8	4	100
11/03/2015 06:45	75.7	71.5	67.6	64	70	4	100
11/03/2015 06:50	76.5	72.2	69.8	64.6	71.1	4	100
11/03/2015 06:55	76	72.2	70.7	65.8	71.4	4	100
11/03/2015 07:00	74.9	71.4	68.2	66	70.2	4	100
11/03/2015 07:05	73.8	69.9	68.2	62.6	68.7	4	100
11/03/2015 07:10	73.2	69.9	65	62.6	68.1	4	100
11/03/2015 07:15	73.8	70.5	67.5	63.6	69.3	4	100
11/03/2015 07:20	73.4	69.9	67.2	62.5	68.4	4	100
11/03/2015 07:25	72.8	70.6	67.4	62.9	68.7	4	100
11/03/2015 07:30	68.9	66.6	63.4	57.9	64.4	4	100
11/03/2015 07:35	67.8	66	62.6	56.6	63.4	4	100
11/03/2015 07:40	61.3	60.5	58.4	52.5	58.4	4	100
11/03/2015 07:45	46.9	46.7	45	40.9	44.9	4	100
11/03/2015 07:50	34.7	32.3	34.2	31.1	33.2	4	100
11/03/2015 07:55	26.8	27.1	29.3	25.4	27.2	4	100
11/03/2015 08:00	25	24.1	25.8	20.9	24.1	4	100
11/03/2015 08:05	25.1	24	26.1	20.3	24	4	100
11/03/2015 08:10	23.2	22.4	25	19.3	22.6	4	100
11/03/2015 08:15	22.6	22.2	24.3	20.3	22.4	4	100
11/03/2015 08:20	22.9	20.7	22.3	20.7	21.7	4	100
11/03/2015 08:25	22.3	22.5	24.4	20.5	22.5	4	100
11/03/2015 08:30	22	21.7	25.2	20.3	22.4	4	100
11/03/2015 08:35	24.7	23.7	26.5	21	24.1	4	100
11/03/2015 08:40	25.8	23.1	28.5	26	25.8	4	100
11/03/2015 08:45	24.3	23.9	29.5	26.5	26.1	4	100
11/03/2015 08:50	23.8	23.3	27.7	24.4	24.8	4	100
11/03/2015 08:55	28.5	29.6	31.7	29.8	29.8	4	100
11/03/2015 09:00	49.8	48.3	47.2	44.4	47.7	4	100
11/03/2015 09:05	61.1	59.7	57.1	51.9	57.7	4	100
11/03/2015 09:10	69.3	64.2	64.8	26.2	65.3	4	100
11/03/2015 09:15	72.8	66.2	66.5	28.6	59.2	4	100
11/03/2015 09:20	73.8	68.6	64.2	45.1	63.7	4	100
11/03/2015 09:25	74.6	67.6	64.4	53.4	65.1	4	100
11/03/2015 09:30	74.2	69.3	64.2	56.9	66.5	4	100
11/03/2015 09:35	75	70	62.9	58.9	66.8	4	100
11/03/2015 09:40	74.3	68.8	62.1	60.6	66.8	4	100
11/03/2015 09:45	75	67.4	62	63.5	67.4	4	100
11/03/2015 09:50	74.1	67.7	67.3	60.5	67.7	4	100
11/03/2015 09:55	75.3	68.9	66	60.3	68	4	100
11/03/2015 10:00	75.4	68.7	65.2	56.9	67.2	4	100
11/03/2015 10:05	75	68.1	64.3	61.5	67.6	4	100
11/03/2015 10:10	74.1	68.5	63.6	60.4	66.8	4	100
11/03/2015 10:15	72.6	67.7	60.2	60.1	65.3	4	100
11/03/2015 10:20	73.1	67.7	60.9	56.4	65.2	4	100
11/03/2015 10:25	72.5	68.2	61.2	58.8	65.8	4	100
11/03/2015 10:30	72.3	67.7	59	59.1	64.9	4	100
11/03/2015 10:35	72.2	67.3	57.4	57.2	64.1	4	100
11/03/2015 10:40	72.1	66.8	56.8	57.3	63.8	4	100
11/03/2015 10:45	69.8	66	56.6	54.8	62.1	4	100
11/03/2015 10:50	69.5	64.1	55.5	54.7	61.7	4	100
11/03/2015 10:55	70.5	65.2	55.9	54.7	62.1	4	100
11/03/2015 11:00	71	66.2	53.7	55.1	62.3	4	100
11/03/2015 11:05	71.6	67	55.3	57	63.5	4	100
11/03/2015 11:10	70.9	66.7	45.4	56.4	60.5	4	100
11/03/2015 11:15	69.5	66.2	53.3	44.3	59.3	4	100
11/03/2015 11:20	69.6	66.6	55.9	50.7	61	4	100
11/03/2015 11:25	70.1	66.5	55.3	53	61.6	4	100
11/03/2015 11:30	68.7	65.5	56.7	53.1	61.5	4	100
11/03/2015 11:35	69.7	65.1	54.7	54.6	62	4	100
11/03/2015 11:40	66.4	64.9	54.8	56.7	61.1	4	100
11/03/2015 11:45	68.6	65.2	54.1	53.3	60.6	4	100
11/03/2015 11:50	70.5	66.7	53.4	52.7	61.7	4	100
11/03/2015 11:55	70	65.7	54.1	52.9	60.9	4	100
11/03/2015 12:00	70.6	65.4	52.4	56.1	62	4	100
11/03/2015 12:05	70.8	66.1	53.9	55.5	61.9	4	100
11/03/2015 12:10	70.8	65.2	53.1	55.2	61.7	4	100
11/03/2015 12:15	70.3	65.1	54.1	51.4	61	4	100
11/03/2015 12:20	68.8	64.1	54.6	53.3	60.7	4	100
11/03/2015 12:25	69.5	65.5	55.8	54.6	62.4	4	100
11/03/2015 12:30	69.7	65.1	57.2	57.7	63.1	4	100
11/03/2015 12:35	69.5	65	55.5	57.4	62	4	100
11/03/2015 12:40	69.9	65.5	57.2	59.8	63.5	4	100
11/03/2015 12:45	70.2	65.1	53.5	59.3	62.5	4	100
11/03/2015 12:50	68.8	64	53.5	55.4	61	4	100
11/03/2015 12:55	69	65.2	55.9	55.4	61.9	4	100
11/03/2015 13:00	68.7	65.6	58.2	57.5	62.9	4	100
11/03/2015 13:05	68.8	65.1	58.9	58.1	63.3	4	100
11/03/2015 13:10	67.5	62.6	59.4	58.6	62.3	4	100
11/03/2015 13:15	68.1	64	55.5	58.9	62.3	4	100
11/03/2015 13:20	69.5	66	56.9	59.2	63.6	4	100
11/03/2015 13:25	69.3	65.6	58.6	57.7	63.3	4	100
11/03/2015 13:30	69.2	65.4	59.5	58.7	63.5	4	100
11/03/2015 13:35	69.8	65.5	60.1	57.6	63.7	4	100
11/03/2015 13:40	69	64	60	54.6	62.4	4	100
11/03/2015 13:45	71.3	64.9	59.9	54.7	63.8	4	100
11/03/2015 13:50	69.4	64.6	59	55.8	62.8	4	100
11/03/2015 13:55	69.1	65.8	62.2	57.5	64	4	100
11/03/2015 14:00	69.8	65.6	62.3	57.8	64.3	4	100
11/03/2015 14:05	71	66.3	60.1	55.7	63.6	4	100
11/03/2015 14:10	69.3	64.5	60	55.1	62.6	4	100
11/03/2015 14:15	65.6	59.5	53.5	52.1	58.4	4	100
11/03/2015 14:20	47.6	48.1	47.5	45.4	47.2	4	100
11/03/2015 14:25	36.3	34.9	38.7	35	36.3	4	100
11/03/2015 14:30	30	29.9	31.5	28.2	30	4	100
11/03/2015 14:35	22.8	21.1	24.3	22.2	22.7	4	100
11/03/2015 14:40	21.9	21	23.2	21.6	22	4	100
11/03/2015 14:45	20.4	20.2	23.5	20.6	21.3	4	100
11/03/2015 14:50	20.4	18.1	22.2	20.8	20.5	4	100
11/03/2015 14:55	20.6	17.6	18.7	18.5	18.9	4	100
11/03/2015 15:00	18.6	15.5	19	18.9	18.1	4	100
11/03/2015 15:05	20.8	17.7	21.6	19.9	20.1	4	100
11/03/2015 15:10	17.3	16.2	18.8	17.1	17.4	4	100
11/03/2015 15:15	17.2	14.8	17.8	16.5	16.7	4	100
11/03/2015 15:20	16.4	13.9	17	15.1	15.7	4	100
11/03/2015 15:25	21	15.9	16.6	15.9	17.7	4	100
11/03/2015 15:30	22.5	18.1	21.3	17.7	20.2	4	100
11/03/2015 15:35	22.8	17.8	21.3	19.3	20.5	4	100
11/03/2015 15:40	16.9	13.3	15.4	13.9	15.1	4	100
11/03/2015 15:45	20.3	14.1	17.2	16.9	17.4	4	100
11/03/2015 15:50	20.4	15.9	18.8	17.2	18.2	4	100
11/03/2015 15:55	17.2	14.4	18.1	16	16.5	4	100
11/03/2015 16:00	22.1	16.7	25.6	19.7	21.3	4	100
11/03/2015 16:05	20.3	16.5	22.3	22.9	20.5	4	100
11/03/2015 16:10	17.7	13.5	18.4	16.1	16.6	4	100
11/03/2015 16:15	15.2	12.4	16.7	13.1	14.6	4	100
11/03/2015 16:20	16.2	12.2	16.1	11.6	14.3	4	100
11/03/2015 16:25	15.8	12.2	14.5	10.5	13.6	4	100
11/03/2015 16:30	15.7	12.8	14.1	10.3	13.6	4	100
11/03/2015 16:35	17.6	13.4	14.2	11.9	14.6	4	100
11/03/2015 16:40	17.6	13.1	14.3	10.5	14.4	4	100
11/03/2015 16:45	16.8	12.5	13.6	9.4	13.6	4	100
11/03/2015 16:50	17.2	10.9	14.3	8.9	13.6	4	100
11/03/2015 16:55	17.8	11.7	15.2	9.9	14.2	4	100
11/03/2015 17:00	16	10.7	13.5	9.3	12.8	4	100
11/03/2015 17:05	16.6	11.9	13	10.2	13.3	4	100
11/03/2015 17:10	17.8	11.6	14.2	11	14.1	4	100
11/03/2015 17:15	18.3	13	14.8	10.5	14.7	4	100
11/03/2015 17:20	17.5	13.9	13.4	9.2	14.1	4	100
11/03/2015 17:25	18.1	13.5	13	10.4	14.1	4	100
11/03/2015 17:30	15.2	11.4	10.5	7.6	11.9	4	100
11/03/2015 17:35	14.7	9.9	10.9	6.4	11.2	4	100
11/03/2015 17:40	13.8	9.1	10.4	5.8	10.5	4	100
11/03/2015 17:45	16.1	10.8	10.3	5.9	11.8	4	100
11/03/2015 17:50	17	13.1	12	7.5	13.1	4	100
11/03/2015 17:55	17.3	13.3	13.1	7.4	13.6	4	100
11/03/2015 18:00	13	9.4	9.6	5.7	10	4	100
11/03/2015 18:05	12.1	10.1	9.2	5.6	9.8	4	100
11/03/2015 18:10	15.3	10.3	9.7	5.4	11.3	4	100
11/03/2015 18:15	14.3	9.5	10	5.4	10.7	4	100
11/03/2015 18:20	11.5	8.5	9.1	5.1	9.1	4	100
11/03/2015 18:25	12.5	9.1	8.9	5.9	9.6	4	100
11/03/2015 18:30	13	10.7	13	6.6	11.4	4	100
11/03/2015 18:35	16.5	14.1	14.8	9.6	14.1	4	100
11/03/2015 18:40	17.5	14.3	15.5	10	14.7	4	100
11/03/2015 18:45	16.4	13.4	17.3	9.5	14.7	4	100
11/03/2015 18:50	19.8	16	16.4	10.4	16.2	4	100
11/03/2015 18:55	21.9	15.4	16.1	11.8	16.8	4	100
11/03/2015 19:00	17.8	12.8	15.9	9.5	14.7	4	100
11/03/2015 19:05	14.3	10.7	12.4	8.3	11.8	4	100
11/03/2015 19:10	14.7	10.3	11.9	7.6	11.6	4	100
11/03/2015 19:15	15.9	11.9	13.7	11	13.4	4	100
11/03/2015 19:20	18.4	14	16.1	13	15.6	4	100
11/03/2015 19:25	18.3	15.2	18.8	13.2	16.7	4	100
11/03/2015 19:30	20.7	17.2	17.7	13.4	17.6	4	100
11/03/2015 19:35	20.3	17.4	18.6	12.4	17.7	4	100
11/03/2015 19:40	20.3	18.2	17.6	12.7	17.6	4	100
11/03/2015 19:45	22.9	18.7	17.7	13.2	18.7	4	100
11/03/2015 19:50	22.9	18.3	18.9	13.5	18.9	4	100
11/03/2015 19:55	25.7	19.6	21.8	13.6	20.7	4	100
11/03/2015 20:00	25.2	20.4	24.5	18	22.3	4	100
11/03/2015 20:05	23.7	19.9	24.8	17.8	21.8	4	100
11/03/2015 20:10	25.9	22.5	26.9	23	24.7	4	100
11/03/2015 20:15	23.1	22.4	23.9	27.1	23.9	4	100
11/03/2015 20:20	30	28	29.2	32.7	29.9	4	100
11/03/2015 20:25	43.4	39	41.4	42.3	41.6	4	100
11/03/2015 20:30	58.3	54.2	57.8	51.1	55.7	4	100
11/03/2015 20:35	64.6	62	62.8	57.7	62	4	100
11/03/2015 20:40	68	65.2	62.4	62.6	64.9	4	100
11/03/2015 20:45	67.7	65.6	64.3	62.7	65.2	4	100
11/03/2015 20:50	70.4	66.6	66.3	63	67	4	100
11/03/2015 20:55	70	66.9	62.3	60.5	65.4	4	100
11/03/2015 21:00	70.9	68.3	63.6	59.5	66	4	100
11/03/2015 21:05	72	68.7	65.6	62.8	67.4	4	100
11/03/2015 21:10	73	69.9	45.2	65.7	63.7	4	100
11/03/2015 21:15	73.4	69.5	53.7	64.5	65.7	4	100
11/03/2015 21:20	73.4	69.8	50.2	63.5	65.1	4	100
11/03/2015 21:25	73.8	70.3	54.6	63.9	65.8	4	100
11/03/2015 21:30	74.8	70.5	60.7	63.1	67.7	4	100
11/03/2015 21:35	74.6	70.7	62.4	62.7	68.3	4	100
11/03/2015 21:40	73.7	70.9	68.7	63.3	69.5	4	100
11/03/2015 21:45	75	71.4	70.1	61.5	70.1	4	100
11/03/2015 21:50	75.9	71.1	69.4	60.8	70.1	4	100
11/03/2015 21:55	75.4	70	66.9	60.6	69.1	4	100
11/03/2015 22:00	74.5	70.2	70.9	61.5	69.4	4	100
11/03/2015 22:05	74.5	69.8	70.3	63.6	69.9	4	100
11/03/2015 22:10	74.3	69.1	64.8	63.3	68.3	4	100
11/03/2015 22:15	75.6	71.2	70	65.7	70.9	4	100
11/03/2015 22:20	74.4	70.5	71.5	64.4	70.4	4	100
11/03/2015 22:25	72.8	69.4	64.4	64	68.2	4	100
11/03/2015 22:30	74	70.2	65.2	64.9	68.9	4	100
11/03/2015 22:35	74.5	72	68.7	61.2	69.3	4	100
11/03/2015 22:40	73.7	71.9	62.3	59.6	66.9	4	100
11/03/2015 22:45	73.6	71.8	65.6	59.1	67.8	4	100
11/03/2015 22:50	74.6	70.9	67.4	62.1	69.2	4	100
11/03/2015 22:55	75.2	72.4	66.2	65.4	70.1	4	100
11/03/2015 23:00	75	69.8	66.2	64.4	68.6	4	100
11/03/2015 23:05	74.3	69.2	65.5	63.7	68.2	4	100
11/03/2015 23:10	74.1	69.6	46.7	64.8	64	4	100
11/03/2015 23:15	73.8	70.4	60.6	65.9	66.8	4	100
11/03/2015 23:20	74.1	70.1	51.1	66.9	63.7	4	100
11/03/2015 23:25	74.7	70	49.8	66.6	65.1	4	100
11/03/2015 23:30	74.2	70.4	56	62.1	65.7	4	100
11/03/2015 23:35	74.1	71.5	55.7	60.5	65.4	4	100
11/03/2015 23:40	74.3	70.9	56.3	59.1	65	4	100
11/03/2015 23:45	75.2	71.7	56.2	62.5	65.8	4	100
11/03/2015 23:50	74	71.3	61.6	63.1	67.2	4	100
11/03/2015 23:55	74.5	71.4	48.4	61.5	63.3	4	100
11/04/2015 00:00	74.8	71	67.4	62.8	69.2	4	100
11/04/2015 00:05	74.7	71.7	67.1	63	68.9	4	100
11/04/2015 00:10	74.6	70.4	62.2	62.1	66.7	4	100
11/04/2015 00:15	74.6	70.3	55	62.8	64.3	4	100
11/04/2015 00:20	74.6	71.1	63.2	61.7	67.1	4	100
11/04/2015 00:25	74.4	71.4	58.4	63.9	65.4	4	100
11/04/2015 00:30	73.9	71.4	50.8	63.4	63.2	4	100
11/04/2015 00:35	74.3	71	59.9	63.6	66.1	4	100
11/04/2015 00:40	74.6	70.4	60.6	60.5	66.2	4	100
11/04/2015 00:45	74.7	70.6	63	61.3	66.6	4	100
11/04/2015 00:50	74.9	70.9	61.3	60.7	66.1	4	100
11/04/2015 00:55	74.7	70.6	60.7	62.1	65.8	4	100
11/04/2015 01:00	74.8	70.9	61.5	61.3	67.1	4	100
11/04/2015 01:05	74.7	71	62.2	62.3	65.1	4	100
11/04/2015 01:10	74.6	70.7	65	63.1	68.2	4	100
11/04/2015 01:15	74.6	70.5	64.3	62.8	67.2	4	100
11/04/2015 01:20	74.7	70.6	65.2	62.6	67.4	4	100
11/04/2015 01:25	74.9	70.7	66.2	63.9	68.2	4	100
11/04/2015 01:30	74.8	71	65.3	63.2	68.5	4	100
11/04/2015 01:35	74.7	71.1	61.2	62.1	66.5	4	100
11/04/2015 01:40	74.9	71.2	64.8	60.7	67.2	4	100
11/04/2015 01:45	74.8	71	65.4	60.2	66.9	4	100
11/04/2015 01:50	74.8	71	64.9	60.7	66.5	4	100
11/04/2015 01:55	74.9	70.9	66.8	61.6	67.5	4	100
11/04/2015 02:00	74.8	70.9	67.4	61.8	68.9	4	100
11/04/2015 02:05	75	71.3	66.9	62.6	69.2	4	100
11/04/2015 02:10	75	71.3	67.4	63.3	68.5	4	100
11/04/2015 02:15	75	71.1	63.9	62.2	67.3	4	100
11/04/2015 02:20	74.9	71	64.9	62.1	66.7	4	100
11/04/2015 02:25	74.9	70.9	65.3	63.6	68	4	100
11/04/2015 02:30	75	70.8	64.6	62.5	68.6	4	100
11/04/2015 02:35	75	71	65.8	63.2	68.8	4	100
11/04/2015 02:40	74.9	71	66.2	62.2	68.1	4	100
11/04/2015 02:45	74.8	71	67.1	62.5	68.3	4	100
11/04/2015 02:50	74.8	71.1	67.3	60.9	66.8	4	100
11/04/2015 02:55	74.8	71	68	62.5	67.7	4	100
11/04/2015 03:00	74.8	71	66	60.6	66.3	4	100
11/04/2015 03:05	74.8	71	65	62.2	68.5	4	100
11/04/2015 03:10	75	70.9	66.7	59.5	67.5	4	100
11/04/2015 03:15	74.8	70.9	67.4	61.8	67.4	4	100
11/04/2015 03:20	74.8	71.1	65	59.5	65.4	4	100
11/04/2015 03:25	74.8	71	66.6	60.9	67.2	4	100
11/04/2015 03:30	74.9	70.9	65.9	62.7	66.9	4	100
11/04/2015 03:35	74.9	70.9	67.4	59	65.9	4	100
11/04/2015 03:40	74.9	70.9	66.5	56.5	67	4	100
11/04/2015 03:45	74.8	70.9	64.6	58.2	65.4	4	100
11/04/2015 03:50	74.8	70.7	65.6	61.2	67.4	4	100
11/04/2015 03:55	74.8	70.7	65	61.9	67.5	4	100
11/04/2015 04:00	74.9	70.8	45.2	62.2	59.8	4	100
11/04/2015 04:05	74.9	70.9	54.2	61.8	64.3	4	100
11/04/2015 04:10	74.7	70.7	60.5	61.9	65.6	4	100
11/04/2015 04:15	74.7	70.8	62.5	56	64.2	4	100
11/04/2015 04:20	74.8	70.8	60.9	58	66	4	100
11/04/2015 04:25	75	70.8	62.6	60.1	65.3	4	100
11/04/2015 04:30	74.9	71.1	61.8	53.9	65.8	4	100
11/04/2015 04:35	74.5	71	66.7	58	68	4	100
11/04/2015 04:40	74.7	70.8	70	55.6	67.2	4	100
11/04/2015 04:45	74.8	70.8	70.9	62.6	69.2	4	100
11/04/2015 04:50	75.2	70.8	69.4	64.6	70.1	4	100
11/04/2015 04:55	75	71.5	62.2	65.3	69	4	100
11/04/2015 05:00	74.7	72.1	60.5	62	67.4	4	100
11/04/2015 05:05	75.1	72.3	61.8	58.8	66.7	4	100
11/04/2015 05:10	75.3	71.6	61	62.6	68.5	4	100
11/04/2015 05:15	75.2	71.1	63.7	61.3	69.1	4	100
11/04/2015 05:20	74.3	72.9	67.3	56.9	69.1	4	100
11/04/2015 05:25	75.3	73.3	64.4	62.2	69.5	4	100
11/04/2015 05:30	76.6	73.3	67.5	58.5	69.9	4	100
11/04/2015 05:35	75.2	72	67.7	60.9	69.6	4	100
11/04/2015 05:40	74.9	71.6	65.4	67.3	70.2	4	100
11/04/2015 05:45	70.7	72.6	62.9	64.7	68	4	100
11/04/2015 05:50	73.4	72.4	64.2	65.2	68.9	4	100
11/04/2015 05:55	74.4	73.4	66.4	68.6	70.9	4	100
11/04/2015 06:00	75.8	71.8	64.6	67.9	70.7	4	100
11/04/2015 06:05	76.4	71.6	62.2	65.9	69.7	4	100
11/04/2015 06:10	77.3	71.2	65.6	62.6	70	4	100
11/04/2015 06:15	78.9	71.5	71.6	64.9	72.1	4	100
11/04/2015 06:20	74.6	71.3	69.3	66	70.4	4	75
11/04/2015 06:25	74.6	70.4	72.3	66.1	70.9	4	75
11/04/2015 06:30	74.4	71.2	69.7	67.7	70.8	4	75
11/04/2015 06:35	74.3	70.9	69.4	68.3	70.8	4	75
11/04/2015 06:40	32.9	70.4	72.2	65	59.4	4	100
11/04/2015 06:45	54.3	71.4	72.5	65.4	65.6	4	100
11/04/2015 06:50	65	71.4	70.2	66.3	68.1	4	100
11/04/2015 06:55	70.6	71.8	54	66.6	66.2	4	100
11/04/2015 07:00	72.1	70.8	39.4	64.3	62.8	4	100
11/04/2015 07:05	73.3	71.6	57.3	62.3	66.3	4	100
11/04/2015 07:10	73.3	71.3	65.8	62.9	68.6	4	100
11/04/2015 07:15	72.5	69.9	69.3	61.6	68.5	4	100
11/04/2015 07:20	73.7	70	69.7	62.1	69	4	100
11/04/2015 07:25	73.5	68.4	67.6	60.3	67.5	4	100
11/04/2015 07:30	73.9	69.4	66.9	59.9	68.1	4	100
11/04/2015 07:35	65.6	64.6	62.6	58.6	63	4	100
11/04/2015 07:40	44.2	45.2	47.8	40.6	44.6	4	100
11/04/2015 07:45	35.3	33	35.4	27	33.1	4	100
11/04/2015 07:50	27.7	25.3	28.4	21.6	26	4	100
11/04/2015 07:55	29	24.5	25.2	19.9	24.9	4	100
11/04/2015 08:00	27.4	23.3	25.5	20.4	24.3	4	100
11/04/2015 08:05	23.2	20.7	24.5	19.6	22.1	4	100
11/04/2015 08:10	25	22.4	26	22.1	24	4	100
11/04/2015 08:15	23.5	23.3	25.1	19.5	23.1	4	100
11/04/2015 08:20	20.9	20	23.5	20.1	21.2	4	100
11/04/2015 08:25	22.9	20.6	23.5	21.7	22.3	4	100
11/04/2015 08:30	22.2	20.4	25.5	22.6	22.7	4	100
11/04/2015 08:35	21.9	21	25.4	20.7	22.4	4	100
11/04/2015 08:40	25	24.4	30.7	25.4	26.5	4	100
11/04/2015 08:45	22.8	24.2	31.7	22.9	25.8	4	100
11/04/2015 08:50	22	25.7	33.9	31.4	28	4	100
11/04/2015 08:55	28.2	32.2	41.5	40.7	35.1	4	100
11/04/2015 09:00	45.7	45.9	52.3	46.7	47.7	4	100
11/04/2015 09:05	59.5	56.9	60.2	52.8	57.3	4	100
11/04/2015 09:10	67.4	62.6	59.7	55.9	61.7	4	100
11/04/2015 09:15	69.2	64.5	63.5	61	64.7	4	100
11/04/2015 09:20	71.5	66.1	63.2	57.9	65.4	4	100
11/04/2015 09:25	72.5	67.9	64.2	59.1	66.3	4	100
11/04/2015 09:30	74.2	68.8	61.8	62.1	67.4	4	100
11/04/2015 09:35	75.2	68.9	64.8	59.7	67.3	4	100
11/04/2015 09:40	74.6	69.7	66.5	61.1	68.1	4	100
11/04/2015 09:45	57.4	54.1	53	46.3	52.8	4	100
11/04/2015 09:50	40.3	39	37.3	32.2	37.4	4	100
11/04/2015 09:55	53.4	46.4	47.2	40.7	47	4	100
11/04/2015 10:00	63.9	58.1	59	49.9	58	4	100
11/04/2015 10:05	67.7	63	58.4	56	61.6	4	100
11/04/2015 10:10	70	65.5	61.6	56.5	64	4	100
11/04/2015 10:15	72.6	67.7	61	59.8	65.9	4	100
11/04/2015 10:20	71.7	67.9	57.7	57.9	64.4	4	100
11/04/2015 10:25	71.9	67.1	60.6	55.5	64	4	100
11/04/2015 10:30	72.1	66.8	59.3	57.3	64.3	4	100
11/04/2015 10:35	72.1	66.5	57.2	58.1	64.2	4	100
11/04/2015 10:40	72.5	66.8	59.3	58.3	64.8	4	100
11/04/2015 10:45	73.2	66.9	59.7	59	65.1	4	100
11/04/2015 10:50	72.3	65.7	59.4	57.1	64.1	4	100
11/04/2015 10:55	72.5	65.9	55.8	57.3	63.8	4	100
11/04/2015 11:00	72.1	64.8	57.1	54.2	62.6	4	100
11/04/2015 11:05	72.6	55.4	58.1	54.7	61.1	4	100
11/04/2015 11:10	72.1	41.3	56.8	55.1	57.4	4	100
11/04/2015 11:15	71.6	52.5	57.4	55.1	59.7	4	100
11/04/2015 11:20	71	58.5	54.1	53.9	60	4	100
11/04/2015 11:25	70.8	61.8	55.7	54.2	60.8	4	100
11/04/2015 11:30	71.8	63.4	54	57.5	62.2	4	100
11/04/2015 11:35	70.8	64	54	56.1	61.7	4	100
11/04/2015 11:40	70.5	63.9	53.3	54.9	61.4	4	100
11/04/2015 11:45	70.1	62.9	52.8	54.1	60.9	4	100
11/04/2015 11:50	71.3	62.8	54.3	54.1	61.2	4	100
11/04/2015 11:55	69.4	60.9	56	53.7	60.7	4	100
11/04/2015 12:00	68.5	63.7	57.6	55.1	61.5	4	100
11/04/2015 12:05	66.2	62.6	57.8	56.8	61.2	4	100
11/04/2015 12:10	67.7	63.4	54.9	57.5	61.2	4	100
11/04/2015 12:15	67.7	63.7	56.3	55.5	61.4	4	100
11/04/2015 12:20	68.3	64	57.2	54.1	61.4	4	100
11/04/2015 12:25	67.8	64.1	59.1	53.5	61.6	4	100
11/04/2015 12:30	69.3	64.4	61.6	54.4	62.9	4	100
11/04/2015 12:35	70.5	63.3	58.7	51.6	61.7	4	100
11/04/2015 12:40	66.8	63.2	57.4	54	60.8	4	100
11/04/2015 12:45	68.2	63.5	53.1	55	60.6	4	100
11/04/2015 12:50	69.8	64.4	56.5	53.9	61.8	4	100
11/04/2015 12:55	66.5	63	57.3	50.3	60	4	100
11/04/2015 13:00	67.3	62.6	58	51.8	60.4	4	100
11/04/2015 13:05	68.2	63.8	57.2	53.9	61.4	4	100
11/04/2015 13:10	67.4	64.8	59.3	54.1	61.8	4	100
11/04/2015 13:15	65.3	64.4	58.4	53.1	60.7	4	100
11/04/2015 13:20	66.5	63.7	59.6	56.3	62.1	4	100
11/04/2015 13:25	67.1	63.3	58.1	55.7	61.6	4	100
11/04/2015 13:30	68.2	64.4	60	53.7	62	4	100
11/04/2015 13:35	68.8	63.6	61.7	55.1	63	4	100
11/04/2015 13:40	71.4	66.1	60.8	55.3	63.9	4	100
11/04/2015 13:45	68.9	65.3	62.5	55.7	63.6	4	100
11/04/2015 13:50	61.1	58.8	56.4	47.7	56.5	4	100
11/04/2015 13:55	46.9	45.8	44.2	41.2	44.7	4	100
11/04/2015 14:00	42.7	40.6	40.6	36.4	40.2	4	100
11/04/2015 14:05	39.3	35.5	37.1	36.5	37.2	4	100
11/04/2015 14:10	31.3	28.7	30.5	30.1	30.2	4	100
11/04/2015 14:15	25.2	24.7	27.2	23.5	25.3	4	100
11/04/2015 14:20	23.5	23.1	24.6	24.4	23.9	4	100
11/04/2015 14:25	20.6	18.9	24	20.3	21.1	4	100
11/04/2015 14:30	20.2	17.9	19.8	18	19	4	100
11/04/2015 14:35	19.5	17.5	19.7	18	18.8	4	100
11/04/2015 14:40	17.3	14.6	17.6	14.4	16.1	4	100
11/04/2015 14:45	13.6	11.9	14.9	11.1	13.1	4	100
11/04/2015 14:50	11	10.2	12.2	9.1	10.8	4	100
11/04/2015 14:55	14.2	11.4	16.8	11.1	13.7	4	100
11/04/2015 15:00	18.9	16.1	19.3	18.7	18.3	4	100
11/04/2015 15:05	20.1	17.2	19.7	17.7	18.8	4	100
11/04/2015 15:10	19.2	16.1	19.2	15.4	17.7	4	100
11/04/2015 15:15	19.5	15.3	19.9	17.7	18.3	4	100
11/04/2015 15:20	18.6	14.8	17.5	15.4	16.8	4	100
11/04/2015 15:25	14.4	11.5	14	11.7	13.1	4	100
11/04/2015 15:30	17	13.4	14.3	11.5	14.4	4	100
11/04/2015 15:35	16.3	11.7	12.7	10.2	13	4	100
11/04/2015 15:40	15.8	12.8	15.2	11	14	4	100
11/04/2015 15:45	18.7	13.3	15.7	11.3	15.3	4	100
11/04/2015 15:50	14.3	11.1	13.9	9.1	12.4	4	100
11/04/2015 15:55	13.6	10.5	12.1	7.6	11.4	4	100
11/04/2015 16:00	15.8	12.4	14.4	11.3	13.7	4	100
11/04/2015 16:05	14.2	9.8	13.6	10.4	12.3	4	100
11/04/2015 16:10	13.5	10.4	13.2	11.8	12.4	4	100
11/04/2015 16:15	10.9	7.6	9.6	7.6	9.2	4	100
11/04/2015 16:20	9.9	7.6	8.5	6.3	8.3	4	100
11/04/2015 16:25	11.9	7.7	9.6	7	9.4	4	100
11/04/2015 16:30	14.5	10.3	13.2	9.8	12.2	4	100
11/04/2015 16:35	14.4	10.4	13.7	10.2	12.4	4	100
11/04/2015 16:40	13.3	8.5	11.7	9.4	11	4	100
11/04/2015 16:45	11.1	7.5	8.4	6.6	8.8	4	100
11/04/2015 16:50	15.6	11.2	11.4	9	12.3	4	100
11/04/2015 16:55	14.2	10	10.9	8	11.2	4	100
11/04/2015 17:00	13.9	9.3	9.5	7.5	10.6	4	100
11/04/2015 17:05	10.9	7.7	7.8	5.2	8.5	4	100
11/04/2015 17:10	12.9	8.6	10.5	5.5	10.2	4	100
11/04/2015 17:15	14.4	10.3	11	6.7	11.2	4	100
11/04/2015 17:20	12.8	9	9.8	5.4	10.1	4	100
11/04/2015 17:25	14.2	11.1	10.4	6.1	11.1	4	100
11/04/2015 17:30	12.4	9.2	9.2	5.5	9.7	4	100
11/04/2015 17:35	12.3	8.6	7.8	4.5	9.3	4	100
11/04/2015 17:40	12.6	9.2	8	5.1	9.4	4	100
11/04/2015 17:45	14.9	9.1	8.4	4.8	10.6	4	100
11/04/2015 17:50	14	10	8.4	5.2	10.2	4	100
11/04/2015 17:55	12.5	9.9	8.6	5.5	9.7	4	100
11/04/2015 18:00	12.1	9.6	9.5	5.4	9.7	4	100
11/04/2015 18:05	13.2	9.8	9.4	6.8	10.2	4	100
11/04/2015 18:10	13.8	9.3	9.7	6.5	10.5	4	100
11/04/2015 18:15	13.1	9.4	9.7	5.9	10.2	4	100
11/04/2015 18:20	14.2	10.1	10.2	6.6	10.8	4	100
11/04/2015 18:25	13.5	9.6	9.2	5.5	10.4	4	100
11/04/2015 18:30	12	8.5	9.9	5.3	9.5	4	100
11/04/2015 18:35	14	10	9.5	6.5	10.6	4	100
11/04/2015 18:40	14	9.4	9.9	6.6	10.5	4	100
11/04/2015 18:45	15	9.8	10.7	6.9	11.4	4	100
11/04/2015 18:50	15.7	9.7	11.7	7.4	11.8	4	100
11/04/2015 18:55	16.3	9.9	11.8	6.9	12.1	4	100
11/04/2015 19:00	13.7	9.9	10.9	6.3	10.7	4	100
11/04/2015 19:05	13.8	11.9	12.9	7.6	11.9	4	100
11/04/2015 19:10	14.9	13.4	14.3	10.1	13.4	4	100
11/04/2015 19:15	15.4	13.6	12.2	9.8	13	4	100
11/04/2015 19:20	20.7	16	14.1	11.3	16.1	4	100
11/04/2015 19:25	18.7	13.9	14.2	10.9	14.8	4	100
11/04/2015 19:30	21.7	15.6	14.8	12	16.5	4	100
11/04/2015 19:35	22.3	15.9	16.2	12.5	17.2	4	100
11/04/2015 19:40	24.4	19.6	17.6	14.2	19.3	4	100
11/04/2015 19:45	22.8	17.4	15.7	12.9	17.6	4	100
11/04/2015 19:50	21.5	18.1	18.1	16.1	18.6	4	100
11/04/2015 19:55	24.2	20.4	22.7	20.3	22.1	4	100
11/04/2015 20:00	25.2	22.1	23.5	21.6	23.2	4	100
11/04/2015 20:05	23.6	21.5	24.6	21	22.8	4	100
11/04/2015 20:10	24.8	22.7	24.6	19.4	23.1	4	100
11/04/2015 20:15	26	25.6	28.4	27.7	26.9	4	100
11/04/2015 20:20	42.4	39	39	38.6	40	4	100
11/04/2015 20:25	55.3	50	35.4	47.8	48	4	100
11/04/2015 20:30	62.3	57.8	44.3	51	54.3	4	100
11/04/2015 20:35	66.8	61.8	51.7	55.5	59.8	4	100
11/04/2015 20:40	68.5	64.4	57.9	58.8	62.7	4	100
11/04/2015 20:45	69.9	66.4	56.4	59.7	63.6	4	100
11/04/2015 20:50	70.6	67.5	53.1	60.6	63.3	4	100
11/04/2015 20:55	72.1	67.4	59	59.3	64.6	4	100
11/04/2015 21:00	63.8	70	63.2	61.9	65	4	100
11/04/2015 21:05	69	71.3	64.6	61.7	66.8	4	100
11/04/2015 21:10	73.6	72.6	59.5	63.6	67.6	4	100
11/04/2015 21:15	75.1	73.4	58.7	64.6	68.7	4	100
11/04/2015 21:20	75.7	73.1	60.2	63.8	68.8	4	100
11/04/2015 21:25	75.9	73.5	61.9	65.8	70.1	4	100
11/04/2015 21:30	75.8	72.3	60.4	63	68.9	4	100
11/04/2015 21:35	75.7	72.7	67.2	63.5	70.3	4	100
11/04/2015 21:40	75.9	73.2	62.7	63.9	69.2	4	100
11/04/2015 21:45	75.8	72.5	63.1	62.9	68.8	4	100
11/04/2015 21:50	75.9	73.1	66	63.5	69.8	4	100
11/04/2015 21:55	75.9	72	66	65.7	70.5	4	100
11/04/2015 22:00	75.8	71	64.8	63.6	68.8	4	100
11/04/2015 22:05	75.6	70.9	60.1	64.3	68.4	4	100
11/04/2015 22:10	75.2	70.5	61.5	63.7	68.4	4	100
11/04/2015 22:15	74.1	70.5	65.5	63.6	68.9	4	100
11/04/2015 22:20	74.2	71	64.4	63.7	68.6	4	100
11/04/2015 22:25	74.3	71.4	64.8	65.3	69.2	4	100
11/04/2015 22:30	73.9	71.8	59.1	63	67.8	4	100
11/04/2015 22:35	74.7	73.3	57.1	65.2	68.1	4	100
11/04/2015 22:40	75	73.9	54.1	66.4	67.4	4	100
11/04/2015 22:45	75.4	74.3	61.9	65.4	69.9	4	100
11/04/2015 22:50	74.4	72.5	61.9	62.2	68	4	100
11/04/2015 22:55	75.2	72.3	53.3	65	66.6	4	100
11/04/2015 23:00	75.7	72	54.5	66.7	67.8	4	100
11/04/2015 23:05	73.9	71.2	56.9	68	67.1	4	100
11/04/2015 23:10	74	70.8	63.6	64.5	68.3	4	100
11/04/2015 23:15	73.1	72.5	68.3	65.3	70	4	100
11/04/2015 23:20	74.7	71.8	67.6	61.8	69.2	4	100
11/04/2015 23:25	74.9	71.2	66.6	60.7	68.7	4	100
11/04/2015 23:30	74.4	70.4	66	61.7	68	4	100
11/04/2015 23:35	74	71.3	36.1	58.9	60	4	100
11/04/2015 23:40	74	72.1	24.4	59.8	57.6	4	100
11/04/2015 23:45	73.1	72.8	38.7	63.8	62.1	4	100
11/04/2015 23:50	74.8	72.8	54.2	63.1	67.2	4	100
11/04/2015 23:55	74.7	72.5	62	61.7	67.2	4	100
11/05/2015 00:00	75.1	71	67.4	62.8	69.2	4	75
11/05/2015 00:05	75.1	71.7	66.2	63	69	4	75
11/05/2015 00:10	75.3	71.2	53.9	61.4	65	4	75
11/05/2015 00:15	74.9	71.1	60.2	63.8	67.4	4	75
11/05/2015 00:20	74.5	72	63.1	66.9	69	4	75
11/05/2015 00:25	75	71.6	62.9	63.2	68.4	4	75
11/05/2015 00:30	74.9	71.9	64.4	64	68.9	4	75
11/05/2015 00:35	75.4	71.6	68.8	60.6	69.2	4	75
11/05/2015 00:40	75.4	71.5	67.7	60.4	68.7	4	75
11/05/2015 00:45	75.2	71.2	70.1	62.4	69.7	4	75
11/05/2015 00:50	75.7	71.3	69	58.5	68.8	4	75
11/05/2015 00:55	75.5	71.5	68.2	60	68.8	4	75
11/05/2015 01:00	75.1	71.3	69	62.7	69.5	4	75
11/05/2015 01:05	75	71.1	67.7	63.4	69.3	4	75
11/05/2015 01:10	75.3	71.1	67.9	61.7	68.9	4	75
11/05/2015 01:15	75.3	71.3	67.6	61.7	68.8	4	75
11/05/2015 01:20	75.3	71	67	61.5	68.6	4	75
11/05/2015 01:25	75.1	70.8	65.9	62.9	68.4	4	75
11/05/2015 01:30	75.2	71	65.4	62	68.4	4	75
11/05/2015 01:35	75.3	70.3	65.7	61.2	68.1	4	75
11/05/2015 01:40	75	71	65.5	63.2	68.7	4	75
11/05/2015 01:45	75.1	70.8	65.9	62.8	68.3	4	75
11/05/2015 01:50	75.3	71.2	65.6	61.4	68.6	4	75
11/05/2015 01:55	75.7	71.2	64.2	58.8	67.3	4	75
11/05/2015 02:00	75.4	71.2	34.8	60.6	60.4	4	75
11/05/2015 02:05	75.2	71.1	51.3	62	63.1	4	75
11/05/2015 02:10	75.1	71.1	40.9	62.8	60.4	4	75
11/05/2015 02:15	75.3	71.3	53	61.6	63.8	4	75
11/05/2015 02:20	75.6	71.1	57.3	59.4	65.5	4	75
11/05/2015 02:25	75.4	71.2	37.5	60.8	56.6	4	75
11/05/2015 02:30	75.3	71.2	41.2	61.6	60.2	4	75
11/05/2015 02:35	75.2	70.9	51.9	61.8	64.7	4	75
11/05/2015 02:40	75.3	70.9	52.7	61.5	65.6	4	75
11/05/2015 02:45	75.3	70.9	42.8	61.5	58.6	4	75
11/05/2015 02:50	75.3	71	30	61.2	49.9	4	75
11/05/2015 02:55	75.3	71.1	48	61.7	65.7	4	75
11/05/2015 03:00	75.2	71.2	58.1	62.2	65.9	4	75
11/05/2015 03:05	75.2	71.2	53.7	62.4	64.9	4	75
11/05/2015 03:10	75.4	70.9	30.8	60.9	54.3	4	75
11/05/2015 03:15	75.5	70.9	17.4	60.2	51.4	4	75
11/05/2015 03:20	75.5	71	35.3	60.1	58.6	4	75
11/05/2015 03:25	75.2	70.8	28.7	61.8	52	4	75
11/05/2015 03:30	75.3	71.1	22.3	61.3	55.4	4	75
11/05/2015 03:35	75.4	70.9	15.5	61	52.3	4	75
11/05/2015 03:40	75.3	71	29.7	61.3	58.5	4	75
11/05/2015 03:45	75.6	71	34.3	59.3	59.7	4	75
11/05/2015 03:50	75.9	71	35.3	57.5	57.2	4	75
11/05/2015 03:55	75.5	71.1	51.8	59.8	64.9	4	75
11/05/2015 04:00	75.5	71.1	56.4	59.9	65.2	4	75
11/05/2015 04:05	75.4	71.5	60.4	60.4	67.5	4	75
11/05/2015 04:10	75.8	71.4	61.3	58	66.2	4	75
11/05/2015 04:15	75.4	71.4	66.1	60.9	68.1	4	75
11/05/2015 04:20	75.4	71.2	53.6	60.7	65	4	75
11/05/2015 04:25	75.1	71	60.7	62.9	67.4	4	75
11/05/2015 04:30	75.1	71.1	65.8	62.7	68.6	4	75
11/05/2015 04:35	75.7	71.2	49.3	58.8	63.3	4	75
11/05/2015 04:40	75.2	72.4	60.4	61.9	67.6	4	75
11/05/2015 04:45	75.3	72.5	62.4	61.4	68.4	4	75
11/05/2015 04:50	75.1	72.5	68.8	62.7	70	4	75
11/05/2015 04:55	75.4	72.2	69.5	60.4	69.6	4	75
11/05/2015 05:00	75.2	71.6	48.8	61.8	64.6	4	75
11/05/2015 05:05	75.3	72	51.2	61.4	64.3	4	75
11/05/2015 05:10	75.2	72.3	64	62.3	68.7	4	75
11/05/2015 05:15	74.6	73.1	62.6	66.2	69.1	4	75
11/05/2015 05:20	75.3	72.7	57.6	61.6	67.2	4	75
11/05/2015 05:25	75.2	73.2	63	62.4	68.7	4	75
11/05/2015 05:30	75.4	71.7	49.8	60.7	64.2	4	75
11/05/2015 05:35	75	72.5	54.2	63.4	66.2	4	75
11/05/2015 05:40	75.4	72.6	61.5	60.8	67.6	4	75
11/05/2015 05:45	74.7	72.1	59.6	65.2	68.5	4	75
11/05/2015 05:50	74.8	72	65.3	64.8	69.4	4	75
11/05/2015 05:55	74.5	71.4	64.9	66.9	69.5	4	75
11/05/2015 06:00	74.8	70.3	68.3	65	69.7	4	75
11/05/2015 06:05	74.9	70.8	66.3	64.2	69.3	4	75
11/05/2015 06:10	74.8	70	62.7	64.5	68.4	4	75
11/05/2015 06:15	74.8	70.2	66.7	65	69.3	4	75
11/05/2015 06:20	75.4	71.2	63.7	60.8	67.8	4	75
11/05/2015 06:25	75.2	70.6	68.1	62	69.1	4	75
11/05/2015 06:30	75.1	70.6	69.4	62.5	69.5	4	75
11/05/2015 06:35	74.6	70.5	68.1	66.4	70	4	75
11/05/2015 06:40	74.7	71.6	71.1	65.7	70.9	4	75
11/05/2015 06:45	74.5	71.6	68.5	66.7	70.4	4	75
11/05/2015 06:50	74.7	71.8	69.3	65.3	70.4	4	75
11/05/2015 06:55	74.7	71.9	71.6	65.7	71	4	75
11/05/2015 07:00	75	70.8	54	63.6	66.1	4	75
11/05/2015 07:05	75	69.7	62.1	63.6	67.8	4	75
11/05/2015 07:10	75.3	70.5	58.6	61.3	66.7	4	75
11/05/2015 07:15	75.1	69.6	60.9	62.6	67.3	4	75
11/05/2015 07:20	75.1	67	57.3	62.5	65.6	4	75
11/05/2015 07:25	75.2	67.3	62.6	61.8	67.1	4	75
11/05/2015 07:30	75.2	66.5	63.8	61.9	67.1	4	75
11/05/2015 07:35	75.6	66.8	64.6	59.6	66.8	4	75
11/05/2015 07:40	77.8	50.2	51.8	44.6	56.4	4	75
11/05/2015 07:45	79.1	38.7	39	36	49.2	4	75
11/05/2015 07:50	80	30.4	33.3	29.9	43.5	4	75
11/05/2015 07:55	80.1	28.2	29.3	29.2	42.3	4	75
11/05/2015 08:00	78.9	32.5	37.9	36.8	47.5	4	75
11/05/2015 08:05	79.7	26.6	34.2	31.4	43.5	4	75
11/05/2015 08:10	80.7	23.8	28.6	25	39.3	4	75
11/05/2015 08:15	80.9	21.9	28.4	23.7	39.1	4	75
11/05/2015 08:20	81.2	19.9	25.2	21.5	37	4	75
11/05/2015 08:25	81.4	21	25	19.8	36.5	4	75
11/05/2015 08:30	81.7	22.9	23.8	18.2	35.6	4	75
11/05/2015 08:35	81.5	22.1	22.8	19.6	37.6	4	75
11/05/2015 08:40	80.8	27.3	25.3	23.9	39.8	4	75
11/05/2015 08:45	79.8	33.3	33.6	30.8	44.6	4	75
11/05/2015 08:50	77.8	50.1	48.7	44.3	55.6	4	75
11/05/2015 08:55	76.9	59.3	55	50.7	60.6	4	75
11/05/2015 09:00	76.1	64.4	60.9	55.7	64.6	4	75
11/05/2015 09:05	75.7	66.5	62.9	58.9	66.3	4	75
11/05/2015 09:10	75.6	66.9	64.2	59.1	66.6	4	75
11/05/2015 09:15	75.6	68.2	63.2	59.1	66.7	4	75
11/05/2015 09:20	75.3	67.7	61.1	61.1	66.7	4	75
11/05/2015 09:25	75.8	67.4	61.4	57.9	65.9	4	75
11/05/2015 09:30	75.8	68	64.5	57.8	66.8	4	75
11/05/2015 09:35	75.5	68.4	65.8	60	67.6	4	75
11/05/2015 09:40	75.4	67.8	66.1	60.8	67.7	4	75
11/05/2015 09:45	75.5	67.9	63.6	60.2	67	4	75
11/05/2015 09:50	75.5	65.7	62.8	59.8	66.1	4	75
11/05/2015 09:55	75.1	67.1	64.1	62.5	67.4	4	75
11/05/2015 10:00	75.1	67.5	63.9	62.8	67.5	4	75
11/05/2015 10:05	75.6	52.8	63.6	59.4	62.9	4	75
11/05/2015 10:10	75.7	59.9	63.1	59	64.4	4	75
11/05/2015 10:15	75.8	62.8	60.9	58.3	64.5	4	75
11/05/2015 10:20	76	63.9	60.9	56.5	64.5	4	75
11/05/2015 10:25	76.1	66	60.6	56	64.9	4	75
11/05/2015 10:30	75.8	66.5	61.6	57.7	65.5	4	75
11/05/2015 10:35	76.2	66.7	58.7	55.3	64.5	4	75
11/05/2015 10:40	75.7	66.8	56.5	58.8	64.9	4	75
11/05/2015 10:45	76.1	65.7	53.8	56.1	63.4	4	75
11/05/2015 10:50	76.1	66.2	57.7	56.3	64.5	4	75
11/05/2015 10:55	76.1	66.1	59.4	55.7	64.4	4	75
11/05/2015 11:00	75.9	64.7	56	57.4	64	4	75
11/05/2015 11:05	75.7	65.4	55.8	58.4	64	4	75
11/05/2015 11:10	75.5	65.6	57.5	60.1	65	4	75
11/05/2015 11:15	76.1	66	56.6	56.1	64.1	4	75
11/05/2015 11:20	76.1	64.7	54.8	56.2	63.4	4	75
11/05/2015 11:25	76.1	64.9	55.1	56	63.2	4	75
11/05/2015 11:30	75.9	64.7	55.5	57.2	63.7	4	75
11/05/2015 11:35	76.4	64.8	54.5	53.7	62.5	4	75
11/05/2015 11:40	76.4	63.2	54.9	54	62.4	4	75
11/05/2015 11:45	76.4	62.1	53.5	54	61.7	4	75
11/05/2015 11:50	76	62.4	53.5	56.5	62.4	4	75
11/05/2015 11:55	76.1	62.1	53.5	56.3	62.2	4	75
11/05/2015 12:00	76.1	63.7	54.7	55.7	63	4	75
11/05/2015 12:05	76.1	61.8	51.9	55.9	61.5	4	75
11/05/2015 12:10	76.4	61.4	52.4	54.1	61.4	4	75
11/05/2015 12:15	76	62.6	53.8	56.5	62.8	4	75
11/05/2015 12:20	76.1	63.5	53.9	56	62.5	4	75
11/05/2015 12:25	76.1	62.9	55.8	55.8	62.8	4	75
11/05/2015 12:30	76.3	62.6	58.1	54.5	63	4	75
11/05/2015 12:35	76.2	63.4	56.9	55.1	63.4	4	75
11/05/2015 12:40	76	63.2	57.5	56.5	63.6	4	75
11/05/2015 12:45	75.8	63.5	58.4	57.9	64	4	75
11/05/2015 12:50	76.3	60.5	55.7	54.9	62.1	4	75
11/05/2015 12:55	76.7	54.6	49.7	51.6	58.3	4	75
11/05/2015 13:00	77.5	50.3	44.8	46.5	55.3	4	75
11/05/2015 13:05	76.7	56.6	52.6	51.7	59.8	4	75
11/05/2015 13:10	76.2	61.3	52.7	55	61.6	4	75
11/05/2015 13:15	76.3	62.7	57.6	54.3	62.8	4	75
11/05/2015 13:20	76.5	63.8	60.2	53.3	63.6	4	75
11/05/2015 13:25	76.2	63.6	54.2	55.1	62.7	4	75
11/05/2015 13:30	76.1	64	54.5	56.2	62.6	4	75
11/05/2015 13:35	76.5	60.2	52.3	53.4	60.9	4	75
11/05/2015 13:40	76.6	59.6	52.6	52.4	60.6	4	75
11/05/2015 13:45	79.1	43.6	39.9	35.6	49.4	4	75
11/05/2015 13:50	80.8	30	29.3	24.1	40.9	4	75
11/05/2015 13:55	81.3	24.8	25.7	20.8	37.5	4	75
11/05/2015 14:00	81.5	20.1	23.1	19.5	35.7	4	75
11/05/2015 14:05	81.5	19.2	21.5	19.2	34.9	4	75
11/05/2015 14:10	81.5	18	21.1	19.2	35.6	4	75
11/05/2015 14:15	81.7	17.6	19.9	17.9	34	4	75
11/05/2015 14:20	81.3	19.9	23.1	20.6	37	4	75
11/05/2015 14:25	81.7	17.2	18.9	18	33.2	4	75
11/05/2015 14:30	81.9	17.1	18.3	17	33.2	4	75
11/05/2015 14:35	81.9	16.5	18.8	16.7	33.6	4	75
11/05/2015 14:40	81.9	17.5	20.5	17	34.3	4	75
11/05/2015 14:45	81.8	16	19.3	17.4	34.4	4	75
11/05/2015 14:50	81.8	14.2	17.9	17.3	33.6	4	75
11/05/2015 14:55	82.4	11.9	14	13.7	30.3	4	75
11/05/2015 15:00	82.7	10.4	11.4	11.4	28.6	4	75
11/05/2015 15:05	82.9	10.8	12	10.3	28.3	4	75
11/05/2015 15:10	83	10.4	12.4	9.6	27.4	4	75
11/05/2015 15:15	83.1	11	12.7	8.6	27.1	4	75
11/05/2015 15:20	83	11.2	12.4	9.3	28.1	4	75
11/05/2015 15:25	82.8	11.8	14.4	10.9	29.5	4	75
11/05/2015 15:30	82.7	11	14	11.6	29.7	4	75
11/05/2015 15:35	83.3	7.8	9.9	7.6	24.8	4	75
11/05/2015 15:40	83.5	6.5	7.2	5.6	23.8	4	75
11/05/2015 15:45	83.2	9.4	10.7	8.2	27.2	4	75
11/05/2015 15:50	83.1	9.8	11.6	8.3	27.3	4	75
11/05/2015 15:55	83.2	8.7	10.5	7.7	26.3	4	75
11/05/2015 16:00	83	9.5	11.5	9	28.8	4	75
11/05/2015 16:05	82.6	11.2	12.3	11.8	30.1	4	75
11/05/2015 16:10	82.9	9.3	10.2	9.9	28	4	75
11/05/2015 16:15	82.9	9.9	11.2	10.1	27.3	4	75
11/05/2015 16:20	83.4	7.3	7.9	6.3	20.8	4	75
11/05/2015 16:25	83.5	7.4	8.8	6	23.6	4	75
11/05/2015 16:30	83.3	9.5	11.1	7.3	26.4	4	75
11/05/2015 16:35	83.4	9.7	10.4	6.6	24.8	4	75
11/05/2015 16:40	83.6	7.7	8.4	5.2	22.4	4	75
11/05/2015 16:45	83.5	8.6	9.5	6.2	25.6	4	75
11/05/2015 16:50	83.3	8.5	10.1	7.5	26.8	4	75
11/05/2015 16:55	83.5	7.9	8.5	5.7	22.9	4	75
11/05/2015 17:00	83.7	7.4	8.7	4.9	22.2	4	75
11/05/2015 17:05	83.6	8.3	10.2	5.1	23.1	4	75
11/05/2015 17:10	83.5	8.7	10	5.9	24.8	4	75
11/05/2015 17:15	83.6	7.9	8	5.4	24.7	4	75
11/05/2015 17:20	83.7	8	8.3	4.8	21.9	4	75
11/05/2015 17:25	83.7	7	6.5	4.4	22.2	4	75
11/05/2015 17:30	83.8	6.5	7.1	4	20.4	4	75
11/05/2015 17:35	83.5	8.9	9.6	6.1	24.8	4	75
11/05/2015 17:40	83.7	7.6	8.1	4.4	20.1	4	75
11/05/2015 17:45	83.7	7.4	8.3	4.4	22.1	4	75
11/05/2015 17:50	83.5	8.6	8.3	5.7	26	4	75
11/05/2015 17:55	83.7	7.8	7.6	4.8	22.1	4	75
11/05/2015 18:00	83.7	8.1	7.3	4.3	21.4	4	75
11/05/2015 18:05	83.8	7.1	7.9	4	21.7	4	75
11/05/2015 18:10	83.7	6.1	7.6	4.3	23.7	4	75
11/05/2015 18:15	83.8	7.2	7.6	4	20.8	4	75
11/05/2015 18:20	83.8	7.9	8.8	3.8	20.7	4	75
11/05/2015 18:25	83.8	7.1	7.2	3.9	23.1	4	75
11/05/2015 18:30	83.7	9.8	12.1	4.8	22.9	4	75
11/05/2015 18:35	83.6	9.5	10.5	5.2	24.8	4	75
11/05/2015 18:40	83.6	8.4	9.2	5.1	24.3	4	75
11/05/2015 18:45	83.5	8.1	8.2	5.9	25.6	4	75
11/05/2015 18:50	83.6	7.9	7.9	5.3	23.3	4	75
11/05/2015 18:55	83.5	9.7	10.9	5.7	24.3	4	75
11/05/2015 19:00	83.1	11.1	12.3	8.7	28.4	4	75
11/05/2015 19:05	83.3	9.7	11.1	7.5	26.3	4	75
11/05/2015 19:10	83.1	11.6	12.8	8.3	26.7	4	75
11/05/2015 19:15	82.8	13.1	14.6	10.6	29.7	4	75
11/05/2015 19:20	83.1	12.4	12.9	8.6	26.2	4	75
11/05/2015 19:25	83.3	11.1	12.3	7.6	26.3	4	75
11/05/2015 19:30	83.2	11.5	12.4	7.7	27.2	4	75
11/05/2015 19:35	83	12.4	13.9	9.1	29.6	4	75
11/05/2015 19:40	82.9	14.6	15.4	10.1	29.2	4	75
11/05/2015 19:45	82.8	16.7	16.4	10.7	31.3	4	75
11/05/2015 19:50	83	13.6	14.8	9.2	28.8	4	75
11/05/2015 19:55	82.9	14.6	17.6	10.3	29.7	4	75
11/05/2015 20:00	82.6	16	18.5	12.3	31.7	4	75
11/05/2015 20:05	82.9	14	16.1	10	29.5	4	75
11/05/2015 20:10	82.9	14.2	16.2	10.3	29.8	4	75
11/05/2015 20:15	82	17.6	20.9	15.9	33.9	4	75
11/05/2015 20:20	81.8	20.7	23	17.7	35.7	4	75
11/05/2015 20:25	81.1	23.5	28	22.1	38.7	4	75
11/05/2015 20:30	80.5	25.1	30.4	26.4	40.9	4	75
11/05/2015 20:35	79.7	27.2	31.5	31.8	41.8	4	75
11/05/2015 20:40	77.9	45	47.3	43.5	53.2	4	75
11/05/2015 20:45	76.3	54.1	56.5	54.5	59.9	4	75
11/05/2015 20:50	76.1	57.9	58	56	61.8	4	75
11/05/2015 20:55	75.5	62.6	58.9	60.3	64.5	4	75
11/05/2015 21:00	75.6	66.2	57.8	59.4	64.9	4	75
11/05/2015 21:05	75.5	69.1	60.2	59.8	66.3	4	75
11/05/2015 21:10	75.6	67.3	61.4	59.5	66	4	75
11/05/2015 21:15	75.9	61.8	56.6	57.1	62.9	4	75
11/05/2015 21:20	75.1	68.2	59.2	62.9	66.4	4	75
11/05/2015 21:25	75.2	71.4	65.4	62.1	68.6	4	75
11/05/2015 21:30	75.2	72.3	65.9	61.9	69.1	4	75
11/05/2015 21:35	75	73.1	67.4	63.3	69.9	4	75
11/05/2015 21:40	75.1	71.5	53.1	62.9	65.8	4	75
11/05/2015 21:45	75	72.1	61.5	63.7	68.2	4	75
11/05/2015 21:50	74.9	73.6	62.2	64.4	68.9	4	75
11/05/2015 21:55	75.1	72	62.8	62.5	68.3	4	75
11/05/2015 22:00	75.1	71.4	63.4	62.5	68.4	4	75
11/05/2015 22:05	74.9	70.9	64.5	63.9	68.5	4	75
11/05/2015 22:10	74.8	70.5	60.8	64.8	67.8	4	75
11/05/2015 22:15	75	71	40.8	63.3	62.9	4	75
11/05/2015 22:20	75.4	70.3	51.1	60.7	64	4	75
11/05/2015 22:25	75.4	70.3	61	60.5	66.7	4	75
11/05/2015 22:30	75.3	71.2	63.9	61.7	68.1	4	75
11/05/2015 22:35	75.4	72.4	63.5	60.5	68.2	4	75
11/05/2015 22:40	75.1	71.9	62.1	62.6	67.9	4	75
11/05/2015 22:45	74.5	73	61.8	67	69.1	4	75
11/05/2015 22:50	74.4	73.5	63.2	67.4	69.7	4	75
11/05/2015 22:55	74.8	73.3	61.9	64.9	68.9	4	75
11/05/2015 23:00	74.8	73.3	65.2	64.5	69.5	4	75
11/05/2015 23:05	75.3	73.2	67.3	61.4	69.5	4	75
11/05/2015 23:10	75.4	72.3	64.9	61	68.4	4	75
11/05/2015 23:15	75.8	72.1	64.8	57.7	68	4	75
11/05/2015 23:20	75.7	72.1	66.3	58.8	68.4	4	75
11/05/2015 23:25	75.9	73.1	66	57.6	68.4	4	75
11/05/2015 23:30	75.6	73.1	66.5	59.2	68.8	4	75
11/05/2015 23:35	75.3	72.4	66.7	61.2	69.1	4	75
11/05/2015 23:40	75	73.1	47	63.3	64.3	4	75
11/05/2015 23:45	75.6	72.2	39.6	59.5	61	4	75
11/05/2015 23:50	75.3	72.4	50.8	61.5	65.6	4	75
11/05/2015 23:55	75.5	72.3	42.5	60.3	62.5	4	75
11/06/2015 00:00	74.8	71	67.4	62.8	69.5	4	100
11/06/2015 00:05	75	69.2	63	63.1	67.4	4	100
11/06/2015 00:10	74.6	70.6	63.6	59.9	67.4	4	100
11/06/2015 00:15	74.4	71.5	57.7	62.1	65.8	4	100
11/06/2015 00:20	74.1	71.5	58.7	62.6	65.8	4	100
11/06/2015 00:25	73.4	72	58.7	63.3	66.9	4	100
11/06/2015 00:30	73.6	71.4	61.1	63.6	67.1	4	100
11/06/2015 00:35	74.2	71.1	67.6	59.8	67.6	4	100
11/06/2015 00:40	74.3	71.1	66.9	60.7	68.4	4	100
11/06/2015 00:45	74.8	71.7	63.6	61	68.2	4	100
11/06/2015 00:50	74.5	71.9	68.2	62.8	68.8	4	100
11/06/2015 00:55	74.5	71.5	57.1	59.7	64.3	4	100
11/06/2015 01:00	74.7	70.7	55.2	62	64	4	100
11/06/2015 01:05	74.6	71.2	61.8	61.6	66.7	4	100
11/06/2015 01:10	74.7	71.8	64.7	62.2	67.7	4	100
11/06/2015 01:15	74.7	71.1	62.9	59.1	65.9	4	100
11/06/2015 01:20	74.8	71.3	65.3	62.6	67.7	4	100
11/06/2015 01:25	74.6	71.6	66.2	59.7	67.4	4	100
11/06/2015 01:30	74.7	71.3	68	60.1	68.4	4	100
11/06/2015 01:35	74.6	71.2	63.6	61.3	67.7	4	100
11/06/2015 01:40	74.7	70.5	67.2	62.3	68.4	4	100
11/06/2015 01:45	74.7	71	66.5	58.9	67.3	4	100
11/06/2015 01:50	74.8	71	65.3	57.8	67.1	4	100
11/06/2015 01:55	74.9	70.9	63.7	57.3	64.8	4	100
11/06/2015 02:00	74.8	71	66.2	58.8	67.5	4	100
11/06/2015 02:05	74.8	71	65.8	59.3	66.6	4	100
11/06/2015 02:10	74.7	70.9	65.9	61.1	68.1	4	100
11/06/2015 02:15	74.7	71.2	64.3	62.7	67.9	4	100
11/06/2015 02:20	74.7	71.3	60.2	62.5	66.5	4	100
11/06/2015 02:25	74.8	71.2	59.7	62.6	66.4	4	100
11/06/2015 02:30	74.8	70.7	61.1	62.7	66.6	4	100
11/06/2015 02:35	74.9	70.9	62.8	63.3	66.8	4	100
11/06/2015 02:40	74.7	71	64.6	63.6	68.7	4	100
11/06/2015 02:45	74.7	70.9	65.8	64.2	68.1	4	100
11/06/2015 02:50	74.7	70.8	67.9	64.3	67.8	4	100
11/06/2015 02:55	74.8	71	63.2	63.8	67.1	4	100
11/06/2015 03:00	74.9	71	66.5	64	67.6	4	100
11/06/2015 03:05	75	71.1	62.9	63.3	66.9	4	100
11/06/2015 03:10	74.9	71	65.7	62.5	66.9	4	100
11/06/2015 03:15	74.3	71	65.4	63.2	67.4	4	100
11/06/2015 03:20	74.5	70.8	67.2	62.1	67.8	4	100
11/06/2015 03:25	74.7	70.9	67.3	56.6	65.6	4	100
11/06/2015 03:30	74.8	71	59.4	55.6	63.2	4	100
11/06/2015 03:35	74.9	71	62.4	59.3	66	4	100
11/06/2015 03:40	74.9	71	66.1	60.6	67.5	4	100
11/06/2015 03:45	74.7	71	59.6	61.6	64.5	4	100
11/06/2015 03:50	74.8	70.7	63.2	53.6	62.9	4	100
11/06/2015 03:55	74.7	70.8	65.9	58.9	65.9	4	100
11/06/2015 04:00	74.8	70.7	67.2	61.3	68.1	4	100
11/06/2015 04:05	74.8	70.8	66.7	59.9	66.9	4	100
11/06/2015 04:10	74.9	71.2	64.1	61.7	67.8	4	100
11/06/2015 04:15	74.9	71	61.4	61.8	65.9	4	100
11/06/2015 04:20	74.7	71	64.1	58.3	66.7	4	100
11/06/2015 04:25	75	71.1	63.7	59.2	67.5	4	100
11/06/2015 04:30	74.9	71	66.6	60.3	67.7	4	100
11/06/2015 04:35	74.6	71.1	61.2	58.3	65.7	4	100
11/06/2015 04:40	74.7	70.9	61.4	58	66.7	4	100
11/06/2015 04:45	74.7	70.8	67.3	60.7	68.3	4	100
11/06/2015 04:50	74.8	71	61.3	60.8	66.6	4	100
11/06/2015 04:55	74.3	71.1	62	62.5	67.8	4	100
11/06/2015 05:00	74.8	71.4	59.2	61.1	67.3	4	100
11/06/2015 05:05	75.6	71.4	63.8	55.1	66.5	4	100
11/06/2015 05:10	75.2	71.5	60.6	52.5	65.3	4	100
11/06/2015 05:15	74.9	72.1	62.6	57.2	68	4	100
11/06/2015 05:20	75.5	72.2	64.3	55.9	68.2	4	100
11/06/2015 05:25	75.7	70.7	65.3	55.9	68.2	4	100
11/06/2015 05:30	74	71.8	66.4	60.7	68.9	4	100
11/06/2015 05:35	74.5	71.1	48	61.9	65.1	4	100
11/06/2015 05:40	74.9	72	54	59.1	66.3	4	100
11/06/2015 05:45	75.1	71.5	60.3	64.4	68.3	4	100
11/06/2015 05:50	76.7	71.2	59.8	61	67.3	4	100
11/06/2015 05:55	75.9	72.2	62	63.1	69.5	4	100
11/06/2015 06:00	75.5	71.6	65	62.9	69.3	4	100
11/06/2015 06:05	77.4	70.9	66.8	57.7	68.2	4	100
11/06/2015 06:10	76.3	71.6	66.7	61.1	70	4	100
11/06/2015 06:15	76.2	72.2	64	62.7	69.3	4	100
11/06/2015 06:20	76.6	72	63.7	62	69.1	4	100
11/06/2015 06:25	77.8	73.1	67.3	64.9	71.6	4	100
11/06/2015 06:30	77.7	71.6	69.7	67.2	72	4	100
11/06/2015 06:35	76.1	71.7	69.2	67.3	71.4	4	100
11/06/2015 06:40	74.8	71.1	69.2	67.3	70.9	4	100
11/06/2015 06:45	75.3	71.2	71.1	65.4	71	4	100
11/06/2015 06:50	74.8	71.6	68.2	63.5	69.8	4	100
11/06/2015 06:55	73.4	70.9	69.6	63.3	69.3	4	100
11/06/2015 07:00	72.3	69.7	62.2	53.1	64.9	4	100
11/06/2015 07:05	72.5	69.2	57.2	57	64.7	4	100
11/06/2015 07:10	71.8	68.9	60.6	59.4	65.4	4	100
11/06/2015 07:15	71.5	69.7	57.2	60.5	65.4	4	100
11/06/2015 07:20	71.1	69.5	51.6	61.2	63.8	4	100
11/06/2015 07:25	71.7	69.4	53.6	60.4	64.5	4	100
11/06/2015 07:30	71.2	68.2	51.3	58.3	63	4	100
11/06/2015 07:35	68.2	65.7	54	58.9	62.2	4	100
11/06/2015 07:40	65	62.8	56.7	56.5	60.5	4	100
11/06/2015 07:45	57.5	54.1	51.8	48.4	53.3	4	100
11/06/2015 07:50	62.5	60.1	56.3	53.5	58.3	4	100
11/06/2015 07:55	67	64.3	55.2	55.8	61	4	100
11/06/2015 08:00	62.6	63.6	55.9	52.4	58.9	4	100
11/06/2015 08:05	67.3	66.4	50.5	59.1	61.3	4	100
11/06/2015 08:10	67.7	66.1	58.4	57.7	62.9	4	100
11/06/2015 08:15	67.7	65.8	61	58	63.4	4	100
11/06/2015 08:20	66.9	64.7	60.6	57.5	62.6	4	100
11/06/2015 08:25	68.7	66.3	63.9	57.7	64.2	4	100
11/06/2015 08:30	70.2	67	63.5	59.8	65.5	4	100
11/06/2015 08:35	71.6	67.2	62.8	59.6	65.8	4	100
11/06/2015 08:40	71.8	67.8	62.5	61.5	66.4	4	100
11/06/2015 08:45	71.4	68.6	62.9	61.7	66.5	4	100
11/06/2015 08:50	71.1	68.4	63.9	61.3	66.5	4	100
11/06/2015 08:55	72.6	69.3	63.1	59.8	66.8	4	100
11/06/2015 09:00	72.3	68.8	66.8	60.1	67.5	4	100
11/06/2015 09:05	72.8	68.2	66.1	58.1	66.5	4	100
11/06/2015 09:10	73.6	70	55.3	58.3	64.9	4	100
11/06/2015 09:15	71.3	68.8	57.8	55.9	63.9	4	100
11/06/2015 09:20	71.4	67.6	62.2	59	65.5	4	100
11/06/2015 09:25	70.9	66.9	61.9	63.2	65.9	4	100
11/06/2015 09:30	71	67.1	62.5	61.1	65.6	4	100
11/06/2015 09:35	71.4	66.9	61.5	61.2	65.5	4	100
11/06/2015 09:40	72	69	65.5	62.1	67.4	4	100
11/06/2015 09:45	71.9	68.8	62.2	61.3	66.4	4	100
11/06/2015 09:50	73.2	69.5	62.2	62	67.2	4	100
11/06/2015 09:55	71.4	69.1	61.6	62.2	66.2	4	100
11/06/2015 10:00	72	68.2	58.1	60.8	65	4	100
11/06/2015 10:05	71	66	58.6	59	64.2	4	100
11/06/2015 10:10	71.7	65.8	65.3	58.3	65.9	4	100
11/06/2015 10:15	47.3	65	63.9	59.9	59	4	100
11/06/2015 10:20	40.4	64.9	59.6	60	55.5	4	100
11/06/2015 10:25	55.5	65.7	55.8	57.5	58.5	4	100
11/06/2015 10:30	64.7	66.7	57.4	60.8	62.8	4	100
11/06/2015 10:35	67.8	66.3	53.7	57	62.2	4	100
11/06/2015 10:40	68.9	66.2	55.8	57.7	62.7	4	100
11/06/2015 10:45	69	65.7	54.3	56.9	62	4	100
11/06/2015 10:50	69.3	65.9	54.7	58.7	63	4	100
11/06/2015 10:55	70	66.5	56.2	54.3	62.6	4	100
11/06/2015 11:00	69.8	65.1	52.4	54.5	61.4	4	100
11/06/2015 11:05	71.2	66.2	58.4	55.3	62.9	4	100
11/06/2015 11:10	71	64.8	55	55	62.2	4	100
11/06/2015 11:15	71.2	64.7	55	54.1	62.1	4	100
11/06/2015 11:20	70.3	64.7	54.5	56.5	62.2	4	100
11/06/2015 11:25	69.5	64.9	57.1	57.2	62.6	4	100
11/06/2015 11:30	68.7	63.3	56.6	49.7	60	4	100
11/06/2015 11:35	69.6	63.3	58.9	52.2	61.6	4	100
11/06/2015 11:40	69.5	64.8	55.9	56.5	62.6	4	100
11/06/2015 11:45	69.2	65.5	57.2	58.4	63	4	100
11/06/2015 11:50	68.9	65.4	58.4	56.4	62.6	4	100
11/06/2015 11:55	69.4	64.6	55.5	58.3	62.8	4	100
11/06/2015 12:00	68.9	63.5	58.1	59.1	63	4	100
11/06/2015 12:05	70.1	63.4	58.2	59.7	63.3	4	100
11/06/2015 12:10	69.6	63.5	57.8	59.1	62.9	4	100
11/06/2015 12:15	68.5	63.4	52.6	58.2	61.4	4	100
11/06/2015 12:20	67.5	63.3	51.6	56.1	60.3	4	100
11/06/2015 12:25	67.5	64.3	54	56.4	61.3	4	100
11/06/2015 12:30	67.7	64.1	54.8	44.2	58.2	4	100
11/06/2015 12:35	66.5	62.5	54.4	47.3	58.5	4	100
11/06/2015 12:40	54.4	46.9	45.7	44	48	4	100
11/06/2015 12:45	55.1	48.7	44.8	43.7	48.4	4	100
11/06/2015 12:50	53.5	50.4	44.8	46	48.9	4	100
11/06/2015 12:55	44	41.4	40.7	41.4	42	4	100
11/06/2015 13:00	32.4	30.4	34.8	33.3	32.8	4	100
11/06/2015 13:05	26	25.4	27.5	23.4	25.7	4	100
11/06/2015 13:10	21.8	20.6	21.9	18.3	20.8	4	100
11/06/2015 13:15	23.2	19.8	21.1	17.3	20.7	4	100
11/06/2015 13:20	22.8	21	21.5	17.2	20.9	4	100
11/06/2015 13:25	21.2	19.3	20.6	18.1	19.9	4	100
11/06/2015 13:30	21.1	16.3	18.2	14.3	17.9	4	100
11/06/2015 13:35	19.9	16.4	20	14.6	18.1	4	100
11/06/2015 13:40	16.1	13.4	16.2	12.7	14.8	4	100
11/06/2015 13:45	18	14.4	15.4	12.4	15.4	4	100
11/06/2015 13:50	15.1	12.7	14.7	10.9	13.6	4	100
11/06/2015 13:55	13.4	11.7	13.1	9.8	12.2	4	100
11/06/2015 14:00	10.9	11.1	12.8	10.7	11.4	4	100
11/06/2015 14:05	17	15.3	16.1	14.1	15.7	4	100
11/06/2015 14:10	16.2	15	16.6	15.5	15.9	4	100
11/06/2015 14:15	16.2	14.8	15.6	15.1	15.5	4	100
11/06/2015 14:20	18	16.8	17	16.5	17.1	4	100
11/06/2015 14:25	20.1	17.6	17.3	17.1	18.2	4	100
11/06/2015 14:30	17	13.5	14.4	13.2	14.8	4	100
11/06/2015 14:35	21.4	15.8	16.7	14.5	17.6	4	100
11/06/2015 14:40	16.9	12	12	11.4	13.6	4	100
11/06/2015 14:45	18.3	12.5	13.5	10.7	14.3	4	100
11/06/2015 14:50	20.3	12.8	14.1	11.9	15.5	4	100
11/06/2015 14:55	19	12.3	13	11.3	14.6	4	100
11/06/2015 15:00	17.5	11.3	13.6	10.6	13.7	4	100
11/06/2015 15:05	15.7	10.3	13	9.9	12.6	4	100
11/06/2015 15:10	15.7	10.6	13.6	9.4	12.8	4	100
11/06/2015 15:15	15.7	10.8	13.1	9.1	12.7	4	100
11/06/2015 15:20	15.6	10.8	11.3	9.2	12.2	4	100
11/06/2015 15:25	16.2	10.9	13	11	13	4	100
11/06/2015 15:30	12.6	9.2	11.2	7.7	10.6	4	100
11/06/2015 15:35	12.2	8.5	11.6	9	10.6	4	100
11/06/2015 15:40	13.2	10.1	12.6	10.4	11.8	4	100
11/06/2015 15:45	14.5	9.5	10.7	9.4	11.6	4	100
11/06/2015 15:50	18.4	12.3	12	10.7	14.1	4	100
11/06/2015 15:55	17.3	11.1	12.1	10.7	13.5	4	100
11/06/2015 16:00	18.6	12.5	15.1	12.2	15	4	100
11/06/2015 16:05	19.7	14.4	15.3	14.1	16.3	4	100
11/06/2015 16:10	20.2	13.7	14.2	13.2	16.1	4	100
11/06/2015 16:15	18.9	13.6	13.6	13.7	15.3	4	100
11/06/2015 16:20	13.9	10	10.4	9.6	11.4	4	100
11/06/2015 16:25	15.6	11	13.2	12	13.3	4	100
11/06/2015 16:30	20.5	14.9	20.4	21.1	19.4	4	100
11/06/2015 16:35	21.1	16.9	24.1	27.3	22.2	4	100
11/06/2015 16:40	17	13.5	19.3	18.9	17.2	4	100
11/06/2015 16:45	23.1	16.7	20.5	19.9	20.4	4	100
11/06/2015 16:50	31.3	28.9	33.1	30.2	31	4	100
11/06/2015 16:55	26.4	23.8	28.8	28	26.8	4	100
11/06/2015 17:00	25.1	19.2	23.7	22.6	22.9	4	100
11/06/2015 17:05	28.1	23.2	25.2	24.5	25.5	4	100
11/06/2015 17:10	32.5	27.3	29.3	30.7	30.1	4	100
11/06/2015 17:15	34.1	25.1	31.1	26.7	29.8	4	100
11/06/2015 17:20	30	22.1	24.6	24.4	25.6	4	100
11/06/2015 17:25	24.7	18.1	20.3	18.3	20.7	4	100
11/06/2015 17:30	21.1	18	19.9	15.4	18.9	4	100
11/06/2015 17:35	23.4	18.1	21.1	14.5	19.9	4	100
11/06/2015 17:40	21.9	17.6	18	17.2	19	4	100
11/06/2015 17:45	25.5	20.4	23.4	17.8	22.3	4	100
11/06/2015 17:50	25.9	21.8	27.6	26.8	25.6	4	100
11/06/2015 17:55	28.1	23.3	29.1	27.9	27.3	4	100
11/06/2015 18:00	22.9	20.8	25.5	27.6	24.1	4	100
11/06/2015 18:05	18.7	18.5	23.7	30	22.6	4	100
11/06/2015 18:10	14.9	13.5	17	19.4	16	4	100
11/06/2015 18:15	16.4	12.1	15.6	14.8	14.9	4	100
11/06/2015 18:20	19.1	12.6	15.5	12.7	15.5	4	100
11/06/2015 18:25	18.7	14	16.2	10.7	15.5	4	100
11/06/2015 18:30	21.7	17.9	20	14.8	19	4	100
11/06/2015 18:35	20	17	19.3	15.2	18.1	4	100
11/06/2015 18:40	15.9	14.5	16.7	13.1	15.2	4	100
11/06/2015 18:45	18.3	15.3	16.9	12.7	16.2	4	100
11/06/2015 18:50	19.9	16.4	19.9	15.1	18	4	100
11/06/2015 18:55	19.1	15.1	20.7	14.7	17.8	4	100
11/06/2015 19:00	23	18.4	23.7	17.8	21	4	100
11/06/2015 19:05	24.8	20.9	26.4	23.2	24	4	100
11/06/2015 19:10	21.2	18.1	26	24.6	22.6	4	100
11/06/2015 19:15	22.3	20.5	27.5	27.6	24.4	4	100
11/06/2015 19:20	23.3	22.8	30.2	30.7	26.5	4	100
11/06/2015 19:25	29.4	25.3	28.5	29.4	28.2	4	100
11/06/2015 19:30	33.4	28.7	25.6	25.1	28.7	4	100
11/06/2015 19:35	35	28.2	23.2	22	28	4	100
11/06/2015 19:40	40.2	33.4	31.4	30.8	34.5	4	100
11/06/2015 19:45	45.1	40.4	38.6	39.3	41.3	4	100
11/06/2015 19:50	51.5	47.4	45.6	48.3	48.4	4	100
11/06/2015 19:55	57	52.7	49.1	51.5	52.9	4	100
11/06/2015 20:00	60.6	56	50.8	54	55.9	4	100
11/06/2015 20:05	62.8	58.5	53.4	57.1	58.5	4	100
11/06/2015 20:10	62.6	57.8	54.2	52.4	57.6	4	100
11/06/2015 20:15	62.6	58.1	57	55.4	58.6	4	100
11/06/2015 20:20	63.8	59	55.8	52.7	58.5	4	100
11/06/2015 20:25	61.8	58.2	56.7	54.1	58.1	4	100
11/06/2015 20:30	63.4	60.6	59.9	57.2	60.6	4	100
11/06/2015 20:35	65.1	61.3	60	60.1	62	4	100
11/06/2015 20:40	66.7	63.4	61.5	61.3	63.6	4	100
11/06/2015 20:45	67.3	63.7	61.1	61.9	64	4	100
11/06/2015 20:50	64.8	61.3	60.3	62	62.3	4	100
11/06/2015 20:55	66.6	63.1	64.1	64	64.6	4	100
11/06/2015 21:00	71.2	67.1	69	65.8	68.6	4	100
11/06/2015 21:05	73.9	68.9	68.9	64.4	69.4	4	100
11/06/2015 21:10	74.4	70.5	68.3	62.4	69.7	4	100
11/06/2015 21:15	74.3	70.6	67.1	62.7	69.4	4	100
11/06/2015 21:20	65.5	71.3	68.1	62	67	4	100
11/06/2015 21:25	70.1	71.2	65.8	62.6	67.8	4	100
11/06/2015 21:30	74	70.9	66.2	61.9	68.9	4	100
11/06/2015 21:35	74.7	70.8	68.5	62.6	69.6	4	100
11/06/2015 21:40	75	70.7	69.5	63.4	70.2	4	100
11/06/2015 21:45	75.7	71.9	69.4	65.1	71.1	4	100
11/06/2015 21:50	76.5	72.8	69.9	66.7	72.1	4	100
11/06/2015 21:55	77.1	73	71.4	63.8	72.1	4	100
11/06/2015 22:00	74.8	71.3	68.9	63	69.9	4	100
11/06/2015 22:05	74.4	70.2	66.6	62.2	69.2	4	100
11/06/2015 22:10	74.2	70.6	70.2	59.1	69.1	4	100
11/06/2015 22:15	74.2	71.4	69.4	60.8	69.3	4	100
11/06/2015 22:20	74.5	71.1	67.8	63.5	70	4	100
11/06/2015 22:25	75.1	73.8	69.1	63.6	70.9	4	100
11/06/2015 22:30	74.1	73	71.7	61.8	70.6	4	100
11/06/2015 22:35	73.5	72.5	72.5	63.5	70.5	4	100
11/06/2015 22:40	74.1	72.2	71.4	63.9	70.6	4	100
11/06/2015 22:45	74.8	72.3	70.3	64.2	70.8	4	100
11/06/2015 22:50	75.7	72.1	70.3	64.2	71.1	4	100
11/06/2015 22:55	77.4	73.3	67.7	64.5	71.1	4	100
11/06/2015 23:00	76.2	73.1	61.9	63.1	68.9	4	100
11/06/2015 23:05	76.6	72.6	65.4	58.9	69	4	100
11/06/2015 23:10	75.9	71.7	63.4	63.1	69.3	4	100
11/06/2015 23:15	74.7	72.6	63.5	62.6	68.7	4	100
11/06/2015 23:20	74.2	71.7	63.2	60.7	67.7	4	100
11/06/2015 23:25	73.7	71.6	63.8	60.9	67.7	4	100
11/06/2015 23:30	73.9	70.9	66.3	60.6	68.6	4	100
11/06/2015 23:35	74.7	70.7	65.4	58.2	68.2	4	100
11/06/2015 23:40	75.9	71.3	65.6	62.8	68.7	4	100
11/06/2015 23:45	75.6	72.1	62.4	66	69.2	4	100
11/06/2015 23:50	74.7	72	68.4	67	70.7	4	100
11/06/2015 23:55	75.2	71.5	68.4	66.5	70.3	4	100
11/07/2015 00:00	73.2	70.3	66.8	62.8	68.8	4	100
11/07/2015 00:05	74.1	70.4	68.1	64.1	69.5	4	100
11/07/2015 00:10	73.4	71	65.7	62.1	68.6	4	100
11/07/2015 00:15	73.8	72.4	66	62.6	68.7	4	100
11/07/2015 00:20	73.6	71.8	67.8	63	69.4	4	100
11/07/2015 00:25	73.7	71.8	68	57.1	68.3	4	100
11/07/2015 00:30	73.3	71.4	64.8	61.9	68	4	100
11/07/2015 00:35	74.4	71.5	68.2	60.8	69	4	100
11/07/2015 00:40	74.6	70.3	43.9	62.5	62.7	4	100
11/07/2015 00:45	74.2	70.4	44.6	59.2	61.9	4	100
11/07/2015 00:50	73.2	70.7	39.4	64.1	62.2	4	100
11/07/2015 00:55	73.9	72.3	46.1	63.3	63	4	100
11/07/2015 01:00	74.3	71.2	54.9	65.8	66	4	100
11/07/2015 01:05	73.1	71.5	56.4	64.3	66	4	100
11/07/2015 01:10	73.9	72.5	61.1	63.8	68	4	100
11/07/2015 01:15	74.4	72.7	56.2	64.5	67.4	4	100
11/07/2015 01:20	74.4	72.3	57.4	64.3	66.9	4	100
11/07/2015 01:25	74.5	72.1	42.8	63.6	61.4	4	100
11/07/2015 01:30	74.1	71.4	52.1	60.1	64.5	4	100
11/07/2015 01:35	74.7	72	32.7	62.6	58.3	4	100
11/07/2015 01:40	74.9	72.4	24.9	62.9	55.6	4	100
11/07/2015 01:45	75.7	72.2	24.2	64.3	58.3	4	100
11/07/2015 01:50	74.8	71.8	45.2	64.6	62.4	4	100
11/07/2015 01:55	74.7	71.5	56.8	63.7	65.5	4	100
11/07/2015 02:00	74.7	71.5	60.2	60	67.2	4	100
11/07/2015 02:05	74.9	71.1	63.5	62.9	68	4	100
11/07/2015 02:10	74.9	70.9	39.9	60.9	61.9	4	100
11/07/2015 02:15	74.8	70.9	52.7	60	63.9	4	100
11/07/2015 02:20	75	71.1	56.9	60.9	66.2	4	100
11/07/2015 02:25	74.8	71.2	58.9	61.5	66.1	4	100
11/07/2015 02:30	75	70.7	61.8	62.8	66.9	4	100
11/07/2015 02:35	74.8	70.8	66.1	61	68.3	4	100
11/07/2015 02:40	74.5	71	65.8	62.8	67.9	4	100
11/07/2015 02:45	74.7	71	64.3	63.5	67.1	4	100
11/07/2015 02:50	74.8	70.5	63.3	62.8	68	4	100
11/07/2015 02:55	74.9	70.4	64.5	62.9	68.3	4	100
11/07/2015 03:00	74.8	70.6	64.3	63.2	68.6	4	100
11/07/2015 03:05	74.8	70.8	61.4	63.3	68.1	4	100
11/07/2015 03:10	74.6	70.8	63.9	63	67.9	4	100
11/07/2015 03:15	74.7	70.7	64.9	62.8	68.3	4	100
11/07/2015 03:20	74.9	70.8	65.8	62.5	68	4	100
11/07/2015 03:25	74.8	70.9	68	63	69.1	4	100
11/07/2015 03:30	74.9	70.9	64.9	62.6	67.2	4	100
11/07/2015 03:35	74.8	71	66	61.2	67	4	100
11/07/2015 03:40	74.8	70.9	66.6	60.1	67.1	4	100
11/07/2015 03:45	74.8	70.9	67.3	61.5	67.9	4	100
11/07/2015 03:50	74.8	70.8	66.9	61.8	67.5	4	100
11/07/2015 03:55	74.7	70.5	63.3	59.7	66.1	4	100
11/07/2015 04:00	74.7	70.5	64.5	61.7	66.9	4	100
11/07/2015 04:05	74.6	70.8	65.9	61.7	66.4	4	100
11/07/2015 04:10	74.9	70.9	66.4	62.4	69.3	4	100
11/07/2015 04:15	74.9	70.8	67.4	63.6	67.7	4	100
11/07/2015 04:20	74.8	71	67.6	63.1	69.8	4	100
11/07/2015 04:25	74.7	71.1	67	61.9	68.9	4	100
11/07/2015 04:30	74.5	71.3	59.8	59.5	65.6	4	100
11/07/2015 04:35	74.7	70.9	63.2	60.3	66.9	4	100
11/07/2015 04:40	74.7	70.9	62	58.7	66.2	4	100
11/07/2015 04:45	74.8	70.7	64.5	59.3	66.5	4	100
11/07/2015 04:50	74.6	70.8	63.9	61.8	67.7	4	100
11/07/2015 04:55	74.6	70.9	66.3	63.2	68.5	4	100
11/07/2015 05:00	74.6	71.1	65.4	63.7	67.8	4	100
11/07/2015 05:05	74.5	70.9	67.7	63.6	69	4	100
11/07/2015 05:10	74.8	70.5	68.4	59	68.5	4	100
11/07/2015 05:15	75.2	70.9	68	61.5	69.3	4	100
11/07/2015 05:20	74.9	71.2	62.9	63.1	67.7	4	100
11/07/2015 05:25	74.7	71.3	64.5	63.2	68.3	4	100
11/07/2015 05:30	75	71.3	68.3	63.5	69.8	4	100
11/07/2015 05:35	73.9	70.9	56.9	66.4	66.7	4	100
11/07/2015 05:40	74.3	70.2	56.5	66.5	66.5	4	100
11/07/2015 05:45	75.2	70.3	56.7	66.5	66.3	4	100
11/07/2015 05:50	75.5	70.7	58.8	70.1	68.5	4	100
11/07/2015 05:55	75.6	70.7	64.7	62.5	68.1	4	100
11/07/2015 06:00	75.5	72.6	64.1	64.3	69.8	4	100
11/07/2015 06:05	75.7	72.4	64.7	64.2	69.2	4	100
11/07/2015 06:10	75.8	73.2	63	64.8	69.9	4	100
11/07/2015 06:15	76	72.3	69	57.7	69.5	4	100
11/07/2015 06:20	77.3	73.8	72	57.4	71	4	100
11/07/2015 06:25	76.8	72.3	62.9	56.3	68	4	100
11/07/2015 06:30	77.8	72.9	64.2	58	68.6	4	100
11/07/2015 06:35	77	72.4	70.6	59.7	70.5	4	100
11/07/2015 06:40	77.9	72.8	71.1	64.2	72	4	100
11/07/2015 06:45	76.2	71.7	68.9	62.9	69.9	4	100
11/07/2015 06:50	75.1	69.9	71.8	66.8	70.8	4	100
11/07/2015 06:55	73.9	70.5	72.1	62.9	70.5	4	100
11/07/2015 07:00	74.2	71.2	70.8	59.1	68.8	4	100
11/07/2015 07:05	74.7	71.1	67.6	60	68.6	4	100
11/07/2015 07:10	73.5	71.1	68.2	59.4	68.6	4	100
11/07/2015 07:15	75.9	69.7	70.1	61.2	69.5	4	100
11/07/2015 07:20	75.4	71.1	69.2	60.4	69.9	4	100
11/07/2015 07:25	75.4	72.5	68.5	61.7	69.8	4	100
11/07/2015 07:30	74.3	71.3	64	62.9	68.7	4	100
11/07/2015 07:35	73.4	71.2	57.5	60.4	66.7	4	100
11/07/2015 07:40	73.6	70.4	60.9	61.4	67	4	100
11/07/2015 07:45	73.8	70.9	59.2	60.1	66.5	4	100
11/07/2015 07:50	74.6	71.5	66.1	62.1	68.9	4	100
11/07/2015 07:55	73.5	67.7	68	62.2	68	4	100
11/07/2015 08:00	74.4	68.3	65.3	61.2	67.6	4	100
11/07/2015 08:05	75	69.9	66	57.4	67.6	4	100
11/07/2015 08:10	73.9	68.3	61.7	59	66.1	4	100
11/07/2015 08:15	74.2	69.3	45.9	59.1	63	4	100
11/07/2015 08:20	75.3	69.8	57.2	61.2	66.5	4	100
11/07/2015 08:25	74.5	70	60.4	60.7	66.6	4	100
11/07/2015 08:30	74.4	70	63.3	60.2	67.6	4	100
11/07/2015 08:35	73.1	69.9	65.1	57.9	67	4	100
11/07/2015 08:40	72.6	69.1	66.9	58.9	67.2	4	100
11/07/2015 08:45	73.4	69.3	64	60	66.8	4	100
11/07/2015 08:50	72.3	67.9	66	63	67.9	4	100
11/07/2015 08:55	73	68.1	66.4	63.3	68	4	100
11/07/2015 09:00	73.2	68.9	65.6	61.9	68	4	100
11/07/2015 09:05	74.2	69.6	66.9	63.3	69.1	4	100
11/07/2015 09:10	74	69.1	63.2	60.9	67.6	4	100
11/07/2015 09:15	73.8	68.6	61.6	59.8	66.8	4	100
11/07/2015 09:20	71.1	67.2	61.4	58.1	65	4	100
11/07/2015 09:25	71.7	67.7	63.7	60.5	66.5	4	100
11/07/2015 09:30	71.6	66.7	61.4	60.6	65.5	4	100
11/07/2015 09:35	71.4	66.6	62.4	60	65.4	4	100
11/07/2015 09:40	72.4	67.5	63.6	59.5	65.9	4	100
11/07/2015 09:45	72.9	68.7	63.1	60.3	66.9	4	100
11/07/2015 09:50	73.5	68.4	63.8	63.4	67.6	4	100
11/07/2015 09:55	72.5	67.8	63.8	61.2	67.1	4	100
11/07/2015 10:00	71.4	67.4	59.6	60.6	65.6	4	100
11/07/2015 10:05	69.4	65.8	60.6	58.4	64.1	4	100
11/07/2015 10:10	70	65.3	61.5	61	65	4	100
11/07/2015 10:15	69	65.3	62.9	59.2	64.4	4	100
11/07/2015 10:20	69.9	64.7	55.3	59.9	63.1	4	100
11/07/2015 10:25	69	65.1	57.8	59.8	63.4	4	100
11/07/2015 10:30	68.8	65.1	49.1	58.8	61.4	4	100
11/07/2015 10:35	69.2	66.9	58.4	60.1	64.1	4	100
11/07/2015 10:40	68.9	66.2	59.2	59	63.8	4	100
11/07/2015 10:45	69.1	66.2	61.7	60.4	64.6	4	100
11/07/2015 10:50	68.7	65.8	60.9	57.9	63.7	4	100
11/07/2015 10:55	70.6	66	62	60	64.9	4	100
11/07/2015 11:00	70.6	66.2	56.2	59.1	63.5	4	100
11/07/2015 11:05	70.3	66.2	58.7	58.8	64	4	100
11/07/2015 11:10	69.9	65.1	53.5	57.7	62.3	4	100
11/07/2015 11:15	69.6	64.5	55.7	57.4	62.6	4	100
11/07/2015 11:20	69.3	64.6	61.1	57.9	63.4	4	100
11/07/2015 11:25	64.9	64.2	60.2	56.9	61.8	4	100
11/07/2015 11:30	66.6	63.9	57.9	57.6	61.9	4	100
11/07/2015 11:35	67.6	64.7	58.6	58.1	62.5	4	100
11/07/2015 11:40	62.3	61	54.8	56.7	59	4	100
11/07/2015 11:45	50.3	50.3	47.1	44.8	48.2	4	100
11/07/2015 11:50	40.3	39	39.2	36.3	38.9	4	100
11/07/2015 11:55	34	30.3	32.2	26.7	31.1	4	100
11/07/2015 12:00	32.4	30.3	31.6	27.1	30.5	4	100
11/07/2015 12:05	34.9	31.7	32.4	29.1	32.2	4	100
11/07/2015 12:10	40.7	36.5	35.1	31.2	36.2	4	100
11/07/2015 12:15	34.2	33	34.3	30.2	33	4	100
11/07/2015 12:20	29.6	31.9	33.3	29.4	31	4	100
11/07/2015 12:25	29	28	30.8	25.4	28.5	4	100
11/07/2015 12:30	35.3	34.4	36	32.5	34.6	4	100
11/07/2015 12:35	25.8	29.6	30.4	26	28	4	100
11/07/2015 12:40	18.9	19.1	22.1	18.8	19.8	4	100
11/07/2015 12:45	15.7	14.4	17.9	16.5	16.2	4	100
11/07/2015 12:50	12.2	11.5	15	13.2	13.1	4	100
11/07/2015 12:55	11.5	10.8	13.9	10.9	11.9	4	100
11/07/2015 13:00	11.6	10.6	13.7	10.4	11.7	4	100
11/07/2015 13:05	13.2	10.6	12.9	9.2	11.8	4	100
11/07/2015 13:10	16.1	13.7	16.3	12.7	14.9	4	100
11/07/2015 13:15	24	18.3	20	16.5	20	4	100
11/07/2015 13:20	26	19.8	24.1	16.6	22.2	4	100
11/07/2015 13:25	23	19.8	22.2	16.4	20.6	4	100
11/07/2015 13:30	24.3	21.6	22.3	17.8	21.8	4	100
11/07/2015 13:35	25.2	19.4	21.9	17.4	21.5	4	100
11/07/2015 13:40	25.5	19.3	19.3	16.3	20.8	4	100
11/07/2015 13:45	25.6	19.6	18.6	14.5	20.4	4	100
11/07/2015 13:50	28.8	22.9	20	16	22.6	4	100
11/07/2015 13:55	27.6	22.1	19.6	14.7	21.8	4	100
11/07/2015 14:00	27.1	23.2	21	15.7	22.2	4	100
11/07/2015 14:05	24	23.4	20.1	16.7	21.3	4	100
11/07/2015 14:10	26.1	20.9	20.7	18.5	21.9	4	100
11/07/2015 14:15	26.9	19.8	19.4	16.9	21.6	4	100
11/07/2015 14:20	26.3	20.6	22.4	18.8	22.4	4	100
11/07/2015 14:25	28.8	22.4	25.4	17.7	24.2	4	100
11/07/2015 14:30	30.8	26.4	29.4	22.8	27.6	4	100
11/07/2015 14:35	46.8	43.2	42.4	37.9	43	4	100
11/07/2015 14:40	54.7	50.8	50	46.2	50.7	4	100
11/07/2015 14:45	60.3	57.3	54.9	52	56.4	4	100
11/07/2015 14:50	61.2	57.1	54.6	52.4	56.7	4	100
11/07/2015 14:55	57.1	54	50.2	48.4	52.8	4	100
11/07/2015 15:00	58.8	54.9	53.5	51.4	55	4	100
11/07/2015 15:05	56.5	54.1	51.4	49.8	53.3	4	100
11/07/2015 15:10	52.9	50.6	48.7	48.7	50.4	4	100
11/07/2015 15:15	49	47.6	42.9	43.7	46	4	100
11/07/2015 15:20	37.9	34.3	35.3	34.2	35.6	4	100
11/07/2015 15:25	32.3	27	28.8	24.3	28.6	4	100
11/07/2015 15:30	31.1	28	29.9	27.3	29.2	4	100
11/07/2015 15:35	29.8	25.4	26.6	24.7	26.9	4	100
11/07/2015 15:40	29.5	24.3	27.4	22.8	26.4	4	100
11/07/2015 15:45	29.6	26.2	31.3	28.8	29.1	4	100
11/07/2015 15:50	30.2	23.8	27.7	25.4	27.1	4	100
11/07/2015 15:55	29.4	24.2	29.2	25.5	27.3	4	100
11/07/2015 16:00	23.9	21.4	24.3	20.2	22.7	4	100
11/07/2015 16:05	25.7	23	27.4	24.8	25.3	4	100
11/07/2015 16:10	24.5	20.9	26.6	20.9	23.5	4	100
11/07/2015 16:15	25.2	20.8	24.4	18.7	22.7	4	100
11/07/2015 16:20	24	19.7	24.1	19.2	22	4	100
11/07/2015 16:25	28	23.9	25.7	20	24.7	4	100
11/07/2015 16:30	27.3	21	24.5	21.2	23.9	4	100
11/07/2015 16:35	28.2	21.4	25.9	19.8	24.3	4	100
11/07/2015 16:40	27.1	21.6	26.1	21.2	24.3	4	100
11/07/2015 16:45	28.1	23	26.3	22.2	25.2	4	100
11/07/2015 16:50	27.3	21.7	25.1	20.5	24	4	100
11/07/2015 16:55	27.1	23.9	28	23.1	25.8	4	100
11/07/2015 17:00	27.9	24.5	27.7	25	26.4	4	100
11/07/2015 17:05	34.6	30.1	30.9	30.9	31.9	4	100
11/07/2015 17:10	35.6	32.2	34.3	32.7	33.9	4	100
11/07/2015 17:15	32.8	27.3	33.4	30.5	31.3	4	100
11/07/2015 17:20	31.6	26.4	28.6	25.3	28.3	4	100
11/07/2015 17:25	32.1	23.6	28.8	22.1	27.3	4	100
11/07/2015 17:30	28	25.2	25.9	18.5	24.8	4	100
11/07/2015 17:35	28.8	25.9	25.1	17.8	24.8	4	100
11/07/2015 17:40	33.3	28.4	28.1	21.4	28.2	4	100
11/07/2015 17:45	30.5	25.5	26.7	21.3	26.5	4	100
11/07/2015 17:50	33.7	30.3	30.9	26	30.6	4	100
11/07/2015 17:55	43	39	38	33.4	38.9	4	100
11/07/2015 18:00	53.2	48.3	47.3	42.4	48.3	4	100
11/07/2015 18:05	56.1	52.9	53.2	48.2	53	4	100
11/07/2015 18:10	58.2	56.5	54.3	51.3	55.5	4	100
11/07/2015 18:15	61.4	59	57.3	52.5	58	4	100
11/07/2015 18:20	63.3	59.2	58.9	54.4	59.4	4	100
11/07/2015 18:25	63.3	60	60.3	56.4	60.3	4	100
11/07/2015 18:30	63.7	59.9	59.6	57.5	60.6	4	100
11/07/2015 18:35	64.3	60.5	59.4	56.1	60.6	4	100
11/07/2015 18:40	63.2	59.8	58	55.4	59.4	4	100
11/07/2015 18:45	62.5	59.2	56	54.2	58.3	4	100
11/07/2015 18:50	63.1	60.2	58.3	55.8	59.8	4	100
11/07/2015 18:55	63.4	60.6	57.9	56	59.9	4	100
11/07/2015 19:00	63.1	60.4	59.3	56.2	60.2	4	100
11/07/2015 19:05	64.2	60.9	59.2	56.9	60.7	4	100
11/07/2015 19:10	64.1	60.7	56.8	55.7	59.8	4	100
11/07/2015 19:15	63.5	61.1	57.9	55.3	59.7	4	100
11/07/2015 19:20	64.8	61.9	56.5	57.7	60.8	4	100
11/07/2015 19:25	64.4	62.8	58.5	58.4	61.4	4	100
11/07/2015 19:30	65.6	62.5	58	58.9	61.7	4	100
11/07/2015 19:35	65.7	63.1	59.7	54.2	61.5	4	100
11/07/2015 19:40	66.5	63.7	59.7	55.7	61.9	4	100
11/07/2015 19:45	67.6	63.6	62.4	58.4	63.4	4	100
11/07/2015 19:50	67.7	64.4	61.8	59.9	63.9	4	100
11/07/2015 19:55	68.2	63.1	62.7	59.9	63.9	4	100
11/07/2015 20:00	69.2	64.7	63.1	60.3	64.8	4	100
11/07/2015 20:05	68.8	63.6	63.8	61.1	64.8	4	100
11/07/2015 20:10	70.7	63.6	63.6	59.2	64.6	4	100
11/07/2015 20:15	70.3	64.9	65	60.8	65.7	4	100
11/07/2015 20:20	70.7	64.7	65.6	61.7	66.1	4	100
11/07/2015 20:25	71.4	65.2	63.3	60.9	65.8	4	100
11/07/2015 20:30	69.7	65.2	61.7	59.9	64.6	4	100
11/07/2015 20:35	69.8	65.2	65.2	62.1	65.9	4	100
11/07/2015 20:40	71.4	66.6	67.7	62.9	67.4	4	100
11/07/2015 20:45	72.1	66.7	65.9	62.7	67.2	4	100
11/07/2015 20:50	70.9	66.6	67	56.1	65.8	4	100
11/07/2015 20:55	70.8	68.4	67.3	59.7	67.1	4	100
11/07/2015 21:00	71.6	68.9	63.6	60.7	66.6	4	100
11/07/2015 21:05	72.7	69.6	62.4	59.1	66.5	4	100
11/07/2015 21:10	72.9	71.6	64.8	62.2	68.2	4	100
11/07/2015 21:15	73.9	70.5	65.4	63.9	69	4	100
11/07/2015 21:20	73	69.9	65.2	64.2	68.2	4	100
11/07/2015 21:25	73.1	71	65.7	63.3	68.7	4	100
11/07/2015 21:30	73.9	71.3	66	62.2	68.9	4	100
11/07/2015 21:35	74.3	70.8	68.4	64.2	69.9	4	100
11/07/2015 21:40	74.4	70.6	66.6	62.6	69.1	4	100
11/07/2015 21:45	74.6	72.2	67.2	62.5	69.7	4	100
11/07/2015 21:50	74.7	72.2	67.8	62.5	69.6	4	100
11/07/2015 21:55	74.5	73.1	69.2	61.2	70.1	4	100
11/07/2015 22:00	73.5	72.2	68	60.7	69.5	4	100
11/07/2015 22:05	73.5	70.7	59.6	58.7	66.5	4	100
11/07/2015 22:10	72.6	71.5	55	60.4	65.6	4	100
11/07/2015 22:15	73.3	70.7	59.3	61.6	67.2	4	100
11/07/2015 22:20	73.2	69.4	64.4	62.3	67.7	4	100
11/07/2015 22:25	74.8	68.6	65.7	62	68.5	4	100
11/07/2015 22:30	74.9	70.5	57.4	61.1	67.1	4	100
11/07/2015 22:35	74.4	70.9	59.1	62.5	67.6	4	100
11/07/2015 22:40	74.2	71.9	64.7	63.8	68.9	4	100
11/07/2015 22:45	73.9	72.6	67.2	65.1	70.3	4	100
11/07/2015 22:50	74.2	72	65.6	62.4	69.1	4	100
11/07/2015 22:55	73.6	72.2	68.9	62.1	69.7	4	100
11/07/2015 23:00	73	71.3	68.1	64	69.4	4	100
11/07/2015 23:05	72.5	70.8	67.1	61.8	68.6	4	100
11/07/2015 23:10	74.2	71.3	61.4	62.2	67.6	4	100
11/07/2015 23:15	74.2	70.7	63.5	61.2	68.3	4	100
11/07/2015 23:20	72.8	69.7	67	60.9	68.2	4	100
11/07/2015 23:25	72	69.1	67.7	62.3	68.1	4	100
11/07/2015 23:30	73.4	69.4	64.6	63	67.6	4	100
11/07/2015 23:35	74	70.2	66.4	63.8	68.8	4	100
11/07/2015 23:40	73.4	70.3	65.4	63.6	68.3	4	100
11/07/2015 23:45	74.7	71.1	66	63.8	68.9	4	100
11/07/2015 23:50	75.5	70.4	66.8	65	69.8	4	100
11/07/2015 23:55	75.8	68.7	68.7	64.2	69.4	4	100
11/08/2015 00:00	70.8	70.4	64.8	20.6	59.2	4	100
11/08/2015 00:05	70.6	70.9	66.3	41.5	64.2	4	100
11/08/2015 00:10	72.1	71	66.9	50.8	65.8	4	100
11/08/2015 00:15	72.8	71.4	68	56.3	67.7	4	100
11/08/2015 00:20	72.8	71.4	68.6	57.4	68.6	4	100
11/08/2015 00:25	71.2	72.2	55.3	59.6	65.7	4	100
11/08/2015 00:30	74	70.7	62.4	61.9	67.9	4	100
11/08/2015 00:35	73.3	71.6	65.4	63.6	69	4	100
11/08/2015 00:40	73.5	70.8	66.8	61	68.3	4	100
11/08/2015 00:45	73.6	71.3	67.5	62.5	68.8	4	100
11/08/2015 00:50	73.3	72.2	69.6	61.2	69.6	4	100
11/08/2015 00:55	73.6	72.4	62	63.1	68	4	100
11/08/2015 01:00	73.1	72.4	65.8	63.5	68.9	4	100
11/08/2015 01:05	73.7	72.8	67.8	64.3	70.2	4	100
11/08/2015 01:10	74.1	72.5	69.4	63.9	70.4	4	100
11/08/2015 01:15	73.3	71.4	69.3	59.7	68.8	4	100
11/08/2015 01:20	74.3	71.4	64.5	61.7	68.1	4	100
11/08/2015 01:25	74.5	71.4	67.1	63	68.8	4	100
11/08/2015 01:30	74.8	71.2	67.3	63.5	69.1	4	100
11/08/2015 01:35	74.7	71.7	67	63.4	69.4	4	100
11/08/2015 01:40	74.8	70.5	67	63.3	69	4	100
11/08/2015 01:45	74.8	70.8	67.9	63.3	69.1	4	100
11/08/2015 01:50	74.6	72.4	66.4	62.3	69.9	4	100
11/08/2015 01:55	74.8	72	68.4	61.9	69.5	4	100
11/08/2015 02:00	75	70.6	67.5	63.2	69.5	4	100
11/08/2015 02:05	74.6	70.9	67.8	63.1	69.1	4	100
11/08/2015 02:10	74.8	70.6	66.6	63.5	68.9	4	100
11/08/2015 02:15	74.5	70.8	67.2	63.5	69.1	4	100
11/08/2015 02:20	74.4	71.1	66.6	63.5	69.2	4	100
11/08/2015 02:25	74.4	71.4	65.8	62.2	68.8	4	100
11/08/2015 02:30	73.9	72.1	67.2	62	69.5	4	100
11/08/2015 02:35	74.3	71.3	68.5	61.8	68.7	4	100
11/08/2015 02:40	74.5	71.1	67.9	62.7	69.2	4	100
11/08/2015 02:45	74.7	71.2	67.7	62.8	68	4	100
11/08/2015 02:50	74.4	70.5	67.2	63.9	69.2	4	100
11/08/2015 02:55	74.5	70.6	66.1	62.1	69	4	100
11/08/2015 03:00	74.4	70.7	66	61.9	68.8	4	100
11/08/2015 03:05	74.5	70.9	64.4	62.5	67.1	4	100
11/08/2015 03:10	74.7	70.9	66.3	62.8	68.8	4	100
11/08/2015 03:15	74.5	71.3	66.2	61.7	68.5	4	100
11/08/2015 03:20	74.5	71.3	67.1	62.5	69.2	4	100
11/08/2015 03:25	74.8	70.6	63.9	62.3	68.2	4	100
11/08/2015 03:30	74.7	70.6	65.8	62.2	68.3	4	100
11/08/2015 03:35	74.6	70.8	66.8	62	67.9	4	100
11/08/2015 03:40	74.5	70.8	67	62	69.5	4	100
11/08/2015 03:45	74.6	70.3	65.6	59.5	67	4	100
11/08/2015 03:50	74.5	70.4	66.8	61.5	68.3	4	100
11/08/2015 03:55	74.6	70.3	67.3	62	68.4	4	100
11/08/2015 04:00	74.6	70.6	37.9	62.5	57.2	4	100
11/08/2015 04:05	74.7	70.7	52.2	62.1	63.9	4	100
11/08/2015 04:10	74.4	70.9	59.1	62.2	65.7	4	100
11/08/2015 04:15	74.7	70.9	49.9	62.9	63.2	4	100
11/08/2015 04:20	74.6	70.9	58.8	63.1	65.1	4	100
11/08/2015 04:25	74.7	71.1	58.3	61.8	65.7	4	100
11/08/2015 04:30	74.7	71	62.3	62.5	67	4	100
11/08/2015 04:35	74.6	70.8	65.3	63	67.2	4	100
11/08/2015 04:40	74.5	70.9	65.9	63	68.3	4	100
11/08/2015 04:45	74.5	70.8	66.7	62.9	68.3	4	100
11/08/2015 04:50	74.6	70.7	65.8	62.2	67.5	4	100
11/08/2015 04:55	74.6	70.7	66.9	62.2	68.2	4	100
11/08/2015 05:00	74.6	70.5	65.3	61.4	66.8	4	100
11/08/2015 05:05	74.6	70.5	66.7	62.6	67.8	4	100
11/08/2015 05:10	74.6	70.8	66.4	61.9	66.3	4	100
11/08/2015 05:15	74.5	70.8	66.9	62.5	69.2	4	100
11/08/2015 05:20	74.5	71	67.7	62.2	69.3	4	100
11/08/2015 05:25	74.3	69.9	69.1	61.9	68.7	4	100
11/08/2015 05:30	74.3	70.4	67.8	61.5	68.6	4	100
11/08/2015 05:35	74.3	70.7	65.7	61.9	67.1	4	100
11/08/2015 05:40	74.6	70.9	64.8	63	67.9	4	100
11/08/2015 05:45	74.5	71.8	67.3	61.6	68.2	4	100
11/08/2015 05:50	74.7	72.1	66.7	62.1	69.3	4	100
11/08/2015 05:55	74.7	71.5	64.4	63.2	67.8	4	100
11/08/2015 06:00	74.6	71.4	65.1	60.5	67.7	4	100
11/08/2015 06:05	75	71.2	62.2	61.7	67.9	4	100
11/08/2015 06:10	74.2	70.1	64.5	61.9	68.1	4	100
11/08/2015 06:15	74	69.7	65.8	63.4	68.5	4	100
11/08/2015 06:20	74.4	70.9	66.7	61	68.6	4	100
11/08/2015 06:25	74.7	71.2	66.8	62.7	69.2	4	100
11/08/2015 06:30	74.6	71.6	67.5	61.3	68.7	4	100
11/08/2015 06:35	74.5	71.1	64.4	59.3	67.8	4	100
11/08/2015 06:40	74.6	71.1	65	59.4	68	4	100
11/08/2015 06:45	75.4	71.1	65.6	60.3	68.3	4	100
11/08/2015 06:50	75.1	71.9	65.1	61.2	68.3	4	100
11/08/2015 06:55	74.7	73.4	69.3	62.7	70.4	4	100
11/08/2015 07:00	75.1	72	70.4	63.8	70.6	4	100
11/08/2015 07:05	75.4	72.3	69.1	63	70.4	4	100
11/08/2015 07:10	74.8	70.5	66.7	60.2	67.4	4	100
11/08/2015 07:15	73.1	69.2	66.1	62.5	67.6	4	100
11/08/2015 07:20	73.2	70.2	65.3	62	67.9	4	100
11/08/2015 07:25	72.1	71.3	62.9	61.9	67.2	4	100
11/08/2015 07:30	72.3	71.2	64.3	62.3	67.4	4	100
11/08/2015 07:35	74.1	71.1	68.5	64.5	69.5	4	100
11/08/2015 07:40	74	71.2	67.1	63.6	69.4	4	100
11/08/2015 07:45	73	71.8	68.7	61.6	68.9	4	100
11/08/2015 07:50	72.9	70.9	69	63	68.8	4	100
11/08/2015 07:55	73	71.9	70.1	63.5	70.1	4	100
11/08/2015 08:00	73.7	70.9	63.1	62.5	68.1	4	100
11/08/2015 08:05	73.3	70.7	65	65.3	68.9	4	100
11/08/2015 08:10	72.4	71.4	64.3	64.6	68.4	4	100
11/08/2015 08:15	72.3	70.9	60.8	59.7	66.2	4	100
11/08/2015 08:20	72.9	70.5	65.3	62.6	68.1	4	100
11/08/2015 08:25	73.7	69.5	66.5	59.1	67.8	4	100
11/08/2015 08:30	71.9	69.1	67.1	61.8	67.5	4	100
11/08/2015 08:35	71.2	70.9	67.9	64.9	68.8	4	100
11/08/2015 08:40	72.9	70.3	65.1	63.2	67.9	4	100
11/08/2015 08:45	72.2	69	67.8	64.4	68.5	4	100
11/08/2015 08:50	73.5	69.5	66.2	63.7	68.4	4	100
11/08/2015 08:55	72.9	68.7	65.2	63.9	68	4	100
11/08/2015 09:00	71.9	68.6	66.3	62.1	67.7	4	100
11/08/2015 09:05	71.6	69.1	63.7	45.7	64.2	4	100
11/08/2015 09:10	72.8	67.7	64.7	54.2	65.4	4	100
11/08/2015 09:15	72.6	67.6	65.6	59.1	66.9	4	100
11/08/2015 09:20	72.3	68.6	65.5	60.8	67.2	4	100
11/08/2015 09:25	46.4	68.8	67.2	60.5	60.9	4	100
11/08/2015 09:30	59.6	67.9	66.4	61.1	63.6	4	100
11/08/2015 09:35	65.2	67.8	66	61.9	65.3	4	100
11/08/2015 09:40	68.7	69.9	65.7	63.5	67	4	100
11/08/2015 09:45	71.2	69.3	66.4	64.9	68.1	4	100
11/08/2015 09:50	72.6	69	65.1	64.6	67.9	4	100
11/08/2015 09:55	69.4	69.7	63.6	62	66.4	4	100
11/08/2015 10:00	44	68.3	63.8	61.7	61.2	4	100
11/08/2015 10:05	58.7	67.9	64.7	61	63.1	4	100
11/08/2015 10:10	64.3	67.3	65.4	61	64.5	4	100
11/08/2015 10:15	67.9	67.1	63.4	59.8	64.8	4	100
11/08/2015 10:20	68.3	66.2	63.9	61.5	65.2	4	100
11/08/2015 10:25	70	66	59.8	59.9	64.2	4	100
11/08/2015 10:30	70.3	66.8	62.2	61.4	65.4	4	100
11/08/2015 10:35	69.6	65.9	62	59.7	64.5	4	100
11/08/2015 10:40	68.5	65.7	60.8	59.7	64	4	100
11/08/2015 10:45	68.9	66.3	63.8	59.5	65.1	4	100
11/08/2015 10:50	68.7	65.7	64.5	60.7	65.2	4	100
11/08/2015 10:55	68.3	65.5	63.8	60.2	64.6	4	100
11/08/2015 11:00	70	65.4	64	61.9	65.6	4	100
11/08/2015 11:05	70.2	65.7	63.6	61	65.5	4	100
11/08/2015 11:10	70.1	65.4	63.8	59	65	4	100
11/08/2015 11:15	69.3	66	62.1	59.7	64.8	4	100
11/08/2015 11:20	70.2	65.6	62.4	62.4	65.4	4	100
11/08/2015 11:25	68.7	65.8	64.1	61.6	65.4	4	100
11/08/2015 11:30	68.4	64.5	60.7	59.6	63.6	4	100
11/08/2015 11:35	69.2	65.9	61.3	60.4	64.6	4	100
11/08/2015 11:40	67.5	65.3	59.2	59.2	63	4	100
11/08/2015 11:45	69.9	66.9	62.7	59.5	64.9	4	100
11/08/2015 11:50	70	66.7	60.4	58.5	64.1	4	100
11/08/2015 11:55	68.7	65.6	60.5	59	63.6	4	100
11/08/2015 12:00	69.3	65.7	61.9	58.8	64.3	4	100
11/08/2015 12:05	69.7	64.6	61.5	58.7	63.9	4	100
11/08/2015 12:10	69	64.5	59.6	57.7	63.2	4	100
11/08/2015 12:15	68.5	64.5	60.3	58.1	63	4	100
11/08/2015 12:20	69.6	64.6	61.4	57.7	63.5	4	100
11/08/2015 12:25	69.2	65.6	62.1	59.5	64.4	4	100
11/08/2015 12:30	67.9	63.7	60.1	57	62.4	4	100
11/08/2015 12:35	68.4	64.4	61.6	58.8	63.5	4	100
11/08/2015 12:40	68.4	64.8	60.9	60.7	64	4	100
11/08/2015 12:45	69.5	65.9	62.7	58.8	64.6	4	100
11/08/2015 12:50	69.3	65.3	62.4	57.7	63.8	4	100
11/08/2015 12:55	68.1	65.8	63	57.8	64.1	4	100
11/08/2015 13:00	69.6	66.2	62.8	56.7	64.2	4	100
11/08/2015 13:05	67.8	64.8	60.9	56.8	62.9	4	100
11/08/2015 13:10	66.5	63.9	62.3	56	62.3	4	100
11/08/2015 13:15	66.8	64.3	60.8	57.3	62.8	4	100
11/08/2015 13:20	66.3	64.1	60.3	55.6	62.1	4	100
11/08/2015 13:25	66	63.8	58.3	56.1	61.3	4	100
11/08/2015 13:30	65.5	64.7	59.9	57.1	61.9	4	100
11/08/2015 13:35	66.3	62.7	60.3	57.9	62	4	100
11/08/2015 13:40	65.7	63.6	61.9	60	63	4	100
11/08/2015 13:45	65.3	63.8	58.5	58.9	61.7	4	100
11/08/2015 13:50	64.4	63.4	58.1	59.7	61.7	4	100
11/08/2015 13:55	64.5	63.8	59.5	59.5	62	4	100
11/08/2015 14:00	65.3	64.3	61.1	59	62.6	4	100
11/08/2015 14:05	66.9	65	48.7	40.6	57	4	100
11/08/2015 14:10	67.3	64	54.8	49.6	59.4	4	100
11/08/2015 14:15	67.3	63.3	58.5	55.2	61.6	4	100
11/08/2015 14:20	66.2	62.5	56.4	55	60.3	4	100
11/08/2015 14:25	67.7	62.9	39.9	56.3	58.1	4	100
11/08/2015 14:30	66.9	63.6	50.7	57.1	60	4	100
11/08/2015 14:35	68.5	64.3	55.6	57.6	61.8	4	100
11/08/2015 14:40	67.9	63.3	58.6	57.7	62.2	4	100
11/08/2015 14:45	67.9	64.6	60.8	59	63.3	4	100
11/08/2015 14:50	65.5	64.7	60.7	56.5	62.2	4	100
11/08/2015 14:55	65	64.6	60.5	57.1	62.1	4	100
11/08/2015 15:00	64.5	64.7	59.7	58.1	62	4	100
11/08/2015 15:05	63.4	62.4	59.2	59	61.2	4	100
11/08/2015 15:10	64.7	62.8	59.2	59.4	61.8	4	100
11/08/2015 15:15	63.6	62.1	58.7	57.4	60.7	4	100
11/08/2015 15:20	65.4	63.3	58.6	47	59	4	100
11/08/2015 15:25	66	63.2	59.7	44.2	58.9	4	100
11/08/2015 15:30	62.8	59.7	57.7	49.2	57.7	4	100
11/08/2015 15:35	54.7	49.8	51.4	46.7	50.9	4	100
11/08/2015 15:40	52.3	47.3	45.9	43.3	47.6	4	100
11/08/2015 15:45	55.2	51.4	48.1	46.7	50.8	4	100
11/08/2015 15:50	51.9	48.4	44	43.9	47.5	4	100
11/08/2015 15:55	43.5	42.5	43	42.9	43	4	100
11/08/2015 16:00	45.7	45.9	43.1	45.2	45.1	4	100
11/08/2015 16:05	56	53.8	50.1	52.6	53.4	4	100
11/08/2015 16:10	61.4	58.1	54.3	53.8	57.5	4	100
11/08/2015 16:15	66	61.1	57.9	56.2	61	4	100
11/08/2015 16:20	67	62.7	59.4	56.5	61.8	4	100
11/08/2015 16:25	66.1	63.8	61.7	57.7	62.6	4	100
11/08/2015 16:30	67.6	63.8	61.5	59.1	63.5	4	100
11/08/2015 16:35	68.5	63.9	61.2	59	63.7	4	100
11/08/2015 16:40	67.4	63.6	60.7	58.5	63	4	100
11/08/2015 16:45	67.2	64.1	58.7	57.1	62.3	4	100
11/08/2015 16:50	68	64.4	59.4	57.3	62.8	4	100
11/08/2015 16:55	67.9	65.2	60.1	58.1	63.1	4	100
11/08/2015 17:00	68	64.3	59.8	57.3	63	4	100
11/08/2015 17:05	67.4	64.5	59.3	56.7	62.5	4	100
11/08/2015 17:10	67.2	63.4	57.7	55.9	61.4	4	100
11/08/2015 17:15	66.7	63.6	58.3	43.3	59.5	4	100
11/08/2015 17:20	65.2	62.1	58.7	50.4	59.8	4	100
11/08/2015 17:25	65.6	62.7	59.2	54.6	61	4	100
11/08/2015 17:30	65.4	62.2	57.4	55.9	60.7	4	100
11/08/2015 17:35	65	62	58.5	56.4	60.9	4	100
11/08/2015 17:40	63.9	61.2	58.2	55.8	60.2	4	100
11/08/2015 17:45	63.7	62.4	58.9	54.9	60.3	4	100
11/08/2015 17:50	63.6	61.1	58	55.4	59.8	4	100
11/08/2015 17:55	64.4	62.5	58.6	57.2	61.1	4	100
11/08/2015 18:00	64	61.4	59.3	56.4	60.7	4	100
11/08/2015 18:05	65.4	61.6	59	55.4	60.8	4	100
11/08/2015 18:10	63.7	60.8	57.4	55.3	59.6	4	100
11/08/2015 18:15	64.1	61.4	56.7	56.9	60.2	4	100
11/08/2015 18:20	63.6	61.4	56.6	56.1	59.8	4	100
11/08/2015 18:25	63.9	61.7	59.8	55.8	60.6	4	100
11/08/2015 18:30	64.1	61.3	60.5	58.5	61.4	4	100
11/08/2015 18:35	63.7	62.7	60.6	57.5	61.5	4	100
11/08/2015 18:40	65.4	62.1	60	58.5	61.9	4	100
11/08/2015 18:45	65.4	61.6	60.6	59	62.1	4	100
11/08/2015 18:50	64.8	61.4	59.9	56.8	61.3	4	100
11/08/2015 18:55	66.2	61.7	58.6	57.2	61.1	4	100
11/08/2015 19:00	65.5	62.3	59.1	57.8	61.6	4	100
11/08/2015 19:05	66.8	62.5	59	57.3	61.9	4	100
11/08/2015 19:10	66.9	63.5	60.2	59.5	62.9	4	100
11/08/2015 19:15	66.6	63.2	61.8	60	63.3	4	100
11/08/2015 19:20	68	63.5	63.4	59	64	4	100
11/08/2015 19:25	66.8	63.5	63.1	59.3	63.4	4	100
11/08/2015 19:30	67.2	64.3	60.7	59.7	63.5	4	100
11/08/2015 19:35	67.3	63.7	63.3	59.6	64	4	100
11/08/2015 19:40	67.6	65.2	62.9	60.8	64.4	4	100
11/08/2015 19:45	68.6	65.6	61.5	60.9	64.7	4	100
11/08/2015 19:50	67.1	64.5	60.6	59.9	63.7	4	100
11/08/2015 19:55	66.8	63.6	57.7	59.1	62.5	4	100
11/08/2015 20:00	66.7	64.3	59.4	60.8	63.2	4	100
11/08/2015 20:05	66	65.4	58.8	61.2	63.1	4	100
11/08/2015 20:10	67.1	65.7	59.3	61.2	63.8	4	100
11/08/2015 20:15	66.9	64.4	59.1	60.8	63.2	4	100
11/08/2015 20:20	67	63.8	61.5	59.5	63.5	4	100
11/08/2015 20:25	66.9	63	62.6	60.6	63.7	4	100
11/08/2015 20:30	67.3	64.2	61	60.3	63.6	4	100
11/08/2015 20:35	66.9	64.7	61.3	61.5	64	4	100
11/08/2015 20:40	67.3	65	60.7	63.2	64.2	4	100
11/08/2015 20:45	67.4	66	59.5	63.5	64.4	4	100
11/08/2015 20:50	68.5	65.8	61.3	61.4	64.6	4	100
11/08/2015 20:55	70.2	65.9	63.6	58.7	65.3	4	100
11/08/2015 21:00	71.8	67.9	64.9	62.4	67.4	4	100
11/08/2015 21:05	71.5	67.5	65.2	63.5	67.5	4	100
11/08/2015 21:10	72.7	67.7	62.9	59.9	66.8	4	100
11/08/2015 21:15	73.3	69	61.7	61.1	67.3	4	100
11/08/2015 21:20	72	69.6	62.8	60.5	66.8	4	100
11/08/2015 21:25	71.2	69.6	63	62.5	66.9	4	100
11/08/2015 21:30	71.5	69.9	65.5	62.2	67.9	4	100
11/08/2015 21:35	73.6	71	65.1	57.6	68	4	100
11/08/2015 21:40	73.7	70.8	64.9	62.2	68.3	4	100
11/08/2015 21:45	73	70.5	64.6	62.7	68.5	4	100
11/08/2015 21:50	72.1	70.6	66.9	62.2	68.5	4	100
11/08/2015 21:55	72.8	70.8	66.2	60.8	68.3	4	100
11/08/2015 22:00	73.3	70.3	64.7	63.2	68.6	4	100
11/08/2015 22:05	73.9	68.6	62.1	60.3	67	4	100
11/08/2015 22:10	74.4	68.9	62.8	61.5	67.3	4	100
11/08/2015 22:15	73.5	68.4	64.6	61.2	67.6	4	100
11/08/2015 22:20	74.3	68.5	65.8	60.9	67.8	4	100
11/08/2015 22:25	74.1	69.9	67.3	60	69	4	100
11/08/2015 22:30	74	69.7	66.4	61.8	68.5	4	100
11/08/2015 22:35	74.4	70.7	65.6	58.5	68	4	100
11/08/2015 22:40	75.1	71.5	64.6	61.7	68.4	4	100
11/08/2015 22:45	75.9	71.5	66.8	61.2	68.9	4	100
11/08/2015 22:50	74.5	70.6	63.2	63.5	68.6	4	100
11/08/2015 22:55	76.9	71.7	64	65.5	69.4	4	100
11/08/2015 23:00	75	70.2	66.3	61.2	68.5	4	100
11/08/2015 23:05	74.6	68.9	65.8	61.6	67.9	4	100
11/08/2015 23:10	74	69.4	67.6	60.6	68.8	4	100
11/08/2015 23:15	73.6	66.9	67	62.7	67.6	4	100
11/08/2015 23:20	74.2	69.3	66.8	39	64.3	4	100
11/08/2015 23:25	75.4	68.8	67.3	49.2	66.6	4	100
11/08/2015 23:30	74.3	68.7	67.8	57	66.9	4	100
11/08/2015 23:35	74.5	68.1	68.3	58.8	67.8	4	100
11/08/2015 23:40	74.5	69.6	69.6	62.2	69.5	4	100
11/08/2015 23:45	76.3	70.7	68	61	69.5	4	100
11/08/2015 23:50	75.5	70.4	63.9	59.1	68.3	4	100
11/08/2015 23:55	75.5	70.7	66.9	61.8	68.9	4	100
