5 Minutes	Lane 1 Speed (mph)	Lane 2 Speed (mph)	Lane 3 Speed (mph)	Lane 4 Speed (mph)	Speed (mph)	# Lane Points	% Observed
11/09/2015 00:00	74.8	71	67.4	62.8	69.1	4	100
11/09/2015 00:05	74.8	71.3	68.6	62.1	69.2	4	100
11/09/2015 00:10	74.5	70.5	65.7	61.3	68.2	4	100
11/09/2015 00:15	74.5	70.7	67.5	61.4	67.9	4	100
11/09/2015 00:20	73.9	70.9	64.7	62.9	68.1	4	100
11/09/2015 00:25	74.2	70.4	64.2	63.5	67.2	4	100
11/09/2015 00:30	74.2	70.1	65.4	59.3	67.3	4	100
11/09/2015 00:35	74.6	70.6	67.5	59.9	68.4	4	100
11/09/2015 00:40	74.2	70	66.9	60.5	68	4	100
11/09/2015 00:45	74.4	70.2	66.7	62.5	68	4	100
11/09/2015 00:50	74.7	70	68.2	62.6	68.7	4	100
11/09/2015 00:55	74.7	70.5	66.8	63.1	68.5	4	100
11/09/2015 01:00	74.9	70.6	67	62.9	68.6	4	100
11/09/2015 01:05	74.7	70.7	67.8	63.6	69	4	100
11/09/2015 01:10	74.8	71	67.9	61.4	67.6	4	100
11/09/2015 01:15	74.9	71	67.2	62.3	69.2	4	100
11/09/2015 01:20	75.1	71	61.1	63	66.5	4	100
11/09/2015 01:25	75.1	71.1	64.4	60.5	66.8	4	100
11/09/2015 01:30	75.1	71.3	66.5	62.1	67.9	4	100
11/09/2015 01:35	75	70.9	66.8	62.9	68.1	4	100
11/09/2015 01:40	74.8	70.9	66.8	62.7	67.6	4	100
11/09/2015 01:45	74.8	70.9	67.4	61.5	68.1	4	100
11/09/2015 01:50	74.9	70.9	67.2	61.8	67.8	4	100
11/09/2015 01:55	75	71	67.2	58.8	67.3	4	100
11/09/2015 02:00	74.8	71	67.2	60.4	67.5	4	100
11/09/2015 02:05	74.8	70.8	67.6	61.7	67.8	4	100
11/09/2015 02:10	74.7	71	67.6	61.8	67.4	4	100
11/09/2015 02:15	74.9	71.2	64.2	61.3	68.4	4	100
11/09/2015 02:20	74.9	71.1	66.2	62.6	67.5	4	100
11/09/2015 02:25	74.9	71.2	67.1	61.5	68.1	4	100
11/09/2015 02:30	74.9	71.2	67.5	61.1	68.1	4	100
11/09/2015 02:35	74.8	70.9	66.9	62.2	67.4	4	100
11/09/2015 02:40	74.7	70.9	67.4	62.4	68.1	4	100
11/09/2015 02:45	74.8	70.6	67.3	62.1	67.6	4	100
11/09/2015 02:50	74.7	70.7	67.1	61.3	66.6	4	100
11/09/2015 02:55	74.8	70.7	67.7	62	68.2	4	100
11/09/2015 03:00	74.5	70.8	68	62.6	68	4	100
11/09/2015 03:05	74.8	71	68.2	61.5	67.5	4	100
11/09/2015 03:10	74.8	71	67.2	62.2	67.3	4	100
11/09/2015 03:15	74.7	71	67.6	62.2	67.9	4	100
11/09/2015 03:20	74.7	70.8	67.8	63	68.7	4	100
11/09/2015 03:25	74.7	71	68.1	62.6	67.7	4	100
11/09/2015 03:30	74.8	71.1	67.8	63.1	69.3	4	100
11/09/2015 03:35	74.8	70.9	68.4	62.1	67.8	4	100
11/09/2015 03:40	74.9	70.9	67.9	62.5	69	4	100
11/09/2015 03:45	74.8	71	65.5	62.6	67.7	4	100
11/09/2015 03:50	75.1	70.9	66.5	60.2	65.9	4	100
11/09/2015 03:55	74.9	70.8	65.9	58.1	66.6	4	100
11/09/2015 04:00	74.9	70.2	66.5	60.9	68.1	4	100
11/09/2015 04:05	74.8	70.8	66.4	61.5	68.6	4	100
11/09/2015 04:10	74.7	70.8	65.5	61.7	67.8	4	100
11/09/2015 04:15	74.6	70.8	63.3	61.8	67.4	4	100
11/09/2015 04:20	74.6	71.1	60	60.9	66.4	4	100
11/09/2015 04:25	74.6	70.9	65.1	57.1	65.6	4	100
11/09/2015 04:30	74.7	70.3	67.7	58.6	68.5	4	100
11/09/2015 04:35	74.4	69.8	69.3	57.6	67.2	4	100
11/09/2015 04:40	74.4	69.7	66.5	55.5	67.6	4	100
11/09/2015 04:45	74.1	70.5	68.9	61.7	69	4	100
11/09/2015 04:50	74.4	70.9	68.9	63.1	67.7	4	100
11/09/2015 04:55	71.4	70	69.4	62.7	69	4	100
11/09/2015 05:00	73.7	69.1	66.9	64.3	68.6	4	100
11/09/2015 05:05	74	69.6	65.5	61.6	67.9	4	100
11/09/2015 05:10	73.8	69.5	64.4	60.9	67.2	4	100
11/09/2015 05:15	73.9	69	61.5	66.3	68.2	4	100
11/09/2015 05:20	74.2	68.8	67.2	66	69.2	4	100
11/09/2015 05:25	73.6	68.4	68.6	59.1	68.2	4	100
11/09/2015 05:30	71.9	67.7	65.7	65.1	68	4	100
11/09/2015 05:35	71.6	66.1	64	60.7	66.2	4	100
11/09/2015 05:40	71.8	67.3	66	58.8	66.8	4	100
11/09/2015 05:45	72.8	68.5	68.8	62.8	68.6	4	100
11/09/2015 05:50	72.7	68.7	71.3	63.4	68.9	4	100
11/09/2015 05:55	71.1	69.1	68.5	63.7	68.4	4	100
11/09/2015 06:00	72.2	68.5	66.4	62.7	67.9	4	100
11/09/2015 06:05	72.7	67.4	62.9	60.7	66.6	4	100
11/09/2015 06:10	72.2	68.6	63.6	60.6	66.8	4	100
11/09/2015 06:15	72.4	68.9	61.3	60.2	66.6	4	100
11/09/2015 06:20	72.1	68.6	64	60.5	66.7	4	100
11/09/2015 06:25	72.3	68.9	65.8	58.5	66.8	4	100
11/09/2015 06:30	73.1	69.2	63	58	66.3	4	100
11/09/2015 06:35	74.1	70.2	66.8	62.9	69.1	4	100
11/09/2015 06:40	74	70.4	69.7	61.9	69.2	4	100
11/09/2015 06:45	74.6	70.4	68.5	63.3	69.5	4	100
11/09/2015 06:50	74.4	70.3	70.3	60.6	69.3	4	100
11/09/2015 06:55	75.9	69.9	71.9	60.3	69.8	4	100
11/09/2015 07:00	75.3	69.9	70.9	60.1	69.5	4	100
11/09/2015 07:05	74.9	69.5	71.5	58.5	68.8	4	100
11/09/2015 07:10	74.3	69.4	69.9	60.3	68.7	4	100
11/09/2015 07:15	73.7	69.6	69.4	58.1	68.7	4	100
11/09/2015 07:20	72.7	69.3	69.7	56.4	67.8	4	100
11/09/2015 07:25	72.6	69.6	71	56.2	67.8	4	100
11/09/2015 07:30	72.9	67.9	68.5	56.8	66.9	4	100
11/09/2015 07:35	72.2	66.9	64.4	54.7	65	4	100
11/09/2015 07:40	61.1	60.3	59.8	51	58.2	4	100
11/09/2015 07:45	42.7	43.8	43.5	41.1	42.8	4	100
11/09/2015 07:50	32	32.6	32.1	32.8	32.4	4	100
11/09/2015 07:55	29.8	28.3	27.2	28.4	28.5	4	100
11/09/2015 08:00	27	23.7	23.8	22.9	24.5	4	100
11/09/2015 08:05	25.1	21.5	23.2	23.5	23.3	4	100
11/09/2015 08:10	24.1	21.6	21.6	24	22.9	4	100
11/09/2015 08:15	23.1	21	20	23.2	21.8	4	100
11/09/2015 08:20	24.6	22.2	20.6	21.8	22.3	4	100
11/09/2015 08:25	25.5	25.3	25.4	26.6	25.7	4	100
11/09/2015 08:30	29.4	29.7	28.1	30.3	29.4	4	100
11/09/2015 08:35	49.6	48.4	46.6	45	47.5	4	100
11/09/2015 08:40	61.1	58.6	60.3	53.1	58.5	4	100
11/09/2015 08:45	66.8	63.2	62.4	55.4	62.2	4	100
11/09/2015 08:50	69.7	65	61.6	56	63.2	4	100
11/09/2015 08:55	71.5	66.8	64	60.9	66.2	4	100
11/09/2015 09:00	71.5	67.1	62.5	55.2	64.7	4	100
11/09/2015 09:05	73.4	66.9	65	55.5	65.9	4	100
11/09/2015 09:10	71.7	66	63.7	56.8	64.8	4	100
11/09/2015 09:15	71.2	66.2	62.5	58.6	64.8	4	100
11/09/2015 09:20	71.5	67.7	64.3	57.7	65.6	4	100
11/09/2015 09:25	71.5	67.6	60.5	53.8	64	4	100
11/09/2015 09:30	71.3	67.1	60.8	56.2	64.1	4	100
11/09/2015 09:35	72.4	67.6	61.3	56	64.9	4	100
11/09/2015 09:40	71.5	67	64.6	57.3	65.1	4	100
11/09/2015 09:45	72.9	67.6	64.8	58.2	65.7	4	100
11/09/2015 09:50	71.9	67.1	63	57.6	65.1	4	100
11/09/2015 09:55	72.5	68.3	65.3	58.3	66	4	100
11/09/2015 10:00	72.9	67.1	63.5	59.6	65.8	4	100
11/09/2015 10:05	73.4	68.2	58.5	55.1	64.5	4	100
11/09/2015 10:10	73.1	68	59.3	56.3	64.6	4	100
11/09/2015 10:15	71	67.3	57.9	55.5	63.5	4	100
11/09/2015 10:20	70.2	66.4	59.6	57.4	63.7	4	100
11/09/2015 10:25	70.7	66.4	58.2	58.7	63.9	4	100
11/09/2015 10:30	71.1	67.2	58.7	57	63.6	4	100
11/09/2015 10:35	71.8	67.1	57.2	57.7	63.9	4	100
11/09/2015 10:40	72.1	66.2	57.5	57	63.4	4	100
11/09/2015 10:45	70.5	66.2	60.3	56.9	63.6	4	100
11/09/2015 10:50	68.8	65.2	62	54.9	62.7	4	100
11/09/2015 10:55	64.2	60.2	52.6	48.4	56.7	4	100
11/09/2015 11:00	63.7	60.5	50.6	48	56.4	4	100
11/09/2015 11:05	66.4	62	55.5	49.6	58.6	4	100
11/09/2015 11:10	67.4	63.6	55.5	48.2	59	4	100
11/09/2015 11:15	68.3	65.2	53.5	49.8	59.6	4	100
11/09/2015 11:20	69.8	65.7	54.6	53.6	61.2	4	100
11/09/2015 11:25	70.1	64.8	56.7	54.3	62.3	4	100
11/09/2015 11:30	69.7	65.2	55.8	54	61.8	4	100
11/09/2015 11:35	69.5	63.9	51	57	61.3	4	100
11/09/2015 11:40	70.7	65	55.6	59.9	63.3	4	100
11/09/2015 11:45	70.5	65.9	55.1	57.3	62.5	4	100
11/09/2015 11:50	70	65	52.5	55	61.2	4	100
11/09/2015 11:55	70.7	65.6	54.5	56.1	62.5	4	100
11/09/2015 12:00	72.1	65.8	54.4	55.9	62.7	4	100
11/09/2015 12:05	69.8	63.5	50.8	53.3	59.8	4	100
11/09/2015 12:10	69.3	63.6	52.9	54.2	60.3	4	100
11/09/2015 12:15	68.8	63.5	52.1	51.5	59.5	4	100
11/09/2015 12:20	69.1	63.3	55.3	53.2	60.8	4	100
11/09/2015 12:25	69.8	63.3	57	52.9	61.3	4	100
11/09/2015 12:30	69.1	63.7	56.3	54.1	61	4	100
11/09/2015 12:35	68.6	65	56.7	54	61.4	4	100
11/09/2015 12:40	69.1	64.9	54.9	54.4	60.9	4	100
11/09/2015 12:45	68.6	64.4	55.8	51.7	61	4	100
11/09/2015 12:50	68.7	64.5	57.1	52.8	61.1	4	100
11/09/2015 12:55	69.3	65.2	57.9	54.3	62	4	100
11/09/2015 13:00	69.7	65	61.2	56.1	63.1	4	100
11/09/2015 13:05	68.8	63.1	58.6	52.6	61.6	4	100
11/09/2015 13:10	69.1	63.3	58.3	53	61.2	4	100
11/09/2015 13:15	67.7	62.5	54.5	53	59.9	4	100
11/09/2015 13:20	67.5	62	55.3	53.2	60.1	4	100
11/09/2015 13:25	67.5	62.6	54.6	55.1	60.9	4	100
11/09/2015 13:30	67.7	62.2	54.8	54.7	60.4	4	100
11/09/2015 13:35	67.2	60.3	54.9	53.8	59.5	4	100
11/09/2015 13:40	67.8	61.5	54.1	53.5	60	4	100
11/09/2015 13:45	69.5	62.3	56.1	55.3	61.4	4	100
11/09/2015 13:50	66.3	60.9	56.9	52.5	59.4	4	100
11/09/2015 13:55	62.9	58.2	53.3	50.9	57	4	100
11/09/2015 14:00	56.8	53.4	48.4	47	51.6	4	100
11/09/2015 14:05	46.7	47.4	44	40.5	44.6	4	100
11/09/2015 14:10	58.6	55.9	51.1	49.7	54.2	4	100
11/09/2015 14:15	62.3	57.6	53.8	50.4	56.5	4	100
11/09/2015 14:20	58.8	55	52.8	48.2	53.9	4	100
11/09/2015 14:25	42.9	41.5	41.5	40.4	41.6	4	100
11/09/2015 14:30	34.6	32	34.2	35.7	34.2	4	100
11/09/2015 14:35	27.7	26.7	28	30	28.1	4	100
11/09/2015 14:40	22.6	20.9	24.1	25.5	23.3	4	100
11/09/2015 14:45	21	18.3	20	21.8	20.3	4	100
11/09/2015 14:50	18.8	16.7	16.5	18.2	17.6	4	100
11/09/2015 14:55	17.8	16.3	17.4	18.7	17.6	4	100
11/09/2015 15:00	17.9	16.5	16.2	19	17.4	4	100
11/09/2015 15:05	17.2	15.2	14.4	17.2	16.1	4	100
11/09/2015 15:10	17.8	15	14.7	17	16.2	4	100
11/09/2015 15:15	17.1	13.8	13.9	17.4	15.6	4	100
11/09/2015 15:20	16.4	14.4	12.8	14.8	14.7	4	100
11/09/2015 15:25	15.2	12.8	12.6	14.7	13.9	4	100
11/09/2015 15:30	16.5	13.8	14.7	16	15.3	4	100
11/09/2015 15:35	15.2	13.2	12.9	16	14.4	4	100
11/09/2015 15:40	16	15.2	15	17.6	16	4	100
11/09/2015 15:45	15.6	14.8	12.9	15.1	14.7	4	100
11/09/2015 15:50	16.3	14.3	14	17	15.4	4	100
11/09/2015 15:55	16	14.4	13.9	17.1	15.4	4	100
11/09/2015 16:00	17.9	16.1	15.9	20.5	17.7	4	100
11/09/2015 16:05	16.8	15.9	17	23.4	18.4	4	100
11/09/2015 16:10	16.9	15.5	15.5	18.4	16.6	4	100
11/09/2015 16:15	17.1	14.9	15	17.9	16.3	4	100
11/09/2015 16:20	18	15.6	15.2	17	16.5	4	100
11/09/2015 16:25	15.8	14.3	12.9	16.4	14.9	4	100
11/09/2015 16:30	15.3	14.9	13.8	15.5	14.9	4	100
11/09/2015 16:35	18	15.9	15	17.1	16.6	4	100
11/09/2015 16:40	18	16.2	15.3	16.6	16.6	4	100
11/09/2015 16:45	18.6	16.7	13.5	16.6	16.6	4	100
11/09/2015 16:50	17.5	16.5	16.5	19.9	17.6	4	100
11/09/2015 16:55	17.3	15.2	14.5	17.3	16.1	4	100
11/09/2015 17:00	20.5	15.5	14.5	17.6	17.2	4	100
11/09/2015 17:05	20	16.2	14.6	17.1	17.1	4	100
11/09/2015 17:10	18.7	16	14.4	17.8	16.8	4	100
11/09/2015 17:15	19.9	17.1	14.8	16.6	17.2	4	100
11/09/2015 17:20	18.8	14.4	13.3	16.1	15.9	4	100
11/09/2015 17:25	18.7	14.1	13.3	13.9	15.2	4	100
11/09/2015 17:30	18.8	13.6	13.1	12.1	14.7	4	100
11/09/2015 17:35	18.3	14.3	12.4	11.6	14.5	4	100
11/09/2015 17:40	18	14.9	13.5	12.7	15	4	100
11/09/2015 17:45	16.6	12.8	11.6	11.2	13.4	4	100
11/09/2015 17:50	18.2	12.2	11.3	11.4	13.6	4	100
11/09/2015 17:55	19	14.5	12.6	13.1	15	4	100
11/09/2015 18:00	20.9	16.2	12.7	12.9	16.1	4	100
11/09/2015 18:05	19.2	14.7	12.2	11.1	14.7	4	100
11/09/2015 18:10	18.9	15.4	12.6	12.2	14.9	4	100
11/09/2015 18:15	19.6	16	12.8	11.2	15.3	4	100
11/09/2015 18:20	20.2	15.5	12.6	11.5	15.4	4	100
11/09/2015 18:25	19	14.1	11.8	10.7	14.4	4	100
11/09/2015 18:30	19	14.4	13.5	11.3	14.8	4	100
11/09/2015 18:35	17.4	12.9	11.6	10.8	13.4	4	100
11/09/2015 18:40	19.1	13.5	14	13.3	15.1	4	100
11/09/2015 18:45	21.7	14.7	14.3	14.2	16.5	4	100
11/09/2015 18:50	18.4	14.7	12.5	11	14.6	4	100
11/09/2015 18:55	16.6	12.8	10.4	9.1	12.8	4	100
11/09/2015 19:00	14	11.9	9	8.9	11.2	4	100
11/09/2015 19:05	13.4	11.7	9.1	8.3	10.9	4	100
11/09/2015 19:10	12.1	10.1	7.7	7	9.6	4	100
11/09/2015 19:15	11.6	9.5	6.9	6.4	8.9	4	100
11/09/2015 19:20	10.9	9	7.8	8.1	9	4	100
11/09/2015 19:25	10.3	8.8	8.5	8.3	9	4	100
11/09/2015 19:30	10.4	9	8.4	7.7	9	4	100
11/09/2015 19:35	8.7	7.7	6.9	5.6	7.4	4	100
11/09/2015 19:40	9.6	8.6	7.2	6.4	8.1	4	100
11/09/2015 19:45	18	16.1	12	15.2	15.5	4	100
11/09/2015 19:50	24.2	20.3	18	20.2	20.8	4	100
11/09/2015 19:55	25.5	24.2	21.7	24.1	23.9	4	100
11/09/2015 20:00	24.2	23.6	21.3	24.8	23.5	4	100
11/09/2015 20:05	31.6	30.1	30.5	30.8	30.8	4	100
11/09/2015 20:10	48.7	46.2	46.2	42.7	46.1	4	100
11/09/2015 20:15	61.3	56.5	55.6	48.6	56	4	100
11/09/2015 20:20	65.6	61	58.8	54.3	60.2	4	100
11/09/2015 20:25	68.3	63.9	63.9	57.5	63.4	4	100
11/09/2015 20:30	69.6	64.2	64.1	58	64.4	4	100
11/09/2015 20:35	70.7	67.2	65	57.4	65.5	4	100
11/09/2015 20:40	71	68.2	68.2	56.5	66.7	4	100
11/09/2015 20:45	71.2	66.2	64	55.6	64.4	4	100
11/09/2015 20:50	71.1	66.3	67.3	58.4	66.2	4	100
11/09/2015 20:55	72.5	66.4	64.8	59.8	66	4	100
11/09/2015 21:00	73.6	68.2	65.8	61.1	67.3	4	100
11/09/2015 21:05	75.2	69.5	70.1	62.8	69.9	4	100
11/09/2015 21:10	75.1	69.7	70.3	63.9	70.2	4	100
11/09/2015 21:15	73.9	69.3	69.5	66.5	69.9	4	100
11/09/2015 21:20	74.5	68.2	71.1	65.2	70.2	4	100
11/09/2015 21:25	75.6	70.3	71.1	63.4	70.6	4	100
11/09/2015 21:30	75.6	70.3	74.4	65.1	71.7	4	100
11/09/2015 21:35	75	69.6	68.2	63	69.1	4	100
11/09/2015 21:40	75.3	69.6	67.4	61.2	68.8	4	100
11/09/2015 21:45	74.9	70.4	70.3	57.9	68.6	4	100
11/09/2015 21:50	76	71.3	66.6	58.7	68.6	4	100
11/09/2015 21:55	75.3	71.4	60.8	62.1	67.9	4	100
11/09/2015 22:00	75.5	69.9	65.3	61	68.4	4	100
11/09/2015 22:05	75.2	70.2	64.2	63.2	68.7	4	100
11/09/2015 22:10	74.5	70.6	63.9	62.1	68.3	4	100
11/09/2015 22:15	75.6	69.8	65.6	63.7	69.1	4	100
11/09/2015 22:20	75.2	69.9	67.2	67.2	69.9	4	100
11/09/2015 22:25	76.9	69.9	62.9	64.9	69.2	4	100
11/09/2015 22:30	75.9	71.7	66.8	65.4	70.1	4	100
11/09/2015 22:35	74.5	70.7	64.9	67	69.4	4	100
11/09/2015 22:40	74.8	70.9	65.1	66	69.1	4	100
11/09/2015 22:45	76.8	71.9	65.2	62.4	69.4	4	100
11/09/2015 22:50	75.7	73.9	64.3	62.2	69.4	4	100
11/09/2015 22:55	76.7	73.3	68	65.8	71	4	100
11/09/2015 23:00	75.6	72.4	68.3	64	69.8	4	100
11/09/2015 23:05	74.8	70.6	71.5	62.9	69.9	4	100
11/09/2015 23:10	75	69.9	70.3	58.8	68.7	4	100
11/09/2015 23:15	74.8	69.6	68.9	59.9	69	4	100
11/09/2015 23:20	74.8	68.8	65.6	59.5	67.3	4	100
11/09/2015 23:25	74.6	69.4	66.9	59.1	67.9	4	100
11/09/2015 23:30	74.9	69.6	69	57.6	68	4	100
11/09/2015 23:35	74.7	70	69.3	55.8	67.9	4	100
11/09/2015 23:40	75	69.9	69.9	57.5	68	4	100
11/09/2015 23:45	75.1	70.2	64.1	59.9	67.1	4	100
11/09/2015 23:50	74.9	70.4	67.8	62.5	68.8	4	100
11/09/2015 23:55	74.7	70.5	63.6	60.2	67.1	4	100
11/10/2015 00:00	74.8	71	67.4	62.8	68.6	4	100
11/10/2015 00:05	74.7	70.8	64.2	63.2	67.8	4	100
11/10/2015 00:10	74.4	70.2	58.4	61.9	66	4	100
11/10/2015 00:15	74.5	69.8	60.8	60.9	65.6	4	100
11/10/2015 00:20	74.9	70.3	58.5	63.3	66.3	4	100
11/10/2015 00:25	74.8	70.4	66.1	65.9	68.6	4	100
11/10/2015 00:30	74.6	70.1	65.7	63.7	68.1	4	100
11/10/2015 00:35	74.8	70.3	62.8	59	65.9	4	100
11/10/2015 00:40	74.9	70.5	65.6	61.7	67.4	4	100
11/10/2015 00:45	74.9	70.8	66.7	62.9	67.8	4	100
11/10/2015 00:50	74.8	71.1	69.3	64	69.6	4	100
11/10/2015 00:55	74.7	70.8	68.2	62.1	68.2	4	100
11/10/2015 01:00	74.8	71	65.3	61.5	67.3	4	100
11/10/2015 01:05	75.1	71.1	67.3	63.4	68.9	4	100
11/10/2015 01:10	74.8	71	66.8	64.2	68.7	4	100
11/10/2015 01:15	74.8	71	66.3	63.9	69.2	4	100
11/10/2015 01:20	74.9	71.2	66.9	63.4	69.2	4	100
11/10/2015 01:25	74.9	71.2	68.1	62.6	68.5	4	100
11/10/2015 01:30	75	71.2	67.5	62.3	69.1	4	100
11/10/2015 01:35	74.9	71.1	66.9	63.3	68.5	4	100
11/10/2015 01:40	74.8	70.9	66	62.6	67.8	4	100
11/10/2015 01:45	74.7	70.7	65.9	62.6	67.9	4	100
11/10/2015 01:50	74.8	70.7	66.9	61.8	68.2	4	100
11/10/2015 01:55	74.7	70.7	67	62.3	67.7	4	100
11/10/2015 02:00	74.7	70.8	64.7	62.4	68.3	4	100
11/10/2015 02:05	74.7	70.8	64.6	53.6	64.5	4	100
11/10/2015 02:10	74.7	70.6	65.3	55.8	64.6	4	100
11/10/2015 02:15	74.7	70.8	62.7	58	66.3	4	100
11/10/2015 02:20	74.6	70.8	64.7	61.1	67.5	4	100
11/10/2015 02:25	74.8	70.9	64.6	61.8	67.1	4	100
11/10/2015 02:30	74.8	70.9	66.2	62.4	68	4	100
11/10/2015 02:35	74.6	71	67.6	61.9	68.2	4	100
11/10/2015 02:40	74.6	70.8	66.9	58.8	66.9	4	100
11/10/2015 02:45	74.5	70.7	67.9	60.8	67.9	4	100
11/10/2015 02:50	74.6	70.9	66.3	60.7	67.4	4	100
11/10/2015 02:55	74.5	70.8	65.5	62	67.9	4	100
11/10/2015 03:00	74.6	70.8	65.1	62.9	67.1	4	100
11/10/2015 03:05	74.7	70.9	66.5	62.7	67	4	100
11/10/2015 03:10	74.7	70.9	66.3	61.5	67.3	4	100
11/10/2015 03:15	74.7	70.7	64.9	60	66.5	4	100
11/10/2015 03:20	74.7	70.9	65.2	59.9	66.8	4	100
11/10/2015 03:25	74.7	70.9	65.7	61.2	67.9	4	100
11/10/2015 03:30	74.8	71	66.3	63.1	67.3	4	100
11/10/2015 03:35	74.8	70.9	66.4	62.5	68.5	4	100
11/10/2015 03:40	74.8	70.9	66.9	62.6	67.2	4	100
11/10/2015 03:45	74.8	70.7	64.9	63.3	67.8	4	100
11/10/2015 03:50	74.7	70.7	66.2	62	67.7	4	100
11/10/2015 03:55	74.8	71.1	65.4	61.2	65.3	4	100
11/10/2015 04:00	74.7	71.3	63.7	61.2	66	4	100
11/10/2015 04:05	74.6	70.9	66.1	62.1	67.9	4	100
11/10/2015 04:10	74.6	70.9	65.7	55.8	66.4	4	100
11/10/2015 04:15	74.6	70.8	66.6	56.9	66.1	4	100
11/10/2015 04:20	74.7	70.9	66.2	54.9	67.2	4	100
11/10/2015 04:25	74.9	71	66.4	56	66.2	4	100
11/10/2015 04:30	75	71.2	61.1	52.8	64.5	4	100
11/10/2015 04:35	75.2	71.8	61.4	53.5	64.1	4	100
11/10/2015 04:40	75.2	71.7	66.5	58.9	68.9	4	100
11/10/2015 04:45	74.9	70.3	64.4	58.3	66.9	4	100
11/10/2015 04:50	75.2	70.9	66.3	62.9	68.6	4	100
11/10/2015 04:55	75.6	71.4	70.9	57.9	69.6	4	100
11/10/2015 05:00	75.2	70.7	69.2	58.8	68.7	4	100
11/10/2015 05:05	75	71.1	62	59.8	67.5	4	100
11/10/2015 05:10	74.3	70.3	68.1	61.8	69.3	4	100
11/10/2015 05:15	75.2	70.9	69.1	63	69.7	4	100
11/10/2015 05:20	75.1	70.7	72.5	57.3	70	4	100
11/10/2015 05:25	74.5	70.9	68.1	60.3	69.4	4	100
11/10/2015 05:30	74.6	71.8	67.7	64.6	69.8	4	100
11/10/2015 05:35	73	71.5	71.8	64	70.5	4	100
11/10/2015 05:40	73.3	70.2	72.9	62.9	70.1	4	100
11/10/2015 05:45	72.9	70.2	73.5	63	69.7	4	100
11/10/2015 05:50	73.8	70.9	73.7	63.9	70.8	4	100
11/10/2015 05:55	74.6	71.6	74.9	66.7	72.1	4	100
11/10/2015 06:00	74.7	70.2	69.4	65.2	70.3	4	100
11/10/2015 06:05	75	71.2	68	66.5	70.4	4	100
11/10/2015 06:10	74.9	69.8	67.4	60.8	69	4	100
11/10/2015 06:15	74.2	70.1	66.8	62.1	68.5	4	100
11/10/2015 06:20	75.3	70.8	65.3	62.3	68.9	4	100
11/10/2015 06:25	75.7	70.7	70.2	62.3	70.4	4	100
11/10/2015 06:30	74.9	69.8	67.8	61.2	68.6	4	100
11/10/2015 06:35	74.3	69.9	67.1	62.4	68.8	4	100
11/10/2015 06:40	73.1	69.3	68	63.1	68.7	4	100
11/10/2015 06:45	73.2	70.1	66.2	64.7	68.7	4	100
11/10/2015 06:50	73.9	70.4	68.4	64	69.2	4	100
11/10/2015 06:55	73.9	70.3	69.3	62.3	69.1	4	100
11/10/2015 07:00	74.3	71	69.2	62.4	69.4	4	100
11/10/2015 07:05	74.2	71	70.9	62.7	69.8	4	100
11/10/2015 07:10	72.7	70.1	67.5	62.6	68.4	4	100
11/10/2015 07:15	71.7	69.6	66.7	59.4	67.2	4	100
11/10/2015 07:20	71.6	69.2	67.5	59.6	67.4	4	100
11/10/2015 07:25	69.8	68.1	66.4	58.6	66	4	100
11/10/2015 07:30	69	67.1	65.7	57.4	65.1	4	100
11/10/2015 07:35	51.2	49.8	47.2	44.2	48.2	4	100
11/10/2015 07:40	39.5	35.8	35.9	36.2	36.9	4	100
11/10/2015 07:45	30.1	29.6	29.6	30.8	30	4	100
11/10/2015 07:50	26.1	24.2	23.9	24.1	24.6	4	100
11/10/2015 07:55	26.8	25.6	23.4	22.3	24.6	4	100
11/10/2015 08:00	25.3	23.3	20.4	19.4	22.3	4	100
11/10/2015 08:05	26.3	23.6	20.2	21.2	23	4	100
11/10/2015 08:10	26.7	23.6	20.8	21.8	23.3	4	100
11/10/2015 08:15	24.8	21.6	18.9	21.9	22	4	100
11/10/2015 08:20	26.6	25.7	24	23.9	25.1	4	100
11/10/2015 08:25	22.4	20.9	17.3	18.8	20.1	4	100
11/10/2015 08:30	19.2	16.7	12.3	14.1	16.1	4	100
11/10/2015 08:35	17.7	15.1	11.4	14	14.7	4	100
11/10/2015 08:40	16	12.7	9.4	12.3	12.9	4	100
11/10/2015 08:45	14.9	11.7	9.4	11.8	12.1	4	100
11/10/2015 08:50	14.6	11.7	9.7	11.3	11.9	4	100
11/10/2015 08:55	13.8	11.7	9.9	11.6	11.8	4	100
11/10/2015 09:00	13.2	12.3	11.2	12.1	12.2	4	100
11/10/2015 09:05	22	20.5	18.9	19.6	20.3	4	100
11/10/2015 09:10	30.4	28.2	24.6	25	27.2	4	100
11/10/2015 09:15	41.6	43.3	40.2	40.5	41.5	4	100
11/10/2015 09:20	56.8	55.9	49.8	49.2	53.2	4	100
11/10/2015 09:25	63.6	61.6	56.4	55	59.4	4	100
11/10/2015 09:30	67.9	64.8	61.9	58.3	63.5	4	100
11/10/2015 09:35	71.3	65.9	63.8	59.9	65.4	4	100
11/10/2015 09:40	72.3	67.6	61.9	61.5	66.2	4	100
11/10/2015 09:45	72.2	69.3	59.1	61.5	65.8	4	100
11/10/2015 09:50	71.4	69	58.3	59.5	64.7	4	100
11/10/2015 09:55	71.5	68.4	61.7	60.8	65.8	4	100
11/10/2015 10:00	71.8	67.7	60.5	62.4	65.8	4	100
11/10/2015 10:05	71.6	68.1	60.9	62.1	65.8	4	100
11/10/2015 10:10	72	68	61.2	61.5	65.9	4	100
11/10/2015 10:15	71.9	67.2	58.2	58.6	64.1	4	100
11/10/2015 10:20	72.2	67.4	58.2	59.2	64.8	4	100
11/10/2015 10:25	72.1	66.2	55.7	57.2	63.1	4	100
11/10/2015 10:30	71.6	65.4	58.2	58.1	63.6	4	100
11/10/2015 10:35	71.7	66.2	56.9	57.6	63.3	4	100
11/10/2015 10:40	71	65.3	59.9	59.1	64	4	100
11/10/2015 10:45	70.6	66.1	57.7	57.4	63.7	4	100
11/10/2015 10:50	70.9	66.8	60.4	58	64.3	4	100
11/10/2015 10:55	71.8	67.2	60	58.9	64.7	4	100
11/10/2015 11:00	70.2	66.5	52.1	55	61.7	4	100
11/10/2015 11:05	69.2	64.3	50.4	54.8	60.4	4	100
11/10/2015 11:10	69.4	64.8	51.5	53.8	60.7	4	100
11/10/2015 11:15	68.9	65.3	53.2	56	61.6	4	100
11/10/2015 11:20	70	65.7	55.9	58.5	63.2	4	100
11/10/2015 11:25	69.1	66	55.8	57.3	62.3	4	100
11/10/2015 11:30	68.3	64.5	53.3	56.4	60.8	4	100
11/10/2015 11:35	68.2	64.6	56	54.6	61.4	4	100
11/10/2015 11:40	68.7	65.4	55.4	55.7	61.5	4	100
11/10/2015 11:45	68.5	64.4	56.9	54.8	61.6	4	100
11/10/2015 11:50	68.4	64.7	57.4	53.7	61.1	4	100
11/10/2015 11:55	68.1	64.8	57.5	53.5	61	4	100
11/10/2015 12:00	67.6	65.5	58.9	51.6	61	4	100
11/10/2015 12:05	68.6	66.6	57	53.1	61.4	4	100
11/10/2015 12:10	68.1	65.6	53.8	55.5	61.1	4	100
11/10/2015 12:15	68.4	64.6	54.7	51.1	59.8	4	100
11/10/2015 12:20	68.5	64	55.3	53.9	60.9	4	100
11/10/2015 12:25	68.5	64.1	54.9	55	61	4	100
11/10/2015 12:30	68.5	65.1	56.6	56	61.9	4	100
11/10/2015 12:35	69.1	65.1	53.5	56.6	61.5	4	100
11/10/2015 12:40	68.6	63.5	53.8	56.1	61.3	4	100
11/10/2015 12:45	67.3	63.4	54.1	55.2	60.3	4	100
11/10/2015 12:50	67.7	64.2	52.2	54.7	60.4	4	100
11/10/2015 12:55	68	65.2	58.7	57	62.3	4	100
11/10/2015 13:00	66.1	63.3	55.7	58.5	61.3	4	100
11/10/2015 13:05	66.9	64.7	57.4	60.1	62.6	4	100
11/10/2015 13:10	67.1	64.2	54.5	57.9	61.6	4	100
11/10/2015 13:15	68.6	66	57	57.7	62.2	4	100
11/10/2015 13:20	66.8	64.8	56.5	54.9	61.3	4	100
11/10/2015 13:25	66.5	63.4	55.2	53.6	60.4	4	100
11/10/2015 13:30	68.1	63.6	56.3	54.4	60.8	4	100
11/10/2015 13:35	66.7	64	57.5	54.9	61.2	4	100
11/10/2015 13:40	65.6	62.1	54.5	53.1	59.4	4	100
11/10/2015 13:45	54.3	53.4	45.6	46.3	50.3	4	100
11/10/2015 13:50	41.1	40.2	33.2	36.8	38	4	100
11/10/2015 13:55	29.4	28.9	24.1	25.2	27.1	4	100
11/10/2015 14:00	23.5	22.4	18.9	18.9	21.1	4	100
11/10/2015 14:05	23.2	22.1	18.7	21.3	21.5	4	100
11/10/2015 14:10	21.2	20.7	19	21	20.5	4	100
11/10/2015 14:15	20.8	19.9	16.8	19.5	19.4	4	100
11/10/2015 14:20	19.2	19.6	14.9	17.6	18	4	100
11/10/2015 14:25	17.8	18.2	13.1	15.4	16.3	4	100
11/10/2015 14:30	18.3	17.9	14.5	17.2	17.1	4	100
11/10/2015 14:35	18.2	15.9	14.2	17	16.4	4	100
11/10/2015 14:40	16.1	14.9	13.6	17.1	15.5	4	100
11/10/2015 14:45	15.4	13.9	12.8	15.9	14.5	4	100
11/10/2015 14:50	12.4	10.3	9.3	9.9	10.7	4	100
11/10/2015 14:55	9.4	7.2	7.5	6.3	7.9	4	100
11/10/2015 15:00	12.6	11.4	11.2	11.4	11.6	4	100
11/10/2015 15:05	13.3	11.4	10.2	14.2	12.4	4	100
11/10/2015 15:10	13.9	13	11.7	15.1	13.5	4	100
11/10/2015 15:15	15.6	14.2	12.4	16.8	14.8	4	100
11/10/2015 15:20	15.5	13.9	11.4	15.1	14.1	4	100
11/10/2015 15:25	15.9	14.2	11.2	15.7	14.4	4	100
11/10/2015 15:30	15.1	14.3	11.4	15.8	14.3	4	100
11/10/2015 15:35	13.4	13.2	10.2	14	12.8	4	100
11/10/2015 15:40	11.7	10	7.7	10	10.1	4	100
11/10/2015 15:45	11.2	9.5	7.7	8.4	9.4	4	100
11/10/2015 15:50	11.1	9.1	7.8	9.5	9.5	4	100
11/10/2015 15:55	10.3	8.6	6.9	8.6	8.7	4	100
11/10/2015 16:00	10.9	9.1	5.9	8	8.9	4	100
11/10/2015 16:05	10.6	8.6	5.9	6.9	8.3	4	100
11/10/2015 16:10	11.4	11.2	7.6	8.7	9.8	4	100
11/10/2015 16:15	11.4	11.7	9.1	10.6	10.8	4	100
11/10/2015 16:20	9.9	9.8	7.2	8	8.9	4	100
11/10/2015 16:25	8.5	8.8	6.6	7	7.8	4	100
11/10/2015 16:30	8.6	7.7	6.1	5.4	7.2	4	100
11/10/2015 16:35	10.4	8.2	7.4	6.7	8.4	4	100
11/10/2015 16:40	10.6	8.8	6.5	7.1	8.5	4	100
11/10/2015 16:45	9.9	8.9	7.6	8.2	8.7	4	100
11/10/2015 16:50	9.3	8.5	7	7.2	8.1	4	100
11/10/2015 16:55	9.7	9.5	7.4	9.8	9.2	4	100
11/10/2015 17:00	10.2	9.9	10.1	14	11.1	4	100
11/10/2015 17:05	11.6	9.5	8.9	14.2	11.2	4	100
11/10/2015 17:10	10.6	9	8.4	13.5	10.5	4	100
11/10/2015 17:15	12.4	9.4	9.1	12.7	10.9	4	100
11/10/2015 17:20	14.5	12.4	12.4	15.5	13.7	4	100
11/10/2015 17:25	12.9	11.9	10.2	11	11.6	4	100
11/10/2015 17:30	12.1	9.4	8.6	8.7	9.9	4	100
11/10/2015 17:35	13.9	10.9	9.1	10.1	11.2	4	100
11/10/2015 17:40	14.2	10.2	7.8	7.1	10.6	4	100
11/10/2015 17:45	11.9	9.6	7	5.7	9.1	4	100
11/10/2015 17:50	10.7	8.7	7	5.2	8.3	4	100
11/10/2015 17:55	9.4	8	5.7	4.5	7.4	4	100
11/10/2015 18:00	7.7	6.3	4.3	3.2	6	4	100
11/10/2015 18:05	7.9	7	4.5	3.6	6.2	4	100
11/10/2015 18:10	11.4	8.5	5.6	4.1	8.1	4	100
11/10/2015 18:15	11.6	9.1	5.7	4.2	8.5	4	100
11/10/2015 18:20	12.2	8.9	6.2	5.4	8.7	4	100
11/10/2015 18:25	11	8	5.7	5.5	8	4	100
11/10/2015 18:30	10	7.7	5.5	4.8	7.4	4	100
11/10/2015 18:35	10.3	8.6	5.9	5	7.9	4	100
11/10/2015 18:40	10.5	8.8	5.9	4.8	8.1	4	100
11/10/2015 18:45	11.7	10.5	6.4	4.9	9.2	4	100
11/10/2015 18:50	11.7	10.5	6.6	5.8	9.1	4	100
11/10/2015 18:55	14.2	11.6	7.8	7.2	10.6	4	100
11/10/2015 19:00	12.9	11	7.4	7	10	4	100
11/10/2015 19:05	11.4	10.1	8	8	9.5	4	100
11/10/2015 19:10	13.4	11.6	8.7	6.8	10.7	4	100
11/10/2015 19:15	14.2	11.3	8.7	6.4	10.7	4	100
11/10/2015 19:20	13.2	11.7	8.2	6.4	10.4	4	100
11/10/2015 19:25	14.9	13.7	10.4	8.7	12.3	4	100
11/10/2015 19:30	17.7	14.7	11	9.3	13.7	4	100
11/10/2015 19:35	18.8	16.3	11.7	9.7	14.7	4	100
11/10/2015 19:40	22.3	16.6	11.8	12.6	16.3	4	100
11/10/2015 19:45	19.9	15.9	11.9	11.9	15.4	4	100
11/10/2015 19:50	19.4	16.6	13	11.9	15.6	4	100
11/10/2015 19:55	19.5	18.7	15	13.6	16.8	4	100
11/10/2015 20:00	18.5	17.6	14.6	15.9	16.8	4	100
11/10/2015 20:05	18.4	17.1	14	15.9	16.5	4	100
11/10/2015 20:10	20.9	18.3	15.7	18.8	18.6	4	100
11/10/2015 20:15	21.8	19.5	20.4	23.3	21.3	4	100
11/10/2015 20:20	24.6	23.8	24.1	26.6	24.7	4	100
11/10/2015 20:25	26.3	26.2	27.7	29.7	27.4	4	100
11/10/2015 20:30	36.3	35.8	34.7	37.8	36.2	4	100
11/10/2015 20:35	49.1	47.6	46.8	48.3	48	4	100
11/10/2015 20:40	57.1	54.9	50.1	53.5	54.1	4	100
11/10/2015 20:45	63.3	60.6	57.5	54.1	59.3	4	100
11/10/2015 20:50	67.2	64	57.8	55.4	61.5	4	100
11/10/2015 20:55	68.4	64.8	58.8	56.3	62.6	4	100
11/10/2015 21:00	71.7	67.2	61.4	58.6	65.3	4	100
11/10/2015 21:05	74.2	68.7	62.1	61.5	67	4	100
11/10/2015 21:10	73.5	67.9	62.7	59.9	66.8	4	100
11/10/2015 21:15	74.1	67.7	65.6	60.5	67.6	4	100
11/10/2015 21:20	73.9	68.7	63.7	60.5	67	4	100
11/10/2015 21:25	73.3	68.6	63.9	62.7	67.7	4	100
11/10/2015 21:30	73.7	69.8	63.9	63.1	68	4	100
11/10/2015 21:35	73.4	69.2	64.9	64.3	68.2	4	100
11/10/2015 21:40	74.7	71.3	67	65	70	4	100
11/10/2015 21:45	76	72.3	67.7	63.8	70.6	4	100
11/10/2015 21:50	75	72.2	70	65.2	70.8	4	100
11/10/2015 21:55	76.4	73.7	73.8	63	72.1	4	100
11/10/2015 22:00	74.7	73.4	69.3	62.1	70.2	4	100
11/10/2015 22:05	73.1	70.3	65.2	63.9	68.7	4	100
11/10/2015 22:10	72.3	69.3	67.3	64	68.6	4	100
11/10/2015 22:15	71.8	68.2	69.9	64.9	69	4	100
11/10/2015 22:20	72.2	69.3	68.9	66	69.4	4	100
11/10/2015 22:25	72.6	70.2	70.5	66.2	70.2	4	100
11/10/2015 22:30	73	69.5	68.9	62.8	68.8	4	100
11/10/2015 22:35	72.9	69.6	72.7	63.1	70.2	4	100
11/10/2015 22:40	74.3	69.8	66.2	63	68.4	4	100
11/10/2015 22:45	74.1	71.3	69.4	60.8	69.3	4	100
11/10/2015 22:50	75.8	70.2	66.1	55.7	67.5	4	100
11/10/2015 22:55	74.5	70.3	68.3	56.8	68.3	4	100
11/10/2015 23:00	74	70.8	62.9	57	66.9	4	100
11/10/2015 23:05	73	70.3	65	56.2	66.7	4	100
11/10/2015 23:10	72.8	69.1	65	59.3	66.8	4	100
11/10/2015 23:15	74	70.8	64.6	58.2	67.6	4	100
11/10/2015 23:20	74.3	71.1	66.8	63.1	69	4	100
11/10/2015 23:25	73.9	71.4	66.2	62	68.7	4	100
11/10/2015 23:30	73.9	71.6	66.1	63.9	68.9	4	100
11/10/2015 23:35	73.7	70.5	62.2	62.5	67.5	4	100
11/10/2015 23:40	74.2	70.5	65.4	60.4	67.8	4	100
11/10/2015 23:45	74.2	70.8	63.5	64.4	68.2	4	100
11/10/2015 23:50	74	71	63.8	58.9	67.3	4	100
11/10/2015 23:55	74.3	71.3	66.5	60.9	67.1	4	100
11/11/2015 00:00	72.8	66.6	66.7	62.8	67.6	4	100
11/11/2015 00:05	73.6	69.5	65.1	60.9	66.9	4	100
11/11/2015 00:10	74.2	70.7	65.7	62	67	4	100
11/11/2015 00:15	74.1	71.5	70.2	64.1	70.1	4	100
11/11/2015 00:20	74.6	71.5	70.2	64.1	69.3	4	100
11/11/2015 00:25	72.4	69.5	62.5	61.7	66.8	4	100
11/11/2015 00:30	73.3	70.2	66.5	63.3	67.9	4	100
11/11/2015 00:35	74.1	70.5	67.4	61.3	68.3	4	100
11/11/2015 00:40	74.6	69.8	67.6	61.9	68	4	100
11/11/2015 00:45	74.7	69.3	65.9	61.5	67.9	4	100
11/11/2015 00:50	74.6	70.4	64.2	57.5	65.9	4	100
11/11/2015 00:55	74.5	70.3	64.4	59.4	65.8	4	100
11/11/2015 01:00	74.8	70.7	66.7	62.4	68.4	4	100
11/11/2015 01:05	74.9	70.8	65.1	62.4	67.5	4	100
11/11/2015 01:10	74.7	70.6	64.6	63.3	67.5	4	100
11/11/2015 01:15	74.6	70.9	64.1	63.7	67.4	4	100
11/11/2015 01:20	74.5	71	66.1	63.9	68.8	4	100
11/11/2015 01:25	74.6	70.8	65.1	64.2	68.3	4	100
11/11/2015 01:30	74.7	70.8	66.4	63.2	67.9	4	100
11/11/2015 01:35	74.7	70.6	66.9	63.2	68.6	4	100
11/11/2015 01:40	74.5	70.8	65.1	63.3	67.8	4	100
11/11/2015 01:45	74.7	70.9	64.6	63.1	67.4	4	100
11/11/2015 01:50	74.7	70.7	65.6	63.1	67.6	4	100
11/11/2015 01:55	74.7	71	65.7	63.5	68.3	4	100
11/11/2015 02:00	74.7	70.9	67.1	63.6	68.3	4	100
11/11/2015 02:05	74.6	71	67.8	64.2	68.7	4	100
11/11/2015 02:10	74.6	70.9	66.2	63	68.2	4	100
11/11/2015 02:15	74.7	70.9	67.6	61.2	68.3	4	100
11/11/2015 02:20	74.6	71.2	68.5	59.8	68.1	4	100
11/11/2015 02:25	74.4	71.4	68.1	62	69	4	100
11/11/2015 02:30	74.5	71.1	67.2	62.2	68.5	4	100
11/11/2015 02:35	74.5	71	67.4	63.5	68.5	4	100
11/11/2015 02:40	74.5	70.9	68.2	62.8	69.2	4	100
11/11/2015 02:45	74.8	71	68	62.5	68.8	4	100
11/11/2015 02:50	74.8	71	68.7	63.5	68.7	4	100
11/11/2015 02:55	74.7	71	69.6	63.4	69.6	4	100
11/11/2015 03:00	74.6	71	67.1	63.3	67.2	4	100
11/11/2015 03:05	74.6	71	67.6	62.3	68.2	4	100
11/11/2015 03:10	74.6	70.8	63.5	60.6	66.3	4	100
11/11/2015 03:15	74.7	70.7	63.7	60.2	66	4	100
11/11/2015 03:20	74.6	70.9	66.1	61.1	67.9	4	100
11/11/2015 03:25	74.6	71	66.3	61.9	67.2	4	100
11/11/2015 03:30	74.7	71	65.7	62.3	67.4	4	100
11/11/2015 03:35	74.7	70.8	65.4	60.8	66.9	4	100
11/11/2015 03:40	74.7	70.6	67.2	60.3	66.9	4	100
11/11/2015 03:45	74.6	70.6	68.1	60.8	67.5	4	100
11/11/2015 03:50	74.8	70.8	66.9	63	67.1	4	100
11/11/2015 03:55	74.8	70.7	63.6	63.4	66.4	4	100
11/11/2015 04:00	74.7	71	64.8	63	68.2	4	100
11/11/2015 04:05	74.8	71	65.6	63	66.8	4	100
11/11/2015 04:10	74.9	71.2	67.6	63.3	68.1	4	100
11/11/2015 04:15	74.9	71.1	64.3	62.5	67.8	4	100
11/11/2015 04:20	74.7	71.2	63.3	60	66.7	4	100
11/11/2015 04:25	74.7	71.1	64.7	60.4	66.8	4	100
11/11/2015 04:30	74.6	71.2	67.4	61.2	67.7	4	100
11/11/2015 04:35	74.7	71.1	59.4	59	65.6	4	100
11/11/2015 04:40	74.9	71	65.8	61.9	68.3	4	100
11/11/2015 04:45	74.8	71	67.7	60.1	68.2	4	100
11/11/2015 04:50	74.6	71.2	58.9	62.6	66.8	4	100
11/11/2015 04:55	74.7	71.2	63.6	63.8	67.8	4	100
11/11/2015 05:00	74.6	71.1	59.4	53.2	64.7	4	100
11/11/2015 05:05	74.5	71.3	61.9	60.5	67	4	100
11/11/2015 05:10	73.7	70.5	55	62.9	66	4	100
11/11/2015 05:15	73.8	71.1	58.7	58.4	65.9	4	100
11/11/2015 05:20	73.9	71.7	62.8	59	67.1	4	100
11/11/2015 05:25	72.4	70.9	62.7	61.8	67.3	4	100
11/11/2015 05:30	73.5	70	70.7	60.2	69	4	100
11/11/2015 05:35	75.1	71.6	72	58.9	70.4	4	100
11/11/2015 05:40	75	71.8	68.6	59.7	69.4	4	100
11/11/2015 05:45	74.7	70.8	64.8	65.9	69.3	4	100
11/11/2015 05:50	75.6	71.4	69	67	70.9	4	100
11/11/2015 05:55	74.4	71.2	73.9	65.9	71.3	4	100
11/11/2015 06:00	73	71.1	62.3	66.2	68.6	4	100
11/11/2015 06:05	73.3	71	63.2	63.3	67.9	4	100
11/11/2015 06:10	74.1	70.8	58	61.5	66.6	4	100
11/11/2015 06:15	75.1	70.9	62.9	55.8	67.2	4	100
11/11/2015 06:20	74.1	70.2	63.5	55.8	66.9	4	100
11/11/2015 06:25	73.9	71	61.3	57.1	67.1	4	100
11/11/2015 06:30	74.7	69.5	62.3	58.8	66.9	4	100
11/11/2015 06:35	74	69.4	63.4	62.6	67.8	4	100
11/11/2015 06:40	75.1	69.8	65	64.2	68.7	4	100
11/11/2015 06:45	75.2	68.8	66.3	63.7	69	4	100
11/11/2015 06:50	74.2	68.9	67	63.1	68.3	4	100
11/11/2015 06:55	74.3	69.8	65.7	65.1	68.9	4	100
11/11/2015 07:00	74.3	70.7	67.8	64.9	69.6	4	100
11/11/2015 07:05	74.6	69.6	65.9	61.8	68.3	4	100
11/11/2015 07:10	73.9	69.8	67	60.7	67.8	4	100
11/11/2015 07:15	73.3	69.2	67.7	61.7	68.1	4	100
11/11/2015 07:20	72.5	68.9	69.4	58.5	67.4	4	100
11/11/2015 07:25	73	68.7	67.8	60.6	67.9	4	100
11/11/2015 07:30	67.8	63.7	63.9	57.1	63.4	4	100
11/11/2015 07:35	42.1	40.3	41.5	39.8	40.9	4	100
11/11/2015 07:40	30.3	28.3	28.3	31	29.5	4	100
11/11/2015 07:45	21.9	20.8	22.1	23.4	22.1	4	100
11/11/2015 07:50	15.4	14.4	16.3	18.1	16.1	4	100
11/11/2015 07:55	14.4	13.1	15.7	17.2	15.1	4	100
11/11/2015 08:00	14.8	13.5	15.3	17.2	15.2	4	100
11/11/2015 08:05	13.3	13.3	15.5	19.5	15.6	4	100
11/11/2015 08:10	13	13.7	14.6	19.1	15.2	4	100
11/11/2015 08:15	13.4	14.1	13.9	18	14.9	4	100
11/11/2015 08:20	14.7	13.6	13.4	17.2	14.8	4	100
11/11/2015 08:25	25.1	22.9	23.4	24.3	23.9	4	100
11/11/2015 08:30	49.6	44.7	42.6	40.7	44.5	4	100
11/11/2015 08:35	60.8	57.1	54	52	56.1	4	100
11/11/2015 08:40	66.5	61.3	58.9	56.4	61.1	4	100
11/11/2015 08:45	67.6	63.4	60.1	57.2	62.2	4	100
11/11/2015 08:50	70.5	65.8	61	59.9	64.3	4	100
11/11/2015 08:55	71.7	66.8	59.2	60.4	65	4	100
11/11/2015 09:00	72.3	66.9	56.5	61.9	64.8	4	100
11/11/2015 09:05	73.5	67.8	60.4	61.2	66	4	100
11/11/2015 09:10	73	68.6	62.7	61.5	66.4	4	100
11/11/2015 09:15	72.3	68.3	61.7	59.6	65.6	4	100
11/11/2015 09:20	73.6	68.8	61	58.6	65.7	4	100
11/11/2015 09:25	73	68.5	58.4	58.5	64.5	4	100
11/11/2015 09:30	71.8	67.3	59.3	59.6	64.5	4	100
11/11/2015 09:35	72.2	68.2	62.2	60.2	65.8	4	100
11/11/2015 09:40	71.3	68.6	59	59.5	65	4	100
11/11/2015 09:45	71.3	67.8	56.3	57.1	63.5	4	100
11/11/2015 09:50	71.2	67.1	58	58.2	64.1	4	100
11/11/2015 09:55	72.1	67.1	58.5	57.7	64.3	4	100
11/11/2015 10:00	72.2	67	60	57.7	64.7	4	100
11/11/2015 10:05	71.7	67.1	62.2	55.7	64.5	4	100
11/11/2015 10:10	71.8	66.5	61.1	56.1	64.2	4	100
11/11/2015 10:15	71.6	65	56.8	58.3	63.3	4	100
11/11/2015 10:20	70.1	63.8	54.2	55.5	61.2	4	100
11/11/2015 10:25	69.4	64.2	56	55.9	61.8	4	100
11/11/2015 10:30	70.2	64.7	55.6	57.3	62.5	4	100
11/11/2015 10:35	70.3	66.1	57.5	59.1	63.3	4	100
11/11/2015 10:40	69.6	65.3	55.5	56.8	62.2	4	100
11/11/2015 10:45	69.1	64.9	55	57.2	61.8	4	100
11/11/2015 10:50	68.8	63.6	56.1	54	61.2	4	100
11/11/2015 10:55	70.2	66.3	58.2	53.1	62.1	4	100
11/11/2015 11:00	70.5	66.1	57.1	55.9	63	4	100
11/11/2015 11:05	70	65.9	57.8	54.3	62.9	4	100
11/11/2015 11:10	69.9	65.4	57.3	56.8	62.5	4	100
11/11/2015 11:15	70.3	66.5	59.3	57.8	63.8	4	100
11/11/2015 11:20	70.9	66.2	58.8	57.8	63.6	4	100
11/11/2015 11:25	70.2	65.7	59.5	57.8	63.6	4	100
11/11/2015 11:30	69.7	65.4	58.7	58.6	63.4	4	100
11/11/2015 11:35	69.2	64.7	56.7	56.3	62	4	100
11/11/2015 11:40	68.8	65.2	58.5	57.4	62.8	4	100
11/11/2015 11:45	68.4	63.7	58.5	58.1	62.3	4	100
11/11/2015 11:50	69.6	64.5	61.9	58	63.8	4	100
11/11/2015 11:55	67.9	66.2	59.1	58.6	63.1	4	100
11/11/2015 12:00	68.8	65.8	58.3	59.3	63.1	4	100
11/11/2015 12:05	68.3	64.8	57.7	57.1	62.3	4	100
11/11/2015 12:10	69.6	65.3	55.4	57.7	62.4	4	100
11/11/2015 12:15	66.9	65.6	56.1	56.4	61.6	4	100
11/11/2015 12:20	68.2	64.7	56.1	55.7	61.5	4	100
11/11/2015 12:25	68.3	64.4	56.3	56	61.2	4	100
11/11/2015 12:30	70	64.4	57.1	57	62.7	4	100
11/11/2015 12:35	69.5	66.1	58.2	56.2	63	4	100
11/11/2015 12:40	68.6	65.5	57	56.1	62.4	4	100
11/11/2015 12:45	68.6	65.3	56	55.6	61.3	4	100
11/11/2015 12:50	69	66.4	57.7	57.9	62.7	4	100
11/11/2015 12:55	66.9	64.1	53.1	57.3	61	4	100
11/11/2015 13:00	65.9	63.2	54.8	56.6	60.6	4	100
11/11/2015 13:05	54.6	53.1	46.8	49.8	51.3	4	100
11/11/2015 13:10	49.9	46.8	37.3	38.8	43.5	4	100
11/11/2015 13:15	42	39	30.4	30.1	36	4	100
11/11/2015 13:20	35.8	31.5	25.8	26.9	30.3	4	100
11/11/2015 13:25	29.8	29.1	24.4	23.4	26.8	4	100
11/11/2015 13:30	28	26.4	21.7	23.3	25.1	4	100
11/11/2015 13:35	26.8	25.3	19.6	20	23.2	4	100
11/11/2015 13:40	27.5	23.5	19.7	17.6	22.4	4	100
11/11/2015 13:45	24.7	21.5	18.1	17.3	20.6	4	100
11/11/2015 13:50	23.7	23.2	20.6	20.7	22.1	4	100
11/11/2015 13:55	23.1	21.4	19	20.8	21.2	4	100
11/11/2015 14:00	24	23.1	22.6	25.2	23.8	4	100
11/11/2015 14:05	24.3	22.8	23.3	24.6	23.7	4	100
11/11/2015 14:10	20.9	20	18.8	21.4	20.3	4	100
11/11/2015 14:15	20.3	18.4	17.4	21	19.3	4	100
11/11/2015 14:20	21.4	18.9	16.3	20.4	19.4	4	100
11/11/2015 14:25	21.7	19.7	16.8	19.6	19.6	4	100
11/11/2015 14:30	19.3	16.3	14.8	18.8	17.4	4	100
11/11/2015 14:35	19	18.3	16.3	18.7	18.1	4	100
11/11/2015 14:40	19.6	18.7	16.6	20.7	19	4	100
11/11/2015 14:45	18	16.7	15.3	20.4	17.7	4	100
11/11/2015 14:50	17.9	16.9	14.2	17.8	16.8	4	100
11/11/2015 14:55	16.6	14.4	13.1	19.7	16.1	4	100
11/11/2015 15:00	15.9	15.8	16.1	21	17.2	4	100
11/11/2015 15:05	15.8	15.7	14.6	20.2	16.6	4	100
11/11/2015 15:10	17.6	17.4	15	19.8	17.5	4	100
11/11/2015 15:15	17.8	16	15.5	18.4	17	4	100
11/11/2015 15:20	17.3	16.4	17.1	19.8	17.6	4	100
11/11/2015 15:25	19.9	18.1	17.2	23.3	19.7	4	100
11/11/2015 15:30	20.8	18.7	19.7	26.4	21.4	4	100
11/11/2015 15:35	21.4	21	20.6	28.7	23	4	100
11/11/2015 15:40	22.5	20.7	19.3	26.1	22.3	4	100
11/11/2015 15:45	21.3	19.4	20.9	25.5	21.9	4	100
11/11/2015 15:50	21.1	20.2	22.3	27	22.6	4	100
11/11/2015 15:55	34.5	32.6	31.1	34.6	33.2	4	100
11/11/2015 16:00	47.6	43.7	41.6	44	44.4	4	100
11/11/2015 16:05	56.5	53.5	51.8	49.2	53	4	100
11/11/2015 16:10	53.5	51.6	49.5	48.9	51	4	100
11/11/2015 16:15	35.7	34.7	31.3	29.8	33.3	4	100
11/11/2015 16:20	22.6	21.8	18.8	19.2	20.8	4	100
11/11/2015 16:25	16.2	14.2	12.1	11.9	13.9	4	100
11/11/2015 16:30	17	15.3	13.5	13.9	15	4	100
11/11/2015 16:35	19.8	18.2	16.2	17.8	18.1	4	100
11/11/2015 16:40	19.4	17.5	14.8	20.9	18.3	4	100
11/11/2015 16:45	17.6	16.3	14.7	19.5	17.1	4	100
11/11/2015 16:50	16.5	15.9	14.1	17	15.9	4	100
11/11/2015 16:55	18.4	16.7	14.5	19	17.2	4	100
11/11/2015 17:00	18.5	15.7	14.3	19.2	17.1	4	100
11/11/2015 17:05	19.3	16.1	14.7	17.9	17.1	4	100
11/11/2015 17:10	20.9	17	13.9	16.1	17.3	4	100
11/11/2015 17:15	21.1	17.3	13.8	15.8	17.3	4	100
11/11/2015 17:20	20.9	18	14	17.3	17.8	4	100
11/11/2015 17:25	22.6	18.2	12.5	15.1	17.6	4	100
11/11/2015 17:30	22.2	19	12.1	14.7	17.5	4	100
11/11/2015 17:35	23.5	17.6	12.5	15.1	17.7	4	100
11/11/2015 17:40	22.7	17.8	15.4	14.1	17.7	4	100
11/11/2015 17:45	23.2	20.7	16.5	17.9	19.8	4	100
11/11/2015 17:50	20.2	18.4	17	16.7	18.2	4	100
11/11/2015 17:55	24.6	22.2	19.4	23	22.5	4	100
11/11/2015 18:00	22.1	19.5	16.9	18.6	19.5	4	100
11/11/2015 18:05	22	18.8	16.1	16.7	18.6	4	100
11/11/2015 18:10	22	16.9	14.9	14.3	17.4	4	100
11/11/2015 18:15	21.5	16.7	14.8	14.5	17.1	4	100
11/11/2015 18:20	19.5	16.8	13.8	13.9	16.3	4	100
11/11/2015 18:25	21.6	17.8	13.2	13.6	17.1	4	100
11/11/2015 18:30	20	16.8	14.5	15.2	16.8	4	100
11/11/2015 18:35	21.4	16.9	14.4	13.5	16.9	4	100
11/11/2015 18:40	21.1	17.7	14.2	12.2	16.7	4	100
11/11/2015 18:45	19.6	17.2	13.9	13.7	16.3	4	100
11/11/2015 18:50	21.4	18.1	14.6	14.9	17.5	4	100
11/11/2015 18:55	17.7	16.6	13.9	16.4	16.2	4	100
11/11/2015 19:00	19.3	19.4	17.7	21	19.4	4	100
11/11/2015 19:05	19.3	19	17.7	19.6	18.9	4	100
11/11/2015 19:10	21.4	20.2	18	19.8	19.9	4	100
11/11/2015 19:15	21.9	20.4	19.2	20.4	20.6	4	100
11/11/2015 19:20	22.4	21.8	18.5	18.7	20.5	4	100
11/11/2015 19:25	22.9	21.7	19.1	19.3	20.9	4	100
11/11/2015 19:30	23	20.6	18.2	21	20.8	4	100
11/11/2015 19:35	26	25.7	27.5	27.5	26.6	4	100
11/11/2015 19:40	40.8	39.1	41.3	40.3	40.3	4	100
11/11/2015 19:45	53.8	50.2	50.6	48.6	51	4	100
11/11/2015 19:50	59.6	55.6	53.9	55.1	56.2	4	100
11/11/2015 19:55	63.5	59	57.6	57.1	59.5	4	100
11/11/2015 20:00	66.1	61.7	60.8	58.4	61.9	4	100
11/11/2015 20:05	66.7	64.3	62.3	60.6	63.7	4	100
11/11/2015 20:10	67.9	65.2	63.2	58.7	63.9	4	100
11/11/2015 20:15	69.1	65.4	61.4	59	64.2	4	100
11/11/2015 20:20	68.5	65.9	62	59.9	64.3	4	100
11/11/2015 20:25	68.5	67.5	64.6	61.1	65.6	4	100
11/11/2015 20:30	69.5	67.3	64	60.4	65.7	4	100
11/11/2015 20:35	70.1	67	65	62.1	66.4	4	100
11/11/2015 20:40	71.2	67.2	61.9	60.4	65.4	4	100
11/11/2015 20:45	71.6	67.8	62.6	63.2	66.7	4	100
11/11/2015 20:50	72.5	67.5	64	63	66.9	4	100
11/11/2015 20:55	70.6	65.8	63.3	60.2	65.4	4	100
11/11/2015 21:00	72.2	66.6	62.4	62.6	66.4	4	100
11/11/2015 21:05	72.1	67.4	64.4	62.6	67	4	100
11/11/2015 21:10	73.3	68.7	66.1	63.1	68	4	100
11/11/2015 21:15	74.2	69.2	65.1	57.5	67	4	100
11/11/2015 21:20	73	68.7	69.9	57.7	67.6	4	100
11/11/2015 21:25	73.5	70.6	68.8	58.9	68.1	4	100
11/11/2015 21:30	73.1	70.3	69.3	62	69.2	4	100
11/11/2015 21:35	74.2	69.8	67.7	59.6	68.2	4	100
11/11/2015 21:40	73.9	70.4	67.2	63.7	69.2	4	100
11/11/2015 21:45	73.8	71.9	71.4	64.1	70.6	4	100
11/11/2015 21:50	74.4	72	71.7	64.7	70.8	4	100
11/11/2015 21:55	73.8	71.3	73.6	65.8	71.5	4	100
11/11/2015 22:00	74	69	66.2	65.5	69	4	100
11/11/2015 22:05	71.9	69.1	67.1	64.3	68.4	4	100
11/11/2015 22:10	71.5	69.6	65.3	63	67.6	4	100
11/11/2015 22:15	71.7	72.2	66.5	66.4	69.4	4	100
11/11/2015 22:20	72.2	71.1	69.7	69.2	70.7	4	100
11/11/2015 22:25	73.4	71.1	65.8	65.9	69.1	4	100
11/11/2015 22:30	74.4	70.1	68.7	62.6	69.3	4	100
11/11/2015 22:35	72.8	69.3	64.2	63.3	67.9	4	100
11/11/2015 22:40	73.6	70.6	65.5	63	68.4	4	100
11/11/2015 22:45	73.8	71.1	65	62.6	68.5	4	100
11/11/2015 22:50	73.5	71.4	68.5	60.4	69	4	100
11/11/2015 22:55	74.3	70.8	65.7	64.4	69.1	4	100
11/11/2015 23:00	74.2	68.8	62.3	66.1	68.3	4	100
11/11/2015 23:05	74.3	69.8	66.5	63.8	68.8	4	100
11/11/2015 23:10	74	69.7	67.7	64.6	69.1	4	100
11/11/2015 23:15	74.6	70	65	63.2	68.3	4	100
11/11/2015 23:20	74.5	69.8	67.3	60.4	68.4	4	100
11/11/2015 23:25	75.2	70.4	67.2	57.5	67.8	4	100
11/11/2015 23:30	74.7	70.3	67.2	60	68.3	4	100
11/11/2015 23:35	74.9	71.5	68.3	64.9	69.7	4	100
11/11/2015 23:40	74.4	72.7	68.5	65.2	70.3	4	100
11/11/2015 23:45	74.5	73	70.8	62.3	70.5	4	100
11/11/2015 23:50	74.7	72.9	70.8	60	69.3	4	100
11/11/2015 23:55	74.7	71.3	65.8	57	67.3	4	100
11/12/2015 00:00	74.8	71	67.4	62.8	69.1	4	100
11/12/2015 00:05	74.9	70.8	69.6	66.3	70.1	4	100
11/12/2015 00:10	74.4	70.8	69.8	64.6	69.6	4	100
11/12/2015 00:15	74.3	70.7	73.2	62.3	70.3	4	100
11/12/2015 00:20	74.2	71.2	71.2	63.9	70.4	4	100
11/12/2015 00:25	74.3	70.9	67.8	67	69.5	4	100
11/12/2015 00:30	74.1	69.8	67	64.9	68.8	4	100
11/12/2015 00:35	74.6	70.4	67.4	64	69	4	100
11/12/2015 00:40	74.6	70.5	67.5	63.3	68.6	4	100
11/12/2015 00:45	74.5	70.5	65.2	63.1	68	4	100
11/12/2015 00:50	74.5	71.1	66.3	61.2	67.7	4	100
11/12/2015 00:55	74.2	71	67.8	60.1	68.6	4	100
11/12/2015 01:00	74.3	71.2	68	62.1	68.4	4	100
11/12/2015 01:05	74.5	71.7	68.3	61.5	69.2	4	100
11/12/2015 01:10	74.7	71.9	69.5	62.4	69.9	4	100
11/12/2015 01:15	74.6	71.6	71	62.6	69.6	4	100
11/12/2015 01:20	74.7	71	67.5	63.2	69.3	4	100
11/12/2015 01:25	74.8	71	69.2	63	69.5	4	100
11/12/2015 01:30	74.7	71	68.3	63.6	68.5	4	100
11/12/2015 01:35	52.6	51.5	50.7	61.9	54.5	4	100
11/12/2015 01:40	63.7	61.4	58.1	62	61	4	100
11/12/2015 01:45	69.2	66.2	63.4	63.6	64.9	4	100
11/12/2015 01:50	71.9	68.7	65.7	63.7	67.1	4	100
11/12/2015 01:55	73.2	69.9	64.1	63.5	67.6	4	100
11/12/2015 02:00	73.8	70.4	64.3	63.4	67.9	4	100
11/12/2015 02:05	74	70.9	60.4	61.2	66.6	4	100
11/12/2015 02:10	74.3	70.9	63.7	62.3	66.3	4	100
11/12/2015 02:15	74.4	71.2	63.9	62.9	67.2	4	100
11/12/2015 02:20	74.5	71.1	65.6	63.1	68	4	100
11/12/2015 02:25	74.6	71.1	67.4	62.3	68.4	4	100
11/12/2015 02:30	74.8	70.9	68	62.9	68.7	4	100
11/12/2015 02:35	74.9	71.2	66.9	63	68.3	4	100
11/12/2015 02:40	74.8	71.2	66.6	61.1	67.5	4	100
11/12/2015 02:45	74.9	71	67	62.1	67.5	4	100
11/12/2015 02:50	74.8	70.8	67.5	60.2	67.8	4	100
11/12/2015 02:55	74.8	70.8	68.5	58.5	67.1	4	100
11/12/2015 03:00	74.7	71	66.8	60.8	67.2	4	100
11/12/2015 03:05	74.7	70.8	65.8	60.5	67.1	4	100
11/12/2015 03:10	74.7	70.9	67.2	60.6	66.4	4	100
11/12/2015 03:15	74.7	70.8	66.2	62.5	67.4	4	100
11/12/2015 03:20	74.7	70.7	66.2	58.5	66.5	4	100
11/12/2015 03:25	74.6	70.8	66.8	59	66.8	4	100
11/12/2015 03:30	74.7	71	63.8	60.3	66.9	4	100
11/12/2015 03:35	74.6	71.1	65.5	59.3	65.9	4	100
11/12/2015 03:40	74.8	71.2	65.4	61	67.6	4	100
11/12/2015 03:45	74.8	71.2	66.1	60.7	66.7	4	100
11/12/2015 03:50	74.7	71.2	67.6	61.2	66.5	4	100
11/12/2015 03:55	74.8	71.2	68.7	62	68.2	4	100
11/12/2015 04:00	74.6	71.4	68	62.7	68.6	4	100
11/12/2015 04:05	74.7	71.3	65.5	62.4	67.8	4	100
11/12/2015 04:10	74.8	70.7	66.3	62.9	68.3	4	100
11/12/2015 04:15	74.8	70.8	67.1	61.9	68.4	4	100
11/12/2015 04:20	74.8	70.8	67.9	61.7	68.5	4	100
11/12/2015 04:25	74.8	71.2	62.6	62	68.6	4	100
11/12/2015 04:30	75.1	71.2	65.8	60.9	68.3	4	100
11/12/2015 04:35	74.9	71.6	69.1	63.3	69.5	4	100
11/12/2015 04:40	74.5	68.9	65.4	63.9	68.1	4	100
11/12/2015 04:45	74.9	70.2	68.1	64.2	69.7	4	100
11/12/2015 04:50	74.7	69.9	63.7	58.8	67	4	100
11/12/2015 04:55	74.9	71	63.7	57.9	67.4	4	100
11/12/2015 05:00	75.6	70.6	66.4	61.8	69.1	4	100
11/12/2015 05:05	76.3	70.2	67.4	62.6	69	4	100
11/12/2015 05:10	75.6	70.9	68.8	65.1	70.3	4	100
11/12/2015 05:15	75.6	70.8	70.9	59.7	69.5	4	100
11/12/2015 05:20	75.8	71.2	69.9	57.5	69.1	4	100
11/12/2015 05:25	76	71.1	66.7	60.1	69.8	4	100
11/12/2015 05:30	76	70.8	65.8	64.6	69.9	4	100
11/12/2015 05:35	75	69.8	68.4	61	68.9	4	100
11/12/2015 05:40	76.4	70.7	70.1	60.5	69.8	4	100
11/12/2015 05:45	75.7	70.4	69.1	61.6	69.8	4	100
11/12/2015 05:50	75.4	69.9	70.8	65.6	70.7	4	100
11/12/2015 05:55	75.7	71.2	70.2	64.3	70.8	4	100
11/12/2015 06:00	76.2	71.7	66.3	59.2	69.3	4	100
11/12/2015 06:05	75.9	72.1	60.7	59.7	67.9	4	100
11/12/2015 06:10	75.7	73.3	59.4	61.5	68.1	4	100
11/12/2015 06:15	75.6	72.2	62.7	65.4	69.2	4	100
11/12/2015 06:20	74.9	72.2	62.4	62.8	68.4	4	100
11/12/2015 06:25	74.7	70	63.6	62.8	68.4	4	100
11/12/2015 06:30	76	72.3	66.7	61.9	69.8	4	100
11/12/2015 06:35	77.7	71.1	67.9	61.6	70.1	4	100
11/12/2015 06:40	78.1	71.6	64.5	61.4	69.6	4	100
11/12/2015 06:45	76.4	71.3	68.1	64.4	70.4	4	100
11/12/2015 06:50	76.1	71.4	67.4	65	70.5	4	100
11/12/2015 06:55	76.3	71.6	70.2	65.7	71	4	100
11/12/2015 07:00	75.1	70.3	66.7	64.9	69.6	4	100
11/12/2015 07:05	74.3	70.3	68	66.2	70	4	100
11/12/2015 07:10	73.4	68.7	67	63.1	68.3	4	100
11/12/2015 07:15	70.3	67.1	66.5	61	66.4	4	100
11/12/2015 07:20	70.1	66.5	62.2	61	65.3	4	100
11/12/2015 07:25	70	65.8	63.4	61.6	65.4	4	100
11/12/2015 07:30	69.1	64.7	62.8	58.4	64	4	100
11/12/2015 07:35	55.2	53.4	51.6	51.4	53	4	100
11/12/2015 07:40	39.4	37.6	34.2	34.3	36.6	4	100
11/12/2015 07:45	28.5	27.9	23.6	23.6	26.1	4	100
11/12/2015 07:50	24.6	20.7	18.4	19.6	21	4	100
11/12/2015 07:55	22.9	18.7	16.6	17.6	19.1	4	100
11/12/2015 08:00	22.4	17.3	16.2	17.2	18.4	4	100
11/12/2015 08:05	22.4	18.9	18.1	19.5	19.7	4	100
11/12/2015 08:10	23.6	19.8	19.8	20.6	21	4	100
11/12/2015 08:15	22.5	20	20.3	20.6	20.9	4	100
11/12/2015 08:20	23.7	22.3	23.2	22.8	23	4	100
11/12/2015 08:25	22.5	21.8	21.7	22.6	22.2	4	100
11/12/2015 08:30	23.2	21.7	21.6	21.2	22	4	100
11/12/2015 08:35	21.8	19.3	20.4	20.1	20.4	4	100
11/12/2015 08:40	21.4	19.5	19.7	19.8	20.1	4	100
11/12/2015 08:45	19.8	18.2	17.2	20.3	18.9	4	100
11/12/2015 08:50	21.7	20.6	19.7	22.3	21.1	4	100
11/12/2015 08:55	24.6	25.2	23.7	22.9	24.2	4	100
11/12/2015 09:00	24	25.4	22.1	21.9	23.4	4	100
11/12/2015 09:05	30.3	30.3	25.3	26.7	28.4	4	100
11/12/2015 09:10	49.9	49.1	43.8	40.5	46.2	4	100
11/12/2015 09:15	57.6	56.8	52.2	48.7	54.2	4	100
11/12/2015 09:20	62.8	61.3	54.1	52.8	57.9	4	100
11/12/2015 09:25	67.3	65	57.7	59.8	62.7	4	100
11/12/2015 09:30	69.2	65.1	61.4	58.5	63.9	4	100
11/12/2015 09:35	71	66.5	62	59.7	64.9	4	100
11/12/2015 09:40	71.6	67.2	62.8	60.1	65.7	4	100
11/12/2015 09:45	70.8	66.8	58.4	56.1	63.3	4	100
11/12/2015 09:50	70	66.4	58.1	56.8	63.1	4	100
11/12/2015 09:55	71.4	66.9	58.6	57.9	63.9	4	100
11/12/2015 10:00	72	67.2	60.1	60.1	64.9	4	100
11/12/2015 10:05	71	66.1	61	59.3	64.9	4	100
11/12/2015 10:10	71.2	65.7	60.9	60.3	64.8	4	100
11/12/2015 10:15	70.4	66.8	63	59.4	65.2	4	100
11/12/2015 10:20	71	67.9	60.9	58.8	65.1	4	100
11/12/2015 10:25	70	66.4	59.2	60.3	64.5	4	100
11/12/2015 10:30	70.5	66.4	58.9	60.4	64.5	4	100
11/12/2015 10:35	70	66.3	60.5	59	64.3	4	100
11/12/2015 10:40	69.1	65.7	59.5	56.1	63.1	4	100
11/12/2015 10:45	69.2	66.8	60.8	57.7	64.1	4	100
11/12/2015 10:50	69.6	65.4	58.2	60.2	63.7	4	100
11/12/2015 10:55	69.8	65.6	58.7	58	63.1	4	100
11/12/2015 11:00	70.1	66.4	58	59	63.8	4	100
11/12/2015 11:05	70	67.2	53.4	56.6	62.5	4	100
11/12/2015 11:10	70	66.7	56.2	56.8	62.9	4	100
11/12/2015 11:15	68.7	65.2	53.3	54.3	61	4	100
11/12/2015 11:20	67	63.8	51.9	54.5	60.1	4	100
11/12/2015 11:25	66.6	62.8	50.7	58.9	60.1	4	100
11/12/2015 11:30	66.9	63.5	49.9	57.3	60.2	4	100
11/12/2015 11:35	68.2	64.7	55	58.3	61.6	4	100
11/12/2015 11:40	68.1	63.4	56.8	55.7	61.6	4	100
11/12/2015 11:45	67.7	65.6	57.1	56.7	62.1	4	100
11/12/2015 11:50	67.2	65.4	56	58.7	62.2	4	100
11/12/2015 11:55	68.3	65.2	53.5	57.2	61.4	4	100
11/12/2015 12:00	68.2	64.7	51.8	56.7	61.1	4	100
11/12/2015 12:05	67.6	64.3	54.3	56	61.1	4	100
11/12/2015 12:10	66.7	63	50.1	55.1	59.9	4	100
11/12/2015 12:15	65	60.9	51.8	54.1	58.4	4	100
11/12/2015 12:20	66.3	61.6	52.3	57.2	59.6	4	100
11/12/2015 12:25	57.6	57.2	48.8	54.5	54.9	4	100
11/12/2015 12:30	51.3	49.8	46.9	48.9	49.3	4	100
11/12/2015 12:35	57.8	55.6	49.3	49.9	53.5	4	100
11/12/2015 12:40	49.4	46.8	39.6	43.2	45.1	4	100
11/12/2015 12:45	41.4	37.7	31.2	33.1	36.3	4	100
11/12/2015 12:50	43.7	40.4	32.7	36.6	38.7	4	100
11/12/2015 12:55	51	46.9	40.5	44.1	46	4	100
11/12/2015 13:00	47.4	44.4	41.3	45.2	44.6	4	100
11/12/2015 13:05	40.9	39.2	37.8	41.4	39.8	4	100
11/12/2015 13:10	30.5	30.8	28.2	32.4	30.5	4	100
11/12/2015 13:15	31.2	30.6	27.1	30.5	29.9	4	100
11/12/2015 13:20	26.5	27.3	22.8	25.6	25.7	4	100
11/12/2015 13:25	23.9	23.6	21.1	25.4	23.6	4	100
11/12/2015 13:30	22.1	23.3	19.6	25	22.6	4	100
11/12/2015 13:35	20.8	20	16	18.7	19.1	4	100
11/12/2015 13:40	20.9	18.6	14.5	17.8	18.1	4	100
11/12/2015 13:45	20.7	18.8	16	18.1	18.5	4	100
11/12/2015 13:50	18.9	17.3	13.6	16.5	16.7	4	100
11/12/2015 13:55	20.5	20.6	16.7	19.3	19.4	4	100
11/12/2015 14:00	21.5	20.5	16.1	18.8	19.4	4	100
11/12/2015 14:05	19.8	19.7	15.2	20.9	19	4	100
11/12/2015 14:10	18.9	17.8	15.1	19.8	17.9	4	100
11/12/2015 14:15	18.6	17.4	14.8	18.2	17.3	4	100
11/12/2015 14:20	20.2	17.7	16	18.8	18.3	4	100
11/12/2015 14:25	19.8	17.5	16.4	16.8	17.7	4	100
11/12/2015 14:30	19.3	17	14.5	20.7	18.1	4	100
11/12/2015 14:35	16.6	15.8	13.2	17.9	15.9	4	100
11/12/2015 14:40	15.7	14.5	13.9	16.9	15.3	4	100
11/12/2015 14:45	15	13.6	12.4	15.4	14.2	4	100
11/12/2015 14:50	16.3	14.4	12.7	16.7	15.1	4	100
11/12/2015 14:55	14.9	15.3	11.8	15.1	14.4	4	100
11/12/2015 15:00	14.5	13.3	10.3	13.4	13	4	100
11/12/2015 15:05	14.7	13.9	11.3	14.4	13.6	4	100
11/12/2015 15:10	12.4	12.3	9.4	12.1	11.7	4	100
11/12/2015 15:15	11.3	10.4	7.8	10.5	10.2	4	100
11/12/2015 15:20	9.3	9.9	6.5	8	8.6	4	100
11/12/2015 15:25	12.4	11.2	7.9	8.5	10.3	4	100
11/12/2015 15:30	10.7	10.1	7.2	8.3	9.2	4	100
11/12/2015 15:35	10.8	10.4	7.3	6.9	9.3	4	100
11/12/2015 15:40	11.4	10	7.7	9.1	9.7	4	100
11/12/2015 15:45	13.5	10.8	8.5	11.2	11.2	4	100
11/12/2015 15:50	10.6	8.9	7.2	8.6	8.9	4	100
11/12/2015 15:55	11.8	10	7.5	9	9.8	4	100
11/12/2015 16:00	13.2	11.7	9.9	11.4	11.7	4	100
11/12/2015 16:05	11.1	10.5	8.4	9.8	10.1	4	100
11/12/2015 16:10	12.7	11.2	9	11.4	11.2	4	100
11/12/2015 16:15	11.9	10.2	8.3	9.6	10.2	4	100
11/12/2015 16:20	10.6	9.3	7	7.2	8.8	4	100
11/12/2015 16:25	12.3	10.1	6.1	6.5	9.4	4	100
11/12/2015 16:30	12.6	10.4	6.7	8	9.8	4	100
11/12/2015 16:35	14.5	10.9	8.2	10.1	11.2	4	100
11/12/2015 16:40	12.6	9.2	6.3	9.5	9.8	4	100
11/12/2015 16:45	10.4	8.1	5.5	7.7	8.3	4	100
11/12/2015 16:50	10.5	7.9	5.7	6.3	8	4	100
11/12/2015 16:55	9.8	7.8	5.5	5.3	7.6	4	100
11/12/2015 17:00	10	8.4	5.7	6	7.8	4	100
11/12/2015 17:05	9.5	8.4	5.9	5.6	7.7	4	100
11/12/2015 17:10	12.6	11.2	7.9	7.6	10.1	4	100
11/12/2015 17:15	11.9	10.4	7.6	6.7	9.5	4	100
11/12/2015 17:20	10.3	9	6.5	5.5	8.2	4	100
11/12/2015 17:25	11	8.9	6.5	4.9	8.4	4	100
11/12/2015 17:30	13.2	10	7.6	7.2	9.8	4	100
11/12/2015 17:35	12	9.8	6.4	6	9.2	4	100
11/12/2015 17:40	10.3	9.7	6.3	5.3	8.3	4	100
11/12/2015 17:45	11	9.1	6.2	4.5	8.4	4	100
11/12/2015 17:50	10.9	8.9	6.1	4.9	8.2	4	100
11/12/2015 17:55	10.8	8.9	6.5	5.2	8.3	4	100
11/12/2015 18:00	11.1	7.8	6.4	5.4	8.1	4	100
11/12/2015 18:05	10.9	8.3	7.5	7	8.5	4	100
11/12/2015 18:10	10.4	9.3	7.3	5.5	8.5	4	100
11/12/2015 18:15	11.1	9.5	7.6	5.3	8.9	4	100
11/12/2015 18:20	12.4	9.4	6.8	4.8	9.2	4	100
11/12/2015 18:25	11.6	8.5	5.9	4.9	8.4	4	100
11/12/2015 18:30	11.7	8.6	6.8	5.4	8.6	4	100
11/12/2015 18:35	12.8	9.7	7.5	6.5	9.5	4	100
11/12/2015 18:40	16	11.6	9.1	7.8	11.7	4	100
11/12/2015 18:45	13.5	11.6	7.9	6.8	10.4	4	100
11/12/2015 18:50	11.6	11.2	6.7	6.2	9.4	4	100
11/12/2015 18:55	11	10.2	6	5.3	8.8	4	100
11/12/2015 19:00	13.4	11.9	8.6	8.9	11	4	100
11/12/2015 19:05	14.7	13.2	10.2	9.9	12.3	4	100
11/12/2015 19:10	15.8	13.8	10	10.1	12.8	4	100
11/12/2015 19:15	17.9	14.7	10.7	11.8	14.1	4	100
11/12/2015 19:20	18.5	14.9	11.3	12.5	14.6	4	100
11/12/2015 19:25	19.6	17	12.2	14.4	16.2	4	100
11/12/2015 19:30	18.2	14.9	12	13.1	14.8	4	100
11/12/2015 19:35	18.8	16	14.4	12.7	15.7	4	100
11/12/2015 19:40	18.2	17.3	13.8	13.5	15.9	4	100
11/12/2015 19:45	21	18.9	14.5	15.7	17.8	4	100
11/12/2015 19:50	21.4	18	13.6	14	17.2	4	100
11/12/2015 19:55	20.6	15.9	14.4	13.6	16.3	4	100
11/12/2015 20:00	20.5	17	14.2	14.9	16.8	4	100
11/12/2015 20:05	19.7	18.8	17.9	19.8	19.1	4	100
11/12/2015 20:10	21.9	21	20.4	24.4	21.9	4	100
11/12/2015 20:15	24.7	24.6	24.8	29.7	25.9	4	100
11/12/2015 20:20	40.1	37.7	35.8	42.5	39	4	100
11/12/2015 20:25	54.4	51	46.7	50.9	51	4	100
11/12/2015 20:30	60.6	57	52.7	58.3	57.5	4	100
11/12/2015 20:35	61.9	58.8	56.3	57.7	58.9	4	100
11/12/2015 20:40	63.5	61.1	55.4	59.2	60.1	4	100
11/12/2015 20:45	63.3	61.6	57.2	57.7	60.2	4	100
11/12/2015 20:50	64.9	62	60.2	60.1	61.9	4	100
11/12/2015 20:55	66	64.1	62	63.3	64	4	100
11/12/2015 21:00	68.6	66.4	65.6	65.7	66.6	4	100
11/12/2015 21:05	70.8	69.2	66.5	65	68.2	4	100
11/12/2015 21:10	71.5	69.1	64	63.3	67.5	4	100
11/12/2015 21:15	72.3	70.5	64.2	63.4	68	4	100
11/12/2015 21:20	72.9	70.7	65.5	62.2	68.3	4	100
11/12/2015 21:25	73.6	70.9	65.7	64.6	69.1	4	100
11/12/2015 21:30	74	71	68.4	66.3	70.1	4	100
11/12/2015 21:35	75	72.4	70.1	66.1	71.3	4	100
11/12/2015 21:40	75	71.5	65.5	62.8	69.2	4	100
11/12/2015 21:45	76	73	64.9	63.4	69.8	4	100
11/12/2015 21:50	77.9	72.8	67.4	63.5	70.9	4	100
11/12/2015 21:55	77.8	72.8	66.3	63	70.7	4	100
11/12/2015 22:00	76.2	71.5	69.3	62.2	70.3	4	100
11/12/2015 22:05	75.7	70.7	71	61.3	70.2	4	100
11/12/2015 22:10	76.1	70.8	70.4	60.9	69.9	4	100
11/12/2015 22:15	74.9	70.3	65.5	61.5	68.4	4	100
11/12/2015 22:20	73.6	70.4	65.2	63	68.4	4	100
11/12/2015 22:25	74.4	71.1	66.7	64	69.7	4	100
11/12/2015 22:30	75.2	70.8	64.4	61.6	68.4	4	100
11/12/2015 22:35	74.6	69.8	63.5	56.7	66.4	4	100
11/12/2015 22:40	75.2	71.6	65.3	59.3	68.7	4	100
11/12/2015 22:45	75	72	63.2	62.4	69	4	100
11/12/2015 22:50	74.5	72.7	67.5	63.2	69.9	4	100
11/12/2015 22:55	74.6	73	66.7	64.4	70.1	4	100
11/12/2015 23:00	73.3	71.7	66	63.9	69.1	4	100
11/12/2015 23:05	72.5	67.9	67.1	60.4	67.1	4	100
11/12/2015 23:10	73.7	69.2	68.5	62.8	69	4	100
11/12/2015 23:15	73.4	68.8	67.2	61.9	68.1	4	100
11/12/2015 23:20	72.2	68.1	64.8	59.5	66.5	4	100
11/12/2015 23:25	71.6	69.1	68	62.8	68.2	4	100
11/12/2015 23:30	72.7	69	71.9	62.4	69.2	4	100
11/12/2015 23:35	72	68.8	73.6	61.7	69.5	4	100
11/12/2015 23:40	71.8	70.4	72.7	58.4	69.3	4	100
11/12/2015 23:45	73.8	70.8	68.5	61.5	69	4	100
11/12/2015 23:50	74.3	71.9	66.5	61.2	68.7	4	100
11/12/2015 23:55	74.2	71.7	69.9	57.6	68.4	4	100
11/13/2015 00:00	74.8	71	67.4	62.8	68.8	4	100
11/13/2015 00:05	75.4	71.1	65.9	59.4	68.4	4	100
11/13/2015 00:10	75.5	69.3	68.5	59.7	68.3	4	100
11/13/2015 00:15	75.6	70.1	71.2	61.7	69.5	4	100
11/13/2015 00:20	75.2	69.5	70.2	62.3	69.1	4	100
11/13/2015 00:25	75.2	69.9	68.4	62.7	68.8	4	100
11/13/2015 00:30	75.2	71.1	60.3	57.8	65.8	4	100
11/13/2015 00:35	74.7	70.9	64.6	59.5	66.6	4	100
11/13/2015 00:40	74.6	71.7	63	61.2	67.9	4	100
11/13/2015 00:45	74.4	70.8	64.5	61.6	67.9	4	100
11/13/2015 00:50	74.5	71.1	57.4	59.8	66	4	100
11/13/2015 00:55	74.9	71.8	62.8	58.9	66.9	4	100
11/13/2015 01:00	74.7	71.5	65.1	60.8	67.7	4	100
11/13/2015 01:05	74.9	71.9	67.3	63	69.2	4	100
11/13/2015 01:10	74.8	71.5	67.7	63.7	69	4	100
11/13/2015 01:15	74.8	71.3	68.5	61.4	68.9	4	100
11/13/2015 01:20	74.8	70.3	68	59	67.7	4	100
11/13/2015 01:25	74.7	70.8	67.1	60.8	67.6	4	100
11/13/2015 01:30	74.6	70.8	65.6	60.3	67.8	4	100
11/13/2015 01:35	74.6	70.5	64.7	61.7	67.3	4	100
11/13/2015 01:40	74.7	70.9	66.4	62.8	68.5	4	100
11/13/2015 01:45	74.7	71.2	67.6	61.4	68.8	4	100
11/13/2015 01:50	74.8	70.9	66.1	62.5	68.8	4	100
11/13/2015 01:55	74.6	71.1	63.6	62	67.1	4	100
11/13/2015 02:00	74.8	70.8	66.3	62.2	68.1	4	100
11/13/2015 02:05	74.7	71	67.9	60.8	68.4	4	100
11/13/2015 02:10	74.8	71	67.8	60.2	66.5	4	100
11/13/2015 02:15	74.8	70.9	67.7	62.1	68.1	4	100
11/13/2015 02:20	74.9	71	68.9	62	68.6	4	100
11/13/2015 02:25	74.8	71.1	68.8	62.2	69.4	4	100
11/13/2015 02:30	74.9	71	64.4	62.6	68.6	4	100
11/13/2015 02:35	74.7	70.9	64.5	61.5	68.1	4	100
11/13/2015 02:40	74.8	70.8	65.5	62.7	68.3	4	100
11/13/2015 02:45	74.8	70.9	67.5	61.5	68.4	4	100
11/13/2015 02:50	74.7	70.8	59	61.5	65.4	4	100
11/13/2015 02:55	74.6	71	61.5	60.5	65.5	4	100
11/13/2015 03:00	74.7	71.1	63.9	60.3	66.4	4	100
11/13/2015 03:05	74.6	71	66.4	62.1	68	4	100
11/13/2015 03:10	74.9	70.9	67	61.3	67.4	4	100
11/13/2015 03:15	74.8	70.6	66.8	61.5	68.4	4	100
11/13/2015 03:20	74.8	70.7	66	62.3	68.2	4	100
11/13/2015 03:25	74.7	70.9	64.7	62.6	68.2	4	100
11/13/2015 03:30	74.7	71	65.5	62.5	68.8	4	100
11/13/2015 03:35	74.6	70.7	61.2	63.5	66.4	4	100
11/13/2015 03:40	74.6	70.5	62	63.2	66.6	4	100
11/13/2015 03:45	74.6	70.7	64.5	59.5	65.4	4	100
11/13/2015 03:50	74.7	71	66.3	60.1	67.3	4	100
11/13/2015 03:55	74.6	71	66.4	61.4	66.7	4	100
11/13/2015 04:00	74.8	70.9	64.3	62.7	67.7	4	100
11/13/2015 04:05	74.8	71	67.2	60.8	68	4	0
11/13/2015 04:10	74.8	71	65.6	62.3	67.8	4	0
11/13/2015 04:15	74.8	71	67.4	62.8	66.6	4	100
11/13/2015 04:20	75	70.8	63.1	59.6	66.5	4	100
11/13/2015 04:25	74.7	70.6	61.7	54.5	65.3	4	100
11/13/2015 04:30	74.9	70	65.9	57.2	66.6	4	100
11/13/2015 04:35	74.8	70.4	59.2	59	66.4	4	100
11/13/2015 04:40	74.4	70.4	57	61	65.8	4	100
11/13/2015 04:45	74	70.4	58.9	61.2	66	4	100
11/13/2015 04:50	74.1	70.7	63.2	65	68.2	4	100
11/13/2015 04:55	74.2	70.6	62.9	66.2	68.1	4	100
11/13/2015 05:00	74.3	70.5	66.1	64	69.1	4	100
11/13/2015 05:05	75	71.2	56.9	64.5	67.5	4	100
11/13/2015 05:10	75.5	71.4	67	59.5	68.2	4	100
11/13/2015 05:15	75.5	69.6	67.4	61.7	68.8	4	100
11/13/2015 05:20	72.8	67.6	64.8	56.9	66.1	4	100
11/13/2015 05:25	72.4	68	61.6	58.9	66.3	4	100
11/13/2015 05:30	72.9	67.9	67.6	58.6	67.2	4	100
11/13/2015 05:35	73.8	68.7	65.6	56.7	66.6	4	100
11/13/2015 05:40	73.6	68.4	67.7	63.8	68.8	4	100
11/13/2015 05:45	74	69.2	67.4	63.8	69	4	100
11/13/2015 05:50	73.3	69.4	65.5	64.1	68.3	4	100
11/13/2015 05:55	73.8	70.2	69.6	65.3	69.8	4	100
11/13/2015 06:00	73.8	71.6	70	64	69.8	4	100
11/13/2015 06:05	73.2	70.2	63.7	65.9	68.7	4	100
11/13/2015 06:10	72.7	70.8	63.7	63.6	68.2	4	100
11/13/2015 06:15	73.7	71.2	61.8	63.3	67.9	4	100
11/13/2015 06:20	73.8	70.5	63.9	61.8	67.5	4	100
11/13/2015 06:25	73.8	70	63.2	60.3	67.4	4	100
11/13/2015 06:30	75.2	69.7	64	65.4	68.8	4	100
11/13/2015 06:35	74.5	70.4	64.5	65.5	68.9	4	100
11/13/2015 06:40	74.7	69.3	65.2	63.4	68.5	4	100
11/13/2015 06:45	74	69.6	65.7	63.4	68.5	4	100
11/13/2015 06:50	74.2	68.6	62.5	62	67.3	4	100
11/13/2015 06:55	74.6	69.2	63.1	64	68.1	4	100
11/13/2015 07:00	75.5	70.6	65	68	70	4	100
11/13/2015 07:05	75	71.2	67.5	63.4	69.6	4	100
11/13/2015 07:10	75.1	70.9	68.8	65.4	70	4	100
11/13/2015 07:15	74.6	70	65.9	64.6	69.1	4	100
11/13/2015 07:20	73.3	68.4	64.8	61.7	67.4	4	100
11/13/2015 07:25	72.1	67.4	65.9	58.6	66.2	4	100
11/13/2015 07:30	66.3	62.4	61.6	55.5	61.6	4	100
11/13/2015 07:35	48.8	48.4	45.9	41.6	46.3	4	100
11/13/2015 07:40	38	36.5	32.8	32.5	35.1	4	100
11/13/2015 07:45	30.5	28.5	25.1	25.4	27.5	4	100
11/13/2015 07:50	26.4	24.5	20.7	21.7	23.5	4	100
11/13/2015 07:55	23.5	21.4	18.2	19.6	20.9	4	100
11/13/2015 08:00	21.7	19.7	17	17.9	19.2	4	100
11/13/2015 08:05	21.6	20.3	18.5	20.6	20.3	4	100
11/13/2015 08:10	23.4	20.6	18.5	20.8	20.9	4	100
11/13/2015 08:15	24.3	21.8	20.6	20.8	21.9	4	100
11/13/2015 08:20	24.3	22.1	20.8	23.2	22.6	4	100
11/13/2015 08:25	39.8	37.4	32.3	33.7	35.8	4	100
11/13/2015 08:30	45.3	43.8	43	35.7	42	4	100
11/13/2015 08:35	41.3	46.3	44.9	39.5	42.9	4	100
11/13/2015 08:40	51.5	54.8	50.3	47.9	51.3	4	100
11/13/2015 08:45	61.7	59.6	54.3	52.7	57.5	4	100
11/13/2015 08:50	64.8	61.2	58	55	59.9	4	100
11/13/2015 08:55	69.6	64.2	59.9	58.6	63.3	4	100
11/13/2015 09:00	69.3	65.4	61.5	56.8	63.3	4	100
11/13/2015 09:05	70.5	66.6	60.1	60	64.5	4	100
11/13/2015 09:10	72.5	67.7	63.1	59.6	66	4	100
11/13/2015 09:15	73	65.9	61.4	57.7	64.9	4	100
11/13/2015 09:20	73	65.8	61	58.9	65.1	4	100
11/13/2015 09:25	73	66.6	61.7	58.8	65.2	4	100
11/13/2015 09:30	71.7	65.6	62.6	60.7	65.1	4	100
11/13/2015 09:35	71.3	65	61.3	60.1	64.7	4	100
11/13/2015 09:40	70	64.6	60	59.4	63.6	4	100
11/13/2015 09:45	70	64	58.4	60	63.6	4	100
11/13/2015 09:50	70.8	65	60.3	59.7	64.1	4	100
11/13/2015 09:55	71.2	65.7	59.6	56.3	63.3	4	100
11/13/2015 10:00	70.8	65.8	58.7	57.8	63.7	4	100
11/13/2015 10:05	71.8	66	59.3	60.1	64.9	4	100
11/13/2015 10:10	71.5	66.8	58.6	57.7	63.8	4	100
11/13/2015 10:15	72	66.4	57.9	57	63.8	4	100
11/13/2015 10:20	68.4	63.9	56.2	56.1	61.2	4	100
11/13/2015 10:25	70.2	65.4	56.5	56.9	62.6	4	100
11/13/2015 10:30	70.5	65.7	57.3	55.5	62.7	4	100
11/13/2015 10:35	69.2	65.7	58	56.6	62.9	4	100
11/13/2015 10:40	68.9	64.8	55.8	54.5	61.3	4	100
11/13/2015 10:45	69.3	64.1	56.8	57.3	62.3	4	100
11/13/2015 10:50	69.8	64	55.9	54	61.6	4	100
11/13/2015 10:55	70.1	64.6	57.1	53.9	62	4	100
11/13/2015 11:00	69.1	65	56.9	57.8	62.5	4	100
11/13/2015 11:05	70.1	65.7	56.8	58.7	63.1	4	100
11/13/2015 11:10	69.7	65.6	59	59.5	63.9	4	100
11/13/2015 11:15	68.8	63.8	57.3	59	62.8	4	100
11/13/2015 11:20	69.6	63.3	54.3	57.5	61.8	4	100
11/13/2015 11:25	70.9	63.5	55.7	56.6	62.1	4	100
11/13/2015 11:30	70	63.7	57	55.8	62.2	4	100
11/13/2015 11:35	69.5	63.7	56.5	56.5	62.1	4	100
11/13/2015 11:40	69.4	63.6	55.9	55.8	61.7	4	100
11/13/2015 11:45	69	62.3	55	55.8	61.2	4	100
11/13/2015 11:50	68.8	62	54.3	55.1	60.4	4	100
11/13/2015 11:55	69.4	63.5	55	55.3	61.6	4	100
11/13/2015 12:00	69.7	63.6	55.5	55.1	61.4	4	100
11/13/2015 12:05	69	63.5	54.8	55.6	61.1	4	100
11/13/2015 12:10	69	64.4	55.6	55.5	62	4	100
11/13/2015 12:15	62.3	60.1	54.8	52.9	57.7	4	100
11/13/2015 12:20	45.5	41.8	38.5	39.8	41.6	4	100
11/13/2015 12:25	33.1	29.5	26.5	25.9	29	4	100
11/13/2015 12:30	24.4	23.2	20.4	18.7	21.9	4	100
11/13/2015 12:35	22.9	21.3	16.2	16.6	19.6	4	100
11/13/2015 12:40	22.4	19.5	15.5	17	18.9	4	100
11/13/2015 12:45	20.1	16.8	15.3	16	17.2	4	100
11/13/2015 12:50	18.3	17.2	15.3	14.3	16.4	4	100
11/13/2015 12:55	17.7	16.8	13.8	13.4	15.6	4	100
11/13/2015 13:00	17.2	16.9	15	13.8	15.8	4	100
11/13/2015 13:05	16.7	16.6	15.8	15.3	16.1	4	100
11/13/2015 13:10	16.8	14.4	12.4	13.1	14.4	4	100
11/13/2015 13:15	18.3	16.3	13.2	14.8	15.8	4	100
11/13/2015 13:20	18.7	17.6	12.6	14.5	16.1	4	100
11/13/2015 13:25	18	17.1	12.9	14.7	15.8	4	100
11/13/2015 13:30	17.8	16.1	12.8	15.1	15.6	4	100
11/13/2015 13:35	17.2	15.6	13.3	14.3	15.2	4	100
11/13/2015 13:40	18	15.1	13	15.1	15.4	4	100
11/13/2015 13:45	16.8	14.9	11.9	14.1	14.5	4	100
11/13/2015 13:50	16.8	14.7	12.3	12.1	14.2	4	100
11/13/2015 13:55	17.4	14.6	13.3	12.6	14.6	4	100
11/13/2015 14:00	18.9	16.6	16.9	15.9	17.1	4	100
11/13/2015 14:05	20.3	17.6	16.8	18.7	18.4	4	100
11/13/2015 14:10	18.3	14.8	14.7	15.7	15.9	4	100
11/13/2015 14:15	16.1	15.2	13.3	14.8	14.9	4	100
11/13/2015 14:20	17.1	14.9	12.1	13.3	14.6	4	100
11/13/2015 14:25	15.4	12.9	11.8	12.8	13.3	4	100
11/13/2015 14:30	16	14.1	12.3	12.2	13.8	4	100
11/13/2015 14:35	16.1	15.5	13.3	15.9	15.3	4	100
11/13/2015 14:40	12.8	12.7	11.2	12.4	12.3	4	100
11/13/2015 14:45	10.5	10.2	8.6	9.3	9.7	4	100
11/13/2015 14:50	10.4	10.6	9.1	9.2	9.9	4	100
11/13/2015 14:55	9.5	8.9	7.5	7.7	8.5	4	100
11/13/2015 15:00	9.7	8.5	7.4	7.5	8.4	4	100
11/13/2015 15:05	9.2	8.1	6.4	7.4	7.9	4	100
11/13/2015 15:10	8.9	7.3	6.6	6.4	7.4	4	100
11/13/2015 15:15	9	7.8	6.5	6	7.5	4	100
11/13/2015 15:20	9	7.9	6.2	7.9	7.9	4	100
11/13/2015 15:25	8.8	7.4	6.7	7.8	7.7	4	100
11/13/2015 15:30	9.4	7.2	6.1	6.3	7.5	4	100
11/13/2015 15:35	11.5	8.4	7.9	9.2	9.4	4	100
11/13/2015 15:40	10.4	9.5	7.1	8.5	9	4	100
11/13/2015 15:45	9.7	8.7	6.6	7.5	8.3	4	100
11/13/2015 15:50	9.9	9.3	6.7	7.7	8.5	4	100
11/13/2015 15:55	10.7	10.3	7.6	8.5	9.4	4	100
11/13/2015 16:00	12	10.1	8.9	10.3	10.4	4	100
11/13/2015 16:05	10.3	9	6.9	9.4	9.1	4	100
11/13/2015 16:10	10.7	9.6	7.3	9.1	9.3	4	100
11/13/2015 16:15	12.8	12.2	9.7	10.8	11.5	4	100
11/13/2015 16:20	10.9	10.1	8.5	9.2	9.7	4	100
11/13/2015 16:25	11.5	9.6	7.2	9.2	9.6	4	100
11/13/2015 16:30	10.8	9.2	6.8	7.5	8.8	4	100
11/13/2015 16:35	11.8	10.7	8.8	11.2	10.7	4	100
11/13/2015 16:40	11.4	9.7	8.8	11.1	10.3	4	100
11/13/2015 16:45	12.1	10.7	9.1	13.4	11.4	4	100
11/13/2015 16:50	14.9	13.2	9.7	16.6	13.8	4	100
11/13/2015 16:55	11.8	9.7	7.4	11.7	10.3	4	100
11/13/2015 17:00	10.7	9	6.8	8.9	9	4	100
11/13/2015 17:05	12.9	10.8	8.6	12.9	11.5	4	100
11/13/2015 17:10	12.5	10	7.7	9	10.1	4	100
11/13/2015 17:15	10.9	8.7	7.2	6.9	8.7	4	100
11/13/2015 17:20	10.9	9.8	7.7	6	9	4	100
11/13/2015 17:25	10.9	9.8	7.6	5.6	8.9	4	100
11/13/2015 17:30	12.6	10.1	7.7	7	9.8	4	100
11/13/2015 17:35	12.3	10.3	7.4	7.2	9.7	4	100
11/13/2015 17:40	14.7	11.7	8.9	6.6	11.1	4	100
11/13/2015 17:45	12.6	9.7	6.4	5.8	9.4	4	100
11/13/2015 17:50	10.7	8.9	6.6	5.5	8.3	4	100
11/13/2015 17:55	11.6	8.3	6.3	5.1	8.4	4	100
11/13/2015 18:00	13.6	9.8	8.2	6.4	10	4	100
11/13/2015 18:05	13.7	10.8	9.9	10	11.4	4	100
11/13/2015 18:10	13.3	12.9	17.7	21.1	15.2	4	100
11/13/2015 18:15	13.2	11.8	18.3	25.3	16	4	100
11/13/2015 18:20	11.9	10.3	18	26.1	15.2	4	100
11/13/2015 18:25	14.4	13.8	20.8	32.5	17.8	4	100
11/13/2015 18:30	19.5	20.9	28.2	36.4	23.8	4	100
11/13/2015 18:35	13.8	14.4	21.9	28.4	18.1	4	100
11/13/2015 18:40	14.4	15.8	24.1	31.2	19	4	100
11/13/2015 18:45	18.6	20.8	27.8	30.8	23.4	4	100
11/13/2015 18:50	18.9	19.1	21.7	27.8	21.5	4	100
11/13/2015 18:55	16.6	15.8	16	19.1	16.8	4	100
11/13/2015 19:00	19.4	17.6	15.7	21.3	18.6	4	100
11/13/2015 19:05	19.8	16.5	13.9	21.8	18.1	4	100
11/13/2015 19:10	19.6	16.7	14.3	16.1	16.8	4	100
11/13/2015 19:15	22	17.7	15.7	16.6	18.3	4	100
11/13/2015 19:20	21.2	19.2	16.4	18.2	18.9	4	100
11/13/2015 19:25	21.3	21.9	19.7	23.9	21.7	4	100
11/13/2015 19:30	21.4	21.5	17.9	22.5	20.9	4	100
11/13/2015 19:35	20.9	19	16.7	20.6	19.4	4	100
11/13/2015 19:40	21.6	19.5	16.4	20	19.6	4	100
11/13/2015 19:45	22.8	21.1	18	20.4	20.7	4	100
11/13/2015 19:50	21.6	22.3	20.6	22.3	21.7	4	100
11/13/2015 19:55	26.9	27.2	26.8	25.9	26.7	4	100
11/13/2015 20:00	38.9	37.9	38.3	36.4	37.9	4	100
11/13/2015 20:05	43.1	42.5	41.7	43.2	42.6	4	100
11/13/2015 20:10	47.9	47.7	48	48.6	48	4	100
11/13/2015 20:15	56.6	53.7	53.9	54.6	54.8	4	100
11/13/2015 20:20	62.2	58.4	59.3	56.7	59.3	4	100
11/13/2015 20:25	65.2	62	61.1	59.4	62.1	4	100
11/13/2015 20:30	64.1	60.9	61.2	58.4	61.5	4	100
11/13/2015 20:35	65.4	60.6	59.5	58.1	61.1	4	100
11/13/2015 20:40	66.2	62.1	58.8	60.6	62.3	4	100
11/13/2015 20:45	66.3	62.1	57.9	59.4	61.8	4	100
11/13/2015 20:50	66.3	63.9	59.4	60.1	62.7	4	100
11/13/2015 20:55	67.7	64.9	63.7	60.8	64.9	4	100
11/13/2015 21:00	69.7	66.1	64.1	60.8	65.6	4	100
11/13/2015 21:05	70.6	67.1	60.8	62.9	65.9	4	100
11/13/2015 21:10	71.7	67.3	61.4	62.9	66.4	4	100
11/13/2015 21:15	73.1	68.7	64.9	62.5	67.7	4	100
11/13/2015 21:20	74.7	70	66.5	62.3	68.9	4	100
11/13/2015 21:25	75.4	70	68	62.2	69.3	4	100
11/13/2015 21:30	74.7	69.3	68.6	61.3	68.9	4	100
11/13/2015 21:35	75.5	68.8	70.2	64.9	70.3	4	100
11/13/2015 21:40	77.3	68.6	67.9	64.8	70	4	100
11/13/2015 21:45	75.4	69.9	65.3	66.7	69.6	4	100
11/13/2015 21:50	76.2	70.5	66.4	63.7	69.4	4	100
11/13/2015 21:55	75.9	70.6	64.1	63.5	69.2	4	100
11/13/2015 22:00	76.4	72.2	64.6	65.7	70	4	100
11/13/2015 22:05	75	71.5	66.6	67	70.4	4	100
11/13/2015 22:10	73.5	71.6	65.2	65.6	69.3	4	100
11/13/2015 22:15	73.9	72.1	64.5	62.8	68.8	4	100
11/13/2015 22:20	73.6	70.9	62.7	59.2	67	4	100
11/13/2015 22:25	73.5	70.7	60.3	61.8	67.1	4	100
11/13/2015 22:30	72.5	70.6	64.3	60.3	67.4	4	100
11/13/2015 22:35	72.8	70.1	65.9	60.3	67.5	4	100
11/13/2015 22:40	75.2	71.9	64.9	62.6	69	4	100
11/13/2015 22:45	75	72	63.4	62.6	68.6	4	100
11/13/2015 22:50	74.8	72.2	67.7	61.4	69	4	100
11/13/2015 22:55	73	72.1	65.7	63.4	69.1	4	100
11/13/2015 23:00	72.2	71	61.7	62.2	67.1	4	100
11/13/2015 23:05	75.5	70.3	63.5	60.4	68.2	4	100
11/13/2015 23:10	74.1	70.9	63.8	64	68.5	4	100
11/13/2015 23:15	73.8	69.3	62.4	63.3	67.8	4	100
11/13/2015 23:20	73.3	69	66.5	63.4	68.2	4	100
11/13/2015 23:25	73.8	70.9	70.6	62	69.8	4	100
11/13/2015 23:30	73.6	71.3	68.5	64.3	69.7	4	100
11/13/2015 23:35	73.5	70.7	68.6	62	69.1	4	100
11/13/2015 23:40	74.2	70.1	69.6	60.9	69	4	100
11/13/2015 23:45	75.5	70.5	68	62.9	69.4	4	100
11/13/2015 23:50	74.5	71.2	67.7	62.8	69.6	4	100
11/13/2015 23:55	74.9	71	67.9	63.9	69.4	4	100
11/14/2015 00:00	74.8	71.4	73.9	62.8	71.3	4	100
11/14/2015 00:05	74.6	70.5	68.6	59.8	68.6	4	100
11/14/2015 00:10	73.7	69.2	65.7	62.5	67.9	4	100
11/14/2015 00:15	73.5	69.1	68.2	63.7	68.6	4	100
11/14/2015 00:20	73	70.6	70.7	64.9	69.9	4	100
11/14/2015 00:25	73.8	70.8	69.6	64.1	69.8	4	100
11/14/2015 00:30	73.6	70.5	67.3	62.4	68.7	4	100
11/14/2015 00:35	72.7	69.3	65.1	62.3	67.5	4	100
11/14/2015 00:40	73.7	70.3	64.6	57.9	66.5	4	100
11/14/2015 00:45	74.3	71	64.9	60.8	67.7	4	100
11/14/2015 00:50	74.5	71.4	68.4	64.1	69.6	4	100
11/14/2015 00:55	74.8	71.9	64	63.1	68.8	4	100
11/14/2015 01:00	74.6	71	64.1	60.1	67.1	4	100
11/14/2015 01:05	74.4	71.4	64.6	62.2	68.2	4	100
11/14/2015 01:10	74.5	70.6	65.7	62.5	68	4	100
11/14/2015 01:15	74.3	70.6	59.2	62.4	66.4	4	100
11/14/2015 01:20	74.8	71.3	63	61.2	67.1	4	100
11/14/2015 01:25	74.9	71.2	66	62.9	68.6	4	100
11/14/2015 01:30	75	71.4	63.9	63.1	67.8	4	100
11/14/2015 01:35	74.7	71.4	67.1	61.9	68.7	4	100
11/14/2015 01:40	74.4	71.1	65.4	62.9	68.4	4	100
11/14/2015 01:45	74.4	70.9	63.3	63.5	68.3	4	100
11/14/2015 01:50	74.5	71.1	63.7	60.9	68	4	100
11/14/2015 01:55	74.5	70.8	65.3	62.2	68.1	4	100
11/14/2015 02:00	74.6	70.6	68.5	59.9	68.6	4	100
11/14/2015 02:05	74.6	69.8	66.2	58.2	67.4	4	100
11/14/2015 02:10	74.5	70.5	65.6	61.2	68.5	4	100
11/14/2015 02:15	74.4	70	63.3	60.7	66.9	4	100
11/14/2015 02:20	74.5	70.1	67.1	57.3	66.5	4	100
11/14/2015 02:25	74.9	70.4	66.1	60.4	67.1	4	100
11/14/2015 02:30	75.2	70.8	64.6	61.7	67.7	4	100
11/14/2015 02:35	74.7	70.4	62.8	62.3	67.4	4	100
11/14/2015 02:40	74.5	70.9	64.7	62.8	68.3	4	100
11/14/2015 02:45	74.5	70.4	66.8	60.1	66.9	4	100
11/14/2015 02:50	74.7	71	67.9	62.8	68.3	4	100
11/14/2015 02:55	74.7	71.1	64.5	62.1	67.5	4	100
11/14/2015 03:00	74.7	71.4	67.6	61.1	68.2	4	100
11/14/2015 03:05	74.8	71.3	66.6	61.8	68.9	4	100
11/14/2015 03:10	74.8	71	67.7	63	67.9	4	100
11/14/2015 03:15	74.5	71.1	67.7	62.1	68.3	4	100
11/14/2015 03:20	74.5	71	66.7	62.8	67.2	4	100
11/14/2015 03:25	74.7	70.8	64.4	60.6	66.8	4	100
11/14/2015 03:30	74.8	70.9	62.1	61.3	67.1	4	100
11/14/2015 03:35	74.8	71.1	64.7	61.7	67.5	4	100
11/14/2015 03:40	74.8	70.8	67	62.5	68	4	100
11/14/2015 03:45	74.8	70.8	67.6	62.3	67.3	4	100
11/14/2015 03:50	74.6	71	67.8	63	68.8	4	100
11/14/2015 03:55	74.7	70.9	68.3	62.1	68.7	4	100
11/14/2015 04:00	74.9	70.8	68.2	62.9	69	4	100
11/14/2015 04:05	74.7	70.7	63.1	63	66.5	4	100
11/14/2015 04:10	74.7	71	61.8	60.8	65.5	4	100
11/14/2015 04:15	74.8	71	64.8	59.5	66.9	4	100
11/14/2015 04:20	74.8	70.8	66.8	60.3	68.1	4	100
11/14/2015 04:25	74.6	70.6	65.1	62.8	67.5	4	100
11/14/2015 04:30	74.5	70.6	63.6	63.3	67.9	4	100
11/14/2015 04:35	74.3	70.4	62.7	62.5	67.2	4	100
11/14/2015 04:40	74.4	70.4	60.3	64	67.1	4	100
11/14/2015 04:45	74.7	70.6	61.9	64.1	66.9	4	100
11/14/2015 04:50	74.6	70.5	65.5	63.8	68.7	4	100
11/14/2015 04:55	74.8	70.6	66.9	63.2	68.5	4	100
11/14/2015 05:00	75	71	68.3	61.2	69.2	4	100
11/14/2015 05:05	74.8	70.1	68.6	57.7	67.5	4	100
11/14/2015 05:10	74.9	70.8	61.6	59.7	65.5	4	100
11/14/2015 05:15	74.7	70.7	64.9	62.2	68.9	4	100
11/14/2015 05:20	73.9	70.2	65.9	57.6	67	4	100
11/14/2015 05:25	74.2	70.1	67.7	61.5	67.9	4	100
11/14/2015 05:30	74.1	70.4	64.1	61.1	67.9	4	100
11/14/2015 05:35	74.1	70.8	63.4	63.8	68.4	4	100
11/14/2015 05:40	75	71.1	63.3	62.9	68	4	100
11/14/2015 05:45	71.6	69.3	60.9	61.1	65.3	4	100
11/14/2015 05:50	73.6	69.2	63.6	61.2	66.9	4	100
11/14/2015 05:55	73.3	69.7	62.4	63.1	67.4	4	100
11/14/2015 06:00	73.9	71.2	63.5	52	66.7	4	100
11/14/2015 06:05	73.3	71.2	67.8	53.4	67.1	4	100
11/14/2015 06:10	75	71.5	65.8	54.8	67.5	4	100
11/14/2015 06:15	75.1	70.4	64.3	60.9	68.3	4	100
11/14/2015 06:20	74.7	69.5	65.8	63	68.5	4	100
11/14/2015 06:25	75	71.6	70.9	66.1	70.9	4	100
11/14/2015 06:30	75.4	71.1	74	65.2	71.7	4	100
11/14/2015 06:35	74.6	71.4	74	61.4	70.9	4	100
11/14/2015 06:40	73.1	70.9	70.1	64.5	69.7	4	100
11/14/2015 06:45	73.1	70.2	68	66.5	69.7	4	100
11/14/2015 06:50	74.4	70.5	70.5	62.4	69.1	4	100
11/14/2015 06:55	75	72.6	69.4	64.4	70.6	4	100
11/14/2015 07:00	75.8	73.2	66.2	59.4	68.7	4	100
11/14/2015 07:05	74	72.1	68.2	62.7	69.1	4	100
11/14/2015 07:10	74.3	71.6	67	62	69	4	100
11/14/2015 07:15	75.4	70.7	63.4	62.6	68.6	4	100
11/14/2015 07:20	75.6	70.5	67.4	61.8	69.4	4	100
11/14/2015 07:25	75.4	70.9	67.4	60.8	69.2	4	100
11/14/2015 07:30	75.1	70.9	66.6	59.6	68.2	4	100
11/14/2015 07:35	73.8	70.9	69.5	60	68.7	4	100
11/14/2015 07:40	75	69.6	66.1	60.2	68.3	4	100
11/14/2015 07:45	73.1	68.3	66.8	60.7	67.2	4	100
11/14/2015 07:50	73.7	68.7	64.2	60.6	67.3	4	100
11/14/2015 07:55	74.4	67.4	62.7	61.8	66.8	4	100
11/14/2015 08:00	73.3	67.1	64.5	61.5	66.6	4	100
11/14/2015 08:05	73.2	68.7	69.9	63.6	69.3	4	100
11/14/2015 08:10	72.5	69.3	67.3	61.4	67.7	4	100
11/14/2015 08:15	72.9	68.3	63.2	60.3	66.6	4	100
11/14/2015 08:20	72.2	69.1	65.7	57.7	66.6	4	100
11/14/2015 08:25	71.4	69.5	66.4	57.8	66.7	4	100
11/14/2015 08:30	71.8	69.2	65.7	60.9	67.2	4	100
11/14/2015 08:35	72.4	69.8	64.7	63.9	67.9	4	100
11/14/2015 08:40	73.1	70.2	66.8	62.5	68.1	4	100
11/14/2015 08:45	73	70	67.8	61.8	68.3	4	100
11/14/2015 08:50	72.3	68	66.6	62	67.4	4	100
11/14/2015 08:55	70.8	67.6	67.4	62.8	67.3	4	100
11/14/2015 09:00	71.2	68.5	67.1	65	68.1	4	100
11/14/2015 09:05	70.7	68	66.4	63.5	67.2	4	100
11/14/2015 09:10	71.7	68.8	68.5	62.3	67.8	4	100
11/14/2015 09:15	71.5	68.7	65.2	62.7	67.4	4	100
11/14/2015 09:20	70.2	67	65.7	60.5	66	4	100
11/14/2015 09:25	69.5	66.9	63.7	59.4	65.1	4	100
11/14/2015 09:30	69.4	67.2	63	59.4	65	4	100
11/14/2015 09:35	70.3	67.8	62.9	60.9	65.8	4	100
11/14/2015 09:40	67.7	65.3	62	58.6	63.5	4	100
11/14/2015 09:45	68.7	65.7	62	59	64.1	4	100
11/14/2015 09:50	69.3	67.1	66.8	60.6	66.1	4	100
11/14/2015 09:55	70.3	66.6	66.3	60.5	66	4	100
11/14/2015 10:00	69.2	66.2	65.8	60.2	65.7	4	100
11/14/2015 10:05	68.6	66.9	65.2	59.4	65.4	4	100
11/14/2015 10:10	68.1	65.1	61.7	59.6	64	4	100
11/14/2015 10:15	68.3	64.2	59.9	57.9	62.9	4	100
11/14/2015 10:20	68.7	65.1	62.9	60.5	64.7	4	100
11/14/2015 10:25	67.9	64.6	62.7	57.6	63.5	4	100
11/14/2015 10:30	67.8	65.4	61.2	59.4	63.9	4	100
11/14/2015 10:35	68.6	64.2	62	57.5	63.3	4	100
11/14/2015 10:40	68.1	64	61.4	57.7	63	4	100
11/14/2015 10:45	68.3	63.1	61.3	56.4	62.6	4	100
11/14/2015 10:50	68.3	64	62.6	58.4	63.5	4	100
11/14/2015 10:55	68	63.8	63.4	56.5	63.4	4	100
11/14/2015 11:00	67.4	63.8	64.6	57.4	63.9	4	100
11/14/2015 11:05	68	66	67.2	58.9	65.2	4	100
11/14/2015 11:10	68.6	66.3	66.7	58.2	65.2	4	100
11/14/2015 11:15	68.7	65.8	66.3	58.3	65	4	100
11/14/2015 11:20	68.8	66.1	63.5	59.4	64.7	4	100
11/14/2015 11:25	68	65.9	62.4	58.7	64	4	100
11/14/2015 11:30	66.3	65.4	62.8	57	63	4	100
11/14/2015 11:35	66.3	64.8	63.5	57.1	63.1	4	100
11/14/2015 11:40	65	63	63.1	57	62.2	4	100
11/14/2015 11:45	65.7	64.5	61.1	57.3	62.3	4	100
11/14/2015 11:50	66	63.9	62.4	57.3	62.7	4	100
11/14/2015 11:55	66.9	62.9	63.3	58.6	63	4	100
11/14/2015 12:00	66	62.4	63.3	57.4	62.4	4	100
11/14/2015 12:05	65.5	61.4	61.2	57.1	61.5	4	100
11/14/2015 12:10	55	53.2	51.4	50.6	52.6	4	100
11/14/2015 12:15	56.7	54.6	54.3	52.3	54.5	4	100
11/14/2015 12:20	46.1	44	47.7	47.8	46.4	4	100
11/14/2015 12:25	42.9	42.1	45.2	44	43.5	4	100
11/14/2015 12:30	47.6	44.7	43.8	41.6	44.5	4	100
11/14/2015 12:35	46.7	45.5	43.4	40.5	44.2	4	100
11/14/2015 12:40	49.1	46.3	46.9	43.3	46.5	4	100
11/14/2015 12:45	48.6	45.1	46.4	42.5	45.7	4	100
11/14/2015 12:50	38.9	39.3	40.9	38	39.3	4	100
11/14/2015 12:55	32.1	31.9	32.2	32.1	32.1	4	100
11/14/2015 13:00	30.2	29.3	28.9	29	29.4	4	100
11/14/2015 13:05	31.1	33.2	32.8	32.6	32.4	4	100
11/14/2015 13:10	30.2	31	30	30.2	30.4	4	100
11/14/2015 13:15	26.8	26.6	24.5	25.5	25.9	4	100
11/14/2015 13:20	24.6	25.4	22.5	24	24.1	4	100
11/14/2015 13:25	23.8	23.1	23.9	25.7	24.1	4	100
11/14/2015 13:30	23.2	23.1	22.2	26	23.7	4	100
11/14/2015 13:35	23.2	23.3	22.2	22.3	22.8	4	100
11/14/2015 13:40	22.3	21.6	21.9	22	22	4	100
11/14/2015 13:45	24.6	23.5	22.2	23	23.3	4	100
11/14/2015 13:50	24	23.8	23.2	23.1	23.5	4	100
11/14/2015 13:55	24.4	23.6	23.6	25.2	24.2	4	100
11/14/2015 14:00	22.7	21.5	22.7	22.5	22.3	4	100
11/14/2015 14:05	21.9	21.1	23.4	24	22.6	4	100
11/14/2015 14:10	20.4	19	21.6	21.9	20.7	4	100
11/14/2015 14:15	21.6	21.5	22.2	23	22.1	4	100
11/14/2015 14:20	19.2	18.7	18.9	19.5	19.1	4	100
11/14/2015 14:25	20.1	19.2	20.1	19.7	19.8	4	100
11/14/2015 14:30	21.8	23.3	22.1	21.1	22.1	4	100
11/14/2015 14:35	20.6	22.3	21	20.5	21.1	4	100
11/14/2015 14:40	22.5	23.6	21.9	24.5	23.1	4	100
11/14/2015 14:45	23.7	22.8	23.2	24.8	23.6	4	100
11/14/2015 14:50	22.5	21.4	22.6	24.1	22.7	4	100
11/14/2015 14:55	20.3	20.8	20.6	22.5	21	4	100
11/14/2015 15:00	20.8	23.3	24.7	27.4	24.1	4	100
11/14/2015 15:05	21.4	23.6	27.4	28.9	25.4	4	100
11/14/2015 15:10	20.4	22.5	24.4	26.1	23.3	4	100
11/14/2015 15:15	18.7	20.5	21.9	21.4	20.6	4	100
11/14/2015 15:20	18.2	17.8	19.7	20.3	19	4	100
11/14/2015 15:25	19.2	18.1	18.5	21.9	19.5	4	100
11/14/2015 15:30	19.7	18.2	19	20.2	19.3	4	100
11/14/2015 15:35	20.6	19.1	18.9	18.8	19.4	4	100
11/14/2015 15:40	33.3	34.1	32.6	31.1	32.7	4	100
11/14/2015 15:45	40.8	43.6	41.3	39.8	41.2	4	100
11/14/2015 15:50	45.4	48.7	47.7	42.9	45.9	4	100
11/14/2015 15:55	47.8	50.1	49.3	45.2	47.8	4	100
11/14/2015 16:00	49.6	50.7	49.5	46.4	49	4	100
11/14/2015 16:05	49.4	49.5	51.2	47.3	49.3	4	100
11/14/2015 16:10	49.2	50.7	50.2	46.1	48.9	4	100
11/14/2015 16:15	48.7	48.6	47.5	43.9	47.2	4	100
11/14/2015 16:20	38.3	41	39.9	37.5	39.2	4	100
11/14/2015 16:25	28.1	30.3	30.9	30.9	30.1	4	100
11/14/2015 16:30	24.7	24.8	25.3	24.5	24.8	4	100
11/14/2015 16:35	21.3	19.9	19.8	19.2	20.1	4	100
11/14/2015 16:40	21.1	20.2	19.9	18.8	20	4	100
11/14/2015 16:45	21.1	18.9	17.9	17.1	18.8	4	100
11/14/2015 16:50	19.8	17.6	16.6	15.1	17.4	4	100
11/14/2015 16:55	20.7	19	18.1	16.1	18.6	4	100
11/14/2015 17:00	22	19.9	19.1	18.8	20	4	100
11/14/2015 17:05	20	19.1	20.1	20	19.8	4	100
11/14/2015 17:10	20.5	18.8	18.7	18.1	19.1	4	100
11/14/2015 17:15	18.9	17.9	15.9	17.6	17.7	4	100
11/14/2015 17:20	18.8	18.3	16	16.4	17.5	4	100
11/14/2015 17:25	19.4	19.6	16.7	18.4	18.6	4	100
11/14/2015 17:30	19.4	19.6	18.6	19.5	19.3	4	100
11/14/2015 17:35	22.9	21.4	17.9	16.8	20	4	100
11/14/2015 17:40	24	21.7	18.8	16	20.4	4	100
11/14/2015 17:45	20.7	20.9	19.5	18.1	19.8	4	100
11/14/2015 17:50	21.8	21.3	20.9	19.2	20.8	4	100
11/14/2015 17:55	21	20.4	20.3	19.4	20.3	4	100
11/14/2015 18:00	22.6	22.6	24.4	25.3	23.7	4	100
11/14/2015 18:05	31.3	30.3	31.3	31.2	31	4	100
11/14/2015 18:10	43.2	42	43.3	39.7	42.1	4	100
11/14/2015 18:15	51.9	50.6	49.8	45.1	49.5	4	100
11/14/2015 18:20	56	54.9	54.8	50.1	54.2	4	100
11/14/2015 18:25	58.5	57.5	58.1	51.9	56.6	4	100
11/14/2015 18:30	58.8	58	60.4	52.6	57.5	4	100
11/14/2015 18:35	60.4	59.6	59	54.4	58.5	4	100
11/14/2015 18:40	62	59.8	61.3	55.8	59.9	4	100
11/14/2015 18:45	61.6	59.9	59.4	55.3	59.3	4	100
11/14/2015 18:50	60.1	58.4	55.2	50.8	56.3	4	100
11/14/2015 18:55	61.1	59.3	57.3	52.5	57.8	4	100
11/14/2015 19:00	61.9	59.7	57.7	54	58.4	4	100
11/14/2015 19:05	61.3	59	58.2	53.4	58.1	4	100
11/14/2015 19:10	61.1	58.9	58.3	54	58.3	4	100
11/14/2015 19:15	62.4	59.7	59.1	56.8	59.7	4	100
11/14/2015 19:20	63.8	60.5	60.7	58.5	61.1	4	100
11/14/2015 19:25	63.9	59.8	59.4	56.7	60	4	100
11/14/2015 19:30	63.6	61.7	60.1	57.3	60.8	4	100
11/14/2015 19:35	63.8	62.9	59.3	58.3	61.3	4	100
11/14/2015 19:40	65.5	64.1	60.4	58.7	62.3	4	100
11/14/2015 19:45	65.2	63.5	60.8	57.5	62	4	100
11/14/2015 19:50	65.5	64.4	62.6	60.1	63.4	4	100
11/14/2015 19:55	67.2	65.5	63.7	61.2	64.7	4	100
11/14/2015 20:00	67.4	64.7	63.8	59.9	64.1	4	100
11/14/2015 20:05	66.9	65.5	65.7	57.7	64.3	4	100
11/14/2015 20:10	66.7	66.1	67	59.2	64.9	4	100
11/14/2015 20:15	68	66.4	67.6	58.1	65.3	4	100
11/14/2015 20:20	67.5	67.1	67.6	58.1	65.1	4	100
11/14/2015 20:25	68.5	68.8	69	58.7	66.5	4	100
11/14/2015 20:30	67.8	66.8	66.1	58.6	65.3	4	100
11/14/2015 20:35	70.4	67.1	68.9	58.6	66.6	4	100
11/14/2015 20:40	69.4	67.2	63.8	57.8	64.8	4	100
11/14/2015 20:45	69.5	66.3	63.8	59.8	65.3	4	100
11/14/2015 20:50	69.4	66.6	63.2	61.3	65.5	4	100
11/14/2015 20:55	68.9	66.7	64.4	60.6	65.5	4	100
11/14/2015 21:00	70.8	68	66.5	61	66.5	4	100
11/14/2015 21:05	70.6	67	63.3	58.6	65.5	4	100
11/14/2015 21:10	72	68.1	64.3	61.3	66.7	4	100
11/14/2015 21:15	73.2	69.1	64.5	62	67.6	4	100
11/14/2015 21:20	73.9	70.1	66.8	61.2	68.8	4	100
11/14/2015 21:25	73.5	69.5	67.1	59.7	68	4	100
11/14/2015 21:30	75	69.8	66.6	58.9	67.9	4	100
11/14/2015 21:35	74.1	70	64.1	63.2	68.3	4	100
11/14/2015 21:40	73.6	68.7	66	65.4	68.6	4	100
11/14/2015 21:45	74.1	70.9	67.8	64.2	69.6	4	100
11/14/2015 21:50	73	69.1	66.8	59.2	67.5	4	100
11/14/2015 21:55	73.9	69.4	67.7	62.2	68.4	4	100
11/14/2015 22:00	75.2	69.9	66.7	62	69	4	100
11/14/2015 22:05	73.3	69.7	67.8	63.2	68.8	4	100
11/14/2015 22:10	74	69.6	67.9	63.7	69.2	4	100
11/14/2015 22:15	73.2	70.4	68	62.2	68.7	4	100
11/14/2015 22:20	74.5	70.3	66.9	64	69.3	4	100
11/14/2015 22:25	75.8	70.2	66.7	62.5	69.5	4	100
11/14/2015 22:30	74.9	69.5	64	61	67.9	4	100
11/14/2015 22:35	74.3	70.8	64.9	62.6	68.7	4	100
11/14/2015 22:40	73.2	71.6	67.1	63.1	69.3	4	100
11/14/2015 22:45	73.3	71.2	68.2	63.8	69.3	4	100
11/14/2015 22:50	73.4	71.6	64.8	65.2	69.1	4	100
11/14/2015 22:55	74.2	72.1	67.5	64.2	69.7	4	100
11/14/2015 23:00	73.8	71.9	69.1	64.4	70.2	4	100
11/14/2015 23:05	73	71.3	68.4	64.3	69.5	4	100
11/14/2015 23:10	72.4	71.6	66.7	62.5	68.6	4	100
11/14/2015 23:15	73.6	70.1	64.7	61.7	67.8	4	100
11/14/2015 23:20	73.4	69.5	61.1	62.3	67	4	100
11/14/2015 23:25	73.8	71.4	64.9	63.2	68.5	4	100
11/14/2015 23:30	74.9	71.7	68.3	65.3	70.4	4	100
11/14/2015 23:35	75.3	70.9	68.4	65.5	70.4	4	100
11/14/2015 23:40	74.6	69.8	66.9	64.2	69	4	100
11/14/2015 23:45	75.3	69.7	67.9	64.9	69.7	4	100
11/14/2015 23:50	76.1	69.1	61.9	61.8	67.6	4	100
11/14/2015 23:55	77.4	70.1	65.7	63.6	69.4	4	100
11/15/2015 00:00	73.3	73.2	62	62.8	68.1	4	100
11/15/2015 00:05	74.7	71.5	65	60.4	67.8	4	100
11/15/2015 00:10	74.9	71.1	64.6	62.7	68.3	4	100
11/15/2015 00:15	75.3	69.7	68.3	61.5	68.9	4	100
11/15/2015 00:20	74.1	68.7	70	63.9	69.6	4	100
11/15/2015 00:25	76	70.6	68.7	62.1	69.6	4	100
11/15/2015 00:30	75.1	71.3	65.1	62.9	69	4	100
11/15/2015 00:35	75.4	71.1	65.6	61.5	69	4	100
11/15/2015 00:40	74.5	71.5	65.2	62.6	68.7	4	100
11/15/2015 00:45	74.5	71	66	62.9	68.5	4	100
11/15/2015 00:50	74.3	71.8	65.7	64.5	69	4	100
11/15/2015 00:55	74.8	71.9	65.7	64.3	69.2	4	100
11/15/2015 01:00	73.8	70.5	67.4	63.9	69.2	4	100
11/15/2015 01:05	74	69.8	66.8	61.8	67.9	4	100
11/15/2015 01:10	73.9	70.9	65.9	63.1	68.9	4	100
11/15/2015 01:15	73.2	70.4	68.7	62.4	68.7	4	100
11/15/2015 01:20	72.6	70.4	67.4	63.3	68.6	4	100
11/15/2015 01:25	73.2	69.5	67.7	62.1	68	4	100
11/15/2015 01:30	74.4	70	69.1	62.7	69.2	4	100
11/15/2015 01:35	74.6	71.4	69	63.4	69.7	4	100
11/15/2015 01:40	74.6	71.4	68.5	64	69.2	4	100
11/15/2015 01:45	73.3	69.4	66.8	62.1	67.7	4	100
11/15/2015 01:50	74	69.4	66.9	62.9	68.5	4	100
11/15/2015 01:55	74.2	70.4	67.4	62.4	68.2	4	100
11/15/2015 02:00	74.8	70.8	68.4	62.9	69.5	4	100
11/15/2015 02:05	74.9	71.1	67.4	63.2	68.8	4	100
11/15/2015 02:10	75	71	67.3	63.2	68.8	4	100
11/15/2015 02:15	75	72	67.7	63.4	69.8	4	100
11/15/2015 02:20	74.7	71.9	67.1	62.9	69.4	4	100
11/15/2015 02:25	74.8	71.5	65.9	63	68.3	4	100
11/15/2015 02:30	74.5	71.2	67.7	63	69.4	4	100
11/15/2015 02:35	74.6	71.2	68.2	61.2	68.4	4	100
11/15/2015 02:40	74.6	70.9	66.1	61.7	67.3	4	100
11/15/2015 02:45	74.6	70.7	67.7	61.4	69	4	100
11/15/2015 02:50	74.5	70.7	67.4	61.3	68.7	4	100
11/15/2015 02:55	74.5	70.2	67.2	61.7	68.4	4	100
11/15/2015 03:00	74.7	70.4	62.8	59.9	66.4	4	100
11/15/2015 03:05	74.6	70.7	64.9	62	67.7	4	100
11/15/2015 03:10	74.6	70.9	66.3	61.7	68.2	4	100
11/15/2015 03:15	74.7	70.9	66.4	61	68.3	4	100
11/15/2015 03:20	74.7	71.2	67.2	60.3	67.7	4	100
11/15/2015 03:25	74.7	70.9	68.2	61.4	69	4	100
11/15/2015 03:30	74.8	70.8	67.3	62.5	68.5	4	100
11/15/2015 03:35	75	71	67.1	62.2	69.6	4	100
11/15/2015 03:40	74.7	70.9	65.1	62.8	67.6	4	100
11/15/2015 03:45	74.6	71	66.2	62.8	68.1	4	100
11/15/2015 03:50	74.7	70.9	66.9	62.5	68.6	4	100
11/15/2015 03:55	74.6	70.8	66	63	68.5	4	100
11/15/2015 04:00	74.6	71.3	67.6	63.1	69.1	4	100
11/15/2015 04:05	74.8	71.1	67.2	62.8	68.5	4	100
11/15/2015 04:10	74.8	70.8	67.6	62.9	68.3	4	100
11/15/2015 04:15	74.8	70.9	65.4	63	67.5	4	100
11/15/2015 04:20	74.8	71.1	67.1	63.3	68.2	4	100
11/15/2015 04:25	74.8	70.9	66.3	63.5	68	4	100
11/15/2015 04:30	74.7	70.7	67.1	63.4	69.4	4	100
11/15/2015 04:35	74.6	70.8	66.1	63	68.7	4	100
11/15/2015 04:40	74.8	70.7	66.7	64.4	68.2	4	100
11/15/2015 04:45	74.9	70.9	67.7	62.2	68.2	4	100
11/15/2015 04:50	74.9	70.4	65.1	61.1	67	4	100
11/15/2015 04:55	74.7	70.6	66.6	61.6	68.3	4	100
11/15/2015 05:00	74.8	70.9	68.1	62	68.5	4	100
11/15/2015 05:05	74.7	70.8	68.7	62.9	68.7	4	100
11/15/2015 05:10	74.8	71	67.8	62.8	67.9	4	100
11/15/2015 05:15	74.7	70.5	68.3	61.1	68.9	4	100
11/15/2015 05:20	74.8	71	68.5	61.3	68.9	4	100
11/15/2015 05:25	74.8	70.8	67.5	61.4	68.5	4	100
11/15/2015 05:30	74.6	70.8	67.6	62	68.3	4	100
11/15/2015 05:35	74.6	70.7	64.9	63.2	67.5	4	100
11/15/2015 05:40	74.8	70.9	68.1	61.6	68.4	4	100
11/15/2015 05:45	74.7	70.6	69.1	61.5	68.6	4	100
11/15/2015 05:50	74.6	70.7	68.4	60.7	68.6	4	100
11/15/2015 05:55	74.4	70.1	69.5	62.3	69	4	100
11/15/2015 06:00	74.5	70.6	64.9	63	68.1	4	100
11/15/2015 06:05	74.5	70.4	65.9	63.1	68.6	4	100
11/15/2015 06:10	74.4	70.9	66.2	60.9	68.4	4	100
11/15/2015 06:15	74.6	70.1	66.4	62	68.5	4	100
11/15/2015 06:20	74.6	69.6	66.5	62.3	68.8	4	100
11/15/2015 06:25	74.8	70.6	68	61.8	68.6	4	100
11/15/2015 06:30	74.2	70	68.9	60.8	68.9	4	100
11/15/2015 06:35	74.1	70.8	64	62.9	67.6	4	100
11/15/2015 06:40	74.3	70.1	66.9	64.7	68.7	4	100
11/15/2015 06:45	74.5	69.8	68.9	64.2	69.5	4	100
11/15/2015 06:50	74.9	70.9	70.5	64.6	70.3	4	100
11/15/2015 06:55	74.9	71.3	70.3	63.9	70.4	4	100
11/15/2015 07:00	74.8	71.5	68.1	65.8	69.9	4	100
11/15/2015 07:05	74.5	70.5	66.6	64.9	69.1	4	100
11/15/2015 07:10	74.9	71.2	67.2	62.7	68.9	4	100
11/15/2015 07:15	75.2	71.6	67.7	63.6	69.7	4	100
11/15/2015 07:20	73.8	71	68.9	66	69.9	4	100
11/15/2015 07:25	74.3	70.8	65.9	66.5	69.3	4	100
11/15/2015 07:30	75	71.6	66.8	65.9	69.7	4	100
11/15/2015 07:35	73.7	71.2	66.6	65.5	69.2	4	100
11/15/2015 07:40	73.8	71.2	64.1	64.1	68.4	4	100
11/15/2015 07:45	73.9	70.8	65.3	65.2	68.9	4	100
11/15/2015 07:50	73.1	70.9	63.9	63.4	67.7	4	100
11/15/2015 07:55	71.6	70.5	63.7	60.3	66.6	4	100
11/15/2015 08:00	73.7	69.4	62.7	59.3	66	4	100
11/15/2015 08:05	75.1	68.9	65.6	58.7	67.1	4	100
11/15/2015 08:10	74.4	68.1	65.1	58.2	66.7	4	100
11/15/2015 08:15	73.8	68.4	64.4	58.5	66.9	4	100
11/15/2015 08:20	74.9	68.9	62.5	60.3	66.5	4	100
11/15/2015 08:25	74.3	69.9	64	56.1	65.6	4	100
11/15/2015 08:30	74.7	69.5	63.9	54.1	66.3	4	100
11/15/2015 08:35	73.6	69.3	66	57.4	66.8	4	100
11/15/2015 08:40	74.6	69.6	66.6	60.2	67.8	4	100
11/15/2015 08:45	73.7	70.9	67.8	60.5	67.8	4	100
11/15/2015 08:50	73.8	70.1	67.2	62.2	68.6	4	100
11/15/2015 08:55	74.2	68	69.1	63.5	68.8	4	100
11/15/2015 09:00	72.5	67.6	68.8	63.2	68	4	100
11/15/2015 09:05	72.5	67.7	67.7	61.6	67.6	4	100
11/15/2015 09:10	72.8	67.4	66.3	60.2	66.9	4	100
11/15/2015 09:15	73.4	68	67.2	57.8	66.7	4	100
11/15/2015 09:20	72.3	68.3	65.3	60.2	66.7	4	100
11/15/2015 09:25	71.5	68.6	64.9	59.3	66.1	4	100
11/15/2015 09:30	71.4	69.5	63.1	59.7	66	4	100
11/15/2015 09:35	71.7	68.7	61.5	60.8	66	4	100
11/15/2015 09:40	71.3	68.1	64.3	61.3	66.7	4	100
11/15/2015 09:45	71.5	67.3	66.3	60.9	66.5	4	100
11/15/2015 09:50	71.5	67.5	67.7	60.5	66.7	4	100
11/15/2015 09:55	71.5	67.2	68.6	61.9	67.3	4	100
11/15/2015 10:00	70.4	67.3	66	59.8	65.8	4	100
11/15/2015 10:05	69.9	67	66.2	59.4	66.1	4	100
11/15/2015 10:10	69.3	65.4	65.1	57.8	64.2	4	100
11/15/2015 10:15	69.8	65	66	57.9	64.8	4	100
11/15/2015 10:20	69.4	65.1	65.3	57.5	64.7	4	100
11/15/2015 10:25	69.6	65.6	64.3	58	64.6	4	100
11/15/2015 10:30	70.2	64.2	63.7	56.4	63.9	4	100
11/15/2015 10:35	69.1	63.5	63.2	58.4	63.7	4	100
11/15/2015 10:40	69.6	64.2	64.5	59	64.5	4	100
11/15/2015 10:45	69.2	65.4	63.5	60	64.8	4	100
11/15/2015 10:50	68.5	64.7	64.1	59.7	64.6	4	100
11/15/2015 10:55	67.3	64	58.7	55.9	61.9	4	0
11/15/2015 11:00	67	63.8	58.5	55.7	61.6	4	0
11/15/2015 11:05	65.3	62.2	57	54.6	60.1	4	0
11/15/2015 11:10	66.1	62.9	57.6	54.9	60.8	4	0
11/15/2015 11:15	66.5	63.4	58.1	55.5	61.3	4	0
11/15/2015 11:20	67.4	64.2	58.8	56.2	62	4	0
11/15/2015 11:25	66.4	63.2	57.5	54.9	60.9	4	0
11/15/2015 11:30	66.2	63	57.7	55.1	60.8	4	0
11/15/2015 11:35	69.2	65.8	60.5	57.5	63.2	4	0
11/15/2015 11:40	68.3	65	59.7	56.8	62.8	4	0
11/15/2015 11:45	66.5	63.3	58	55.3	61.2	4	0
11/15/2015 11:50	66.7	63.4	58	55.3	61.3	4	0
11/15/2015 11:55	66.6	63.3	58.1	55.3	61.2	4	0
11/15/2015 12:00	66.2	63.1	57.8	55.3	60.9	4	0
11/15/2015 12:05	64.9	61.8	56.5	53.9	59.7	4	0
11/15/2015 12:10	63.4	60.5	55.3	53.1	58.5	4	0
11/15/2015 12:15	63.4	60.5	55.3	53.1	58.4	4	0
11/15/2015 12:20	65.3	62.1	56.8	54.2	60	4	0
11/15/2015 12:25	65.2	62.1	56.8	54.2	60	4	0
11/15/2015 12:30	65.2	62.1	56.8	54.3	60	4	0
11/15/2015 12:35	64.6	61.5	56.2	53.7	59.4	4	0
11/15/2015 12:40	65.9	62.7	57.4	54.7	60.5	4	0
11/15/2015 12:45	64.8	61.6	56.4	53.8	59.5	4	0
11/15/2015 12:50	66.3	63	57.5	54.9	60.8	4	0
11/15/2015 12:55	65.3	62.1	56.9	54.3	60.1	4	0
11/15/2015 13:00	65.5	62.4	57.1	54.5	60.3	4	0
11/15/2015 13:05	66.7	63.4	58	55.3	61.2	4	0
11/15/2015 13:10	66.2	63	57.3	54.7	60.7	4	0
11/15/2015 13:15	67.1	63.9	58.3	55.5	61.6	4	0
11/15/2015 13:20	65.6	62.5	57.3	54.8	60.4	4	0
11/15/2015 13:25	67.1	63.9	58.6	55.8	61.7	4	0
11/15/2015 13:30	67	63.8	58.5	55.7	61.7	4	0
11/15/2015 13:35	66.3	63	57.8	55.1	61	4	0
11/15/2015 13:40	65.2	62.1	56.8	54.2	60	4	0
11/15/2015 13:45	65.4	62.2	56.5	54	60	4	0
11/15/2015 13:50	65.4	62.2	56.6	54.2	60	4	0
11/15/2015 13:55	65.8	62.7	57.4	54.9	60.6	4	0
11/15/2015 14:00	66	62.8	57.6	54.9	60.7	4	0
11/15/2015 14:05	66.5	63.3	58	55.3	61.2	4	0
11/15/2015 14:10	65.5	62.4	57.1	54.7	60.3	4	0
11/15/2015 14:15	65.4	62.3	57.1	54.6	60.3	4	0
11/15/2015 14:20	65.9	62.8	57.5	55	60.7	4	0
11/15/2015 14:25	65.9	62.8	57.5	55	60.7	4	0
11/15/2015 14:30	65.6	62.5	57.3	54.8	60.4	4	0
11/15/2015 14:35	65.6	62.5	57.3	54.8	60.4	4	0
11/15/2015 14:40	66.4	63.2	57.9	55.4	61.2	4	0
11/15/2015 14:45	65.8	62.7	57.4	54.9	60.6	4	0
11/15/2015 14:50	64.8	61.7	56.4	54.1	59.6	4	0
11/15/2015 14:55	65.2	62.1	56.8	54.2	60	4	0
11/15/2015 15:00	65.5	62.4	57.1	54.5	60.3	4	0
11/15/2015 15:05	64.9	61.8	56.5	54	59.7	4	0
11/15/2015 15:10	64.4	61.4	56.2	53.8	59.3	4	0
11/15/2015 15:15	64.5	61.4	56.2	53.6	59.3	4	0
11/15/2015 15:20	65.1	61.9	56.7	54.1	59.8	4	0
11/15/2015 15:25	65.5	62.3	57	54.4	60.2	4	0
11/15/2015 15:30	65.1	62	56.8	54.1	59.9	4	0
11/15/2015 15:35	65.8	62.6	57.3	54.7	60.5	4	0
11/15/2015 15:40	64.8	61.7	56.5	53.9	59.6	4	0
11/15/2015 15:45	65.1	61.9	56.7	54.1	59.8	4	0
11/15/2015 15:50	65.9	62.7	57.4	54.7	60.6	4	0
11/15/2015 15:55	65.7	62.5	57.3	54.6	60.4	4	0
11/15/2015 16:00	65.6	62.4	57.2	54.5	60.3	4	0
11/15/2015 16:05	64.7	61.5	56.3	53.7	59.5	4	0
11/15/2015 16:10	63.9	60.8	55.6	53.1	58.7	4	0
11/15/2015 16:15	64.4	61.3	56.1	53.5	59.2	4	0
11/15/2015 16:20	63.6	60.5	55.4	52.9	58.5	4	0
11/15/2015 16:25	63.9	60.9	55.7	53.4	58.8	4	0
11/15/2015 16:30	64.8	61.6	56.4	53.8	59.6	4	0
11/15/2015 16:35	65.4	62.2	57	54.3	60.1	4	0
11/15/2015 16:40	65.5	62.3	57	54.4	60.2	4	0
11/15/2015 16:45	67.3	64	58.7	55.9	61.9	4	0
11/15/2015 16:50	66.7	63.4	58.1	55.4	61.3	4	0
11/15/2015 16:55	64.7	61.5	56.3	53.8	59.5	4	0
11/15/2015 17:00	64.1	61.1	55.9	53.6	59	4	0
11/15/2015 17:05	64.2	61.2	56	53.7	59.1	4	0
11/15/2015 17:10	64.4	61.2	56	53.5	59.2	4	0
11/15/2015 17:15	64.8	61.7	56.5	53.9	59.6	4	0
11/15/2015 17:20	63.9	60.9	55.7	53.4	58.8	4	0
11/15/2015 17:25	63.2	60.2	55.1	52.8	58.2	4	0
11/15/2015 17:30	62.7	59.8	54.7	52.5	57.8	4	0
11/15/2015 17:35	62.9	59.9	54.7	52.3	57.8	4	0
11/15/2015 17:40	64.1	61	55.8	53.3	58.9	4	0
11/15/2015 17:45	64.1	61	55.8	53.3	58.9	4	0
11/15/2015 17:50	63	59.9	54.8	52.3	57.9	4	0
11/15/2015 17:55	64.7	61.5	56.3	53.7	59.4	4	0
11/15/2015 18:00	64.1	61	55.8	53.3	58.9	4	0
11/15/2015 18:05	62.8	59.7	54.6	52.1	57.7	4	0
11/15/2015 18:10	63.6	60.5	55.3	52.8	58.4	4	0
11/15/2015 18:15	64.6	61.5	56.2	53.7	59.4	4	0
11/15/2015 18:20	63.2	60.2	55.1	52.9	58.2	4	0
11/15/2015 18:25	64.2	61.1	55.9	53.3	59	4	0
11/15/2015 18:30	63.9	60.8	55.6	53.1	58.7	4	0
11/15/2015 18:35	63.3	60.2	55.1	52.8	58.2	4	0
11/15/2015 18:40	64	60.8	55.7	53.1	58.8	4	0
11/15/2015 18:45	63.3	60.4	55.2	53	58.3	4	0
11/15/2015 18:50	63.3	60.4	55.2	53	58.3	4	0
11/15/2015 18:55	64.4	61.4	55.8	53.3	58.9	4	0
11/15/2015 19:00	62.8	59.8	54.7	52.5	57.8	4	0
11/15/2015 19:05	62.9	59.9	54.7	52.3	57.8	4	0
11/15/2015 19:10	64.3	61.3	56.1	53.8	59.2	4	0
11/15/2015 19:15	64.5	61.4	56.2	53.6	59.3	4	0
11/15/2015 19:20	66	62.8	57.6	54.9	60.7	4	0
11/15/2015 19:25	66	62.8	57.1	54.5	60.5	4	0
11/15/2015 19:30	66.1	62.9	57.2	54.6	60.5	4	0
11/15/2015 19:35	65.2	62.1	56.8	54.4	59.9	4	0
11/15/2015 19:40	65.4	62.2	57	54.3	60.1	4	0
11/15/2015 19:45	65.5	62.4	57.1	54.7	60.2	4	0
11/15/2015 19:50	65.6	62.5	57.3	54.8	60.4	4	0
11/15/2015 19:55	66.6	63.3	58.1	55.3	61.2	4	0
11/15/2015 20:00	66.1	62.9	57.6	54.9	60.7	4	0
11/15/2015 20:05	66	62.8	57.6	54.9	60.6	4	0
11/15/2015 20:10	66.3	63	57.8	55.1	60.9	4	0
11/15/2015 20:15	66.5	63.3	58	55.3	61.1	4	0
11/15/2015 20:20	65.9	62.7	57.5	54.8	60.6	4	0
11/15/2015 20:25	68.5	65.2	59.8	56.9	63	4	0
11/15/2015 20:30	67.1	63.9	58.6	55.8	61.7	4	0
11/15/2015 20:35	66.8	63.6	58.3	55.5	61.4	4	0
11/15/2015 20:40	65.3	62.2	57	54.6	60.1	4	0
11/15/2015 20:45	65.2	62.2	56.9	54.5	60	4	0
11/15/2015 20:50	66.7	63.5	58.2	55.4	61.3	4	0
11/15/2015 20:55	68.1	64.8	59.5	56.6	62.5	4	0
11/15/2015 21:00	67.8	64.5	59.2	56.3	62.3	4	0
11/15/2015 21:05	68.5	65.2	59.8	57	63	4	0
11/15/2015 21:10	69	65.7	60.3	57.4	63.4	4	0
11/15/2015 21:15	68.7	65.4	60	57.2	63.1	4	0
11/15/2015 21:20	70.4	67.1	61.8	58.6	64.8	4	0
11/15/2015 21:25	71.2	67.9	62.6	59.4	65.6	4	0
11/15/2015 21:30	69.7	66.5	61.1	58	64.2	4	0
11/15/2015 21:35	70.4	67	61.7	58.6	64.7	4	0
11/15/2015 21:40	70.1	66.7	61.3	58.2	64.4	4	0
11/15/2015 21:45	70.5	67.1	61.7	58.6	64.9	4	0
11/15/2015 21:50	70.4	67.1	61.8	58.6	64.8	4	0
11/15/2015 21:55	68.5	65.3	59.8	56.9	63	4	0
11/15/2015 22:00	70.4	66.9	61.5	58.5	64.6	4	0
11/15/2015 22:05	70.6	67.1	61.7	58.7	64.8	4	0
11/15/2015 22:10	70.4	67	61.5	58.6	64.7	4	0
11/15/2015 22:15	70	66.6	61.1	58.2	64.3	4	0
11/15/2015 22:20	69.8	66.4	61	58.1	64.1	4	0
11/15/2015 22:25	67.5	64.3	58.8	56	61.9	4	0
11/15/2015 22:30	69.7	66.3	60.9	58	63.9	4	0
11/15/2015 22:35	70.3	67	61.7	58.6	64.8	4	0
11/15/2015 22:40	70.7	67.2	61.7	58.8	64.8	4	0
11/15/2015 22:45	70.1	66.7	61.3	58.4	64.4	4	0
11/15/2015 22:50	68	64.8	59.3	56.4	62.3	4	0
11/15/2015 22:55	68.6	65.3	60	57	63	4	0
11/15/2015 23:00	67.8	64.5	59.2	56.3	62.1	4	0
11/15/2015 23:05	69	65.8	60.4	57.4	63.4	4	0
11/15/2015 23:10	68.7	65.5	60.1	57.1	63.1	4	0
11/15/2015 23:15	69.4	66.1	60.7	57.8	63.8	4	0
11/15/2015 23:20	70.4	67	61.7	58.6	64.6	4	0
11/15/2015 23:25	69.6	66.2	60.8	57.9	63.8	4	0
11/15/2015 23:30	69.7	66.3	60.9	58	63.9	4	0
11/15/2015 23:35	67.7	64.4	58.9	56.1	61.9	4	0
11/15/2015 23:40	66.8	63.6	58.3	55.5	61.2	4	0
11/15/2015 23:45	68.4	65.1	59.8	56.8	62.7	4	0
11/15/2015 23:50	68.5	65.3	59.8	56.9	62.8	4	0
11/15/2015 23:55	70.1	66.7	61.3	58.4	64.2	4	0
