5 Minutes	Lane 1 Speed (mph)	Lane 2 Speed (mph)	Lane 3 Speed (mph)	Lane 4 Speed (mph)	Speed (mph)	# Lane Points	% Observed
11/02/2015 00:00	74.8	71	67.4	62.8	69.4	4	100
11/02/2015 00:05	73.8	71.7	67.5	61.6	69	4	100
11/02/2015 00:10	74.3	71.3	67.3	62.3	68.9	4	100
11/02/2015 00:15	74.5	70.8	67.4	63.1	69.2	4	100
11/02/2015 00:20	74.8	69.1	67.6	62.5	69.2	4	100
11/02/2015 00:25	74.1	66.5	67.7	62.8	68	4	100
11/02/2015 00:30	74.5	69.4	67.4	63.1	68.6	4	100
11/02/2015 00:35	74.7	70.2	67.4	62.1	68.7	4	100
11/02/2015 00:40	74.2	69.4	66.3	62.5	68.8	4	100
11/02/2015 00:45	74.4	69.4	64.8	62.2	67.6	4	100
11/02/2015 00:50	74.1	69.5	65.3	61.9	68	4	100
11/02/2015 00:55	74.4	70.6	66.7	61	67.6	4	100
11/02/2015 01:00	74.7	70.8	66.2	61.6	67.2	4	100
11/02/2015 01:05	74.7	71.3	66	62.4	68	4	100
11/02/2015 01:10	74.8	71.1	67.5	62.7	69.2	4	100
11/02/2015 01:15	74.8	70	68.1	62.8	68.7	4	100
11/02/2015 01:20	74.9	70.6	67.7	62.9	68.9	4	100
11/02/2015 01:25	74.9	71	63	62.7	66.9	4	100
11/02/2015 01:30	75.1	71	65.4	62.8	68.4	4	100
11/02/2015 01:35	74.9	71	66.5	62.5	69.2	4	100
11/02/2015 01:40	75	70.7	67.1	62.5	69.1	4	100
11/02/2015 01:45	74.9	69.9	66.3	62.2	67.3	4	100
11/02/2015 01:50	74.9	70.4	66.8	62.5	68.4	4	100
11/02/2015 01:55	75	70.7	66.6	62.8	69.2	4	100
11/02/2015 02:00	74.7	70.4	66.6	62.6	70.2	4	100
11/02/2015 02:05	74.6	70.5	66	62.7	68.4	4	100
11/02/2015 02:10	74.8	70.7	61.8	63.1	66.5	4	100
11/02/2015 02:15	74.8	70.7	64.1	62.9	66.3	4	100
11/02/2015 02:20	74.8	70.2	65.7	62.7	68.1	4	100
11/02/2015 02:25	74.8	70.8	65.6	62.8	68.1	4	100
11/02/2015 02:30	74.6	71	66.3	63	68.7	4	100
11/02/2015 02:35	74.7	71	67	61.7	67.7	4	100
11/02/2015 02:40	74.5	71.3	66.2	62.5	68.6	4	100
11/02/2015 02:45	74.6	71.5	62	62.8	67.2	4	100
11/02/2015 02:50	74.8	71.6	64.7	63.1	67.8	4	100
11/02/2015 02:55	74.8	71.7	65.3	61.7	68.4	4	100
11/02/2015 03:00	74.8	70.3	66.1	62	68.4	4	100
11/02/2015 03:05	74.2	68	55.4	60.1	66.4	4	100
11/02/2015 03:10	74.5	69.5	62.3	60.6	66.3	4	100
11/02/2015 03:15	74.5	70.5	63.2	60.5	67.1	4	100
11/02/2015 03:20	74.6	69.3	65.1	61.1	67.9	4	100
11/02/2015 03:25	74.4	70	67.5	60.1	68.2	4	100
11/02/2015 03:30	74.8	70.8	67.2	59.8	69.2	4	100
11/02/2015 03:35	75.1	71.9	63.7	57.5	68.6	4	100
11/02/2015 03:40	74.9	72.6	65.6	60.6	68.6	4	100
11/02/2015 03:45	75.2	71.6	66	60.8	68.7	4	100
11/02/2015 03:50	75	68.9	62.8	55.6	65.2	4	100
11/02/2015 03:55	74.3	69.1	59.7	58.5	66.8	4	100
11/02/2015 04:00	74.2	69	65.3	59.9	67.4	4	100
11/02/2015 04:05	73	70.2	61.4	60.8	68.3	4	100
11/02/2015 04:10	73.5	71	69.9	63.5	70.2	4	100
11/02/2015 04:15	72.8	71.5	68.8	61.5	69.5	4	100
11/02/2015 04:20	73.1	72	68.7	64	70.1	4	100
11/02/2015 04:25	72.7	69.7	70	66.8	70.3	4	100
11/02/2015 04:30	73.5	70.3	68.2	67.3	70.5	4	100
11/02/2015 04:35	73.9	69.6	77.4	71	72.8	4	100
11/02/2015 04:40	72.5	69.4	75	67.6	71	4	100
11/02/2015 04:45	74.1	69.4	77.4	70.5	72.6	4	100
11/02/2015 04:50	73.6	71.2	77.4	71.4	73.3	4	100
11/02/2015 04:55	73.1	71.6	77.4	68.6	72.5	4	100
11/02/2015 05:00	84.8	81	77.4	72.8	80.3	4	100
11/02/2015 05:05	84.8	81	77.4	72.8	80.1	4	100
11/02/2015 05:10	84.8	81	77.4	72.8	80.2	4	100
11/02/2015 05:15	84.8	81	77.4	72.8	80	4	100
11/02/2015 05:20	84.8	81	77.4	72.8	80.2	4	100
11/02/2015 05:25	84.8	81	77.4	72.8	79.7	4	100
11/02/2015 05:30	70.5	69.6	65.6	63.4	67.3	4	100
11/02/2015 05:35	58.2	54	58.7	58.8	57.5	4	100
11/02/2015 05:40	46.1	47.1	51.6	53.9	49.8	4	100
11/02/2015 05:45	38.8	37.9	48.3	48.7	43.8	4	100
11/02/2015 05:50	30.2	31.1	46.9	46.1	39.5	4	100
11/02/2015 05:55	30.2	26.6	36.1	46.8	35.6	4	100
11/02/2015 06:00	23.2	19.4	26.4	37.9	26.9	4	100
11/02/2015 06:05	17.8	15.2	17.7	30	20.9	4	100
11/02/2015 06:10	15.2	12.6	13.9	25.1	17.6	4	100
11/02/2015 06:15	12.2	9.3	9.7	24.2	15.5	4	100
11/02/2015 06:20	10.4	7.4	7.5	24.5	13.9	4	100
11/02/2015 06:25	9.7	7.7	8.3	24.9	13.8	4	100
11/02/2015 06:30	8.8	6.4	6.2	25.7	14	4	100
11/02/2015 06:35	7.9	6.6	5.6	23.2	12.7	4	100
11/02/2015 06:40	8.9	6.8	4.6	24	13	4	100
11/02/2015 06:45	8.3	6.1	4.3	22	11.8	4	100
11/02/2015 06:50	7.4	4.7	3.3	21.7	12.9	4	100
11/02/2015 06:55	6.8	4.4	3.6	18.8	10.1	4	100
11/02/2015 07:00	6	4.6	3.9	24.2	12.8	4	100
11/02/2015 07:05	5.4	4.3	3	20.1	11	4	100
11/02/2015 07:10	6.2	3.8	3.2	18.6	10.2	4	100
11/02/2015 07:15	6	3.6	3.1	21.1	11.4	4	100
11/02/2015 07:20	5.7	3.7	3	23.2	12.8	4	100
11/02/2015 07:25	5.1	3.3	3	20	11.6	4	100
11/02/2015 07:30	5.5	3.7	3.5	17.4	9.2	4	100
11/02/2015 07:35	5.5	3.7	3.1	21.4	11.7	4	100
11/02/2015 07:40	5.1	3	3	18.9	11.3	4	100
11/02/2015 07:45	4.7	3.2	3	19.4	11.1	4	100
11/02/2015 07:50	5.8	3.8	3.2	24.4	12.4	4	100
11/02/2015 07:55	5.1	4.4	4	23	12.1	4	100
11/02/2015 08:00	4.6	3.3	3.1	21.5	12.8	4	100
11/02/2015 08:05	4.2	3.7	3	24	13.5	4	100
11/02/2015 08:10	4.3	3.6	3	18.9	10.2	4	100
11/02/2015 08:15	5.2	3.7	3.3	18.1	10.3	4	100
11/02/2015 08:20	4.7	3.8	3	18.9	11.4	4	100
11/02/2015 08:25	4.4	3	3	19	11.4	4	100
11/02/2015 08:30	4.5	3.1	3.5	20.4	10.9	4	100
11/02/2015 08:35	4.9	3	3	20.5	11.3	4	100
11/02/2015 08:40	4.2	3	3	14.7	8.8	4	100
11/02/2015 08:45	4.1	3	3	18.2	11.1	4	100
11/02/2015 08:50	4.4	3	3.4	24.3	13.2	4	100
11/02/2015 08:55	4.2	3	3.1	24.3	13.9	4	100
11/02/2015 09:00	4	3	3	17.1	9.6	4	100
11/02/2015 09:05	5.4	3.6	4.2	20.1	10.6	4	100
11/02/2015 09:10	5.7	3.3	3.4	25.5	12.9	4	100
11/02/2015 09:15	5.7	3.6	3	23.4	11.6	4	100
11/02/2015 09:20	4.9	3.2	3	15.6	8.7	4	100
11/02/2015 09:25	4.7	3.6	3	14.8	8.8	4	100
11/02/2015 09:30	5	3.5	3.3	15.2	8.6	4	100
11/02/2015 09:35	4.4	3	3	16	9	4	100
11/02/2015 09:40	4.6	3.7	3	15.4	7.8	4	100
11/02/2015 09:45	6	5	3.4	17.1	9.6	4	100
11/02/2015 09:50	6.6	4.4	3.2	20.1	11.3	4	100
11/02/2015 09:55	5.8	4.1	3.6	16.6	9.3	4	100
11/02/2015 10:00	5.5	4.1	3.2	15.8	9	4	100
11/02/2015 10:05	5.6	4.7	4	18.6	10.5	4	100
11/02/2015 10:10	7.6	6.8	5.8	20.1	11.3	4	100
11/02/2015 10:15	8	7.5	8.6	19.5	11.9	4	100
11/02/2015 10:20	8.1	8.5	9.7	21.5	12.8	4	100
11/02/2015 10:25	8.6	8	11	19.4	12.7	4	100
11/02/2015 10:30	10.2	10.4	15.8	20.1	14.7	4	100
11/02/2015 10:35	21.5	22.7	22.2	27.1	23.6	4	100
11/02/2015 10:40	45	45.2	38	40.9	42.1	4	100
11/02/2015 10:45	56.7	54.4	42	46.8	50.2	4	100
11/02/2015 10:50	64.8	56.5	47.9	50.3	54.3	4	100
11/02/2015 10:55	67.9	58.8	51.6	52.3	56.9	4	100
11/02/2015 11:00	70	63.7	51.1	55	59.7	4	100
11/02/2015 11:05	72	64.6	51.4	56.4	61.8	4	100
11/02/2015 11:10	72	66	52.6	55.2	61.3	4	100
11/02/2015 11:15	70.6	64.6	52.8	53.2	60.5	4	100
11/02/2015 11:20	70.8	65.3	55.1	54.2	61.1	4	100
11/02/2015 11:25	70.3	64.5	56.2	53.7	61	4	100
11/02/2015 11:30	68.5	64.6	52	52.3	59.4	4	100
11/02/2015 11:35	68.7	64.6	50	56.4	60.3	4	100
11/02/2015 11:40	70.8	66.8	50.5	55	60.9	4	100
11/02/2015 11:45	72.1	66.8	55.6	53.4	61.6	4	100
11/02/2015 11:50	71.3	65.5	55	53.9	61.3	4	100
11/02/2015 11:55	72.3	66.4	52.2	53.3	61.5	4	100
11/02/2015 12:00	73.7	65.8	53.1	54.8	61.5	4	100
11/02/2015 12:05	72.1	65	53.5	52.2	61	4	100
11/02/2015 12:10	72.6	66.5	53.8	54.5	61.8	4	100
11/02/2015 12:15	71.6	68.5	54.6	56.5	62.1	4	100
11/02/2015 12:20	71.3	66	50.5	56.5	61.1	4	100
11/02/2015 12:25	72.4	64.9	54.1	56.4	62.1	4	100
11/02/2015 12:30	71.5	64.3	51.7	53.7	60.5	4	100
11/02/2015 12:35	71.1	63.5	49.5	54.6	59.6	4	100
11/02/2015 12:40	73.1	63.7	52.5	54.2	60.8	4	100
11/02/2015 12:45	71.6	64	54.5	55.5	61.5	4	100
11/02/2015 12:50	72.9	65.7	53.7	57.3	62.3	4	100
11/02/2015 12:55	72.3	66.7	55.4	55.5	62.6	4	100
11/02/2015 13:00	73	65.5	52.8	55.9	61.3	4	100
11/02/2015 13:05	74.5	65.5	53.2	53.8	61.4	4	100
11/02/2015 13:10	75	64.7	52.3	53	62.1	4	100
11/02/2015 13:15	74.3	66.5	53.8	55.5	62.2	4	100
11/02/2015 13:20	73.2	67.6	52.5	56.5	62	4	100
11/02/2015 13:25	71.2	67.3	50.7	57	61.7	4	100
11/02/2015 13:30	71.9	66.9	53.9	58	62.5	4	100
11/02/2015 13:35	72.5	65.1	56.9	55.9	62.7	4	100
11/02/2015 13:40	74.5	67.1	56.5	54.9	62.6	4	100
11/02/2015 13:45	74.3	67.4	58.8	53.8	62.6	4	100
11/02/2015 13:50	73.3	68.6	59.2	53.8	63.1	4	100
11/02/2015 13:55	74.9	67.8	58.5	56.1	63.4	4	100
11/02/2015 14:00	74.2	66.8	60.8	57.5	64.7	4	100
11/02/2015 14:05	72.7	67.3	57	58.2	63.9	4	100
11/02/2015 14:10	72.1	67.7	59.8	57	64.4	4	100
11/02/2015 14:15	71.4	66.4	60.3	57.3	63.8	4	100
11/02/2015 14:20	73.6	67.8	59	57.2	64.6	4	100
11/02/2015 14:25	74.2	67.7	59.3	56.8	64.6	4	100
11/02/2015 14:30	75.4	67.4	58.9	56.1	63.8	4	100
11/02/2015 14:35	76.2	68.9	60.1	58.3	65.5	4	100
11/02/2015 14:40	77.2	67.1	59.8	56.5	64.8	4	100
11/02/2015 14:45	76.8	69.4	61.7	58	66.3	4	100
11/02/2015 14:50	75.1	69.4	63.8	58.8	66.4	4	100
11/02/2015 14:55	72.8	67.9	62	58.3	65.5	4	100
11/02/2015 15:00	72.5	69.2	62.5	60.7	66.4	4	100
11/02/2015 15:05	74.1	68.4	59	60.9	65.7	4	100
11/02/2015 15:10	73.6	69	65.8	59.9	67.3	4	100
11/02/2015 15:15	73.4	67.1	66.9	57.2	66.2	4	100
11/02/2015 15:20	73.5	69.2	70	59.8	67.9	4	100
11/02/2015 15:25	73.2	67.8	67.9	61	67.8	4	100
11/02/2015 15:30	72.7	67.6	61.4	61.5	65.9	4	100
11/02/2015 15:35	70.5	68	60.8	59.4	65.4	4	100
11/02/2015 15:40	68.6	69.4	60.6	58.5	63.9	4	100
11/02/2015 15:45	69.7	65.7	59.9	60.1	63.9	4	100
11/02/2015 15:50	69.8	66.8	64	61.4	65.6	4	100
11/02/2015 15:55	70.3	65.9	59.1	58.4	64.1	4	100
11/02/2015 16:00	70.5	63.7	60.7	58.3	63.8	4	100
11/02/2015 16:05	71.6	63.6	62.4	59.3	64.6	4	100
11/02/2015 16:10	70.4	62.2	63.3	55.9	63	4	100
11/02/2015 16:15	69.3	61.7	58.9	53.7	61.5	4	100
11/02/2015 16:20	68.7	63.4	59.4	55.4	62.5	4	100
11/02/2015 16:25	68.7	62.7	59.9	55	61.9	4	100
11/02/2015 16:30	68.2	61.6	59.7	54.7	61.5	4	100
11/02/2015 16:35	68.7	62.2	59.3	53.7	61.7	4	100
11/02/2015 16:40	66.8	61.1	61	55.7	61.3	4	100
11/02/2015 16:45	65.6	62.7	58.6	56.3	61.2	4	100
11/02/2015 16:50	66.6	61.6	58.2	55.2	60.8	4	100
11/02/2015 16:55	67.3	61.3	58.4	55.3	61	4	100
11/02/2015 17:00	68.5	61.5	59.7	56.9	62.1	4	100
11/02/2015 17:05	68.1	60.4	59.7	56.5	61.6	4	100
11/02/2015 17:10	65.6	60.7	59.3	56	60.9	4	100
11/02/2015 17:15	64.4	60.7	58.3	52.5	59.2	4	100
11/02/2015 17:20	64.3	57.9	56.4	46.7	56.9	4	100
11/02/2015 17:25	63	54.7	52.2	40.4	53.6	4	100
11/02/2015 17:30	59.1	51.7	45.7	25.9	47.9	4	100
11/02/2015 17:35	57.6	49	41.4	16.9	45.3	4	100
11/02/2015 17:40	59.2	49.1	42.3	14.6	43.7	4	100
11/02/2015 17:45	66	54.5	53.2	39.4	54.3	4	100
11/02/2015 17:50	69	58.6	55.9	48.4	59.5	4	100
11/02/2015 17:55	70.4	61.3	60.6	55	62.9	4	100
11/02/2015 18:00	69.1	61.7	64.4	57.9	63.9	4	100
11/02/2015 18:05	69.4	61.7	66.4	59.8	64.4	4	100
11/02/2015 18:10	72.1	63.3	63.1	58.9	64.7	4	100
11/02/2015 18:15	71	64.2	62.3	59.3	64.9	4	100
11/02/2015 18:20	70.2	65.2	63.4	60.6	65.4	4	100
11/02/2015 18:25	70.2	66.3	63.6	60.1	65.6	4	100
11/02/2015 18:30	70.3	65	67.3	60.8	66.5	4	100
11/02/2015 18:35	71.6	64	67.4	59.8	66.3	4	100
11/02/2015 18:40	71.8	65.3	65.4	59.9	66	4	100
11/02/2015 18:45	71.3	65	65.9	59.6	65.7	4	100
11/02/2015 18:50	69.8	65.3	64.3	58	64.8	4	100
11/02/2015 18:55	70.3	67.6	63.4	59.1	65.6	4	100
11/02/2015 19:00	71	67.4	63	59.2	65.6	4	100
11/02/2015 19:05	70.9	67.8	64.2	59.7	65.7	4	100
11/02/2015 19:10	70.3	68.6	62.9	61.3	66	4	100
11/02/2015 19:15	71	68.1	63.3	59.2	65.8	4	100
11/02/2015 19:20	73.1	68.9	65.1	58.4	67.1	4	100
11/02/2015 19:25	74.2	69.5	66.5	62	68.2	4	100
11/02/2015 19:30	74.4	69.6	65.1	61.5	67.5	4	100
11/02/2015 19:35	74.6	68.1	65.6	61.6	67.7	4	100
11/02/2015 19:40	75.9	67	62	61.5	66.4	4	100
11/02/2015 19:45	76.3	67.8	63.5	64.7	67.7	4	100
11/02/2015 19:50	75	66.9	69.3	65.2	69	4	100
11/02/2015 19:55	75.2	67.1	68.3	64.9	68.8	4	100
11/02/2015 20:00	76	67	64.6	60.2	66.5	4	100
11/02/2015 20:05	76.7	68.5	63	59.2	66.2	4	100
11/02/2015 20:10	76.7	67.3	64.3	59.3	66.3	4	100
11/02/2015 20:15	75.4	67.4	67.2	62	67.5	4	100
11/02/2015 20:20	74.8	64.2	63.7	60.9	65.6	4	100
11/02/2015 20:25	75.6	66.8	64.1	58.6	66.2	4	100
11/02/2015 20:30	75.7	68.8	66.2	62.6	68.6	4	100
11/02/2015 20:35	74.2	70.5	63.2	62.8	67.5	4	100
11/02/2015 20:40	74	68.4	61.3	62.1	66.6	4	100
11/02/2015 20:45	74	68.4	58.4	58.2	64.2	4	100
11/02/2015 20:50	75.3	68.9	57.5	59.9	65	4	100
11/02/2015 20:55	73.9	70.1	57.9	61.2	65.4	4	100
11/02/2015 21:00	73.1	71.4	63.8	58.4	66.2	4	100
11/02/2015 21:05	73.1	71.8	67.9	61.2	68.6	4	100
11/02/2015 21:10	72.3	72	68.7	61.3	68.7	4	100
11/02/2015 21:15	74.3	71.5	74.1	62.1	70.7	4	100
11/02/2015 21:20	72.7	70.8	72.7	64.2	70.1	4	100
11/02/2015 21:25	73.3	67.9	63.4	60.4	66.1	4	100
11/02/2015 21:30	74.6	70.7	69.9	63.4	69.8	4	100
11/02/2015 21:35	73.7	72.7	71.2	61.1	69.6	4	100
11/02/2015 21:40	73.4	71.7	71.5	59.1	69.1	4	100
11/02/2015 21:45	72	69.4	69.6	58.6	68	4	100
11/02/2015 21:50	73.3	69.7	68.3	57.6	67.4	4	100
11/02/2015 21:55	75.2	70.2	67	59.8	68.8	4	100
11/02/2015 22:00	75.1	69	66.5	61.2	67.7	4	100
11/02/2015 22:05	74.3	70.1	66	58.6	67.9	4	100
11/02/2015 22:10	74.5	70.4	67	57	67.2	4	100
11/02/2015 22:15	74.9	69	63.6	59.6	66.9	4	100
11/02/2015 22:20	73.5	70.3	66.9	58.2	66.2	4	100
11/02/2015 22:25	73.9	72.1	63.9	60.8	67.9	4	100
11/02/2015 22:30	73.6	71.1	66.9	59.7	68.1	4	100
11/02/2015 22:35	73.7	71.8	66	60.9	68.1	4	100
11/02/2015 22:40	73.4	70.4	68	60.1	67.9	4	100
11/02/2015 22:45	74.8	71.6	71.8	60.2	69.1	4	100
11/02/2015 22:50	74.2	70.6	66.9	59.8	67.5	4	100
11/02/2015 22:55	74.8	70.9	66.4	60.3	67.3	4	100
11/02/2015 23:00	75.1	71.2	61.7	60.8	66.8	4	100
11/02/2015 23:05	74.8	71.2	64.7	60.3	67.5	4	100
11/02/2015 23:10	74.3	70.6	61.6	59.3	66.4	4	100
11/02/2015 23:15	74.5	71.8	55.5	60.8	65.3	4	100
11/02/2015 23:20	74.8	71.9	61	62.4	66.9	4	100
11/02/2015 23:25	74.9	69.1	62.7	63.7	67.3	4	100
11/02/2015 23:30	74.7	70	62	63.7	66.7	4	100
11/02/2015 23:35	74.7	69.9	62.7	62.7	66.7	4	100
11/02/2015 23:40	75	69.3	63.9	63.6	68.2	4	100
11/02/2015 23:45	74.9	70	65.3	62	67.8	4	100
11/02/2015 23:50	75.1	70.5	64.7	62.5	68	4	100
11/02/2015 23:55	74.8	71.1	63.4	58.8	64.6	4	100
11/03/2015 00:00	74.8	71	67.4	62.8	69	4	100
11/03/2015 00:05	74.7	70.2	67.2	63.1	68.7	4	100
11/03/2015 00:10	74.4	70.3	59.4	61.1	65	4	100
11/03/2015 00:15	74.7	70.8	61.7	62.4	65.5	4	100
11/03/2015 00:20	74.4	71	64.2	62.3	67.3	4	100
11/03/2015 00:25	74.5	71.3	57.8	61.8	64.1	4	100
11/03/2015 00:30	74.4	70.7	60.3	61.5	66.4	4	100
11/03/2015 00:35	74.6	70.1	62	61.6	66.6	4	100
11/03/2015 00:40	74.8	68.7	61	62.9	65.5	4	100
11/03/2015 00:45	74.7	70.1	60.9	62.7	65.9	4	100
11/03/2015 00:50	74.6	70.6	63.9	60.5	66.5	4	100
11/03/2015 00:55	74.6	70.7	63.9	61.5	67.1	4	100
11/03/2015 01:00	74.6	71.1	66.2	62.1	67.8	4	100
11/03/2015 01:05	74.9	70.8	62.2	62.4	65.9	4	100
11/03/2015 01:10	74.8	70.4	63.7	62	65.7	4	100
11/03/2015 01:15	74.5	70.6	66.8	62	67.1	4	100
11/03/2015 01:20	74.6	71.1	66.9	62	69.3	4	100
11/03/2015 01:25	74.7	71.3	66.9	62.6	68.2	4	100
11/03/2015 01:30	74.6	71.4	66.9	62.1	68.7	4	100
11/03/2015 01:35	74.6	71.3	66.3	62.7	68.3	4	100
11/03/2015 01:40	74.6	71	66.7	63.1	69.1	4	100
11/03/2015 01:45	74.6	70.8	66.8	63.1	68.4	4	100
11/03/2015 01:50	74.7	71.1	66.2	62.3	67.3	4	100
11/03/2015 01:55	74.6	70.9	64.8	62.7	67	4	100
11/03/2015 02:00	74.5	70.4	56.3	62.3	64.1	4	100
11/03/2015 02:05	74.8	70.7	60.6	62.8	66.3	4	100
11/03/2015 02:10	74.7	70.3	63	62.7	67.6	4	100
11/03/2015 02:15	74.8	70.7	64.4	62.5	66.1	4	100
11/03/2015 02:20	74.9	70.8	63.7	62.8	66.5	4	100
11/03/2015 02:25	74.7	70.8	65.3	63.1	68.5	4	100
11/03/2015 02:30	74.8	70.5	67.5	62.9	68.6	4	100
11/03/2015 02:35	74.6	70.7	66	62.3	67	4	100
11/03/2015 02:40	74.6	70.5	67.5	63.3	68.4	4	100
11/03/2015 02:45	74.9	69.5	64.6	63.1	67.7	4	100
11/03/2015 02:50	74.7	70.3	67.4	62	68.9	4	100
11/03/2015 02:55	74.8	70.7	67.8	62	67.8	4	100
11/03/2015 03:00	74.8	69.1	66.6	62.1	67.7	4	100
11/03/2015 03:05	74.8	69.2	63	61.8	66.5	4	100
11/03/2015 03:10	74.7	70.3	63.9	62.6	67.1	4	100
11/03/2015 03:15	74.9	70.7	59.5	61.9	66.2	4	100
11/03/2015 03:20	74.7	70.6	63.7	62.4	68.8	4	100
11/03/2015 03:25	75.1	69.7	59.5	62.1	67.2	4	100
11/03/2015 03:30	75.5	69.5	53.7	60.8	65	4	100
11/03/2015 03:35	75.2	70.6	62	60.5	67.3	4	100
11/03/2015 03:40	75.3	71.2	67.1	57.5	68	4	100
11/03/2015 03:45	75.3	72.2	64.1	60.2	69.2	4	100
11/03/2015 03:50	74.1	70.2	63.9	61.5	67.7	4	100
11/03/2015 03:55	74.5	70.7	63.3	62.6	68.1	4	100
11/03/2015 04:00	74.7	68.4	59.3	64.2	66.3	4	100
11/03/2015 04:05	75.2	71	63.9	65	69.7	4	100
11/03/2015 04:10	74.3	72.8	69.8	65.4	71.4	4	100
11/03/2015 04:15	75.9	70.7	61.3	65.7	70	4	100
11/03/2015 04:20	74.1	73.4	66.4	67.8	71.2	4	100
11/03/2015 04:25	74.5	74.3	70.2	65.8	72.1	4	100
11/03/2015 04:30	73.7	73.3	77.4	68.2	73.3	4	100
11/03/2015 04:35	74.5	71.5	77.4	68.8	73	4	100
11/03/2015 04:40	75.4	72.9	76.8	67.3	73.2	4	100
11/03/2015 04:45	74.8	73.8	74.8	69.5	73.5	4	100
11/03/2015 04:50	73.5	72.7	68.9	72.8	72.3	4	100
11/03/2015 04:55	73.3	72.4	77.4	72.8	74	4	100
11/03/2015 05:00	84.8	81	77.4	72.8	80.2	4	100
11/03/2015 05:05	84.8	81	77.4	72.8	80.4	4	100
11/03/2015 05:10	84.8	81	77.4	72.8	80.3	4	100
11/03/2015 05:15	84.8	81	77.4	72.8	80	4	100
11/03/2015 05:20	84.8	81	77.4	72.8	79.9	4	100
11/03/2015 05:25	84.8	81	77.4	72.8	79.6	4	100
11/03/2015 05:30	84.8	81	75.8	72.8	79.3	4	100
11/03/2015 05:35	82.7	81	77.4	71.8	78.3	4	100
11/03/2015 05:40	69.4	66.1	73.8	67.5	69.1	4	100
11/03/2015 05:45	51.6	50.1	55	54.2	52.7	4	100
11/03/2015 05:50	38	38.4	43	47.3	42.1	4	100
11/03/2015 05:55	34.2	34.3	38.6	40.5	37.1	4	100
11/03/2015 06:00	24	22.5	25.2	33.5	26.8	4	100
11/03/2015 06:05	18.4	16.4	17.6	29.6	21.1	4	100
11/03/2015 06:10	15.4	13	13.9	25.8	17.8	4	100
11/03/2015 06:15	11.7	8.9	9	22.8	15	4	100
11/03/2015 06:20	9.7	7.4	7	24.2	13.2	4	100
11/03/2015 06:25	8.8	6.7	5.6	26.3	14.2	4	100
11/03/2015 06:30	8.1	6.2	5.2	24.1	13.1	4	100
11/03/2015 06:35	7.8	5.7	5.9	23.5	12.9	4	100
11/03/2015 06:40	7.1	5.1	4.1	20.3	11.8	4	100
11/03/2015 06:45	6.1	4.6	3.6	20.4	11.5	4	100
11/03/2015 06:50	6.3	4.2	4	23.5	12.6	4	100
11/03/2015 06:55	6	4.4	3.4	22.5	12.1	4	100
11/03/2015 07:00	5.3	3.4	3	20.9	12.2	4	100
11/03/2015 07:05	5.1	3.7	3.3	21.9	10.5	4	100
11/03/2015 07:10	5.7	4.1	3	21.8	11.3	4	100
11/03/2015 07:15	5.9	4	3	21.7	11.2	4	100
11/03/2015 07:20	5.1	3.1	3	21.1	12.6	4	100
11/03/2015 07:25	4.1	3	3	14.7	9	4	100
11/03/2015 07:30	4.1	3.3	3.1	18.9	10.6	4	100
11/03/2015 07:35	4.1	3	3	25.2	13.7	4	100
11/03/2015 07:40	4.2	3.2	3	22.1	12.2	4	100
11/03/2015 07:45	4.4	3	3	17.2	10.2	4	100
11/03/2015 07:50	4.7	3.2	3	16.5	9.4	4	100
11/03/2015 07:55	5.4	3.9	3	18.4	10.3	4	100
11/03/2015 08:00	5.8	3.7	3	19.8	11.4	4	100
11/03/2015 08:05	4.8	3	3	17.8	10.9	4	100
11/03/2015 08:10	4.5	3	3	16	9.3	4	100
11/03/2015 08:15	4	3	3	11.2	6.7	4	100
11/03/2015 08:20	4.5	3.4	3.1	18.2	10.3	4	100
11/03/2015 08:25	4	3	3	16.3	9.4	4	100
11/03/2015 08:30	4.3	3	3	17.2	10.4	4	100
11/03/2015 08:35	4.8	3.1	3.3	23.1	11.9	4	100
11/03/2015 08:40	4.7	3.5	3	23.9	13.3	4	100
11/03/2015 08:45	4.6	3.9	3	18.7	10.8	4	100
11/03/2015 08:50	4.4	3.4	3	15.5	8.9	4	100
11/03/2015 08:55	4.8	3.3	3	12	7.3	4	100
11/03/2015 09:00	4.3	3	3	11.4	7.1	4	100
11/03/2015 09:05	4.8	3.6	3	13.1	7.9	4	100
11/03/2015 09:10	4.9	3.4	3	17	10.2	4	100
11/03/2015 09:15	4.8	3.3	3	11.8	6.6	4	100
11/03/2015 09:20	5.3	3.8	3	12.9	7.9	4	100
11/03/2015 09:25	4.7	3	3	10.8	7	4	100
11/03/2015 09:30	4.1	3.2	3	11.3	7	4	100
11/03/2015 09:35	3.7	3	3	13	7.4	4	100
11/03/2015 09:40	4.6	4	3	16.6	8.8	4	100
11/03/2015 09:45	5.3	4.6	3.2	21.5	10.9	4	100
11/03/2015 09:50	4.8	4	3	18.2	10.6	4	100
11/03/2015 09:55	5.1	4.1	3.3	17.3	9.5	4	100
11/03/2015 10:00	4.9	3.5	3	19	10.8	4	100
11/03/2015 10:05	5.8	4.4	3.5	20.4	10.4	4	100
11/03/2015 10:10	6.7	5.1	5.4	20.9	11.3	4	100
11/03/2015 10:15	5.5	4.7	4	18.6	10.9	4	100
11/03/2015 10:20	6.5	5.5	3.8	17.6	9.8	4	100
11/03/2015 10:25	6.2	4.9	4	20.1	11	4	100
11/03/2015 10:30	8.6	8.7	8.6	19	11.6	4	100
11/03/2015 10:35	8.2	7.8	7.5	18.7	11.8	4	100
11/03/2015 10:40	7.8	7.3	8.9	18.5	11.8	4	100
11/03/2015 10:45	9.3	8.3	10.7	19.5	12.7	4	100
11/03/2015 10:50	8.9	8.4	12.5	18.5	12.9	4	100
11/03/2015 10:55	10.1	10.3	15.5	22.7	15.4	4	100
11/03/2015 11:00	9.8	10.7	16.4	20.7	15.2	4	100
11/03/2015 11:05	15.7	19	19.8	24.3	19.9	4	100
11/03/2015 11:10	39.6	39.8	36.4	38.7	38.5	4	100
11/03/2015 11:15	31.5	30.3	27.9	33.8	31.1	4	100
11/03/2015 11:20	42.4	38.6	37	39.5	39.5	4	100
11/03/2015 11:25	56.4	51.9	46.7	49.6	50.9	4	100
11/03/2015 11:30	63.8	59.2	48.8	52.7	56.1	4	100
11/03/2015 11:35	66.7	62.6	52.9	55.7	59.4	4	100
11/03/2015 11:40	68.6	63	53	56.6	60	4	100
11/03/2015 11:45	70.5	64	53.1	56.1	60.2	4	100
11/03/2015 11:50	70.2	63.5	53	56.5	60.7	4	100
11/03/2015 11:55	71.7	66.3	55.2	57.8	62.1	4	100
11/03/2015 12:00	72.1	65.5	52	56.3	61.8	4	100
11/03/2015 12:05	71.8	65.1	54.2	54.1	61.4	4	100
11/03/2015 12:10	70	65.7	52.4	53	59.8	4	100
11/03/2015 12:15	69.1	68.7	56.5	53.7	61.7	4	100
11/03/2015 12:20	68.9	65.6	57.1	54.3	61.3	4	100
11/03/2015 12:25	71.4	64.6	52.6	54.8	61	4	100
11/03/2015 12:30	72.4	63	53.7	56	61.1	4	100
11/03/2015 12:35	72.5	64.3	54	54	61	4	100
11/03/2015 12:40	72.1	64.1	52.2	54.6	60.4	4	100
11/03/2015 12:45	73.4	64.9	55.2	56	62	4	100
11/03/2015 12:50	72	64.9	55.8	55.2	62.4	4	100
11/03/2015 12:55	71.2	65.9	54.6	58.1	62.6	4	100
11/03/2015 13:00	71	65.7	53	55.6	61.5	4	100
11/03/2015 13:05	70.8	65.7	52.6	54.4	60.9	4	100
11/03/2015 13:10	71.3	64.7	50.2	54.5	60.3	4	100
11/03/2015 13:15	70.2	65.4	53.2	56.8	61	4	100
11/03/2015 13:20	70.6	66	54.2	58	62.3	4	100
11/03/2015 13:25	71.7	66.4	57.7	55.9	62.7	4	100
11/03/2015 13:30	71.8	65.3	56.7	57	63	4	100
11/03/2015 13:35	72.3	67.1	54.8	58.9	62.9	4	100
11/03/2015 13:40	72.5	66.8	56.4	57.7	63.4	4	100
11/03/2015 13:45	73	69	56.8	58.3	64	4	100
11/03/2015 13:50	72.8	69.4	58.7	57.5	64.1	4	100
11/03/2015 13:55	72.2	68.2	61.7	57.7	64.7	4	100
11/03/2015 14:00	71.6	66.2	60.3	58.1	64.1	4	100
11/03/2015 14:05	73	66	57.3	58.8	64.2	4	100
11/03/2015 14:10	72	65.2	56.7	57.1	63	4	100
11/03/2015 14:15	73.2	65.3	57.3	57.6	63.6	4	100
11/03/2015 14:20	72.8	66.1	57.6	59.6	64.5	4	100
11/03/2015 14:25	70.1	65.6	58.7	58.2	63.1	4	100
11/03/2015 14:30	69.6	67.9	58.5	57.8	63.5	4	100
11/03/2015 14:35	70.6	68	55.1	57	62.6	4	100
11/03/2015 14:40	72.1	67.7	52.4	54.7	62	4	100
11/03/2015 14:45	70.2	63.2	54.7	54.7	61.4	4	100
11/03/2015 14:50	66.9	56.5	49.4	35.4	53.5	4	100
11/03/2015 14:55	66	56.5	46.5	26	50.7	4	100
11/03/2015 15:00	66.6	59.1	48.8	26.2	52.5	4	100
11/03/2015 15:05	68.9	60.2	55.2	42	57.3	4	100
11/03/2015 15:10	70.9	61.3	60.4	46.8	60.2	4	100
11/03/2015 15:15	71.9	65.4	63.8	52.5	63.8	4	100
11/03/2015 15:20	75.4	68.4	66	56.6	66.6	4	100
11/03/2015 15:25	75.1	69.4	65.3	59	67.3	4	100
11/03/2015 15:30	74.7	70.7	63.4	61.6	67.6	4	100
11/03/2015 15:35	73.1	70.1	64.3	62.2	68	4	100
11/03/2015 15:40	72.7	69.7	63.7	60.9	66.8	4	100
11/03/2015 15:45	73	68.3	66.2	62.6	67.7	4	100
11/03/2015 15:50	73.9	69.1	68	63.3	68.7	4	100
11/03/2015 15:55	73.7	67.9	69.3	61.2	68.4	4	100
11/03/2015 16:00	73.5	67.8	69.8	61.1	68.2	4	100
11/03/2015 16:05	73.5	65.3	66.4	60	66.6	4	100
11/03/2015 16:10	73.2	63.3	65	62	66	4	100
11/03/2015 16:15	74.1	67.6	62.8	60.3	66.7	4	100
11/03/2015 16:20	74.4	67.9	63.6	60.7	67	4	100
11/03/2015 16:25	75.6	70.2	65.7	61.6	68.8	4	100
11/03/2015 16:30	74.3	69.7	64.5	60.9	67.5	4	100
11/03/2015 16:35	74.4	69.5	65.7	60.1	68.1	4	100
11/03/2015 16:40	71.6	67.1	63.8	61.3	66.2	4	100
11/03/2015 16:45	73.3	68.5	63.3	63.1	67.5	4	100
11/03/2015 16:50	73.1	67.9	64.1	61.7	67.1	4	100
11/03/2015 16:55	73.2	67.4	66.5	62	67.7	4	100
11/03/2015 17:00	71.3	67.2	65.3	61.6	66.8	4	100
11/03/2015 17:05	70.5	65.4	62.8	59.9	64.6	4	100
11/03/2015 17:10	71.8	65.5	63.5	57.6	65.2	4	100
11/03/2015 17:15	71.9	64.2	63.3	58.3	64.8	4	100
11/03/2015 17:20	72.2	61.4	60.2	53.3	62.4	4	100
11/03/2015 17:25	70.5	59.8	58.7	53.6	61.1	4	100
11/03/2015 17:30	70.8	60.4	61.5	54.3	62.8	4	100
11/03/2015 17:35	68.8	61.2	63.2	56.1	62.8	4	100
11/03/2015 17:40	71.3	65.4	62	59.6	65	4	100
11/03/2015 17:45	71.6	64.8	60.3	58.8	64.4	4	100
11/03/2015 17:50	70.8	67.7	63.8	57.8	65.4	4	100
11/03/2015 17:55	70.2	67.7	61.7	59	65	4	100
11/03/2015 18:00	71.5	67.4	63.9	60	65.8	4	100
11/03/2015 18:05	71.3	65.9	61.2	59.6	65	4	100
11/03/2015 18:10	70.5	66	63.9	58.2	65.3	4	100
11/03/2015 18:15	71.1	65.3	65.3	59.5	65.6	4	100
11/03/2015 18:20	71.5	65.8	65.3	60.5	66.6	4	100
11/03/2015 18:25	71.8	65.2	64.6	61.1	66	4	100
11/03/2015 18:30	73.3	67.9	66.6	63.5	68.3	4	100
11/03/2015 18:35	73.6	68.8	63.9	61.8	67.6	4	100
11/03/2015 18:40	74.1	66.8	63.1	59.9	66.1	4	100
11/03/2015 18:45	73.7	68.1	65.5	59.8	66.9	4	100
11/03/2015 18:50	72.2	67.1	64.6	59.5	66.4	4	100
11/03/2015 18:55	72.9	68	64.6	63	67	4	100
11/03/2015 19:00	74.7	69	61.4	63.1	67.6	4	100
11/03/2015 19:05	75.6	69.8	64.1	61.7	68.6	4	100
11/03/2015 19:10	75.7	70.3	66	62.4	68.9	4	100
11/03/2015 19:15	75.1	72.4	70.2	65.7	71.2	4	100
11/03/2015 19:20	75.7	71.1	65.6	64.6	69.3	4	100
11/03/2015 19:25	74.6	69.1	66.8	64.3	69	4	100
11/03/2015 19:30	74.8	69.3	64.5	63.9	68.1	4	100
11/03/2015 19:35	74.7	69.7	63	63.5	67.9	4	100
11/03/2015 19:40	75.8	70	63.6	61.4	68	4	100
11/03/2015 19:45	74.6	68.2	62.2	61.1	66.2	4	100
11/03/2015 19:50	74.9	69.1	65.2	60.7	66.8	4	100
11/03/2015 19:55	76.7	68	60.1	61.1	65.9	4	100
11/03/2015 20:00	74.3	68.1	59.9	62.3	65.9	4	100
11/03/2015 20:05	74.9	68.9	59.1	66.1	67.1	4	100
11/03/2015 20:10	74.3	68	61.8	63.6	66.7	4	100
11/03/2015 20:15	73.9	68.5	63.2	63.3	67.1	4	100
11/03/2015 20:20	73.8	69.2	67	64.4	68.8	4	100
11/03/2015 20:25	73.9	70.2	66.9	62.9	68.5	4	100
11/03/2015 20:30	74.4	69.9	65.5	63.7	68.3	4	100
11/03/2015 20:35	73.9	67.7	61	61.9	66.4	4	100
11/03/2015 20:40	74.9	67.9	60.5	62.8	66.3	4	100
11/03/2015 20:45	74.8	70.9	57.5	60.3	65.9	4	100
11/03/2015 20:50	73.6	71.1	63.5	61.3	67	4	100
11/03/2015 20:55	73.8	69.6	63.4	60.2	66.3	4	100
11/03/2015 21:00	73.8	70.6	60	60	65.2	4	100
11/03/2015 21:05	72.1	72.2	59.5	59.2	65.3	4	100
11/03/2015 21:10	73.6	68.7	62.5	60.2	65.8	4	100
11/03/2015 21:15	71.4	67.3	64.7	60.4	65.8	4	100
11/03/2015 21:20	70.7	68.2	70.2	63.8	68.1	4	100
11/03/2015 21:25	71.2	67.8	73.6	62.8	69.5	4	100
11/03/2015 21:30	71.9	67.8	72.4	63	68.5	4	100
11/03/2015 21:35	73	69.2	72.3	63	69.7	4	100
11/03/2015 21:40	72.7	67.8	72.2	59.7	68.3	4	100
11/03/2015 21:45	73	69.9	70.2	62.1	69	4	100
11/03/2015 21:50	73.1	68.2	66.6	60.4	66.9	4	100
11/03/2015 21:55	72.5	70.1	72.9	60.7	69.5	4	100
11/03/2015 22:00	73.5	68.4	69.4	61.6	68.2	4	100
11/03/2015 22:05	74.4	67	71	63.2	69	4	100
11/03/2015 22:10	75.5	70	72.3	63.6	70.2	4	100
11/03/2015 22:15	74	67.5	68.8	62.4	68.5	4	100
11/03/2015 22:20	73.8	67.6	70.8	60.5	67.9	4	100
11/03/2015 22:25	75.8	69.8	70.6	61.8	68.7	4	100
11/03/2015 22:30	75	66.8	70.5	62.4	68.9	4	100
11/03/2015 22:35	74.1	68.2	68.8	63.1	68.4	4	100
11/03/2015 22:40	74.1	67.5	71.5	66.1	69.7	4	100
11/03/2015 22:45	73.8	69	70.8	63	68.9	4	100
11/03/2015 22:50	74.9	71	73.1	61.8	69.7	4	100
11/03/2015 22:55	75.1	69.9	71.9	63.8	70.3	4	100
11/03/2015 23:00	74.8	71	71.6	65.4	70.3	4	100
11/03/2015 23:05	74.9	70.5	74.4	64.2	71.8	4	100
11/03/2015 23:10	75.2	67.9	71.5	62.4	68.9	4	100
11/03/2015 23:15	74.9	69.3	66.9	62.6	68.5	4	100
11/03/2015 23:20	74.9	71.2	63.8	63.1	68.2	4	100
11/03/2015 23:25	75	71.6	68.6	64	69.2	4	100
11/03/2015 23:30	75	70.7	66.8	64.9	68.5	4	100
11/03/2015 23:35	75.4	71.4	63.4	62	67.7	4	100
11/03/2015 23:40	74.5	68.8	66.3	62	67.7	4	100
11/03/2015 23:45	74.8	70.8	63.9	61.5	66.8	4	100
11/03/2015 23:50	74.9	70.3	66.3	61.4	67	4	100
11/03/2015 23:55	74.8	71	66.2	63	67.7	4	100
11/04/2015 00:00	74.8	71	61.7	62.8	66.5	4	75
11/04/2015 00:05	74.7	70.6	62	62	65.4	4	75
11/04/2015 00:10	74.7	70.1	62.3	62.7	66.6	4	75
11/04/2015 00:15	74.7	70.4	62.1	62.3	66.1	4	75
11/04/2015 00:20	74.5	69.5	61.6	62.3	65.5	4	75
11/04/2015 00:25	74.6	70.2	61.3	63	65.2	4	75
11/04/2015 00:30	74.9	69.3	61	63.1	65.4	4	75
11/04/2015 00:35	74.8	69	61	63.2	64.4	4	75
11/04/2015 00:40	74.8	69.7	60.9	57.2	64.2	4	75
11/04/2015 00:45	74.7	70.6	61.5	59.9	64.7	4	75
11/04/2015 00:50	74.7	71.2	61.6	60.9	64.8	4	75
11/04/2015 00:55	74.7	70.4	61.1	61.2	63.6	4	75
11/04/2015 01:00	74.7	70.7	61.5	62.4	65.1	4	75
11/04/2015 01:05	74.7	70.4	61	61.2	63.9	4	75
11/04/2015 01:10	74.7	70.5	61.5	60.7	64.9	4	75
11/04/2015 01:15	74.7	70.5	61.5	61.4	65.2	4	75
11/04/2015 01:20	74.6	70.7	61.6	60.3	64.9	4	75
11/04/2015 01:25	74.7	71.4	61.8	61.4	66	4	75
11/04/2015 01:30	74.6	71.3	61.5	61.8	64.8	4	75
11/04/2015 01:35	74.7	71.2	62	62.9	64.7	4	75
11/04/2015 01:40	74.8	71.3	61.9	62.3	65	4	75
11/04/2015 01:45	74.7	71.2	61.8	62.6	65.2	4	75
11/04/2015 01:50	74.9	71.1	61.8	62.2	65.6	4	75
11/04/2015 01:55	75	69.9	61.2	61.7	63.6	4	75
11/04/2015 02:00	74.9	70.8	61.6	62.5	64.2	4	75
11/04/2015 02:05	74.9	71	61.2	60.4	64.8	4	75
11/04/2015 02:10	74.7	70.9	61.6	62.3	64.5	4	75
11/04/2015 02:15	74.7	70.8	61.5	62	64.7	4	75
11/04/2015 02:20	74.7	70.4	61.3	62.2	65.4	4	75
11/04/2015 02:25	74.8	69.6	61.5	62.3	65.2	4	75
11/04/2015 02:30	75	70.1	61.6	62.9	65	4	75
11/04/2015 02:35	74.9	67.4	59.8	60.4	63.6	4	75
11/04/2015 02:40	74.9	68.5	60.8	61.5	62.2	4	75
11/04/2015 02:45	74.8	69.3	61.6	62.5	64.8	4	75
11/04/2015 02:50	74.8	70.1	61.3	63.2	65	4	75
11/04/2015 02:55	74.8	71.3	61.8	63.3	66.6	4	75
11/04/2015 03:00	74.7	70.1	61.3	63.5	65.5	4	75
11/04/2015 03:05	74	70.8	61.6	63.6	66.1	4	75
11/04/2015 03:10	74.4	70.8	61.5	63	66.8	4	75
11/04/2015 03:15	74.6	69.5	61.1	60.9	65.2	4	75
11/04/2015 03:20	74.8	70.5	60.8	62.2	65.3	4	75
11/04/2015 03:25	74.7	70.5	61.3	62.3	65.5	4	75
11/04/2015 03:30	74.7	70.8	61.6	62.1	66.6	4	75
11/04/2015 03:35	74.5	71.2	61.9	62.3	67.8	4	75
11/04/2015 03:40	74.9	71.9	62.1	63.2	68.3	4	75
11/04/2015 03:45	74.9	69.8	61.8	61.1	65.9	4	75
11/04/2015 03:50	74.5	69.7	61.2	63.6	66.2	4	75
11/04/2015 03:55	73.6	70.3	61	61	65.7	4	75
11/04/2015 04:00	74.8	71.9	61.2	59.5	66.9	4	75
11/04/2015 04:05	74.1	68.9	60.6	62.4	66.5	4	75
11/04/2015 04:10	73.9	72	62.3	64	68.1	4	75
11/04/2015 04:15	74.2	72.9	62.4	63.4	68.4	4	75
11/04/2015 04:20	73.4	73.4	60.7	58.1	66.9	4	75
11/04/2015 04:25	72.5	71.9	62.6	60.3	67.2	4	75
11/04/2015 04:30	72.9	68.9	62.2	63.6	67.3	4	75
11/04/2015 04:35	72.7	68.2	61.4	66	67.3	4	75
11/04/2015 04:40	73.3	68.6	61.2	62.9	67.1	4	75
11/04/2015 04:45	73.1	66.4	60.3	63.5	66.1	4	75
11/04/2015 04:50	72.9	69.4	61.6	68.8	68.4	4	75
11/04/2015 04:55	72.4	69.8	62.5	69.1	68.8	4	75
11/04/2015 05:00	84.8	81	67.9	72.8	78	4	75
11/04/2015 05:05	84.8	81	68.3	72.8	78	4	75
11/04/2015 05:10	84.8	81	68.7	72.8	78.4	4	75
11/04/2015 05:15	84.8	81	68.9	72.8	78.3	4	75
11/04/2015 05:20	84.8	81	68.5	72.8	78.4	4	75
11/04/2015 05:25	84.8	81	68	72.8	77.8	4	75
11/04/2015 05:30	65.8	69.2	59.7	65.3	65.2	4	75
11/04/2015 05:35	42.8	43.2	50.1	53.8	48.5	4	75
11/04/2015 05:40	29.1	28.1	38.1	48.5	37.6	4	75
11/04/2015 05:45	23.4	20.9	30.9	46.2	32.2	4	75
11/04/2015 05:50	19.6	17	28.2	44.3	29.2	4	75
11/04/2015 05:55	16.4	14.3	25.1	42.5	27.1	4	75
11/04/2015 06:00	11.7	9.9	22.9	33.6	21.6	4	75
11/04/2015 06:05	7.2	6.4	19.9	25.6	18.5	4	75
11/04/2015 06:10	5.9	4.9	17.5	25.9	16.5	4	75
11/04/2015 06:15	6.4	4.6	17.9	27.3	16.1	4	75
11/04/2015 06:20	6.3	5	17.9	21.1	13.7	4	75
11/04/2015 06:25	5.5	4.3	17.4	18.4	12.9	4	75
11/04/2015 06:30	6.2	4.4	17.6	15	11.4	4	75
11/04/2015 06:35	8.1	5.9	18.5	20.9	13.6	4	75
11/04/2015 06:40	8.4	6.5	19.4	23	15.3	4	75
11/04/2015 06:45	7.2	6.3	19.3	23.7	15.2	4	75
11/04/2015 06:50	7	6.2	18.9	24.1	15	4	75
11/04/2015 06:55	7	5.4	19.4	20.2	14.4	4	75
11/04/2015 07:00	6.6	5.4	18.4	22	14.7	4	75
11/04/2015 07:05	6	4	18	22.5	15.3	4	75
11/04/2015 07:10	4.7	3	17.1	15.5	11.6	4	75
11/04/2015 07:15	4.9	3.5	16.3	17.7	11.8	4	75
11/04/2015 07:20	5.4	3.4	16.4	18	12.5	4	75
11/04/2015 07:25	4.9	3	16.5	15.3	11.5	4	75
11/04/2015 07:30	5.1	3	16.1	17.4	12.2	4	75
11/04/2015 07:35	4.8	3	15.8	19.8	13	4	75
11/04/2015 07:40	4.7	3.2	16.7	21.4	13.5	4	75
11/04/2015 07:45	4.1	3	17.7	18.4	13.8	4	75
11/04/2015 07:50	4.7	3.8	18.2	19.1	13.1	4	75
11/04/2015 07:55	4.7	3.5	18.1	18.9	13.1	4	75
11/04/2015 08:00	4.8	3.7	19.1	21.6	14.3	4	75
11/04/2015 08:05	4.2	3	18.3	23.3	15.9	4	75
11/04/2015 08:10	4.6	3	18.8	22.3	15.6	4	75
11/04/2015 08:15	4.5	3	18.7	23.4	16.3	4	75
11/04/2015 08:20	3.9	3	18.3	18.4	14.1	4	75
11/04/2015 08:25	4.4	3	17.8	21.6	14.3	4	75
11/04/2015 08:30	4	3	17.5	16.1	12.1	4	75
11/04/2015 08:35	4.2	3	17.1	14.8	11.3	4	75
11/04/2015 08:40	4.6	3.5	16.6	14.9	10.8	4	75
11/04/2015 08:45	4.5	3.2	18.5	12.6	11	4	75
11/04/2015 08:50	4.6	3.4	17.4	10.3	9.3	4	75
11/04/2015 08:55	5	3.5	17.3	10.4	9.4	4	75
11/04/2015 09:00	4.7	3.1	17.4	9.7	9.2	4	75
11/04/2015 09:05	5.3	3.2	17.1	12.9	10.6	4	75
11/04/2015 09:10	4.7	3	17.8	11	10.4	4	75
11/04/2015 09:15	4.6	3.5	16.8	11.9	9.6	4	75
11/04/2015 09:20	5.4	3.9	17.3	18	12.4	4	75
11/04/2015 09:25	4.6	3.5	17.8	12.2	10.3	4	75
11/04/2015 09:30	4.6	3.9	17.3	10.6	9.4	4	75
11/04/2015 09:35	5.2	4.3	16.9	11	9.7	4	75
11/04/2015 09:40	5	3.4	17.7	11.7	10.6	4	75
11/04/2015 09:45	5.4	4.8	17.5	14.4	10.9	4	75
11/04/2015 09:50	4.9	4.3	18.4	12.7	10.7	4	75
11/04/2015 09:55	5.3	3.5	18.2	17.6	12.7	4	75
11/04/2015 10:00	4.8	3.2	18.3	15.9	12.4	4	75
11/04/2015 10:05	5.3	3.6	17.4	21	13.5	4	75
11/04/2015 10:10	6.3	3.7	18.7	22.1	14.2	4	75
11/04/2015 10:15	5	3.6	20.5	18.9	14.2	4	75
11/04/2015 10:20	4.6	3.6	18.8	15.9	12.1	4	75
11/04/2015 10:25	6.7	4.7	19.4	18.8	13.2	4	75
11/04/2015 10:30	7.4	5.8	20.6	20.1	14.3	4	75
11/04/2015 10:35	7.4	5.3	21.6	21.1	15.4	4	75
11/04/2015 10:40	7.3	6.7	19.6	20.3	14.1	4	75
11/04/2015 10:45	8.1	6.6	23	18.7	15.2	4	75
11/04/2015 10:50	7.5	5.7	24.3	16.2	14.6	4	75
11/04/2015 10:55	9.4	7.2	24.4	18.5	15.5	4	75
11/04/2015 11:00	8.8	8.3	25.5	21.7	17.4	4	75
11/04/2015 11:05	8.8	8.4	24.4	19.4	16.1	4	75
11/04/2015 11:10	10	9.3	25.8	20.8	17.3	4	75
11/04/2015 11:15	9.3	8.9	26.7	22	18.3	4	75
11/04/2015 11:20	11.2	12	27.6	23.9	19.2	4	75
11/04/2015 11:25	10.7	19.6	28	26.1	21.5	4	75
11/04/2015 11:30	12.8	20.6	31.2	26.4	23.3	4	75
11/04/2015 11:35	18.7	24.3	40.1	26.8	27.1	4	75
11/04/2015 11:40	44.9	44.3	47.2	43.7	45	4	75
11/04/2015 11:45	57.1	55.6	50.7	47	52.2	4	75
11/04/2015 11:50	61.1	62.2	53	50	56.5	4	75
11/04/2015 11:55	64.7	65.3	55.7	52.3	59	4	75
11/04/2015 12:00	65.7	67.5	57	53.4	60.6	4	75
11/04/2015 12:05	68.8	66.9	56.5	54.3	61.7	4	75
11/04/2015 12:10	70.5	66.5	56.9	55	62.3	4	75
11/04/2015 12:15	71.1	66	57.5	56.9	62.9	4	75
11/04/2015 12:20	70.6	66.2	57.6	55.6	62.3	4	75
11/04/2015 12:25	70	66.7	58.3	55.4	62.6	4	75
11/04/2015 12:30	69.5	67.6	57.5	54	62.4	4	75
11/04/2015 12:35	69.5	68.2	57.9	56.4	62.4	4	75
11/04/2015 12:40	70	67.5	57.6	56.6	62.7	4	75
11/04/2015 12:45	71.4	66.3	57.2	54.7	62.1	4	75
11/04/2015 12:50	71.9	67.8	58.6	56.8	63.6	4	75
11/04/2015 12:55	72.7	64.7	58.2	57.2	63	4	75
11/04/2015 13:00	73.5	65.6	57.6	57	63.4	4	75
11/04/2015 13:05	71.1	65.2	57.1	56.2	62.1	4	75
11/04/2015 13:10	70.1	66.2	58.2	56.6	62.9	4	75
11/04/2015 13:15	72.1	66	58.1	57.5	63.4	4	75
11/04/2015 13:20	73.2	68.7	59.5	57.2	64.5	4	75
11/04/2015 13:25	73.3	69.2	59	55.2	64.3	4	75
11/04/2015 13:30	72.8	67.2	58.2	54.3	63.2	4	75
11/04/2015 13:35	71.9	69.2	58.1	54.3	62.8	4	75
11/04/2015 13:40	71.4	67.8	58.5	56.3	62.9	4	75
11/04/2015 13:45	71.6	66.9	58.6	57.6	63.4	4	75
11/04/2015 13:50	73.2	67.1	58.5	57.8	64.4	4	75
11/04/2015 13:55	73.5	68.1	59	56.5	64.1	4	75
11/04/2015 14:00	71.9	65.7	59.1	57.7	63.7	4	75
11/04/2015 14:05	71.7	66.5	58.9	56.9	64.1	4	75
11/04/2015 14:10	72.1	67.2	59	58.6	64.3	4	75
11/04/2015 14:15	72.3	68.6	60.2	58.8	64.9	4	75
11/04/2015 14:20	72.7	67	58.9	57.9	64.1	4	75
11/04/2015 14:25	72.1	65.6	58.4	57.7	63.6	4	75
11/04/2015 14:30	70.8	65.8	56.9	55.4	62.3	4	75
11/04/2015 14:35	73.5	66.5	57.6	54.7	63	4	75
11/04/2015 14:40	74.8	67.4	57.8	55.6	64.2	4	75
11/04/2015 14:45	74	69.7	59.9	58	65	4	75
11/04/2015 14:50	73.5	68.8	60	59.2	65.5	4	75
11/04/2015 14:55	73.5	69.2	59.7	58.6	65	4	75
11/04/2015 15:00	72.1	66.4	58.8	59.5	64.3	4	75
11/04/2015 15:05	71.9	66.1	58.4	57	63.7	4	75
11/04/2015 15:10	73	67.3	59.2	61.1	65.2	4	75
11/04/2015 15:15	72.3	68.2	59.6	59.1	64.6	4	75
11/04/2015 15:20	74.6	68.4	60.3	59.8	66	4	75
11/04/2015 15:25	72.7	68.5	60.5	60.4	65.4	4	75
11/04/2015 15:30	72	67.9	59.9	59.5	65.1	4	75
11/04/2015 15:35	71	69.4	59.9	58.4	64.8	4	75
11/04/2015 15:40	72.4	69.8	58.4	57.8	64.9	4	75
11/04/2015 15:45	73.3	70.4	60	58.9	66.2	4	75
11/04/2015 15:50	73.4	69.7	60.3	58.3	65.5	4	75
11/04/2015 15:55	73.9	68.6	59.6	59.9	65.9	4	75
11/04/2015 16:00	73.8	68.9	60.4	62.2	66.7	4	75
11/04/2015 16:05	73	68.8	60.5	63.4	66.6	4	75
11/04/2015 16:10	72.7	69.3	61	63.6	66.9	4	75
11/04/2015 16:15	73	69.2	61	62.7	66.4	4	75
11/04/2015 16:20	73.4	67.4	60.4	60.3	66	4	75
11/04/2015 16:25	72.9	66	60.1	60.8	65.1	4	75
11/04/2015 16:30	72.5	66.7	59.6	58.4	64.8	4	75
11/04/2015 16:35	71.5	67.9	58.8	57.4	64.4	4	75
11/04/2015 16:40	71.5	66.3	58.3	57.4	63.7	4	75
11/04/2015 16:45	72.3	67	58.9	59.1	65.1	4	75
11/04/2015 16:50	71.6	67.7	59	59.7	64.7	4	75
11/04/2015 16:55	70.3	66.6	59.3	60.1	64.8	4	75
11/04/2015 17:00	72.5	68.2	59.9	60.2	65.5	4	75
11/04/2015 17:05	72	69	59	63.7	66.2	4	75
11/04/2015 17:10	71.5	66.7	58.5	62.4	65.3	4	75
11/04/2015 17:15	70.1	66.8	58.9	60.7	64.5	4	75
11/04/2015 17:20	70.5	68.5	59.8	59.3	64.7	4	75
11/04/2015 17:25	69.9	66.1	57.8	51.6	62.3	4	75
11/04/2015 17:30	66.8	60.9	54.8	34.6	55.4	4	75
11/04/2015 17:35	64	55.3	51.8	23.2	51.5	4	75
11/04/2015 17:40	64	56.8	53.4	35.7	54.6	4	75
11/04/2015 17:45	63.6	55.4	53.2	30.9	52.1	4	75
11/04/2015 17:50	62.1	55.8	54.7	24.5	51.4	4	75
11/04/2015 17:55	64.6	58	51.9	39.8	55.3	4	75
11/04/2015 18:00	66.6	62.3	48.4	50.4	58.5	4	75
11/04/2015 18:05	65.3	62.9	49	53.5	58.7	4	75
11/04/2015 18:10	67.3	63.6	53.6	58.1	61.6	4	75
11/04/2015 18:15	68.2	64.1	55.1	58.2	62.3	4	75
11/04/2015 18:20	68.1	63	55.3	58.2	61.5	4	75
11/04/2015 18:25	69.4	65.2	57.3	60.2	63.3	4	75
11/04/2015 18:30	71	65.1	57.3	61.6	64.3	4	75
11/04/2015 18:35	71.5	64.6	57.4	60.9	64.2	4	75
11/04/2015 18:40	72.3	65.2	57.9	60.6	64.2	4	75
11/04/2015 18:45	71.5	64.5	57.6	60.3	63.8	4	75
11/04/2015 18:50	73.2	66	58.4	62.1	64.8	4	75
11/04/2015 18:55	73.7	67.3	59	59.4	65.2	4	75
11/04/2015 19:00	76.3	69.2	60.7	61.4	67.1	4	75
11/04/2015 19:05	76.3	71.6	60.5	62.7	67.8	4	75
11/04/2015 19:10	74.9	71.7	60.7	63.3	68	4	75
11/04/2015 19:15	75.8	72.8	61.3	62.8	68.7	4	75
11/04/2015 19:20	75.2	71.5	61.1	62	67.8	4	75
11/04/2015 19:25	73.6	71.7	61.5	61	67	4	75
11/04/2015 19:30	73.3	67.4	61.3	65.2	66.9	4	75
11/04/2015 19:35	73.4	66.3	60.6	64.6	66	4	75
11/04/2015 19:40	72.1	67.7	60.6	64.3	66.1	4	75
11/04/2015 19:45	74.8	68.7	60.3	60.2	65.5	4	75
11/04/2015 19:50	75.6	72.4	62.2	63.2	68.2	4	75
11/04/2015 19:55	75.7	72.7	62.4	63.9	69	4	75
11/04/2015 20:00	74.2	67	59.8	59.9	65	4	75
11/04/2015 20:05	75.1	70.3	61.3	63	67	4	75
11/04/2015 20:10	74	69.6	60.9	62.8	66.8	4	75
11/04/2015 20:15	74.3	67.9	61.1	61.8	66.2	4	75
11/04/2015 20:20	75.9	71.1	62.1	64.4	68.2	4	75
11/04/2015 20:25	75	71.1	61.7	64.1	67.8	4	75
11/04/2015 20:30	73.6	72.9	62.8	64.3	67.9	4	75
11/04/2015 20:35	72.7	70.9	62.3	63.1	67.1	4	75
11/04/2015 20:40	73	71.2	62	60.5	66.4	4	75
11/04/2015 20:45	74.2	69.1	61.1	60.8	65.9	4	75
11/04/2015 20:50	75.1	68.7	59.9	61.5	66.2	4	75
11/04/2015 20:55	74.3	71.1	61.5	61.4	66.5	4	75
11/04/2015 21:00	74.1	71.2	62.4	62.5	67.6	4	75
11/04/2015 21:05	74.2	71.7	61.9	62.2	67.5	4	75
11/04/2015 21:10	74.9	72.9	61.9	61.1	67.3	4	75
11/04/2015 21:15	74.5	72.9	62	60.9	66.4	4	75
11/04/2015 21:20	74.5	71.4	61.6	58.4	66.1	4	75
11/04/2015 21:25	75.5	71.5	62.2	58.8	66.7	4	75
11/04/2015 21:30	74.7	71	62	60.9	66.7	4	75
11/04/2015 21:35	76.1	71.5	61.8	59.4	67.4	4	75
11/04/2015 21:40	75.5	71.7	62	61.8	67.3	4	75
11/04/2015 21:45	74.8	70.2	61	61.1	66.7	4	75
11/04/2015 21:50	74.8	67.9	60	60.1	65.5	4	75
11/04/2015 21:55	75.2	68.9	60.5	58.6	65.7	4	75
11/04/2015 22:00	74	66.3	59.8	56.8	64	4	75
11/04/2015 22:05	73.7	66	60.4	58	64.3	4	75
11/04/2015 22:10	74.2	67.6	60.8	59.3	65.2	4	75
11/04/2015 22:15	74.6	67.7	61.3	59.4	65.6	4	75
11/04/2015 22:20	73.6	67.8	62.6	60.5	66.6	4	75
11/04/2015 22:25	74.8	66.8	60.7	61	64.9	4	75
11/04/2015 22:30	75.8	67.3	60.9	61.3	66.4	4	75
11/04/2015 22:35	76.2	69.1	61.2	61.8	66.3	4	75
11/04/2015 22:40	75.6	66.8	62.3	62.3	66.3	4	75
11/04/2015 22:45	75.6	69.5	62.4	63.6	67.5	4	75
11/04/2015 22:50	75.8	68.7	61	58.5	65.1	4	75
11/04/2015 22:55	75	70	61.2	59.9	65.6	4	75
11/04/2015 23:00	74.7	67.7	60.3	60.7	64.8	4	75
11/04/2015 23:05	74.3	68.5	61.2	62.4	65.8	4	75
11/04/2015 23:10	74.4	68.7	61.4	61.4	65.5	4	75
11/04/2015 23:15	73.6	68.1	61.9	62.2	66	4	75
11/04/2015 23:20	73.9	69.3	61.1	58.6	64	4	75
11/04/2015 23:25	74.2	69.8	60.5	60.4	65.9	4	75
11/04/2015 23:30	74.3	68.7	60.7	61.9	65.4	4	75
11/04/2015 23:35	74.5	69.8	61.2	63.1	66	4	75
11/04/2015 23:40	74.9	70.2	60.6	62.2	65.3	4	75
11/04/2015 23:45	74.9	69.9	59.8	59.5	64.6	4	75
11/04/2015 23:50	75.1	70.6	60.3	60.2	65.3	4	75
11/04/2015 23:55	74.6	68.1	59.4	59.3	64.9	4	75
11/05/2015 00:00	74.8	71	61.7	62.8	66	4	75
11/05/2015 00:05	74.8	71.4	62.1	63.5	66.7	4	75
11/05/2015 00:10	74.8	70.8	61.6	62.6	65.9	4	75
11/05/2015 00:15	74.9	71	61.6	61	64.6	4	75
11/05/2015 00:20	74.9	69.8	60.9	59	64.2	4	75
11/05/2015 00:25	74.8	70.2	61.8	61.1	65.6	4	75
11/05/2015 00:30	74.8	70.5	59.9	61.1	64.3	4	75
11/05/2015 00:35	74.9	69.9	60.3	61.1	64.6	4	75
11/05/2015 00:40	74.8	70.6	60.6	61.8	65.3	4	75
11/05/2015 00:45	74.9	69.8	60.3	62.4	65.2	4	75
11/05/2015 00:50	74.9	70.2	60.9	62.3	64.9	4	75
11/05/2015 00:55	74.7	69.6	60.1	62.1	64.1	4	75
11/05/2015 01:00	74.7	70.5	61.5	63.1	64.7	4	75
11/05/2015 01:05	74.6	67.8	60.5	62.9	64	4	75
11/05/2015 01:10	74.6	69.6	61.1	62.7	64.2	4	75
11/05/2015 01:15	74.5	69.5	60.3	62.4	64.7	4	75
11/05/2015 01:20	74.5	69	60.3	62.4	64.4	4	75
11/05/2015 01:25	74.6	70.4	61.3	62.2	64.8	4	75
11/05/2015 01:30	74.8	70.9	61.4	62.8	64.9	4	75
11/05/2015 01:35	74.8	71.1	61.7	63.2	64.7	4	75
11/05/2015 01:40	74.7	71.3	61.6	62.4	65.6	4	75
11/05/2015 01:45	74.7	71.2	61.8	63	65.8	4	75
11/05/2015 01:50	74.9	71.1	61.7	63.2	65.5	4	75
11/05/2015 01:55	74.9	71.2	61.7	62.8	66.2	4	75
11/05/2015 02:00	74.6	71.1	61.7	63.1	65.3	4	75
11/05/2015 02:05	74.7	69.8	61.2	62.8	64.3	4	75
11/05/2015 02:10	74.8	70.7	60.8	62.6	65	4	75
11/05/2015 02:15	74.6	71.1	61.4	62.9	65.3	4	75
11/05/2015 02:20	74.7	71.3	61.6	63.3	65.1	4	75
11/05/2015 02:25	74.8	70.8	61.6	62.7	64.7	4	75
11/05/2015 02:30	74.7	71	61.1	60	64.3	4	75
11/05/2015 02:35	74.7	71.2	61.2	61.4	66.1	4	75
11/05/2015 02:40	74.5	70.7	60.7	62.2	63.4	4	75
11/05/2015 02:45	74.7	70.9	60.9	62.2	65.1	4	75
11/05/2015 02:50	74.8	70.9	61.1	61.4	65	4	75
11/05/2015 02:55	74.7	71	61.7	62.8	64.9	4	75
11/05/2015 03:00	74.7	70.9	61.3	61.5	65.4	4	75
11/05/2015 03:05	74.7	69.2	60.4	62.2	64.3	4	75
11/05/2015 03:10	74.9	69.3	60	61.6	63.8	4	75
11/05/2015 03:15	75.2	70.4	60.5	60.5	66.1	4	75
11/05/2015 03:20	74.9	71.3	60.8	61.9	66.2	4	75
11/05/2015 03:25	75	71.5	60.9	61.2	66.3	4	75
11/05/2015 03:30	74.7	68.8	60.8	61.8	65.9	4	75
11/05/2015 03:35	74	70.7	61.2	60.1	65.7	4	75
11/05/2015 03:40	74.3	66.4	61.2	61.4	65.5	4	75
11/05/2015 03:45	73.9	68	61.4	63.2	66.6	4	75
11/05/2015 03:50	74.3	70.2	62	62.7	66.4	4	75
11/05/2015 03:55	74.6	70.4	61.6	62.8	67.1	4	75
11/05/2015 04:00	74.6	70.4	61.5	65.4	66.4	4	75
11/05/2015 04:05	73.8	71.9	62.2	62.2	67.6	4	75
11/05/2015 04:10	73.8	72	62.5	61.2	68.2	4	75
11/05/2015 04:15	74.7	71.4	62.7	63.2	68.5	4	75
11/05/2015 04:20	74	70.7	61.9	61.1	68.3	4	75
11/05/2015 04:25	74.2	70.3	61.9	59.2	66.8	4	75
11/05/2015 04:30	73.6	71.7	62.8	60.4	68.2	4	75
11/05/2015 04:35	72.6	69.5	61.9	65.2	67.7	4	75
11/05/2015 04:40	70.4	68.5	62.2	62.6	66.2	4	75
11/05/2015 04:45	71.5	70.5	62.2	67.3	68.1	4	75
11/05/2015 04:50	72.6	66	61.3	65.2	66.7	4	75
11/05/2015 04:55	71.5	69.7	62.2	70.8	68.7	4	75
11/05/2015 05:00	84.8	81	68.9	72.8	78.2	4	75
11/05/2015 05:05	84.8	81	69.1	72.8	78.2	4	75
11/05/2015 05:10	84.8	81	69.1	72.8	78.2	4	75
11/05/2015 05:15	84.8	81	69.1	72.8	78.2	4	75
11/05/2015 05:20	84.8	81	69.1	72.8	78.4	4	75
11/05/2015 05:25	84.8	81	69	72.8	77.8	4	75
11/05/2015 05:30	62.8	64.6	64.5	67	64.8	4	75
11/05/2015 05:35	58.6	62.5	62.7	64.1	61.9	4	75
11/05/2015 05:40	46.5	56.3	53.2	55.9	53.2	4	75
11/05/2015 05:45	44.3	50.5	47.6	54.3	49.5	4	75
11/05/2015 05:50	38.7	42.2	42.9	51.9	44.1	4	75
11/05/2015 05:55	33.2	34.4	41.2	44.7	38.6	4	75
11/05/2015 06:00	23	22.8	33.2	36.8	29.6	4	75
11/05/2015 06:05	16.9	16.4	29.1	27.4	22.7	4	75
11/05/2015 06:10	14	12.3	25.6	23.8	19.2	4	75
11/05/2015 06:15	12.1	9.8	23.5	23.5	18.2	4	75
11/05/2015 06:20	9.5	7.8	22.4	22.5	16.9	4	75
11/05/2015 06:25	8.9	6.8	20.1	21.5	15	4	75
11/05/2015 06:30	7.8	5.9	20.8	19	14.1	4	75
11/05/2015 06:35	7.1	5.3	19.6	19.9	14.3	4	75
11/05/2015 06:40	6.8	5.1	18.6	22.4	14.8	4	75
11/05/2015 06:45	6.3	4.9	19.1	24.4	15.6	4	75
11/05/2015 06:50	6.6	5.9	18.7	24.9	15.1	4	75
11/05/2015 06:55	6.2	4.8	18.7	22.5	14.7	4	75
11/05/2015 07:00	5.5	4.1	18.3	21	14.1	4	75
11/05/2015 07:05	5.1	3.3	17.9	17	12.5	4	75
11/05/2015 07:10	4.7	3.7	17.2	16.2	11.5	4	75
11/05/2015 07:15	4.7	3.3	17.4	18.8	13.4	4	75
11/05/2015 07:20	4.4	3.3	17.5	16.5	12.2	4	75
11/05/2015 07:25	4.2	3.1	17.6	17.6	12.8	4	75
11/05/2015 07:30	3.8	3.1	17.4	20.6	13.9	4	75
11/05/2015 07:35	4.5	3.3	17.6	20.5	13.5	4	75
11/05/2015 07:40	5.3	3.6	18.8	24.6	14.8	4	75
11/05/2015 07:45	4.6	3.2	18.9	19	13.7	4	75
11/05/2015 07:50	5.2	4	18.6	18.6	13	4	75
11/05/2015 07:55	4.4	3.1	18.6	19	13.7	4	75
11/05/2015 08:00	4.6	3.4	18	22.4	14.6	4	75
11/05/2015 08:05	4.3	3.1	18.3	19.4	13.5	4	75
11/05/2015 08:10	4.1	3	18.1	20.2	14.3	4	75
11/05/2015 08:15	4.4	3.1	17.6	24.5	15.2	4	75
11/05/2015 08:20	4.3	3	17.3	19.9	13.7	4	75
11/05/2015 08:25	4.3	3.5	17.2	15	10.7	4	75
11/05/2015 08:30	4.2	3.2	17.3	14.9	11.3	4	75
11/05/2015 08:35	3.9	3	16.9	12.9	10.4	4	75
11/05/2015 08:40	4.5	3	17	15.7	11.6	4	75
11/05/2015 08:45	4	3	17	10.9	9.7	4	75
11/05/2015 08:50	4	3	17.4	14.4	11.3	4	75
11/05/2015 08:55	3.9	3.2	17.7	14.1	11.1	4	75
11/05/2015 09:00	4.1	3	17.5	12.5	10.3	4	75
11/05/2015 09:05	4.3	3.1	16.7	15.7	11.3	4	75
11/05/2015 09:10	4.8	3	17	13.6	10.5	4	75
11/05/2015 09:15	5	3	16.8	14.8	11.3	4	75
11/05/2015 09:20	6.6	3.4	17.1	11.7	9.7	4	75
11/05/2015 09:25	5.6	3	17.4	11.6	10.4	4	75
11/05/2015 09:30	5.9	3.5	17.3	11.8	10	4	75
11/05/2015 09:35	5.4	3	17.5	11.8	10.3	4	75
11/05/2015 09:40	4.8	3	17.3	10.1	9.7	4	75
11/05/2015 09:45	5	3.3	17.2	15.9	11.8	4	75
11/05/2015 09:50	5.2	3.6	19.3	19.5	12.8	4	75
11/05/2015 09:55	4.8	3.1	18.3	17.4	12.5	4	75
11/05/2015 10:00	5.8	3.2	17.9	17.4	12.2	4	75
11/05/2015 10:05	5.9	3.5	19.3	21.5	14.5	4	75
11/05/2015 10:10	5.3	4.4	20.4	22.5	15.3	4	75
11/05/2015 10:15	6	5.8	21.1	22.3	15	4	75
11/05/2015 10:20	6	5.5	22.1	18.2	14	4	75
11/05/2015 10:25	7.6	7.1	21.7	21	14.8	4	75
11/05/2015 10:30	8.1	6.5	25	19.1	15.9	4	75
11/05/2015 10:35	7.7	6.3	25.2	17.5	15.4	4	75
11/05/2015 10:40	6.7	5	25.7	15.9	15.7	4	75
11/05/2015 10:45	7.6	6.6	24.2	18.8	14.9	4	75
11/05/2015 10:50	8.9	8	25.4	19.9	16.7	4	75
11/05/2015 10:55	8.7	8.8	26.1	19.7	16.8	4	75
11/05/2015 11:00	9.2	10	26.3	19.4	16.9	4	75
11/05/2015 11:05	9.5	12.7	26.4	21.6	18	4	75
11/05/2015 11:10	8.9	10.1	32.4	23.1	20.4	4	75
11/05/2015 11:15	9	9.7	35.2	21.8	20.2	4	75
11/05/2015 11:20	11	12.4	39.2	23.1	21.5	4	75
11/05/2015 11:25	12	15.2	41.9	22.8	23.2	4	75
11/05/2015 11:30	12.5	16.2	43.6	23	24	4	75
11/05/2015 11:35	15.1	19.6	44.6	25.5	26	4	75
11/05/2015 11:40	18.3	25	46	29.2	29.2	4	75
11/05/2015 11:45	44.7	41.9	49	41.5	44.2	4	75
11/05/2015 11:50	58.2	51.6	51.7	49.2	52.4	4	75
11/05/2015 11:55	66.7	58.7	53.1	52.7	57.8	4	75
11/05/2015 12:00	69.2	61.4	54.9	53.6	59.4	4	75
11/05/2015 12:05	70	63.1	56.1	55.4	61.4	4	75
11/05/2015 12:10	69.7	62.6	56.1	56	61.6	4	75
11/05/2015 12:15	71.5	65	57.3	57.8	63.1	4	75
11/05/2015 12:20	72.1	66.7	57.6	58.4	63.9	4	75
11/05/2015 12:25	70.9	67.1	57.5	56.8	62.9	4	75
11/05/2015 12:30	70.5	67.8	57.1	55.8	62.7	4	75
11/05/2015 12:35	69.5	66.1	57.8	58	63.2	4	75
11/05/2015 12:40	69.2	64.6	56.7	55.9	61.5	4	75
11/05/2015 12:45	69	67.8	58.1	55.1	62	4	75
11/05/2015 12:50	69.6	70.3	58.4	56.5	63.5	4	75
11/05/2015 12:55	70	70	58.2	55.3	63.1	4	75
11/05/2015 13:00	70.4	69.4	58.1	56.7	63.6	4	75
11/05/2015 13:05	70.2	66.5	57.2	56.5	62.6	4	75
11/05/2015 13:10	69.6	65.9	57.6	57.7	62.8	4	75
11/05/2015 13:15	70.2	65.2	57	56.8	62.2	4	75
11/05/2015 13:20	71.4	65.1	57.1	57.3	63.2	4	75
11/05/2015 13:25	72.2	65.6	57.2	57.9	63	4	75
11/05/2015 13:30	73.1	65.3	57.6	56.8	63.3	4	75
11/05/2015 13:35	71.8	63.2	57.5	59	62.8	4	75
11/05/2015 13:40	73	63.4	57.5	57.4	62.9	4	75
11/05/2015 13:45	72	62.6	57	57.9	62.4	4	75
11/05/2015 13:50	72.8	63.4	58.1	58.3	63.2	4	75
11/05/2015 13:55	73.9	64	58.4	57.7	63	4	75
11/05/2015 14:00	73.5	67.1	58.5	57	64.2	4	75
11/05/2015 14:05	73.7	68.6	59.1	58.8	65.5	4	75
11/05/2015 14:10	73.8	69.8	58.9	60.3	65.8	4	75
11/05/2015 14:15	73.2	70	58.9	61.2	65.7	4	75
11/05/2015 14:20	73	68.9	59.2	58.6	65	4	75
11/05/2015 14:25	73.9	70.3	59.1	58.4	65.8	4	75
11/05/2015 14:30	72.7	66.7	58	56.3	63.8	4	75
11/05/2015 14:35	72.9	64.4	58	57.9	63.4	4	75
11/05/2015 14:40	72	66.1	58.3	60.6	64.5	4	75
11/05/2015 14:45	72.6	68.7	60	60.9	65.3	4	75
11/05/2015 14:50	73.4	67.7	59.3	58.7	64.7	4	75
11/05/2015 14:55	73.6	67.8	59.8	60.5	65.6	4	75
11/05/2015 15:00	71.8	66.5	59.8	58.8	65.1	4	75
11/05/2015 15:05	70.5	66.4	59.3	59.5	63.8	4	75
11/05/2015 15:10	71.9	65.2	59.7	59.8	64.5	4	75
11/05/2015 15:15	73.1	67.3	60.9	62.6	66.4	4	75
11/05/2015 15:20	72.9	66.4	60.6	61.2	65.6	4	75
11/05/2015 15:25	74.3	64.4	60.2	60.4	64.8	4	75
11/05/2015 15:30	75.1	65.2	59.6	61.7	65.7	4	75
11/05/2015 15:35	73.9	65.3	60.4	62.6	66.1	4	75
11/05/2015 15:40	71.4	64.1	59.6	61.4	64.7	4	75
11/05/2015 15:45	70.6	65.4	59.2	62	64.5	4	75
11/05/2015 15:50	71.8	66.3	59.6	61.7	65.1	4	75
11/05/2015 15:55	70.3	67.7	61.4	62.3	65.6	4	75
11/05/2015 16:00	70.7	67.6	61	59.5	65.1	4	75
11/05/2015 16:05	70.9	66.1	60.2	61.7	65	4	75
11/05/2015 16:10	71.9	67.5	60.3	60.2	65.2	4	75
11/05/2015 16:15	72.1	66.3	59.7	60.5	64.9	4	75
11/05/2015 16:20	73.4	65.8	58.3	60.5	65	4	75
11/05/2015 16:25	72.6	68	59.5	59.2	65.5	4	75
11/05/2015 16:30	71.1	67.6	59.4	58.1	64.9	4	75
11/05/2015 16:35	70.3	66.8	59.1	58.7	64.4	4	75
11/05/2015 16:40	70.7	66.8	58.9	59	63.8	4	75
11/05/2015 16:45	72.1	66.6	58.6	60.7	65.2	4	75
11/05/2015 16:50	71.4	66.2	58.1	59.3	64.4	4	75
11/05/2015 16:55	70.4	67.3	59.2	61.3	65	4	75
11/05/2015 17:00	71.2	66.4	59.5	58.3	64.3	4	75
11/05/2015 17:05	72.6	67.4	59.7	60.9	65.6	4	75
11/05/2015 17:10	71.1	66.3	60.2	62.6	65.6	4	75
11/05/2015 17:15	71	67.1	60.4	62.9	65.6	4	75
11/05/2015 17:20	71.6	66.2	58.6	60.6	64.7	4	75
11/05/2015 17:25	71	65.8	57.3	58.5	63.8	4	75
11/05/2015 17:30	69.3	63.7	49.5	56.5	61	4	75
11/05/2015 17:35	65.4	59.2	47.8	52.7	57	4	75
11/05/2015 17:40	65.9	60.1	49.2	52.8	57.7	4	75
11/05/2015 17:45	66.4	59.9	46.5	55.4	57.9	4	75
11/05/2015 17:50	66.9	60.3	40.8	51.6	55	4	75
11/05/2015 17:55	66.9	61.2	34.8	55.6	54.8	4	75
11/05/2015 18:00	68.4	61.4	33.1	57	55.9	4	75
11/05/2015 18:05	67.8	60.6	35.9	56.2	55.4	4	75
11/05/2015 18:10	65.4	60	40.8	55.8	56.2	4	75
11/05/2015 18:15	65.2	59.3	45.9	58.4	57.9	4	75
11/05/2015 18:20	66.7	61	47.7	59	59.3	4	75
11/05/2015 18:25	66.8	60.4	50.1	58.2	59.7	4	75
11/05/2015 18:30	67.6	61.9	53.9	56.8	60.5	4	75
11/05/2015 18:35	69	64.5	57.1	58.8	62.7	4	75
11/05/2015 18:40	68.1	63.7	56.6	58.8	62.3	4	75
11/05/2015 18:45	69.8	64.6	57.2	59.3	62.8	4	75
11/05/2015 18:50	69.5	65.4	58.4	62.5	64.4	4	75
11/05/2015 18:55	70.4	64.3	59.5	61.9	64.3	4	75
11/05/2015 19:00	72.9	65.9	61.1	65	66.4	4	75
11/05/2015 19:05	71.4	66	60.9	63.8	65.7	4	75
11/05/2015 19:10	72.4	66.2	61	62.5	65.6	4	75
11/05/2015 19:15	72.6	62.4	58.9	63.1	64.8	4	75
11/05/2015 19:20	72.7	64.9	60	63.6	65.2	4	75
11/05/2015 19:25	72.7	66	60.7	62.5	65.8	4	75
11/05/2015 19:30	74.8	66.8	60.7	64.7	66.8	4	75
11/05/2015 19:35	74.1	68.2	61.1	63.3	66.6	4	75
11/05/2015 19:40	75.7	68.6	61.3	66	67.9	4	75
11/05/2015 19:45	75.2	68.6	61.3	66	68.1	4	75
11/05/2015 19:50	75.2	68.8	61.5	67.3	68.2	4	75
11/05/2015 19:55	76	71.1	62.1	64.4	68.3	4	75
11/05/2015 20:00	73.9	71.6	62.9	63.4	68.1	4	75
11/05/2015 20:05	73.2	68.6	61.4	62.3	66.3	4	75
11/05/2015 20:10	73.2	68.6	62	63	66.3	4	75
11/05/2015 20:15	75.4	68.3	61.6	61.8	66.4	4	75
11/05/2015 20:20	75.3	67.6	61.5	63.8	67.1	4	75
11/05/2015 20:25	75.4	67.9	61.7	62.6	67.1	4	75
11/05/2015 20:30	74.8	69.8	60.8	58	66	4	75
11/05/2015 20:35	77	69.1	61.2	62	67.7	4	75
11/05/2015 20:40	75.4	68.3	60.9	59.6	65.9	4	75
11/05/2015 20:45	76	67.1	58.9	55.4	65.1	4	75
11/05/2015 20:50	75.1	67.8	60.8	60.6	65.4	4	75
11/05/2015 20:55	76.8	68.2	61.7	59.6	66.7	4	75
11/05/2015 21:00	75.5	66.2	60.9	60.5	65.6	4	75
11/05/2015 21:05	76.3	68.7	61.3	59.7	65.4	4	75
11/05/2015 21:10	76.3	69.6	61.8	59.8	67.4	4	75
11/05/2015 21:15	76.3	70.2	61.9	60.4	66.7	4	75
11/05/2015 21:20	75.1	67.4	59.8	62.2	66.5	4	75
11/05/2015 21:25	74.3	68.6	60.3	63.7	66.5	4	75
11/05/2015 21:30	73.8	65.7	59.3	63.7	65.8	4	75
11/05/2015 21:35	73.4	67.8	60.2	61.2	65.8	4	75
11/05/2015 21:40	74.3	69.4	60.7	61.2	66.5	4	75
11/05/2015 21:45	75.2	69	60.8	62	66.9	4	75
11/05/2015 21:50	75.4	67.6	60.2	60.9	66.5	4	75
11/05/2015 21:55	75.3	69.7	61.3	60.8	67.1	4	75
11/05/2015 22:00	74.8	71.4	60.9	59.9	66.8	4	75
11/05/2015 22:05	76.1	71.4	62.1	60.8	67.3	4	75
11/05/2015 22:10	74.5	68.5	60.6	63.3	66.6	4	75
11/05/2015 22:15	75	69.5	61.1	62.9	67.2	4	75
11/05/2015 22:20	73.3	69.5	59.3	57.1	65.1	4	75
11/05/2015 22:25	73.8	70.3	60.6	58.1	65.6	4	75
11/05/2015 22:30	74.5	70.4	61.5	62.4	67	4	75
11/05/2015 22:35	74.4	68.5	60.8	60.1	66	4	75
11/05/2015 22:40	73.8	69	60.6	62.2	65.9	4	75
11/05/2015 22:45	73.2	68	59.9	62.3	65.3	4	75
11/05/2015 22:50	73.4	67.4	59.6	64.4	65.5	4	75
11/05/2015 22:55	74.7	69.8	61.3	65	67	4	75
11/05/2015 23:00	72	69.7	60.7	64.8	66.3	4	75
11/05/2015 23:05	73.9	69.1	60.8	64.9	66.4	4	75
11/05/2015 23:10	73.8	71.2	61.1	66.2	67.5	4	75
11/05/2015 23:15	74.4	71.4	61.9	66	67.6	4	75
11/05/2015 23:20	74.6	69.9	61.2	64.5	67.4	4	75
11/05/2015 23:25	74.6	69.8	61.2	64.5	66.6	4	75
11/05/2015 23:30	75.1	68.6	60.6	65.1	66.2	4	75
11/05/2015 23:35	74.4	69.3	60.7	66	66.4	4	75
11/05/2015 23:40	74.9	69.6	60.9	66.9	67	4	75
11/05/2015 23:45	74.9	66.3	59.9	65.4	65.2	4	75
11/05/2015 23:50	75	68.7	60.7	63.7	65.5	4	75
11/05/2015 23:55	74.6	66	59.6	64.4	65.3	4	75
11/06/2015 00:00	74.8	71	61.8	62.8	67	4	75
11/06/2015 00:05	74.7	69.1	60.7	62.9	65.4	4	75
11/06/2015 00:10	74.9	70.7	61.5	63.8	66.5	4	75
11/06/2015 00:15	75.1	71	61.3	62.2	66.2	4	75
11/06/2015 00:20	75.2	71.4	61.3	62.8	66.9	4	75
11/06/2015 00:25	75.1	71.3	61.4	63.2	66.5	4	75
11/06/2015 00:30	75.3	70.7	61.6	63.3	66.6	4	75
11/06/2015 00:35	74.8	70.1	61.4	62.6	64.8	4	75
11/06/2015 00:40	74.8	70.7	61.6	63.3	66.2	4	75
11/06/2015 00:45	74.5	70.9	61.8	63.6	66.7	4	75
11/06/2015 00:50	74.8	71.3	61.5	63.4	66.5	4	75
11/06/2015 00:55	74.9	70	61.1	63.5	65.7	4	75
11/06/2015 01:00	74.8	70.5	61.4	61.4	64.9	4	75
11/06/2015 01:05	74.6	68	59.6	62	64.2	4	75
11/06/2015 01:10	74.8	69.2	61	62.6	64.2	4	75
11/06/2015 01:15	75.1	70.3	61.4	62.8	66.3	4	75
11/06/2015 01:20	74.7	70.2	61.2	63	66	4	75
11/06/2015 01:25	74.6	70.6	61.3	61.1	65.3	4	75
11/06/2015 01:30	74.7	71.1	61.5	62.2	66	4	75
11/06/2015 01:35	74.9	70.6	61.5	62.5	64.9	4	75
11/06/2015 01:40	74.8	68.4	61.4	63	66.1	4	75
11/06/2015 01:45	74.8	69.7	61.5	63	64.4	4	75
11/06/2015 01:50	74.8	69.9	61.4	62.6	65.1	4	75
11/06/2015 01:55	74.7	70.3	61.6	63.6	65.7	4	75
11/06/2015 02:00	74.4	69.2	60.5	62.1	64.9	4	75
11/06/2015 02:05	74.2	70.2	61.2	62.5	64	4	75
11/06/2015 02:10	74.2	70.7	61.6	61.4	65	4	75
11/06/2015 02:15	74.2	70.6	61.5	62.5	66.2	4	75
11/06/2015 02:20	74.5	70.4	61.5	63	64.7	4	75
11/06/2015 02:25	74.4	70.9	61.6	61.5	65.7	4	75
11/06/2015 02:30	74.4	69.8	60.9	61.9	65.1	4	75
11/06/2015 02:35	74.7	70.4	61.4	62.6	65.1	4	75
11/06/2015 02:40	74.7	70.6	61.5	62.6	64.6	4	75
11/06/2015 02:45	74.8	70.6	61.5	62	65.5	4	75
11/06/2015 02:50	74.8	70.6	61.4	60.5	64.3	4	75
11/06/2015 02:55	74.6	70.7	61.4	62.1	64.7	4	75
11/06/2015 03:00	74.4	70.1	61.3	62.5	65.8	4	75
11/06/2015 03:05	74.7	69.6	61.2	62.7	66.5	4	75
11/06/2015 03:10	74.6	68.3	59.8	61.4	64.8	4	75
11/06/2015 03:15	74.2	69.4	60.7	62.3	66.5	4	75
11/06/2015 03:20	74.6	64.7	57.6	59.7	63.3	4	75
11/06/2015 03:25	74.7	67.7	59.3	61.2	64.5	4	75
11/06/2015 03:30	74.8	68.6	60	61.2	64.9	4	75
11/06/2015 03:35	74.4	70.4	61.4	61.5	66.2	4	75
11/06/2015 03:40	73.8	71.1	61.9	63	67.4	4	75
11/06/2015 03:45	74.2	70.6	61.5	63.9	65.9	4	75
11/06/2015 03:50	74.4	69.2	60.5	58.8	65	4	75
11/06/2015 03:55	74.6	70	61.1	62.1	66.1	4	75
11/06/2015 04:00	72.6	70	61.1	63.2	66.9	4	75
11/06/2015 04:05	73	71.9	61.5	62.4	67.8	4	75
11/06/2015 04:10	73.1	70.1	60.9	62.3	67.5	4	75
11/06/2015 04:15	73	70.1	61.3	64	67.5	4	75
11/06/2015 04:20	72.3	69.1	61.6	66.9	67.9	4	75
11/06/2015 04:25	74.3	70.2	61.4	64.3	68.4	4	75
11/06/2015 04:30	72	67.7	60.8	69.2	67.5	4	75
11/06/2015 04:35	73.1	69.6	61.4	69.8	68.7	4	75
11/06/2015 04:40	74.3	70.4	61.4	67.4	68.7	4	75
11/06/2015 04:45	75.5	69.7	60.9	67.1	68.6	4	75
11/06/2015 04:50	73.6	70.3	61.9	69.5	69	4	75
11/06/2015 04:55	71.8	70.2	60.7	67.4	68	4	75
11/06/2015 05:00	81.1	78.4	68.3	69.5	75.2	4	75
11/06/2015 05:05	84.8	78.7	68.3	68.6	76.4	4	75
11/06/2015 05:10	84.6	76.6	68.8	69.5	76.5	4	75
11/06/2015 05:15	83.9	76	68.8	70.7	76.6	4	75
11/06/2015 05:20	81.9	73.1	68.3	69.8	74.3	4	75
11/06/2015 05:25	80.3	71.3	68.3	68.2	73	4	75
11/06/2015 05:30	63.7	59.7	68.3	62.2	63.3	4	75
11/06/2015 05:35	51.1	50.3	61.3	57.3	54.7	4	75
11/06/2015 05:40	36.8	38.9	56.2	51	45.6	4	75
11/06/2015 05:45	32.2	31.7	50	46.5	40.1	4	75
11/06/2015 05:50	28.2	27.9	45.6	41.1	35.6	4	75
11/06/2015 05:55	24.7	24.2	42.9	37.2	32.5	4	75
11/06/2015 06:00	19.5	18.2	36.9	32.1	26.9	4	75
11/06/2015 06:05	16.9	16.3	31.3	27.4	23.1	4	75
11/06/2015 06:10	14.7	14	29.3	23	20.3	4	75
11/06/2015 06:15	12.5	11.3	27.8	21.9	19	4	75
11/06/2015 06:20	11.5	10	25.3	22.2	17.5	4	75
11/06/2015 06:25	11	9.1	24.6	22.7	17.6	4	75
11/06/2015 06:30	9.2	7.1	24.9	20.4	16.8	4	75
11/06/2015 06:35	8.6	7	24.5	22.2	16.7	4	75
11/06/2015 06:40	8.1	7.3	22.7	23.3	16.5	4	75
11/06/2015 06:45	7.5	6.6	21.7	21.8	16	4	75
11/06/2015 06:50	7.2	5.7	21.4	16.4	13.1	4	75
11/06/2015 06:55	6.3	5.1	20.4	17.3	13.3	4	75
11/06/2015 07:00	6.4	5.2	21.7	17.1	13.2	4	75
11/06/2015 07:05	6	4.3	21.3	18.1	14.1	4	75
11/06/2015 07:10	5.7	4	21.1	21.7	15	4	75
11/06/2015 07:15	6	4.4	21.6	24.1	15.9	4	75
11/06/2015 07:20	5.8	4.7	22.4	25.7	17.5	4	75
11/06/2015 07:25	5.5	3.9	24.1	22.8	16.9	4	75
11/06/2015 07:30	5.7	4	23.4	22.8	16.6	4	75
11/06/2015 07:35	5.1	3.4	24.8	23.5	17.7	4	75
11/06/2015 07:40	4.9	3.2	24.3	22.4	17	4	75
11/06/2015 07:45	4.8	3	24.5	24.8	18.2	4	75
11/06/2015 07:50	4.3	3	21.4	23.5	17	4	75
11/06/2015 07:55	4.7	3	21.3	23.1	16.2	4	75
11/06/2015 08:00	4.5	3.2	20.1	24.3	16.2	4	75
11/06/2015 08:05	4.5	3	21.6	26.9	17.9	4	75
11/06/2015 08:10	5.2	3	24	28	18.7	4	75
11/06/2015 08:15	4.7	3	21.8	23.4	16.8	4	75
11/06/2015 08:20	3.8	3	22	21.3	16.3	4	75
11/06/2015 08:25	4.5	3.5	23.5	22.4	16.1	4	75
11/06/2015 08:30	5	3.8	24.1	21	15	4	75
11/06/2015 08:35	3.9	3	20.9	14.4	12.7	4	75
11/06/2015 08:40	3.7	3.1	20.4	12.9	11.8	4	75
11/06/2015 08:45	4.9	3.6	20.4	16.1	12.6	4	75
11/06/2015 08:50	5.5	3.6	20.1	15.9	12.6	4	75
11/06/2015 08:55	4.9	3.6	21	17.7	14.1	4	75
11/06/2015 09:00	5.9	3.9	23.9	20.8	15.7	4	75
11/06/2015 09:05	6.1	3.9	24.7	17.9	15.1	4	75
11/06/2015 09:10	4.9	3	21	12.2	13	4	75
11/06/2015 09:15	5.3	3.3	23	15.1	13.3	4	75
11/06/2015 09:20	5.9	3.4	22.1	18.3	14.7	4	75
11/06/2015 09:25	7.4	4.5	25.4	20.2	16	4	75
11/06/2015 09:30	6.4	4.7	24.9	19.5	15.9	4	75
11/06/2015 09:35	6.5	4.7	26.7	17.4	15.5	4	75
11/06/2015 09:40	6.7	5	29.5	17	16.2	4	75
11/06/2015 09:45	6.6	6.3	33.6	20.2	18.2	4	75
11/06/2015 09:50	6.7	6.3	45.4	20.6	22.6	4	75
11/06/2015 09:55	7.8	7.2	49.1	20.1	22.7	4	75
11/06/2015 10:00	7.9	8.6	52.8	17.4	22.9	4	75
11/06/2015 10:05	9.8	13.1	56	20.1	24.7	4	75
11/06/2015 10:10	13.4	17.1	56.4	23.2	27.9	4	75
11/06/2015 10:15	36.2	36.3	56.8	39.5	42.4	4	75
11/06/2015 10:20	53.6	50.7	56.2	45.9	51.5	4	75
11/06/2015 10:25	61.9	58.7	54.3	48.7	55.7	4	75
11/06/2015 10:30	62.9	58.3	55.4	52	57.1	4	75
11/06/2015 10:35	66.4	63.7	56.3	54	60	4	75
11/06/2015 10:40	68.2	64.2	56.5	54.3	60.2	4	75
11/06/2015 10:45	69.1	64.4	56.8	54.2	60.7	4	75
11/06/2015 10:50	70	67	58.8	56.6	62.9	4	75
11/06/2015 10:55	69.9	65	57.4	57.3	62.2	4	75
11/06/2015 11:00	71	66.5	58.4	55.6	62.5	4	75
11/06/2015 11:05	71	64	56.5	53.6	61.4	4	75
11/06/2015 11:10	68.9	62.6	56.5	52.2	60.6	4	75
11/06/2015 11:15	69.9	63.7	56.9	53.4	60.9	4	75
11/06/2015 11:20	69.4	63.8	56.1	54.3	61	4	75
11/06/2015 11:25	69.6	65.7	55.7	52.6	61	4	75
11/06/2015 11:30	67.8	64.7	55.1	51.3	60.4	4	75
11/06/2015 11:35	70.5	65.3	55.5	52.3	60.9	4	75
11/06/2015 11:40	70.4	64	56.5	52.1	61.1	4	75
11/06/2015 11:45	69.8	67.6	56.9	51.6	61.4	4	75
11/06/2015 11:50	69.3	65.6	57.7	54.2	61.5	4	75
11/06/2015 11:55	69.8	65.1	57.1	53.5	61.3	4	75
11/06/2015 12:00	70.9	65.3	57.5	55.3	62.4	4	75
11/06/2015 12:05	71.2	63.9	56.9	57.3	62.4	4	75
11/06/2015 12:10	70.4	63.5	56.1	53.4	61.1	4	75
11/06/2015 12:15	71	65.4	55.9	54	61.9	4	75
11/06/2015 12:20	70	67.4	57.2	54	62.2	4	75
11/06/2015 12:25	71.9	68.9	57.1	54.8	63.2	4	75
11/06/2015 12:30	70.7	70.1	56.4	53.5	63	4	75
11/06/2015 12:35	70.6	68.8	56.2	55.4	62.5	4	75
11/06/2015 12:40	71.3	70	57.1	55.5	63.5	4	75
11/06/2015 12:45	70.5	67.3	56.3	54.8	62	4	75
11/06/2015 12:50	70.7	68.2	56.6	54.8	62.4	4	75
11/06/2015 12:55	71.3	68.6	56.5	54.5	62.3	4	75
11/06/2015 13:00	71.2	67.2	55.1	54.4	62.8	4	75
11/06/2015 13:05	73.7	67.4	56.4	57.5	64	4	75
11/06/2015 13:10	74	68.9	57.1	56.4	64.6	4	75
11/06/2015 13:15	74.5	68.2	57.3	56.3	64.4	4	75
11/06/2015 13:20	73.3	67.1	56.9	57.6	64.1	4	75
11/06/2015 13:25	72.6	66.7	57.1	54.7	63.2	4	75
11/06/2015 13:30	71.7	65.9	57.5	56.2	63.4	4	75
11/06/2015 13:35	72.6	67	56.8	57.4	63.5	4	75
11/06/2015 13:40	74.3	67.5	58.4	57.7	64.5	4	75
11/06/2015 13:45	75.2	69.2	56.3	57.6	64.9	4	75
11/06/2015 13:50	76.6	69.7	56.6	57.7	65.4	4	75
11/06/2015 13:55	75.4	69.4	57.6	60.5	66	4	75
11/06/2015 14:00	72.8	67.7	58.9	59.3	64.9	4	75
11/06/2015 14:05	72.5	70.5	58.6	61.7	65.8	4	75
11/06/2015 14:10	73.8	71.7	59.1	62.6	67.1	4	75
11/06/2015 14:15	74.1	69.1	59.8	61.6	66.6	4	75
11/06/2015 14:20	75.7	67.2	58.4	59.9	65.3	4	75
11/06/2015 14:25	73.6	65.6	57.3	58.6	64.1	4	75
11/06/2015 14:30	74.3	64.2	57.6	59.2	64.2	4	75
11/06/2015 14:35	75.1	65.4	57.6	58.4	64.9	4	75
11/06/2015 14:40	75	66.5	58.4	59.2	65.4	4	75
11/06/2015 14:45	74.7	66.8	58.3	60.3	65	4	75
11/06/2015 14:50	75.1	67.7	58.7	57.7	65	4	75
11/06/2015 14:55	76.8	69.8	59.6	61.3	67.5	4	75
11/06/2015 15:00	74.5	69	60.3	63.6	67	4	75
11/06/2015 15:05	74.8	69.5	59.7	61.5	66.6	4	75
11/06/2015 15:10	74.9	70.9	59.8	59.2	66.5	4	75
11/06/2015 15:15	76.4	71.5	60	61.6	67.7	4	75
11/06/2015 15:20	75.3	72.2	61.4	61.4	67.9	4	75
11/06/2015 15:25	74.8	70.7	61.1	61.5	67.5	4	75
11/06/2015 15:30	74.6	70.8	61	61.1	67.1	4	75
11/06/2015 15:35	73.3	72.4	60.6	60.8	66.9	4	75
11/06/2015 15:40	72.7	70.3	59.4	60.3	66.2	4	75
11/06/2015 15:45	71.8	70	59.1	60	65.6	4	75
11/06/2015 15:50	72.2	70	59.2	59.1	65.7	4	75
11/06/2015 15:55	73.7	66.8	58.6	58.5	64.9	4	75
11/06/2015 16:00	73.6	64.9	58.7	57.8	64.5	4	75
11/06/2015 16:05	75.9	66.1	59.1	58.8	65.5	4	75
11/06/2015 16:10	75.8	68.4	59.8	60.1	66.2	4	75
11/06/2015 16:15	75.2	68.7	58.9	59.5	66	4	75
11/06/2015 16:20	74.5	69.4	58.8	57.8	65.4	4	75
11/06/2015 16:25	74	71.1	60.4	61.2	67.2	4	75
11/06/2015 16:30	74.9	70.9	61.1	61.2	67.6	4	75
11/06/2015 16:35	72.7	68.3	60.9	63.5	66.9	4	75
11/06/2015 16:40	71.2	69.3	60.2	61.7	65.7	4	75
11/06/2015 16:45	70.7	67.3	59.1	61.5	65.1	4	75
11/06/2015 16:50	72.6	68.4	60.6	63.4	66.6	4	75
11/06/2015 16:55	73.7	69.2	60.5	63.8	67.2	4	75
11/06/2015 17:00	73	69.1	60.4	62.7	66.5	4	75
11/06/2015 17:05	74.4	69.2	60.5	60.8	66.7	4	75
11/06/2015 17:10	74.4	69.9	59	59.4	65.4	4	75
11/06/2015 17:15	75.1	69.1	60.2	59.8	66.9	4	75
11/06/2015 17:20	73.3	68.3	57	58.7	64.8	4	75
11/06/2015 17:25	72.7	65.3	55.8	58.2	63.6	4	75
11/06/2015 17:30	54	42.4	56.7	36.4	48.8	4	75
11/06/2015 17:35	32.1	23.4	57.1	19.7	38	4	75
11/06/2015 17:40	17.5	12.4	44.1	11.2	28.3	4	75
11/06/2015 17:45	10.3	7	31.3	7	17.3	4	75
11/06/2015 17:50	9.4	5.5	24.2	4.8	11.6	4	75
11/06/2015 17:55	9.5	4.8	22.3	3.4	11.7	4	75
11/06/2015 18:00	8.8	4.1	20.4	3	10.6	4	75
11/06/2015 18:05	8.9	3.9	18.3	3	9.3	4	75
11/06/2015 18:10	9.3	3.7	17.8	3	10.2	4	75
11/06/2015 18:15	11.6	4.6	17.4	3	10.4	4	75
11/06/2015 18:20	13.1	5.1	18.3	3	11.4	4	75
11/06/2015 18:25	14.7	5.9	18	3	12.2	4	75
11/06/2015 18:30	19.5	12.5	20.1	3	16.2	4	75
11/06/2015 18:35	21.2	13.8	22.5	3	17.6	4	75
11/06/2015 18:40	15.7	13.5	23.6	7.1	15.1	4	75
11/06/2015 18:45	9.4	8.6	27	9.8	15.6	4	75
11/06/2015 18:50	15.8	15.9	25.3	19.1	18.7	4	75
11/06/2015 18:55	22.8	30.1	30.8	34.4	29	4	75
11/06/2015 19:00	49	51.1	46.7	47.2	48.4	4	75
11/06/2015 19:05	61.3	60.9	54.2	55.6	57.9	4	75
11/06/2015 19:10	66.9	64.7	57.1	61	62.6	4	75
11/06/2015 19:15	69.6	68.5	59.6	62.3	65.3	4	75
11/06/2015 19:20	72.1	69	59.7	58.7	64.9	4	75
11/06/2015 19:25	74.3	67.4	60	61.5	65.7	4	75
11/06/2015 19:30	75.1	65.5	61	62.3	65.9	4	75
11/06/2015 19:35	74.1	67.4	60.2	61.1	65.6	4	75
11/06/2015 19:40	75.2	66.9	61.2	62.9	66.7	4	75
11/06/2015 19:45	74.7	69	62	62.6	67.1	4	75
11/06/2015 19:50	73.4	71.3	62.1	62.5	67.4	4	75
11/06/2015 19:55	73.5	70.9	61.8	61.2	67	4	75
11/06/2015 20:00	73	70.9	62.2	61.3	66.6	4	75
11/06/2015 20:05	72.1	69.9	61.4	62.1	66.3	4	75
11/06/2015 20:10	74.2	70.1	61.4	61.5	66.4	4	75
11/06/2015 20:15	75.9	67.7	60.9	61.4	66.3	4	75
11/06/2015 20:20	76.1	69.5	61.4	60.5	66.2	4	75
11/06/2015 20:25	76.5	70.6	61.4	60.8	67	4	75
11/06/2015 20:30	75.5	68.8	62.2	62.4	67.5	4	75
11/06/2015 20:35	75.5	71.4	62.2	62.5	68.1	4	75
11/06/2015 20:40	74	72.3	61.7	59.6	66.9	4	75
11/06/2015 20:45	75.6	72.8	62.1	60.4	67.2	4	75
11/06/2015 20:50	75.5	72.1	62.7	63.3	68	4	75
11/06/2015 20:55	76.4	72.3	62	59.6	67	4	75
11/06/2015 21:00	74.9	68.8	60.3	58.8	66	4	75
11/06/2015 21:05	74.6	69.2	60.5	58.8	65.9	4	75
11/06/2015 21:10	74.7	69.7	60.9	59	65.6	4	75
11/06/2015 21:15	72.7	68.2	61.5	60.1	65.8	4	75
11/06/2015 21:20	73.4	67.5	62.3	60.8	65.6	4	75
11/06/2015 21:25	73.7	68.7	62.1	61	66.5	4	75
11/06/2015 21:30	71.7	69.3	60.5	59.5	65.1	4	75
11/06/2015 21:35	71	69.9	60.7	60.1	65.3	4	75
11/06/2015 21:40	72.6	68.9	61.6	61	65.4	4	75
11/06/2015 21:45	73.4	69	62.3	61.9	66.7	4	75
11/06/2015 21:50	73.4	70.5	61.5	60.9	65.8	4	75
11/06/2015 21:55	74.3	70.6	61.5	62.3	67.3	4	75
11/06/2015 22:00	76.4	70.7	62.5	62.7	67.8	4	75
11/06/2015 22:05	75	69.7	62.3	63.6	67.4	4	75
11/06/2015 22:10	74.9	68.1	61.9	65.3	67.3	4	75
11/06/2015 22:15	74.4	69.7	61.1	60.7	66.3	4	75
11/06/2015 22:20	73.9	67.6	61.6	61.5	65.9	4	75
11/06/2015 22:25	75.1	70.2	61.2	58.1	65.8	4	75
11/06/2015 22:30	71.9	70	61.4	59.8	66	4	75
11/06/2015 22:35	71.5	69.6	62.2	58.6	65.4	4	75
11/06/2015 22:40	73.2	70.3	61.3	58	65.3	4	75
11/06/2015 22:45	73.7	72.1	61.7	59.3	66.8	4	75
11/06/2015 22:50	72.9	73	61.9	59.9	66.6	4	75
11/06/2015 22:55	71.8	72	62.1	59.9	66	4	75
11/06/2015 23:00	72.4	72.7	61.5	60	66.7	4	75
11/06/2015 23:05	74.3	73.9	61.4	58.3	67.2	4	75
11/06/2015 23:10	74.7	71.5	61.5	61.5	67	4	75
11/06/2015 23:15	75.1	70.1	61.1	62.5	66.6	4	75
11/06/2015 23:20	75.2	73.3	61.7	64.8	68.2	4	75
11/06/2015 23:25	75.6	73	61.9	64.4	67.7	4	75
11/06/2015 23:30	76.3	72.2	62.2	65.1	68.7	4	75
11/06/2015 23:35	75.5	68.8	61.7	62.8	67	4	75
11/06/2015 23:40	76	70.6	61.5	63.2	67.7	4	75
11/06/2015 23:45	75.2	70.4	61.5	63.6	66.6	4	75
11/06/2015 23:50	75.5	71.4	61.9	61.6	67.4	4	75
11/06/2015 23:55	75.4	71.4	61.9	62.6	67.6	4	75
11/07/2015 00:00	74.8	71	67.4	62.8	69	4	100
11/07/2015 00:05	73.4	72.1	67.1	59.4	68.7	4	100
11/07/2015 00:10	74	72.4	67.5	61.6	68.7	4	100
11/07/2015 00:15	74	71.2	67.9	62.1	67.9	4	100
11/07/2015 00:20	74.3	71.7	64.7	62.5	67.9	4	100
11/07/2015 00:25	74.6	70.6	66.9	56.9	66.5	4	100
11/07/2015 00:30	74.8	70.8	67.1	60.6	67.9	4	100
11/07/2015 00:35	74.9	70.7	68.3	61.4	68.3	4	100
11/07/2015 00:40	75.5	69.8	66.6	62.9	68.6	4	100
11/07/2015 00:45	75.2	71.2	65	61.4	67.6	4	100
11/07/2015 00:50	75	71.7	66.8	60.3	69.4	4	100
11/07/2015 00:55	75	71.6	67.3	61.8	68.5	4	100
11/07/2015 01:00	74	65.8	64.3	62.8	66.8	4	100
11/07/2015 01:05	74.4	65.9	64.3	62.9	65.8	4	100
11/07/2015 01:10	74.6	68.4	67.6	61.9	67.9	4	100
11/07/2015 01:15	74.8	69.2	68.4	62	68.1	4	100
11/07/2015 01:20	74.9	70.3	70.2	63.1	68.8	4	100
11/07/2015 01:25	74.8	69.8	68.6	63.5	68.2	4	100
11/07/2015 01:30	74.5	70.7	66.4	63.1	68.6	4	100
11/07/2015 01:35	75	71.4	67.1	63.3	69.1	4	100
11/07/2015 01:40	75	70.2	67.1	63.6	68.2	4	100
11/07/2015 01:45	74.6	70.5	66.1	63.3	68.1	4	100
11/07/2015 01:50	74.6	70.5	65.8	63.1	68.7	4	100
11/07/2015 01:55	74.9	71	66.3	62.7	68.1	4	100
11/07/2015 02:00	75	71	66.5	63.1	67.9	4	100
11/07/2015 02:05	74.7	70.4	66.4	63	68.6	4	100
11/07/2015 02:10	74.3	70.6	67.9	63.5	68.7	4	100
11/07/2015 02:15	74.5	71.1	67	63.6	67.9	4	100
11/07/2015 02:20	74.7	70.9	64.4	63.3	68.6	4	100
11/07/2015 02:25	74.4	70.5	66.2	62.9	68.1	4	100
11/07/2015 02:30	74.5	70.7	66.6	63.1	68.1	4	100
11/07/2015 02:35	74.5	70.9	65.6	58.7	66.2	4	100
11/07/2015 02:40	74.5	71	65	61.3	67.1	4	100
11/07/2015 02:45	74.4	71.2	65.7	58.9	67.1	4	100
11/07/2015 02:50	74.5	71.1	65.3	59.3	66.2	4	100
11/07/2015 02:55	74.6	69.3	61.2	61.4	65.7	4	100
11/07/2015 03:00	74.5	69.7	62.6	62.4	67.5	4	100
11/07/2015 03:05	74.7	70.4	63.5	62.1	66.6	4	100
11/07/2015 03:10	74.7	71	60.2	60.4	66.3	4	100
11/07/2015 03:15	74.2	70.6	62.8	61.9	67.9	4	100
11/07/2015 03:20	74	70.7	64.8	62.7	68.3	4	100
11/07/2015 03:25	74.1	70.7	64.6	59.6	66.8	4	100
11/07/2015 03:30	74.3	67.5	64.5	60.1	66.5	4	100
11/07/2015 03:35	74.4	67.9	57.9	60.5	65.3	4	100
11/07/2015 03:40	74.6	69.3	61.5	61.8	66.4	4	100
11/07/2015 03:45	74.3	70.2	64.4	54.4	64.2	4	100
11/07/2015 03:50	74.7	68.4	63.8	58.7	67.6	4	100
11/07/2015 03:55	74.5	67.7	64.8	60.9	66.4	4	100
11/07/2015 04:00	74.3	69	53.8	62	65	4	100
11/07/2015 04:05	74.6	67.5	60.3	62.5	66.7	4	100
11/07/2015 04:10	74.7	69.1	55	63	64.7	4	100
11/07/2015 04:15	74.4	67.1	57.9	60.9	65.6	4	100
11/07/2015 04:20	74.9	68.2	63.2	61.2	67.1	4	100
11/07/2015 04:25	74.6	70	65.8	59.5	67.8	4	100
11/07/2015 04:30	75.2	68.6	67.9	56.4	66.6	4	100
11/07/2015 04:35	73.7	70.4	65.1	61.5	67.9	4	100
11/07/2015 04:40	74.3	70.5	58.8	59.7	65.4	4	100
11/07/2015 04:45	74.7	70.1	63.9	62.6	67.8	4	100
11/07/2015 04:50	75.1	69.9	59.1	63.9	67.6	4	100
11/07/2015 04:55	76	71.5	65.3	65.7	70	4	100
11/07/2015 05:00	76.5	69.6	67	63.1	69.2	4	100
11/07/2015 05:05	76.6	71.9	62.9	62.2	69.6	4	100
11/07/2015 05:10	76.4	71.3	65	62.5	69.3	4	100
11/07/2015 05:15	75.6	67.5	62.9	64.6	68	4	100
11/07/2015 05:20	73.1	69.1	62.7	64.9	68.2	4	100
11/07/2015 05:25	73.9	72.6	63.2	62	68.1	4	100
11/07/2015 05:30	73.9	70.3	63.9	62.9	68.7	4	100
11/07/2015 05:35	73.2	70.7	68.5	61.5	69.2	4	100
11/07/2015 05:40	73.5	71.7	69.6	62.6	69.5	4	100
11/07/2015 05:45	73.8	73.3	66.5	63.5	69.3	4	100
11/07/2015 05:50	73.8	73.7	59.9	66.3	68.9	4	100
11/07/2015 05:55	73.5	71.7	58.4	66.2	68.4	4	100
11/07/2015 06:00	73.2	71.7	52.8	60	65.2	4	100
11/07/2015 06:05	74.8	69.5	52.3	56.9	64.2	4	100
11/07/2015 06:10	74.8	69.5	53.5	58.1	64.5	4	100
11/07/2015 06:15	74.2	68.8	54.4	57	64	4	100
11/07/2015 06:20	73.9	67.7	57	57.7	64.4	4	100
11/07/2015 06:25	74.2	66.2	55.6	59.3	64.7	4	100
11/07/2015 06:30	72.7	66.6	56.6	56.3	63.3	4	100
11/07/2015 06:35	71.9	66	53.6	57	62.5	4	100
11/07/2015 06:40	71.4	65.2	54	55.7	62	4	100
11/07/2015 06:45	71.6	61.7	50.2	54.7	60.4	4	100
11/07/2015 06:50	70.6	62.3	53.2	55	60.7	4	100
11/07/2015 06:55	70.6	61.9	54.1	55.7	60.5	4	100
11/07/2015 07:00	72.8	63.8	53.8	54.3	61.4	4	100
11/07/2015 07:05	71.9	63.6	52.5	55.8	61.6	4	100
11/07/2015 07:10	70.7	62.8	52.4	54.1	60.1	4	100
11/07/2015 07:15	69.6	61.2	52	54.2	60.1	4	100
11/07/2015 07:20	70.7	63.5	52.4	51.1	59.6	4	100
11/07/2015 07:25	69.1	62.7	51.5	48.9	58.4	4	100
11/07/2015 07:30	70.3	64	52.3	50.9	59.7	4	100
11/07/2015 07:35	68.3	63.4	53.2	50.5	58.3	4	100
11/07/2015 07:40	69.7	63	54.4	49.2	58.6	4	100
11/07/2015 07:45	66.3	59.6	47	40.6	53.3	4	100
11/07/2015 07:50	63.9	57	44.2	29.7	49.7	4	100
11/07/2015 07:55	61.1	54.4	41.2	23.4	45.8	4	100
11/07/2015 08:00	61.4	53.1	40.9	21.7	44.6	4	100
11/07/2015 08:05	66.2	58.4	45.4	37	52.2	4	100
11/07/2015 08:10	68.4	63.7	49.7	47.1	58.1	4	100
11/07/2015 08:15	68.2	62.7	54.7	49.5	58.7	4	100
11/07/2015 08:20	69.6	65.8	52.7	53.3	60.8	4	100
11/07/2015 08:25	69.6	66.4	54.3	54.6	61.4	4	100
11/07/2015 08:30	70.6	67.5	55.3	54.5	62.1	4	100
11/07/2015 08:35	68.9	66.2	54.1	54	60.8	4	100
11/07/2015 08:40	70.2	65.4	56.5	52.9	61.3	4	100
11/07/2015 08:45	69.4	67	58.7	54.8	62.2	4	100
11/07/2015 08:50	68.5	67.1	56.1	55	61.4	4	100
11/07/2015 08:55	68.6	65.8	54.5	55.2	61	4	100
11/07/2015 09:00	69.6	65.7	58	54.6	62.4	4	100
11/07/2015 09:05	69.4	67.3	57.3	54.2	61.7	4	100
11/07/2015 09:10	69.4	67.3	57.8	56.9	62.7	4	100
11/07/2015 09:15	68.2	68.3	59.8	55.7	62.8	4	100
11/07/2015 09:20	69.2	68.9	60	56.4	63.7	4	100
11/07/2015 09:25	68.3	65.8	59.6	55.7	62.6	4	100
11/07/2015 09:30	68.2	64.8	61.7	55	62.1	4	100
11/07/2015 09:35	68.2	65.3	60.8	56	62.6	4	100
11/07/2015 09:40	69.1	67.8	61.6	57.5	63.9	4	100
11/07/2015 09:45	68.4	66.8	61.6	55.9	62.8	4	100
11/07/2015 09:50	68	67.3	59.4	57.8	63	4	100
11/07/2015 09:55	66.3	65.3	59.1	54.6	61.1	4	100
11/07/2015 10:00	67.7	64.4	56.6	55.3	61	4	100
11/07/2015 10:05	67.6	66.3	57.7	54.7	61.7	4	100
11/07/2015 10:10	68.7	67.7	61.5	54.7	63.1	4	100
11/07/2015 10:15	69.5	65.9	56.9	55.1	62.3	4	100
11/07/2015 10:20	71.2	66.9	57.5	56.2	62.9	4	100
11/07/2015 10:25	69.7	67.4	57.4	56.1	62.8	4	100
11/07/2015 10:30	70.4	68.8	56.5	55.1	62.7	4	100
11/07/2015 10:35	69.2	66.9	59.1	55	62.9	4	100
11/07/2015 10:40	70.6	68.3	60.2	57.1	63.8	4	100
11/07/2015 10:45	70.4	67.2	59.6	55.8	63.2	4	100
11/07/2015 10:50	69.9	67.1	56.6	56.2	62.3	4	100
11/07/2015 10:55	69	66.2	57.3	54.1	61.8	4	100
11/07/2015 11:00	69.5	67.5	60.9	55.7	63.6	4	100
11/07/2015 11:05	68.6	69.5	61.9	57.8	64.3	4	100
11/07/2015 11:10	67.3	67.5	59.9	57.4	63.2	4	100
11/07/2015 11:15	68.8	66.8	60.8	57.7	63.5	4	100
11/07/2015 11:20	69.6	67.2	58.7	56.8	63.3	4	100
11/07/2015 11:25	70.3	69.2	61.1	57.1	64.3	4	100
11/07/2015 11:30	70.9	69.4	58.5	57.5	64.5	4	100
11/07/2015 11:35	69.6	70.4	60	57.2	64.7	4	100
11/07/2015 11:40	69	70.3	62.5	56.8	65	4	100
11/07/2015 11:45	70.5	70.7	61.3	54.3	64	4	100
11/07/2015 11:50	70.6	69.7	62.5	55.6	64.6	4	100
11/07/2015 11:55	69.8	69	62.3	58.7	65.1	4	100
11/07/2015 12:00	70.2	68.3	62	57.9	64.8	4	100
11/07/2015 12:05	69.9	69.5	60.7	57.5	64.6	4	100
11/07/2015 12:10	69.8	69.1	60.4	56.9	64.4	4	100
11/07/2015 12:15	70.3	69.5	60.1	57	64.8	4	100
11/07/2015 12:20	70.9	68.6	60.6	57.4	64.9	4	100
11/07/2015 12:25	70	69.7	62.7	60.4	66.3	4	100
11/07/2015 12:30	71	67.5	65.7	59.7	66.2	4	100
11/07/2015 12:35	70.8	69.2	64	56.9	65.3	4	100
11/07/2015 12:40	71.6	69.1	63.8	57.1	65.5	4	100
11/07/2015 12:45	71.3	69.6	63	56.9	65.6	4	100
11/07/2015 12:50	70.4	68.7	63.2	56.3	64.9	4	100
11/07/2015 12:55	71.6	69.4	60.1	54	63.9	4	100
11/07/2015 13:00	71.4	69.1	58.7	57.1	64.5	4	100
11/07/2015 13:05	71.4	69.7	62.2	59.8	65.9	4	100
11/07/2015 13:10	67.7	66.1	64.9	58.6	64.6	4	100
11/07/2015 13:15	52.9	51	53.6	53.1	52.6	4	100
11/07/2015 13:20	32.8	33.2	39.6	42.7	37.4	4	100
11/07/2015 13:25	41.3	42.1	42.7	44.4	42.5	4	100
11/07/2015 13:30	57.6	56.8	51.6	51	54.3	4	100
11/07/2015 13:35	65.3	61.9	56.4	55.3	60	4	100
11/07/2015 13:40	68.6	65.4	59.9	58.7	63.2	4	100
11/07/2015 13:45	68.5	68.1	57.5	58	63.6	4	100
11/07/2015 13:50	70.2	70.4	63	59.7	66	4	100
11/07/2015 13:55	71.6	70.3	61.8	59.7	66	4	100
11/07/2015 14:00	71.6	70.2	64.1	61.8	67.2	4	100
11/07/2015 14:05	73.5	68	62.9	62.1	66.9	4	100
11/07/2015 14:10	72.5	68.6	61.9	58.7	66.1	4	100
11/07/2015 14:15	72.4	68.4	65.4	59.7	66.6	4	100
11/07/2015 14:20	72.1	67.8	66	60.4	66.5	4	100
11/07/2015 14:25	72.6	67.9	66.3	61	67.2	4	100
11/07/2015 14:30	72.6	67.5	66	60.9	66.9	4	100
11/07/2015 14:35	71.5	69.7	66.1	60.8	67.1	4	100
11/07/2015 14:40	73.8	69.3	65.8	63.1	68.4	4	100
11/07/2015 14:45	74	70.2	64.3	60.1	67.6	4	100
11/07/2015 14:50	73	69.1	62.9	61.1	66.5	4	100
11/07/2015 14:55	74.5	68.6	63.8	61.3	67.3	4	100
11/07/2015 15:00	72.4	68.5	65.2	60.5	67.1	4	100
11/07/2015 15:05	71.1	68.5	64.2	61.7	66.5	4	100
11/07/2015 15:10	69.7	68.9	62.2	56.5	64.5	4	100
11/07/2015 15:15	69.8	68.7	63.5	57.9	65	4	100
11/07/2015 15:20	71.2	69.6	65.9	59.4	66.6	4	100
11/07/2015 15:25	71.4	68.5	64.3	59.8	66.1	4	100
11/07/2015 15:30	71.9	69.8	66.1	58.6	67	4	100
11/07/2015 15:35	72.9	69	66.1	58.7	66.9	4	100
11/07/2015 15:40	72.7	67.6	67.5	59.5	67.1	4	100
11/07/2015 15:45	72	65.9	66.5	59.2	66	4	100
11/07/2015 15:50	72.1	67.9	66.3	60.2	66.8	4	100
11/07/2015 15:55	70.9	68.6	66.1	57.5	66.1	4	100
11/07/2015 16:00	71.7	68	62.5	59.1	65.4	4	100
11/07/2015 16:05	68.5	65.3	62.1	59.9	64.3	4	100
11/07/2015 16:10	43.1	42.2	51.6	50.5	47.1	4	100
11/07/2015 16:15	52.9	50.9	55.9	53.6	53.3	4	100
11/07/2015 16:20	63.2	58.7	61.7	56.9	60.3	4	100
11/07/2015 16:25	65.8	61.7	64.2	57.2	62.4	4	100
11/07/2015 16:30	69.2	64.5	64.9	57.2	64.4	4	100
11/07/2015 16:35	70.3	67.1	64	59.6	65.4	4	100
11/07/2015 16:40	71	68	63.9	59.9	65.9	4	100
11/07/2015 16:45	71.2	68.4	65.4	60.5	66.4	4	100
11/07/2015 16:50	71.7	68.3	65.1	60.8	66.6	4	100
11/07/2015 16:55	72	69.6	66.9	60.7	67.4	4	100
11/07/2015 17:00	72.4	70.3	67.7	60.4	67.8	4	100
11/07/2015 17:05	71.4	69.3	69.9	60.6	68	4	100
11/07/2015 17:10	69.6	69	68	57.8	66.6	4	100
11/07/2015 17:15	70.4	65.7	66.4	59.3	65.8	4	100
11/07/2015 17:20	70.9	67	66.7	60.2	66.4	4	100
11/07/2015 17:25	71.8	66.4	67.1	60.6	66.5	4	100
11/07/2015 17:30	70.1	66	66.7	59.6	65.9	4	100
11/07/2015 17:35	69.1	66	65.8	59.7	65.5	4	100
11/07/2015 17:40	69.8	64.8	67.8	60.8	65.8	4	100
11/07/2015 17:45	68.9	63.9	65.2	59.5	64.7	4	100
11/07/2015 17:50	70.3	65.6	63.6	59.3	64.8	4	100
11/07/2015 17:55	72.2	66	64	57.7	65.3	4	100
11/07/2015 18:00	70.4	66.3	63.1	58	65.1	4	100
11/07/2015 18:05	71.5	64.3	63.6	56.8	64.8	4	100
11/07/2015 18:10	70.6	64.4	62.8	58.6	64.6	4	100
11/07/2015 18:15	71.2	64.5	61.9	59	64.5	4	100
11/07/2015 18:20	70.3	64.5	63.9	60.8	65.1	4	100
11/07/2015 18:25	71.4	65	64.9	59.9	65.5	4	100
11/07/2015 18:30	70.5	64.7	65.2	60.1	65.2	4	100
11/07/2015 18:35	71.6	66.2	66.5	60.6	66.4	4	100
11/07/2015 18:40	71.4	68	64.5	59.2	66.4	4	100
11/07/2015 18:45	71.4	66.1	64	59.5	65.6	4	100
11/07/2015 18:50	72.3	67.9	61.4	59.2	65.4	4	100
11/07/2015 18:55	71.5	67.4	62.1	59.7	65.8	4	100
11/07/2015 19:00	73.6	67.4	65.7	60.7	67.4	4	100
11/07/2015 19:05	73.4	64.6	63.6	62.4	66.8	4	100
11/07/2015 19:10	75.1	66.8	62.7	62.7	67.2	4	100
11/07/2015 19:15	74.4	65.4	63.2	62.5	66.3	4	100
11/07/2015 19:20	73	65.8	65.2	59.8	66.3	4	100
11/07/2015 19:25	70.4	65.4	65.4	57.6	64.9	4	100
11/07/2015 19:30	71.7	66.4	65.5	59.3	66.4	4	100
11/07/2015 19:35	72.5	66.5	65.7	58.5	65.9	4	100
11/07/2015 19:40	72.8	67.5	67.5	57.5	66.8	4	100
11/07/2015 19:45	72.9	69.4	66.6	60	67.4	4	100
11/07/2015 19:50	73.4	70.9	68.7	63	69	4	100
11/07/2015 19:55	73.7	70.5	62.8	61.4	67.3	4	100
11/07/2015 20:00	73.2	69.9	67.3	62.8	68.8	4	100
11/07/2015 20:05	74	70.5	67.2	63.5	68.7	4	100
11/07/2015 20:10	73.3	70.5	65.4	62.3	68	4	100
11/07/2015 20:15	73.5	69.7	64.9	62.7	67.5	4	100
11/07/2015 20:20	74.1	69	66.8	61.4	68.3	4	100
11/07/2015 20:25	73.6	69.1	63.9	60.9	66.6	4	100
11/07/2015 20:30	70.8	66.2	65.1	59.6	65.6	4	100
11/07/2015 20:35	72.3	67.6	67.7	59.8	67.1	4	100
11/07/2015 20:40	71.1	66.8	68.3	63.2	67.4	4	100
11/07/2015 20:45	72.7	67.4	63.8	64.2	67	4	100
11/07/2015 20:50	74.1	69.4	62.9	63.7	68	4	100
11/07/2015 20:55	74.3	68.2	64.8	64.2	68.2	4	100
11/07/2015 21:00	75.8	69.5	67	65.3	69.3	4	100
11/07/2015 21:05	73	68.7	63	64.6	67.6	4	100
11/07/2015 21:10	74	69.8	66.4	61.9	67.8	4	100
11/07/2015 21:15	72.2	70.3	68.1	62	68.3	4	100
11/07/2015 21:20	75	69.4	65.5	58.1	67.5	4	100
11/07/2015 21:25	74.5	70.5	69	61	69.2	4	100
11/07/2015 21:30	73.8	70	65.6	59.6	67.2	4	100
11/07/2015 21:35	73.1	67.5	64.9	60.4	66.7	4	100
11/07/2015 21:40	73.4	67.1	68.3	61.1	67.4	4	100
11/07/2015 21:45	74.6	68.5	68.4	62.9	68.2	4	100
11/07/2015 21:50	72.2	66.8	67.7	63	67.8	4	100
11/07/2015 21:55	70.9	67.6	68.1	63.7	67.7	4	100
11/07/2015 22:00	71.9	67.8	67.9	66.5	68.4	4	100
11/07/2015 22:05	73.3	66.8	64.9	62.2	67	4	100
11/07/2015 22:10	75.6	69.8	67	61.9	68.2	4	100
11/07/2015 22:15	73.6	69.7	65.2	61.4	67.2	4	100
11/07/2015 22:20	74	68.5	68.5	64.4	68.6	4	100
11/07/2015 22:25	75.2	71.2	70.7	61.6	69.7	4	100
11/07/2015 22:30	74.3	72	70.2	60.6	69.7	4	100
11/07/2015 22:35	75.2	72.4	65.7	61	68.3	4	100
11/07/2015 22:40	73.4	68.1	67.4	62.5	68.2	4	100
11/07/2015 22:45	75.2	65.8	68.6	61.2	67.6	4	100
11/07/2015 22:50	75.6	70.1	69.1	61.1	68.5	4	100
11/07/2015 22:55	75.3	70.7	66.6	55.7	66.7	4	100
11/07/2015 23:00	75.1	70	66.9	59.3	67.9	4	100
11/07/2015 23:05	74	68.5	67.6	58.2	66.6	4	100
11/07/2015 23:10	73.2	70.6	68.5	59.8	68.4	4	100
11/07/2015 23:15	72.6	67.5	70.9	61.8	68.3	4	100
11/07/2015 23:20	73.3	68.4	68.7	62.3	68	4	100
11/07/2015 23:25	73.1	70.1	64.2	61.7	67	4	100
11/07/2015 23:30	72.8	68.6	67.6	60.8	68.1	4	100
11/07/2015 23:35	74	69.4	67.7	62.4	68.9	4	100
11/07/2015 23:40	74.2	70.1	70.6	63.6	69.8	4	100
11/07/2015 23:45	74.1	70.3	70.4	63.1	69.3	4	100
11/07/2015 23:50	74.8	68.8	67	59.9	67.2	4	100
11/07/2015 23:55	74.8	71.2	68.5	57.2	68.3	4	100
11/08/2015 00:00	74.8	71	67.4	62.8	69.6	4	100
11/08/2015 00:05	74.4	70.8	61.4	60.4	66.2	4	100
11/08/2015 00:10	74.6	71.7	63.6	58.3	66.7	4	100
11/08/2015 00:15	74.7	67	66.1	60.6	67.2	4	100
11/08/2015 00:20	74.8	69.4	65.2	61.8	67.2	4	100
11/08/2015 00:25	74.5	71	60.3	60.8	66.6	4	100
11/08/2015 00:30	74.5	70.3	64.1	60.7	67.4	4	100
11/08/2015 00:35	74.2	70.7	65.6	61.5	68.2	4	100
11/08/2015 00:40	74.4	70	66.7	62	68.4	4	100
11/08/2015 00:45	74.2	70.4	66.1	62.7	68.2	4	100
11/08/2015 00:50	74.7	70.2	65.7	63	68.6	4	100
11/08/2015 00:55	74.9	67.4	66.7	62.5	67.8	4	100
11/08/2015 01:00	74.7	67.5	67.4	63	68	4	100
11/08/2015 01:05	74.9	68.1	67.3	63	67.3	4	100
11/08/2015 01:10	74.6	69.9	68.2	63	68.8	4	100
11/08/2015 01:15	74.7	70	67.7	63.3	68.3	4	100
11/08/2015 01:20	74.9	70.7	67.8	62.2	68	4	100
11/08/2015 01:25	74.8	71.3	68.5	62.7	68.4	4	100
11/08/2015 01:30	74.8	70.2	67.8	63.2	68.9	4	100
11/08/2015 01:35	74.7	69.8	67.6	63.3	68.3	4	100
11/08/2015 01:40	75	70.1	68.3	62.9	69.8	4	100
11/08/2015 01:45	74.9	70.4	66.6	63.1	68	4	100
11/08/2015 01:50	75	70.1	67.5	62.7	68.6	4	100
11/08/2015 01:55	74.9	70.5	66.9	62.9	68.7	4	100
11/08/2015 02:00	74.1	70.1	67.5	63.1	68.3	4	100
11/08/2015 02:05	74.4	70.6	67.4	62.7	68.9	4	100
11/08/2015 02:10	74.4	70.4	69.2	62.9	68.8	4	100
11/08/2015 02:15	74.8	68.4	68.2	62.9	69.1	4	100
11/08/2015 02:20	74.6	70	68.1	63	69.4	4	100
11/08/2015 02:25	74.6	69.4	64.4	63.2	67.4	4	100
11/08/2015 02:30	74.6	70.1	65.7	62.7	68.3	4	100
11/08/2015 02:35	74.4	68.9	66.5	62.6	68.5	4	100
11/08/2015 02:40	74.6	68.6	65.8	62.6	66.6	4	100
11/08/2015 02:45	74.7	69.5	65.1	62.3	68	4	100
11/08/2015 02:50	74.7	69.8	65.3	61.6	66.6	4	100
11/08/2015 02:55	74.7	70.2	63.3	62.4	66.1	4	100
11/08/2015 03:00	74.8	70	63.7	61.5	66.3	4	100
11/08/2015 03:05	74.8	70.5	61.2	62.5	66.2	4	100
11/08/2015 03:10	74.7	69.9	59.6	62.6	65.4	4	100
11/08/2015 03:15	74.7	70	62.2	62.6	66.4	4	100
11/08/2015 03:20	74.5	70.1	64.7	62.8	67.6	4	100
11/08/2015 03:25	74.4	70.1	62.3	62.2	66.4	4	100
11/08/2015 03:30	74.7	70.3	65.1	61	66.9	4	100
11/08/2015 03:35	74.2	70.9	66.4	62.3	68.5	4	100
11/08/2015 03:40	74.4	70.4	65.4	62.7	68	4	100
11/08/2015 03:45	74.6	70.8	66.4	62.3	68.5	4	100
11/08/2015 03:50	74.8	71.1	65.1	63.1	68.1	4	100
11/08/2015 03:55	74.7	70.9	66.3	61.5	67.6	4	100
11/08/2015 04:00	75	70.9	66	61.5	67.3	4	100
11/08/2015 04:05	74.6	70.8	66.8	61.8	69.5	4	100
11/08/2015 04:10	74.9	70.8	66.9	62.2	69.2	4	100
11/08/2015 04:15	75.1	70.5	67.4	62.3	69.2	4	100
11/08/2015 04:20	74.9	70.6	67.7	62.2	69.6	4	100
11/08/2015 04:25	75	70.9	67.5	62.9	69.4	4	100
11/08/2015 04:30	75.2	69.9	66.8	62.2	68.8	4	100
11/08/2015 04:35	75.4	70.2	67.5	62	69.2	4	100
11/08/2015 04:40	75.2	69.6	65.3	62.6	69.2	4	100
11/08/2015 04:45	75	69.6	66.8	62.6	68.3	4	100
11/08/2015 04:50	74.9	70.3	63.7	61.9	67.1	4	100
11/08/2015 04:55	74.7	67.1	65.2	62.7	67.7	4	100
11/08/2015 05:00	75.1	68.5	66.3	62.5	68.2	4	100
11/08/2015 05:05	75.1	68.1	66.6	62.7	68.2	4	100
11/08/2015 05:10	75.1	69.7	65.9	63	68.6	4	100
11/08/2015 05:15	74.7	70.3	61.7	63.4	68	4	100
11/08/2015 05:20	74.7	69.9	63.9	63.1	69.1	4	100
11/08/2015 05:25	74.5	69.4	65.8	61.9	69	4	100
11/08/2015 05:30	74.4	69.7	62	62	67.4	4	100
11/08/2015 05:35	75.1	70.2	65.8	62.7	68.3	4	100
11/08/2015 05:40	75	70.9	65.9	61.9	68.6	4	100
11/08/2015 05:45	74.4	71	65.4	61.3	68	4	100
11/08/2015 05:50	75.4	70.3	66.6	58.2	67.3	4	100
11/08/2015 05:55	74.5	71.3	68.4	57.3	67.4	4	100
11/08/2015 06:00	74.5	68	63.7	56.3	65.7	4	100
11/08/2015 06:05	74.1	66	63.9	60.2	66.6	4	100
11/08/2015 06:10	74.6	68.1	61.3	62.6	67.5	4	100
11/08/2015 06:15	75.9	69.8	61.8	63.2	68.2	4	100
11/08/2015 06:20	75.2	68.2	64.6	63.2	67.9	4	100
11/08/2015 06:25	77.7	70.2	63.4	64.2	69.3	4	100
11/08/2015 06:30	77.6	70.5	67.8	63	69.8	4	100
11/08/2015 06:35	75	69.2	71.8	62.2	69.6	4	100
11/08/2015 06:40	73.6	71.1	73.2	61	69.2	4	100
11/08/2015 06:45	72.7	70	69.9	60.2	68.5	4	100
11/08/2015 06:50	72	71.1	66.6	61.8	67.8	4	100
11/08/2015 06:55	73.5	69.5	69.7	63.7	68.8	4	100
11/08/2015 07:00	73.9	68.1	70.4	62.2	68.3	4	100
11/08/2015 07:05	73.2	66.3	59.6	61.8	65.7	4	100
11/08/2015 07:10	74.6	70.5	59	59.5	65.6	4	100
11/08/2015 07:15	77.3	69.5	63.2	60.8	68	4	100
11/08/2015 07:20	75.8	71.3	69.3	59.3	69.2	4	100
11/08/2015 07:25	75.2	70.2	60.2	58.2	66.3	4	100
11/08/2015 07:30	75.9	68.9	65.8	57.6	66.6	4	100
11/08/2015 07:35	76.6	69.3	70.4	57.4	67.7	4	100
11/08/2015 07:40	75.6	69.1	62	56.7	65.2	4	100
11/08/2015 07:45	75.2	70.4	59.8	57.1	65.7	4	100
11/08/2015 07:50	74	68.6	65.6	56.3	65.1	4	100
11/08/2015 07:55	76	68.7	67	58.2	66.3	4	100
11/08/2015 08:00	74.1	68.4	66.6	60.5	67.4	4	100
11/08/2015 08:05	72.3	69.8	67.4	60.5	67.8	4	100
11/08/2015 08:10	71.2	67.4	62.6	59.5	65.5	4	100
11/08/2015 08:15	70.9	69	62.1	60.2	65.5	4	100
11/08/2015 08:20	71.3	68.7	60.1	60.3	65.5	4	100
11/08/2015 08:25	72.9	69.3	60.9	60	66.2	4	100
11/08/2015 08:30	71.6	69.5	62.2	60.2	65.8	4	100
11/08/2015 08:35	70.8	69.5	60.9	60.5	65.6	4	100
11/08/2015 08:40	70.1	68.7	62	61.2	65.4	4	100
11/08/2015 08:45	72.1	68.5	61.8	58.9	65.2	4	100
11/08/2015 08:50	73.2	68.8	59.3	57.9	64.5	4	100
11/08/2015 08:55	73.4	70.1	63.5	57.8	65.9	4	100
11/08/2015 09:00	72.5	71.1	64.4	58.8	67	4	100
11/08/2015 09:05	72.1	69	66.2	59.5	66.8	4	100
11/08/2015 09:10	72.3	69.9	65.7	59	66.7	4	100
11/08/2015 09:15	73	68.4	64.1	58.9	66	4	100
11/08/2015 09:20	71.4	68.1	64.6	59.4	65.8	4	100
11/08/2015 09:25	70.1	66.9	62.8	59.3	65	4	100
11/08/2015 09:30	70.1	69.4	60.1	58.3	64.2	4	100
11/08/2015 09:35	69.3	69	60.6	58.8	64.5	4	100
11/08/2015 09:40	69.2	68.7	61.8	58.4	64.3	4	100
11/08/2015 09:45	69.8	69.6	64.8	59.3	65.7	4	100
11/08/2015 09:50	70.2	68.6	63.1	57.7	64.8	4	100
11/08/2015 09:55	71.7	68.6	63.8	61.4	66.6	4	100
11/08/2015 10:00	71.8	69.8	65.5	62.3	67.2	4	100
11/08/2015 10:05	71	68.7	65.3	62.8	66.9	4	100
11/08/2015 10:10	70.1	68.9	65.1	61.2	66.7	4	100
11/08/2015 10:15	70.9	69.6	64.4	60.2	66.2	4	100
11/08/2015 10:20	70	68.7	61.7	59.3	64.9	4	100
11/08/2015 10:25	69.8	68.9	62.5	56.7	64.3	4	100
11/08/2015 10:30	70.9	68.2	63	56.8	64.4	4	100
11/08/2015 10:35	69.7	67.6	62.2	57.5	64.5	4	100
11/08/2015 10:40	70.5	65.6	62.2	59.8	64.6	4	100
11/08/2015 10:45	71.5	66.7	63.2	60	65.3	4	100
11/08/2015 10:50	70.8	68.3	62.8	58.5	64.9	4	100
11/08/2015 10:55	71.3	67.9	62.9	58.1	64.7	4	100
11/08/2015 11:00	69.2	69.3	62.8	58.3	64.6	4	100
11/08/2015 11:05	68.2	68.4	61.6	57.9	64.2	4	100
11/08/2015 11:10	68.9	69.3	61.3	57.3	64	4	100
11/08/2015 11:15	68.9	68.5	59.3	55.9	63.4	4	100
11/08/2015 11:20	68.8	70.1	63.9	56.2	64.7	4	100
11/08/2015 11:25	68	70.7	64.2	57.7	64.9	4	100
11/08/2015 11:30	68.3	70.5	63.7	58.8	65.4	4	100
11/08/2015 11:35	69.1	69.7	64.6	58.5	65.4	4	100
11/08/2015 11:40	68.9	67.2	63.7	56.4	64.1	4	100
11/08/2015 11:45	69.7	66.4	61.3	56.9	63.4	4	100
11/08/2015 11:50	70.2	67	63.7	54.8	63.8	4	100
11/08/2015 11:55	69.9	67.8	61.5	55.1	63.4	4	100
11/08/2015 12:00	69.8	67.1	62.2	55.9	63.7	4	100
11/08/2015 12:05	70.5	68.1	63.5	58.2	65.1	4	100
11/08/2015 12:10	70.4	69	63.5	60.6	65.8	4	100
11/08/2015 12:15	70.4	69.5	63	58.9	65.6	4	100
11/08/2015 12:20	70.8	69.8	65.6	58.7	66.3	4	100
11/08/2015 12:25	70.9	68.7	66.5	60.9	67	4	100
11/08/2015 12:30	71	67.7	65.6	59.2	65.8	4	100
11/08/2015 12:35	69.2	66.5	62.8	58.8	64.5	4	100
11/08/2015 12:40	69.1	67.3	63.7	59.5	64.8	4	100
11/08/2015 12:45	68.2	66.8	61.6	59.2	64.1	4	100
11/08/2015 12:50	69.5	65.7	61.3	60.1	64.2	4	100
11/08/2015 12:55	70.3	67.6	61.6	61.7	65.8	4	100
11/08/2015 13:00	71.1	68.1	63.8	60.8	65.7	4	100
11/08/2015 13:05	71	68.3	63.8	60.5	66	4	100
11/08/2015 13:10	71.6	67.6	62.6	60.6	65.9	4	100
11/08/2015 13:15	71.4	69.1	64.7	60.2	66.4	4	100
11/08/2015 13:20	71.4	68.8	63.5	59.8	66	4	100
11/08/2015 13:25	70.7	68.8	61.6	57.8	64.9	4	100
11/08/2015 13:30	71.9	68.9	62.6	59.6	65.9	4	100
11/08/2015 13:35	69.9	68.4	61.9	60.5	65	4	100
11/08/2015 13:40	69.7	68.4	63.5	61.2	65.8	4	100
11/08/2015 13:45	70.3	66.9	61.2	57.9	64.1	4	100
11/08/2015 13:50	70.7	65.5	62.9	58.3	64.5	4	100
11/08/2015 13:55	71.8	67.2	65.5	59.1	66.1	4	100
11/08/2015 14:00	71.9	68	65.2	60.4	66.4	4	100
11/08/2015 14:05	71.9	69.2	65.3	62	67.3	4	100
11/08/2015 14:10	71.9	67.4	64.6	61.8	67.1	4	100
11/08/2015 14:15	71.4	67.5	65	61.7	66.6	4	100
11/08/2015 14:20	70.9	67.4	62.7	60.6	65.8	4	100
11/08/2015 14:25	70.3	67.4	61.5	61.3	65.3	4	100
11/08/2015 14:30	70	66.9	62.9	59.2	65.1	4	100
11/08/2015 14:35	69.5	66.9	62.3	59.1	64.7	4	100
11/08/2015 14:40	69	68.1	63.8	56.7	64.4	4	100
11/08/2015 14:45	68.9	64.7	63.8	58.4	64.1	4	100
11/08/2015 14:50	69	67	63.6	58.1	64.5	4	100
11/08/2015 14:55	68.7	66.1	60.9	57.5	63.5	4	100
11/08/2015 15:00	70.7	65.7	61.9	58.6	64.8	4	100
11/08/2015 15:05	69.9	66.5	63.5	59.8	65.2	4	100
11/08/2015 15:10	70.6	66.7	62.7	58.4	64.7	4	100
11/08/2015 15:15	70.8	66.2	63.1	58	65	4	100
11/08/2015 15:20	70.7	66.2	63.4	57.7	64.7	4	100
11/08/2015 15:25	70.1	64.8	62.3	57.5	64.1	4	100
11/08/2015 15:30	69.1	65.6	62.9	57.4	64.4	4	100
11/08/2015 15:35	68	63.7	63.7	58.4	63.9	4	100
11/08/2015 15:40	70.1	64.1	62.5	57.7	64	4	100
11/08/2015 15:45	70.8	65.7	60.9	58.6	64.3	4	100
11/08/2015 15:50	70.7	65.4	61.4	58.4	64.2	4	100
11/08/2015 15:55	71.2	66.4	63.8	57.9	65.5	4	100
11/08/2015 16:00	70.6	66.7	63.4	58	64.9	4	100
11/08/2015 16:05	71	66.6	62.7	59.5	65.4	4	100
11/08/2015 16:10	70.8	66.4	62.8	59.5	65.4	4	100
11/08/2015 16:15	70.3	65.8	60.4	59.6	64.5	4	100
11/08/2015 16:20	70.7	65.9	63.1	60.4	65.1	4	100
11/08/2015 16:25	70	66.7	64	59	65.4	4	100
11/08/2015 16:30	67.4	65	63	58.5	63.8	4	100
11/08/2015 16:35	68.6	65.3	61	59.1	63.7	4	100
11/08/2015 16:40	69.1	65.2	62.3	59.3	64.1	4	100
11/08/2015 16:45	69.3	65	59.5	59.5	63.7	4	100
11/08/2015 16:50	70.4	63.7	62.2	59.8	64.4	4	100
11/08/2015 16:55	68.7	64	64.7	61.9	65.1	4	100
11/08/2015 17:00	68.4	63.7	62.5	59.9	64	4	100
11/08/2015 17:05	69.8	64.2	62.7	59.1	64.4	4	100
11/08/2015 17:10	68	64.7	63.2	59.3	64.3	4	100
11/08/2015 17:15	67.7	65.2	60.8	56.9	63	4	100
11/08/2015 17:20	67.9	64.6	59.9	56.8	62.4	4	100
11/08/2015 17:25	69.3	65.1	61.7	55.3	63.4	4	100
11/08/2015 17:30	69.3	63.3	62.9	57.9	63.9	4	100
11/08/2015 17:35	69.5	64	63.1	57.3	63.7	4	100
11/08/2015 17:40	68.3	62.5	62	59.3	63.3	4	100
11/08/2015 17:45	68.8	63.4	60.1	56.8	62.8	4	100
11/08/2015 17:50	68.6	62.9	63.7	58.3	63.7	4	100
11/08/2015 17:55	67.6	62.2	63.8	58.7	63.7	4	100
11/08/2015 18:00	67.9	64.1	66.1	61.7	65.3	4	100
11/08/2015 18:05	67.5	63.4	65.4	59.6	64.2	4	100
11/08/2015 18:10	66.3	64	62	58	63.1	4	100
11/08/2015 18:15	67.2	63.5	60.6	58.8	62.9	4	100
11/08/2015 18:20	69.5	63.8	62.5	60.2	64.5	4	100
11/08/2015 18:25	69.6	65.7	60.3	61	64.7	4	100
11/08/2015 18:30	69.7	66.1	62.4	60.2	65.2	4	100
11/08/2015 18:35	69.5	65.3	63.4	58.8	64.5	4	100
11/08/2015 18:40	70.8	63.8	61.5	58.1	64.1	4	100
11/08/2015 18:45	70.7	63.5	60.2	58	63.3	4	100
11/08/2015 18:50	70.5	64.8	61.7	56.4	63.6	4	100
11/08/2015 18:55	68.3	65.3	64.8	55.7	64.4	4	100
11/08/2015 19:00	67.1	64.9	65.8	54.6	63.7	4	100
11/08/2015 19:05	67.9	65.3	61.4	54.1	63.1	4	100
11/08/2015 19:10	68.1	65	64.4	56.5	63.9	4	100
11/08/2015 19:15	68.8	64.8	62	58.4	63.9	4	100
11/08/2015 19:20	69.4	66.2	63.2	60.1	65.4	4	100
11/08/2015 19:25	72.5	69	62.1	58.7	66	4	100
11/08/2015 19:30	73	66.3	60.8	56.3	65	4	100
11/08/2015 19:35	71.6	66.4	60.2	58.2	65.2	4	100
11/08/2015 19:40	70.2	65.8	61.1	56.3	64.3	4	100
11/08/2015 19:45	70	64.3	64.8	56.1	64.7	4	100
11/08/2015 19:50	68.5	64	62.9	58	64	4	100
11/08/2015 19:55	69.9	64	62.8	60.8	64.9	4	100
11/08/2015 20:00	70.6	65.1	65.8	59.1	65.7	4	100
11/08/2015 20:05	70.1	65.9	68.4	59.9	66.3	4	100
11/08/2015 20:10	69	66.2	65.9	59.1	65.6	4	100
11/08/2015 20:15	69	66.2	67.5	58.5	65.7	4	100
11/08/2015 20:20	69.8	64.9	70.1	58.4	66.4	4	100
11/08/2015 20:25	70.2	64.3	68.7	57.2	65.7	4	100
11/08/2015 20:30	69.8	63.5	69.7	60.1	66.4	4	100
11/08/2015 20:35	69	64.5	71.1	58.9	66.5	4	100
11/08/2015 20:40	68.3	64.3	61.8	57.9	64	4	100
11/08/2015 20:45	69.5	65.2	62.9	59.8	64.8	4	100
11/08/2015 20:50	71.2	67.5	65.2	60.6	67	4	100
11/08/2015 20:55	71.1	64.5	68.1	60.6	66.5	4	100
11/08/2015 21:00	74.4	70	65.4	60.9	68.3	4	100
11/08/2015 21:05	73.8	68.2	67.8	61.7	68.6	4	100
11/08/2015 21:10	75.3	68.3	65.9	61.9	68.5	4	100
11/08/2015 21:15	75.6	69.1	61.1	59.3	67.2	4	100
11/08/2015 21:20	75.4	66.3	65.8	60.8	67.7	4	100
11/08/2015 21:25	74.7	68.1	63.8	62	67.8	4	100
11/08/2015 21:30	73	67.4	62.7	60.7	66.8	4	100
11/08/2015 21:35	72.3	68.1	63.1	61.6	67.1	4	100
11/08/2015 21:40	73.4	69.2	58.9	61.7	66.7	4	100
11/08/2015 21:45	73.1	68.7	63.3	62.4	67.8	4	100
11/08/2015 21:50	74.4	69.8	61.8	63.5	67.8	4	100
11/08/2015 21:55	74.4	69.1	66	63.7	68.6	4	100
11/08/2015 22:00	72.4	69.2	70.1	62.3	69.4	4	100
11/08/2015 22:05	74.4	68.7	68.5	63.9	69.4	4	100
11/08/2015 22:10	75.9	67.1	68.5	60.8	69	4	100
11/08/2015 22:15	74.7	70	60.9	59.3	67.5	4	100
11/08/2015 22:20	74.5	68.3	67	59.7	67.8	4	100
11/08/2015 22:25	75.1	68.2	67.4	60.5	68.2	4	100
11/08/2015 22:30	75.5	70.3	66	61.7	69	4	100
11/08/2015 22:35	74.2	67.2	64.9	62.3	67.6	4	100
11/08/2015 22:40	73.7	69.3	66.1	61.8	68.6	4	100
11/08/2015 22:45	73.8	71.7	68	62.4	69.2	4	100
11/08/2015 22:50	73.7	70.1	63.7	62.7	68.7	4	100
11/08/2015 22:55	73.8	70.2	63.8	63.3	67.7	4	100
11/08/2015 23:00	71.6	70.9	63.4	62.7	67.9	4	100
11/08/2015 23:05	73.2	72.7	65.5	62.5	69.2	4	100
11/08/2015 23:10	73.8	71.7	67.1	63.4	69.1	4	100
11/08/2015 23:15	75	69	68.6	63.2	69.4	4	100
11/08/2015 23:20	74.2	70.4	66	63.9	68.1	4	100
11/08/2015 23:25	73	68.3	69	63.6	68.6	4	100
11/08/2015 23:30	74.3	67.3	70.1	63	69.1	4	100
11/08/2015 23:35	72.9	69.7	66.8	61.5	68	4	100
11/08/2015 23:40	73.6	68.7	68.9	63	68.2	4	100
11/08/2015 23:45	73.3	70.5	67.6	63.1	69.1	4	100
11/08/2015 23:50	73.1	71.4	60.4	62.5	66.9	4	100
11/08/2015 23:55	73.8	70.8	61	61.5	67.7	4	100
