5 Minutes	Lane 1 Speed (mph)	Lane 2 Speed (mph)	Lane 3 Speed (mph)	Lane 4 Speed (mph)	Speed (mph)	# Lane Points	% Observed
11/09/2015 00:00	70.4	67	61.6	58.7	64.3	4	0
11/09/2015 00:05	70.5	67.1	61.7	58.7	64.5	4	0
11/09/2015 00:10	70.5	67.1	61.6	58.7	64.4	4	0
11/09/2015 00:15	70.4	67	61.6	58.6	64.4	4	0
11/09/2015 00:20	70.2	66.8	61.4	58.5	64.3	4	0
11/09/2015 00:25	70.2	66.8	61.5	58.5	64.1	4	0
11/09/2015 00:30	70.3	66.9	61.5	58.6	64.1	4	0
11/09/2015 00:35	70.3	66.9	61.5	58.5	64.2	4	0
11/09/2015 00:40	70.3	66.9	61.5	58.5	64.3	4	0
11/09/2015 00:45	70.2	66.8	61.5	58.5	64.1	4	0
11/09/2015 00:50	70.5	67.1	61.8	58.7	64.3	4	0
11/09/2015 00:55	70.5	67.1	61.7	58.7	64.3	4	0
11/09/2015 01:00	70.3	66.9	61.6	58.6	64.1	4	0
11/09/2015 01:05	70.3	66.9	61.5	58.6	64.2	4	0
11/09/2015 01:10	70.3	66.9	61.5	58.6	64.2	4	0
11/09/2015 01:15	69.8	66.5	61.2	58.2	63.7	4	0
11/09/2015 01:20	69.8	66.5	61.2	58.2	63.6	4	0
11/09/2015 01:25	69.5	66.2	60.9	57.9	63.4	4	0
11/09/2015 01:30	68.7	65.4	60.1	57.1	62.8	4	0
11/09/2015 01:35	69.5	66.2	60.9	57.8	63.6	4	0
11/09/2015 01:40	70.1	66.7	61.3	58.3	63.8	4	0
11/09/2015 01:45	70	66.7	61.4	58.4	63.9	4	0
11/09/2015 01:50	70.2	66.8	61.5	58.5	64.2	4	0
11/09/2015 01:55	70	66.6	61.4	58.3	63.9	4	0
11/09/2015 02:00	70.2	66.8	61.4	58.4	64.1	4	0
11/09/2015 02:05	70.3	67	61.5	58.6	63.9	4	0
11/09/2015 02:10	70.4	67	61.5	58.7	64.1	4	0
11/09/2015 02:15	70	66.7	61.3	58.2	63.9	4	0
11/09/2015 02:20	70.4	67	61.6	58.7	64.2	4	0
11/09/2015 02:25	70.4	67	61.6	58.7	64.2	4	0
11/09/2015 02:30	70.3	66.9	61.5	58.6	64.1	4	0
11/09/2015 02:35	70.1	66.7	61.4	58.4	64	4	0
11/09/2015 02:40	70.2	66.9	61.5	58.5	64.2	4	0
11/09/2015 02:45	69.7	66.4	61.2	58.1	63.9	4	0
11/09/2015 02:50	70.3	66.9	61.5	58.5	64.1	4	0
11/09/2015 02:55	70	66.7	61.4	58.4	64	4	0
11/09/2015 03:00	70.3	67	61.5	58.6	64	4	0
11/09/2015 03:05	70.3	66.9	61.5	58.6	63.9	4	0
11/09/2015 03:10	70.4	67	61.6	58.6	64.1	4	0
11/09/2015 03:15	70.2	66.8	61.4	58.5	64	4	0
11/09/2015 03:20	70.2	66.8	61.4	58.5	64	4	0
11/09/2015 03:25	70.4	67	61.5	58.7	64.2	4	0
11/09/2015 03:30	69	65.7	60.4	57.4	63	4	0
11/09/2015 03:35	69.1	65.8	60.5	57.5	63.1	4	0
11/09/2015 03:40	70.1	66.7	61.4	58.4	63.9	4	0
11/09/2015 03:45	69.2	65.9	60.6	57.6	63.3	4	0
11/09/2015 03:50	68.8	65.5	60.2	57.2	62.9	4	0
11/09/2015 03:55	67.6	64.3	58.9	56.1	61.7	4	0
11/09/2015 04:00	69.2	65.9	60.7	57.7	63.4	4	0
11/09/2015 04:05	69.6	66.3	61.1	58	63.8	4	0
11/09/2015 04:10	69.3	66	60.6	57.6	63.4	4	0
11/09/2015 04:15	70	66.6	61.2	58.2	64.1	4	0
11/09/2015 04:20	70.3	66.9	61.5	58.4	64.4	4	0
11/09/2015 04:25	69.8	66.4	61	58	64	4	0
11/09/2015 04:30	69.7	66.4	61	58	63.9	4	0
11/09/2015 04:35	69.9	66.5	61.2	58.2	64.2	4	0
11/09/2015 04:40	70.1	66.7	61.4	58.4	64.4	4	0
11/09/2015 04:45	70.1	66.8	61.5	58.5	64.5	4	0
11/09/2015 04:50	69.7	66.3	60.9	58.1	64.1	4	0
11/09/2015 04:55	69.6	66.3	60.9	58	64	4	0
11/09/2015 05:00	72.7	69.2	63.9	60.6	66.9	4	0
11/09/2015 05:05	73.3	69.8	64.5	61.2	67.6	4	0
11/09/2015 05:10	72.3	68.8	63.7	60.3	66.7	4	0
11/09/2015 05:15	73.1	69.5	64	60.7	67.2	4	0
11/09/2015 05:20	71.8	68.3	63	59.8	66.2	4	0
11/09/2015 05:25	69.8	66.4	61.1	58.2	64.3	4	0
11/09/2015 05:30	68.9	65.6	60.2	57.5	63.5	4	0
11/09/2015 05:35	67.2	63.9	58.7	56.1	61.9	4	0
11/09/2015 05:40	66.5	63.3	58	55.3	61.2	4	0
11/09/2015 05:45	60	57.1	52.1	50.1	55.2	4	0
11/09/2015 05:50	50.3	48	43.4	42.2	46.3	4	0
11/09/2015 05:55	47.9	45.8	41.2	40.3	44.1	4	0
11/09/2015 06:00	44.6	42.1	36.1	36	40.1	4	0
11/09/2015 06:05	37.2	35.7	31.5	31.9	34.3	4	0
11/09/2015 06:10	33.3	32	28.6	29.7	31	4	0
11/09/2015 06:15	37	35.1	29.1	29.9	33.1	4	0
11/09/2015 06:20	32.4	31.1	25.5	26.7	29.2	4	0
11/09/2015 06:25	28.9	27.5	23.9	25.5	26.6	4	0
11/09/2015 06:30	28.6	27.5	23.1	24.7	26.1	4	0
11/09/2015 06:35	26.5	25.5	21	23.4	24.2	4	0
11/09/2015 06:40	26.9	25.9	20.4	22.7	24.1	4	0
11/09/2015 06:45	25.6	24.4	20.4	22.9	23.4	4	0
11/09/2015 06:50	24.6	23.5	20	22.1	22.6	4	0
11/09/2015 06:55	25.1	23.9	20.5	22.5	23.1	4	0
11/09/2015 07:00	26.1	24.9	21.1	23.3	24	4	0
11/09/2015 07:05	25	24.1	19.6	22.1	22.8	4	0
11/09/2015 07:10	29.2	27.7	21.4	23.1	25.5	4	0
11/09/2015 07:15	26.5	25.2	21.7	23.6	24.4	4	0
11/09/2015 07:20	24.9	23.7	20.2	22.3	22.8	4	0
11/09/2015 07:25	24.6	23.4	19.7	22.1	22.5	4	0
11/09/2015 07:30	25.4	24.2	19.8	22.5	23.1	4	0
11/09/2015 07:35	25.2	23.9	19.6	22.3	22.8	4	0
11/09/2015 07:40	26.7	25.4	20.5	22.6	24	4	0
11/09/2015 07:45	26.9	25.7	20.7	22.8	24.2	4	0
11/09/2015 07:50	29.8	28	24.4	26	27.2	4	0
11/09/2015 07:55	32.6	30.3	23.9	25.6	28.3	4	0
11/09/2015 08:00	38.1	35.7	29.4	30.2	33.6	4	0
11/09/2015 08:05	45.7	43.1	36.9	36.8	40.9	4	0
11/09/2015 08:10	46.7	44	37.6	37.5	41.7	4	0
11/09/2015 08:15	45.6	42.9	36.4	36.5	40.6	4	0
11/09/2015 08:20	45.6	42.8	36.2	36.4	40.5	4	0
11/09/2015 08:25	46.5	43.8	37.3	37.3	41.5	4	0
11/09/2015 08:30	53.9	51	45	44	48.8	4	0
11/09/2015 08:35	59.2	56.2	50.5	48.8	53.9	4	0
11/09/2015 08:40	63.8	60.7	55.3	53.1	58.5	4	0
11/09/2015 08:45	62.6	59.6	54.4	52.3	57.5	4	0
11/09/2015 08:50	63	60	55	52.9	58	4	0
11/09/2015 08:55	62.9	60	55	52.9	58	4	0
11/09/2015 09:00	65	61.9	56.8	54.4	59.8	4	0
11/09/2015 09:05	64.2	61.2	55.8	53.4	59	4	0
11/09/2015 09:10	64.6	61.5	56.1	53.7	59.3	4	0
11/09/2015 09:15	64.1	61.1	55.6	53.3	58.8	4	0
11/09/2015 09:20	64.6	61.6	56.3	53.8	59.4	4	0
11/09/2015 09:25	63.9	60.9	55.5	53.1	58.7	4	0
11/09/2015 09:30	64.3	61.2	55.7	53.3	59	4	0
11/09/2015 09:35	65.6	62.4	56.9	54.4	60.2	4	0
11/09/2015 09:40	65.9	62.8	57.3	54.7	60.6	4	0
11/09/2015 09:45	66.4	63.2	58	55.6	61.1	4	0
11/09/2015 09:50	67	63.8	58.5	55.8	61.6	4	0
11/09/2015 09:55	67.2	64	58.8	56.2	61.9	4	0
11/09/2015 10:00	67	63.8	58.4	55.7	61.6	4	0
11/09/2015 10:05	66.5	63.3	57.9	55.4	61.1	4	0
11/09/2015 10:10	64.1	60.9	55.1	52.8	58.6	4	0
11/09/2015 10:15	66.4	63.3	57.7	55.1	61	4	0
11/09/2015 10:20	66.2	63	57.4	54.9	60.7	4	0
11/09/2015 10:25	62.9	59.8	53.9	51.7	57.5	4	0
11/09/2015 10:30	62.9	59.8	53.9	51.7	57.5	4	0
11/09/2015 10:35	64.5	61.3	55.5	53.2	59	4	0
11/09/2015 10:40	63.3	60.2	54.8	52.5	58.1	4	0
11/09/2015 10:45	63.5	60.4	54.5	52.3	58	4	0
11/09/2015 10:50	63.7	60.6	54.9	52.7	58.3	4	0
11/09/2015 10:55	64.2	61.1	55.5	53.1	58.8	4	0
11/09/2015 11:00	63.6	60.6	54.9	52.6	58.3	4	0
11/09/2015 11:05	63.2	60	54.1	52	57.7	4	0
11/09/2015 11:10	63.5	60.3	54.4	52.3	58	4	0
11/09/2015 11:15	64	60.8	55	52.7	58.5	4	0
11/09/2015 11:20	65.3	62.1	56.4	54	59.9	4	0
11/09/2015 11:25	64.7	61.5	55.7	53.4	59.2	4	0
11/09/2015 11:30	64.2	61.1	55.3	53	58.8	4	0
11/09/2015 11:35	65.2	62	56.3	53.9	59.7	4	0
11/09/2015 11:40	63.9	60.8	55.3	52.8	58.6	4	0
11/09/2015 11:45	63.6	60.4	54.6	52.3	58.1	4	0
11/09/2015 11:50	63.9	60.8	55.2	52.8	58.5	4	0
11/09/2015 11:55	66	62.8	57.3	54.8	60.6	4	0
11/09/2015 12:00	63.9	60.8	55.4	53	58.6	4	0
11/09/2015 12:05	63.6	60.4	54.6	52.4	58.1	4	0
11/09/2015 12:10	63.3	60.1	54.2	52.1	57.8	4	0
11/09/2015 12:15	63.2	60	54.1	52	57.7	4	0
11/09/2015 12:20	63.8	60.6	54.8	52.5	58.3	4	0
11/09/2015 12:25	64.5	61.3	55.5	53.2	59	4	0
11/09/2015 12:30	66.2	63	57.6	55	60.8	4	0
11/09/2015 12:35	64.4	61.2	55.5	53.1	59	4	0
11/09/2015 12:40	62.9	59.7	53.8	51.7	57.4	4	0
11/09/2015 12:45	64.2	61	55.2	52.9	58.7	4	0
11/09/2015 12:50	64.6	61.4	55.7	53.3	59.2	4	0
11/09/2015 12:55	64.9	61.8	56	53.6	59.5	4	0
11/09/2015 13:00	63.8	60.6	54.8	52.5	58.3	4	0
11/09/2015 13:05	65.1	61.9	56.2	53.8	59.6	4	0
11/09/2015 13:10	66.3	63.1	57.5	54.9	60.9	4	0
11/09/2015 13:15	66.4	63.2	57.6	55	61	4	0
11/09/2015 13:20	66.8	63.5	58	55.4	61.3	4	0
11/09/2015 13:25	65.9	62.7	57	54.5	60.4	4	0
11/09/2015 13:30	63.9	60.7	54.9	52.6	58.4	4	0
11/09/2015 13:35	62.9	59.8	53.9	51.7	57.4	4	0
11/09/2015 13:40	63.3	60.2	54.3	52.1	57.9	4	0
11/09/2015 13:45	64.8	61.6	55.9	53.5	59.4	4	0
11/09/2015 13:50	67.1	63.8	58.3	55.6	61.6	4	0
11/09/2015 13:55	68	64.7	59.4	56.8	62.6	4	0
11/09/2015 14:00	67.5	64.2	58.8	56	62	4	0
11/09/2015 14:05	68	64.8	59.3	56.5	62.5	4	0
11/09/2015 14:10	67.6	64.3	59.1	56.4	62.3	4	0
11/09/2015 14:15	66.4	63.1	57.6	55	60.9	4	0
11/09/2015 14:20	66.4	63.1	57.8	55.4	61.1	4	0
11/09/2015 14:25	67	63.8	58.5	56	61.7	4	0
11/09/2015 14:30	66.5	63.3	57.8	55.1	61	4	0
11/09/2015 14:35	67.3	64.1	58.8	56.3	62	4	0
11/09/2015 14:40	67.3	64.1	58.8	56.2	62	4	0
11/09/2015 14:45	66.7	63.5	58.2	55.6	61.4	4	0
11/09/2015 14:50	67	63.8	58.4	55.6	61.6	4	0
11/09/2015 14:55	66.6	63.4	58	55.3	61.2	4	0
11/09/2015 15:00	67.4	64.2	58.8	56.2	62	4	0
11/09/2015 15:05	67.6	64.3	59	56.3	62.2	4	0
11/09/2015 15:10	68.1	64.8	59.5	56.9	62.7	4	0
11/09/2015 15:15	68	64.7	59.4	56.7	62.5	4	0
11/09/2015 15:20	67.2	64	58.8	56.2	61.9	4	0
11/09/2015 15:25	67	63.8	58.4	55.8	61.7	4	0
11/09/2015 15:30	67.4	64.1	58.8	56	62	4	0
11/09/2015 15:35	67.6	64.3	59	56.3	62.2	4	0
11/09/2015 15:40	67.8	64.5	59.2	56.4	62.4	4	0
11/09/2015 15:45	67.7	64.4	59.1	56.5	62.3	4	0
11/09/2015 15:50	67.5	64.3	59	56.3	62.2	4	0
11/09/2015 15:55	67.8	64.6	59.3	56.6	62.4	4	0
11/09/2015 16:00	68.1	64.8	59.5	56.8	62.7	4	0
11/09/2015 16:05	67.7	64.5	59.1	56.4	62.3	4	0
11/09/2015 16:10	67.2	64	58.8	56.2	61.9	4	0
11/09/2015 16:15	67.3	64	58.7	56.2	61.9	4	0
11/09/2015 16:20	68.3	65	59.7	57.1	62.9	4	0
11/09/2015 16:25	68	64.7	59.4	56.8	62.6	4	0
11/09/2015 16:30	68	64.8	59.5	56.8	62.7	4	0
11/09/2015 16:35	68	64.7	59.5	56.7	62.6	4	0
11/09/2015 16:40	68.2	64.9	59.6	56.8	62.8	4	0
11/09/2015 16:45	68.6	65.3	60	57.2	63.1	4	0
11/09/2015 16:50	67.4	64.1	58.9	56.2	62.1	4	0
11/09/2015 16:55	67.7	64.4	59.1	56.3	62.2	4	0
11/09/2015 17:00	67.8	64.5	59.3	56.6	62.4	4	0
11/09/2015 17:05	67.3	64	58.8	56.1	61.9	4	0
11/09/2015 17:10	67.8	64.5	59.2	56.5	62.3	4	0
11/09/2015 17:15	68.8	65.5	60.1	57.4	63.3	4	0
11/09/2015 17:20	68.6	65.2	60	57.2	63.1	4	0
11/09/2015 17:25	66.5	63.3	58.2	55.6	61.3	4	0
11/09/2015 17:30	67.6	64.4	59.2	56.5	62.3	4	0
11/09/2015 17:35	67.3	64.1	58.9	56.3	62	4	0
11/09/2015 17:40	65.3	62.2	57.1	54.6	60.2	4	0
11/09/2015 17:45	66.9	63.7	58.5	55.9	61.6	4	0
11/09/2015 17:50	66.3	63.1	57.9	55.4	61	4	0
11/09/2015 17:55	66	62.8	57.6	55.2	60.8	4	0
11/09/2015 18:00	66.5	63.3	58.1	55.5	61.2	4	0
11/09/2015 18:05	68.1	64.9	59.6	56.9	62.8	4	0
11/09/2015 18:10	67.4	64.1	58.9	56.3	62	4	0
11/09/2015 18:15	68.1	64.9	59.5	56.8	62.7	4	0
11/09/2015 18:20	67.9	64.6	59.4	56.7	62.5	4	0
11/09/2015 18:25	68.6	65.3	59.9	57.3	63.1	4	0
11/09/2015 18:30	68.2	64.9	59.6	56.9	62.7	4	0
11/09/2015 18:35	69	65.6	60.3	57.5	63.5	4	0
11/09/2015 18:40	68	64.7	59.5	56.7	62.6	4	0
11/09/2015 18:45	68.8	65.5	60.2	57.4	63.4	4	0
11/09/2015 18:50	67.5	64.3	59	56.3	62.1	4	0
11/09/2015 18:55	67.9	64.7	59.4	56.7	62.5	4	0
11/09/2015 19:00	68.5	65.2	59.9	57.2	63	4	0
11/09/2015 19:05	69	65.6	60.3	57.6	63.5	4	0
11/09/2015 19:10	68.8	65.4	60.1	57.4	63.3	4	0
11/09/2015 19:15	69.6	66.3	60.9	58.1	64.1	4	0
11/09/2015 19:20	70.2	66.8	61.4	58.5	64.5	4	0
11/09/2015 19:25	69.3	66	60.7	57.7	63.7	4	0
11/09/2015 19:30	69.1	65.8	60.5	57.7	63.6	4	0
11/09/2015 19:35	69.5	66.2	60.9	58	64	4	0
11/09/2015 19:40	69.7	66.3	61.1	58.1	64.1	4	0
11/09/2015 19:45	68.9	65.6	60.3	57.3	63.3	4	0
11/09/2015 19:50	69.1	65.8	60.5	57.5	63.5	4	0
11/09/2015 19:55	70	66.7	61.5	58.4	64.4	4	0
11/09/2015 20:00	70	66.7	61.5	58.3	64.3	4	0
11/09/2015 20:05	70.1	66.7	61.5	58.4	64.4	4	0
11/09/2015 20:10	69.9	66.6	61.4	58.3	64.3	4	0
11/09/2015 20:15	70.1	66.8	61.5	58.5	64.5	4	0
11/09/2015 20:20	70.4	67	61.6	58.7	64.8	4	0
11/09/2015 20:25	69.7	66.3	60.9	58.1	64	4	0
11/09/2015 20:30	69	65.7	60.2	57.4	63.3	4	0
11/09/2015 20:35	68.2	64.9	59.5	56.8	62.5	4	0
11/09/2015 20:40	67.6	64.3	59	56.2	62.1	4	0
11/09/2015 20:45	69.2	65.9	60.6	57.6	63.6	4	0
11/09/2015 20:50	69.3	66	60.6	57.6	63.7	4	0
11/09/2015 20:55	70.7	67.3	62	58.9	64.9	4	0
11/09/2015 21:00	69.3	66	60.5	57.6	63.5	4	0
11/09/2015 21:05	70.5	67.1	61.7	58.6	64.7	4	0
11/09/2015 21:10	68.5	65.3	59.9	56.9	62.9	4	0
11/09/2015 21:15	69.4	66.1	60.8	57.8	63.8	4	0
11/09/2015 21:20	70.8	67.4	61.9	59	65	4	0
11/09/2015 21:25	70.1	66.8	61.5	58.4	64.5	4	0
11/09/2015 21:30	70.9	67.5	62.2	59.1	65.2	4	0
11/09/2015 21:35	71.6	68.2	62.9	59.7	65.9	4	0
11/09/2015 21:40	70.8	67.5	62.2	59.1	65	4	0
11/09/2015 21:45	70	66.6	61.3	58.3	64.3	4	0
11/09/2015 21:50	69.8	66.4	61.1	58.2	64.1	4	0
11/09/2015 21:55	70.6	67.2	61.9	58.8	64.9	4	0
11/09/2015 22:00	70.3	66.9	61.7	58.6	64.6	4	0
11/09/2015 22:05	69.7	66.3	60.9	58	64	4	0
11/09/2015 22:10	70.4	67	61.7	58.7	64.7	4	0
11/09/2015 22:15	70.3	66.9	61.5	58.6	64.5	4	0
11/09/2015 22:20	70.4	67	61.6	58.7	64.5	4	0
11/09/2015 22:25	70.4	67	61.6	58.6	64.5	4	0
11/09/2015 22:30	69.1	65.8	60.4	57.5	63.3	4	0
11/09/2015 22:35	70.1	66.7	61.3	58.3	64.2	4	0
11/09/2015 22:40	70	66.7	61.4	58.4	64.1	4	0
11/09/2015 22:45	70.5	67.2	61.9	58.9	64.7	4	0
11/09/2015 22:50	69.7	66.4	61	58.1	63.9	4	0
11/09/2015 22:55	69.9	66.5	61.2	58.3	64	4	0
11/09/2015 23:00	68.6	65.3	60	57.3	62.8	4	0
11/09/2015 23:05	68.6	65.3	60	57.3	62.9	4	0
11/09/2015 23:10	69.4	66	60.7	57.9	63.5	4	0
11/09/2015 23:15	68	64.8	59.4	56.6	62.2	4	0
11/09/2015 23:20	69.4	66.1	60.7	57.8	63.5	4	0
11/09/2015 23:25	70.2	66.8	61.4	58.5	64.2	4	0
11/09/2015 23:30	70.1	66.7	61.3	58.5	64.1	4	0
11/09/2015 23:35	70.2	66.8	61.4	58.5	64.2	4	0
11/09/2015 23:40	69.5	66.2	60.8	57.8	63.7	4	0
11/09/2015 23:45	69.6	66.3	60.8	57.9	63.7	4	0
11/09/2015 23:50	69.3	66	60.7	57.7	63.4	4	0
11/09/2015 23:55	69.9	66.6	61.3	58.3	64.1	4	0
11/10/2015 00:00	70.4	67	61.6	58.7	64.2	4	0
11/10/2015 00:05	70.4	67	61.6	58.7	64.4	4	0
11/10/2015 00:10	70	66.6	61.4	58.3	64	4	0
11/10/2015 00:15	70.2	66.8	61.5	58.5	64.1	4	0
11/10/2015 00:20	70.3	67	61.6	58.6	64.3	4	0
11/10/2015 00:25	70.1	66.6	61.3	58.3	64.1	4	0
11/10/2015 00:30	69.8	66.5	61.3	58.2	63.9	4	0
11/10/2015 00:35	69.8	66.5	61.2	58.1	63.8	4	0
11/10/2015 00:40	70	66.6	61.3	58.3	63.9	4	0
11/10/2015 00:45	70.2	66.8	61.5	58.5	64.2	4	0
11/10/2015 00:50	70.3	66.9	61.6	58.6	64.2	4	0
11/10/2015 00:55	70.5	67.1	61.7	58.7	64.4	4	0
11/10/2015 01:00	70.3	66.9	61.6	58.6	64.1	4	0
11/10/2015 01:05	70.5	67	61.7	58.7	64.2	4	0
11/10/2015 01:10	70.3	66.9	61.6	58.5	64.3	4	0
11/10/2015 01:15	70.2	66.8	61.5	58.5	64	4	0
11/10/2015 01:20	70.4	67	61.6	58.7	64.4	4	0
11/10/2015 01:25	70.2	66.8	61.5	58.5	64.1	4	0
11/10/2015 01:30	70.2	66.8	61.4	58.4	64	4	0
11/10/2015 01:35	69.9	66.6	61.3	58.3	63.8	4	0
11/10/2015 01:40	69.9	66.5	61.2	58.2	63.7	4	0
11/10/2015 01:45	70.1	66.7	61.4	58.4	63.7	4	0
11/10/2015 01:50	70.2	66.9	61.5	58.5	64.3	4	0
11/10/2015 01:55	70.2	66.8	61.4	58.5	64.2	4	0
11/10/2015 02:00	70	66.6	61.3	58.4	63.8	4	0
11/10/2015 02:05	70.1	66.7	61.5	58.5	63.6	4	0
11/10/2015 02:10	70.4	67	61.6	58.7	64.2	4	0
11/10/2015 02:15	69.4	66.1	60.9	57.8	63.5	4	0
11/10/2015 02:20	69.3	66	60.7	57.7	63.3	4	0
11/10/2015 02:25	69.8	66.5	61.1	58.2	63.8	4	0
11/10/2015 02:30	70.3	66.9	61.6	58.6	64.1	4	0
11/10/2015 02:35	69.6	66.3	61	57.9	63.5	4	0
11/10/2015 02:40	70.3	66.9	61.6	58.5	63.9	4	0
11/10/2015 02:45	69.8	66.4	61.2	58.1	63.8	4	0
11/10/2015 02:50	70.2	66.8	61.5	58.4	64	4	0
11/10/2015 02:55	69.8	66.4	61.1	58	63.6	4	0
11/10/2015 03:00	69.6	66.3	61.1	58	63.5	4	0
11/10/2015 03:05	70	66.6	61.3	58.3	63.8	4	0
11/10/2015 03:10	69	65.6	60.3	57.5	63	4	0
11/10/2015 03:15	69.6	66.2	60.9	58	63.5	4	0
11/10/2015 03:20	70.1	66.6	61.2	58.3	63.8	4	0
11/10/2015 03:25	69.6	66.3	60.9	58	63.5	4	0
11/10/2015 03:30	70.1	66.7	61.4	58.4	64	4	0
11/10/2015 03:35	70.1	66.7	61.4	58.4	64.1	4	0
11/10/2015 03:40	69.9	66.6	61.3	58.3	63.9	4	0
11/10/2015 03:45	69.5	66.2	60.9	58	63.6	4	0
11/10/2015 03:50	70	66.6	61.2	58.2	64.1	4	0
11/10/2015 03:55	69.5	66.1	60.7	57.8	63.5	4	0
11/10/2015 04:00	69.5	66.2	60.9	57.9	63.5	4	0
11/10/2015 04:05	70.1	66.7	61.5	58.4	64.1	4	0
11/10/2015 04:10	69.9	66.6	61.1	58.1	64	4	0
11/10/2015 04:15	70.7	67.3	61.8	58.8	64.7	4	0
11/10/2015 04:20	70	66.6	61.3	58.3	64.2	4	0
11/10/2015 04:25	70.7	67.3	61.9	58.9	64.9	4	0
11/10/2015 04:30	71.1	67.7	62.4	59.2	65.3	4	0
11/10/2015 04:35	70.4	67	61.6	58.7	64.6	4	0
11/10/2015 04:40	71	67.6	62.4	59.2	65.3	4	0
11/10/2015 04:45	71.4	67.9	62.5	59.4	65.5	4	0
11/10/2015 04:50	70.7	67.3	61.8	58.8	64.9	4	0
11/10/2015 04:55	71.6	68.1	62.6	59.6	65.7	4	0
11/10/2015 05:00	77.9	74.2	68.6	64.8	71.7	4	0
11/10/2015 05:05	77.9	74.2	68.6	64.8	71.8	4	0
11/10/2015 05:10	77.9	74.2	68.3	64.6	71.6	4	0
11/10/2015 05:15	77.9	74.2	68.6	64.8	71.8	4	0
11/10/2015 05:20	77.9	74.2	68.6	64.8	71.9	4	0
11/10/2015 05:25	77.9	74.2	68.6	64.8	71.9	4	0
11/10/2015 05:30	77.9	74.2	68.3	64.6	71.8	4	0
11/10/2015 05:35	77.9	74.2	68.6	64.8	71.9	4	0
11/10/2015 05:40	74.4	71	65.6	62.1	68.7	4	0
11/10/2015 05:45	69.3	66	60.8	57.9	63.9	4	0
11/10/2015 05:50	64.6	61.4	55.9	53.6	59.3	4	0
11/10/2015 05:55	58	55.1	50.2	48.7	53.4	4	0
11/10/2015 06:00	48.9	46.1	41.7	41.1	44.7	4	0
11/10/2015 06:05	42.9	41.1	36.2	36.7	39.5	4	0
11/10/2015 06:10	36.9	35.6	32.1	32.6	34.5	4	0
11/10/2015 06:15	34.3	32.9	28.9	29.6	31.6	4	0
11/10/2015 06:20	33.9	32.6	27.7	28.6	30.9	4	0
11/10/2015 06:25	32	30.8	25	26.2	28.7	4	0
11/10/2015 06:30	29.5	28.4	23.6	25.3	26.9	4	0
11/10/2015 06:35	27.7	26.5	21.8	23.8	25.1	4	0
11/10/2015 06:40	31.6	30	26.1	27.5	29	4	0
11/10/2015 06:45	37.2	34.9	28.5	29.4	32.7	4	0
11/10/2015 06:50	41.2	38.7	32.1	32.7	36.4	4	0
11/10/2015 06:55	42.1	39.5	32.8	33.4	37.2	4	0
11/10/2015 07:00	44.4	41.7	34.9	35.3	39.3	4	0
11/10/2015 07:05	44.7	41.9	35.1	35.5	39.6	4	0
11/10/2015 07:10	45.2	42.5	35.7	36	40.1	4	0
11/10/2015 07:15	45.8	43.1	36.3	36.5	40.7	4	0
11/10/2015 07:20	45.9	43.2	36.4	36.8	40.9	4	0
11/10/2015 07:25	44.9	42.3	35.5	36	40	4	0
11/10/2015 07:30	45.1	42.5	35.8	36.2	40.1	4	0
11/10/2015 07:35	44.7	42	35.1	35.5	39.6	4	0
11/10/2015 07:40	44.5	41.8	34.9	35.3	39.4	4	0
11/10/2015 07:45	43.8	41.1	34.4	34.8	38.8	4	0
11/10/2015 07:50	44.7	42	35.2	35.5	39.6	4	0
11/10/2015 07:55	46.7	43.9	37.1	37.2	41.5	4	0
11/10/2015 08:00	48.1	45.2	38.5	38.5	42.9	4	0
11/10/2015 08:05	49.9	47.1	40.7	40.3	44.8	4	0
11/10/2015 08:10	47.3	44.5	37.9	37.9	42.2	4	0
11/10/2015 08:15	47.4	44.6	37.8	37.9	42.2	4	0
11/10/2015 08:20	37.5	35.1	28.5	29.5	32.9	4	0
11/10/2015 08:25	34	31.8	25.6	26.8	29.8	4	0
11/10/2015 08:30	32.2	30	23.8	25.2	28	4	0
11/10/2015 08:35	36.8	34.4	27.9	29	32.2	4	0
11/10/2015 08:40	41.1	38.6	31.9	32.5	36.2	4	0
11/10/2015 08:45	44.7	42	35.3	35.6	39.7	4	0
11/10/2015 08:50	48.8	46	39	39	43.5	4	0
11/10/2015 08:55	47.8	45	38	38.1	42.5	4	0
11/10/2015 09:00	46.5	43.7	36.9	37.1	41.3	4	0
11/10/2015 09:05	52.4	49.5	44	43.2	47.5	4	0
11/10/2015 09:10	54.1	51.5	47.1	46	49.9	4	0
11/10/2015 09:15	55.7	52.7	48.2	46.9	51.1	4	0
11/10/2015 09:20	58.6	55.7	51	49.3	53.9	4	0
11/10/2015 09:25	61.6	58.6	53.3	51.5	56.6	4	0
11/10/2015 09:30	61.9	58.8	53.9	51.9	56.9	4	0
11/10/2015 09:35	63.2	60.1	54.8	52.6	58	4	0
11/10/2015 09:40	63.2	60.1	55.2	53	58.2	4	0
11/10/2015 09:45	64	60.9	55.9	53.6	58.9	4	0
11/10/2015 09:50	67.4	64.2	58.9	56.4	62.1	4	0
11/10/2015 09:55	65.8	62.6	57.4	54.9	60.6	4	0
11/10/2015 10:00	66.9	63.6	58.3	55.6	61.5	4	0
11/10/2015 10:05	67.4	64.1	58.6	55.9	61.9	4	0
11/10/2015 10:10	67.7	64.4	59	56.2	62.2	4	0
11/10/2015 10:15	66.4	63.1	57.6	55	60.9	4	0
11/10/2015 10:20	67.2	64	58.7	56.1	61.9	4	0
11/10/2015 10:25	66.2	63	57.5	55	60.8	4	0
11/10/2015 10:30	67.8	64.5	59.2	56.4	62.3	4	0
11/10/2015 10:35	65.6	62.4	56.7	54.2	60.1	4	0
11/10/2015 10:40	65.6	62.3	56.7	54.2	60.1	4	0
11/10/2015 10:45	65	61.8	56.1	53.7	59.5	4	0
11/10/2015 10:50	63.9	60.7	54.9	52.6	58.4	4	0
11/10/2015 10:55	63.7	60.5	54.8	52.5	58.2	4	0
11/10/2015 11:00	65.3	62.1	56.5	54	59.9	4	0
11/10/2015 11:05	64.1	60.9	55.1	52.8	58.7	4	0
11/10/2015 11:10	63.6	60.4	54.6	52.4	58.1	4	0
11/10/2015 11:15	64.7	61.5	55.7	53.4	59.2	4	0
11/10/2015 11:20	63.9	60.7	54.9	52.7	58.4	4	0
11/10/2015 11:25	65.4	62.2	56.5	54	59.9	4	0
11/10/2015 11:30	65.2	62	56.3	53.9	59.7	4	0
11/10/2015 11:35	65.1	61.9	56.2	53.8	59.7	4	0
11/10/2015 11:40	66	62.8	57.2	54.6	60.6	4	0
11/10/2015 11:45	66	62.8	57.1	54.6	60.5	4	0
11/10/2015 11:50	65.1	62	56.4	53.8	59.7	4	0
11/10/2015 11:55	63.7	60.5	55.1	52.8	58.4	4	0
11/10/2015 12:00	63.2	60	54.4	52.2	57.8	4	0
11/10/2015 12:05	64.7	61.5	55.7	53.4	59.2	4	0
11/10/2015 12:10	63.4	60.3	54.4	52.2	58	4	0
11/10/2015 12:15	63.1	60	54.2	51.9	57.7	4	0
11/10/2015 12:20	63.7	60.6	54.7	52.5	58.3	4	0
11/10/2015 12:25	63.8	60.7	54.9	52.6	58.4	4	0
11/10/2015 12:30	65.3	62.1	56.4	53.9	59.8	4	0
11/10/2015 12:35	64.6	61.4	55.6	53.2	59.1	4	0
11/10/2015 12:40	66	62.8	57.3	54.7	60.6	4	0
11/10/2015 12:45	64.2	61	55.2	52.9	58.8	4	0
11/10/2015 12:50	64.8	61.6	55.9	53.5	59.4	4	0
11/10/2015 12:55	65	61.8	56.1	53.7	59.5	4	0
11/10/2015 13:00	65.6	62.4	56.8	54.3	60.2	4	0
11/10/2015 13:05	66.4	63.1	57.6	55	60.9	4	0
11/10/2015 13:10	66.2	63	57.4	54.8	60.8	4	0
11/10/2015 13:15	65.4	62.2	56.9	54.3	60.1	4	0
11/10/2015 13:20	65.4	62.2	56.7	54.1	60	4	0
11/10/2015 13:25	64.9	61.8	56.3	53.8	59.6	4	0
11/10/2015 13:30	64.5	61.3	55.8	53.4	59.1	4	0
11/10/2015 13:35	66.1	62.9	57.5	54.9	60.8	4	0
11/10/2015 13:40	65.4	62.2	56.5	54	59.9	4	0
11/10/2015 13:45	67.8	64.5	59.1	56.4	62.3	4	0
11/10/2015 13:50	66.9	63.7	58.2	55.6	61.5	4	0
11/10/2015 13:55	66.6	63.4	57.9	55.3	61.2	4	0
11/10/2015 14:00	66.4	63.2	57.9	55.4	61.1	4	0
11/10/2015 14:05	66.8	63.6	58.2	55.6	61.5	4	0
11/10/2015 14:10	67.4	64.1	58.7	56.1	62	4	0
11/10/2015 14:15	68.2	64.9	59.6	56.8	62.8	4	0
11/10/2015 14:20	68.1	64.8	59.5	56.8	62.7	4	0
11/10/2015 14:25	68.1	64.8	59.4	56.6	62.6	4	0
11/10/2015 14:30	67.8	64.5	59.1	56.3	62.3	4	0
11/10/2015 14:35	68	64.7	59.3	56.5	62.5	4	0
11/10/2015 14:40	66.9	63.7	58.3	55.6	61.5	4	0
11/10/2015 14:45	67.2	63.9	58.6	55.9	61.8	4	0
11/10/2015 14:50	67.9	64.6	59.3	56.5	62.5	4	0
11/10/2015 14:55	67.7	64.4	59.2	56.6	62.3	4	0
11/10/2015 15:00	67.2	63.9	58.7	56.2	61.8	4	0
11/10/2015 15:05	68.2	64.9	59.6	57	62.8	4	0
11/10/2015 15:10	67.4	64.1	58.7	55.9	61.9	4	0
11/10/2015 15:15	68.1	64.8	59.4	56.7	62.7	4	0
11/10/2015 15:20	69.1	65.8	60.4	57.7	63.6	4	0
11/10/2015 15:25	68.3	65.1	59.7	57	62.9	4	0
11/10/2015 15:30	67.8	64.6	59.2	56.5	62.4	4	0
11/10/2015 15:35	68.6	65.3	60	57.1	63.1	4	0
11/10/2015 15:40	68.6	65.4	59.9	57.1	63.2	4	0
11/10/2015 15:45	69.1	65.8	60.5	57.6	63.7	4	0
11/10/2015 15:50	68.8	65.5	60.1	57.2	63.3	4	0
11/10/2015 15:55	69.1	65.7	60.4	57.5	63.6	4	0
11/10/2015 16:00	69.3	65.9	60.6	57.7	63.8	4	0
11/10/2015 16:05	69.9	66.6	61.3	58.3	64.4	4	0
11/10/2015 16:10	69.1	65.8	60.6	57.7	63.7	4	0
11/10/2015 16:15	68	64.7	59.4	56.5	62.5	4	0
11/10/2015 16:20	67.8	64.5	59.1	56.3	62.3	4	0
11/10/2015 16:25	68.1	64.8	59.4	56.6	62.7	4	0
11/10/2015 16:30	67.7	64.5	59.1	56.4	62.3	4	0
11/10/2015 16:35	67.5	64.3	59	56.4	62.2	4	0
11/10/2015 16:40	68.5	65.2	59.9	57.2	63.1	4	0
11/10/2015 16:45	68.5	65.2	59.9	57.1	63.1	4	0
11/10/2015 16:50	68.5	65.3	59.9	57.1	63.1	4	0
11/10/2015 16:55	67.6	64.4	59	56.3	62.2	4	0
11/10/2015 17:00	67.4	64.1	58.7	55.9	61.9	4	0
11/10/2015 17:05	67.5	64.3	58.8	56	62.1	4	0
11/10/2015 17:10	66.4	63.2	57.8	55.3	61.1	4	0
11/10/2015 17:15	66.5	63.3	58.1	55.6	61.3	4	0
11/10/2015 17:20	65.7	62.5	57	54.5	60.3	4	0
11/10/2015 17:25	64.8	61.7	56.5	54.1	59.7	4	0
11/10/2015 17:30	64.6	61.5	56.2	54	59.5	4	0
11/10/2015 17:35	65.9	62.8	57.3	54.7	60.6	4	0
11/10/2015 17:40	65.8	62.7	57.2	54.7	60.5	4	0
11/10/2015 17:45	67.1	63.9	58.4	55.7	61.7	4	0
11/10/2015 17:50	66.9	63.7	58.4	55.9	61.6	4	0
11/10/2015 17:55	66.3	63.2	57.9	55.5	61.1	4	0
11/10/2015 18:00	66.3	63.1	57.7	55.2	61	4	0
11/10/2015 18:05	65.8	62.7	57.4	54.8	60.6	4	0
11/10/2015 18:10	66.6	63.4	58	55.5	61.3	4	0
11/10/2015 18:15	66.2	63	57.7	55.1	60.9	4	0
11/10/2015 18:20	66.1	62.9	57.7	55	60.8	4	0
11/10/2015 18:25	67.1	63.8	58.5	55.7	61.7	4	0
11/10/2015 18:30	65.6	62.4	57.1	54.6	60.3	4	0
11/10/2015 18:35	64.8	61.7	56.3	53.8	59.6	4	0
11/10/2015 18:40	66.4	63.3	57.9	55.2	61.1	4	0
11/10/2015 18:45	66.5	63.3	58.1	55.6	61.2	4	0
11/10/2015 18:50	67.2	64	58.6	55.9	61.8	4	0
11/10/2015 18:55	67.3	64.1	58.7	55.9	61.9	4	0
11/10/2015 19:00	69.5	66.1	60.8	57.9	63.9	4	0
11/10/2015 19:05	68.8	65.4	60.1	57.2	63.2	4	0
11/10/2015 19:10	70.2	66.8	61.4	58.5	64.6	4	0
11/10/2015 19:15	70.2	66.8	61.5	58.4	64.6	4	0
11/10/2015 19:20	70.3	67	61.6	58.7	64.8	4	0
11/10/2015 19:25	70.7	67.4	62	58.9	65.1	4	0
11/10/2015 19:30	70.2	66.9	61.5	58.5	64.6	4	0
11/10/2015 19:35	70.3	66.9	61.5	58.6	64.7	4	0
11/10/2015 19:40	71	67.5	62.1	59.1	65.2	4	0
11/10/2015 19:45	70.3	66.9	61.6	58.5	64.7	4	0
11/10/2015 19:50	69.9	66.5	61.2	58.3	64.3	4	0
11/10/2015 19:55	70	66.6	61.4	58.4	64.3	4	0
11/10/2015 20:00	70.9	67.5	62.1	59.1	65.2	4	0
11/10/2015 20:05	70.9	67.4	62	59	65.1	4	0
11/10/2015 20:10	70.2	66.9	61.5	58.5	64.5	4	0
11/10/2015 20:15	69.2	65.9	60.6	57.6	63.6	4	0
11/10/2015 20:20	70.3	66.9	61.5	58.5	64.7	4	0
11/10/2015 20:25	70.4	67.1	61.7	58.7	64.8	4	0
11/10/2015 20:30	70.2	66.9	61.5	58.5	64.5	4	0
11/10/2015 20:35	70.9	67.5	62.2	59.2	65.2	4	0
11/10/2015 20:40	71.3	67.8	62.4	59.3	65.5	4	0
11/10/2015 20:45	69.5	66.2	60.9	57.9	63.9	4	0
11/10/2015 20:50	68.8	65.4	60	57.2	63.1	4	0
11/10/2015 20:55	69.8	66.4	61.1	58.3	64.2	4	0
11/10/2015 21:00	69.9	66.6	61.2	58.3	64.3	4	0
11/10/2015 21:05	69.4	66	60.7	57.8	63.7	4	0
11/10/2015 21:10	68.4	65.1	59.7	56.9	62.8	4	0
11/10/2015 21:15	69.8	66.5	61.1	58.2	64.2	4	0
11/10/2015 21:20	69.1	65.8	60.5	57.6	63.6	4	0
11/10/2015 21:25	69.6	66.3	61	58.2	64	4	0
11/10/2015 21:30	69.4	66	60.7	57.8	63.8	4	0
11/10/2015 21:35	69.5	66.2	60.8	58	63.9	4	0
11/10/2015 21:40	69.3	66	60.7	57.8	63.7	4	0
11/10/2015 21:45	70.2	66.9	61.6	58.5	64.5	4	0
11/10/2015 21:50	71	67.7	62.5	59.3	65.4	4	0
11/10/2015 21:55	70.4	67	61.6	58.6	64.7	4	0
11/10/2015 22:00	70	66.7	61.3	58.4	64.3	4	0
11/10/2015 22:05	70	66.7	61.4	58.5	64.4	4	0
11/10/2015 22:10	70.4	67	61.7	58.6	64.7	4	0
11/10/2015 22:15	71.1	67.7	62.4	59.2	65.4	4	0
11/10/2015 22:20	70.1	66.7	61.4	58.4	64.4	4	0
11/10/2015 22:25	69.5	66.2	60.9	57.9	63.9	4	0
11/10/2015 22:30	70.2	66.9	61.5	58.5	64.5	4	0
11/10/2015 22:35	70.3	66.9	61.5	58.5	64.4	4	0
11/10/2015 22:40	70	66.7	61.4	58.4	64.2	4	0
11/10/2015 22:45	69.7	66.3	60.9	58	63.9	4	0
11/10/2015 22:50	70.2	66.8	61.5	58.4	64.3	4	0
11/10/2015 22:55	70.1	66.8	61.4	58.4	64.2	4	0
11/10/2015 23:00	70.8	67.4	62.2	59.1	65	4	0
11/10/2015 23:05	71	67.5	62.1	59.1	65.1	4	0
11/10/2015 23:10	71.7	68.3	63	59.9	65.9	4	0
11/10/2015 23:15	70.9	67.5	62	59.1	65	4	0
11/10/2015 23:20	70.2	66.8	61.4	58.5	64.4	4	0
11/10/2015 23:25	70.4	67	61.6	58.7	64.5	4	0
11/10/2015 23:30	70.4	67	61.6	58.6	64.4	4	0
11/10/2015 23:35	69.6	66.3	61	58	63.7	4	0
11/10/2015 23:40	68.6	65.3	59.9	57	62.7	4	0
11/10/2015 23:45	70.3	67	61.6	58.5	64.3	4	0
11/10/2015 23:50	69.9	66.6	61.3	58.4	64	4	0
11/10/2015 23:55	70.3	66.9	61.6	58.7	64.3	4	0
11/11/2015 00:00	70.4	67	61.6	58.7	64.3	4	0
11/11/2015 00:05	70.2	66.8	61.5	58.5	64.2	4	0
11/11/2015 00:10	70.3	66.9	61.6	58.5	64.3	4	0
11/11/2015 00:15	70.6	67.2	61.8	58.9	64.6	4	0
11/11/2015 00:20	70.4	67	61.6	58.7	64.2	4	0
11/11/2015 00:25	70.5	67.1	61.8	58.8	64.3	4	0
11/11/2015 00:30	70.3	67	61.6	58.5	64.2	4	0
11/11/2015 00:35	70.5	67.1	61.7	58.7	64.1	4	0
11/11/2015 00:40	70.4	67	61.7	58.6	64.2	4	0
11/11/2015 00:45	70.4	67	61.6	58.7	64.1	4	0
11/11/2015 00:50	70.5	67.1	61.7	58.8	64.3	4	0
11/11/2015 00:55	70.3	66.9	61.5	58.6	64.3	4	0
11/11/2015 01:00	70.4	67	61.6	58.6	64.5	4	0
11/11/2015 01:05	70.5	67.1	61.8	58.8	64.3	4	0
11/11/2015 01:10	70.3	66.9	61.5	58.6	63.8	4	0
11/11/2015 01:15	70.1	66.7	61.3	58.3	63.9	4	0
11/11/2015 01:20	70.2	66.8	61.5	58.5	64.1	4	0
11/11/2015 01:25	70.3	66.9	61.5	58.6	64.3	4	0
11/11/2015 01:30	70.4	67	61.7	58.7	64.2	4	0
11/11/2015 01:35	70.7	67.4	62.2	59	64.5	4	0
11/11/2015 01:40	70.8	67.5	62.4	59.2	64.6	4	0
11/11/2015 01:45	70.4	67	61.8	58.8	64.3	4	0
11/11/2015 01:50	70.5	67.1	61.8	58.8	64.2	4	0
11/11/2015 01:55	70.4	67	61.6	58.7	64.2	4	0
11/11/2015 02:00	70.5	67.1	61.7	58.7	64.2	4	0
11/11/2015 02:05	70.4	67	61.6	58.7	64.1	4	0
11/11/2015 02:10	70.4	67	61.5	58.7	64.2	4	0
11/11/2015 02:15	70.3	66.9	61.5	58.5	64.2	4	0
11/11/2015 02:20	70	66.7	61.3	58.3	63.8	4	0
11/11/2015 02:25	70.2	66.8	61.5	58.5	64.2	4	0
11/11/2015 02:30	70.1	66.7	61.3	58.3	63.9	4	0
11/11/2015 02:35	70.2	66.8	61.5	58.5	64	4	0
11/11/2015 02:40	70.4	67	61.6	58.7	64.2	4	0
11/11/2015 02:45	70.5	67.1	61.6	58.7	64.2	4	0
11/11/2015 02:50	70.5	67.1	61.7	58.8	64.3	4	0
11/11/2015 02:55	70.5	67.1	61.7	58.8	64.5	4	0
11/11/2015 03:00	70.5	67.1	61.6	58.7	64.4	4	0
11/11/2015 03:05	70.5	67.1	61.7	58.7	64.2	4	0
11/11/2015 03:10	70.3	67	61.6	58.6	64.2	4	0
11/11/2015 03:15	70.5	67.1	61.8	58.8	64.2	4	0
11/11/2015 03:20	70.6	67.1	61.8	58.7	64.3	4	0
11/11/2015 03:25	70.6	67.2	61.9	58.8	64.5	4	0
11/11/2015 03:30	70.6	67.2	61.8	58.8	64.4	4	0
11/11/2015 03:35	70.5	67.1	61.7	58.8	64.2	4	0
11/11/2015 03:40	70.7	67.4	62	59	64.7	4	0
11/11/2015 03:45	70.5	67.1	61.8	58.8	64.5	4	0
11/11/2015 03:50	70.8	67.4	62.1	59.1	64.8	4	0
11/11/2015 03:55	70.6	67.2	61.7	58.8	64.6	4	0
11/11/2015 04:00	69.9	66.6	61.2	58.3	63.8	4	0
11/11/2015 04:05	70.5	67.1	61.6	58.7	64.3	4	0
11/11/2015 04:10	69.8	66.4	61.1	58.2	63.8	4	0
11/11/2015 04:15	70.4	67	61.5	58.7	64.4	4	0
11/11/2015 04:20	70.5	67.1	61.9	58.9	64.6	4	0
11/11/2015 04:25	69.6	66.3	61	58	63.9	4	0
11/11/2015 04:30	70	66.6	61.3	58.3	64.2	4	0
11/11/2015 04:35	71.1	67.7	62.4	59.2	65.2	4	0
11/11/2015 04:40	69.3	66	60.6	57.7	63.5	4	0
11/11/2015 04:45	69.8	66.4	61.1	58.2	64.1	4	0
11/11/2015 04:50	70.3	66.9	61.6	58.6	64.6	4	0
11/11/2015 04:55	70.5	67.1	61.9	58.8	64.8	4	0
11/11/2015 05:00	75	71.5	66.3	62.7	69.1	4	0
11/11/2015 05:05	77.9	74.2	68.3	64.6	71.6	4	0
11/11/2015 05:10	78	74.2	68.5	64.6	71.7	4	0
11/11/2015 05:15	77.9	74.2	68.3	64.6	71.7	4	0
11/11/2015 05:20	77.8	74.1	68.6	64.8	71.7	4	0
11/11/2015 05:25	78	74.3	68.7	64.9	71.9	4	0
11/11/2015 05:30	78	74.2	68.7	64.9	71.9	4	0
11/11/2015 05:35	77.9	74.2	68.6	64.8	71.9	4	0
11/11/2015 05:40	77.7	74.2	68.3	64.6	71.7	4	0
11/11/2015 05:45	78	74.2	68.5	64.7	71.8	4	0
11/11/2015 05:50	77.3	73.6	68.3	64.5	71.4	4	0
11/11/2015 05:55	76.8	73.3	68.2	64.4	71.1	4	0
11/11/2015 06:00	69.1	65.8	60.5	57.6	63.7	4	0
11/11/2015 06:05	66.5	63.4	58.2	55.6	61.3	4	0
11/11/2015 06:10	65.2	62.1	56.7	54.2	59.9	4	0
11/11/2015 06:15	65.1	62	56.5	54.1	59.8	4	0
11/11/2015 06:20	65	61.9	56.4	54.1	59.7	4	0
11/11/2015 06:25	64.8	61.7	55.9	53.5	59.4	4	0
11/11/2015 06:30	65.3	62.1	56.4	53.9	59.8	4	0
11/11/2015 06:35	65.9	62.7	57	54.5	60.4	4	0
11/11/2015 06:40	66.8	63.6	58.1	55.4	61.3	4	0
11/11/2015 06:45	66.3	63.1	57.6	55	60.9	4	0
11/11/2015 06:50	66.5	63.3	57.9	55.2	61.1	4	0
11/11/2015 06:55	65.3	62.1	56.8	54.2	60	4	0
11/11/2015 07:00	66.3	63.1	57.7	55.2	60.9	4	0
11/11/2015 07:05	67.2	63.9	58.6	55.9	61.8	4	0
11/11/2015 07:10	67.3	64.1	58.8	56.1	61.9	4	0
11/11/2015 07:15	67	63.8	58.5	55.8	61.6	4	0
11/11/2015 07:20	66.4	63.2	57.8	55.3	61.1	4	0
11/11/2015 07:25	67.2	64	58.6	56	61.8	4	0
11/11/2015 07:30	67.5	64.3	58.9	56.2	62.1	4	0
11/11/2015 07:35	67.6	64.3	59	56.2	62.2	4	0
11/11/2015 07:40	66.7	63.5	58.1	55.6	61.4	4	0
11/11/2015 07:45	67.2	63.9	58.6	55.9	61.8	4	0
11/11/2015 07:50	67.8	64.5	59.2	56.5	62.4	4	0
11/11/2015 07:55	67.8	64.5	59.2	56.5	62.4	4	0
11/11/2015 08:00	66.9	63.7	58.3	55.7	61.5	4	0
11/11/2015 08:05	68.8	65.5	60.1	57.2	63.2	4	0
11/11/2015 08:10	68	64.7	59.4	56.6	62.5	4	0
11/11/2015 08:15	67.1	63.8	58.5	55.8	61.7	4	0
11/11/2015 08:20	67	63.7	58.2	55.6	61.5	4	0
11/11/2015 08:25	68.8	65.5	60.2	57.4	63.3	4	0
11/11/2015 08:30	68.2	65	59.7	56.9	62.9	4	0
11/11/2015 08:35	68.5	65.2	59.9	57.1	63.1	4	0
11/11/2015 08:40	67.8	64.5	59.2	56.5	62.4	4	0
11/11/2015 08:45	67.6	64.3	58.9	56.2	62.1	4	0
11/11/2015 08:50	67.8	64.5	59.2	56.4	62.3	4	0
11/11/2015 08:55	67.7	64.5	59.1	56.4	62.3	4	0
11/11/2015 09:00	67.9	64.6	59.2	56.4	62.4	4	0
11/11/2015 09:05	67.9	64.6	59.2	56.5	62.4	4	0
11/11/2015 09:10	67.6	64.3	59.1	56.4	62.2	4	0
11/11/2015 09:15	67.4	64.2	58.9	56.2	62.1	4	0
11/11/2015 09:20	65.8	62.6	57.2	54.8	60.5	4	0
11/11/2015 09:25	66.8	63.6	58.4	55.9	61.6	4	0
11/11/2015 09:30	65.2	62	56.9	54.4	60	4	0
11/11/2015 09:35	66.6	63.3	57.9	55.3	61.1	4	0
11/11/2015 09:40	65.5	62.3	57	54.4	60.2	4	0
11/11/2015 09:45	64.7	61.5	56.3	54.1	59.5	4	0
11/11/2015 09:50	67.1	63.9	58.7	56.1	61.9	4	0
11/11/2015 09:55	65.6	62.4	57.2	54.8	60.4	4	0
11/11/2015 10:00	65.9	62.7	57.3	54.9	60.6	4	0
11/11/2015 10:05	66.2	63	57.7	55.2	60.9	4	0
11/11/2015 10:10	65.5	62.3	56.9	54.6	60.2	4	0
11/11/2015 10:15	65.4	62.2	56.7	54.3	60	4	0
11/11/2015 10:20	65.1	61.9	56.5	54.1	59.8	4	0
11/11/2015 10:25	64	60.9	55.3	52.9	58.7	4	0
11/11/2015 10:30	66	62.8	57.6	55.2	60.8	4	0
11/11/2015 10:35	64.5	61.3	55.5	53.2	59	4	0
11/11/2015 10:40	63.1	60	54.1	51.9	57.7	4	0
11/11/2015 10:45	64.3	61.1	55.3	53	58.8	4	0
11/11/2015 10:50	64.3	61.1	55.4	53.1	58.9	4	0
11/11/2015 10:55	64	60.9	55.1	52.8	58.6	4	0
11/11/2015 11:00	63.6	60.4	54.7	52.4	58.2	4	0
11/11/2015 11:05	63.6	60.5	54.6	52.4	58.2	4	0
11/11/2015 11:10	64.1	61	55.2	52.9	58.7	4	0
11/11/2015 11:15	63.6	60.4	54.6	52.3	58.1	4	0
11/11/2015 11:20	63.4	60.3	54.4	52.2	58	4	0
11/11/2015 11:25	63.5	60.4	54.9	52.5	58.2	4	0
11/11/2015 11:30	65.2	62	56.3	53.9	59.7	4	0
11/11/2015 11:35	64.8	61.6	55.9	53.5	59.3	4	0
11/11/2015 11:40	64.6	61.4	55.7	53.3	59.1	4	0
11/11/2015 11:45	63.8	60.6	54.8	52.5	58.3	4	0
11/11/2015 11:50	64.6	61.4	55.7	53.3	59.2	4	0
11/11/2015 11:55	64.5	61.3	55.5	53.2	59	4	0
11/11/2015 12:00	63.6	60.5	55	52.7	58.3	4	0
11/11/2015 12:05	64.1	61	55.8	53.5	59	4	0
11/11/2015 12:10	64	60.9	55.1	52.8	58.6	4	0
11/11/2015 12:15	63.6	60.4	54.5	52.3	58.1	4	0
11/11/2015 12:20	64.8	61.6	55.9	53.5	59.3	4	0
11/11/2015 12:25	65.7	62.6	57.1	54.7	60.4	4	0
11/11/2015 12:30	65.9	62.7	57.1	54.5	60.5	4	0
11/11/2015 12:35	65.3	62.1	56.4	53.9	59.8	4	0
11/11/2015 12:40	65.9	62.7	57.1	54.5	60.4	4	0
11/11/2015 12:45	66.1	62.9	57.7	55.1	60.8	4	0
11/11/2015 12:50	65.6	62.4	56.9	54.5	60.3	4	0
11/11/2015 12:55	65.5	62.3	56.6	54.1	60	4	0
11/11/2015 13:00	65.5	62.3	56.7	54.2	60	4	0
11/11/2015 13:05	65.4	62.2	56.5	54.1	59.9	4	0
11/11/2015 13:10	65.2	62	56.3	53.9	59.8	4	0
11/11/2015 13:15	65.2	62	56.3	53.9	59.7	4	0
11/11/2015 13:20	66.7	63.5	58	55.3	61.3	4	0
11/11/2015 13:25	66.7	63.4	57.9	55.2	61.2	4	0
11/11/2015 13:30	67.5	64.2	58.9	56.3	62.1	4	0
11/11/2015 13:35	67.8	64.6	59.3	56.7	62.5	4	0
11/11/2015 13:40	67.2	64	58.8	56.2	61.9	4	0
11/11/2015 13:45	67.3	64.1	58.6	55.9	61.9	4	0
11/11/2015 13:50	67.1	63.8	58.3	55.6	61.6	4	0
11/11/2015 13:55	67	63.8	58.5	55.9	61.7	4	0
11/11/2015 14:00	65.4	62.2	56.6	54.1	60	4	0
11/11/2015 14:05	64.4	61.2	55.6	53.2	59	4	0
11/11/2015 14:10	66	62.8	57.3	54.7	60.6	4	0
11/11/2015 14:15	67.2	63.9	58.4	55.7	61.7	4	0
11/11/2015 14:20	66.8	63.6	58.3	55.7	61.5	4	0
11/11/2015 14:25	67.3	64.1	58.7	56.1	61.9	4	0
11/11/2015 14:30	68.2	64.9	59.6	56.9	62.7	4	0
11/11/2015 14:35	67.9	64.6	59.2	56.5	62.5	4	0
11/11/2015 14:40	67.7	64.4	59	56.4	62.2	4	0
11/11/2015 14:45	67.8	64.6	59.2	56.3	62.4	4	0
11/11/2015 14:50	67.3	64	58.7	56.1	61.9	4	0
11/11/2015 14:55	67.8	64.5	59.1	56.3	62.3	4	0
11/11/2015 15:00	68.7	65.5	60.1	57.3	63.3	4	0
11/11/2015 15:05	68.4	65.1	59.8	56.9	62.9	4	0
11/11/2015 15:10	68.7	65.4	60.1	57.3	63.2	4	0
11/11/2015 15:15	68.8	65.5	60.2	57.5	63.4	4	0
11/11/2015 15:20	68.5	65.2	59.9	57.2	63.1	4	0
11/11/2015 15:25	67.7	64.4	59.1	56.4	62.3	4	0
11/11/2015 15:30	69	65.7	60.4	57.5	63.6	4	0
11/11/2015 15:35	67.3	64.1	58.8	56.1	62	4	0
11/11/2015 15:40	66.8	63.6	58.4	55.9	61.6	4	0
11/11/2015 15:45	67.3	64.1	58.8	56.3	62	4	0
11/11/2015 15:50	67.8	64.6	59.3	56.7	62.5	4	0
11/11/2015 15:55	68.1	64.8	59.5	56.8	62.6	4	0
11/11/2015 16:00	68.1	64.8	59.4	56.7	62.6	4	0
11/11/2015 16:05	68.4	65.1	59.8	57	63	4	0
11/11/2015 16:10	67.4	64.2	58.9	56.3	62.1	4	0
11/11/2015 16:15	68.6	65.3	60	57.2	63.2	4	0
11/11/2015 16:20	69.1	65.7	60.4	57.7	63.6	4	0
11/11/2015 16:25	68.4	65.1	59.7	56.9	62.9	4	0
11/11/2015 16:30	69.1	65.8	60.4	57.5	63.6	4	0
11/11/2015 16:35	69.5	66.1	60.8	57.9	64	4	0
11/11/2015 16:40	68.5	65.2	59.9	57	63.1	4	0
11/11/2015 16:45	68.2	64.9	59.5	56.7	62.8	4	0
11/11/2015 16:50	69.2	65.9	60.7	57.9	63.8	4	0
11/11/2015 16:55	68.4	65.1	59.8	57.1	63	4	0
11/11/2015 17:00	67.6	64.4	59	56.3	62.2	4	0
11/11/2015 17:05	70.2	66.9	61.7	58.6	64.7	4	0
11/11/2015 17:10	67.9	64.6	59.3	56.6	62.5	4	0
11/11/2015 17:15	68.1	64.8	59.6	56.8	62.7	4	0
11/11/2015 17:20	68	64.8	59.5	56.7	62.6	4	0
11/11/2015 17:25	66.6	63.4	58.2	55.7	61.3	4	0
11/11/2015 17:30	67.6	64.4	59.2	56.6	62.3	4	0
11/11/2015 17:35	68.2	64.9	59.7	57	62.8	4	0
11/11/2015 17:40	66.6	63.4	58.2	55.8	61.4	4	0
11/11/2015 17:45	65.5	62.4	57.2	54.7	60.3	4	0
11/11/2015 17:50	65.6	62.5	57.3	54.9	60.4	4	0
11/11/2015 17:55	66.6	63.4	57.9	55.3	61.2	4	0
11/11/2015 18:00	68	64.7	59.4	56.8	62.5	4	0
11/11/2015 18:05	69.2	66	60.7	57.8	63.7	4	0
11/11/2015 18:10	67.1	63.9	58.7	56	61.8	4	0
11/11/2015 18:15	66.5	63.3	58.1	55.5	61.2	4	0
11/11/2015 18:20	66.2	63	57.8	55.4	60.9	4	0
11/11/2015 18:25	65.3	62.2	57.1	54.6	60.1	4	0
11/11/2015 18:30	63.6	60.6	55.6	53.4	58.7	4	0
11/11/2015 18:35	63.6	60.5	55.5	53.2	58.5	4	0
11/11/2015 18:40	64.6	61.5	56.4	54	59.5	4	0
11/11/2015 18:45	64.6	61.5	56.4	54	59.4	4	0
11/11/2015 18:50	66.8	63.5	58.3	55.8	61.5	4	0
11/11/2015 18:55	64.5	61.4	56.3	54	59.4	4	0
11/11/2015 19:00	66.9	63.7	58.5	56	61.6	4	0
11/11/2015 19:05	67.4	64.2	58.9	56.3	62	4	0
11/11/2015 19:10	68.8	65.5	60.2	57.4	63.3	4	0
11/11/2015 19:15	69.2	65.9	60.5	57.8	63.7	4	0
11/11/2015 19:20	71.1	67.6	62.2	59.2	65.4	4	0
11/11/2015 19:25	70.9	67.5	62.1	59.1	65.2	4	0
11/11/2015 19:30	70.6	67.2	61.8	58.8	65	4	0
11/11/2015 19:35	70.2	66.8	61.6	58.6	64.7	4	0
11/11/2015 19:40	69.5	66.1	60.7	57.8	63.9	4	0
11/11/2015 19:45	70.1	66.8	61.4	58.4	64.5	4	0
11/11/2015 19:50	68.9	65.6	60.2	57.4	63.3	4	0
11/11/2015 19:55	68	64.7	59.4	56.6	62.5	4	0
11/11/2015 20:00	68.8	65.5	60	57.2	63.2	4	0
11/11/2015 20:05	70.7	67.3	61.8	58.9	64.9	4	0
11/11/2015 20:10	70.5	67.1	61.7	58.7	64.8	4	0
11/11/2015 20:15	70.8	67.3	61.9	58.9	65	4	0
11/11/2015 20:20	69.7	66.3	61	58.1	64	4	0
11/11/2015 20:25	70.6	67.2	62	58.9	64.9	4	0
11/11/2015 20:30	70.5	67.1	61.8	58.8	64.8	4	0
11/11/2015 20:35	70.5	67.1	61.7	58.7	64.7	4	0
11/11/2015 20:40	71.5	68.1	62.8	59.6	65.7	4	0
11/11/2015 20:45	71.4	67.9	62.4	59.4	65.6	4	0
11/11/2015 20:50	71.3	67.9	62.4	59.4	65.5	4	0
11/11/2015 20:55	70.4	67	61.6	58.6	64.6	4	0
11/11/2015 21:00	69.6	66.3	61	58	64	4	0
11/11/2015 21:05	70	66.6	61.3	58.3	64.4	4	0
11/11/2015 21:10	68.1	64.9	59.5	56.6	62.5	4	0
11/11/2015 21:15	69.4	66.1	60.8	57.9	63.9	4	0
11/11/2015 21:20	69	65.7	60.3	57.4	63.4	4	0
11/11/2015 21:25	69.6	66.3	61	58.1	64	4	0
11/11/2015 21:30	70	66.7	61.4	58.5	64.4	4	0
11/11/2015 21:35	69.5	66.1	60.9	58.1	63.9	4	0
11/11/2015 21:40	70.5	67.1	61.7	58.8	64.8	4	0
11/11/2015 21:45	71.3	68	62.8	59.5	65.6	4	0
11/11/2015 21:50	71.4	67.9	62.7	59.5	65.7	4	0
11/11/2015 21:55	71.4	68	62.7	59.5	65.6	4	0
11/11/2015 22:00	70.3	66.8	61.4	58.6	64.4	4	0
11/11/2015 22:05	70.2	66.9	61.6	58.6	64.5	4	0
11/11/2015 22:10	70.6	67.2	61.8	58.9	64.8	4	0
11/11/2015 22:15	69.2	65.9	60.7	57.7	63.6	4	0
11/11/2015 22:20	70.5	67.2	61.9	58.8	64.8	4	0
11/11/2015 22:25	69.5	66.1	60.7	57.8	63.7	4	0
11/11/2015 22:30	69.7	66.3	61	58.2	63.8	4	0
11/11/2015 22:35	69.9	66.5	61.1	58.3	64.1	4	0
11/11/2015 22:40	69.2	65.9	60.4	57.5	63.4	4	0
11/11/2015 22:45	68.6	65.4	60	57.1	63	4	0
11/11/2015 22:50	70.1	66.7	61.4	58.4	64.3	4	0
11/11/2015 22:55	70.6	67.2	61.9	58.8	64.7	4	0
11/11/2015 23:00	70.3	66.9	61.7	58.6	64.3	4	0
11/11/2015 23:05	70.5	67.1	61.6	58.7	64.6	4	0
11/11/2015 23:10	71	67.6	62.4	59.2	65.1	4	0
11/11/2015 23:15	70.5	67.1	61.7	58.8	64.6	4	0
11/11/2015 23:20	70.6	67.2	61.9	58.9	64.7	4	0
11/11/2015 23:25	70.4	67	61.7	58.8	64.5	4	0
11/11/2015 23:30	70.4	67.1	61.7	58.7	64.6	4	0
11/11/2015 23:35	70.6	67.2	61.9	58.8	64.6	4	0
11/11/2015 23:40	70.4	67	61.6	58.7	64.4	4	0
11/11/2015 23:45	69.8	66.5	61.2	58.2	64	4	0
11/11/2015 23:50	69.5	66.2	60.9	57.9	63.5	4	0
11/11/2015 23:55	70.3	67	61.7	58.7	64.3	4	0
11/12/2015 00:00	70.4	67	61.6	58.7	64.4	4	0
11/12/2015 00:05	70.4	67	61.6	58.7	64.4	4	0
11/12/2015 00:10	70.6	67.1	61.7	58.7	64.4	4	0
11/12/2015 00:15	70.4	67	61.7	58.7	64.5	4	0
11/12/2015 00:20	70.4	67	61.7	58.7	64.3	4	0
11/12/2015 00:25	70.2	66.9	61.5	58.5	64.2	4	0
11/12/2015 00:30	70.2	66.8	61.4	58.5	64.1	4	0
11/12/2015 00:35	70	66.6	61.3	58.3	64	4	0
11/12/2015 00:40	70.3	67	61.6	58.7	64.1	4	0
11/12/2015 00:45	70.4	67	61.5	58.7	64	4	0
11/12/2015 00:50	70.4	67	61.6	58.7	64.3	4	0
11/12/2015 00:55	70.3	66.9	61.5	58.6	64.2	4	0
11/12/2015 01:00	70.4	67	61.6	58.7	64.4	4	0
11/12/2015 01:05	70.7	67.3	61.8	58.9	64.3	4	0
11/12/2015 01:10	70.6	67.2	61.8	58.8	64.5	4	0
11/12/2015 01:15	70.7	67.2	61.8	58.9	64.5	4	0
11/12/2015 01:20	70.4	67	61.5	58.7	64.1	4	0
11/12/2015 01:25	70.4	67	61.6	58.6	64.2	4	0
11/12/2015 01:30	70.5	67.1	61.9	58.9	64.3	4	0
11/12/2015 01:35	70.1	66.8	61.4	58.4	64.2	4	0
11/12/2015 01:40	69.7	66.4	61.2	58.1	63.6	4	0
11/12/2015 01:45	70	66.7	61.4	58.4	64.2	4	0
11/12/2015 01:50	70.3	66.9	61.5	58.6	63.9	4	0
11/12/2015 01:55	70.6	67.2	61.8	58.9	64.5	4	0
11/12/2015 02:00	70.3	66.9	61.5	58.6	64.1	4	0
11/12/2015 02:05	70.4	67	61.6	58.7	64.3	4	0
11/12/2015 02:10	70	66.6	61.3	58.3	63.8	4	0
11/12/2015 02:15	69.7	66.4	61.2	58.1	63.6	4	0
11/12/2015 02:20	70.3	66.9	61.6	58.6	64.1	4	0
11/12/2015 02:25	70.1	66.7	61.4	58.4	63.9	4	0
11/12/2015 02:30	70.2	66.9	61.5	58.5	64	4	0
11/12/2015 02:35	70.4	67	61.6	58.8	64.2	4	0
11/12/2015 02:40	70.4	67	61.6	58.7	64.2	4	0
11/12/2015 02:45	70.6	67.3	62	59	64.4	4	0
11/12/2015 02:50	70.4	67	61.6	58.7	64.3	4	0
11/12/2015 02:55	69.9	66.6	61.2	58.1	63.7	4	0
11/12/2015 03:00	69.7	66.3	61	58.1	63.5	4	0
11/12/2015 03:05	70.1	66.7	61.3	58.4	64.1	4	0
11/12/2015 03:10	70.2	66.8	61.4	58.5	64.2	4	0
11/12/2015 03:15	70.2	66.8	61.4	58.5	63.9	4	0
11/12/2015 03:20	69.8	66.5	61.2	58.2	63.8	4	0
11/12/2015 03:25	70.1	66.7	61.3	58.4	63.9	4	0
11/12/2015 03:30	69.9	66.5	61.2	58.2	63.9	4	0
11/12/2015 03:35	70.2	66.8	61.4	58.4	64	4	0
11/12/2015 03:40	70.1	66.8	61.4	58.4	64.1	4	0
11/12/2015 03:45	70.1	66.7	61.3	58.4	64.2	4	0
11/12/2015 03:50	70.3	66.9	61.6	58.6	64.4	4	0
11/12/2015 03:55	70.1	66.8	61.4	58.5	64.2	4	0
11/12/2015 04:00	70.4	67.1	61.7	58.7	64.4	4	0
11/12/2015 04:05	69.3	66	60.7	57.7	63.5	4	0
11/12/2015 04:10	70	66.7	61.4	58.3	64.1	4	0
11/12/2015 04:15	70.9	67.4	62	59	64.9	4	0
11/12/2015 04:20	70.5	67.2	61.8	58.8	64.7	4	0
11/12/2015 04:25	70.1	66.7	61.4	58.4	64.3	4	0
11/12/2015 04:30	70.8	67.4	62.1	59	65	4	0
11/12/2015 04:35	70.3	66.8	61.4	58.6	64.5	4	0
11/12/2015 04:40	68.2	64.9	59.5	56.7	62.5	4	0
11/12/2015 04:45	69.3	65.9	60.5	57.8	63.6	4	0
11/12/2015 04:50	69.9	66.6	61.2	58.3	64.3	4	0
11/12/2015 04:55	71.1	67.8	62.7	59.4	65.5	4	0
11/12/2015 05:00	77.5	73.8	68.3	64.6	71.4	4	0
11/12/2015 05:05	77.4	73.7	68.3	64.6	71.3	4	0
11/12/2015 05:10	76.9	73.2	67.7	64	70.8	4	0
11/12/2015 05:15	78	74.3	68.7	64.9	71.9	4	0
11/12/2015 05:20	78	74.3	68.7	64.9	71.9	4	0
11/12/2015 05:25	78	74.3	68.7	64.9	72	4	0
11/12/2015 05:30	78	74.3	68.7	64.9	72	4	0
11/12/2015 05:35	78	74.3	68.7	64.9	72	4	0
11/12/2015 05:40	78	74.2	68.5	64.7	71.9	4	0
11/12/2015 05:45	77.8	74.2	68.5	64.7	71.8	4	0
11/12/2015 05:50	77.1	73.5	68.2	64.5	71.3	4	0
11/12/2015 05:55	74.4	70.8	65.4	62	68.6	4	0
11/12/2015 06:00	59	56	51.1	49.3	54.2	4	0
11/12/2015 06:05	45.4	42.6	37.5	37.2	41	4	0
11/12/2015 06:10	38.1	35.9	29.9	31.1	34	4	0
11/12/2015 06:15	32.8	31.2	26.6	28.5	29.9	4	0
11/12/2015 06:20	31.2	29.7	25.4	27.2	28.5	4	0
11/12/2015 06:25	30	28.6	24.9	26.4	27.6	4	0
11/12/2015 06:30	29.7	28.2	24.6	26.1	27.3	4	0
11/12/2015 06:35	31.6	30.4	24.8	26	28.4	4	0
11/12/2015 06:40	32.2	30	24	25.3	28.1	4	0
11/12/2015 06:45	32.1	30	23.6	25.1	27.9	4	0
11/12/2015 06:50	29.8	28.1	21.7	23.4	26	4	0
11/12/2015 06:55	29.5	28.4	23	24.5	26.6	4	0
11/12/2015 07:00	31.8	29.6	23.2	24.7	27.5	4	0
11/12/2015 07:05	31.2	29.1	22.8	24.2	27.1	4	0
11/12/2015 07:10	28.4	27.4	21.2	22.9	25.2	4	0
11/12/2015 07:15	32.2	30.4	24.2	25.8	28.3	4	0
11/12/2015 07:20	33.3	31.5	25.1	26.6	29.3	4	0
11/12/2015 07:25	30.2	28.3	22	23.6	26.2	4	0
11/12/2015 07:30	27.6	26.6	20.2	22	24.3	4	0
11/12/2015 07:35	26.4	25.5	20.3	22.1	23.7	4	0
11/12/2015 07:40	25.2	24	19.1	21.9	22.6	4	0
11/12/2015 07:45	28.7	27	20.6	22.4	24.9	4	0
11/12/2015 07:50	36.3	34.4	28.2	29.4	32.3	4	0
11/12/2015 07:55	32.3	30.6	24.4	26.1	28.6	4	0
11/12/2015 08:00	29.1	28	22.3	23.9	26	4	0
11/12/2015 08:05	25.9	24.3	20.7	22.8	23.5	4	0
11/12/2015 08:10	25.8	24.8	19.5	22.2	23.2	4	0
11/12/2015 08:15	25.1	23.8	19.5	22.2	22.7	4	0
11/12/2015 08:20	24.6	23.4	19.7	22.1	22.5	4	0
11/12/2015 08:25	25.3	24.1	19.5	22.2	22.9	4	0
11/12/2015 08:30	25.6	24.3	20.2	22.3	23.2	4	0
11/12/2015 08:35	25.4	24.1	19.8	22.5	23	4	0
11/12/2015 08:40	25.2	24	18.9	21.7	22.5	4	0
11/12/2015 08:45	24.4	23.2	18.1	21.1	21.8	4	0
11/12/2015 08:50	24.4	23.6	18.1	21	21.9	4	0
11/12/2015 08:55	24.2	23	18.3	21.1	21.8	4	0
11/12/2015 09:00	24.2	23	18.1	20.8	21.6	4	0
11/12/2015 09:05	25.5	24.3	18	20.7	22.2	4	0
11/12/2015 09:10	26.8	24.6	18.6	21.4	23	4	0
11/12/2015 09:15	29.1	27.2	19.6	22.3	24.8	4	0
11/12/2015 09:20	35.7	33.4	27.4	28.4	31.4	4	0
11/12/2015 09:25	41.4	38.9	32.4	32.9	36.6	4	0
11/12/2015 09:30	44.4	41.7	35.5	35.8	39.7	4	0
11/12/2015 09:35	43.9	41.2	35.4	35.6	39.3	4	0
11/12/2015 09:40	44.4	41.7	35.6	35.8	39.6	4	0
11/12/2015 09:45	46.2	43.5	39	38.9	42.1	4	0
11/12/2015 09:50	52.7	49.8	44.4	43.5	47.9	4	0
11/12/2015 09:55	56.1	53.1	47.4	46.1	51	4	0
11/12/2015 10:00	57.6	54.9	50.2	48.6	53.1	4	0
11/12/2015 10:05	55	52.3	47.9	46.6	50.7	4	0
11/12/2015 10:10	53.8	51.2	46.8	45.6	49.6	4	0
11/12/2015 10:15	57.3	54.5	49.9	48.3	52.8	4	0
11/12/2015 10:20	57.4	54.7	50	48.4	53	4	0
11/12/2015 10:25	53.7	50.8	46	44.9	49.1	4	0
11/12/2015 10:30	55.5	52.8	48.3	46.9	51.1	4	0
11/12/2015 10:35	57.7	54.9	50.3	48.7	53.2	4	0
11/12/2015 10:40	61.4	58.4	53.1	51.2	56.4	4	0
11/12/2015 10:45	61.5	58.5	53.4	51.4	56.6	4	0
11/12/2015 10:50	60.2	57.2	52	50.2	55.3	4	0
11/12/2015 10:55	63.1	60	54.2	52	57.7	4	0
11/12/2015 11:00	62	59	53.4	51.1	56.7	4	0
11/12/2015 11:05	63	59.9	54.5	52.2	57.8	4	0
11/12/2015 11:10	64.4	61.2	55.5	53.1	58.9	4	0
11/12/2015 11:15	64	60.9	55.5	53.1	58.8	4	0
11/12/2015 11:20	63.6	60.4	54.6	52.4	58.1	4	0
11/12/2015 11:25	64.9	61.7	56	53.5	59.4	4	0
11/12/2015 11:30	64.8	61.7	55.9	53.5	59.3	4	0
11/12/2015 11:35	64.4	61.3	55.5	53.1	59	4	0
11/12/2015 11:40	65.7	62.5	57.1	54.6	60.3	4	0
11/12/2015 11:45	64.4	61.2	55.5	53.1	59	4	0
11/12/2015 11:50	65.3	62.1	56.4	53.9	59.8	4	0
11/12/2015 11:55	65.6	62.4	56.8	54.3	60.1	4	0
11/12/2015 12:00	64.9	61.8	56	53.6	59.5	4	0
11/12/2015 12:05	66	62.8	57.2	54.6	60.5	4	0
11/12/2015 12:10	66.1	62.9	57.3	54.7	60.7	4	0
11/12/2015 12:15	65	61.8	56.1	53.7	59.6	4	0
11/12/2015 12:20	65.3	62.1	56.4	53.9	59.8	4	0
11/12/2015 12:25	66.3	63	57.4	54.9	60.8	4	0
11/12/2015 12:30	65.4	62.2	56.6	54.1	60	4	0
11/12/2015 12:35	65.4	62.2	56.9	54.3	60.1	4	0
11/12/2015 12:40	66.1	62.9	57.3	54.7	60.6	4	0
11/12/2015 12:45	65.8	62.6	57	54.5	60.4	4	0
11/12/2015 12:50	65.9	62.7	57.1	54.6	60.5	4	0
11/12/2015 12:55	65.7	62.4	56.8	54.3	60.2	4	0
11/12/2015 13:00	64.8	61.6	55.9	53.5	59.3	4	0
11/12/2015 13:05	65.7	62.5	56.9	54.4	60.3	4	0
11/12/2015 13:10	67	63.7	58.4	55.8	61.6	4	0
11/12/2015 13:15	65.2	62	56.3	53.9	59.8	4	0
11/12/2015 13:20	65.2	62	56.4	53.9	59.8	4	0
11/12/2015 13:25	66.2	63	57.4	54.8	60.7	4	0
11/12/2015 13:30	67.9	64.6	59.2	56.4	62.4	4	0
11/12/2015 13:35	68.1	64.8	59.5	56.8	62.7	4	0
11/12/2015 13:40	67.2	64	58.7	56.1	61.9	4	0
11/12/2015 13:45	65.9	62.7	57.3	54.7	60.5	4	0
11/12/2015 13:50	63.8	60.7	55.3	52.9	58.6	4	0
11/12/2015 13:55	65.5	62.3	57	54.4	60.2	4	0
11/12/2015 14:00	66.4	63.2	57.8	55.2	61	4	0
11/12/2015 14:05	66.6	63.4	58	55.3	61.2	4	0
11/12/2015 14:10	66.6	63.4	58.1	55.4	61.3	4	0
11/12/2015 14:15	67.1	63.8	58.6	56	61.8	4	0
11/12/2015 14:20	66.7	63.5	58	55.3	61.3	4	0
11/12/2015 14:25	65.6	62.5	56.9	54.4	60.2	4	0
11/12/2015 14:30	67	63.7	58.4	55.7	61.6	4	0
11/12/2015 14:35	67.1	63.9	58.4	55.7	61.7	4	0
11/12/2015 14:40	66.2	63	57.4	54.8	60.7	4	0
11/12/2015 14:45	65.9	62.7	57.1	54.5	60.5	4	0
11/12/2015 14:50	67.6	64.4	58.9	56.2	62.2	4	0
11/12/2015 14:55	68.7	65.5	60	57.2	63.2	4	0
11/12/2015 15:00	67.9	64.6	59.2	56.4	62.4	4	0
11/12/2015 15:05	68	64.8	59.4	56.7	62.6	4	0
11/12/2015 15:10	68.5	65.2	59.8	56.9	63	4	0
11/12/2015 15:15	67.9	64.6	59.3	56.5	62.4	4	0
11/12/2015 15:20	68	64.7	59.3	56.5	62.5	4	0
11/12/2015 15:25	68.3	65	59.6	56.8	62.8	4	0
11/12/2015 15:30	68.5	65.2	59.8	57	63	4	0
11/12/2015 15:35	67.7	64.5	59.1	56.4	62.3	4	0
11/12/2015 15:40	68.6	65.3	60	57.3	63.2	4	0
11/12/2015 15:45	66.8	63.6	58.1	55.4	61.4	4	0
11/12/2015 15:50	67.9	64.7	59.2	56.4	62.4	4	0
11/12/2015 15:55	68.1	64.8	59.5	56.9	62.7	4	0
11/12/2015 16:00	68.9	65.6	60.2	57.5	63.4	4	0
11/12/2015 16:05	68.5	65.2	59.9	57.2	63.1	4	0
11/12/2015 16:10	69.1	65.8	60.5	57.5	63.6	4	0
11/12/2015 16:15	68.7	65.3	60	57.3	63.2	4	0
11/12/2015 16:20	69.1	65.7	60.4	57.6	63.6	4	0
11/12/2015 16:25	68.1	64.8	59.5	56.7	62.7	4	0
11/12/2015 16:30	68.8	65.5	60.2	57.5	63.4	4	0
11/12/2015 16:35	68.9	65.6	60.2	57.3	63.4	4	0
11/12/2015 16:40	68.9	65.6	60.2	57.3	63.4	4	0
11/12/2015 16:45	67.5	64.3	58.8	56.1	62.1	4	0
11/12/2015 16:50	68.2	64.9	59.6	56.8	62.8	4	0
11/12/2015 16:55	67.7	64.5	59.2	56.5	62.4	4	0
11/12/2015 17:00	67.6	64.4	59	56.2	62.2	4	0
11/12/2015 17:05	68.1	64.8	59.4	56.6	62.7	4	0
11/12/2015 17:10	68.2	64.9	59.5	56.8	62.7	4	0
11/12/2015 17:15	67.7	64.5	59.2	56.5	62.4	4	0
11/12/2015 17:20	66.7	63.5	58.1	55.6	61.4	4	0
11/12/2015 17:25	64.8	61.7	56.5	54	59.7	4	0
11/12/2015 17:30	64.7	61.5	56.3	54.1	59.5	4	0
11/12/2015 17:35	64.9	61.8	56.4	54.1	59.7	4	0
11/12/2015 17:40	63.5	60.5	55.2	52.8	58.3	4	0
11/12/2015 17:45	64.9	61.8	56.5	54.1	59.7	4	0
11/12/2015 17:50	64.5	61.5	56.2	53.8	59.3	4	0
11/12/2015 17:55	64.7	61.6	56.5	54.2	59.6	4	0
11/12/2015 18:00	64.7	61.6	56.4	53.9	59.6	4	0
11/12/2015 18:05	64.7	61.6	56.4	54	59.6	4	0
11/12/2015 18:10	64.4	61.4	56.2	53.7	59.3	4	0
11/12/2015 18:15	64.2	61.1	56	53.7	59.1	4	0
11/12/2015 18:20	63.1	60.1	54.9	52.6	58	4	0
11/12/2015 18:25	65.8	62.6	57.3	54.7	60.4	4	0
11/12/2015 18:30	66.1	62.9	57.6	55	60.8	4	0
11/12/2015 18:35	64.7	61.5	56.2	53.9	59.4	4	0
11/12/2015 18:40	64.4	61.3	56.1	53.6	59.2	4	0
11/12/2015 18:45	59.5	56.6	51.8	49.9	54.7	4	0
11/12/2015 18:50	57.5	54.6	49	47.2	52.4	4	0
11/12/2015 18:55	48.9	46.1	40.6	40.2	44.2	4	0
11/12/2015 19:00	42.4	40.3	36.1	36.3	39	4	0
11/12/2015 19:05	41.8	39.8	34.2	34.6	37.8	4	0
11/12/2015 19:10	47.5	45.3	39.3	38.8	43	4	0
11/12/2015 19:15	55.8	52.9	47.2	46	50.8	4	0
11/12/2015 19:20	58.8	56.1	51.4	49.7	54.3	4	0
11/12/2015 19:25	62.8	59.9	54.9	52.8	57.9	4	0
11/12/2015 19:30	66.8	63.6	58.4	55.9	61.5	4	0
11/12/2015 19:35	68.7	65.4	60.1	57.4	63.2	4	0
11/12/2015 19:40	68.8	65.5	60.2	57.4	63.3	4	0
11/12/2015 19:45	69.5	66.2	60.9	57.9	63.9	4	0
11/12/2015 19:50	70.6	67.2	61.8	58.8	64.9	4	0
11/12/2015 19:55	70.1	66.7	61.3	58.4	64.5	4	0
11/12/2015 20:00	70.4	67	61.5	58.6	64.6	4	0
11/12/2015 20:05	70.1	66.8	61.4	58.4	64.5	4	0
11/12/2015 20:10	68.1	64.8	59.5	56.6	62.5	4	0
11/12/2015 20:15	69.6	66.2	60.9	58.1	64	4	0
11/12/2015 20:20	70.6	67.3	61.9	58.9	65	4	0
11/12/2015 20:25	69.9	66.5	61.1	58.3	64.2	4	0
11/12/2015 20:30	69.5	66.1	60.8	57.8	63.8	4	0
11/12/2015 20:35	70	66.6	61.4	58.4	64.4	4	0
11/12/2015 20:40	70	66.7	61.4	58.4	64.4	4	0
11/12/2015 20:45	69.4	66.1	60.7	57.9	63.8	4	0
11/12/2015 20:50	69.8	66.4	61.1	58.2	64.2	4	0
11/12/2015 20:55	70.4	67	61.6	58.7	64.6	4	0
11/12/2015 21:00	70.6	67.2	61.9	58.9	64.9	4	0
11/12/2015 21:05	70.6	67.1	61.7	58.7	64.8	4	0
11/12/2015 21:10	70.8	67.3	61.9	58.8	65	4	0
11/12/2015 21:15	69.3	66	60.7	57.8	63.7	4	0
11/12/2015 21:20	69.1	65.8	60.5	57.7	63.5	4	0
11/12/2015 21:25	68	64.7	59.3	56.6	62.4	4	0
11/12/2015 21:30	69.2	65.9	60.6	57.7	63.6	4	0
11/12/2015 21:35	69.5	66.2	60.8	57.9	63.9	4	0
11/12/2015 21:40	70	66.6	61.3	58.4	64.4	4	0
11/12/2015 21:45	69	65.7	60.4	57.5	63.4	4	0
11/12/2015 21:50	69.6	66.2	61	58.1	64	4	0
11/12/2015 21:55	70.2	66.8	61.5	58.5	64.5	4	0
11/12/2015 22:00	69.4	66.1	60.7	57.7	63.7	4	0
11/12/2015 22:05	69.2	65.9	60.6	57.7	63.6	4	0
11/12/2015 22:10	69	65.7	60.5	57.7	63.5	4	0
11/12/2015 22:15	69	65.7	60.5	57.7	63.4	4	0
11/12/2015 22:20	69.6	66.3	61	58.1	64	4	0
11/12/2015 22:25	70.1	66.7	61.3	58.5	64.4	4	0
11/12/2015 22:30	70.5	67.1	61.8	58.8	64.7	4	0
11/12/2015 22:35	70.9	67.5	62.1	59	65.1	4	0
11/12/2015 22:40	71.1	67.7	62.2	59.2	65.2	4	0
11/12/2015 22:45	69.2	65.9	60.5	57.8	63.5	4	0
11/12/2015 22:50	70.8	67.5	62.1	59	65	4	0
11/12/2015 22:55	69.9	66.6	61.2	58.3	64.1	4	0
11/12/2015 23:00	70	66.6	61.3	58.4	64.2	4	0
11/12/2015 23:05	69.9	66.6	61.3	58.3	64.1	4	0
11/12/2015 23:10	70.1	66.7	61.4	58.4	64.3	4	0
11/12/2015 23:15	70.3	66.9	61.6	58.6	64.4	4	0
11/12/2015 23:20	69.5	66.2	60.9	58	63.7	4	0
11/12/2015 23:25	69.6	66.3	61	58	63.8	4	0
11/12/2015 23:30	69.9	66.5	61.1	58.3	64	4	0
11/12/2015 23:35	69.8	66.5	61.1	58.3	64	4	0
11/12/2015 23:40	69.3	66	60.7	57.8	63.4	4	0
11/12/2015 23:45	69.5	66.2	60.9	57.9	63.5	4	0
11/12/2015 23:50	70.2	66.9	61.6	58.6	64.3	4	0
11/12/2015 23:55	69.5	66.2	60.8	57.9	63.7	4	0
11/13/2015 00:00	70.4	67	61.6	58.7	64.4	4	0
11/13/2015 00:05	70.1	66.8	61.5	58.6	64.3	4	0
11/13/2015 00:10	70.4	67	61.6	58.7	64.5	4	0
11/13/2015 00:15	70.2	66.9	61.5	58.5	64.1	4	0
11/13/2015 00:20	70	66.6	61.4	58.3	64.1	4	0
11/13/2015 00:25	68.8	65.5	60.2	57.3	63	4	0
11/13/2015 00:30	69.7	66.3	61	58.1	63.5	4	0
11/13/2015 00:35	69.8	66.5	61.2	58.2	63.8	4	0
11/13/2015 00:40	70.2	66.9	61.6	58.6	64.2	4	0
11/13/2015 00:45	70.1	66.8	61.4	58.5	64.1	4	0
11/13/2015 00:50	70.3	66.9	61.5	58.6	64.2	4	0
11/13/2015 00:55	70	66.7	61.3	58.4	64.1	4	0
11/13/2015 01:00	70.3	67	61.5	58.6	64.2	4	0
11/13/2015 01:05	70.4	67	61.5	58.7	64.2	4	0
11/13/2015 01:10	70.1	66.7	61.3	58.5	64	4	0
11/13/2015 01:15	70.3	66.9	61.5	58.6	64.2	4	0
11/13/2015 01:20	70.4	67	61.7	58.7	64.4	4	0
11/13/2015 01:25	70.3	66.9	61.5	58.6	64.1	4	0
11/13/2015 01:30	70	66.6	61.3	58.3	64.1	4	0
11/13/2015 01:35	70.2	66.9	61.6	58.5	64.2	4	0
11/13/2015 01:40	70.4	67	61.6	58.7	64.1	4	0
11/13/2015 01:45	70.4	67.1	61.8	58.8	64.3	4	0
11/13/2015 01:50	70.4	67	61.6	58.7	64.4	4	0
11/13/2015 01:55	70.3	66.9	61.6	58.5	64.1	4	0
11/13/2015 02:00	70.4	67	61.5	58.7	64.2	4	0
11/13/2015 02:05	70.4	67	61.6	58.7	64.2	4	0
11/13/2015 02:10	70.4	67	61.5	58.7	64.1	4	0
11/13/2015 02:15	70.1	66.7	61.4	58.4	64	4	0
11/13/2015 02:20	69.3	66	60.7	57.7	63	4	0
11/13/2015 02:25	70.4	66.9	61.5	58.5	64.2	4	0
11/13/2015 02:30	68.5	65.3	59.9	56.9	62.5	4	0
11/13/2015 02:35	69.7	66.3	61	58.1	63.4	4	0
11/13/2015 02:40	69.9	66.6	61.3	58.3	63.9	4	0
11/13/2015 02:45	70.1	66.8	61.5	58.5	64.2	4	0
11/13/2015 02:50	70.3	66.9	61.6	58.6	64.1	4	0
11/13/2015 02:55	70.2	66.8	61.5	58.6	64	4	0
11/13/2015 03:00	70	66.7	61.4	58.5	63.9	4	0
11/13/2015 03:05	70.2	66.8	61.5	58.6	63.9	4	0
11/13/2015 03:10	70.4	67	61.6	58.7	64.3	4	0
11/13/2015 03:15	70.2	66.8	61.4	58.5	64	4	0
11/13/2015 03:20	70.3	66.9	61.5	58.6	64.2	4	0
11/13/2015 03:25	70.1	66.7	61.3	58.5	64.1	4	0
11/13/2015 03:30	70.4	67	61.6	58.7	64.3	4	0
11/13/2015 03:35	70.1	66.7	61.2	58.3	64	4	0
11/13/2015 03:40	70	66.7	61.3	58.3	63.9	4	0
11/13/2015 03:45	70.3	67	61.6	58.6	64.3	4	0
11/13/2015 03:50	69.8	66.5	61.2	58.3	64	4	0
11/13/2015 03:55	69.5	66.2	60.9	57.9	63.7	4	0
11/13/2015 04:00	70.1	66.7	61.3	58.5	64.1	4	0
11/13/2015 04:05	73.9	70.2	66.6	62.1	68.2	4	0
11/13/2015 04:10	74.2	70.4	66.8	62.3	68.4	4	0
11/13/2015 04:15	70.5	67.1	61.7	58.7	64.5	4	0
11/13/2015 04:20	70	66.6	61.2	58.4	64.1	4	0
11/13/2015 04:25	71.4	68	62.7	59.5	65.6	4	0
11/13/2015 04:30	69.6	66.3	61	58	64	4	0
11/13/2015 04:35	67.6	64.3	58.9	56.2	62	4	0
11/13/2015 04:40	70.3	66.9	61.6	58.6	64.5	4	0
11/13/2015 04:45	70.2	66.8	61.4	58.5	64.4	4	0
11/13/2015 04:50	69.2	65.9	60.5	57.7	63.6	4	0
11/13/2015 04:55	69.3	65.9	60.5	57.8	63.6	4	0
11/13/2015 05:00	70.8	67.5	62.3	59.1	65.2	4	0
11/13/2015 05:05	72.8	69.4	64.5	61	67.2	4	0
11/13/2015 05:10	71.8	68.5	63.4	60.1	66.3	4	0
11/13/2015 05:15	74.4	71	65.9	62.3	68.8	4	0
11/13/2015 05:20	76.1	72.5	67.2	63.5	70.3	4	0
11/13/2015 05:25	74.9	71.3	65.7	62.2	69	4	0
11/13/2015 05:30	74.1	70.6	65.4	61.9	68.5	4	0
11/13/2015 05:35	74.1	70.7	65.8	62.2	68.6	4	0
11/13/2015 05:40	73.3	69.9	65	61.5	67.9	4	0
11/13/2015 05:45	69.6	66.3	61	58	64.2	4	0
11/13/2015 05:50	67.1	63.9	58.6	55.9	61.7	4	0
11/13/2015 05:55	59.8	56.9	51.3	49.3	54.7	4	0
11/13/2015 06:00	52.1	49.4	43.6	42.9	47.3	4	0
11/13/2015 06:05	46	43.8	39.3	39.2	42.3	4	0
11/13/2015 06:10	41.8	40	35.6	35.8	38.5	4	0
11/13/2015 06:15	38.7	36.9	31.7	32.1	35.1	4	0
11/13/2015 06:20	37	35.3	29.1	29.8	33.1	4	0
11/13/2015 06:25	37.7	35.8	30.3	31.3	34	4	0
11/13/2015 06:30	44.5	41.9	36.8	36.7	40.2	4	0
11/13/2015 06:35	45	42.3	36.4	36.4	40.3	4	0
11/13/2015 06:40	47	44.3	37.8	37.8	42.1	4	0
11/13/2015 06:45	48	45.3	39.8	39.4	43.4	4	0
11/13/2015 06:50	46.7	44	37.9	37.8	41.9	4	0
11/13/2015 06:55	49.2	46.4	40	39.7	44.1	4	0
11/13/2015 07:00	49.7	46.8	40.2	39.9	44.5	4	0
11/13/2015 07:05	48	45.2	39.1	38.9	43.1	4	0
11/13/2015 07:10	47.1	44.3	38.4	38.3	42.3	4	0
11/13/2015 07:15	47.6	44.8	39.1	38.9	42.9	4	0
11/13/2015 07:20	46.6	43.8	38.4	38.3	42	4	0
11/13/2015 07:25	48.5	45.6	39.9	39.6	43.7	4	0
11/13/2015 07:30	48.5	45.7	39.7	39.4	43.6	4	0
11/13/2015 07:35	49.7	46.9	40.2	40	44.5	4	0
11/13/2015 07:40	53.8	50.9	44.7	43.8	48.6	4	0
11/13/2015 07:45	59.4	56.3	50.6	48.9	54.1	4	0
11/13/2015 07:50	62.7	59.6	54.3	52	57.5	4	0
11/13/2015 07:55	61.3	58.2	52.9	50.8	56.1	4	0
11/13/2015 08:00	62.2	59.1	53.6	51.5	56.9	4	0
11/13/2015 08:05	63.3	60.1	54.8	52.5	58	4	0
11/13/2015 08:10	61.4	58.3	52.8	50.8	56.2	4	0
11/13/2015 08:15	62.5	59.4	53.9	51.7	57.2	4	0
11/13/2015 08:20	64.5	61.3	55.9	53.5	59.1	4	0
11/13/2015 08:25	65.5	62.3	57	54.4	60.1	4	0
11/13/2015 08:30	64.9	61.7	56.2	53.8	59.5	4	0
11/13/2015 08:35	64.3	61.1	55.4	53.2	58.8	4	0
11/13/2015 08:40	62.7	59.5	53.8	51.7	57.3	4	0
11/13/2015 08:45	64.6	61.4	55.9	53.5	59.2	4	0
11/13/2015 08:50	65.1	61.9	56.7	54.1	59.8	4	0
11/13/2015 08:55	65	61.9	56.7	54.3	59.8	4	0
11/13/2015 09:00	65.2	62	56.7	54.3	59.9	4	0
11/13/2015 09:05	66	62.8	57.5	55	60.7	4	0
11/13/2015 09:10	66.2	63	57.4	54.8	60.7	4	0
11/13/2015 09:15	65.2	62	56.3	53.9	59.8	4	0
11/13/2015 09:20	66.1	62.9	57.3	54.7	60.6	4	0
11/13/2015 09:25	66.3	63.1	57.5	54.9	60.8	4	0
11/13/2015 09:30	66.8	63.5	58.2	55.5	61.4	4	0
11/13/2015 09:35	67.7	64.4	59	56.3	62.2	4	0
11/13/2015 09:40	66.8	63.5	58.3	55.7	61.4	4	0
11/13/2015 09:45	67.8	64.5	59.1	56.5	62.4	4	0
11/13/2015 09:50	65.5	62.3	57	54.4	60.2	4	0
11/13/2015 09:55	65.9	62.6	57.2	54.9	60.5	4	0
11/13/2015 10:00	67.1	63.8	58.3	55.6	61.6	4	0
11/13/2015 10:05	66.8	63.5	58.1	55.5	61.3	4	0
11/13/2015 10:10	65	61.8	56.1	53.7	59.5	4	0
11/13/2015 10:15	66.1	62.8	57.2	54.7	60.6	4	0
11/13/2015 10:20	65.8	62.6	57	54.5	60.3	4	0
11/13/2015 10:25	66.9	63.6	58.3	55.8	61.5	4	0
11/13/2015 10:30	66.7	63.5	58.1	55.7	61.4	4	0
11/13/2015 10:35	67	63.8	58.4	55.8	61.6	4	0
11/13/2015 10:40	64.8	61.6	55.9	53.5	59.4	4	0
11/13/2015 10:45	65.8	62.6	57	54.4	60.3	4	0
11/13/2015 10:50	66	62.8	57.5	54.9	60.7	4	0
11/13/2015 10:55	65.3	62.1	56.9	54.6	60.1	4	0
11/13/2015 11:00	66	62.8	57.2	54.6	60.5	4	0
11/13/2015 11:05	66.1	62.8	57.4	54.9	60.6	4	0
11/13/2015 11:10	66.3	63	57.4	54.9	60.8	4	0
11/13/2015 11:15	65.6	62.4	56.7	54.2	60.1	4	0
11/13/2015 11:20	66.3	63.1	57.5	54.9	60.9	4	0
11/13/2015 11:25	65.5	62.3	56.6	54.1	60	4	0
11/13/2015 11:30	66.3	63.1	57.5	54.9	60.9	4	0
11/13/2015 11:35	66	62.8	57.2	54.6	60.6	4	0
11/13/2015 11:40	66.9	63.7	58.1	55.5	61.4	4	0
11/13/2015 11:45	67.5	64.3	59	56.4	62.2	4	0
11/13/2015 11:50	66.9	63.7	58.2	55.5	61.5	4	0
11/13/2015 11:55	66.9	63.7	58.2	55.6	61.5	4	0
11/13/2015 12:00	66.7	63.5	57.9	55.3	61.2	4	0
11/13/2015 12:05	65.5	62.4	56.8	54.3	60.2	4	0
11/13/2015 12:10	64.9	61.7	56	53.6	59.4	4	0
11/13/2015 12:15	64.4	61.2	55.5	53.1	59	4	0
11/13/2015 12:20	66.8	63.6	58	55.4	61.3	4	0
11/13/2015 12:25	65.7	62.4	56.8	54.3	60.2	4	0
11/13/2015 12:30	65.1	61.9	56.4	53.9	59.7	4	0
11/13/2015 12:35	65.8	62.6	57	54.5	60.4	4	0
11/13/2015 12:40	67.3	64	58.7	56.1	61.9	4	0
11/13/2015 12:45	68.3	65	59.8	57.1	62.9	4	0
11/13/2015 12:50	67.9	64.7	59.3	56.6	62.5	4	0
11/13/2015 12:55	67.2	64	58.6	56	61.8	4	0
11/13/2015 13:00	66.8	63.6	58.1	55.4	61.4	4	0
11/13/2015 13:05	67	63.8	58.3	55.6	61.6	4	0
11/13/2015 13:10	66.7	63.5	58	55.3	61.2	4	0
11/13/2015 13:15	66.9	63.6	58.1	55.4	61.4	4	0
11/13/2015 13:20	67.8	64.5	59.1	56.3	62.3	4	0
11/13/2015 13:25	68.7	65.4	60.1	57.3	63.2	4	0
11/13/2015 13:30	66.7	63.4	58.1	55.4	61.3	4	0
11/13/2015 13:35	66.2	63	57.4	54.8	60.8	4	0
11/13/2015 13:40	67.7	64.4	59	56.3	62.2	4	0
11/13/2015 13:45	64.9	61.8	56	53.6	59.5	4	0
11/13/2015 13:50	65.4	62.2	56.5	54	59.9	4	0
11/13/2015 13:55	65.8	62.6	57	54.4	60.3	4	0
11/13/2015 14:00	65.9	62.7	57.3	54.7	60.6	4	0
11/13/2015 14:05	67.4	64.2	58.7	56	62	4	0
11/13/2015 14:10	66.4	63.2	57.7	55.1	61	4	0
11/13/2015 14:15	66.4	63.2	57.6	55	61	4	0
11/13/2015 14:20	65.8	62.6	57	54.5	60.4	4	0
11/13/2015 14:25	66.8	63.6	58.1	55.4	61.4	4	0
11/13/2015 14:30	66.8	63.6	58.1	55.6	61.5	4	0
11/13/2015 14:35	67	63.8	58.3	55.6	61.5	4	0
11/13/2015 14:40	67.1	63.8	58.4	55.7	61.7	4	0
11/13/2015 14:45	65.5	62.3	56.8	54.2	60.1	4	0
11/13/2015 14:50	66.9	63.6	58.2	55.5	61.4	4	0
11/13/2015 14:55	67.2	63.9	58.6	56.1	61.8	4	0
11/13/2015 15:00	67.7	64.4	59.1	56.5	62.3	4	0
11/13/2015 15:05	66.4	63.2	57.9	55.4	61.1	4	0
11/13/2015 15:10	66.8	63.5	58.2	55.7	61.5	4	0
11/13/2015 15:15	66.9	63.7	58.5	55.9	61.6	4	0
11/13/2015 15:20	67.3	64	58.6	56	61.8	4	0
11/13/2015 15:25	67.3	64.1	58.8	56.2	62	4	0
11/13/2015 15:30	68.1	64.8	59.6	56.9	62.7	4	0
11/13/2015 15:35	68.4	65.1	59.8	57	63	4	0
11/13/2015 15:40	68.3	65	59.6	56.7	62.8	4	0
11/13/2015 15:45	67.6	64.3	59.1	56.4	62.2	4	0
11/13/2015 15:50	66.7	63.5	58.2	55.5	61.3	4	0
11/13/2015 15:55	67.3	64.1	58.9	56.3	62	4	0
11/13/2015 16:00	68.6	65.3	60	57.1	63.2	4	0
11/13/2015 16:05	69.4	66.1	60.7	57.9	63.9	4	0
11/13/2015 16:10	69.6	66.3	60.9	58	64.1	4	0
11/13/2015 16:15	68.2	64.9	59.6	56.9	62.8	4	0
11/13/2015 16:20	66.3	63.1	57.9	55.5	61.1	4	0
11/13/2015 16:25	67.5	64.3	59	56.5	62.2	4	0
11/13/2015 16:30	68.7	65.4	60	57.3	63.3	4	0
11/13/2015 16:35	68.7	65.4	60.1	57.4	63.3	4	0
11/13/2015 16:40	68.6	65.3	59.9	57.1	63.1	4	0
11/13/2015 16:45	69.3	66	60.6	57.8	63.8	4	0
11/13/2015 16:50	67.4	64.2	58.9	56.4	62.1	4	0
11/13/2015 16:55	67	63.8	58.5	55.9	61.7	4	0
11/13/2015 17:00	67.5	64.3	59	56.4	62.2	4	0
11/13/2015 17:05	67.4	64.2	58.9	56.4	62.1	4	0
11/13/2015 17:10	67.5	64.3	59	56.4	62.2	4	0
11/13/2015 17:15	67.2	63.9	58.7	56.2	61.9	4	0
11/13/2015 17:20	66.4	63.3	58	55.4	61.2	4	0
11/13/2015 17:25	66.9	63.6	58.4	55.8	61.6	4	0
11/13/2015 17:30	66	62.8	57.7	55.2	60.8	4	0
11/13/2015 17:35	65.3	62.1	57	54.6	60.1	4	0
11/13/2015 17:40	65.9	62.7	57.6	55.1	60.7	4	0
11/13/2015 17:45	65.5	62.4	57.2	54.8	60.4	4	0
11/13/2015 17:50	63.7	60.7	55.7	53.5	58.8	4	0
11/13/2015 17:55	64.2	61.1	56	53.8	59.2	4	0
11/13/2015 18:00	64.9	61.8	56.7	54.4	59.8	4	0
11/13/2015 18:05	66.3	63.1	57.8	55.2	61	4	0
11/13/2015 18:10	67.3	64.1	58.8	56	61.9	4	0
11/13/2015 18:15	66.6	63.4	58.2	55.8	61.4	4	0
11/13/2015 18:20	66.7	63.5	58.1	55.4	61.3	4	0
11/13/2015 18:25	65.5	62.4	56.8	54.3	60.2	4	0
11/13/2015 18:30	64.2	61.2	56.1	53.9	59.2	4	0
11/13/2015 18:35	65.2	62.1	57	54.7	60.1	4	0
11/13/2015 18:40	66.4	63.2	58	55.6	61.2	4	0
11/13/2015 18:45	66.8	63.6	58.4	55.9	61.5	4	0
11/13/2015 18:50	67.2	63.9	58.7	56.2	61.9	4	0
11/13/2015 18:55	68.3	65	59.7	57	62.8	4	0
11/13/2015 19:00	69	65.6	60.3	57.6	63.5	4	0
11/13/2015 19:05	68.3	65	59.7	57.1	62.9	4	0
11/13/2015 19:10	68	64.7	59.4	56.8	62.6	4	0
11/13/2015 19:15	68.8	65.5	60.1	57.3	63.3	4	0
11/13/2015 19:20	69.2	65.9	60.7	57.9	63.8	4	0
11/13/2015 19:25	69.3	66	60.7	57.8	63.8	4	0
11/13/2015 19:30	68.6	65.3	60	57.2	63.1	4	0
11/13/2015 19:35	68.3	65	59.7	56.9	62.9	4	0
11/13/2015 19:40	67.7	64.5	59.1	56.4	62.2	4	0
11/13/2015 19:45	68.9	65.6	60.2	57.4	63.4	4	0
11/13/2015 19:50	68	64.7	59.4	56.6	62.5	4	0
11/13/2015 19:55	69.3	66	60.7	57.8	63.8	4	0
11/13/2015 20:00	69.9	66.5	61.1	58.3	64.3	4	0
11/13/2015 20:05	68.7	65.3	60	57.1	63.1	4	0
11/13/2015 20:10	69.7	66.3	61	58.1	64.1	4	0
11/13/2015 20:15	67.7	64.4	59	56.2	62.2	4	0
11/13/2015 20:20	69.1	65.8	60.4	57.6	63.5	4	0
11/13/2015 20:25	70	66.6	61.2	58.4	64.4	4	0
11/13/2015 20:30	70	66.6	61.2	58.3	64.4	4	0
11/13/2015 20:35	69.7	66.4	61	58.1	64.1	4	0
11/13/2015 20:40	68.4	65.2	59.7	57	62.9	4	0
11/13/2015 20:45	69.6	66.3	60.9	58	64	4	0
11/13/2015 20:50	69.9	66.5	61.2	58.2	64.3	4	0
11/13/2015 20:55	70.2	66.9	61.5	58.5	64.6	4	0
11/13/2015 21:00	69.9	66.6	61.3	58.3	64.3	4	0
11/13/2015 21:05	69.4	66	60.7	57.9	63.8	4	0
11/13/2015 21:10	68.6	65.3	59.9	57	63	4	0
11/13/2015 21:15	68.9	65.5	60.2	57.4	63.3	4	0
11/13/2015 21:20	69.4	66.1	60.7	57.9	63.8	4	0
11/13/2015 21:25	69.8	66.4	61.2	58.3	64.2	4	0
11/13/2015 21:30	70.3	66.9	61.7	58.7	64.7	4	0
11/13/2015 21:35	70.8	67.3	62	59	65.1	4	0
11/13/2015 21:40	70.6	67.3	62	58.9	65	4	0
11/13/2015 21:45	70.5	67.1	61.8	58.8	64.9	4	0
11/13/2015 21:50	70	66.7	61.3	58.3	64.3	4	0
11/13/2015 21:55	69.8	66.4	61.1	58.1	64.1	4	0
11/13/2015 22:00	69.6	66.3	61	58	64	4	0
11/13/2015 22:05	69.9	66.5	61.1	58.3	64.2	4	0
11/13/2015 22:10	69	65.7	60.4	57.4	63.4	4	0
11/13/2015 22:15	70.1	66.7	61.3	58.3	64.4	4	0
11/13/2015 22:20	69.1	65.8	60.4	57.5	63.5	4	0
11/13/2015 22:25	70	66.7	61.4	58.4	64.4	4	0
11/13/2015 22:30	69.7	66.4	61	58.1	64	4	0
11/13/2015 22:35	69.4	66.1	60.7	57.8	63.8	4	0
11/13/2015 22:40	70.6	67.2	61.8	58.9	64.9	4	0
11/13/2015 22:45	70.4	67	61.7	58.8	64.7	4	0
11/13/2015 22:50	70.3	66.9	61.6	58.5	64.6	4	0
11/13/2015 22:55	69.6	66.3	60.9	57.9	63.9	4	0
11/13/2015 23:00	70.3	66.8	61.4	58.6	64.5	4	0
11/13/2015 23:05	70.1	66.7	61.3	58.4	64.3	4	0
11/13/2015 23:10	69.7	66.4	61.2	58.1	64	4	0
11/13/2015 23:15	70.2	66.9	61.6	58.5	64.5	4	0
11/13/2015 23:20	69.2	65.9	60.5	57.7	63.5	4	0
11/13/2015 23:25	69.3	65.9	60.6	57.7	63.5	4	0
11/13/2015 23:30	69.6	66.3	61	58	63.9	4	0
11/13/2015 23:35	69.7	66.4	61	58.1	63.9	4	0
11/13/2015 23:40	70.1	66.8	61.5	58.5	64.4	4	0
11/13/2015 23:45	70.2	66.8	61.4	58.4	64.4	4	0
11/13/2015 23:50	68.7	65.4	59.8	57	62.8	4	0
11/13/2015 23:55	69.7	66.4	60.9	58.1	63.9	4	0
11/14/2015 00:00	70.4	67	61.6	58.7	64.5	4	0
11/14/2015 00:05	70.1	66.7	61.5	58.4	64.2	4	0
11/14/2015 00:10	70	66.6	61.3	58.3	64.2	4	0
11/14/2015 00:15	69.2	65.9	60.5	57.6	63.3	4	0
11/14/2015 00:20	69.1	65.7	60.4	57.6	63.2	4	0
11/14/2015 00:25	69.6	66.3	61.1	58	63.8	4	0
11/14/2015 00:30	69.7	66.4	61.1	58.2	63.8	4	0
11/14/2015 00:35	70	66.6	61.4	58.4	64.3	4	0
11/14/2015 00:40	70.3	66.9	61.6	58.6	64.3	4	0
11/14/2015 00:45	70.4	67	61.6	58.7	64.5	4	0
11/14/2015 00:50	70.4	67.1	61.8	58.8	64.5	4	0
11/14/2015 00:55	69.9	66.6	61.3	58.2	63.9	4	0
11/14/2015 01:00	70	66.7	61.5	58.4	64	4	0
11/14/2015 01:05	69.8	66.4	61.1	58.2	63.8	4	0
11/14/2015 01:10	70	66.6	61.3	58.4	64	4	0
11/14/2015 01:15	70.4	67.1	61.7	58.6	64.4	4	0
11/14/2015 01:20	70	66.7	61.3	58.4	64.2	4	0
11/14/2015 01:25	70	66.6	61.2	58.4	64	4	0
11/14/2015 01:30	70.3	66.9	61.6	58.6	64.2	4	0
11/14/2015 01:35	70	66.6	61.2	58.4	64	4	0
11/14/2015 01:40	68.9	65.6	60.2	57.2	63	4	0
11/14/2015 01:45	69.6	66.3	61	57.9	63.5	4	0
11/14/2015 01:50	69.7	66.4	61.2	58.1	63.7	4	0
11/14/2015 01:55	69.8	66.5	61.2	58.2	63.7	4	0
11/14/2015 02:00	70.1	66.7	61.4	58.4	64.1	4	0
11/14/2015 02:05	69.9	66.6	61.2	58.2	63.8	4	0
11/14/2015 02:10	70.3	66.9	61.6	58.5	64.4	4	0
11/14/2015 02:15	70.4	67	61.6	58.6	64.2	4	0
11/14/2015 02:20	70.2	66.8	61.3	58.4	64.2	4	0
11/14/2015 02:25	70.2	66.8	61.4	58.5	63.9	4	0
11/14/2015 02:30	70.4	67	61.6	58.7	64.2	4	0
11/14/2015 02:35	70.4	67.1	61.6	58.7	64.4	4	0
11/14/2015 02:40	70.2	66.9	61.5	58.5	64.4	4	0
11/14/2015 02:45	69.6	66.3	61	58	63.7	4	0
11/14/2015 02:50	69.9	66.6	61.3	58.3	64	4	0
11/14/2015 02:55	70.4	67	61.6	58.7	64.4	4	0
11/14/2015 03:00	70.3	66.9	61.5	58.5	64.2	4	0
11/14/2015 03:05	69.9	66.5	61.3	58.2	63.9	4	0
11/14/2015 03:10	70.4	67	61.6	58.6	64.3	4	0
11/14/2015 03:15	70	66.6	61.4	58.3	63.9	4	0
11/14/2015 03:20	69.8	66.5	61.2	58.2	63.8	4	0
11/14/2015 03:25	68.8	65.5	60.2	57.2	62.9	4	0
11/14/2015 03:30	69.8	66.5	61.1	58.1	63.9	4	0
11/14/2015 03:35	69.4	66.1	60.7	57.7	63.1	4	0
11/14/2015 03:40	67.8	64.5	59.1	56.3	61.8	4	0
11/14/2015 03:45	68.1	64.8	59.5	56.6	62.3	4	0
11/14/2015 03:50	69.3	66	60.6	57.6	63.5	4	0
11/14/2015 03:55	69.5	66.2	60.8	57.9	63.4	4	0
11/14/2015 04:00	70	66.6	61.3	58.3	63.9	4	0
11/14/2015 04:05	69.9	66.6	61.2	58.3	63.7	4	0
11/14/2015 04:10	70.2	66.9	61.5	58.5	64.1	4	0
11/14/2015 04:15	70.1	66.7	61.5	58.4	64	4	0
11/14/2015 04:20	70.7	67.3	62	59	64.8	4	0
11/14/2015 04:25	70.1	66.8	61.5	58.4	64.3	4	0
11/14/2015 04:30	69.6	66.2	60.8	57.9	63.6	4	0
11/14/2015 04:35	70.3	66.9	61.5	58.6	64.2	4	0
11/14/2015 04:40	70.7	67.3	62.1	59	64.7	4	0
11/14/2015 04:45	70.6	67.2	61.9	58.8	64.7	4	0
11/14/2015 04:50	70.5	67.1	61.8	58.7	64.4	4	0
11/14/2015 04:55	70.4	67	61.6	58.7	64.5	4	0
11/14/2015 05:00	70	66.6	61.3	58.3	64.2	4	0
11/14/2015 05:05	68.9	65.6	60.2	57.3	63	4	0
11/14/2015 05:10	69.2	65.9	60.7	57.7	63.4	4	0
11/14/2015 05:15	69.8	66.5	61.3	58.2	64	4	0
11/14/2015 05:20	70	66.7	61.3	58.3	64.3	4	0
11/14/2015 05:25	67.7	64.4	58.8	56.1	62	4	0
11/14/2015 05:30	66.9	63.7	58.2	55.4	61.3	4	0
11/14/2015 05:35	69.8	66.5	61.2	58.2	64.2	4	0
11/14/2015 05:40	70.6	67.2	61.9	58.9	64.9	4	0
11/14/2015 05:45	70.7	67.3	61.9	58.8	64.9	4	0
11/14/2015 05:50	68.7	65.4	60.1	57.3	63.1	4	0
11/14/2015 05:55	68.3	64.9	59.6	56.8	62.6	4	0
11/14/2015 06:00	69.1	65.8	60.5	57.6	63.5	4	0
11/14/2015 06:05	69	65.7	60.3	57.4	63.3	4	0
11/14/2015 06:10	67.7	64.4	59	56.3	62.1	4	0
11/14/2015 06:15	69.8	66.5	61.1	58.2	64.2	4	0
11/14/2015 06:20	69.5	66.2	60.8	57.8	63.8	4	0
11/14/2015 06:25	69.5	66.2	60.8	57.8	63.9	4	0
11/14/2015 06:30	69.2	65.9	60.6	57.7	63.7	4	0
11/14/2015 06:35	67.9	64.6	59.2	56.4	62.3	4	0
11/14/2015 06:40	68.6	65.3	60	57.1	63.1	4	0
11/14/2015 06:45	68.3	65	59.6	56.8	62.8	4	0
11/14/2015 06:50	69.1	65.8	60.4	57.5	63.5	4	0
11/14/2015 06:55	68.6	65.3	59.9	57.1	63.1	4	0
11/14/2015 07:00	66.7	63.5	58	55.3	61.3	4	0
11/14/2015 07:05	65.9	62.7	57.1	54.6	60.4	4	0
11/14/2015 07:10	64.3	61.1	55.5	53	58.8	4	0
11/14/2015 07:15	66	62.8	57.6	55	60.7	4	0
11/14/2015 07:20	65.1	62	56.6	54	59.8	4	0
11/14/2015 07:25	66.2	63	57.8	55.2	61	4	0
11/14/2015 07:30	65.6	62.4	57.3	54.7	60.4	4	0
11/14/2015 07:35	65.4	62.2	57	54.5	60.2	4	0
11/14/2015 07:40	64.8	61.6	56.4	53.8	59.5	4	0
11/14/2015 07:45	64.7	61.5	56	53.7	59.4	4	0
11/14/2015 07:50	65.1	62	56.5	54.2	59.8	4	0
11/14/2015 07:55	67	63.7	58.3	55.7	61.6	4	0
11/14/2015 08:00	67.2	64	58.5	55.8	61.7	4	0
11/14/2015 08:05	66	62.8	57.4	54.9	60.7	4	0
11/14/2015 08:10	67.1	63.9	58.4	55.7	61.7	4	0
11/14/2015 08:15	64.8	61.6	55.9	53.5	59.4	4	0
11/14/2015 08:20	65.2	62	56.5	54	59.8	4	0
11/14/2015 08:25	66.2	63	57.4	54.8	60.8	4	0
11/14/2015 08:30	66.4	63.2	57.8	55.3	61.1	4	0
11/14/2015 08:35	65.5	62.3	56.9	54.4	60.2	4	0
11/14/2015 08:40	66	62.8	57.2	54.6	60.6	4	0
11/14/2015 08:45	66.2	62.9	57.6	55.2	60.9	4	0
11/14/2015 08:50	66.2	63	57.7	55.3	61	4	0
11/14/2015 08:55	67.6	64.4	59.1	56.5	62.3	4	0
11/14/2015 09:00	66.5	63.3	57.9	55.2	61.1	4	0
11/14/2015 09:05	66.4	63.2	57.8	55.2	61.1	4	0
11/14/2015 09:10	67.1	63.9	58.4	55.7	61.7	4	0
11/14/2015 09:15	67.3	64.1	58.6	55.9	61.8	4	0
11/14/2015 09:20	68	64.7	59.3	56.5	62.6	4	0
11/14/2015 09:25	67.4	64.2	58.8	56	62	4	0
11/14/2015 09:30	66.9	63.7	58.4	55.8	61.6	4	0
11/14/2015 09:35	67.1	63.9	58.4	55.8	61.7	4	0
11/14/2015 09:40	66.3	63.1	57.5	54.9	60.9	4	0
11/14/2015 09:45	67	63.8	58.6	56.1	61.7	4	0
11/14/2015 09:50	68.1	64.8	59.5	56.7	62.7	4	0
11/14/2015 09:55	66.1	62.9	57.4	54.8	60.7	4	0
11/14/2015 10:00	66.6	63.4	57.9	55.2	61.2	4	0
11/14/2015 10:05	65.7	62.5	56.9	54.4	60.3	4	0
11/14/2015 10:10	66.9	63.7	58.2	55.5	61.5	4	0
11/14/2015 10:15	67.1	63.8	58.5	55.8	61.7	4	0
11/14/2015 10:20	67.2	63.9	58.6	55.9	61.8	4	0
11/14/2015 10:25	66.8	63.5	58.2	55.6	61.4	4	0
11/14/2015 10:30	67.5	64.2	58.8	56.1	62.1	4	0
11/14/2015 10:35	67.6	64.4	59.1	56.5	62.3	4	0
11/14/2015 10:40	67.4	64.1	58.6	55.9	61.9	4	0
11/14/2015 10:45	66.5	63.3	57.8	55.1	61.1	4	0
11/14/2015 10:50	67.7	64.4	59.1	56.5	62.3	4	0
11/14/2015 10:55	67	63.8	58.5	56	61.7	4	0
11/14/2015 11:00	68	64.8	59.4	56.7	62.6	4	0
11/14/2015 11:05	68.3	65	59.7	56.8	62.9	4	0
11/14/2015 11:10	67.4	64.2	58.7	56	62	4	0
11/14/2015 11:15	67.9	64.6	59.3	56.5	62.5	4	0
11/14/2015 11:20	68.3	65	59.6	56.8	62.8	4	0
11/14/2015 11:25	68	64.7	59.4	56.8	62.7	4	0
11/14/2015 11:30	67.4	64.2	58.9	56.4	62.1	4	0
11/14/2015 11:35	67.1	63.9	58.6	56.1	61.8	4	0
11/14/2015 11:40	67.1	63.9	58.6	56.1	61.8	4	0
11/14/2015 11:45	67.4	64.2	58.9	56.4	62.1	4	0
11/14/2015 11:50	66.4	63.2	57.7	55.2	61	4	0
11/14/2015 11:55	67.3	64	58.5	55.8	61.8	4	0
11/14/2015 12:00	67.5	64.2	59	56.2	62.1	4	0
11/14/2015 12:05	67.7	64.4	59.1	56.3	62.3	4	0
11/14/2015 12:10	68.4	65	59.8	56.8	62.9	4	0
11/14/2015 12:15	68.7	65.4	60	57.1	63.2	4	0
11/14/2015 12:20	67.9	64.6	59.2	56.4	62.5	4	0
11/14/2015 12:25	67.9	64.7	59.3	56.5	62.5	4	0
11/14/2015 12:30	68.4	65.1	59.8	57	63	4	0
11/14/2015 12:35	67.2	64	58.6	55.9	61.8	4	0
11/14/2015 12:40	68	64.8	59.3	56.6	62.6	4	0
11/14/2015 12:45	68.1	64.8	59.5	56.7	62.7	4	0
11/14/2015 12:50	68.2	64.9	59.6	56.8	62.8	4	0
11/14/2015 12:55	68.7	65.4	60.2	57.4	63.3	4	0
11/14/2015 13:00	68.4	65.1	59.8	56.9	63	4	0
11/14/2015 13:05	68.9	65.5	60.2	57.5	63.4	4	0
11/14/2015 13:10	68.8	65.5	60.1	57.4	63.4	4	0
11/14/2015 13:15	68.7	65.4	60.1	57.3	63.3	4	0
11/14/2015 13:20	68.4	65.1	59.8	57.1	63	4	0
11/14/2015 13:25	67.7	64.5	59.2	56.4	62.4	4	0
11/14/2015 13:30	68.2	64.9	59.6	56.9	62.8	4	0
11/14/2015 13:35	67.7	64.4	59.1	56.4	62.3	4	0
11/14/2015 13:40	67.7	64.4	59.1	56.6	62.3	4	0
11/14/2015 13:45	62.6	59.5	54.6	52.5	57.7	4	0
11/14/2015 13:50	59.6	56.5	51	49.4	54.5	4	0
11/14/2015 13:55	63.9	60.7	55.6	53.4	58.8	4	0
11/14/2015 14:00	66.9	63.7	58.2	55.5	61.5	4	0
11/14/2015 14:05	66.2	63	57.8	55.4	61	4	0
11/14/2015 14:10	67.5	64.3	58.8	56.2	62.1	4	0
11/14/2015 14:15	62.6	59.4	53.6	51.7	57.2	4	0
11/14/2015 14:20	59.6	56.5	51.8	50.2	54.9	4	0
11/14/2015 14:25	64.4	61.2	55.5	53.3	59	4	0
11/14/2015 14:30	65.6	62.4	57.3	54.9	60.4	4	0
11/14/2015 14:35	66.8	63.5	58.4	55.8	61.5	4	0
11/14/2015 14:40	67.8	64.5	59.2	56.6	62.4	4	0
11/14/2015 14:45	68.3	65	59.7	57	62.9	4	0
11/14/2015 14:50	68.1	64.8	59.4	56.7	62.6	4	0
11/14/2015 14:55	67.9	64.6	59.3	56.5	62.5	4	0
11/14/2015 15:00	68.5	65.2	59.9	57.1	63.1	4	0
11/14/2015 15:05	69.1	65.8	60.4	57.6	63.6	4	0
11/14/2015 15:10	68.4	65.1	59.7	56.9	62.9	4	0
11/14/2015 15:15	68.5	65.2	59.9	57.2	63.1	4	0
11/14/2015 15:20	67.6	64.4	59.1	56.5	62.3	4	0
11/14/2015 15:25	67.8	64.5	59.2	56.4	62.4	4	0
11/14/2015 15:30	67.7	64.5	59.2	56.4	62.3	4	0
11/14/2015 15:35	68.5	65.2	59.9	57.2	63.1	4	0
11/14/2015 15:40	68.1	64.9	59.5	56.8	62.8	4	0
11/14/2015 15:45	68.7	65.4	60.1	57.3	63.3	4	0
11/14/2015 15:50	69.1	65.8	60.5	57.6	63.6	4	0
11/14/2015 15:55	68.3	65	59.7	57	62.8	4	0
11/14/2015 16:00	66.8	63.6	58.4	55.8	61.6	4	0
11/14/2015 16:05	66.7	63.5	58.3	55.7	61.4	4	0
11/14/2015 16:10	68.7	65.4	60.1	57.3	63.2	4	0
11/14/2015 16:15	68.5	65.3	59.9	57.1	63.1	4	0
11/14/2015 16:20	67.7	64.5	59.2	56.6	62.4	4	0
11/14/2015 16:25	68	64.8	59.5	56.9	62.6	4	0
11/14/2015 16:30	67.3	64	58.8	56.2	62	4	0
11/14/2015 16:35	67.6	64.3	59	56.3	62.2	4	0
11/14/2015 16:40	68.8	65.5	60.2	57.4	63.4	4	0
11/14/2015 16:45	68.7	65.3	60	57.2	63.2	4	0
11/14/2015 16:50	68.3	65	59.7	57	62.9	4	0
11/14/2015 16:55	67.9	64.7	59.4	56.7	62.5	4	0
11/14/2015 17:00	68.9	65.5	60.2	57.4	63.4	4	0
11/14/2015 17:05	68.5	65.2	59.8	57	63	4	0
11/14/2015 17:10	68	64.8	59.4	56.7	62.6	4	0
11/14/2015 17:15	67.8	64.5	59.3	56.6	62.5	4	0
11/14/2015 17:20	66.5	63.3	58.1	55.5	61.2	4	0
11/14/2015 17:25	67.6	64.3	59.1	56.4	62.2	4	0
11/14/2015 17:30	66.3	63.1	57.9	55.2	61	4	0
11/14/2015 17:35	65.8	62.6	57.5	55	60.6	4	0
11/14/2015 17:40	65.8	62.6	57.5	55	60.6	4	0
11/14/2015 17:45	66.3	63.1	57.9	55.4	61	4	0
11/14/2015 17:50	65.4	62.2	57.1	54.7	60.2	4	0
11/14/2015 17:55	66.2	63	57.8	55.3	60.9	4	0
11/14/2015 18:00	67	63.8	58.6	56	61.7	4	0
11/14/2015 18:05	65.9	62.7	57.6	55.1	60.7	4	0
11/14/2015 18:10	65	61.8	56.7	54.3	59.9	4	0
11/14/2015 18:15	65.9	62.7	57.4	54.9	60.6	4	0
11/14/2015 18:20	67.1	63.8	58.5	55.8	61.7	4	0
11/14/2015 18:25	66.9	63.7	58.5	55.7	61.6	4	0
11/14/2015 18:30	67.5	64.2	59	56.3	62.1	4	0
11/14/2015 18:35	67.5	64.2	59	56.3	62.1	4	0
11/14/2015 18:40	67.6	64.3	59.1	56.4	62.2	4	0
11/14/2015 18:45	67.3	64	58.8	56.2	62	4	0
11/14/2015 18:50	67.2	64	58.8	56.2	61.9	4	0
11/14/2015 18:55	67.5	64.2	58.9	56.3	62.1	4	0
11/14/2015 19:00	67.1	63.9	58.7	56.1	61.8	4	0
11/14/2015 19:05	68	64.7	59.4	56.8	62.6	4	0
11/14/2015 19:10	68.3	65	59.7	57	62.8	4	0
11/14/2015 19:15	68.3	65	59.7	56.8	62.8	4	0
11/14/2015 19:20	68.8	65.5	60.2	57.4	63.4	4	0
11/14/2015 19:25	69.3	66	60.6	57.8	63.7	4	0
11/14/2015 19:30	69	65.7	60.3	57.4	63.5	4	0
11/14/2015 19:35	68	64.7	59.3	56.6	62.5	4	0
11/14/2015 19:40	67.6	64.3	59	56.3	62.2	4	0
11/14/2015 19:45	68.6	65.4	60	57.1	63.2	4	0
11/14/2015 19:50	68.6	65.3	60	57.1	63.1	4	0
11/14/2015 19:55	68.5	65.2	59.9	57.2	63.1	4	0
11/14/2015 20:00	68.6	65.3	60	57.2	63.2	4	0
11/14/2015 20:05	69.5	66.2	60.8	57.9	63.9	4	0
11/14/2015 20:10	70	66.6	61.4	58.4	64.4	4	0
11/14/2015 20:15	67.5	64.3	58.9	56.1	62	4	0
11/14/2015 20:20	69	65.7	60.3	57.4	63.5	4	0
11/14/2015 20:25	70.2	66.8	61.4	58.4	64.5	4	0
11/14/2015 20:30	69.7	66.4	61	58.1	64.1	4	0
11/14/2015 20:35	70.4	67	61.5	58.5	64.7	4	0
11/14/2015 20:40	69.7	66.3	60.9	58.1	64.1	4	0
11/14/2015 20:45	69	65.7	60.3	57.4	63.4	4	0
11/14/2015 20:50	68.8	65.4	60.1	57.3	63.2	4	0
11/14/2015 20:55	70.5	67.1	61.9	58.9	64.9	4	0
11/14/2015 21:00	70.3	66.9	61.5	58.6	64.6	4	0
11/14/2015 21:05	70.6	67.2	61.8	58.9	64.9	4	0
11/14/2015 21:10	70.2	66.8	61.4	58.5	64.5	4	0
11/14/2015 21:15	68.6	65.3	60	57.3	63.1	4	0
11/14/2015 21:20	69.2	65.9	60.5	57.7	63.6	4	0
11/14/2015 21:25	68.8	65.4	60.1	57.4	63.2	4	0
11/14/2015 21:30	68.3	65	59.7	57	62.8	4	0
11/14/2015 21:35	69.1	65.7	60.4	57.7	63.5	4	0
11/14/2015 21:40	69.6	66.2	60.8	58.1	64	4	0
11/14/2015 21:45	70.4	67	61.6	58.6	64.7	4	0
11/14/2015 21:50	70.1	66.8	61.4	58.4	64.5	4	0
11/14/2015 21:55	70.4	67	61.7	58.7	64.7	4	0
11/14/2015 22:00	69.8	66.4	61	58.2	64.1	4	0
11/14/2015 22:05	68.5	65.3	59.9	57	63	4	0
11/14/2015 22:10	70.1	66.7	61.5	58.4	64.4	4	0
11/14/2015 22:15	70.1	66.8	61.4	58.4	64.5	4	0
11/14/2015 22:20	69.6	66.2	60.8	58	63.9	4	0
11/14/2015 22:25	69.1	65.8	60.4	57.5	63.5	4	0
11/14/2015 22:30	70.1	66.7	61.3	58.3	64.4	4	0
11/14/2015 22:35	71.1	67.6	62.2	59.2	65.3	4	0
11/14/2015 22:40	69.6	66.3	61	58.1	64	4	0
11/14/2015 22:45	70.2	66.8	61.5	58.6	64.5	4	0
11/14/2015 22:50	70.5	67.1	61.8	58.8	64.8	4	0
11/14/2015 22:55	70.5	67.2	61.9	58.9	64.8	4	0
11/14/2015 23:00	69.7	66.4	61.1	58.2	64.1	4	0
11/14/2015 23:05	70.2	66.8	61.3	58.4	64.4	4	0
11/14/2015 23:10	68.9	65.6	60.3	57.5	63.3	4	0
11/14/2015 23:15	69.5	66.1	60.8	57.9	63.9	4	0
11/14/2015 23:20	69.3	65.9	60.5	57.8	63.6	4	0
11/14/2015 23:25	69.5	66.2	60.8	58	63.8	4	0
11/14/2015 23:30	69.1	65.7	60.5	57.5	63.4	4	0
11/14/2015 23:35	69.8	66.5	61.1	58	64	4	0
11/14/2015 23:40	70.4	67.1	61.9	58.7	64.7	4	0
11/14/2015 23:45	69.8	66.5	61.3	58.2	64.2	4	0
11/14/2015 23:50	70.2	66.8	61.6	58.5	64.4	4	0
11/14/2015 23:55	70.4	67	61.7	58.7	64.6	4	0
11/15/2015 00:00	70.4	67	61.5	58.6	64.5	4	0
11/15/2015 00:05	70.6	67.2	61.9	58.9	64.8	4	0
11/15/2015 00:10	70	66.7	61.3	58.4	64.3	4	0
11/15/2015 00:15	70	66.6	61.4	58.3	64.2	4	0
11/15/2015 00:20	70	66.6	61.2	58.2	64.1	4	0
11/15/2015 00:25	70.3	66.9	61.6	58.5	64.5	4	0
11/15/2015 00:30	70.5	67.1	61.7	58.7	64.6	4	0
11/15/2015 00:35	70.7	67.3	61.9	58.9	64.8	4	0
11/15/2015 00:40	70.6	67.2	62.1	58.9	64.7	4	0
11/15/2015 00:45	70.3	67	61.7	58.7	64.4	4	0
11/15/2015 00:50	70.6	67.2	61.9	58.9	64.7	4	0
11/15/2015 00:55	70.5	67.1	61.7	58.8	64.5	4	0
11/15/2015 01:00	70.9	67.5	62.2	59	65	4	0
11/15/2015 01:05	70.4	67	61.6	58.6	64.4	4	0
11/15/2015 01:10	70.3	66.9	61.5	58.6	64.3	4	0
11/15/2015 01:15	70.3	66.9	61.6	58.7	64.2	4	0
11/15/2015 01:20	70.4	67.1	61.8	58.8	64.4	4	0
11/15/2015 01:25	70.2	66.8	61.4	58.5	64.3	4	0
11/15/2015 01:30	70.4	67.1	61.7	58.7	64.4	4	0
11/15/2015 01:35	70.4	67	61.6	58.6	64.4	4	0
11/15/2015 01:40	70.3	67	61.6	58.7	64.3	4	0
11/15/2015 01:45	70.5	67.1	61.8	58.8	64.5	4	0
11/15/2015 01:50	70.2	66.9	61.5	58.6	64.3	4	0
11/15/2015 01:55	70.4	67	61.6	58.7	64.4	4	0
11/15/2015 02:00	70.2	66.8	61.4	58.5	64.2	4	0
11/15/2015 02:05	70.3	66.8	61.4	58.6	64.1	4	0
11/15/2015 02:10	70.7	67.4	62	59	64.8	4	0
11/15/2015 02:15	70.3	66.8	61.4	58.5	64.1	4	0
11/15/2015 02:20	70.1	66.7	61.3	58.5	64	4	0
11/15/2015 02:25	70.2	66.8	61.4	58.5	64.1	4	0
11/15/2015 02:30	70.4	67	61.6	58.7	64.4	4	0
11/15/2015 02:35	70.4	67	61.5	58.7	64.2	4	0
11/15/2015 02:40	70.4	67	61.6	58.7	64.3	4	0
11/15/2015 02:45	70.6	67.2	61.8	58.9	64.6	4	0
11/15/2015 02:50	70.3	66.9	61.5	58.6	64.1	4	0
11/15/2015 02:55	70.3	66.9	61.5	58.6	64.3	4	0
11/15/2015 03:00	70.3	66.8	61.4	58.5	63.9	4	0
11/15/2015 03:05	70.4	67	61.5	58.6	64.1	4	0
11/15/2015 03:10	70.3	66.9	61.5	58.6	64.2	4	0
11/15/2015 03:15	70.2	66.9	61.5	58.5	64.2	4	0
11/15/2015 03:20	70.2	66.8	61.5	58.6	64.2	4	0
11/15/2015 03:25	70.3	66.9	61.5	58.6	64.2	4	0
11/15/2015 03:30	70	66.6	61.3	58.3	63.9	4	0
11/15/2015 03:35	70.3	66.8	61.4	58.6	64.1	4	0
11/15/2015 03:40	70.3	66.9	61.5	58.6	64.2	4	0
11/15/2015 03:45	70.3	66.9	61.5	58.6	64	4	0
11/15/2015 03:50	70.4	67.1	61.8	58.7	64.4	4	0
11/15/2015 03:55	69.9	66.5	61.2	58.1	64	4	0
11/15/2015 04:00	70.3	66.9	61.5	58.6	64.2	4	0
11/15/2015 04:05	70.2	66.9	61.5	58.4	64.1	4	0
11/15/2015 04:10	69.9	66.6	61.4	58.3	63.9	4	0
11/15/2015 04:15	70.2	66.8	61.4	58.6	64	4	0
11/15/2015 04:20	70.5	67.2	61.8	58.8	64.5	4	0
11/15/2015 04:25	70.3	66.9	61.5	58.6	64.4	4	0
11/15/2015 04:30	70.2	66.9	61.5	58.6	64.3	4	0
11/15/2015 04:35	70.3	66.9	61.6	58.7	64.4	4	0
11/15/2015 04:40	70.2	66.9	61.5	58.5	64.2	4	0
11/15/2015 04:45	70.3	66.9	61.5	58.5	64.3	4	0
11/15/2015 04:50	70.1	66.7	61.4	58.3	64.2	4	0
11/15/2015 04:55	70.3	66.9	61.5	58.6	64	4	0
11/15/2015 05:00	70.3	66.9	61.5	58.5	64.2	4	0
11/15/2015 05:05	70.3	66.9	61.6	58.7	64.3	4	0
11/15/2015 05:10	70.5	67.1	61.6	58.6	64.3	4	0
11/15/2015 05:15	69.7	66.4	61	58.1	63.8	4	0
11/15/2015 05:20	70.1	66.7	61.3	58.4	64	4	0
11/15/2015 05:25	70.1	66.8	61.4	58.4	64.1	4	0
11/15/2015 05:30	70	66.7	61.3	58.3	64.1	4	0
11/15/2015 05:35	70.3	66.8	61.4	58.6	64.4	4	0
11/15/2015 05:40	70.4	67	61.5	58.7	64.5	4	0
11/15/2015 05:45	69.9	66.5	61.1	58.3	64	4	0
11/15/2015 05:50	70.2	66.8	61.3	58.4	64.3	4	0
11/15/2015 05:55	70.3	66.9	61.7	58.7	64.5	4	0
11/15/2015 06:00	70.3	66.8	61.4	58.6	64.3	4	0
11/15/2015 06:05	70.3	66.9	61.5	58.5	64.4	4	0
11/15/2015 06:10	69.6	66.3	61	58	63.9	4	0
11/15/2015 06:15	70.3	66.9	61.5	58.5	64.4	4	0
11/15/2015 06:20	70.6	67.1	61.8	58.8	64.7	4	0
11/15/2015 06:25	70	66.6	61.2	58.3	64.3	4	0
11/15/2015 06:30	70	66.6	61.2	58.4	64.2	4	0
11/15/2015 06:35	71.3	67.9	62.6	59.5	65.5	4	0
11/15/2015 06:40	70.4	67	61.6	58.5	64.6	4	0
11/15/2015 06:45	71.1	67.7	62.4	59.2	65.4	4	0
11/15/2015 06:50	71	67.6	62.1	59	65.1	4	0
11/15/2015 06:55	70.5	67.1	61.8	58.7	64.8	4	0
11/15/2015 07:00	69.8	66.4	61	58.2	64	4	0
11/15/2015 07:05	69.8	66.5	61.2	58.2	64.2	4	0
11/15/2015 07:10	70.6	67.2	62	59	64.9	4	0
11/15/2015 07:15	68.8	65.5	60.2	57.3	63.2	4	0
11/15/2015 07:20	69.2	65.9	60.5	57.5	63.6	4	0
11/15/2015 07:25	69.6	66.3	60.9	58	64	4	0
11/15/2015 07:30	69	65.7	60.4	57.6	63.4	4	0
11/15/2015 07:35	68.7	65.4	60.1	57.2	63.1	4	0
11/15/2015 07:40	69.2	65.9	60.5	57.5	63.6	4	0
11/15/2015 07:45	68.6	65.3	59.9	57	63	4	0
11/15/2015 07:50	69.8	66.4	61.1	58	64.1	4	0
11/15/2015 07:55	70.8	67.3	61.9	59	65	4	0
11/15/2015 08:00	70	66.6	61.4	58.4	64.4	4	0
11/15/2015 08:05	69.6	66.3	60.9	58.1	64	4	0
11/15/2015 08:10	69.9	66.5	61.1	58.2	64.2	4	0
11/15/2015 08:15	68.9	65.6	60.3	57.4	63.4	4	0
11/15/2015 08:20	68.6	65.3	59.9	57.1	63.1	4	0
11/15/2015 08:25	68.8	65.4	60.1	57.4	63.2	4	0
11/15/2015 08:30	69.1	65.8	60.4	57.6	63.6	4	0
11/15/2015 08:35	70.3	66.9	61.7	58.6	64.7	4	0
11/15/2015 08:40	69.9	66.5	61.2	58.3	64.3	4	0
11/15/2015 08:45	68.8	65.4	60.1	57.4	63.3	4	0
11/15/2015 08:50	69.2	65.9	60.5	57.7	63.7	4	0
11/15/2015 08:55	69.2	65.8	60.5	57.6	63.6	4	0
11/15/2015 09:00	67.2	63.9	58.6	56.1	61.7	4	0
11/15/2015 09:05	67.2	63.9	58.5	55.8	61.6	4	0
11/15/2015 09:10	68.3	65	59.7	56.9	62.8	4	0
11/15/2015 09:15	68.5	65.2	59.9	57.1	63	4	0
11/15/2015 09:20	69.4	66	60.6	57.9	63.9	4	0
11/15/2015 09:25	68.8	65.5	60.1	57.3	63.3	4	0
11/15/2015 09:30	69.3	66	60.7	57.8	63.8	4	0
11/15/2015 09:35	69.1	65.8	60.4	57.5	63.6	4	0
11/15/2015 09:40	68.9	65.6	60.2	57.4	63.4	4	0
11/15/2015 09:45	69	65.6	60.4	57.6	63.5	4	0
11/15/2015 09:50	69.7	66.3	60.9	58	64.1	4	0
11/15/2015 09:55	69	65.7	60.4	57.5	63.5	4	0
11/15/2015 10:00	69.4	66.1	60.8	58	63.9	4	0
11/15/2015 10:05	68.5	65.2	59.8	57.2	63	4	0
11/15/2015 10:10	67.9	64.6	59.3	56.6	62.5	4	0
11/15/2015 10:15	68.4	65.2	59.8	57	63	4	0
11/15/2015 10:20	69	65.7	60.4	57.5	63.6	4	0
11/15/2015 10:25	69.5	66.2	60.9	57.9	64	4	0
11/15/2015 10:30	68.3	65	59.7	57.1	62.9	4	0
11/15/2015 10:35	67	63.8	58.5	55.9	61.7	4	0
11/15/2015 10:40	67	63.7	58.5	55.8	61.6	4	0
11/15/2015 10:45	67.7	64.4	59.2	56.5	62.4	4	0
11/15/2015 10:50	67.6	64.4	59.1	56.4	62.2	4	0
11/15/2015 10:55	67.4	64.2	58.8	56.1	62.1	4	0
11/15/2015 11:00	68	64.7	59.4	56.6	62.5	4	0
11/15/2015 11:05	68.2	64.9	59.7	57	62.8	4	0
11/15/2015 11:10	68.5	65.2	59.9	57.2	63.1	4	0
11/15/2015 11:15	68.5	65.2	59.9	57.1	63	4	0
11/15/2015 11:20	67.8	64.6	59.2	56.6	62.4	4	0
11/15/2015 11:25	68.4	65.2	59.9	57.1	63	4	0
11/15/2015 11:30	68	64.8	59.5	56.9	62.7	4	0
11/15/2015 11:35	67.9	64.7	59.3	56.5	62.5	4	0
11/15/2015 11:40	66.3	63.1	57.6	55	60.9	4	0
11/15/2015 11:45	67.2	64	58.7	56	61.9	4	0
11/15/2015 11:50	68.4	65.1	59.9	57.2	63.1	4	0
11/15/2015 11:55	67.7	64.4	59.1	56.4	62.3	4	0
11/15/2015 12:00	68.3	65	59.6	56.8	62.8	4	0
11/15/2015 12:05	68.7	65.4	60	57.1	63.2	4	0
11/15/2015 12:10	68.7	65.4	60.1	57.2	63.3	4	0
11/15/2015 12:15	68	64.8	59.4	56.7	62.6	4	0
11/15/2015 12:20	67.6	64.4	59.1	56.5	62.3	4	0
11/15/2015 12:25	68.5	65.2	59.9	57	63	4	0
11/15/2015 12:30	68	64.7	59.3	56.5	62.6	4	0
11/15/2015 12:35	67.5	64.3	58.9	56.3	62.2	4	0
11/15/2015 12:40	67.8	64.5	59.1	56.4	62.4	4	0
11/15/2015 12:45	68.5	65.3	59.9	57.1	63.1	4	0
11/15/2015 12:50	68	64.7	59.4	56.7	62.6	4	0
11/15/2015 12:55	68.1	64.8	59.5	56.7	62.7	4	0
11/15/2015 13:00	68	64.7	59.4	56.7	62.6	4	0
11/15/2015 13:05	67.3	64.1	58.7	56	61.9	4	0
11/15/2015 13:10	67.5	64.2	58.8	56.1	62.1	4	0
11/15/2015 13:15	65.8	62.6	57.5	55.1	60.6	4	0
11/15/2015 13:20	66.2	63	57.7	55.1	60.9	4	0
11/15/2015 13:25	65.9	62.8	57.6	55.2	60.8	4	0
11/15/2015 13:30	66.4	63.2	58	55.6	61.2	4	0
11/15/2015 13:35	68	64.8	59.5	56.8	62.6	4	0
11/15/2015 13:40	69.2	65.8	60.6	57.6	63.7	4	0
11/15/2015 13:45	66.8	63.6	58.3	55.8	61.5	4	0
11/15/2015 13:50	66.9	63.7	58.5	56	61.6	4	0
11/15/2015 13:55	67.4	64.1	58.9	56.3	62	4	0
11/15/2015 14:00	68	64.8	59.4	56.6	62.6	4	0
11/15/2015 14:05	68	64.7	59.4	56.6	62.6	4	0
11/15/2015 14:10	68	64.7	59.4	56.7	62.6	4	0
11/15/2015 14:15	68	64.7	59.4	56.8	62.6	4	0
11/15/2015 14:20	68	64.8	59.5	56.8	62.6	4	0
11/15/2015 14:25	69.8	66.5	61.2	58.2	64.3	4	0
11/15/2015 14:30	69	65.7	60.3	57.6	63.6	4	0
11/15/2015 14:35	70.2	66.8	61.4	58.5	64.6	4	0
11/15/2015 14:40	69.4	66	60.6	57.9	63.9	4	0
11/15/2015 14:45	69.4	66.1	60.7	57.9	63.9	4	0
11/15/2015 14:50	70	66.7	61.3	58.3	64.5	4	0
11/15/2015 14:55	71	67.6	62.3	59.1	65.4	4	0
11/15/2015 15:00	68.7	65.4	60.1	57.4	63.3	4	0
11/15/2015 15:05	69.3	65.9	60.5	57.6	63.7	4	0
11/15/2015 15:10	69.9	66.6	61.2	58.3	64.4	4	0
11/15/2015 15:15	69.6	66.3	60.9	58	64.1	4	0
11/15/2015 15:20	71.3	67.9	62.7	59.4	65.7	4	0
11/15/2015 15:25	70.4	67.1	61.6	58.7	64.8	4	0
11/15/2015 15:30	69.9	66.5	61.1	58.2	64.3	4	0
11/15/2015 15:35	70	66.7	61.3	58.4	64.5	4	0
11/15/2015 15:40	69.2	65.9	60.5	57.7	63.7	4	0
11/15/2015 15:45	68.7	65.4	60	57.2	63.2	4	0
11/15/2015 15:50	69.8	66.4	61	58	64.2	4	0
11/15/2015 15:55	68.9	65.6	60.2	57.4	63.4	4	0
11/15/2015 16:00	68.3	65	59.6	56.9	62.8	4	0
11/15/2015 16:05	67.8	64.6	59.3	56.7	62.4	4	0
11/15/2015 16:10	67.8	64.5	59.2	56.5	62.3	4	0
11/15/2015 16:15	68.2	64.9	59.6	56.9	62.8	4	0
11/15/2015 16:20	68.6	65.3	60	57.3	63.2	4	0
11/15/2015 16:25	68.4	65.1	59.9	57.1	63	4	0
11/15/2015 16:30	67.8	64.5	59.3	56.6	62.4	4	0
11/15/2015 16:35	68.2	64.9	59.7	56.9	62.8	4	0
11/15/2015 16:40	68.5	65.2	59.9	57.1	63	4	0
11/15/2015 16:45	68.7	65.4	60.1	57.3	63.2	4	0
11/15/2015 16:50	68.4	65.1	59.8	57.1	63	4	0
11/15/2015 16:55	68.4	65.1	59.8	57.1	62.9	4	0
11/15/2015 17:00	68.8	65.4	60.2	57.3	63.3	4	0
11/15/2015 17:05	68.8	65.5	60.2	57.2	63.3	4	0
11/15/2015 17:10	65.5	62.4	57.2	54.9	60.3	4	0
11/15/2015 17:15	65.9	62.7	57.5	54.9	60.6	4	0
11/15/2015 17:20	65.5	62.4	57.2	54.9	60.4	4	0
11/15/2015 17:25	66.1	62.9	57.7	55.2	60.8	4	0
11/15/2015 17:30	65.2	62.1	56.9	54.6	60.1	4	0
11/15/2015 17:35	65.1	62	56.8	54.4	60	4	0
11/15/2015 17:40	66.5	63.3	58	55.4	61.1	4	0
11/15/2015 17:45	66	62.9	57.6	55	60.8	4	0
11/15/2015 17:50	65.4	62.3	57.1	54.5	60.2	4	0
11/15/2015 17:55	66.9	63.7	58.4	55.7	61.5	4	0
11/15/2015 18:00	67.5	64.2	58.9	56.2	62	4	0
11/15/2015 18:05	66.7	63.5	58.2	55.5	61.3	4	0
11/15/2015 18:10	65.5	62.4	57.1	54.8	60.3	4	0
11/15/2015 18:15	65.9	62.7	57.5	55.2	60.6	4	0
11/15/2015 18:20	64.9	61.8	56.7	54.5	59.8	4	0
11/15/2015 18:25	64.7	61.6	56.5	54.2	59.6	4	0
11/15/2015 18:30	63.8	60.7	55.7	53.6	58.8	4	0
11/15/2015 18:35	64.7	61.6	56.5	54.1	59.6	4	0
11/15/2015 18:40	64.8	61.7	56.6	54.2	59.7	4	0
11/15/2015 18:45	65.8	62.6	57.5	55	60.6	4	0
11/15/2015 18:50	65.4	62.3	57.1	54.8	60.2	4	0
11/15/2015 18:55	65.3	62.1	57	54.6	60.1	4	0
11/15/2015 19:00	66.6	63.4	58.2	55.7	61.3	4	0
11/15/2015 19:05	67.2	64	58.8	56.2	61.9	4	0
11/15/2015 19:10	66.6	63.4	58.1	55.5	61.2	4	0
11/15/2015 19:15	65.9	62.8	57.6	55.2	60.7	4	0
11/15/2015 19:20	65.6	62.5	57.3	55	60.4	4	0
11/15/2015 19:25	66.4	63.3	58.1	55.6	61.2	4	0
11/15/2015 19:30	66.9	63.7	58.5	55.9	61.6	4	0
11/15/2015 19:35	67.2	63.9	58.7	56.1	61.8	4	0
11/15/2015 19:40	67.6	64.3	59	56.2	62.1	4	0
11/15/2015 19:45	67.5	64.2	59	56.4	62.1	4	0
11/15/2015 19:50	68.4	65.1	59.7	56.9	62.9	4	0
11/15/2015 19:55	66.9	63.7	58.5	56	61.6	4	0
11/15/2015 20:00	68.9	65.6	60.3	57.5	63.3	4	0
11/15/2015 20:05	69.2	65.9	60.5	57.5	63.6	4	0
11/15/2015 20:10	68.8	65.5	60.2	57.3	63.3	4	0
11/15/2015 20:15	68.9	65.6	60.2	57.3	63.3	4	0
11/15/2015 20:20	68.1	64.9	59.4	56.6	62.6	4	0
11/15/2015 20:25	68.1	64.8	59.3	56.6	62.5	4	0
11/15/2015 20:30	69.1	65.8	60.4	57.5	63.5	4	0
11/15/2015 20:35	69.3	66	60.7	57.7	63.7	4	0
11/15/2015 20:40	69.3	66	60.6	57.6	63.7	4	0
11/15/2015 20:45	69.2	65.9	60.5	57.6	63.6	4	0
11/15/2015 20:50	69.3	66	60.7	57.7	63.7	4	0
11/15/2015 20:55	68.1	64.8	59.4	56.7	62.5	4	0
11/15/2015 21:00	69.5	66.2	60.8	57.8	63.8	4	0
11/15/2015 21:05	70	66.7	61.5	58.4	64.4	4	0
11/15/2015 21:10	70.6	67.2	61.7	58.8	64.9	4	0
11/15/2015 21:15	69.8	66.4	61.1	58.2	64.2	4	0
11/15/2015 21:20	69.9	66.5	61.2	58.2	64.1	4	0
11/15/2015 21:25	70.4	67.1	61.8	58.7	64.8	4	0
11/15/2015 21:30	70.4	67	61.5	58.5	64.6	4	0
11/15/2015 21:35	69.6	66.3	60.9	58.1	64	4	0
11/15/2015 21:40	69.5	66.2	60.9	58	63.9	4	0
11/15/2015 21:45	68.4	65.2	59.8	56.9	62.9	4	0
11/15/2015 21:50	69.5	66.1	60.8	57.8	63.8	4	0
11/15/2015 21:55	70.1	66.7	61.5	58.5	64.4	4	0
11/15/2015 22:00	70.4	67	61.6	58.7	64.6	4	0
11/15/2015 22:05	70.3	66.9	61.5	58.5	64.5	4	0
11/15/2015 22:10	70.4	67.1	61.6	58.7	64.6	4	0
11/15/2015 22:15	70.7	67.4	62.1	58.9	64.9	4	0
11/15/2015 22:20	70.7	67.3	61.9	58.9	64.9	4	0
11/15/2015 22:25	70.2	66.8	61.4	58.5	64.5	4	0
11/15/2015 22:30	70.5	67.1	61.7	58.7	64.7	4	0
11/15/2015 22:35	70.5	67.1	61.8	58.7	64.8	4	0
11/15/2015 22:40	70.2	66.8	61.4	58.5	64.4	4	0
11/15/2015 22:45	70	66.6	61.3	58.3	64.2	4	0
11/15/2015 22:50	70.7	67.4	62.1	59	64.9	4	0
11/15/2015 22:55	70.3	66.9	61.6	58.6	64.5	4	0
11/15/2015 23:00	70.2	66.8	61.6	58.5	64.4	4	0
11/15/2015 23:05	70	66.6	61.4	58.3	64.3	4	0
11/15/2015 23:10	70.4	67.1	61.9	58.7	64.6	4	0
11/15/2015 23:15	70	66.7	61.4	58.4	64.2	4	0
11/15/2015 23:20	69.6	66.2	61	58.1	63.7	4	0
11/15/2015 23:25	70.7	67.3	62.2	59	65	4	0
11/15/2015 23:30	70.3	66.9	61.5	58.6	64.5	4	0
11/15/2015 23:35	70.3	66.9	61.6	58.6	64.4	4	0
11/15/2015 23:40	69.6	66.3	60.9	58.1	63.6	4	0
11/15/2015 23:45	69.6	66.3	60.9	58	63.7	4	0
11/15/2015 23:50	69.7	66.3	61	58.1	63.8	4	0
11/15/2015 23:55	70	66.6	61.2	58.2	64	4	0
