5 Minutes	Lane 1 Speed (mph)	Lane 2 Speed (mph)	Lane 3 Speed (mph)	Lane 4 Speed (mph)	Speed (mph)	# Lane Points	% Observed
11/02/2015 00:00	74.8	69.3	67.4	62.8	69	4	100
11/02/2015 00:05	74.6	69	68.9	62.9	69.3	4	100
11/02/2015 00:10	74.3	71.9	69	62.7	70	4	100
11/02/2015 00:15	73.2	70	64.1	62.4	67.9	4	100
11/02/2015 00:20	73.1	68.4	63.6	62.7	67.6	4	100
11/02/2015 00:25	73.1	67.4	66.4	62.7	68.2	4	100
11/02/2015 00:30	73.6	68.8	62	61.8	67	4	100
11/02/2015 00:35	71.6	67.2	63.2	61.4	66.3	4	100
11/02/2015 00:40	72.6	68.6	60.9	62.4	66.5	4	100
11/02/2015 00:45	73.5	69	57	58.3	64.7	4	100
11/02/2015 00:50	74.2	69.7	57.8	60.9	65.9	4	100
11/02/2015 00:55	74.3	71.4	64	62	68.6	4	100
11/02/2015 01:00	74.7	71.2	68.5	62.8	70	4	100
11/02/2015 01:05	74.7	71.2	62.6	62.2	68.3	4	100
11/02/2015 01:10	74.9	71.2	64.6	62.3	68.5	4	100
11/02/2015 01:15	74.9	72.4	67.5	62.5	70.1	4	100
11/02/2015 01:20	74.7	71.8	68.6	62.8	69.8	4	100
11/02/2015 01:25	74.7	71.8	67.8	62.1	69.4	4	100
11/02/2015 01:30	74.7	71.2	60.3	62.5	67.3	4	100
11/02/2015 01:35	74.8	71.4	61.2	62.7	66.4	4	100
11/02/2015 01:40	74.7	71.2	63.8	62.7	68.2	4	100
11/02/2015 01:45	74.8	71.4	61.4	63.2	66.3	4	100
11/02/2015 01:50	74.8	71.3	64.3	63.1	68	4	100
11/02/2015 01:55	74.8	71.9	65.5	63	68.9	4	100
11/02/2015 02:00	74.7	71	57.2	62.9	65	4	100
11/02/2015 02:05	74.6	70.9	61.2	62.9	66.7	4	100
11/02/2015 02:10	74.7	71	62.9	62.9	67.1	4	100
11/02/2015 02:15	74.8	71	61.7	63	66.6	4	100
11/02/2015 02:20	74.8	71.2	62.5	62	67.4	4	100
11/02/2015 02:25	74.8	70.7	63.3	61.8	67.7	4	100
11/02/2015 02:30	74.8	71.1	66.5	62.3	69.1	4	100
11/02/2015 02:35	74.7	71	67.5	62	69.4	4	100
11/02/2015 02:40	74.8	71.2	68	62.5	69.1	4	100
11/02/2015 02:45	74.8	70.9	68.3	62.2	69.6	4	100
11/02/2015 02:50	74.8	71	63.3	62.4	67.6	4	100
11/02/2015 02:55	74.9	71	63.4	62.8	67.5	4	100
11/02/2015 03:00	74.9	71	65.6	62.9	68.4	4	100
11/02/2015 03:05	74.8	71.1	66.9	63.1	68.1	4	100
11/02/2015 03:10	74.7	71	64.6	62.2	68.1	4	100
11/02/2015 03:15	74.7	70.6	57	62.6	64.8	4	100
11/02/2015 03:20	74.8	70.8	60.7	63.2	66.9	4	100
11/02/2015 03:25	74.7	70.8	61.1	63	67.6	4	100
11/02/2015 03:30	74.8	70.8	58.5	63.1	66	4	100
11/02/2015 03:35	74.8	69.3	64	60.1	66.2	4	100
11/02/2015 03:40	74.8	68.7	60.4	61.1	65.3	4	100
11/02/2015 03:45	74.8	69.4	63	62.1	66.9	4	100
11/02/2015 03:50	74.8	69.1	66	62.5	68.7	4	100
11/02/2015 03:55	75	69.7	63.1	62.9	67.2	4	100
11/02/2015 04:00	74.8	70.3	63.2	63.1	67.4	4	100
11/02/2015 04:05	74.8	69.6	71	63.2	69.8	4	100
11/02/2015 04:10	74.8	70.4	68.7	63	70	4	100
11/02/2015 04:15	74.8	69.9	67.2	60.5	68.7	4	100
11/02/2015 04:20	74.8	70.6	64.1	61.3	68.2	4	100
11/02/2015 04:25	75.1	71.8	64.1	62.3	69.1	4	100
11/02/2015 04:30	74.9	70.6	66	62.6	68.8	4	100
11/02/2015 04:35	74.7	70.8	69.8	62.9	70.3	4	100
11/02/2015 04:40	74.9	71.5	71.3	60.6	70.3	4	100
11/02/2015 04:45	74.7	73	73.4	64.4	71.7	4	100
11/02/2015 04:50	74.6	72.8	67.7	61.6	69.7	4	100
11/02/2015 04:55	75.2	71.6	67.8	63.3	70.2	4	100
11/02/2015 05:00	75.5	72.4	65	61.3	69.2	4	100
11/02/2015 05:05	76.2	73	66.4	60.3	69.8	4	100
11/02/2015 05:10	75.8	71.1	65.5	61.6	68.8	4	100
11/02/2015 05:15	77.2	71.8	67.6	64.4	70.7	4	100
11/02/2015 05:20	77	71.5	66.2	59.5	69.5	4	100
11/02/2015 05:25	75.8	71	71.1	63.7	71.3	4	100
11/02/2015 05:30	74.6	71.4	69.5	65.3	70.6	4	100
11/02/2015 05:35	73.5	70.3	68.8	67.7	70.3	4	100
11/02/2015 05:40	73.9	69.5	69.5	65.9	70.1	4	100
11/02/2015 05:45	73.7	69.4	67.2	68.4	69.9	4	100
11/02/2015 05:50	74.7	69.8	66.7	66.2	69.5	4	100
11/02/2015 05:55	73.5	68.5	64	64.1	68.2	4	100
11/02/2015 06:00	73.9	69.7	63.8	63	68.3	4	100
11/02/2015 06:05	73.6	69.8	59.5	63.3	67.2	4	100
11/02/2015 06:10	75.9	71.4	60.5	61.4	68.3	4	100
11/02/2015 06:15	75.1	71.6	61.9	60.3	68.1	4	100
11/02/2015 06:20	75.2	71.2	62.3	62.8	68.4	4	100
11/02/2015 06:25	75.7	71.3	66.2	61.1	69.3	4	100
11/02/2015 06:30	76.2	71.1	65.9	58.4	69.2	4	100
11/02/2015 06:35	74.5	70	67.3	59.4	68.8	4	100
11/02/2015 06:40	69.9	67.4	57.8	53.6	63.1	4	100
11/02/2015 06:45	71.5	68.3	60.9	59.6	65.8	4	100
11/02/2015 06:50	72.4	67.4	64.5	59.9	66.7	4	100
11/02/2015 06:55	73.5	69.3	64.7	58.4	67.2	4	100
11/02/2015 07:00	73.4	68	61.2	57.9	65.7	4	100
11/02/2015 07:05	74.1	69.6	64.5	60.5	67.6	4	100
11/02/2015 07:10	74.2	68.8	64.7	59.9	67.8	4	100
11/02/2015 07:15	72.2	67.3	62.9	59.3	66.3	4	100
11/02/2015 07:20	72.2	67.5	63.8	61	66.6	4	100
11/02/2015 07:25	71.1	66.2	62	57.2	64.8	4	100
11/02/2015 07:30	71.4	67	66.3	54.4	65.8	4	100
11/02/2015 07:35	70.9	68.3	63.9	56	65.4	4	100
11/02/2015 07:40	70.4	65.5	62.5	55.6	64	4	100
11/02/2015 07:45	71	66.9	62.2	55.5	64.7	4	100
11/02/2015 07:50	71.4	66.9	60.8	54.6	64.4	4	100
11/02/2015 07:55	71.7	68.5	62.9	53.9	65.3	4	100
11/02/2015 08:00	71.3	65.5	60.6	55.2	64.4	4	100
11/02/2015 08:05	71.2	64.6	60.7	56.1	63.8	4	100
11/02/2015 08:10	71.4	65.5	62	57.9	64.9	4	100
11/02/2015 08:15	70	64.9	61.5	57.5	64.1	4	100
11/02/2015 08:20	70	64	62.7	59.3	64.6	4	100
11/02/2015 08:25	70.8	66.1	62	57	64.8	4	100
11/02/2015 08:30	71.8	67.8	62.3	55	65.2	4	100
11/02/2015 08:35	68.3	63	53.2	47.2	59.4	4	100
11/02/2015 08:40	70.1	65.7	57.1	50.6	61.9	4	100
11/02/2015 08:45	71.3	66.7	59.8	53.4	63.6	4	100
11/02/2015 08:50	72.2	66.4	58.2	56.6	64.5	4	100
11/02/2015 08:55	72.2	66.2	61.6	55.2	64.8	4	100
11/02/2015 09:00	72.7	67.1	64.1	56.2	65.8	4	100
11/02/2015 09:05	74.4	67.5	62.2	55.4	65.8	4	100
11/02/2015 09:10	73.4	66.4	57.2	53.4	63.3	4	100
11/02/2015 09:15	73.8	66.5	61.4	51.7	64.5	4	100
11/02/2015 09:20	74.3	66	59.5	56.2	64.6	4	100
11/02/2015 09:25	73.1	66.6	58.5	57.8	64.8	4	100
11/02/2015 09:30	74.4	70.8	63.1	57.3	66.9	4	100
11/02/2015 09:35	74.5	68.8	60.5	54	65	4	100
11/02/2015 09:40	74.7	69.3	57.7	54.7	65.5	4	100
11/02/2015 09:45	74.3	69.2	58.6	55.5	65.3	4	100
11/02/2015 09:50	74.2	69.3	57.2	55.5	64.7	4	100
11/02/2015 09:55	74.8	69.1	57.2	55.5	65.3	4	100
11/02/2015 10:00	74.9	67.3	58.5	55.3	64.8	4	100
11/02/2015 10:05	73.4	66.9	54.6	53.7	63.3	4	100
11/02/2015 10:10	73.5	67.5	57.2	50.6	63.2	4	100
11/02/2015 10:15	74.5	66.3	59.8	49.4	63.7	4	100
11/02/2015 10:20	73	66	59.4	51.9	63.2	4	100
11/02/2015 10:25	73.1	66	58.7	50.6	62.9	4	100
11/02/2015 10:30	72.8	67.9	57.2	51.8	63.3	4	100
11/02/2015 10:35	72.5	67.3	56.4	55.2	63.4	4	100
11/02/2015 10:40	72.4	66.4	54	50.8	62.1	4	100
11/02/2015 10:45	72.8	65.1	53.1	53.1	61.7	4	100
11/02/2015 10:50	73	65	53.3	53.4	62.1	4	100
11/02/2015 10:55	73.3	65.4	53.5	51.9	61.8	4	100
11/02/2015 11:00	72.8	63.7	54	52.3	61.1	4	100
11/02/2015 11:05	72.8	65.6	54.5	53.6	62.7	4	100
11/02/2015 11:10	72.8	65.8	55.3	55.6	62.7	4	100
11/02/2015 11:15	71.5	62.8	53.6	54.5	61.2	4	100
11/02/2015 11:20	70.8	63.6	54.3	53.6	61.3	4	100
11/02/2015 11:25	71.6	62.4	55.5	53.3	61.1	4	100
11/02/2015 11:30	72.2	64.1	54	52.7	61.6	4	100
11/02/2015 11:35	72.3	64.6	53.3	50	60.9	4	100
11/02/2015 11:40	73.1	66.6	54.6	51.6	62.2	4	100
11/02/2015 11:45	73	66.1	53	54.2	62.4	4	100
11/02/2015 11:50	71.6	65	52.3	52.5	60.8	4	100
11/02/2015 11:55	71.8	65.2	55.6	52.1	61.8	4	100
11/02/2015 12:00	72.3	65.5	53.9	49.3	60.8	4	100
11/02/2015 12:05	71.9	63.7	53.4	50.4	61	4	100
11/02/2015 12:10	71.4	66.1	54.3	51.7	62	4	100
11/02/2015 12:15	70.1	64.4	52.3	46.3	59.7	4	100
11/02/2015 12:20	70.9	64.5	55.1	47.2	60.2	4	100
11/02/2015 12:25	71.6	67.2	57.9	51.7	62.8	4	100
11/02/2015 12:30	72	65.9	57.9	52	63.3	4	100
11/02/2015 12:35	71.5	64	56	53	62.1	4	100
11/02/2015 12:40	72.6	63.6	56.8	51.9	61.7	4	100
11/02/2015 12:45	71.3	63.8	56.3	49.2	60.7	4	100
11/02/2015 12:50	70.6	63.5	55.8	50.2	61.1	4	100
11/02/2015 12:55	71.7	64.7	60.9	54.3	63.2	4	100
11/02/2015 13:00	73.2	64.3	58	54.6	62.3	4	100
11/02/2015 13:05	73.9	64.7	57.9	54.6	62.9	4	100
11/02/2015 13:10	73.2	66.1	59.5	52.4	63	4	100
11/02/2015 13:15	72.7	65.4	61.4	51.1	63.4	4	100
11/02/2015 13:20	71	64.2	58.4	47.9	61.3	4	100
11/02/2015 13:25	71.6	66	58.9	50.5	62.5	4	100
11/02/2015 13:30	71.6	67.1	59	52.8	63.3	4	100
11/02/2015 13:35	70	67.4	60.1	52.2	63.3	4	100
11/02/2015 13:40	67.5	62.8	55.8	50.4	60	4	100
11/02/2015 13:45	69.9	63.5	54.6	52.6	60.6	4	100
11/02/2015 13:50	70.7	65.2	55.3	54.9	62.1	4	100
11/02/2015 13:55	69.4	63.9	51.4	53.7	60	4	100
11/02/2015 14:00	69.7	63.7	57.7	53.1	61.7	4	100
11/02/2015 14:05	68.5	62.7	53.6	50.4	59.2	4	100
11/02/2015 14:10	65.7	60.8	48	44.3	55.7	4	100
11/02/2015 14:15	63.7	57.1	48.3	46	54.3	4	100
11/02/2015 14:20	63.6	58.5	49.1	46.3	54.8	4	100
11/02/2015 14:25	64.8	60.6	51.8	49	57.1	4	100
11/02/2015 14:30	66.2	61.9	55.5	52.5	59.4	4	100
11/02/2015 14:35	68.7	64.1	59	54.2	61.7	4	100
11/02/2015 14:40	59.8	56.9	48.8	45.4	53.2	4	100
11/02/2015 14:45	57.3	54.3	41.6	41.6	49.4	4	100
11/02/2015 14:50	56.7	53.7	38.8	39.5	47.9	4	100
11/02/2015 14:55	57.7	53.7	39	37.6	47.6	4	100
11/02/2015 15:00	56.8	54.4	41.8	39.4	48.4	4	100
11/02/2015 15:05	59	54.9	45.5	43.6	50.9	4	100
11/02/2015 15:10	58.9	55.4	43	42.9	50.3	4	100
11/02/2015 15:15	56.4	54.2	44.4	42.1	49.6	4	100
11/02/2015 15:20	57.8	55.6	45.8	41.8	50.7	4	100
11/02/2015 15:25	60	58.3	49.8	45.1	53.6	4	100
11/02/2015 15:30	60.6	58.5	47.8	43.9	53.1	4	100
11/02/2015 15:35	60.7	57.8	50.4	44.8	53.5	4	100
11/02/2015 15:40	62.5	58.8	51.4	44.1	54.4	4	100
11/02/2015 15:45	60.4	57.5	46.2	37.5	51	4	100
11/02/2015 15:50	57.1	53.5	41.5	29.6	46.4	4	100
11/02/2015 15:55	56.9	53.9	43.4	31.5	46.8	4	100
11/02/2015 16:00	48.1	49.3	38.8	32.6	42.4	4	100
11/02/2015 16:05	30.1	37.2	30.1	31.3	32.9	4	100
11/02/2015 16:10	35.1	40	32.1	34	35.7	4	100
11/02/2015 16:15	25.3	35	28.3	34.1	31.4	4	100
11/02/2015 16:20	23	33.8	29.8	31	30.1	4	100
11/02/2015 16:25	19.4	30.6	31.2	30.2	28.4	4	100
11/02/2015 16:30	16.7	27.6	29.3	29.1	26.5	4	100
11/02/2015 16:35	33.2	38.6	36.3	33.9	35.7	4	100
11/02/2015 16:40	44.5	45.2	42	37.2	42.2	4	100
11/02/2015 16:45	29.5	39.2	35.2	34.2	35.2	4	100
11/02/2015 16:50	21.2	33.8	29.9	28.6	29.3	4	100
11/02/2015 16:55	21.9	35.6	29.5	27.3	29.6	4	100
11/02/2015 17:00	26.7	36	29.6	28.5	30.9	4	100
11/02/2015 17:05	30.5	37.7	31.9	29.6	32.8	4	100
11/02/2015 17:10	35.6	41.9	35.3	32.9	36.9	4	100
11/02/2015 17:15	31.4	38.8	34.8	30.4	34.3	4	100
11/02/2015 17:20	35.4	41.2	32.7	30.9	35.6	4	100
11/02/2015 17:25	28.2	36.9	29.3	29	31.5	4	100
11/02/2015 17:30	23.8	35.9	27.3	27.8	29.5	4	100
11/02/2015 17:35	20.8	33.2	25.3	27.8	27.8	4	100
11/02/2015 17:40	23.8	36.8	25.3	28.1	29.5	4	100
11/02/2015 17:45	34.9	41.4	29.6	29.5	34.3	4	100
11/02/2015 17:50	26.2	35.3	27.1	27.9	29.8	4	100
11/02/2015 17:55	19.5	29.2	23.6	24.9	25.1	4	100
11/02/2015 18:00	30.5	36.7	25.3	25.4	30.2	4	100
11/02/2015 18:05	35.4	39.4	29.2	27.8	33.7	4	100
11/02/2015 18:10	42.3	43.5	30.2	29.7	36.8	4	100
11/02/2015 18:15	47.8	47.7	31	30.9	39.8	4	100
11/02/2015 18:20	51.7	50.6	39.7	37.2	45.2	4	100
11/02/2015 18:25	52.7	51.9	39.3	36.6	45.5	4	100
11/02/2015 18:30	46	46.7	36.1	38	42	4	100
11/02/2015 18:35	48.1	47.4	38.6	37.6	43.1	4	100
11/02/2015 18:40	46.9	48.9	36.9	36.6	42.8	4	100
11/02/2015 18:45	53.6	53.6	46.8	43.8	49.5	4	100
11/02/2015 18:50	57.8	55.4	48.7	41.5	51.2	4	100
11/02/2015 18:55	58.1	56.3	45.5	39.1	50.7	4	100
11/02/2015 19:00	63.7	60.4	56.2	49.2	57.9	4	100
11/02/2015 19:05	65.8	62.3	60.6	53.2	60.8	4	100
11/02/2015 19:10	66.1	63.3	62.7	55.4	62.2	4	100
11/02/2015 19:15	66.8	64.7	61.6	55.6	62.5	4	100
11/02/2015 19:20	65.9	64.4	62.9	55.6	62.4	4	100
11/02/2015 19:25	66.7	64.5	64.8	57.9	63.7	4	100
11/02/2015 19:30	68	66.6	66.3	57	65	4	100
11/02/2015 19:35	61.7	59.1	59.4	54.7	58.9	4	100
11/02/2015 19:40	58	58.2	52.4	49.7	55.1	4	100
11/02/2015 19:45	56.9	55.9	52.1	50.7	54.3	4	100
11/02/2015 19:50	60.4	58.3	51.9	52.2	56.2	4	100
11/02/2015 19:55	63.4	58.6	54.5	56.5	58.4	4	100
11/02/2015 20:00	65.6	63.4	57.6	57	61.3	4	100
11/02/2015 20:05	66.2	63.8	60.9	56.6	62	4	100
11/02/2015 20:10	68.2	64.7	63.1	58.1	63.5	4	100
11/02/2015 20:15	68.4	63.6	61.3	58.9	63.6	4	100
11/02/2015 20:20	69	64.6	61.5	58.9	64	4	100
11/02/2015 20:25	70.3	66.9	63.6	58.8	65.4	4	100
11/02/2015 20:30	71.3	68.7	64	61.9	66.8	4	100
11/02/2015 20:35	71.5	67.6	62	60.3	65.8	4	100
11/02/2015 20:40	72.2	69.2	63	62.6	66.9	4	100
11/02/2015 20:45	73.7	69.6	61.4	61.8	66.9	4	100
11/02/2015 20:50	74.1	69.7	64.6	61.3	68.1	4	100
11/02/2015 20:55	73.3	70.1	61.6	60.3	66.6	4	100
11/02/2015 21:00	73.8	67.9	62.4	60.5	66.3	4	100
11/02/2015 21:05	72.7	67.8	59	58.5	64.7	4	100
11/02/2015 21:10	73.4	68	60	58.9	65.2	4	100
11/02/2015 21:15	73.6	68.1	61.6	60.8	66.2	4	100
11/02/2015 21:20	74.1	67.9	62.6	60.5	66.5	4	100
11/02/2015 21:25	73.6	70.4	62.8	64.4	67.8	4	100
11/02/2015 21:30	73.8	70.4	60.2	61.6	66.5	4	100
11/02/2015 21:35	74.2	69.7	63	60.6	67.4	4	100
11/02/2015 21:40	74.2	70	65.1	60.9	67.8	4	100
11/02/2015 21:45	75.2	72.1	67.7	65.3	70.7	4	100
11/02/2015 21:50	74.3	71.2	67.6	64.3	69.7	4	100
11/02/2015 21:55	75.5	70.1	60.7	63.5	67.5	4	100
11/02/2015 22:00	74.3	69.8	66.2	63.3	68.4	4	100
11/02/2015 22:05	74.7	70.5	67.2	63.6	69.3	4	100
11/02/2015 22:10	75.8	68.6	64.4	62.8	67.9	4	100
11/02/2015 22:15	76	68.6	69.5	63.3	69.4	4	100
11/02/2015 22:20	76	69.2	67.1	64.7	69.3	4	100
11/02/2015 22:25	73.9	69.1	61.5	60.7	66.8	4	100
11/02/2015 22:30	73.7	69.2	58.3	62.7	66.6	4	100
11/02/2015 22:35	74.4	69.1	61.4	62.3	67.1	4	100
11/02/2015 22:40	74.3	69	59.9	63.9	67.1	4	100
11/02/2015 22:45	74.3	71.1	62	65.6	68.1	4	100
11/02/2015 22:50	74.8	69.4	59.9	64.5	67	4	100
11/02/2015 22:55	74.7	69.4	61	64.9	67.5	4	100
11/02/2015 23:00	74.7	70.9	65.2	64	68.8	4	100
11/02/2015 23:05	74.4	69.9	65	64.7	69	4	100
11/02/2015 23:10	73.9	72	71	65.9	71	4	100
11/02/2015 23:15	74.4	70.4	67.9	62.9	69.2	4	100
11/02/2015 23:20	74.5	69.2	64.3	59.8	67.4	4	100
11/02/2015 23:25	74.9	72.1	65.5	59.4	68.5	4	100
11/02/2015 23:30	74.9	71.7	67.6	61.7	69.4	4	100
11/02/2015 23:35	74.2	70.7	63.4	57.8	67.4	4	100
11/02/2015 23:40	74.1	72.5	63.9	61.5	68.3	4	100
11/02/2015 23:45	74.5	72.2	63.2	60.9	67.7	4	100
11/02/2015 23:50	74.6	72.5	63.5	63.9	69	4	100
11/02/2015 23:55	74.9	71	61.2	62.2	67.7	4	100
11/03/2015 00:00	74.8	72.6	67.4	62.8	70.1	4	100
11/03/2015 00:05	75.1	71.3	66.5	63.5	69.6	4	100
11/03/2015 00:10	75.1	70.5	67.9	58.2	67.8	4	100
11/03/2015 00:15	75.1	71.6	76.1	60.6	71.5	4	100
11/03/2015 00:20	74.7	71.7	66.9	61.3	68.6	4	100
11/03/2015 00:25	74.4	71	64.2	62.3	67.8	4	100
11/03/2015 00:30	74.3	70.7	68	63.3	69.2	4	100
11/03/2015 00:35	74.5	70	62.9	62.9	67.7	4	100
11/03/2015 00:40	74.7	69.2	57.2	59.2	65.9	4	100
11/03/2015 00:45	74.8	70.4	60.2	59.5	65.3	4	100
11/03/2015 00:50	75	71.5	65.8	61.4	69.1	4	100
11/03/2015 00:55	75.1	70.5	65.5	62.4	68.2	4	100
11/03/2015 01:00	75.1	71.2	67.6	62.8	68.7	4	100
11/03/2015 01:05	75.1	71.4	64.5	63.5	67.8	4	100
11/03/2015 01:10	75.1	70.4	61.1	63	66.8	4	100
11/03/2015 01:15	74.7	71.3	61.3	62.9	67.3	4	100
11/03/2015 01:20	74.7	71.3	64.8	61.4	67.5	4	100
11/03/2015 01:25	74.7	71.5	66.3	60.3	68	4	100
11/03/2015 01:30	74.8	70.8	67.3	60.4	67.6	4	100
11/03/2015 01:35	74.7	70.9	67.1	62.1	67.8	4	100
11/03/2015 01:40	74.9	71	67.1	62	69.1	4	100
11/03/2015 01:45	74.8	71.7	69.3	62.4	70	4	100
11/03/2015 01:50	74.8	71.3	68	61.8	68.7	4	100
11/03/2015 01:55	74.7	71.1	67.3	62.8	68.9	4	100
11/03/2015 02:00	74.9	68.9	64.8	62.1	66.7	4	100
11/03/2015 02:05	74.8	70	67.1	61.6	67.4	4	100
11/03/2015 02:10	74.8	70.4	65.4	62.3	67.6	4	100
11/03/2015 02:15	74.8	70.8	66.5	62.4	68	4	100
11/03/2015 02:20	74.7	70.3	59.4	62.7	66	4	100
11/03/2015 02:25	74.7	70.6	58.4	62.6	65.1	4	100
11/03/2015 02:30	74.7	70.5	61.6	62.6	66.7	4	100
11/03/2015 02:35	74.7	70.4	63.9	62.5	67.2	4	100
11/03/2015 02:40	74.7	70.1	69.6	62.2	69	4	100
11/03/2015 02:45	74.9	70.4	68.3	62.8	68.9	4	100
11/03/2015 02:50	74.8	70.4	66.8	62.9	68.9	4	100
11/03/2015 02:55	74.8	70.6	68.6	62.5	69	4	100
11/03/2015 03:00	74.8	70.8	64.5	62.7	66.9	4	100
11/03/2015 03:05	74.8	70.9	55.3	63.1	63.1	4	100
11/03/2015 03:10	74.6	70.9	60.5	59.1	64.8	4	100
11/03/2015 03:15	70.5	67.1	61.6	58.7	64.2	4	0
11/03/2015 03:20	74.8	71	67.4	62.8	68.5	4	100
11/03/2015 03:25	74.7	71.1	67	63.2	68.5	4	100
11/03/2015 03:30	74.7	71.2	64.1	63.1	67.1	4	100
11/03/2015 03:35	74.7	70	66.8	63.1	68.3	4	100
11/03/2015 03:40	74.8	70.8	67	63.8	67.8	4	100
11/03/2015 03:45	74.7	70.3	68.6	63.7	69.2	4	100
11/03/2015 03:50	74.7	70.9	64.6	60.3	66.5	4	100
11/03/2015 03:55	74.7	69.8	61.3	60.3	66	4	100
11/03/2015 04:00	74.7	69.9	50.6	61.3	63.7	4	100
11/03/2015 04:05	74.8	70.7	55.8	61.8	65	4	100
11/03/2015 04:10	74.8	70.5	57.2	61.7	63.9	4	100
11/03/2015 04:15	74.8	70.7	59.6	62.6	66.5	4	100
11/03/2015 04:20	75	70.7	66.8	56.2	67.3	4	100
11/03/2015 04:25	75	70.2	64.8	56.2	71.2	4	100
11/03/2015 04:30	75.1	68.8	58.1	59.6	65.3	4	100
11/03/2015 04:35	75.1	68	58.1	61.5	65.8	4	100
11/03/2015 04:40	70.8	67.4	61.9	58.9	64.8	4	0
11/03/2015 04:45	71.4	67.9	62.3	59.3	65.4	4	0
11/03/2015 04:50	74.8	71	67.4	62.8	70	4	100
11/03/2015 04:55	75.1	69.5	70.7	62.3	69.8	4	100
11/03/2015 05:00	74.4	71.8	64.9	64.6	69.1	4	100
11/03/2015 05:05	75.1	69.8	67.4	64.4	69.1	4	100
11/03/2015 05:10	75.5	69.9	68	62.9	69.4	4	100
11/03/2015 05:15	75.4	69.5	63.5	62.2	68	4	100
11/03/2015 05:20	76.1	68.9	61	65.3	67.4	4	100
11/03/2015 05:25	75.3	68.4	60.6	67.9	67.7	4	100
11/03/2015 05:30	74.9	70.3	60.5	64.8	67.2	4	100
11/03/2015 05:35	74	68.9	64.3	64.8	68	4	100
11/03/2015 05:40	74.3	72.2	65.6	65.4	69.3	4	100
11/03/2015 05:45	71	67.6	62.1	59.1	65.3	4	0
11/03/2015 05:50	73.7	69.3	54.5	61.4	65.2	4	100
11/03/2015 05:55	73.9	71.1	60.8	61.4	67.4	4	100
11/03/2015 06:00	73.3	68.6	59.7	62.2	66.3	4	100
11/03/2015 06:05	73.4	69	62.4	64.7	67.9	4	100
11/03/2015 06:10	73.6	70.1	65.9	64.8	68.9	4	100
11/03/2015 06:15	73.5	70.4	66.2	63.7	69.2	4	100
11/03/2015 06:20	72.5	70.3	66.5	61.9	68.7	4	100
11/03/2015 06:25	72.9	72.3	65.9	60.4	68.6	4	100
11/03/2015 06:30	70.8	68.6	54.9	55.1	63.2	4	100
11/03/2015 06:35	72.6	67.9	59.6	57.8	65.1	4	100
11/03/2015 06:40	73.1	66.8	60	58.5	65.2	4	100
11/03/2015 06:45	71	65.1	58.9	58.6	63.9	4	100
11/03/2015 06:50	71.9	66.6	60.6	58.8	64.9	4	100
11/03/2015 06:55	71.6	67	59.1	58.8	64.9	4	100
11/03/2015 07:00	72.7	67.6	59.1	59.1	65.4	4	100
11/03/2015 07:05	72.8	68.5	62.6	59.3	66.5	4	100
11/03/2015 07:10	71.1	67	62	58.4	65.5	4	100
11/03/2015 07:15	70.7	66.6	63.7	59.6	65.7	4	100
11/03/2015 07:20	67.4	63	61.6	57.2	62.8	4	100
11/03/2015 07:25	69.4	65.5	63.9	58.4	64.6	4	100
11/03/2015 07:30	69.8	66.2	63.5	57	64.8	4	100
11/03/2015 07:35	70.5	67.3	65	57.1	65.6	4	100
11/03/2015 07:40	70.5	66.9	63	56.5	64.9	4	100
11/03/2015 07:45	68.5	64.8	61	56.8	63.4	4	100
11/03/2015 07:50	68.1	64.6	60	55.3	62.8	4	100
11/03/2015 07:55	69.9	66.7	62.3	53.5	64	4	100
11/03/2015 08:00	70.5	67	63.9	55.1	65	4	100
11/03/2015 08:05	70.7	66.9	65	55.7	65.5	4	100
11/03/2015 08:10	70.9	66.9	65.9	53.9	65.6	4	100
11/03/2015 08:15	70.2	66.7	64.2	54.1	64.7	4	100
11/03/2015 08:20	70.6	67.7	63.6	55.8	65.2	4	100
11/03/2015 08:25	70.6	66.2	61.6	55	64.4	4	100
11/03/2015 08:30	71.6	67.9	65.7	57.4	66.6	4	100
11/03/2015 08:35	71.2	68	65.1	58	66.3	4	100
11/03/2015 08:40	70.9	67.1	63.9	56.5	65.3	4	100
11/03/2015 08:45	71.2	66.7	63.7	54.9	65.3	4	100
11/03/2015 08:50	70.7	66.2	58.9	60	64.6	4	100
11/03/2015 08:55	71.9	68.5	62.3	60.8	66.3	4	100
11/03/2015 09:00	72.2	69.2	61.7	56.5	66	4	100
11/03/2015 09:05	72.6	68.5	58.8	57.4	65.1	4	100
11/03/2015 09:10	68.1	64.8	59.4	56.7	62.6	4	0
11/03/2015 09:15	74.7	68	66.2	56	66.9	4	100
11/03/2015 09:20	74.5	69.1	65	57.8	67.8	4	100
11/03/2015 09:25	74.4	69.5	64.9	57.8	67.1	4	100
11/03/2015 09:30	74.4	69.3	65.5	56.5	66.7	4	100
11/03/2015 09:35	73.9	67.9	63	54.1	65.6	4	100
11/03/2015 09:40	74.3	68.4	64.6	56.7	66.7	4	100
11/03/2015 09:45	74.5	67.7	64.5	55.9	66.3	4	100
11/03/2015 09:50	74.7	68.2	63.7	57.2	65.8	4	100
11/03/2015 09:55	72.2	66.6	62.4	54.7	64.9	4	100
11/03/2015 10:00	73	66.8	64	58.1	65.9	4	100
11/03/2015 10:05	73.5	68.3	63.3	58	66.1	4	100
11/03/2015 10:10	73.3	67.9	64.1	57.7	66	4	100
11/03/2015 10:15	75	70.2	64.9	57.9	67.8	4	100
11/03/2015 10:20	73.4	69	59.9	56.8	65.3	4	100
11/03/2015 10:25	72.4	70.1	63.7	57.2	66.8	4	100
11/03/2015 10:30	72.8	66.4	60.1	55	64.8	4	100
11/03/2015 10:35	73	66.3	61.3	55.2	64.4	4	100
11/03/2015 10:40	72.6	65	56.7	53.3	62.7	4	100
11/03/2015 10:45	72.9	66.7	59.9	53.7	64	4	100
11/03/2015 10:50	72.8	69	57.8	55.4	64.2	4	100
11/03/2015 10:55	72.8	67.2	55.3	54	62.9	4	100
11/03/2015 11:00	71.8	65.9	53.9	55.3	61.9	4	100
11/03/2015 11:05	71.5	65.5	56	54.2	62.2	4	100
11/03/2015 11:10	71.6	66.4	57.4	57.3	63.4	4	100
11/03/2015 11:15	72.3	65.6	56.5	54.5	62.4	4	100
11/03/2015 11:20	72.6	66.1	57.7	54.1	63.4	4	100
11/03/2015 11:25	72.8	68.1	56.7	55.5	63.8	4	100
11/03/2015 11:30	72.8	67.7	55.5	52.6	62.2	4	100
11/03/2015 11:35	71.5	65.9	56.2	50.3	61.9	4	100
11/03/2015 11:40	71	64.2	57.1	50.7	61.3	4	100
11/03/2015 11:45	72	64.6	58.6	52	62.4	4	100
11/03/2015 11:50	71.5	65.6	57	53.6	62.4	4	100
11/03/2015 11:55	71.2	64.7	54.1	52.5	61.4	4	100
11/03/2015 12:00	71.1	62.9	51.1	52.2	60.1	4	100
11/03/2015 12:05	70.7	63.8	51.5	51.7	60.1	4	100
11/03/2015 12:10	71.3	65.2	55.6	53.9	62.2	4	100
11/03/2015 12:15	71.9	63.9	52.7	53.9	60.8	4	100
11/03/2015 12:20	71.7	64.4	54.7	51.5	61.2	4	100
11/03/2015 12:25	70.3	64.7	52.7	49.9	60.5	4	100
11/03/2015 12:30	70.2	62.5	57.8	52.4	61.4	4	100
11/03/2015 12:35	71.6	61.6	59.8	53.6	62.1	4	100
11/03/2015 12:40	71.6	63.1	57.9	50.4	61.5	4	100
11/03/2015 12:45	71	64.8	56.7	52	61.9	4	100
11/03/2015 12:50	70.4	66.1	58.3	51.2	62.1	4	100
11/03/2015 12:55	69.9	64.6	55	51.4	61	4	100
11/03/2015 13:00	70.6	64.4	54.9	51.4	61.3	4	100
11/03/2015 13:05	70.4	64.9	56.2	55	62.1	4	100
11/03/2015 13:10	70.8	65.8	56	54.6	62.1	4	100
11/03/2015 13:15	70.6	66.9	57.7	54.1	63	4	100
11/03/2015 13:20	70.8	67	59.8	55	63.6	4	100
11/03/2015 13:25	70.8	66	61.1	55.7	64.2	4	100
11/03/2015 13:30	70.4	68	60.5	55.9	64.1	4	100
11/03/2015 13:35	70.9	65.7	59.4	56.3	63.4	4	100
11/03/2015 13:40	69.3	62.5	52.1	51.7	59	4	100
11/03/2015 13:45	65.2	58.9	53	49.4	57.1	4	100
11/03/2015 13:50	57.8	51.2	43.8	43.9	49.9	4	100
11/03/2015 13:55	60.5	57.1	48.6	46.8	53.8	4	100
11/03/2015 14:00	65.4	60.4	52.1	50.7	58	4	100
11/03/2015 14:05	62	58.3	53.5	49.7	56.4	4	100
11/03/2015 14:10	63.5	61.4	55	51.5	58.4	4	100
11/03/2015 14:15	65.3	61.1	57	52.3	59.3	4	100
11/03/2015 14:20	65.8	62.7	57.1	53.6	60.1	4	100
11/03/2015 14:25	63.4	60	53.3	50.9	57.4	4	100
11/03/2015 14:30	59.8	56.6	44.5	41.6	51.3	4	100
11/03/2015 14:35	59.8	57.2	49.6	44.4	53.4	4	100
11/03/2015 14:40	61.5	58.9	55.6	46.2	56	4	100
11/03/2015 14:45	61.4	59.3	54.5	47.1	55.9	4	100
11/03/2015 14:50	47.3	51	46	47.2	48.2	4	100
11/03/2015 14:55	31.7	36.4	37.5	39.3	36.3	4	100
11/03/2015 15:00	36.9	43.1	39.3	38	39.7	4	100
11/03/2015 15:05	29.7	40.5	35.5	35.9	36.1	4	100
11/03/2015 15:10	22.8	33.8	30.7	34.6	31.2	4	100
11/03/2015 15:15	27	37.4	31.8	36.4	33.7	4	100
11/03/2015 15:20	29.6	39.6	33.3	37.5	35.5	4	100
11/03/2015 15:25	22.7	30	30.6	34.1	29.9	4	100
11/03/2015 15:30	20.7	29.9	30.5	34.7	29.6	4	100
11/03/2015 15:35	18.2	28.2	31.5	35.8	29	4	100
11/03/2015 15:40	21.3	34.2	33.9	33.9	31.5	4	100
11/03/2015 15:45	19.1	36.7	35	33.5	32.2	4	100
11/03/2015 15:50	25.3	38.6	39.9	36.6	35.6	4	100
11/03/2015 15:55	18.7	33.5	33.5	32.5	30.4	4	100
11/03/2015 16:00	16.6	33.4	30.6	33.2	29.8	4	100
11/03/2015 16:05	16.5	32.1	28	30.2	27.8	4	100
11/03/2015 16:10	15.1	28.4	26.5	31.6	26.3	4	100
11/03/2015 16:15	12.6	24.2	27.3	29.5	24.5	4	100
11/03/2015 16:20	13.9	26.1	25.1	30	24.7	4	100
11/03/2015 16:25	10.9	17.6	19.1	25.8	19.5	4	100
11/03/2015 16:30	13.6	23.1	23.3	27.2	22.4	4	100
11/03/2015 16:35	25.6	33.1	27.6	27.2	28.8	4	100
11/03/2015 16:40	37.4	42.5	38	33.2	38	4	100
11/03/2015 16:45	26.4	37.5	37.1	32.2	33.9	4	100
11/03/2015 16:50	17.5	30.2	32.9	29	28.5	4	100
11/03/2015 16:55	14.1	25.5	26.6	29.3	24.7	4	100
11/03/2015 17:00	10.6	19.1	22.4	25.3	20.4	4	100
11/03/2015 17:05	11.1	22.7	20.8	24.4	20.6	4	100
11/03/2015 17:10	12.9	26.6	24.5	25.7	23.4	4	100
11/03/2015 17:15	13	28.4	25.9	25.2	24.2	4	100
11/03/2015 17:20	11.8	25.3	22.9	26.8	22.9	4	100
11/03/2015 17:25	10.2	23	23.6	24.8	21.7	4	100
11/03/2015 17:30	9.9	21.6	23.9	24.5	21.1	4	100
11/03/2015 17:35	11.7	27.8	24.4	25.2	23.6	4	100
11/03/2015 17:40	12	29.5	22.6	23.4	23	4	100
11/03/2015 17:45	25.5	31.8	35.6	26.6	28.6	4	100
11/03/2015 17:50	36.4	39	33.4	27.1	34.2	4	100
11/03/2015 17:55	38.1	40.6	30.8	28.2	34.7	4	100
11/03/2015 18:00	26.5	35.5	27.3	26.4	29.7	4	100
11/03/2015 18:05	18.1	28.7	23.9	25.4	25	4	100
11/03/2015 18:10	18.1	28.9	25.7	28.1	25.8	4	100
11/03/2015 18:15	15.7	27.8	25.7	28.6	25.3	4	100
11/03/2015 18:20	17	28.1	26.6	29.3	25.9	4	100
11/03/2015 18:25	13.4	24.7	23.8	26.5	23.1	4	100
11/03/2015 18:30	10.3	23.8	21.4	25.3	21.5	4	100
11/03/2015 18:35	11.3	21.6	21.1	25.2	20.5	4	100
11/03/2015 18:40	10.8	19.4	20.5	25.7	19.8	4	100
11/03/2015 18:45	10.5	19.9	20.4	25	19.8	4	100
11/03/2015 18:50	10.3	19.5	19	23.9	19	4	100
11/03/2015 18:55	28.1	32.2	28.5	29.8	29.9	4	100
11/03/2015 19:00	38.7	39.5	33.5	30.2	35.7	4	100
11/03/2015 19:05	31.5	37	32.2	33	33.9	4	100
11/03/2015 19:10	32.6	36	28.6	32	32.7	4	100
11/03/2015 19:15	32.5	36.8	32.1	32.5	33.8	4	100
11/03/2015 19:20	36	43.2	37.7	37.2	39	4	100
11/03/2015 19:25	26	34.6	33	32.3	31.9	4	100
11/03/2015 19:30	23.1	30.5	30	33	29.6	4	100
11/03/2015 19:35	37.3	41.3	34.2	36.3	37.5	4	100
11/03/2015 19:40	49.7	51.3	45	45.4	48	4	100
11/03/2015 19:45	54.7	55.8	48.8	47.8	52	4	100
11/03/2015 19:50	57	57.5	49.1	47.1	53	4	100
11/03/2015 19:55	60.9	59.1	54.3	50.6	56.4	4	100
11/03/2015 20:00	62.6	59.3	56	53.3	58.2	4	100
11/03/2015 20:05	64.1	63.2	59.4	54.1	60.7	4	100
11/03/2015 20:10	65.2	64.2	60.6	56.1	61.8	4	100
11/03/2015 20:15	66.5	64.6	58.2	56.7	61.9	4	100
11/03/2015 20:20	66.6	64.9	59.4	57.6	62.3	4	100
11/03/2015 20:25	67.7	66.7	58.6	56.1	62.7	4	100
11/03/2015 20:30	66.6	65.6	59.1	57.1	62.5	4	100
11/03/2015 20:35	67.4	66.8	63.3	58	64.2	4	100
11/03/2015 20:40	69	68.6	68	61.2	67.2	4	100
11/03/2015 20:45	71	68.4	64.7	58.8	66.5	4	100
11/03/2015 20:50	71.1	68.5	65.6	60.3	67	4	100
11/03/2015 20:55	71.2	65.8	63.4	58.9	65.1	4	100
11/03/2015 21:00	71.8	66.3	61.7	58.3	64.7	4	100
11/03/2015 21:05	72.3	66.5	61.2	59.8	65.2	4	100
11/03/2015 21:10	72.2	67.4	63	60.5	65.9	4	100
11/03/2015 21:15	71.7	68.5	63.9	59.4	66.3	4	100
11/03/2015 21:20	73.9	70.8	67.7	62.4	69	4	100
11/03/2015 21:25	73.1	68.3	66.2	61.2	67.5	4	100
11/03/2015 21:30	73.1	67.1	64.5	60.4	66.5	4	100
11/03/2015 21:35	73.7	67.4	63.8	62.3	67	4	100
11/03/2015 21:40	74.5	69.1	66.4	59.3	67.6	4	100
11/03/2015 21:45	73.6	68.3	63.9	62.2	67.4	4	100
11/03/2015 21:50	74.1	69.6	65.2	64.2	68.3	4	100
11/03/2015 21:55	74.1	70.4	64.2	61.2	68.1	4	100
11/03/2015 22:00	73.3	69.7	66.5	63.3	68.5	4	100
11/03/2015 22:05	73	67.8	64.8	59.3	66.5	4	100
11/03/2015 22:10	73.7	69.3	63.1	59.7	67.1	4	100
11/03/2015 22:15	73.8	69.5	63.1	63.3	67.7	4	100
11/03/2015 22:20	74.2	69.9	65.4	62	68.2	4	100
11/03/2015 22:25	74.8	68.1	64.3	63.4	67.9	4	100
11/03/2015 22:30	73.7	69.3	65	60.6	67.3	4	100
11/03/2015 22:35	73.7	70	63.8	61.8	67.5	4	100
11/03/2015 22:40	74.2	69.7	62.4	60.4	66.9	4	100
11/03/2015 22:45	74.4	69.2	63.8	58.9	67.1	4	100
11/03/2015 22:50	74.8	68.8	68.3	61.2	68.7	4	100
11/03/2015 22:55	74.9	70.4	64.1	61.4	67.8	4	100
11/03/2015 23:00	75.7	72.2	67	60	69.1	4	100
11/03/2015 23:05	74.6	70.2	64.3	61.6	68.2	4	100
11/03/2015 23:10	75.2	71.1	66.4	63.9	69	4	100
11/03/2015 23:15	75.8	72	64.9	64.6	69.5	4	100
11/03/2015 23:20	75.1	70.9	71.3	65.2	70.9	4	100
11/03/2015 23:25	75.1	70.7	70.3	66.5	70.5	4	100
11/03/2015 23:30	75.2	70.8	66	62.2	68.7	4	100
11/03/2015 23:35	75.5	71.7	62.8	61.3	68.2	4	100
11/03/2015 23:40	75.2	72.6	61.3	60.3	67.9	4	100
11/03/2015 23:45	75	71.9	60.7	55.4	65.8	4	100
11/03/2015 23:50	75	70.2	60.3	59.8	66.8	4	100
11/03/2015 23:55	75.1	71.1	62.3	58.8	66.8	4	100
11/04/2015 00:00	74.8	74.6	62.7	62.8	68.7	4	100
11/04/2015 00:05	74.7	72.1	63.8	61.9	68.3	4	100
11/04/2015 00:10	75	71	61.1	63.3	68	4	100
11/04/2015 00:15	75	71.6	67.3	64.6	69.4	4	100
11/04/2015 00:20	75.4	70.7	65.5	60.5	68.1	4	100
11/04/2015 00:25	75.3	71.4	65.5	61.9	69.1	4	100
11/04/2015 00:30	75.1	70.5	64.6	63.2	67.8	4	100
11/04/2015 00:35	74.9	69.4	68.7	63.9	69.2	4	100
11/04/2015 00:40	74.6	69.1	62.6	63.3	67.4	4	100
11/04/2015 00:45	74.6	69.9	56.5	63.5	64.1	4	100
11/04/2015 00:50	75	70.9	54.1	64.2	65.7	4	100
11/04/2015 00:55	75.3	70.3	60.1	63.6	66.9	4	100
11/04/2015 01:00	75.1	68.9	59.3	63.3	66.7	4	100
11/04/2015 01:05	74.9	70	64.2	62.5	67.7	4	100
11/04/2015 01:10	75.1	69.8	55	61.7	64.2	4	100
11/04/2015 01:15	75.1	70.1	66	66.2	66.6	4	100
11/04/2015 01:20	74.9	70.7	77.4	65	72.8	4	100
11/04/2015 01:25	74.7	70.1	74.5	59.8	69.8	4	100
11/04/2015 01:30	74.8	70.9	68.4	61.9	68.6	4	100
11/04/2015 01:35	74.8	70.5	60.5	61	66.8	4	100
11/04/2015 01:40	74.7	70.3	60.8	59.6	65.7	4	100
11/04/2015 01:45	74.7	68.7	62.4	61.1	65.8	4	100
11/04/2015 01:50	74.8	69.8	58.9	62.3	65.5	4	100
11/04/2015 01:55	74.9	70.1	57.9	62.1	65.8	4	100
11/04/2015 02:00	74.8	70.2	55.6	63.2	64.2	4	100
11/04/2015 02:05	74.6	70.3	59.3	49.4	58.7	4	100
11/04/2015 02:10	70.4	66.9	61.5	58.5	64.3	4	0
11/04/2015 02:15	70.4	67	61.5	58.6	64	4	0
11/04/2015 02:20	70.4	67.1	61.6	58.6	64.1	4	0
11/04/2015 02:25	70.5	67.1	61.6	58.7	64.2	4	0
11/04/2015 02:30	70.5	67.2	61.7	58.8	64.2	4	0
11/04/2015 02:35	70.7	67.2	61.7	58.8	64.4	4	0
11/04/2015 02:40	70.8	67.5	62.3	59.1	64.7	4	0
11/04/2015 02:45	70.5	67.1	61.6	58.7	64.2	4	0
11/04/2015 02:50	70.4	67	61.6	58.6	64.2	4	0
11/04/2015 02:55	70.4	67	61.5	58.6	64.1	4	0
11/04/2015 03:00	70.4	67	61.5	58.6	64	4	0
11/04/2015 03:05	70.3	66.9	61.4	58.5	64.2	4	0
11/04/2015 03:10	70.6	67.1	61.7	58.7	64.3	4	0
11/04/2015 03:15	70.5	67.1	61.6	58.7	64.1	4	0
11/04/2015 03:20	69.7	66.4	61.1	58	63.5	4	0
11/04/2015 03:25	70.2	66.9	61.5	58.4	63.9	4	0
11/04/2015 03:30	70.2	66.9	61.5	58.5	64.2	4	0
11/04/2015 03:35	70.4	67	61.5	58.6	64	4	0
11/04/2015 03:40	71.2	67.8	62.7	59.4	65.1	4	0
11/04/2015 03:45	69.9	66.5	61.1	58.2	63.8	4	0
11/04/2015 03:50	69.6	66.2	60.8	57.9	63.5	4	0
11/04/2015 03:55	70.2	66.9	61.6	58.4	64.2	4	0
11/04/2015 04:00	70.3	67	61.5	58.6	64.2	4	0
11/04/2015 04:05	70.2	66.9	61.5	58.4	64	4	0
11/04/2015 04:10	70.2	66.9	61.7	58.5	64.2	4	0
11/04/2015 04:15	70.4	67.1	61.7	58.7	64.2	4	0
11/04/2015 04:20	70.1	66.8	61.5	58.4	64.2	4	0
11/04/2015 04:25	68.9	65.6	60.2	57.2	63	4	0
11/04/2015 04:30	69.7	66.4	61.1	58	63.7	4	0
11/04/2015 04:35	69.4	66.2	60.8	57.8	63.6	4	0
11/04/2015 04:40	71.1	67.6	62.1	59.1	65.1	4	0
11/04/2015 04:45	70.5	67.1	61.6	58.7	64.6	4	0
11/04/2015 04:50	69	65.6	60.2	57.5	63.3	4	0
11/04/2015 04:55	69.1	65.8	60.4	57.6	63.3	4	0
11/04/2015 05:00	70.5	67.2	61.9	58.8	64.8	4	0
11/04/2015 05:05	70.5	67.2	62	58.8	64.8	4	0
11/04/2015 05:10	71.4	67.9	62.3	59.3	65.4	4	0
11/04/2015 05:15	71.7	68.1	62.6	59.6	65.8	4	0
11/04/2015 05:20	70.9	67.4	61.9	59	65.1	4	0
11/04/2015 05:25	71	67.5	62	59	65.1	4	0
11/04/2015 05:30	71.1	67.6	62.1	59.1	65.3	4	0
11/04/2015 05:35	71.9	68.4	63	59.8	66.1	4	0
11/04/2015 05:40	70.7	67.3	61.8	58.8	65.1	4	0
11/04/2015 05:45	69.8	66.4	60.9	58.1	64.2	4	0
11/04/2015 05:50	70.4	67	61.5	58.6	64.8	4	0
11/04/2015 05:55	71.6	68.1	62.5	59.5	65.8	4	0
11/04/2015 06:00	71.6	68.1	62.5	59.5	65.8	4	0
11/04/2015 06:05	70.7	67.3	61.9	58.8	65.1	4	0
11/04/2015 06:10	70.4	66.9	61.5	58.5	64.7	4	0
11/04/2015 06:15	69.3	65.9	60.5	57.7	63.8	4	0
11/04/2015 06:20	72.1	68.7	63.7	60.3	66.6	4	0
11/04/2015 06:25	70.4	67.1	61.8	58.6	64.9	4	0
11/04/2015 06:30	69.2	65.9	60.4	57.6	63.7	4	0
11/04/2015 06:35	69.8	66.4	60.9	58.1	64.2	4	0
11/04/2015 06:40	70.1	66.8	61.5	58.4	64.6	4	0
11/04/2015 06:45	67.9	64.7	59.1	56.3	62.4	4	0
11/04/2015 06:50	66.2	63.1	57.4	54.7	60.8	4	0
11/04/2015 06:55	67.5	64.2	58.7	55.9	62	4	0
11/04/2015 07:00	68.4	65.1	59.7	56.7	62.9	4	0
11/04/2015 07:05	66.8	63.7	58.3	55.8	61.6	4	0
11/04/2015 07:10	66.4	63.2	57.9	55.4	61.2	4	0
11/04/2015 07:15	67.7	64.4	58.9	56.1	62.2	4	0
11/04/2015 07:20	67.2	64	58.4	55.6	61.8	4	0
11/04/2015 07:25	67.2	64	58.4	55.6	61.7	4	0
11/04/2015 07:30	65.8	62.6	56.9	54.5	60.4	4	0
11/04/2015 07:35	66	62.9	57.6	55.1	60.8	4	0
11/04/2015 07:40	66.6	63.4	58.1	55.6	61.3	4	0
11/04/2015 07:45	66.3	63.2	57.9	55.3	61.1	4	0
11/04/2015 07:50	66.8	63.7	58.3	55.8	61.6	4	0
11/04/2015 07:55	67.4	64.2	58.8	56.2	62.1	4	0
11/04/2015 08:00	67.2	63.9	58.6	56	61.9	4	0
11/04/2015 08:05	78.4	65.7	60.5	64.5	67.7	4	100
11/04/2015 08:10	74.9	66.9	65	58.7	67.2	4	100
11/04/2015 08:15	73.4	67.5	66.8	57.7	67.3	4	100
11/04/2015 08:20	72.2	66.8	68.4	55	66.8	4	100
11/04/2015 08:25	72.1	66.5	65.8	51.7	65.1	4	100
11/04/2015 08:30	71.5	63.6	63.7	50.8	63.3	4	100
11/04/2015 08:35	71.2	63.8	62.9	52.8	63.6	4	100
11/04/2015 08:40	71.9	65.3	64.3	50.5	63.9	4	100
11/04/2015 08:45	71.3	65.5	61.4	51.2	63.2	4	100
11/04/2015 08:50	71	64.9	60.2	53.1	63.4	4	100
11/04/2015 08:55	72.2	66.7	62.6	53.4	64.8	4	100
11/04/2015 09:00	72.4	66.2	61.7	52.3	64.1	4	100
11/04/2015 09:05	72.6	64.2	60.2	50.9	62.8	4	100
11/04/2015 09:10	71.9	64.4	62.2	50	63.4	4	100
11/04/2015 09:15	73.3	66.2	64.6	53.4	65.3	4	100
11/04/2015 09:20	72.6	65.8	60.5	51.4	63.4	4	100
11/04/2015 09:25	71.8	64	59.9	53.1	63.2	4	100
11/04/2015 09:30	71.8	65.5	57.2	51	62.1	4	100
11/04/2015 09:35	71.6	63.4	56.8	49.3	61.3	4	100
11/04/2015 09:40	73.1	64.5	59.9	47.4	62.4	4	100
11/04/2015 09:45	72.8	65.7	59.8	48.9	62.6	4	100
11/04/2015 09:50	73.4	67.9	58.7	50.7	62.9	4	100
11/04/2015 09:55	72.7	65.7	59.2	51.1	63.2	4	100
11/04/2015 10:00	71.7	66.3	58.4	53.7	63.2	4	100
11/04/2015 10:05	71	64.9	59.6	50.9	62.3	4	100
11/04/2015 10:10	71.8	64.2	59.5	53.4	62.9	4	100
11/04/2015 10:15	72.6	64.1	60	55.2	63.8	4	100
11/04/2015 10:20	72.6	65.2	57.5	52	62.1	4	100
11/04/2015 10:25	73	64	57.9	51.9	62.6	4	100
11/04/2015 10:30	73	65.7	60	53	63.8	4	100
11/04/2015 10:35	72.5	65.1	60.4	55.8	64	4	100
11/04/2015 10:40	72.7	65	58.4	51.2	62.6	4	100
11/04/2015 10:45	73.9	65.4	58.4	53.4	63.3	4	100
11/04/2015 10:50	73.3	64.8	59.7	51.8	62.8	4	100
11/04/2015 10:55	72.7	63.9	57.5	53.3	62.4	4	100
11/04/2015 11:00	73.2	63.9	59.3	52.2	62.6	4	100
11/04/2015 11:05	70.9	64.1	52.4	49.6	60	4	100
11/04/2015 11:10	71.5	63.6	53.5	50.8	60.8	4	100
11/04/2015 11:15	72.2	64.6	53.2	48.9	60.3	4	100
11/04/2015 11:20	73	64.9	57.5	47.8	61.3	4	100
11/04/2015 11:25	73.7	63	56	47.2	61.4	4	100
11/04/2015 11:30	72.3	65.4	52.7	46.6	59.9	4	100
11/04/2015 11:35	72.7	65.7	58.5	46.5	62	4	100
11/04/2015 11:40	72.4	64.7	56.6	50.9	61.5	4	100
11/04/2015 11:45	72	63.3	56.1	51.6	61.5	4	100
11/04/2015 11:50	72.6	66.2	55.7	52	62.8	4	100
11/04/2015 11:55	71.7	65.6	55.3	49.4	61.3	4	100
11/04/2015 12:00	71.7	62.6	57.3	46.3	60.2	4	100
11/04/2015 12:05	71.4	64	56.5	48.6	60.3	4	100
11/04/2015 12:10	70.4	63.8	57.9	50.5	61.4	4	100
11/04/2015 12:15	70.4	64.6	59	52.1	62.6	4	100
11/04/2015 12:20	71.3	64	58.2	50.2	61.9	4	100
11/04/2015 12:25	71.2	63.3	61.3	50.4	62.6	4	100
11/04/2015 12:30	71.7	64	60.6	49.1	61.7	4	100
11/04/2015 12:35	71.7	64.3	60.9	46	61.9	4	100
11/04/2015 12:40	69.9	63.7	56	45.8	59.7	4	100
11/04/2015 12:45	70.9	62.4	55.8	48.8	60.5	4	100
11/04/2015 12:50	71.1	61.5	54.2	47.1	59.3	4	100
11/04/2015 12:55	70.3	62.3	57.6	46.4	59.6	4	100
11/04/2015 13:00	69.8	61.5	54.3	46.7	59.1	4	100
11/04/2015 13:05	66.7	59	51.7	44.8	56.9	4	100
11/04/2015 13:10	68	60.3	55.7	45.2	58.2	4	100
11/04/2015 13:15	49.7	52	49.5	38.8	48.2	4	100
11/04/2015 13:20	43.5	44.8	42.3	37.1	42.1	4	100
11/04/2015 13:25	39.4	42	41.4	39.4	40.7	4	100
11/04/2015 13:30	48.1	47.2	44.4	39.6	45.2	4	100
11/04/2015 13:35	56	52	46.8	41.6	49.4	4	100
11/04/2015 13:40	59.8	55.1	51.4	44.4	53	4	100
11/04/2015 13:45	61.4	57.3	52.8	43.7	54.3	4	100
11/04/2015 13:50	61.3	55.9	46.7	42.1	52.3	4	100
11/04/2015 13:55	56.4	53.8	45.9	41.2	49.8	4	100
11/04/2015 14:00	53.6	51.3	47.3	41.1	48.7	4	100
11/04/2015 14:05	58.9	54.8	51.9	44.7	53	4	100
11/04/2015 14:10	59.7	55.6	51.9	45.3	53.4	4	100
11/04/2015 14:15	51.7	49.9	48.5	39.7	47.7	4	100
11/04/2015 14:20	53.2	53	49.4	40.2	49.3	4	100
11/04/2015 14:25	58.2	56	51.6	43.1	52.7	4	100
11/04/2015 14:30	59.6	57.6	55.3	45	55.1	4	100
11/04/2015 14:35	61.1	58.7	53.3	44.6	54.9	4	100
11/04/2015 14:40	61.7	58.6	53.7	45.7	55.4	4	100
11/04/2015 14:45	60.4	56.2	51.9	42.5	53.2	4	100
11/04/2015 14:50	39.9	40.3	41.4	37.7	39.8	4	100
11/04/2015 14:55	30.9	38.6	36.9	33.8	35.5	4	100
11/04/2015 15:00	29.2	38.6	37	32.7	34.9	4	100
11/04/2015 15:05	35.9	40.6	40.2	33.1	37.8	4	100
11/04/2015 15:10	39.3	45.2	44.9	36.7	42.1	4	100
11/04/2015 15:15	29.8	37.4	37.8	32.3	34.8	4	100
11/04/2015 15:20	21.7	27.5	28	30.2	27.2	4	100
11/04/2015 15:25	19.9	28.5	28.4	28.8	26.9	4	100
11/04/2015 15:30	15.7	26.9	27.2	29.2	25.8	4	100
11/04/2015 15:35	16.3	25.6	28.5	29.4	25.3	4	100
11/04/2015 15:40	11.8	18.9	24.3	26.3	21.5	4	100
11/04/2015 15:45	10.7	15.7	18.5	24.5	18.2	4	100
11/04/2015 15:50	9.2	15.7	17.9	23.8	17.6	4	100
11/04/2015 15:55	11.4	17.9	23.5	26	20.4	4	100
11/04/2015 16:00	13.2	22.3	24.6	27.8	22.6	4	100
11/04/2015 16:05	13.8	25.1	23.4	27.3	23.4	4	100
11/04/2015 16:10	11.3	18.7	18.6	26.4	19.8	4	100
11/04/2015 16:15	12.6	20.8	20.3	25.3	20.3	4	100
11/04/2015 16:20	12.9	22.9	21.9	24.9	21.6	4	100
11/04/2015 16:25	12.4	23.9	21.5	24	21.3	4	100
11/04/2015 16:30	10	18.2	15.6	23.8	18	4	100
11/04/2015 16:35	10.4	16.9	17.7	23.1	17.6	4	100
11/04/2015 16:40	12.9	22.5	22	22.7	20.7	4	100
11/04/2015 16:45	11.4	20.2	21.3	24.2	20	4	100
11/04/2015 16:50	11.9	18.4	21.5	23.5	19.2	4	100
11/04/2015 16:55	11.1	15.8	20.9	24.1	18.6	4	100
11/04/2015 17:00	8.9	13.8	18.4	22.9	16.9	4	100
11/04/2015 17:05	9.6	16.3	20.9	21	17.5	4	100
11/04/2015 17:10	9.4	18.3	20.4	21.1	18.1	4	100
11/04/2015 17:15	10.3	19.1	24.1	21.8	19.5	4	100
11/04/2015 17:20	9.6	19.6	22	22.4	19.3	4	100
11/04/2015 17:25	11.7	22.8	22.9	23.2	20.9	4	100
11/04/2015 17:30	11.7	23.2	25.1	22.3	22.1	4	100
11/04/2015 17:35	11.1	18.5	23.5	22.2	19.5	4	100
11/04/2015 17:40	13.4	22.9	25.7	22	21.5	4	100
11/04/2015 17:45	14.7	26.3	25.3	24	23.3	4	100
11/04/2015 17:50	14.6	25.8	22.8	25.2	22.9	4	100
11/04/2015 17:55	13.1	23.7	22.1	22.4	21.1	4	100
11/04/2015 18:00	12.1	22	22.7	23.5	20.9	4	100
11/04/2015 18:05	11.6	22.3	24.3	24.4	21.6	4	100
11/04/2015 18:10	15.4	27.3	22.8	23.8	23	4	100
11/04/2015 18:15	16.9	30.3	25	25.3	25.2	4	100
11/04/2015 18:20	14.5	28.3	23.8	25	24	4	100
11/04/2015 18:25	12.5	22.5	23.1	26.7	22.1	4	100
11/04/2015 18:30	14.9	22.1	23.8	26.8	22.3	4	100
11/04/2015 18:35	22	26.7	25.2	25.2	25.1	4	100
11/04/2015 18:40	26.4	30.5	26.2	25.6	27.6	4	100
11/04/2015 18:45	28.1	33.6	27.8	27.2	29.6	4	100
11/04/2015 18:50	21.5	29.3	26.1	25	25.9	4	100
11/04/2015 18:55	16.6	24.1	23.9	25	22.9	4	100
11/04/2015 19:00	22.8	27.1	23.8	25.4	25.1	4	100
11/04/2015 19:05	26.2	29.5	25.1	28.2	27.5	4	100
11/04/2015 19:10	30.4	30.4	27.5	30	29.7	4	100
11/04/2015 19:15	25.6	31.7	28.3	29.3	29.1	4	100
11/04/2015 19:20	36.2	38.2	33.3	33.9	35.7	4	100
11/04/2015 19:25	33.8	40.3	35.6	35	36.6	4	100
11/04/2015 19:30	44.8	46.3	40.3	38.8	42.9	4	100
11/04/2015 19:35	52.7	51.3	48.2	43.2	49.2	4	100
11/04/2015 19:40	46.5	43.4	43.8	43.3	44.2	4	100
11/04/2015 19:45	43.6	44.5	40.6	37.5	41.9	4	100
11/04/2015 19:50	50.6	49.7	48.7	41.3	47.9	4	100
11/04/2015 19:55	57.2	54	55.4	46.8	53.7	4	100
11/04/2015 20:00	62.6	58.5	57.7	51.1	57.9	4	100
11/04/2015 20:05	64.6	60.3	61.7	53.4	60.2	4	100
11/04/2015 20:10	66	61.4	62.6	54.6	61.5	4	100
11/04/2015 20:15	65.5	61.8	60.8	54.7	61.1	4	100
11/04/2015 20:20	65.9	61.2	63.1	55.3	61.8	4	100
11/04/2015 20:25	67.9	62.7	67.3	56.8	63.9	4	100
11/04/2015 20:30	68.7	63.3	68.9	57.3	65	4	100
11/04/2015 20:35	69.8	65.1	69.5	56.8	65.9	4	100
11/04/2015 20:40	69.9	65.8	65.1	58.5	65.4	4	100
11/04/2015 20:45	70.9	67.4	68	57	66.4	4	100
11/04/2015 20:50	70.6	65.1	66.4	58.7	65.7	4	100
11/04/2015 20:55	71.8	64.6	66.4	56.8	65.4	4	100
11/04/2015 21:00	73.7	67.9	64.3	61.9	67	4	100
11/04/2015 21:05	73.9	68.3	65.2	64.7	68.1	4	100
11/04/2015 21:10	73.8	67.8	62.5	64.9	67.4	4	100
11/04/2015 21:15	73.9	68.2	64.3	64.4	67.6	4	100
11/04/2015 21:20	74.3	69.1	63.9	62.3	67.6	4	100
11/04/2015 21:25	74.5	68.3	63.3	62.5	67.5	4	100
11/04/2015 21:30	75.3	68	64.2	62.3	67.7	4	100
11/04/2015 21:35	74.9	68.3	65.7	61.7	68.1	4	100
11/04/2015 21:40	74.7	68.3	66.4	63.7	68.8	4	100
11/04/2015 21:45	75.1	67.9	67	61.5	68.4	4	100
11/04/2015 21:50	74.5	66.9	63.8	62.5	67.2	4	100
11/04/2015 21:55	75.3	66.9	64.7	60.8	67	4	100
11/04/2015 22:00	75.4	67.8	64	62.9	67.8	4	100
11/04/2015 22:05	75.2	70.4	62.7	63	67.8	4	100
11/04/2015 22:10	74.5	70.4	64.4	64.2	68.6	4	100
11/04/2015 22:15	75.4	68.5	63.7	67.1	68.8	4	100
11/04/2015 22:20	74.7	69.1	63.4	64.9	68.3	4	100
11/04/2015 22:25	74.6	69.4	62.2	68.1	68.6	4	100
11/04/2015 22:30	75.1	70	63.7	65.5	68.6	4	100
11/04/2015 22:35	75.7	72.2	60.9	65.5	68.7	4	100
11/04/2015 22:40	75.7	70.6	64.3	65.1	68.8	4	100
11/04/2015 22:45	76.3	71.1	62.7	63.6	68.7	4	100
11/04/2015 22:50	76.7	73.2	63.7	67.5	70.5	4	100
11/04/2015 22:55	76.6	72.3	62.5	65.8	69.5	4	100
11/04/2015 23:00	75	70.8	62.7	63.4	68.3	4	100
11/04/2015 23:05	74.6	69	62.2	66.6	68.2	4	100
11/04/2015 23:10	75.2	71.5	69.2	64.8	70.5	4	100
11/04/2015 23:15	74.6	71.5	62	62.5	67.6	4	100
11/04/2015 23:20	74.6	73.4	69.8	63.9	71.2	4	100
11/04/2015 23:25	75	71.5	70.5	65.2	71	4	100
11/04/2015 23:30	74.8	68.3	64.2	65.1	67.8	4	100
11/04/2015 23:35	74.7	68.9	60.3	63	65.9	4	100
11/04/2015 23:40	74.5	72.4	65.4	64.9	69.6	4	100
11/04/2015 23:45	74.6	73.5	70	63.4	70.8	4	100
11/04/2015 23:50	74.6	71.6	61.4	63.5	68.6	4	100
11/04/2015 23:55	70.4	67.1	61.8	58.6	64.7	4	0
11/05/2015 00:00	70.4	67	61.5	58.6	64.5	4	0
11/05/2015 00:05	74.8	70.4	67.4	62.8	69.6	4	100
11/05/2015 00:10	71.2	67.7	62.2	59.2	65.2	4	0
11/05/2015 00:15	73.3	70.7	63.1	59.6	66.4	4	100
11/05/2015 00:20	72.8	72.5	73.7	62.2	70.6	4	100
11/05/2015 00:25	74.2	73.4	73.3	61.9	72.5	4	100
11/05/2015 00:30	71.1	67.8	62.4	59.3	65.3	4	0
11/05/2015 00:35	68.4	65.2	59.7	56.8	62.5	4	0
11/05/2015 00:40	69.7	66.5	61.1	58	63.9	4	0
11/05/2015 00:45	70.1	66.8	61.5	58.4	64.2	4	0
11/05/2015 00:50	70.7	67.2	61.7	58.8	64.7	4	0
11/05/2015 00:55	74.8	67.5	67.4	62.8	66.4	4	100
11/05/2015 01:00	74.7	70	64.1	63.3	67.4	4	100
11/05/2015 01:05	74.8	68.4	66.5	63.4	67.8	4	100
11/05/2015 01:10	74.8	69.3	61.9	63.2	66.8	4	100
11/05/2015 01:15	74.7	69.9	66.3	63.8	68.3	4	100
11/05/2015 01:20	74.7	69.2	58	63.3	65.6	4	100
11/05/2015 01:25	74.8	70.3	64	63.7	66.8	4	100
11/05/2015 01:30	69.7	66.5	61.1	58	64	4	0
11/05/2015 01:35	70.1	66.7	61.3	58.4	64	4	0
11/05/2015 01:40	70.1	66.6	61.2	58.3	63.9	4	0
11/05/2015 01:45	68.9	65.5	60.2	57.2	63.2	4	0
11/05/2015 01:50	69.8	66.5	61.2	58.1	63.7	4	0
11/05/2015 01:55	74.8	71	67.4	62.8	69.5	4	100
11/05/2015 02:00	74.9	71.6	62	59.3	67.2	4	100
11/05/2015 02:05	74.8	69.7	63.9	60.3	66.5	4	100
11/05/2015 02:10	74.6	70.7	67.5	61.2	68.5	4	100
11/05/2015 02:15	74.7	71.1	62.1	62.3	66.7	4	100
11/05/2015 02:20	74.6	73.1	57.8	62.8	66.1	4	100
11/05/2015 02:25	69.4	66.1	60.7	57.7	63.2	4	0
11/05/2015 02:30	68.7	65.4	60	57	62.6	4	0
11/05/2015 02:35	74.8	71	67.4	62.8	69.5	4	100
11/05/2015 02:40	75.2	72.1	61.6	62.9	67.6	4	100
11/05/2015 02:45	74.9	71.6	60.3	62.5	65.9	4	100
11/05/2015 02:50	74.8	71.1	61.9	62.6	66.7	4	100
11/05/2015 02:55	74.9	71.3	60.1	62.9	65.9	4	100
11/05/2015 03:00	74.9	71.1	59.1	62.2	66.2	4	100
11/05/2015 03:05	74.9	70.7	62.2	62.3	67.4	4	100
11/05/2015 03:10	74.8	70.7	55.1	62.1	62.8	4	100
11/05/2015 03:15	74.8	71.1	56.9	62.6	64.1	4	100
11/05/2015 03:20	74.8	71.4	58.1	62.3	64.8	4	100
11/05/2015 03:25	74.7	70.1	55.3	62.8	62.2	4	100
11/05/2015 03:30	74.6	70.7	57	58.7	64.1	4	100
11/05/2015 03:35	74.7	72.8	62.7	60.6	66.8	4	100
11/05/2015 03:40	74.6	72	65.8	61.6	68.2	4	100
11/05/2015 03:45	74.6	70.7	65.6	62.1	68.1	4	100
11/05/2015 03:50	74.7	71.1	60.6	62.2	66.2	4	100
11/05/2015 03:55	74.7	71.2	56.3	62.9	64.8	4	100
11/05/2015 04:00	74.8	71.5	58	62.2	64.8	4	100
11/05/2015 04:05	74.6	71.7	63.4	62.5	67.7	4	100
11/05/2015 04:10	74.6	70.9	64.3	62.3	67.8	4	100
11/05/2015 04:15	74.7	71.3	58.1	62.9	66	4	100
11/05/2015 04:20	74.9	70.9	57.8	62.8	67.3	4	100
11/05/2015 04:25	74.9	72.1	59.7	62.1	66.3	4	100
11/05/2015 04:30	74.9	69.2	62.5	60.9	66.4	4	100
11/05/2015 04:35	74.7	68.5	68.2	62.3	68.9	4	100
11/05/2015 04:40	74.6	68.7	66.1	64.7	68.1	4	100
11/05/2015 04:45	74	69.3	67.7	62.9	68.7	4	100
11/05/2015 04:50	74.7	71.4	65.6	63	68.9	4	100
11/05/2015 04:55	75.1	71.1	69.9	62.1	69.7	4	100
11/05/2015 05:00	74.9	70.9	63.9	62.3	68.7	4	100
11/05/2015 05:05	75.5	73.1	66.3	64.2	70	4	100
11/05/2015 05:10	76.3	72	69.8	63.9	71.1	4	100
11/05/2015 05:15	76.5	70.3	69.8	66	71	4	100
11/05/2015 05:20	76.7	71.1	66.1	67.3	70.4	4	100
11/05/2015 05:25	76.8	70.7	68.6	61.2	69.7	4	100
11/05/2015 05:30	76.5	69.8	70.1	61.4	70.5	4	100
11/05/2015 05:35	75	69.8	66.7	59.9	68.4	4	100
11/05/2015 05:40	76.2	70.1	67.2	60.7	69.6	4	100
11/05/2015 05:45	76.9	69.1	69.6	61.8	70.2	4	100
11/05/2015 05:50	76.3	68.6	67.2	64.6	69.4	4	100
11/05/2015 05:55	75.3	67.4	66.1	65.8	69	4	100
11/05/2015 06:00	74.4	69	65.3	64.8	68.9	4	100
11/05/2015 06:05	74.2	68.1	67.8	61.3	68.7	4	100
11/05/2015 06:10	73.5	68.9	68.5	63.3	69	4	100
11/05/2015 06:15	72.8	67.6	67.2	60.2	67.7	4	100
11/05/2015 06:20	72.8	66.3	64.5	64.4	67.1	4	100
11/05/2015 06:25	72.7	66.7	62.3	61.4	66.2	4	100
11/05/2015 06:30	71.8	65.4	62.1	57.6	64.7	4	100
11/05/2015 06:35	72.7	67.2	64.7	55.2	65.9	4	100
11/05/2015 06:40	71.1	66.4	60.3	54.7	63.6	4	100
11/05/2015 06:45	69.9	65.1	60.9	57.2	64.3	4	100
11/05/2015 06:50	69.2	64.6	61.7	57.2	63.9	4	100
11/05/2015 06:55	70.7	65.1	62.4	59.2	64.9	4	100
11/05/2015 07:00	71.5	65.2	65.2	57.9	65.7	4	100
11/05/2015 07:05	71.3	65.4	63	58.2	64.8	4	100
11/05/2015 07:10	71.6	67.4	66.5	61.2	67.1	4	100
11/05/2015 07:15	70.6	65.2	65.5	58.1	65.5	4	100
11/05/2015 07:20	69.1	63.9	65.6	56.7	64.4	4	100
11/05/2015 07:25	68.5	62.3	62.5	57	63.1	4	100
11/05/2015 07:30	68.3	62.1	62.2	55	62.5	4	100
11/05/2015 07:35	69.7	61.8	62.1	55.4	62.6	4	100
11/05/2015 07:40	68.3	61.5	59.8	53.8	61.5	4	100
11/05/2015 07:45	68.9	64.1	62.7	54.3	63.1	4	100
11/05/2015 07:50	69.3	65.2	65	53.8	64.4	4	100
11/05/2015 07:55	70.1	66.5	68.6	55.5	65.9	4	100
11/05/2015 08:00	69.4	65.4	65.9	56.2	64.9	4	100
11/05/2015 08:05	71.3	66.1	64.2	59.9	66.3	4	100
11/05/2015 08:10	68.9	65.6	60.2	57.2	63.4	4	0
11/05/2015 08:15	57.5	31	17.2	40.6	38	4	100
11/05/2015 08:20	57.8	38.9	28.8	41.2	41.7	4	100
11/05/2015 08:25	63.2	52.2	44.6	48.5	52.4	4	100
11/05/2015 08:30	61.2	53	42.1	48.2	51.5	4	100
11/05/2015 08:35	57	49.9	35.4	43.6	47.7	4	100
11/05/2015 08:40	57.1	48.4	30.4	43.7	46.5	4	100
11/05/2015 08:45	60.2	53.9	43.2	47.2	51.8	4	100
11/05/2015 08:50	63.1	57.7	52	49.5	56.1	4	100
11/05/2015 08:55	66.1	61.6	57.1	52.2	60.1	4	100
11/05/2015 09:00	68	61.3	59.1	51.8	60.9	4	100
11/05/2015 09:05	69.5	61.5	61.9	49.5	61.2	4	100
11/05/2015 09:10	69.1	63.5	57.8	47.8	60.5	4	100
11/05/2015 09:15	70.6	63.7	60.5	49.2	62.1	4	100
11/05/2015 09:20	71.4	64.1	58	53.3	62.4	4	100
11/05/2015 09:25	72.1	63.7	59.8	52.3	62.7	4	100
11/05/2015 09:30	70.3	63	57.9	55.5	62.2	4	100
11/05/2015 09:35	70.8	65.1	61.7	55.8	63.8	4	100
11/05/2015 09:40	72.3	65.1	63.5	54.3	64.6	4	100
11/05/2015 09:45	72.3	65.1	63.1	59	65.4	4	100
11/05/2015 09:50	71.3	64.3	58.5	55.2	63.1	4	100
11/05/2015 09:55	71.3	63.8	59.1	53.1	62.1	4	100
11/05/2015 10:00	72.4	64.9	58.7	54.6	63.1	4	100
11/05/2015 10:05	72.5	63.3	58.1	55.4	62.8	4	100
11/05/2015 10:10	72	63.8	59.2	52.7	62.5	4	100
11/05/2015 10:15	72.4	65.4	60.8	53.9	63.5	4	100
11/05/2015 10:20	72.3	64.2	62.1	57.2	64.2	4	100
11/05/2015 10:25	72.4	63.8	59.8	57	64.2	4	100
11/05/2015 10:30	72	65.3	59.2	54	63.5	4	100
11/05/2015 10:35	71.5	64	58.5	52.5	62.5	4	100
11/05/2015 10:40	70.9	64.1	57.9	53.8	62.1	4	100
11/05/2015 10:45	70.6	64.3	57.7	54.3	62.2	4	100
11/05/2015 10:50	70.5	65.4	57.3	52.9	62.3	4	100
11/05/2015 10:55	70.4	65.2	57.5	50.5	62	4	100
11/05/2015 11:00	70.6	64.8	56.3	52.7	61.8	4	100
11/05/2015 11:05	70.2	64.4	58.5	54.8	62.5	4	100
11/05/2015 11:10	70.3	65.3	56.8	55.5	62.6	4	100
11/05/2015 11:15	70.9	65.1	61.2	52.8	63	4	100
11/05/2015 11:20	70.3	65.7	59.9	54.6	63.1	4	100
11/05/2015 11:25	69.4	65	59.3	54.4	62.6	4	100
11/05/2015 11:30	70.1	65.6	57.3	55	62.4	4	100
11/05/2015 11:35	70	63.6	59.3	52.7	62	4	100
11/05/2015 11:40	70	64.9	54.9	54.1	61.5	4	100
11/05/2015 11:45	68	60.2	48.8	47.1	56.9	4	100
11/05/2015 11:50	68.2	61.6	52.1	52.9	59	4	100
11/05/2015 11:55	67.8	62.8	51.7	54.2	59.6	4	100
11/05/2015 12:00	69	63.8	55	53.8	60.7	4	100
11/05/2015 12:05	68.7	63.8	51.3	50.9	58.9	4	100
11/05/2015 12:10	67.5	60.9	49.1	48.4	57.3	4	100
11/05/2015 12:15	67	61.2	52.8	50.1	58.3	4	100
11/05/2015 12:20	66	61.9	51.6	46.4	57.1	4	100
11/05/2015 12:25	67.2	61.5	50.8	46.3	56.9	4	100
11/05/2015 12:30	66.8	60.7	48.6	44.1	55.5	4	100
11/05/2015 12:35	66.8	61.6	50.1	47	57.4	4	100
11/05/2015 12:40	67	61	54.5	49.4	58.4	4	100
11/05/2015 12:45	67.6	62	56.6	51.7	60	4	100
11/05/2015 12:50	67.5	61.9	57.4	51.5	60	4	100
11/05/2015 12:55	67	60.6	55.7	49.1	59	4	100
11/05/2015 13:00	66.3	62.6	57.6	52.5	60.2	4	100
11/05/2015 13:05	66.7	63.5	55.4	50.4	59.5	4	100
11/05/2015 13:10	65.5	60.4	52.6	46.4	56.6	4	100
11/05/2015 13:15	57.6	50.7	39.7	34.9	47	4	100
11/05/2015 13:20	56.1	49.2	35.6	33.8	44.4	4	100
11/05/2015 13:25	56.4	48.8	34.1	34.5	44.2	4	100
11/05/2015 13:30	56	51.7	39.1	39.1	46.9	4	100
11/05/2015 13:35	59.2	54.5	44.4	43.5	50.9	4	100
11/05/2015 13:40	61	57.2	50.3	46.7	54.2	4	100
11/05/2015 13:45	59.3	56.4	45.3	43.9	52	4	100
11/05/2015 13:50	60.4	56.4	51.4	46	54.3	4	100
11/05/2015 13:55	59.6	57.3	53.4	47.1	54.9	4	100
11/05/2015 14:00	60.1	57.3	51.5	45.9	54.2	4	100
11/05/2015 14:05	56.6	55.2	46.9	45.2	51.6	4	100
11/05/2015 14:10	58.1	55.3	46.8	45.6	52	4	100
11/05/2015 14:15	57.2	55.3	49	44.6	52	4	100
11/05/2015 14:20	59.3	57.6	52.1	46.7	54.5	4	100
11/05/2015 14:25	59.2	56.6	52.6	47.2	54.3	4	100
11/05/2015 14:30	40.8	47	48.3	46.5	46	4	100
11/05/2015 14:35	31.8	42.1	41.5	39.1	39.1	4	100
11/05/2015 14:40	37.6	41.2	40.2	37.7	39.4	4	100
11/05/2015 14:45	26.5	33.5	33.1	33	31.9	4	100
11/05/2015 14:50	19.4	27.7	28.8	30.4	27.1	4	100
11/05/2015 14:55	16.2	23.5	23.9	28.7	23.5	4	100
11/05/2015 15:00	13.4	23	23.3	26.6	22.4	4	100
11/05/2015 15:05	10	17.1	17.6	25.1	18.5	4	100
11/05/2015 15:10	12.5	17.1	18.8	26.6	19.3	4	100
11/05/2015 15:15	12.2	18.2	21.7	26.5	20	4	100
11/05/2015 15:20	11	17.9	21.6	27.8	20.4	4	100
11/05/2015 15:25	12.7	19.6	23.2	25.1	20.4	4	100
11/05/2015 15:30	11.2	18	23.9	24.6	20.1	4	100
11/05/2015 15:35	14.4	18.9	28.1	27.2	22.4	4	100
11/05/2015 15:40	14	21	28.9	29	23.6	4	100
11/05/2015 15:45	10.6	17.5	26	26.8	21.3	4	100
11/05/2015 15:50	9.3	15.4	24	25.6	19.5	4	100
11/05/2015 15:55	8.2	18.8	24.9	25.4	20.4	4	100
11/05/2015 16:00	10	22.5	24	25.5	21.3	4	100
11/05/2015 16:05	8.1	16.2	16.6	25.7	18.2	4	100
11/05/2015 16:10	11.6	18.6	20.1	26.5	19.6	4	100
11/05/2015 16:15	10.8	18	16.9	24.7	18.5	4	100
11/05/2015 16:20	8.8	17.9	16.8	25.5	18.5	4	100
11/05/2015 16:25	7.3	14.3	14.4	23.4	16.1	4	100
11/05/2015 16:30	8.7	15.7	14.7	23.5	16.4	4	100
11/05/2015 16:35	9.6	15.5	18.5	25	17.9	4	100
11/05/2015 16:40	7.9	13.3	18	25	17.5	4	100
11/05/2015 16:45	7.7	12.7	18.9	24.2	16.9	4	100
11/05/2015 16:50	7.7	12.8	17.5	22.5	15.9	4	100
11/05/2015 16:55	7.1	12.8	15.5	23.3	15.6	4	100
11/05/2015 17:00	7.9	16.4	17.3	23.8	17.3	4	100
11/05/2015 17:05	7.4	15.9	19.8	23.5	17.8	4	100
11/05/2015 17:10	7.8	15.2	19.8	24.6	18	4	100
11/05/2015 17:15	9.4	20.1	21.8	25.4	20.2	4	100
11/05/2015 17:20	11	20.7	25	25.3	21.2	4	100
11/05/2015 17:25	8.7	16.5	21.9	24.2	19.1	4	100
11/05/2015 17:30	8.5	15	18.5	27.8	18.7	4	100
11/05/2015 17:35	7.9	14	17.8	24.9	17	4	100
11/05/2015 17:40	8.7	13.8	15.6	24.2	16.3	4	100
11/05/2015 17:45	8.4	13.3	15	23.4	15.8	4	100
11/05/2015 17:50	8.3	13.7	16.3	21.8	15.7	4	100
11/05/2015 17:55	10.2	22.1	19.9	22.1	19.6	4	100
11/05/2015 18:00	9.8	21.6	22.4	23.2	20.3	4	100
11/05/2015 18:05	9.7	18.9	21.5	24.1	19.5	4	100
11/05/2015 18:10	8.2	14.9	22.1	26.2	19.2	4	100
11/05/2015 18:15	8.2	13.6	18.6	25	17.2	4	100
11/05/2015 18:20	8.9	14.7	17.2	26	17.6	4	100
11/05/2015 18:25	12.1	20.8	20.9	27.7	21	4	100
11/05/2015 18:30	10.4	19.5	20.2	25.9	20	4	100
11/05/2015 18:35	10.2	18.7	20	25.7	19.6	4	100
11/05/2015 18:40	11.8	21.8	22.6	25	21	4	100
11/05/2015 18:45	11.5	22.7	21.7	24.4	21	4	100
11/05/2015 18:50	11.1	18.9	19.6	23.5	18.9	4	100
11/05/2015 18:55	12.2	22	18.9	22.5	19.7	4	100
11/05/2015 19:00	11.3	20.2	19.3	21.4	18.7	4	100
11/05/2015 19:05	14.1	22.1	21.7	21.1	20.2	4	100
11/05/2015 19:10	20.9	29.1	24.2	23.2	25	4	100
11/05/2015 19:15	18	26.3	22.1	22.6	22.8	4	100
11/05/2015 19:20	14.7	23	21.3	23.3	21.2	4	100
11/05/2015 19:25	14.1	25	24	25	22.8	4	100
11/05/2015 19:30	17.5	27	22.9	27.9	24.5	4	100
11/05/2015 19:35	17.2	25.9	25.1	29.9	25.1	4	100
11/05/2015 19:40	20	26	23.7	29.1	24.9	4	100
11/05/2015 19:45	26.6	30.4	24.8	30.2	28.3	4	100
11/05/2015 19:50	28	31.9	30.5	35	31.5	4	100
11/05/2015 19:55	32.1	38.4	33	36.2	35.4	4	100
11/05/2015 20:00	36.1	40.9	36.5	39.7	38.6	4	100
11/05/2015 20:05	36.2	40.6	37.3	41.7	39.1	4	100
11/05/2015 20:10	30.5	39.8	38.9	41.4	38	4	100
11/05/2015 20:15	36	41.6	39.6	42.3	40.1	4	100
11/05/2015 20:20	46.9	49.9	46.7	47.9	48.1	4	100
11/05/2015 20:25	54.7	55.3	53.2	52.4	54.1	4	100
11/05/2015 20:30	57.1	57.2	57.2	54.3	56.7	4	100
11/05/2015 20:35	56.2	58.4	51.7	53.3	55.2	4	100
11/05/2015 20:40	61.3	60.9	57.9	53.9	58.9	4	100
11/05/2015 20:45	63	61.8	61.8	54.8	60.9	4	100
11/05/2015 20:50	64	62.6	61.5	56.9	61.6	4	100
11/05/2015 20:55	66.3	65	66.9	59.5	64.8	4	100
11/05/2015 21:00	70.6	69.7	63.9	63.1	67.3	4	100
11/05/2015 21:05	73	72.7	65.8	66.2	68.9	4	100
11/05/2015 21:10	73	71.5	63.8	63.4	68.5	4	100
11/05/2015 21:15	72.1	69.3	60.9	62	66.5	4	100
11/05/2015 21:20	73	69.1	62.7	59.7	66.5	4	100
11/05/2015 21:25	74.5	70	63.6	63.2	68.2	4	100
11/05/2015 21:30	75.3	70.3	62.9	66.6	69	4	100
11/05/2015 21:35	75.6	69.1	63.7	68	69.1	4	100
11/05/2015 21:40	77	69.8	64.8	65.7	69.4	4	100
11/05/2015 21:45	77.6	71	70.6	68.1	71.9	4	100
11/05/2015 21:50	77.4	70.3	66.9	68.5	70.9	4	100
11/05/2015 21:55	77.5	70.7	67.8	66.4	70.6	4	100
11/05/2015 22:00	75.2	69.4	63.1	65.6	68.5	4	100
11/05/2015 22:05	74.9	71.6	67.5	65.5	70.2	4	100
11/05/2015 22:10	74.4	70.5	65	66.4	69.3	4	100
11/05/2015 22:15	74.3	67.8	68	65.4	68.9	4	100
11/05/2015 22:20	73.7	68.5	71.8	65.1	70	4	100
11/05/2015 22:25	74.5	69.5	68.2	65	69.8	4	100
11/05/2015 22:30	75.4	70.6	64.4	66.8	69.4	4	100
11/05/2015 22:35	73.8	71.7	65.7	67.7	69.8	4	100
11/05/2015 22:40	73.9	71.4	65.8	69.2	70.2	4	100
11/05/2015 22:45	73.9	71	64.4	67.2	69.5	4	100
11/05/2015 22:50	73.7	71.4	67.2	64	69.5	4	100
11/05/2015 22:55	74.9	71.1	68.2	62.5	69.8	4	100
11/05/2015 23:00	74.7	71.4	65.4	64.4	69.5	4	100
11/05/2015 23:05	75.9	71	63.5	65	69.3	4	100
11/05/2015 23:10	76.9	71.7	62.7	61.2	68.7	4	100
11/05/2015 23:15	75.8	69.4	65.4	62.8	68.5	4	100
11/05/2015 23:20	75.8	70.5	65.2	60.5	68.6	4	100
11/05/2015 23:25	75.8	70.5	64.1	59.7	68.2	4	100
11/05/2015 23:30	77.6	70.6	68.1	57.8	69	4	100
11/05/2015 23:35	76.3	71.5	65	61.7	68.8	4	100
11/05/2015 23:40	76	70.9	66.9	63.1	69.8	4	100
11/05/2015 23:45	76.2	72.3	73.4	63.9	71.8	4	100
11/05/2015 23:50	76.7	70.5	67.8	62.9	70.5	4	100
11/05/2015 23:55	76.6	69.4	63	64.2	68.4	4	100
11/06/2015 00:00	74.8	70	67.7	62.8	68.9	4	100
11/06/2015 00:05	74.6	70	63.9	63.7	68.2	4	100
11/06/2015 00:10	75.3	74	64.4	64	69.1	4	100
11/06/2015 00:15	70.7	67.3	62.1	58.8	64.9	4	0
11/06/2015 00:20	71.4	68.1	63	59.7	65.8	4	0
11/06/2015 00:25	74.8	69.1	49.4	62.8	62.8	4	100
11/06/2015 00:30	74.4	71.1	60.6	62.6	67.4	4	100
11/06/2015 00:35	74.8	72.2	59	63.1	67.4	4	100
11/06/2015 00:40	74.7	71.3	59.7	62.5	67.6	4	100
11/06/2015 00:45	75.1	72.2	65	64.7	69.6	4	100
11/06/2015 00:50	75.2	72.2	66.4	62	69.3	4	100
11/06/2015 00:55	75.1	71.2	62.9	62.6	67.9	4	100
11/06/2015 01:00	74.9	70.3	60.4	63.2	66.9	4	100
11/06/2015 01:05	74.8	69.4	59.4	61.8	66.2	4	100
11/06/2015 01:10	75	62.6	55.8	60.7	63.6	4	100
11/06/2015 01:15	75	67.2	45.4	62.6	60.1	4	100
11/06/2015 01:20	68.7	65.4	60	57	62.7	4	0
11/06/2015 01:25	70.4	67	61.5	58.6	64.5	4	0
11/06/2015 01:30	67.5	64.3	58.8	55.9	61.6	4	0
11/06/2015 01:35	68.5	65.3	59.8	56.9	62.7	4	0
11/06/2015 01:40	70.2	66.9	61.4	58.5	64.4	4	0
11/06/2015 01:45	74.8	71	67.4	62.8	70.5	4	100
11/06/2015 01:50	74.9	71.1	67.6	62.9	70	4	100
11/06/2015 01:55	70.4	66.9	61.5	58.5	64.4	4	0
11/06/2015 02:00	70.2	66.8	61.3	58.4	64.2	4	0
11/06/2015 02:05	70.3	66.9	61.4	58.5	64.1	4	0
11/06/2015 02:10	70.4	66.9	61.5	58.5	64.1	4	0
11/06/2015 02:15	74.8	71	67.4	62.8	69.5	4	100
11/06/2015 02:20	74.8	71.8	68.2	62.8	71.6	4	100
11/06/2015 02:25	74.8	71.1	70.1	63.1	68.6	4	100
11/06/2015 02:30	69.9	66.6	61.1	58.2	63.9	4	0
11/06/2015 02:35	69.9	66.5	61.1	58.2	63.8	4	0
11/06/2015 02:40	69.9	66.5	61.1	58.2	63.8	4	0
11/06/2015 02:45	70.3	66.9	61.4	58.5	64.1	4	0
11/06/2015 02:50	70.4	67	61.5	58.6	64.2	4	0
11/06/2015 02:55	70.4	66.9	61.5	58.5	64	4	0
11/06/2015 03:00	74.8	71	67.4	62.8	68.3	4	100
11/06/2015 03:05	74.8	70.8	68.9	63.5	68.4	4	100
11/06/2015 03:10	74.8	70.5	69.7	65.6	68.7	4	100
11/06/2015 03:15	69.9	66.5	61.1	58.2	63.5	4	0
11/06/2015 03:20	74.8	71	67.4	62.8	69.2	4	100
11/06/2015 03:25	74.7	70.4	69.9	63.1	69.9	4	100
11/06/2015 03:30	74.6	69.8	63.4	62.6	66.8	4	100
11/06/2015 03:35	74.8	70.7	49.8	63.2	62.1	4	100
11/06/2015 03:40	74.8	71.4	57.8	63.2	65.3	4	100
11/06/2015 03:45	74.8	71.1	55.8	62.9	65.9	4	100
11/06/2015 03:50	74.7	71.2	56.9	62.4	64.9	4	100
11/06/2015 03:55	74.8	69.4	49.7	63.2	63.5	4	100
11/06/2015 04:00	75	70.2	56	63.1	64.7	4	100
11/06/2015 04:05	74.9	70.1	60	62.6	66.4	4	100
11/06/2015 04:10	74.8	70.3	58.3	63.1	65.4	4	100
11/06/2015 04:15	74.8	71.8	62.8	62.9	68.2	4	100
11/06/2015 04:20	74.9	70.7	60.2	60.7	66	4	100
11/06/2015 04:25	74.6	71.8	60	61.8	66.2	4	100
11/06/2015 04:30	74.5	71.1	63.1	61.6	68.4	4	100
11/06/2015 04:35	74.6	71.3	66.1	60.6	67.9	4	100
11/06/2015 04:40	74.8	70	62.9	61.2	67.9	4	100
11/06/2015 04:45	74.7	68.6	64.1	62	67.3	4	100
11/06/2015 04:50	75.1	67.2	68.8	62.9	68.6	4	100
11/06/2015 04:55	75.3	67.9	64.9	62.5	67.7	4	100
11/06/2015 05:00	75.6	71.7	61.2	58.2	67.2	4	100
11/06/2015 05:05	75.5	71.8	61.5	62.9	67.4	4	100
11/06/2015 05:10	75.4	69.2	59.1	62.3	66	4	100
11/06/2015 05:15	74.7	67	56.4	61.1	64.4	4	100
11/06/2015 05:20	74.5	67.1	60.2	62.4	66.3	4	100
11/06/2015 05:25	75	69.4	61	58.7	66.8	4	100
11/06/2015 05:30	75.8	69.1	64.7	59.3	67.8	4	100
11/06/2015 05:35	75.6	68.5	66.5	59.2	68	4	100
11/06/2015 05:40	75.5	69.6	63.6	58.7	67.5	4	100
11/06/2015 05:45	74.7	67.4	63.8	59.8	67.2	4	100
11/06/2015 05:50	75.1	68.5	66.8	62.5	69	4	100
11/06/2015 05:55	74.7	67.6	66.6	62.2	68.3	4	100
11/06/2015 06:00	74.5	67.9	62.2	63.5	67.6	4	100
11/06/2015 06:05	75.1	69.3	65.6	63.5	68.7	4	100
11/06/2015 06:10	73.9	67.9	66.7	59.3	67.7	4	100
11/06/2015 06:15	74.5	69.1	63.3	61.8	68	4	100
11/06/2015 06:20	74	70.4	64.2	59.4	67.9	4	100
11/06/2015 06:25	73.2	68.8	64.3	60.2	66.9	4	100
11/06/2015 06:30	73	68.6	62	61.5	66.7	4	100
11/06/2015 06:35	72.3	68.5	64.4	60.4	66.7	4	100
11/06/2015 06:40	71.3	67.4	60.6	57	64.8	4	100
11/06/2015 06:45	71.2	66.1	58.4	55	63.2	4	100
11/06/2015 06:50	72	66.3	60.9	56.2	64.5	4	100
11/06/2015 06:55	72.9	68.3	62.5	57.5	65.9	4	100
11/06/2015 07:00	72	68.3	60.1	54.6	64.3	4	100
11/06/2015 07:05	72.8	67.7	61.4	56	65.2	4	100
11/06/2015 07:10	71.7	66.2	62	55.9	64.8	4	100
11/06/2015 07:15	71.4	66	64.4	56.9	65.6	4	100
11/06/2015 07:20	72.4	67.4	66.3	58.2	66.6	4	100
11/06/2015 07:25	69.9	65	63.7	55.4	64.1	4	100
11/06/2015 07:30	65.9	59.8	52	45.6	56.9	4	100
11/06/2015 07:35	69	62.5	55.3	48.8	60	4	100
11/06/2015 07:40	68.4	63.4	58.4	50.1	60.9	4	100
11/06/2015 07:45	69.5	65.3	62.4	53.8	63.4	4	100
11/06/2015 07:50	69.6	63.8	62.7	52.8	63.1	4	100
11/06/2015 07:55	68.7	63.3	60.8	50.5	61.8	4	100
11/06/2015 08:00	62.6	52.9	43.7	45.3	52.2	4	100
11/06/2015 08:05	61.7	51	31.7	40.9	48.2	4	100
11/06/2015 08:10	57.2	54.7	48.8	47.2	52.4	4	0
11/06/2015 08:15	54.6	47.8	28.4	36.3	43	4	100
11/06/2015 08:20	61.2	55.7	43.2	42.7	51.3	4	100
11/06/2015 08:25	64.1	58.4	44.9	41.8	53.4	4	100
11/06/2015 08:30	62.3	57.6	44.7	44	53.4	4	100
11/06/2015 08:35	65.6	60.9	52.7	49.8	58	4	100
11/06/2015 08:40	68.6	62.7	55.8	51.1	60.2	4	100
11/06/2015 08:45	69.3	64.4	60.6	51	62	4	100
11/06/2015 08:50	70.8	66.3	64.1	51.1	63.8	4	100
11/06/2015 08:55	71.4	66.4	62.1	53.7	64.3	4	100
11/06/2015 09:00	71.4	66.8	61.4	52.1	63.6	4	100
11/06/2015 09:05	70.7	65.2	62.2	50.2	62.9	4	100
11/06/2015 09:10	71.2	66.2	61.1	51.8	63.7	4	100
11/06/2015 09:15	71.2	66.4	61.8	50	63.6	4	100
11/06/2015 09:20	71.7	67.7	61.9	50.4	64.1	4	100
11/06/2015 09:25	71.4	67.2	61.9	50.4	63.7	4	100
11/06/2015 09:30	69.9	64.5	59.1	53.7	62.5	4	100
11/06/2015 09:35	70.9	66	61.6	52.5	63.4	4	100
11/06/2015 09:40	71.3	66.8	62.9	54.4	64.1	4	100
11/06/2015 09:45	71.5	64.5	60.4	52.4	62.9	4	100
11/06/2015 09:50	70.8	64.7	60.3	53.1	62.9	4	100
11/06/2015 09:55	71.1	65.2	58	52.8	62.6	4	100
11/06/2015 10:00	72.3	66	57.3	53	62.5	4	100
11/06/2015 10:05	71	64.7	55.7	51.2	61.8	4	100
11/06/2015 10:10	70.5	64.9	57.6	50.2	61.5	4	100
11/06/2015 10:15	69.5	63.3	58.9	48.6	61.2	4	100
11/06/2015 10:20	69.7	64.8	58.9	49.5	61.5	4	100
11/06/2015 10:25	70.4	64.9	58.4	48	61.2	4	100
11/06/2015 10:30	69.2	64.5	59.3	45.6	61	4	100
11/06/2015 10:35	69.5	63.6	57.7	49	60.6	4	100
11/06/2015 10:40	70.5	64.2	57.1	50	60.8	4	100
11/06/2015 10:45	70.4	64.2	56	50.2	61	4	100
11/06/2015 10:50	70.5	62.9	57.1	50.5	60.4	4	100
11/06/2015 10:55	69.1	62.3	54.6	47.7	59.2	4	100
11/06/2015 11:00	70.8	63.4	55	52	61.2	4	100
11/06/2015 11:05	69.6	64.1	53.6	50.5	60.2	4	100
11/06/2015 11:10	69.9	63.1	54.3	51.2	60	4	100
11/06/2015 11:15	70.7	63.5	55.3	50.2	60.8	4	100
11/06/2015 11:20	70.1	63.1	56.3	48.5	60.4	4	100
11/06/2015 11:25	69.6	63.1	58.9	46.9	61	4	100
11/06/2015 11:30	70.3	65	58.9	48.2	61.2	4	100
11/06/2015 11:35	70.3	63.9	57.6	50.2	61.4	4	100
11/06/2015 11:40	69.9	64.7	57.7	47.6	61.2	4	100
11/06/2015 11:45	69.1	62.5	55.2	47.1	59	4	100
11/06/2015 11:50	67.8	62.2	55	49.5	59.4	4	100
11/06/2015 11:55	68	63.8	57.3	48.3	59.9	4	100
11/06/2015 12:00	68.8	63.7	57.8	53.5	61.7	4	100
11/06/2015 12:05	68.7	63.6	57.2	50.4	60.8	4	100
11/06/2015 12:10	67.8	62.3	56.2	55.3	61	4	100
11/06/2015 12:15	67.9	63.1	59.8	51.3	61.3	4	100
11/06/2015 12:20	66.6	59.1	56.8	48.9	58.3	4	100
11/06/2015 12:25	63.6	60	55.3	50.9	57.9	4	100
11/06/2015 12:30	63	59.3	57.9	48.1	57.5	4	100
11/06/2015 12:35	62.4	60.7	57.4	45.1	56.7	4	100
11/06/2015 12:40	62.1	59.3	57.6	46.4	56.7	4	100
11/06/2015 12:45	61.6	58.2	53.5	46.2	55.5	4	100
11/06/2015 12:50	62	59.1	53.8	45.5	56.1	4	100
11/06/2015 12:55	61.2	58.2	58.1	46.1	56.1	4	100
11/06/2015 13:00	60.3	58.1	53.5	45	54.8	4	100
11/06/2015 13:05	60	58.1	51.4	44.6	54.3	4	100
11/06/2015 13:10	59.9	57.6	50.8	45.2	54.1	4	100
11/06/2015 13:15	58.9	57.3	50.6	43.1	53.2	4	100
11/06/2015 13:20	60.5	57.6	51.5	46.8	54.6	4	100
11/06/2015 13:25	61.7	58.7	52.7	48	55.7	4	100
11/06/2015 13:30	61.7	58.9	53.4	49.8	56.4	4	100
11/06/2015 13:35	61.1	57.8	51.9	47.8	55.3	4	100
11/06/2015 13:40	60.8	58.2	56.1	48.2	56.3	4	100
11/06/2015 13:45	61.9	58.9	58.4	49.1	57.5	4	100
11/06/2015 13:50	61.3	57.4	57.2	47	56.2	4	100
11/06/2015 13:55	61.3	57.3	56.7	45.5	55.9	4	100
11/06/2015 14:00	60.9	59.2	57.5	45.7	56.6	4	100
11/06/2015 14:05	42.6	48.7	47.1	41.8	45.5	4	100
11/06/2015 14:10	32.4	41	36.9	34.9	36.9	4	100
11/06/2015 14:15	22	29.6	30.3	31.5	28.8	4	100
11/06/2015 14:20	20.8	29.8	28.9	31.5	28.2	4	100
11/06/2015 14:25	17.2	26.5	29.2	30.2	26.4	4	100
11/06/2015 14:30	17.8	24.2	26	29.8	24.7	4	100
11/06/2015 14:35	16.4	25	24.5	28.4	24.1	4	100
11/06/2015 14:40	16.3	23	26.1	31.6	24.9	4	100
11/06/2015 14:45	13.6	19.9	23.6	30.7	22.5	4	100
11/06/2015 14:50	12.6	19.3	25	30.6	22.4	4	100
11/06/2015 14:55	10.8	17.8	25.1	29.2	21.5	4	100
11/06/2015 15:00	10.3	17.4	24.9	28.4	21.1	4	100
11/06/2015 15:05	11.5	17.9	24.9	29.1	21.5	4	100
11/06/2015 15:10	10.5	15.7	22.9	30.1	20.7	4	100
11/06/2015 15:15	9.1	15.9	21.4	27.4	19.5	4	100
11/06/2015 15:20	10.1	15	19.4	26	18.1	4	100
11/06/2015 15:25	12.4	20.3	22.3	24.8	20.4	4	100
11/06/2015 15:30	13.7	22.2	22.3	27.4	22	4	100
11/06/2015 15:35	11.9	19	24.5	25.2	20.7	4	100
11/06/2015 15:40	14	21.2	24.9	24.2	21.4	4	100
11/06/2015 15:45	11.7	16.8	21.4	22.9	18.8	4	100
11/06/2015 15:50	10	15.6	19.5	22.9	17.6	4	100
11/06/2015 15:55	11.3	16.5	23.4	23.6	19.1	4	100
11/06/2015 16:00	9.9	17.9	20.4	24.5	19.1	4	100
11/06/2015 16:05	9.3	13.9	18.2	22.3	16.6	4	100
11/06/2015 16:10	10.8	18	22.7	25.6	19.9	4	100
11/06/2015 16:15	8.9	15.4	20.9	25.6	18.7	4	100
11/06/2015 16:20	8.5	14.8	22.8	24.3	18.6	4	100
11/06/2015 16:25	9.5	14.4	19.3	24.2	17.4	4	100
11/06/2015 16:30	10.1	17.8	22.3	24.1	19.1	4	100
11/06/2015 16:35	10	22.1	23.9	23.2	20.7	4	100
11/06/2015 16:40	13.1	25.9	25.5	24.5	23.2	4	100
11/06/2015 16:45	10.8	23.1	22.3	23.5	21	4	100
11/06/2015 16:50	13.6	25.5	24.9	23.1	22.6	4	100
11/06/2015 16:55	13.4	24.3	25.4	23.3	22.5	4	100
11/06/2015 17:00	13.4	25.7	25	23.1	22.7	4	100
11/06/2015 17:05	11.7	22.9	25.2	24.7	22.1	4	100
11/06/2015 17:10	11.5	26.3	23.6	22.9	22.2	4	100
11/06/2015 17:15	11.4	27.6	24.7	24.5	23.6	4	100
11/06/2015 17:20	9.3	23.8	21.7	22.1	20.6	4	100
11/06/2015 17:25	8.3	20.7	19.6	22.6	19.2	4	100
11/06/2015 17:30	8.1	17.9	21.5	20.4	17.8	4	100
11/06/2015 17:35	7.2	14.2	19.9	23.4	17.5	4	100
11/06/2015 17:40	6.1	11.2	16.5	22.8	15.6	4	100
11/06/2015 17:45	13.5	17.8	21.2	22.4	18.9	4	100
11/06/2015 17:50	19.4	26.2	25.5	24.7	24.4	4	100
11/06/2015 17:55	15.8	23.4	26	24.9	23.1	4	100
11/06/2015 18:00	11.7	20.6	23.2	22.4	20.5	4	100
11/06/2015 18:05	10.1	18.1	20.2	23	18.6	4	100
11/06/2015 18:10	9.5	19.5	19.2	21.6	18.3	4	100
11/06/2015 18:15	8.9	17.8	19.5	21.5	17.7	4	100
11/06/2015 18:20	9.5	17.1	19.4	23	17.9	4	100
11/06/2015 18:25	11.5	18.9	22.6	23.5	19.5	4	100
11/06/2015 18:30	14.7	20	21.6	25.8	20.8	4	100
11/06/2015 18:35	13.1	19.1	23.1	26.4	21.1	4	100
11/06/2015 18:40	11.8	16	21.4	27.5	19.7	4	100
11/06/2015 18:45	14.2	19.2	23.2	25.7	20.8	4	100
11/06/2015 18:50	15.1	20.8	23.7	29.7	22.6	4	100
11/06/2015 18:55	14.6	23.8	25.3	29	23.8	4	100
11/06/2015 19:00	13.9	25.2	25.3	28.8	24.1	4	100
11/06/2015 19:05	18.9	25.2	28	33.5	26.6	4	100
11/06/2015 19:10	19	27.4	28.9	30.6	26.8	4	100
11/06/2015 19:15	25.6	31.6	32.3	34.2	31.1	4	100
11/06/2015 19:20	27.6	34	33.5	35.9	32.9	4	100
11/06/2015 19:25	22.9	32.7	33.6	33.7	31.2	4	100
11/06/2015 19:30	25	31.9	31.3	34.6	30.9	4	100
11/06/2015 19:35	28.6	36.3	33.2	37.2	34.1	4	100
11/06/2015 19:40	31.9	38.2	34.6	40.1	36.3	4	100
11/06/2015 19:45	34.2	39.2	34.8	37.7	36.7	4	100
11/06/2015 19:50	34.8	38.2	31.5	38.3	36	4	100
11/06/2015 19:55	31.5	37.9	34.9	40.6	36.2	4	100
11/06/2015 20:00	36.1	41.3	34.7	37.9	37.8	4	100
11/06/2015 20:05	48.6	50.4	44.5	43	47	4	100
11/06/2015 20:10	56.5	57.5	53.6	47.3	54.5	4	100
11/06/2015 20:15	61.3	59.6	58.4	50.9	58	4	100
11/06/2015 20:20	63.9	60	60.4	54.3	59.8	4	100
11/06/2015 20:25	64.3	62.4	63.6	54.2	61.5	4	100
11/06/2015 20:30	65.9	62.2	62	55.9	62.1	4	100
11/06/2015 20:35	66.4	64.3	64.7	56.4	63.6	4	100
11/06/2015 20:40	66.3	64.6	66.1	57	64.1	4	100
11/06/2015 20:45	66.7	65.3	66.2	58.5	64.7	4	100
11/06/2015 20:50	67.6	66.5	69	59.3	66.1	4	100
11/06/2015 20:55	68.3	67.3	69.1	59.2	66.8	4	100
11/06/2015 21:00	71.6	69.4	66.4	61	68	4	100
11/06/2015 21:05	73.6	70.4	65	62.8	68.3	4	100
11/06/2015 21:10	74.7	69.5	69.2	64.1	69.7	4	100
11/06/2015 21:15	74.4	68.8	66.2	62.2	68.5	4	100
11/06/2015 21:20	75.3	70.6	66.7	63.4	69.3	4	100
11/06/2015 21:25	75.9	70	65.1	63.9	69.3	4	100
11/06/2015 21:30	76.3	69.4	67.8	60.4	68.8	4	100
11/06/2015 21:35	76.2	68.2	65.3	58.9	67.6	4	100
11/06/2015 21:40	76.4	73.5	70.2	61.1	70.9	4	100
11/06/2015 21:45	76.1	71.7	68.2	62.3	69.9	4	100
11/06/2015 21:50	75.3	72.3	68.2	62.2	69.7	4	100
11/06/2015 21:55	75.6	74.4	70.2	63.8	71.4	4	100
11/06/2015 22:00	74.8	72.5	69.7	62.8	70.6	4	100
11/06/2015 22:05	74.9	70.6	65.9	62.4	68.7	4	100
11/06/2015 22:10	74.9	71	69.4	62.9	69.9	4	100
11/06/2015 22:15	73	69.8	69.3	61.2	68.6	4	100
11/06/2015 22:20	73.1	69.4	66	62.7	68.2	4	100
11/06/2015 22:25	73.4	68.9	65.7	60.8	67.6	4	100
11/06/2015 22:30	74.8	68.5	65.7	62.8	68.2	4	100
11/06/2015 22:35	75.2	66.8	65	64.2	67.9	4	100
11/06/2015 22:40	74.9	68.2	66.3	63	68.3	4	100
11/06/2015 22:45	75	68.5	68.8	62.2	69.1	4	100
11/06/2015 22:50	75.7	67.6	65.7	62.8	68.2	4	100
11/06/2015 22:55	75.9	68.7	65	64.7	68.6	4	100
11/06/2015 23:00	75.5	69.2	67.8	60.9	69	4	100
11/06/2015 23:05	74.9	66.8	62	59.4	66.1	4	100
11/06/2015 23:10	75.4	69.1	64.3	61.4	67.4	4	100
11/06/2015 23:15	75.1	69.5	61.8	61.7	67.3	4	100
11/06/2015 23:20	76	70.6	68	63.3	69.9	4	100
11/06/2015 23:25	74.5	70.7	64.4	60.5	67.9	4	100
11/06/2015 23:30	74.6	71.2	62.7	62.6	68	4	100
11/06/2015 23:35	74.5	70.6	63.3	63.1	68.4	4	100
11/06/2015 23:40	75.9	71.1	61	60.6	67.6	4	100
11/06/2015 23:45	76.5	70.1	64.5	61.1	68.4	4	100
11/06/2015 23:50	76.3	70.9	68.8	61.6	70.1	4	100
11/06/2015 23:55	76.2	70.4	69.2	63.8	70.1	4	100
11/07/2015 00:00	73.9	75.1	61	62.8	69	4	100
11/07/2015 00:05	69.4	66.1	60.7	57.7	63.7	4	0
11/07/2015 00:10	71.8	69.8	66.5	61.4	67.6	4	100
11/07/2015 00:15	69.3	65.9	60.5	57.7	63.6	4	0
11/07/2015 00:20	72.6	67.8	60.6	57.9	65.4	4	100
11/07/2015 00:25	73.3	70.2	66.1	61.5	68.4	4	100
11/07/2015 00:30	70.6	67.1	61.7	58.7	64.8	4	0
11/07/2015 00:35	73.4	69.2	54.4	61.7	65	4	100
11/07/2015 00:40	73.9	69.6	56.2	62.5	66.4	4	100
11/07/2015 00:45	73.9	70.4	62.4	62.7	67.2	4	100
11/07/2015 00:50	74.1	71	60.7	59.5	65.9	4	100
11/07/2015 00:55	74.2	73.1	64.7	62.7	69	4	100
11/07/2015 01:00	75	72.4	67.6	63.5	69.6	4	100
11/07/2015 01:05	75.2	69.9	66.7	62.2	68.2	4	100
11/07/2015 01:10	74.9	70.7	61.3	62.3	67.5	4	100
11/07/2015 01:15	74.5	71	61.8	63	67.7	4	100
11/07/2015 01:20	74.5	71.3	55.3	62	65.9	4	100
11/07/2015 01:25	74.8	71	57.8	63.3	66.6	4	100
11/07/2015 01:30	70.4	66.9	61.5	58.5	64.4	4	0
11/07/2015 01:35	74.8	71	67.4	62.8	68.7	4	100
11/07/2015 01:40	75	71	67.5	63.5	68.9	4	100
11/07/2015 01:45	74.9	72.5	71.8	62.4	71	4	100
11/07/2015 01:50	74.8	70.2	71.6	62.6	70.2	4	100
11/07/2015 01:55	74.7	71.4	73.1	59.4	70.1	4	100
11/07/2015 02:00	74.7	71.3	73.4	60.3	70.3	4	100
11/07/2015 02:05	74.9	72.9	64.9	60.9	68.7	4	100
11/07/2015 02:10	74.8	72.6	61.6	58.8	66.3	4	100
11/07/2015 02:15	74.8	71.3	62.1	60.5	66.4	4	100
11/07/2015 02:20	74.9	71.7	59	61.6	66.4	4	100
11/07/2015 02:25	74.7	70.8	63.4	61.5	66.9	4	100
11/07/2015 02:30	74.7	71	67	62.3	68.9	4	100
11/07/2015 02:35	74.8	69.5	61.7	62.6	66.9	4	100
11/07/2015 02:40	74.8	69.2	63	60.4	66.8	4	100
11/07/2015 02:45	74.8	69.6	65.3	61.6	67	4	100
11/07/2015 02:50	74.7	70.6	63	62.3	67.5	4	100
11/07/2015 02:55	74.7	70.8	65	61.7	68.3	4	100
11/07/2015 03:00	74.5	69.3	62.1	62.6	66.9	4	100
11/07/2015 03:05	74.5	69.4	58.5	62.5	65.2	4	100
11/07/2015 03:10	74.7	70	58.3	62.8	65.6	4	100
11/07/2015 03:15	74.7	69.3	58.8	62.6	65.4	4	100
11/07/2015 03:20	74.8	69.9	63.3	62.1	67.6	4	100
11/07/2015 03:25	74.9	71.1	60.4	63	65.8	4	100
11/07/2015 03:30	74.8	71.1	63.6	63.4	67.3	4	100
11/07/2015 03:35	74.9	70.9	60.8	62.8	66.8	4	100
11/07/2015 03:40	74.8	70.3	62.8	62.9	66.2	4	100
11/07/2015 03:45	74.8	70.7	61.4	62.5	66.2	4	100
11/07/2015 03:50	74.9	71.1	61.7	62.7	66.7	4	100
11/07/2015 03:55	74.7	71.3	63.6	62.3	67.8	4	100
11/07/2015 04:00	74.8	71.3	62.2	59.2	66.2	4	100
11/07/2015 04:05	74.9	71.1	59.6	61.3	65.8	4	100
11/07/2015 04:10	74.7	70.9	60.5	62.4	66.5	4	100
11/07/2015 04:15	74.9	70.3	63.4	62.7	67.2	4	100
11/07/2015 04:20	74.8	69.8	65.9	63.3	67.8	4	100
11/07/2015 04:25	74.9	70.8	62.8	61.7	67.2	4	100
11/07/2015 04:30	70.7	67.3	61.8	58.8	64.5	4	0
11/07/2015 04:35	74.8	71	67.4	62.8	68.8	4	100
11/07/2015 04:40	74.9	71.8	65	62.7	68.5	4	100
11/07/2015 04:45	74.7	69.4	68.7	63.1	69.2	4	100
11/07/2015 04:50	74.9	69.1	64.3	62.6	67.4	4	100
11/07/2015 04:55	74.9	69.3	63.6	63.2	67.3	4	100
11/07/2015 05:00	74.8	68.6	63	63.7	67.5	4	100
11/07/2015 05:05	74.9	70	66.7	62.9	68.7	4	100
11/07/2015 05:10	74.6	71.2	70.5	63.2	70.7	4	100
11/07/2015 05:15	74.8	72.6	71.1	61.9	70.8	4	100
11/07/2015 05:20	75.1	70.9	70.4	62.9	70.6	4	100
11/07/2015 05:25	74.8	73.5	72.1	61.2	71.6	4	100
11/07/2015 05:30	74.6	72.4	69.5	62.1	70.4	4	100
11/07/2015 05:35	74.8	70.9	68.6	62.7	69.5	4	100
11/07/2015 05:40	74.5	71.8	70.9	63.5	70.5	4	100
11/07/2015 05:45	74	72.7	65	62.7	69.1	4	100
11/07/2015 05:50	74.7	70.8	61.9	62.2	67.7	4	100
11/07/2015 05:55	74.9	70.8	61.2	63.5	67.9	4	100
11/07/2015 06:00	75	69.8	65	63.3	68.3	4	100
11/07/2015 06:05	74.1	68.2	58.1	60.1	65.9	4	100
11/07/2015 06:10	74.6	69.8	56.6	61.6	65.8	4	100
11/07/2015 06:15	76.7	72.7	58.8	63.9	68.5	4	100
11/07/2015 06:20	76	73.6	60.4	63.5	68.6	4	100
11/07/2015 06:25	75.9	71.4	62.9	60.9	68.7	4	100
11/07/2015 06:30	76	71.5	57.1	62.9	67	4	100
11/07/2015 06:35	76.5	70.9	62.1	58.3	67.7	4	100
11/07/2015 06:40	75.6	69.5	64.7	63	68.4	4	100
11/07/2015 06:45	75.7	70	66.3	58.5	68.2	4	100
11/07/2015 06:50	75.3	71.4	66.2	62.5	69.5	4	100
11/07/2015 06:55	75	69.6	65.6	64.8	69.2	4	100
11/07/2015 07:00	75.3	70.2	65.7	64.3	69.4	4	100
11/07/2015 07:05	75.3	67.9	62.9	64.1	67.7	4	100
11/07/2015 07:10	75.1	66.8	63.6	59.2	67.1	4	100
11/07/2015 07:15	75.4	67.6	65.1	60.4	67.6	4	100
11/07/2015 07:20	74.5	66.2	66.6	60.6	67.4	4	100
11/07/2015 07:25	74.1	67.6	62.8	59.8	67.1	4	100
11/07/2015 07:30	75.3	67.9	60.4	58.5	66.3	4	100
11/07/2015 07:35	73.8	67.4	62.9	55.4	65.3	4	100
11/07/2015 07:40	74.4	66.9	61.9	57.3	65.5	4	100
11/07/2015 07:45	71.1	65.6	61.4	55.7	64.2	4	100
11/07/2015 07:50	72.5	67.5	60.2	57.6	65.1	4	100
11/07/2015 07:55	72.8	66.8	63	58.1	66	4	100
11/07/2015 08:00	73	64.7	60.4	58.3	64.9	4	100
11/07/2015 08:05	73	66.7	64.6	58.7	66.4	4	100
11/07/2015 08:10	72.3	67	63.5	56.2	65.4	4	100
11/07/2015 08:15	71.4	65.3	61.9	58.1	64.7	4	100
11/07/2015 08:20	72.2	65.1	62.2	56.9	64.9	4	100
11/07/2015 08:25	72.4	66.1	61.6	59.5	65.4	4	100
11/07/2015 08:30	73.8	66.5	63.2	59.3	66.2	4	100
11/07/2015 08:35	72.8	66.7	61.1	58.6	65.4	4	100
11/07/2015 08:40	73.7	66.8	63.1	57.9	65.9	4	100
11/07/2015 08:45	74.5	66.4	63.1	59.4	66.4	4	100
11/07/2015 08:50	73.7	65.6	63.4	57.8	65.9	4	100
11/07/2015 08:55	73.9	66.6	61.4	57.3	65.4	4	100
11/07/2015 09:00	73.7	67.5	68.7	53.7	66.8	4	100
11/07/2015 09:05	73.4	68.2	65.3	56.9	67	4	100
11/07/2015 09:10	73	67.2	64.6	58.6	66.5	4	100
11/07/2015 09:15	71.8	67.9	63.2	57.7	66	4	100
11/07/2015 09:20	72.1	67.3	64.7	57.2	66	4	100
11/07/2015 09:25	71.1	66.3	65.2	56.5	65.4	4	100
11/07/2015 09:30	71.3	65.3	61.7	53.7	64	4	100
11/07/2015 09:35	71.4	64.7	62.3	57.5	64.8	4	100
11/07/2015 09:40	70.6	65.4	61.8	56.1	63.8	4	100
11/07/2015 09:45	70.8	64.6	64.2	58.2	64.8	4	100
11/07/2015 09:50	71.3	65.5	63	58.1	65.1	4	100
11/07/2015 09:55	72	66.6	63.9	56.6	65.5	4	100
11/07/2015 10:00	70.8	65.4	62.1	56.7	64.4	4	100
11/07/2015 10:05	71.1	65.1	61.2	54.3	63.6	4	100
11/07/2015 10:10	70.2	66	62.6	55.7	64.3	4	100
11/07/2015 10:15	71.1	66.6	61.5	55.8	64.3	4	100
11/07/2015 10:20	71.4	65.2	61.1	55.7	63.9	4	100
11/07/2015 10:25	72.2	65.3	65.7	56.9	65.4	4	100
11/07/2015 10:30	71.3	63.7	65.2	58.9	65.5	4	100
11/07/2015 10:35	71.5	63.3	63.8	58.2	64.7	4	100
11/07/2015 10:40	70.9	64.5	61.7	57.5	64.2	4	100
11/07/2015 10:45	69.9	64.5	63.1	56.8	63.9	4	100
11/07/2015 10:50	70.7	65.3	62.5	55.6	64.1	4	100
11/07/2015 10:55	70.7	64.4	61.3	56.1	63.6	4	100
11/07/2015 11:00	71	63.4	59.5	53.9	62.8	4	100
11/07/2015 11:05	71.5	64.8	64.1	54.3	64.3	4	100
11/07/2015 11:10	71.3	65.2	64.2	58.3	65.2	4	100
11/07/2015 11:15	69.9	64.9	61	54.2	63.2	4	100
11/07/2015 11:20	68.9	64.5	59.6	53.7	62.4	4	100
11/07/2015 11:25	68.6	64.9	60.6	52.6	62.2	4	100
11/07/2015 11:30	68	63.2	59.6	54.6	61.7	4	100
11/07/2015 11:35	69.1	64	60	54.2	62.3	4	100
11/07/2015 11:40	68.7	63.6	60.2	54.7	62.4	4	100
11/07/2015 11:45	69.8	65	61.6	56.2	63.5	4	100
11/07/2015 11:50	69.5	65.8	63.8	56	63.9	4	100
11/07/2015 11:55	70.1	66.4	63.7	55.9	64.6	4	100
11/07/2015 12:00	69.7	66.9	64.9	55.7	65	4	100
11/07/2015 12:05	70.8	65.8	65.2	55.7	64.8	4	100
11/07/2015 12:10	69.6	64.4	64.2	55.2	63.6	4	100
11/07/2015 12:15	65.2	59.2	53.8	49.5	57.1	4	100
11/07/2015 12:20	55.1	52.3	43.7	44.6	49.5	4	100
11/07/2015 12:25	62.8	59.8	53.3	50.7	57	4	100
11/07/2015 12:30	65.9	61.8	54.6	53.2	59	4	100
11/07/2015 12:35	67.9	64.3	60.3	54.4	62	4	100
11/07/2015 12:40	69.2	64.8	63.8	54.6	63.3	4	100
11/07/2015 12:45	71.5	65.7	65.1	55.5	64.7	4	100
11/07/2015 12:50	72.1	68.4	65	57.4	66	4	100
11/07/2015 12:55	70.1	65.4	64.3	56.7	64.2	4	100
11/07/2015 13:00	70.9	66	62.8	57.3	64.5	4	100
11/07/2015 13:05	71.5	65.9	64.8	55.6	64.5	4	100
11/07/2015 13:10	70.5	65.5	65.8	58	65.6	4	100
11/07/2015 13:15	70.4	64.6	64.7	55.1	64.1	4	100
11/07/2015 13:20	69.7	64.5	63.9	57.2	64.2	4	100
11/07/2015 13:25	68.8	62.6	64.2	57.5	63.4	4	100
11/07/2015 13:30	68.7	63.7	65	55.4	63.4	4	100
11/07/2015 13:35	67.6	64	65.4	56	63.7	4	100
11/07/2015 13:40	67.2	64.9	63.8	56.5	63.5	4	100
11/07/2015 13:45	68.4	64.1	64.3	54.7	63	4	100
11/07/2015 13:50	68.5	63.6	63.8	53.5	62.7	4	100
11/07/2015 13:55	68.2	64.1	61.5	52.2	62	4	100
11/07/2015 14:00	68.1	64.3	62.1	53.4	62.5	4	100
11/07/2015 14:05	67.9	63.7	61.7	53.1	62.2	4	100
11/07/2015 14:10	68.2	65.2	62.6	54.5	63.2	4	100
11/07/2015 14:15	68.4	61.8	63.3	55.3	62.4	4	100
11/07/2015 14:20	68.7	63.3	62	54.4	62.1	4	100
11/07/2015 14:25	68.7	63.9	63	54.7	63.2	4	100
11/07/2015 14:30	69.4	64.5	63.7	55.2	63.4	4	100
11/07/2015 14:35	69	63.7	64.3	53.7	63.1	4	100
11/07/2015 14:40	69.3	64.2	65.7	55.3	64.2	4	100
11/07/2015 14:45	68.1	62.2	62.3	52.8	61.7	4	100
11/07/2015 14:50	68.9	63.4	63.6	53	62.5	4	100
11/07/2015 14:55	68.7	64.2	64.3	54.4	63.1	4	100
11/07/2015 15:00	68	64.4	64	54.9	63	4	100
11/07/2015 15:05	68.6	64.6	63.2	53.7	62.9	4	100
11/07/2015 15:10	68.6	64.6	62.6	53.5	62.5	4	100
11/07/2015 15:15	67	62.2	58.7	53.4	60.8	4	100
11/07/2015 15:20	67.7	63.8	61.7	55	62.1	4	100
11/07/2015 15:25	68.3	65.9	63.1	54.8	63.4	4	100
11/07/2015 15:30	68.1	65.4	64	54.8	63.6	4	100
11/07/2015 15:35	68.9	66.5	65.5	54.9	64.3	4	100
11/07/2015 15:40	67.9	64.4	64.3	54.7	62.9	4	100
11/07/2015 15:45	67.4	63.6	63.1	53.1	62.4	4	100
11/07/2015 15:50	62.8	60.6	57.2	50.8	58	4	100
11/07/2015 15:55	63.6	59.3	56.4	47.8	57	4	100
11/07/2015 16:00	65.4	61.9	59.4	49.7	59.6	4	100
11/07/2015 16:05	61.8	59.6	53.9	46	55.6	4	100
11/07/2015 16:10	63.7	62	56.3	48.5	58.3	4	100
11/07/2015 16:15	63	61.9	60	50.7	59.6	4	100
11/07/2015 16:20	64.5	61.5	62	52	60.3	4	100
11/07/2015 16:25	63.1	60.6	58.6	51.1	58.8	4	100
11/07/2015 16:30	56.6	57.1	49.9	45.4	52.7	4	100
11/07/2015 16:35	54.1	52.6	43.3	40.9	48.3	4	100
11/07/2015 16:40	56.6	54.2	47.3	44.6	51	4	100
11/07/2015 16:45	59.9	58	53.1	47.4	55.1	4	100
11/07/2015 16:50	63	60.7	58.3	50.9	58.6	4	100
11/07/2015 16:55	64.2	61.6	60.7	52.6	60	4	100
11/07/2015 17:00	63.7	60.4	60.9	52.8	59.8	4	100
11/07/2015 17:05	62.3	59	60.9	51.7	58.9	4	100
11/07/2015 17:10	59.1	55.2	46.9	41.5	51.1	4	100
11/07/2015 17:15	54.3	50	37.6	35	45	4	100
11/07/2015 17:20	51.3	48.9	29.7	29.8	41.6	4	100
11/07/2015 17:25	48.6	45.4	25.7	28.3	38.7	4	100
11/07/2015 17:30	53	51	39.5	37.8	45.6	4	100
11/07/2015 17:35	56.2	54.3	48.3	44.8	51.2	4	100
11/07/2015 17:40	50.8	46.8	34.8	35.9	42.9	4	100
11/07/2015 17:45	49.6	43.3	29.3	28.3	38.9	4	100
11/07/2015 17:50	49.3	41.8	24.6	26.7	37	4	100
11/07/2015 17:55	48.8	44.6	27.1	30	38.9	4	100
11/07/2015 18:00	50.4	48.9	27.4	34.5	41.6	4	100
11/07/2015 18:05	42.1	42.1	29.1	36.9	38.2	4	100
11/07/2015 18:10	51.6	50.8	42.7	44.2	47.7	4	100
11/07/2015 18:15	58.1	56.4	51.5	49.2	54	4	100
11/07/2015 18:20	58.8	56.8	47.2	49.3	53.4	4	100
11/07/2015 18:25	61.8	58.9	52.5	52.6	56.7	4	100
11/07/2015 18:30	63	59.6	57.2	55.3	59.1	4	100
11/07/2015 18:35	63.6	60.2	59.3	56	59.9	4	100
11/07/2015 18:40	65.6	61.9	62.2	58.6	62.2	4	100
11/07/2015 18:45	67.1	62.9	64.6	57.5	63.2	4	100
11/07/2015 18:50	65.6	63.1	63.2	57.8	62.8	4	100
11/07/2015 18:55	66	61.6	61.3	56.5	61.6	4	100
11/07/2015 19:00	66.5	61.1	61.5	56.3	61.8	4	100
11/07/2015 19:05	66.3	60.7	60	54.8	60.9	4	100
11/07/2015 19:10	67	63.3	63.8	55.9	63.2	4	100
11/07/2015 19:15	67	63	61.4	56.2	62.2	4	100
11/07/2015 19:20	67.6	63.9	63	56.4	63.2	4	100
11/07/2015 19:25	67.5	63.4	62.4	58	63.2	4	100
11/07/2015 19:30	68	62.7	63	56.7	62.9	4	100
11/07/2015 19:35	68.5	62.9	64.2	57.1	63.6	4	100
11/07/2015 19:40	68.3	62.8	63.5	56.7	63.1	4	100
11/07/2015 19:45	68.8	65.6	64.5	57.6	64.7	4	100
11/07/2015 19:50	68.5	64	61.7	56.9	63.3	4	100
11/07/2015 19:55	68.5	64	63.8	58.1	64.1	4	100
11/07/2015 20:00	68.5	65	65.6	59.2	64.9	4	100
11/07/2015 20:05	69	64.6	65.6	62	65.4	4	100
11/07/2015 20:10	68.6	63.2	65.5	59.7	64.5	4	100
11/07/2015 20:15	68.3	62.7	64.5	60.3	64.2	4	100
11/07/2015 20:20	69.2	64.7	63.4	59.6	64.4	4	100
11/07/2015 20:25	70.6	66.5	66.5	59.7	66.1	4	100
11/07/2015 20:30	70.8	65.2	62.3	61.1	65.3	4	100
11/07/2015 20:35	70.9	65.8	65.2	60.9	65.9	4	100
11/07/2015 20:40	69.8	65	63.8	61.4	65.2	4	100
11/07/2015 20:45	69.7	64.7	66	61	65.5	4	100
11/07/2015 20:50	71	64.8	66.2	60.2	65.7	4	100
11/07/2015 20:55	72.5	66	64.4	61.6	66.2	4	100
11/07/2015 21:00	73.2	69.1	63.7	62.8	67.5	4	100
11/07/2015 21:05	74	68.3	61.7	61.4	66.9	4	100
11/07/2015 21:10	75.2	67.3	63.9	60.9	66.9	4	100
11/07/2015 21:15	75.7	69.8	64.3	60.2	67.6	4	100
11/07/2015 21:20	74.6	70.6	66.7	61.3	68.7	4	100
11/07/2015 21:25	75.6	71.3	66.3	62.1	68.9	4	100
11/07/2015 21:30	75	69.9	66.4	60.2	68.1	4	100
11/07/2015 21:35	75.3	70.2	66.8	60.9	68.8	4	100
11/07/2015 21:40	74.3	69.4	67.9	61.6	68.7	4	100
11/07/2015 21:45	74.6	70.8	69.9	62.9	69.9	4	100
11/07/2015 21:50	74.4	69.7	64	63.2	68.5	4	100
11/07/2015 21:55	74.5	70.5	65.4	61.3	68.7	4	100
11/07/2015 22:00	75.1	69.7	67	61.5	68.7	4	100
11/07/2015 22:05	74.6	68.2	68	61.8	68.5	4	100
11/07/2015 22:10	74.6	67.8	65.4	63.7	68	4	100
11/07/2015 22:15	74	68.5	63.8	63.1	67.6	4	100
11/07/2015 22:20	74.4	69.1	65.6	62.7	68.4	4	100
11/07/2015 22:25	73.5	68.6	68.5	61.6	68.5	4	100
11/07/2015 22:30	74.4	69.1	70	62.2	69	4	100
11/07/2015 22:35	74.4	69	67.1	61.8	68.2	4	100
11/07/2015 22:40	74.3	67.6	64.2	62.8	67.2	4	100
11/07/2015 22:45	75	70.6	66.2	64.6	69.3	4	100
11/07/2015 22:50	75.7	70.6	68.1	64.9	70.1	4	100
11/07/2015 22:55	74.9	69.1	66.9	64.3	68.9	4	100
11/07/2015 23:00	74.7	70.2	66.9	61.7	69	4	100
11/07/2015 23:05	74.1	68.5	67.2	60.8	68.2	4	100
11/07/2015 23:10	75.2	68.5	68.4	59.4	68.5	4	100
11/07/2015 23:15	74.1	68.5	67.3	61.2	68.3	4	100
11/07/2015 23:20	73.9	69.7	64.4	62.3	68.1	4	100
11/07/2015 23:25	75.1	69.5	67.1	61	68.9	4	100
11/07/2015 23:30	74.7	69.4	69.7	59	68.8	4	100
11/07/2015 23:35	75	69.6	66.9	59.6	68.4	4	100
11/07/2015 23:40	74.8	69.5	65.2	61.9	68.4	4	100
11/07/2015 23:45	74.9	71.3	67.7	63.8	69.6	4	100
11/07/2015 23:50	77.6	70.3	65.1	63.9	69.8	4	100
11/07/2015 23:55	77.4	70.7	65.7	64.2	70.1	4	100
11/08/2015 00:00	76	68.4	63.3	66	68.5	4	100
11/08/2015 00:05	75.4	67.4	69.9	64.1	69	4	100
11/08/2015 00:10	75.1	69	70.2	64.3	70	4	100
11/08/2015 00:15	74.8	67.7	64.3	64.8	67.6	4	100
11/08/2015 00:20	74.7	66.7	66.5	63.8	68	4	100
11/08/2015 00:25	75.1	68.7	68.3	63.4	69.3	4	100
11/08/2015 00:30	75.3	69.4	67	60.7	68.5	4	100
11/08/2015 00:35	75.4	70.7	68.2	62.1	70.1	4	100
11/08/2015 00:40	75	69.6	72.1	62.6	70.5	4	100
11/08/2015 00:45	75.3	70	62.3	63.2	67.6	4	100
11/08/2015 00:50	75.7	70.3	61.9	64	67.9	4	100
11/08/2015 00:55	75	70.5	66.1	63.7	69.2	4	100
11/08/2015 01:00	71.4	67.9	62.6	59.3	65.4	4	0
11/08/2015 01:05	71	67.5	62	59	65	4	0
11/08/2015 01:10	70.4	66.9	61.5	58.5	64.4	4	0
11/08/2015 01:15	70.9	67.6	62.4	59.1	65.1	4	0
11/08/2015 01:20	70.5	67.1	61.9	58.7	64.7	4	0
11/08/2015 01:25	71.1	67.6	62.1	59.1	65	4	0
11/08/2015 01:30	70.4	67.1	61.8	58.7	64.7	4	0
11/08/2015 01:35	70.9	67.4	62	59	64.9	4	0
11/08/2015 01:40	71.1	67.6	62.3	59.1	65	4	0
11/08/2015 01:45	70.3	67	61.5	58.6	64.4	4	0
11/08/2015 01:50	70.5	67.2	62	58.8	64.5	4	0
11/08/2015 01:55	70.8	67.5	62.3	59.1	64.9	4	0
11/08/2015 02:00	70.2	66.9	61.6	58.5	64.3	4	0
11/08/2015 02:05	70.1	66.7	61.3	58.4	64.1	4	0
11/08/2015 02:10	70	66.7	61.4	58.2	64.1	4	0
11/08/2015 02:15	74.8	71	67.4	62.8	69	4	100
11/08/2015 02:20	70.6	67.3	62.1	58.8	64.7	4	0
11/08/2015 02:25	71	67.5	62.1	59	65	4	0
11/08/2015 02:30	70.2	66.9	61.6	58.5	64.2	4	0
11/08/2015 02:35	70.2	66.9	61.7	58.5	64.6	4	0
11/08/2015 02:40	69.5	66.2	60.9	57.8	63.5	4	0
11/08/2015 02:45	70	66.7	61.4	58.3	64	4	0
11/08/2015 02:50	70.4	66.9	61.5	58.5	64.1	4	0
11/08/2015 02:55	70.5	67.1	61.6	58.7	64.5	4	0
11/08/2015 03:00	70.5	67.1	61.7	58.7	64.6	4	0
11/08/2015 03:05	70.4	67	61.5	58.6	64.3	4	0
11/08/2015 03:10	70.4	66.9	61.5	58.5	64.3	4	0
11/08/2015 03:15	70.4	67	61.5	58.6	64.3	4	0
11/08/2015 03:20	70.5	67.1	61.6	58.7	64.2	4	0
11/08/2015 03:25	70.3	66.9	61.4	58.5	64.3	4	0
11/08/2015 03:30	70.4	66.9	61.5	58.5	64.2	4	0
11/08/2015 03:35	70	66.7	61.3	58.3	64	4	0
11/08/2015 03:40	70.4	67	61.5	58.6	64.5	4	0
11/08/2015 03:45	70.3	66.9	61.4	58.5	64.4	4	0
11/08/2015 03:50	74.8	71	67.4	62.8	68.8	4	100
11/08/2015 03:55	74.6	70.8	69.8	63.5	69.9	4	100
11/08/2015 04:00	70.1	66.6	61.2	58.3	64.2	4	0
11/08/2015 04:05	74.8	71	67.4	62.8	68	4	100
11/08/2015 04:10	74.9	70.8	66.7	63.1	68.9	4	100
11/08/2015 04:15	74.9	71	65.1	63	68.8	4	100
11/08/2015 04:20	74.6	70.6	64.8	62.9	69.1	4	100
11/08/2015 04:25	74.8	70.4	66.8	62.5	68.8	4	100
11/08/2015 04:30	74.8	70.4	64.8	62.7	68.1	4	100
11/08/2015 04:35	74.9	70.2	56.3	63	65.2	4	100
11/08/2015 04:40	74.8	69.7	61.6	63.2	66.7	4	100
11/08/2015 04:45	74.8	70.5	65.7	62.7	68.1	4	100
11/08/2015 04:50	74.8	70.5	66.3	63	67.8	4	100
11/08/2015 04:55	74.8	70.1	63.2	63.2	67.3	4	100
11/08/2015 05:00	74.7	69.9	66.3	63	67.9	4	100
11/08/2015 05:05	69.4	66.1	60.7	57.8	63.5	4	0
11/08/2015 05:10	69.7	66.3	60.9	58	63.7	4	0
11/08/2015 05:15	70.1	66.7	61.3	58.4	63.9	4	0
11/08/2015 05:20	74.8	71	67.4	62.8	69	4	100
11/08/2015 05:25	74.8	68.5	68.3	61.9	68.4	4	100
11/08/2015 05:30	74.9	67.9	69.7	62	67.9	4	100
11/08/2015 05:35	74.9	69.7	69.8	61.5	69.4	4	100
11/08/2015 05:40	75	69.9	69.9	62.3	69.6	4	100
11/08/2015 05:45	74.8	69.2	62.5	61	66.6	4	100
11/08/2015 05:50	74.9	70.3	66	62.8	68.5	4	100
11/08/2015 05:55	74.9	70.4	70.6	61	69.5	4	100
11/08/2015 06:00	74.8	70	70.2	61.6	69.4	4	100
11/08/2015 06:05	74.2	70.6	62.2	63.3	67.8	4	100
11/08/2015 06:10	74.5	71.8	62.2	63.1	68	4	100
11/08/2015 06:15	73.7	70.8	63	63.9	68.1	4	100
11/08/2015 06:20	74.5	68.3	63.8	62.9	66.9	4	100
11/08/2015 06:25	75.4	70.2	70	63.1	70.3	4	100
11/08/2015 06:30	74.3	69.8	64.9	63.8	68.3	4	100
11/08/2015 06:35	74.9	70.3	63.8	64.4	68.7	4	100
11/08/2015 06:40	74.2	71.7	61.2	63.2	68	4	100
11/08/2015 06:45	74.7	71.4	58.8	62.4	66.8	4	100
11/08/2015 06:50	74.5	69.5	59.6	63.6	67.5	4	100
11/08/2015 06:55	74.5	70.5	62.9	62.5	68	4	100
11/08/2015 07:00	73.9	70.2	64.2	62.2	67.6	4	100
11/08/2015 07:05	74.8	69.8	69.3	64.2	69.4	4	100
11/08/2015 07:10	74.5	71	69.4	62.9	70.1	4	100
11/08/2015 07:15	74.4	68.8	65	61	67.5	4	100
11/08/2015 07:20	74.6	70.1	63.7	58.6	67.4	4	100
11/08/2015 07:25	74.8	68.6	64.2	62.7	67.3	4	100
11/08/2015 07:30	74.2	69.8	66	61	68.1	4	100
11/08/2015 07:35	74.5	69.3	68.7	59.4	67.9	4	100
11/08/2015 07:40	74.7	67.4	67.7	63.2	68	4	100
11/08/2015 07:45	74.4	67.9	66.7	64.1	68.1	4	100
11/08/2015 07:50	74.9	69	70.5	64.4	69.8	4	100
11/08/2015 07:55	75.5	67.9	64	64.4	68.3	4	100
11/08/2015 08:00	72.7	68.8	68.5	65.7	68.8	4	100
11/08/2015 08:05	72.9	70.1	72.7	64.2	71.2	4	100
11/08/2015 08:10	73.2	70.2	70.6	63.1	69.5	4	100
11/08/2015 08:15	72.1	68.1	67.1	63.5	67.9	4	100
11/08/2015 08:20	72.3	70.4	68.6	63.9	69	4	100
11/08/2015 08:25	73.1	69.7	66.6	63.7	68.5	4	100
11/08/2015 08:30	73.2	70.2	62.2	63.1	67.4	4	100
11/08/2015 08:35	72.9	70.7	62.9	61	67.6	4	100
11/08/2015 08:40	73.7	71	66.5	63.8	68.9	4	100
11/08/2015 08:45	73.1	70.6	67.4	61.5	68.4	4	100
11/08/2015 08:50	73.2	69	69	62.9	69	4	100
11/08/2015 08:55	73.1	67.7	66.7	63.5	67.7	4	100
11/08/2015 09:00	73.1	67	65.5	61.9	67.3	4	100
11/08/2015 09:05	71.1	66.3	67	60.1	66.4	4	100
11/08/2015 09:10	71.6	68.2	66.3	59.2	66.9	4	100
11/08/2015 09:15	71.5	67.2	63.2	58.8	65.6	4	100
11/08/2015 09:20	70.6	67.5	63.8	61.2	66.2	4	100
11/08/2015 09:25	71.6	68.7	66.1	61.7	67.5	4	100
11/08/2015 09:30	72	67.2	66.5	61.3	67	4	100
11/08/2015 09:35	71.6	67.9	65.3	61.7	67.2	4	100
11/08/2015 09:40	72.8	66.7	65	60.7	66.4	4	100
11/08/2015 09:45	71.6	67.4	65.3	60.3	66.5	4	100
11/08/2015 09:50	71.3	67.6	67	61.2	67.4	4	100
11/08/2015 09:55	71.5	67.7	65.2	61.3	66.6	4	100
11/08/2015 10:00	71.7	68.1	64.5	61.3	66.7	4	100
11/08/2015 10:05	71.5	66.8	64.6	62.1	66.7	4	100
11/08/2015 10:10	71.5	66	67.2	62.3	66.9	4	100
11/08/2015 10:15	70.5	66.6	69.1	61.2	67.2	4	100
11/08/2015 10:20	70.9	66.7	66.9	60.3	66.7	4	100
11/08/2015 10:25	69.9	66.4	65.2	60.4	65.9	4	100
11/08/2015 10:30	69.7	66	63.9	59.8	65.1	4	100
11/08/2015 10:35	70.5	65.1	62.6	60	65	4	100
11/08/2015 10:40	71.3	65.7	63.8	58.4	65.3	4	100
11/08/2015 10:45	70.7	67	63.8	58.5	65.7	4	100
11/08/2015 10:50	69.7	67.4	62.6	57.8	64.8	4	100
11/08/2015 10:55	72	70	63.9	57.7	65.2	4	100
11/08/2015 11:00	72.8	66.9	64.7	59.6	66.3	4	100
11/08/2015 11:05	69.6	64.4	64	58.9	64.7	4	100
11/08/2015 11:10	66.6	62.5	60	56.2	61.6	4	100
11/08/2015 11:15	66.4	61.9	62.5	56.7	62.1	4	100
11/08/2015 11:20	67.9	62.4	62.4	57.4	62.7	4	100
11/08/2015 11:25	67.7	63	63.7	57	63.2	4	100
11/08/2015 11:30	69.8	64.1	64.9	56.3	64.1	4	100
11/08/2015 11:35	69.6	64	64.6	57.1	64.2	4	100
11/08/2015 11:40	70	66	65.9	57.4	65.1	4	100
11/08/2015 11:45	69.8	65.8	62.3	56.9	63.8	4	100
11/08/2015 11:50	72.5	68.4	69.1	58.4	67.5	4	100
11/08/2015 11:55	69.5	66.3	67.1	58.5	65.7	4	100
11/08/2015 12:00	67.1	66.4	63.7	56.8	64.1	4	100
11/08/2015 12:05	65.2	63.5	62.4	55.5	62	4	100
11/08/2015 12:10	67.3	64.2	64.8	57.2	63.8	4	100
11/08/2015 12:15	68.3	65.3	64.9	56.6	64.3	4	100
11/08/2015 12:20	69.7	65.4	63.9	56.7	64.2	4	100
11/08/2015 12:25	70.2	65.9	62.8	58.2	64.4	4	100
11/08/2015 12:30	69.5	64.7	63.6	57.7	63.7	4	100
11/08/2015 12:35	69.1	67.5	63	59.6	65.2	4	100
11/08/2015 12:40	69.8	67.5	64.7	60.3	65.9	4	100
11/08/2015 12:45	69.9	66.6	65.2	60.3	65.8	4	100
11/08/2015 12:50	69.3	66.2	64.3	60.6	65.5	4	100
11/08/2015 12:55	69.9	66.8	63.5	60.1	65.4	4	100
11/08/2015 13:00	70	66.8	63.7	59.5	65.3	4	100
11/08/2015 13:05	70.5	68.5	63.4	57.8	65.5	4	100
11/08/2015 13:10	68.8	66	61.8	55.9	63.9	4	100
11/08/2015 13:15	67.3	65.5	64.6	57.2	64	4	100
11/08/2015 13:20	68.2	66.4	65.1	58	64.7	4	100
11/08/2015 13:25	67.7	66.1	64.3	55.9	64.1	4	100
11/08/2015 13:30	67.6	65.4	64	57.8	63.9	4	100
11/08/2015 13:35	68.6	65.6	66.3	60.2	65.6	4	100
11/08/2015 13:40	68.4	64.6	64.5	58.6	64.2	4	100
11/08/2015 13:45	67.9	64.5	64.7	60.2	64.6	4	100
11/08/2015 13:50	68.1	65.2	65	60.3	64.7	4	100
11/08/2015 13:55	67.8	64.5	65.5	59.2	64.6	4	100
11/08/2015 14:00	68.7	65.1	63.8	57.9	64.3	4	100
11/08/2015 14:05	68.3	64.5	62.3	58.8	63.8	4	100
11/08/2015 14:10	68.2	66	63.3	58.8	64.5	4	100
11/08/2015 14:15	68.2	65.4	64.5	58.1	64.6	4	100
11/08/2015 14:20	68.8	66	66.2	58.5	65.4	4	100
11/08/2015 14:25	67.2	64.8	62.5	57.7	63.3	4	100
11/08/2015 14:30	66.8	63.7	63.4	56.1	62.9	4	100
11/08/2015 14:35	67.1	64.5	64.9	56.5	63.6	4	100
11/08/2015 14:40	67.9	63.3	66.1	58.8	64.3	4	100
11/08/2015 14:45	67.3	62.6	63.3	57.7	62.8	4	100
11/08/2015 14:50	66.5	62.4	63.8	58.5	63	4	100
11/08/2015 14:55	67	64.9	65.2	58.3	64.3	4	100
11/08/2015 15:00	67	64.9	65.4	58	64.2	4	100
11/08/2015 15:05	67.2	64.4	66.3	57.2	64.2	4	100
11/08/2015 15:10	68	65.8	67	59.4	65.5	4	100
11/08/2015 15:15	67.3	64.2	67	59.7	64.7	4	100
11/08/2015 15:20	66.7	62.8	64.7	57.9	63.4	4	100
11/08/2015 15:25	67.3	63.1	64.6	59.6	63.8	4	100
11/08/2015 15:30	66.3	63.4	63.4	56.5	62.8	4	100
11/08/2015 15:35	67	63.6	64.3	56.8	63.5	4	100
11/08/2015 15:40	68.6	64.4	65.5	55.6	63.7	4	100
11/08/2015 15:45	68	63.7	63	55	62.8	4	100
11/08/2015 15:50	66.9	62.2	61.9	56.5	62.2	4	100
11/08/2015 15:55	66.3	61.8	61.9	56.8	61.9	4	100
11/08/2015 16:00	65.6	60.8	62.3	56.6	61.8	4	100
11/08/2015 16:05	65.9	61.9	63	57.8	62.5	4	100
11/08/2015 16:10	66.8	62.9	62.7	58	63	4	100
11/08/2015 16:15	65.6	62.7	62.7	57.2	62.5	4	100
11/08/2015 16:20	65.5	63.1	62.5	57.5	62.4	4	100
11/08/2015 16:25	64.5	62.8	62.8	56.6	62.1	4	100
11/08/2015 16:30	65.5	64	61.2	57.7	62.5	4	100
11/08/2015 16:35	66.3	63.2	63.5	56.5	62.8	4	100
11/08/2015 16:40	66.9	63.5	63.7	58.7	63.5	4	100
11/08/2015 16:45	67.2	64.5	62.3	58.9	63.6	4	100
11/08/2015 16:50	66.4	63.2	62.4	58.8	63	4	100
11/08/2015 16:55	66.9	63.9	63.5	57	63.1	4	100
11/08/2015 17:00	67.2	65.2	63.9	58.6	64.2	4	100
11/08/2015 17:05	66.3	63.5	63.3	57.8	63.1	4	100
11/08/2015 17:10	65.5	63.6	63.4	58	62.9	4	100
11/08/2015 17:15	64.9	63	60.6	57.5	61.7	4	100
11/08/2015 17:20	65	62	60.5	56.6	61.3	4	100
11/08/2015 17:25	64.1	61.7	60.6	56.3	61.1	4	100
11/08/2015 17:30	63.8	61.1	59.3	54.8	60.1	4	100
11/08/2015 17:35	63.8	61.4	60.5	54.9	60.4	4	100
11/08/2015 17:40	63.5	61.3	61.5	53.6	60.4	4	100
11/08/2015 17:45	63.8	59.3	59.4	54.3	59.6	4	100
11/08/2015 17:50	63.6	60.3	57.5	54.7	59.3	4	100
11/08/2015 17:55	64.5	61.6	60.6	55.2	60.8	4	100
11/08/2015 18:00	63.4	63.2	60.4	55.9	61.4	4	100
11/08/2015 18:05	64.1	62.9	62.5	55.3	61.7	4	100
11/08/2015 18:10	63.5	62.4	62.6	55.3	61.3	4	100
11/08/2015 18:15	63.5	61.7	60.9	55.2	60.8	4	100
11/08/2015 18:20	64.2	61.2	61.9	54.4	60.9	4	100
11/08/2015 18:25	65	62	59.9	56.2	61.2	4	100
11/08/2015 18:30	64.9	62.9	63.3	57.3	62.5	4	100
11/08/2015 18:35	65.5	63.1	63.6	58.5	63.1	4	100
11/08/2015 18:40	65.7	62.5	62.1	58.6	62.3	4	100
11/08/2015 18:45	65.3	62.6	61.3	58.4	62.1	4	100
11/08/2015 18:50	64.8	62.7	63.1	57.5	62.2	4	100
11/08/2015 18:55	65.4	61.7	61.2	56.8	61.6	4	100
11/08/2015 19:00	66.1	63.5	62.1	56.4	62.6	4	100
11/08/2015 19:05	66	63.5	59.6	56.8	61.9	4	100
11/08/2015 19:10	65.8	62.9	59	57.7	61.7	4	100
11/08/2015 19:15	65.7	62.1	61.3	59.2	62.4	4	100
11/08/2015 19:20	66.8	63.3	61.2	57.9	62.6	4	100
11/08/2015 19:25	66.7	62.5	62	59	63	4	100
11/08/2015 19:30	67.1	63.1	63.9	57.9	63.5	4	100
11/08/2015 19:35	66.6	62.3	63.5	58.7	63.2	4	100
11/08/2015 19:40	66.5	62.2	60.3	59.3	62.2	4	100
11/08/2015 19:45	66.4	62.4	63.7	60.8	63.5	4	100
11/08/2015 19:50	66.6	63.7	63.3	59	63.6	4	100
11/08/2015 19:55	66.8	62.4	62.6	59.6	63.2	4	100
11/08/2015 20:00	66.8	64.6	58.5	59.2	62.9	4	100
11/08/2015 20:05	66.5	63.4	61.1	58.9	62.9	4	100
11/08/2015 20:10	65.5	63	59.6	60.4	62.4	4	100
11/08/2015 20:15	66.7	62.7	62.3	61.5	63.4	4	100
11/08/2015 20:20	66.9	62	61.4	60.4	62.7	4	100
11/08/2015 20:25	67	62.6	60.8	59.8	62.8	4	100
11/08/2015 20:30	67.5	63.3	61	59	63.1	4	100
11/08/2015 20:35	67.9	62.5	59.7	60	62.8	4	100
11/08/2015 20:40	68.2	63.3	61.7	59	63.5	4	100
11/08/2015 20:45	68.3	63.7	61.4	56.2	63.1	4	100
11/08/2015 20:50	67.5	64.1	59.8	57.4	63.1	4	100
11/08/2015 20:55	68.1	65.2	63.3	58.8	64.6	4	100
11/08/2015 21:00	71.3	68.9	65.7	59.1	66.7	4	100
11/08/2015 21:05	72.2	70	63.1	61.3	67.4	4	100
11/08/2015 21:10	72.1	70.6	65	61.9	68.4	4	100
11/08/2015 21:15	73.7	71.1	63.8	62.9	68.3	4	100
11/08/2015 21:20	74.5	70.4	65.5	63.1	69	4	100
11/08/2015 21:25	75.3	70.9	65.7	62.8	69.5	4	100
11/08/2015 21:30	74.6	69.2	64.3	63.1	68.4	4	100
11/08/2015 21:35	74.7	70.1	66.6	62.3	69.3	4	100
11/08/2015 21:40	74.1	69.7	66.5	60.6	68.9	4	100
11/08/2015 21:45	74.4	67.6	66.3	54.6	67.3	4	100
11/08/2015 21:50	74.9	67.8	67.9	56.6	68	4	100
11/08/2015 21:55	73.8	69.2	64.1	59.3	67.8	4	100
11/08/2015 22:00	75.3	70.7	66.5	59.6	69.4	4	100
11/08/2015 22:05	75.6	69.3	67.4	57.6	68.7	4	100
11/08/2015 22:10	74.6	69.2	66.7	61.3	68.8	4	100
11/08/2015 22:15	74.3	69.7	61.3	61.4	67.8	4	100
11/08/2015 22:20	75.7	70.3	65.8	62	69	4	100
11/08/2015 22:25	75.1	70.4	68	61.2	69.3	4	100
11/08/2015 22:30	74.8	70.7	71.3	62.2	70.3	4	100
11/08/2015 22:35	74.7	68.8	70.9	59.9	69.6	4	100
11/08/2015 22:40	75.4	70	65.5	55.8	67.7	4	100
11/08/2015 22:45	75.8	70.2	66	59.8	68.6	4	100
11/08/2015 22:50	75.2	71.4	66.3	60.7	68.7	4	100
11/08/2015 22:55	75.3	68.8	57.8	62.2	67.1	4	100
11/08/2015 23:00	74.6	67.1	65.6	57.7	66.9	4	100
11/08/2015 23:05	74.3	68.9	63.8	60.3	67.4	4	100
11/08/2015 23:10	73.5	69.1	65.2	60	67.9	4	100
11/08/2015 23:15	75.9	70.5	63.3	59.4	68.3	4	100
11/08/2015 23:20	75.5	68.3	63.8	62.9	68.1	4	100
11/08/2015 23:25	75.4	66.1	64.8	61.8	67.1	4	100
11/08/2015 23:30	73.9	67.2	69.2	60.6	68.2	4	100
11/08/2015 23:35	75.4	68.6	69.7	62.5	69.3	4	100
11/08/2015 23:40	76.1	69.1	69.9	62.9	69.6	4	100
11/08/2015 23:45	76.4	68.8	70.3	63.9	70.2	4	100
11/08/2015 23:50	76	70.1	64.2	62.2	68.7	4	100
11/08/2015 23:55	75.8	70.9	66.8	63.1	69.8	4	100
