5 Minutes	Lane 1 Speed (mph)	Lane 2 Speed (mph)	Lane 3 Speed (mph)	Lane 4 Speed (mph)	Speed (mph)	# Lane Points	% Observed
11/09/2015 00:00	74.8	71	67.4	62.8	69.2	4	100
11/09/2015 00:05	73.7	72	71.2	61.8	70.3	4	100
11/09/2015 00:10	74.1	72	69.4	63.8	70.2	4	100
11/09/2015 00:15	74.3	72.2	70.3	62.8	71.2	4	100
11/09/2015 00:20	74.6	71	69.1	59.9	69	4	100
11/09/2015 00:25	74.2	71	74	61.5	71.1	4	100
11/09/2015 00:30	75	71	62.4	61.4	67.8	4	100
11/09/2015 00:35	75.2	70.7	62.9	61.4	67.9	4	100
11/09/2015 00:40	75	71.1	67	62	69.1	4	100
11/09/2015 00:45	75.1	70	67.3	62	69.7	4	100
11/09/2015 00:50	75.1	70.9	66.4	62.6	69.1	4	100
11/09/2015 00:55	75.3	71.4	67.6	63.2	70.1	4	100
11/09/2015 01:00	75.1	71	70.1	63.5	70.5	4	100
11/09/2015 01:05	75	69.8	72	62.9	70.4	4	100
11/09/2015 01:10	74.8	70.1	72.5	63.1	70.4	4	100
11/09/2015 01:15	74.7	70.7	71.1	62.8	69.3	4	100
11/09/2015 01:20	74.9	70.9	71.1	63.1	70.8	4	100
11/09/2015 01:25	75	70.5	69.1	63	69.8	4	100
11/09/2015 01:30	74.8	70.7	67.5	61.7	68.7	4	100
11/09/2015 01:35	74.8	70.6	69.2	62.7	69.6	4	100
11/09/2015 01:40	74.8	70.6	70.9	62.5	69.8	4	100
11/09/2015 01:45	74.8	70.5	69.7	62.9	69.6	4	100
11/09/2015 01:50	74.8	70.6	69	62.2	68.7	4	100
11/09/2015 01:55	74.7	70.7	70	63	69.3	4	100
11/09/2015 02:00	74.5	70.4	66.1	63.1	68	4	100
11/09/2015 02:05	74.6	70.3	60.7	62.9	65.4	4	100
11/09/2015 02:10	74.6	70.6	64.9	63	67.7	4	100
11/09/2015 02:15	74.7	70.9	64.1	62.9	66.9	4	100
11/09/2015 02:20	74.8	71.2	64.6	63	68.1	4	100
11/09/2015 02:25	74.9	71.3	68.2	62.4	68	4	100
11/09/2015 02:30	75	71.3	69	62.4	69.8	4	100
11/09/2015 02:35	74.9	70.9	68.1	62.3	67.6	4	100
11/09/2015 02:40	74.9	70.8	68.5	61.6	68.8	4	100
11/09/2015 02:45	74.8	70.8	69.4	62	69.3	4	100
11/09/2015 02:50	74.7	70.5	68.5	62.7	68.7	4	100
11/09/2015 02:55	74.7	70.7	68.7	62.3	68.9	4	100
11/09/2015 03:00	74.8	70.7	65.7	62.4	68.7	4	100
11/09/2015 03:05	74.5	71	66.5	62.4	68.2	4	100
11/09/2015 03:10	74.7	71.1	67.4	62.7	69.1	4	100
11/09/2015 03:15	74.7	71.3	67.6	62.7	68.4	4	100
11/09/2015 03:20	74.7	71	65.8	63.1	68	4	100
11/09/2015 03:25	74.7	71	65.8	62.8	68.1	4	100
11/09/2015 03:30	74.9	71.1	63.9	62.6	67.8	4	100
11/09/2015 03:35	74.9	71.3	66.5	62.5	68.8	4	100
11/09/2015 03:40	74.8	71.2	68.8	62.8	69.3	4	100
11/09/2015 03:45	74.7	71.2	70.4	62.6	69.6	4	100
11/09/2015 03:50	74.7	70.7	67	63.1	68.3	4	100
11/09/2015 03:55	74.7	70.9	61.3	61.7	65.4	4	100
11/09/2015 04:00	74.7	70.8	56.5	62.5	65	4	100
11/09/2015 04:05	74.9	69.6	59.6	62.4	66.2	4	100
11/09/2015 04:10	75	69.9	60.2	61.5	65	4	100
11/09/2015 04:15	74.8	70.5	59.8	62.3	66.7	4	100
11/09/2015 04:20	74.6	70.9	57.2	62.4	65.5	4	100
11/09/2015 04:25	74.6	70.8	56.4	62.7	65.8	4	100
11/09/2015 04:30	74.8	70.2	58.1	62.8	65.4	4	100
11/09/2015 04:35	74.8	70.8	56.6	64.6	66.6	4	100
11/09/2015 04:40	74.5	69.9	68.1	62.3	68.9	4	100
11/09/2015 04:45	73.3	70.9	66.1	63.2	68.7	4	100
11/09/2015 04:50	74.6	71	70.1	62.9	69.9	4	100
11/09/2015 04:55	74.9	72.1	70.5	61.8	69.4	4	100
11/09/2015 05:00	74.9	72.9	70	64.5	71	4	100
11/09/2015 05:05	75.9	70	68.3	64.6	70.3	4	100
11/09/2015 05:10	75	71.3	68.4	65.1	70	4	100
11/09/2015 05:15	75.6	71.4	64.2	64.1	69	4	100
11/09/2015 05:20	75.8	71.3	65	61.1	69.5	4	100
11/09/2015 05:25	76.5	71.9	66.2	59.5	69.1	4	100
11/09/2015 05:30	76	70.1	71.2	63.3	70.8	4	100
11/09/2015 05:35	75.4	70.7	68.9	67.7	71.1	4	100
11/09/2015 05:40	74.8	68.7	65	62.7	68.3	4	100
11/09/2015 05:45	75.4	69.6	66.5	63.2	69.3	4	100
11/09/2015 05:50	75.3	70.6	69.5	63.7	70.5	4	100
11/09/2015 05:55	74.5	71.6	73.3	64.4	71.6	4	100
11/09/2015 06:00	74.4	71.3	70.3	66	70.9	4	100
11/09/2015 06:05	73.8	72.2	70.1	65.5	71.1	4	100
11/09/2015 06:10	73.2	71.2	66.9	63.7	69.3	4	100
11/09/2015 06:15	74.2	70.8	64.2	65.3	69.2	4	100
11/09/2015 06:20	74.8	71.2	66.4	64.5	69.7	4	100
11/09/2015 06:25	75	70.3	64.9	64.5	68.9	4	100
11/09/2015 06:30	74.9	71.5	67.9	62.8	69.8	4	100
11/09/2015 06:35	74.4	71.7	64.6	59.1	68.3	4	100
11/09/2015 06:40	74.2	70.6	65	59.7	67.8	4	100
11/09/2015 06:45	73.4	69.9	63.6	57.6	66.6	4	100
11/09/2015 06:50	73.5	69.5	63.5	57.3	66.6	4	100
11/09/2015 06:55	73.6	71.2	66.6	56.5	67.1	4	100
11/09/2015 07:00	73.8	70.3	68.3	58.1	68.6	4	100
11/09/2015 07:05	75	70.4	64.4	61.1	68.4	4	100
11/09/2015 07:10	73.4	69.8	66.5	61.4	68.4	4	100
11/09/2015 07:15	73.6	70.3	67.3	58.3	68	4	100
11/09/2015 07:20	72.1	67.6	64.8	57.3	66	4	100
11/09/2015 07:25	70.6	67.4	63.2	56.3	65	4	100
11/09/2015 07:30	70.1	66.9	61.7	56.4	64.1	4	100
11/09/2015 07:35	68.7	65.2	64.1	54.1	63.6	4	100
11/09/2015 07:40	68.3	64.5	58.7	54.1	61.8	4	100
11/09/2015 07:45	59.9	55.1	44.6	46.9	51.9	4	100
11/09/2015 07:50	57.7	51.1	38.3	40	47.1	4	100
11/09/2015 07:55	58.3	52	44.4	38.5	48.7	4	100
11/09/2015 08:00	60.6	54.6	46.4	44.7	51.8	4	100
11/09/2015 08:05	43.3	44.3	35	40.8	41	4	100
11/09/2015 08:10	44	44.5	38.7	40.8	42	4	100
11/09/2015 08:15	51.9	49.6	43.5	41.7	46.7	4	100
11/09/2015 08:20	56.5	52.4	44.2	40.4	48.7	4	100
11/09/2015 08:25	60.9	56.3	51	46.5	54	4	100
11/09/2015 08:30	64	59.6	54.6	50.6	57.5	4	100
11/09/2015 08:35	67.7	63.5	58.9	52.6	61.1	4	100
11/09/2015 08:40	70.4	64.8	57.7	53.8	62.4	4	100
11/09/2015 08:45	71	66.1	62.4	54.6	64	4	100
11/09/2015 08:50	72.3	67.7	64.4	56.2	65.5	4	100
11/09/2015 08:55	72.2	67.7	61.9	57	65	4	100
11/09/2015 09:00	72.3	67.3	62.3	57.7	65.2	4	100
11/09/2015 09:05	71.4	66.2	59.9	55.7	63.9	4	100
11/09/2015 09:10	73	67.6	58	56.5	63.7	4	100
11/09/2015 09:15	72.7	66.3	57.9	54.2	62.7	4	100
11/09/2015 09:20	72.9	67.3	59.9	52.7	64	4	100
11/09/2015 09:25	71.5	66.3	58.7	54.1	63.3	4	100
11/09/2015 09:30	73	66.2	60.3	53.8	63.8	4	100
11/09/2015 09:35	72.5	65.7	57.2	54.1	63	4	100
11/09/2015 09:40	73.3	66.6	60.4	55.7	64.6	4	100
11/09/2015 09:45	74	68.1	61.6	55.3	64.6	4	100
11/09/2015 09:50	73.5	67.5	59.7	54.5	64.4	4	100
11/09/2015 09:55	73.9	68.5	63.2	55.1	65.6	4	100
11/09/2015 10:00	75.1	68.8	60.7	55.2	65.6	4	100
11/09/2015 10:05	74.3	67.3	60.3	55.2	64.6	4	100
11/09/2015 10:10	73.9	67.1	59.5	51.1	64	4	100
11/09/2015 10:15	71.6	65.3	57	49.8	61.6	4	100
11/09/2015 10:20	72.4	67.6	58.4	55.7	63.8	4	100
11/09/2015 10:25	72.7	67.4	61	53.5	64.8	4	100
11/09/2015 10:30	72.1	68	60.2	54.8	64.1	4	100
11/09/2015 10:35	72	67.4	59.1	51.7	63.4	4	100
11/09/2015 10:40	73.3	69.1	60.4	53.8	64.6	4	100
11/09/2015 10:45	72.8	66.6	60	53.5	63.6	4	100
11/09/2015 10:50	72.8	65.7	62.2	54.3	63.8	4	100
11/09/2015 10:55	72	65.5	60.8	54.4	63.4	4	100
11/09/2015 11:00	70.2	63.9	57.9	51.8	61.1	4	100
11/09/2015 11:05	67.8	61.5	54.6	50.4	59	4	100
11/09/2015 11:10	63.8	58.5	49.9	47.6	55.6	4	100
11/09/2015 11:15	63.9	59.1	49.4	45.4	55.4	4	100
11/09/2015 11:20	68	63.3	53.5	49.3	58.8	4	100
11/09/2015 11:25	70.3	64.6	53.8	51.5	60.3	4	100
11/09/2015 11:30	70.8	66.7	56.1	54.3	63	4	100
11/09/2015 11:35	72.4	67.8	58.8	54.6	64	4	100
11/09/2015 11:40	70.5	65.2	57	52.7	61.9	4	100
11/09/2015 11:45	71.8	66	54	49.8	61.4	4	100
11/09/2015 11:50	72.1	67	55.6	53.4	62.7	4	100
11/09/2015 11:55	71.8	64.9	53.7	52.7	61.2	4	100
11/09/2015 12:00	71.1	65.6	55.2	52.6	61.8	4	100
11/09/2015 12:05	72.1	67.7	56.9	51.6	62.9	4	100
11/09/2015 12:10	71.9	65.4	54.9	50.1	61.3	4	100
11/09/2015 12:15	71.3	65.2	53.9	51.3	60.8	4	100
11/09/2015 12:20	71.4	65.8	55.2	51.8	61.7	4	100
11/09/2015 12:25	71.6	66.2	56.7	50.6	62.1	4	100
11/09/2015 12:30	70.7	64.7	55.1	48.9	60.6	4	100
11/09/2015 12:35	70.8	64.1	55.9	47.1	60.2	4	100
11/09/2015 12:40	69.6	64.3	57.3	50.2	61.1	4	100
11/09/2015 12:45	69.6	63.8	58.5	49.4	60.9	4	100
11/09/2015 12:50	69.3	64.2	55	49.9	60.4	4	100
11/09/2015 12:55	67.7	63.3	55.1	51.6	59.9	4	100
11/09/2015 13:00	68.9	66	54.1	51.4	60.9	4	100
11/09/2015 13:05	69	65.6	55.6	50.2	60.8	4	100
11/09/2015 13:10	68.7	66.3	58.2	51.4	61.6	4	100
11/09/2015 13:15	67.3	65.3	57.5	51	60.9	4	100
11/09/2015 13:20	64.2	61.3	53.3	48.5	57.6	4	100
11/09/2015 13:25	58	55.5	48.5	45.7	52.2	4	100
11/09/2015 13:30	58.6	53.9	46.8	43.3	50.8	4	100
11/09/2015 13:35	58.6	53.4	45.9	40.1	49.9	4	100
11/09/2015 13:40	59.2	54.3	47.1	44	51.5	4	100
11/09/2015 13:45	58.1	53.2	47	42.9	50.7	4	100
11/09/2015 13:50	55.5	51.3	45.6	42.5	49	4	100
11/09/2015 13:55	54.3	49.7	45.5	42.3	48.3	4	100
11/09/2015 14:00	56	51	44.9	41.5	48.4	4	100
11/09/2015 14:05	56.2	51.7	47.5	42.7	50.1	4	100
11/09/2015 14:10	58.8	55.2	51.3	44.6	52.8	4	100
11/09/2015 14:15	61	55.1	51.7	45.5	53.7	4	100
11/09/2015 14:20	61.4	56.8	51.3	46.8	54.4	4	100
11/09/2015 14:25	61.4	56.4	52.8	44.5	54.5	4	100
11/09/2015 14:30	63.3	58.8	52.2	47.3	56	4	100
11/09/2015 14:35	64.5	60.1	54.7	49.6	57.6	4	100
11/09/2015 14:40	64.5	60.2	56	48.3	57.7	4	100
11/09/2015 14:45	55.5	49.3	44.1	42.8	48.3	4	100
11/09/2015 14:50	55.3	50.6	45	43	48.5	4	100
11/09/2015 14:55	53.6	49.3	44.8	42.2	47.7	4	100
11/09/2015 15:00	56.3	49.6	45.1	41.6	48.4	4	100
11/09/2015 15:05	56.6	51.1	47.8	43	50.2	4	100
11/09/2015 15:10	50.7	47.4	46	41.9	46.7	4	100
11/09/2015 15:15	50.2	46.7	45.3	41.6	45.9	4	100
11/09/2015 15:20	39.6	38	37.8	36.1	37.9	4	100
11/09/2015 15:25	31.1	30.5	30.1	30.5	30.6	4	100
11/09/2015 15:30	39.2	36.5	33.9	34.4	36	4	100
11/09/2015 15:35	42.2	39.5	34.2	29.7	36.6	4	100
11/09/2015 15:40	39.6	34.8	29.4	26.3	32.8	4	100
11/09/2015 15:45	37	31.8	26.2	25.2	30.3	4	100
11/09/2015 15:50	39.9	34.8	27.2	28.5	32.8	4	100
11/09/2015 15:55	34.3	31	25.9	26.5	29.6	4	100
11/09/2015 16:00	32.1	30	25.2	25	28.1	4	100
11/09/2015 16:05	27.7	23	19	19.2	22.6	4	100
11/09/2015 16:10	31.7	24.8	19.3	19	23.9	4	100
11/09/2015 16:15	33.2	26.8	20.9	20.1	25.4	4	100
11/09/2015 16:20	27.1	22.2	15.1	14.9	20.7	4	100
11/09/2015 16:25	32.9	27	19.2	16.6	24	4	100
11/09/2015 16:30	32.4	27.5	21.1	19.8	25.6	4	100
11/09/2015 16:35	25.2	23.8	16.4	15.5	20.7	4	100
11/09/2015 16:40	29.5	25.6	19.8	16.6	23	4	100
11/09/2015 16:45	29.8	26.3	25.3	21.3	25.6	4	100
11/09/2015 16:50	31.2	27	23.6	21.6	26	4	100
11/09/2015 16:55	29.5	27.2	22	23.5	25.8	4	100
11/09/2015 17:00	35.4	31.5	25	22.8	29.1	4	100
11/09/2015 17:05	37.9	32.4	27.5	26.5	31.2	4	100
11/09/2015 17:10	33.5	29.2	24.9	20.4	27.4	4	100
11/09/2015 17:15	35.3	30.3	24.7	18.8	27.7	4	100
11/09/2015 17:20	32.7	28.6	22.5	18.9	25.9	4	100
11/09/2015 17:25	31.4	25.8	23.1	19.3	25.2	4	100
11/09/2015 17:30	33.2	25.1	21.8	17.1	24.8	4	100
11/09/2015 17:35	35.4	26.1	19.7	15.2	25	4	100
11/09/2015 17:40	36.2	27.5	18.5	18.9	25.9	4	100
11/09/2015 17:45	32	24.7	15.2	15.5	22.9	4	100
11/09/2015 17:50	31.2	21.4	14.9	12.6	20.8	4	100
11/09/2015 17:55	33.1	24.1	17.8	16.6	23.2	4	100
11/09/2015 18:00	35.9	27.5	18.7	21.3	26.4	4	100
11/09/2015 18:05	31	25.5	15.2	17.3	22.9	4	100
11/09/2015 18:10	32.6	26.2	14.6	16.1	23.2	4	100
11/09/2015 18:15	27	19.9	14.3	14.8	19.4	4	100
11/09/2015 18:20	25	18.2	12	12.2	17.6	4	100
11/09/2015 18:25	27.6	20.4	13.2	14.8	19.6	4	100
11/09/2015 18:30	35.1	28.1	17.8	17.6	25	4	100
11/09/2015 18:35	39.5	33	26.4	26.6	31.3	4	100
11/09/2015 18:40	43.4	39.1	35.9	31.6	37.6	4	100
11/09/2015 18:45	45.9	42.3	40.3	35.8	41.2	4	100
11/09/2015 18:50	39.5	36.2	32.2	32.2	35.2	4	100
11/09/2015 18:55	39.3	34.1	33.4	35.1	35.5	4	100
11/09/2015 19:00	54.2	48.1	47.4	43.4	48.3	4	100
11/09/2015 19:05	60.8	54.9	54	48.7	54.6	4	100
11/09/2015 19:10	63.7	60.2	56.8	52.3	58.1	4	100
11/09/2015 19:15	64.1	60.1	55.1	50.3	57.4	4	100
11/09/2015 19:20	66.2	62.3	60.4	54.1	61.1	4	100
11/09/2015 19:25	66.5	64.1	61.3	55.1	62.1	4	100
11/09/2015 19:30	66.5	64.9	63.7	56	63.5	4	100
11/09/2015 19:35	64.7	63.1	60.9	56.3	61.4	4	100
11/09/2015 19:40	64.4	62.8	59.7	55	60.8	4	100
11/09/2015 19:45	64.4	63.3	60.7	52.6	60.6	4	100
11/09/2015 19:50	63.8	61.2	57.7	52.4	59.2	4	100
11/09/2015 19:55	64.1	61.2	54.5	47.6	57.7	4	100
11/09/2015 20:00	64	59.9	54.4	48.9	57.4	4	100
11/09/2015 20:05	65.3	61.3	56.2	52.6	59.3	4	100
11/09/2015 20:10	64.8	62.1	57.9	51.1	59.5	4	100
11/09/2015 20:15	67	63.5	59.8	53	60.8	4	100
11/09/2015 20:20	69.6	65.2	63.1	55.1	63.9	4	100
11/09/2015 20:25	70	65.5	64.6	57.3	64.6	4	100
11/09/2015 20:30	71.1	67.9	64.8	59.3	66.4	4	100
11/09/2015 20:35	70.8	68	69	57.8	66.9	4	100
11/09/2015 20:40	71	69	72.1	59.4	68.4	4	100
11/09/2015 20:45	70.5	69.6	69.7	59.8	68.1	4	100
11/09/2015 20:50	71.8	68.6	64.2	57.6	65.9	4	100
11/09/2015 20:55	71.3	68	69.3	59.9	67.9	4	100
11/09/2015 21:00	71.8	69.4	68.9	62.1	68.6	4	100
11/09/2015 21:05	72.3	68.7	65.5	62.8	67.4	4	100
11/09/2015 21:10	74.8	70.5	63.7	63.6	68.3	4	100
11/09/2015 21:15	75.4	71	66.1	61.9	69	4	100
11/09/2015 21:20	74.8	70.8	64.9	64.2	68.9	4	100
11/09/2015 21:25	74	70.4	64.9	64.7	68.9	4	100
11/09/2015 21:30	74.2	69.9	61.6	64	67.4	4	100
11/09/2015 21:35	75	69.7	63.9	67.2	68.8	4	100
11/09/2015 21:40	75.6	68.5	59.2	64.3	66.4	4	100
11/09/2015 21:45	74.9	69.7	64.6	63.2	68.3	4	100
11/09/2015 21:50	75.8	70.4	63.3	66.4	68.9	4	100
11/09/2015 21:55	77	72.2	62.2	68.1	69.8	4	100
11/09/2015 22:00	76	69.8	64.8	59.6	67.9	4	100
11/09/2015 22:05	74.7	70.5	65.2	58.6	67.6	4	100
11/09/2015 22:10	74.1	70.4	64.4	62.1	67.8	4	100
11/09/2015 22:15	73.4	69.8	65	62.8	67.9	4	100
11/09/2015 22:20	72.7	70.3	66.3	61.7	68.1	4	100
11/09/2015 22:25	74.7	71.6	66.4	67.4	70.2	4	100
11/09/2015 22:30	75.8	72	65.3	61.3	69.2	4	100
11/09/2015 22:35	75.6	70.2	67.3	61.8	69.2	4	100
11/09/2015 22:40	76.2	70.1	64.6	62.6	68.6	4	100
11/09/2015 22:45	75.7	70.5	65.6	67.2	69.8	4	100
11/09/2015 22:50	75	70.6	63.5	65.7	69.2	4	100
11/09/2015 22:55	74.7	71.7	63.1	64.3	68.6	4	100
11/09/2015 23:00	74.8	71.6	63.4	67.7	69.8	4	100
11/09/2015 23:05	74.3	72.1	64.6	66.1	69	4	100
11/09/2015 23:10	72.9	70.1	66.2	63.6	68.3	4	100
11/09/2015 23:15	73.3	72.1	66.9	63.2	68.7	4	100
11/09/2015 23:20	73	71.5	68.7	65.2	69.9	4	100
11/09/2015 23:25	73.4	72.3	63	60.9	67.7	4	100
11/09/2015 23:30	73.7	71.5	59.8	62.6	67.3	4	100
11/09/2015 23:35	73.8	71.6	62.5	60.5	67.3	4	100
11/09/2015 23:40	73.6	72.1	66	60.5	67.8	4	100
11/09/2015 23:45	74.7	72.2	66.5	59.5	68.4	4	100
11/09/2015 23:50	74.7	71	64.5	63.2	68	4	100
11/09/2015 23:55	74.5	72.3	67.1	64.3	69.8	4	100
11/10/2015 00:00	74.8	71	67.4	62.8	68.6	4	100
11/10/2015 00:05	74.6	71.2	66.8	64	68.8	4	100
11/10/2015 00:10	74.7	71.6	65.4	63.7	68.4	4	100
11/10/2015 00:15	74.5	70	66.8	58.8	67.6	4	100
11/10/2015 00:20	74.8	70.2	60.1	59.7	66.5	4	100
11/10/2015 00:25	74.8	70.8	60	59.4	65.9	4	100
11/10/2015 00:30	74.6	70.7	60.4	58.6	65.5	4	100
11/10/2015 00:35	73.8	70.8	58	55.8	65.8	4	100
11/10/2015 00:40	73.6	70.5	52.5	56.9	63.2	4	100
11/10/2015 00:45	74.2	70.7	52.2	57.1	61.8	4	100
11/10/2015 00:50	74.9	69.7	58.1	60.9	65.7	4	100
11/10/2015 00:55	75	71	67.4	61	69	4	100
11/10/2015 01:00	74.9	70.3	67.5	62.9	68.1	4	100
11/10/2015 01:05	74.9	70.7	65.5	63	68.4	4	100
11/10/2015 01:10	75.3	71	61.6	64.1	67.2	4	100
11/10/2015 01:15	74.9	70.9	65	64.1	67.8	4	100
11/10/2015 01:20	74.7	71.2	61.7	63.6	68.7	4	100
11/10/2015 01:25	74.8	71.2	60.8	64	66.1	4	100
11/10/2015 01:30	74.8	70.1	57.3	63.1	65.9	4	100
11/10/2015 01:35	74.5	70.6	60.1	61.1	65.8	4	100
11/10/2015 01:40	74.9	70.2	62.6	62.3	67.6	4	100
11/10/2015 01:45	74.7	68.4	64.1	62.6	67.5	4	100
11/10/2015 01:50	74.6	69.6	59.3	62.3	65.9	4	100
11/10/2015 01:55	74.7	70.4	65.9	62.4	68	4	100
11/10/2015 02:00	74.7	71.1	62.2	62.7	66.2	4	100
11/10/2015 02:05	74.7	71.2	60.5	62.4	66	4	100
11/10/2015 02:10	74.7	70.8	62.9	62.8	66.9	4	100
11/10/2015 02:15	74.7	69.2	51	61.3	62.3	4	100
11/10/2015 02:20	74.7	70.1	51.8	61.8	60.7	4	100
11/10/2015 02:25	74.8	70.4	53	62.2	63.7	4	100
11/10/2015 02:30	74.7	70.9	58.5	62.1	64.9	4	100
11/10/2015 02:35	74.9	71	67.4	61.7	67.4	4	100
11/10/2015 02:40	74.8	71	65.4	61.9	66.5	4	100
11/10/2015 02:45	74.5	71.1	65.2	59.8	67.4	4	100
11/10/2015 02:50	74.7	71	67.7	60.9	68	4	100
11/10/2015 02:55	74.7	71.2	61.4	62.5	65.8	4	100
11/10/2015 03:00	74.7	71.3	66	63.2	68	4	100
11/10/2015 03:05	74.8	71.3	61	63	64.6	4	100
11/10/2015 03:10	74.8	71.2	60.9	62.9	64.5	4	100
11/10/2015 03:15	74.7	71.2	57.3	62.3	64.3	4	100
11/10/2015 03:20	74.6	71	60.3	61.6	65.2	4	100
11/10/2015 03:25	74.6	71.1	58	63.1	63.9	4	100
11/10/2015 03:30	74.7	71.1	58.2	63.5	64.5	4	100
11/10/2015 03:35	74.7	71.4	65.2	63.5	68	4	100
11/10/2015 03:40	74.7	70.9	65.5	62.6	67.5	4	100
11/10/2015 03:45	74.7	71	70.5	63	68.9	4	100
11/10/2015 03:50	74.5	70.7	67.6	63.2	68.6	4	100
11/10/2015 03:55	74.5	70.8	65.6	62.8	67.7	4	100
11/10/2015 04:00	74.7	70.8	63.6	61.2	65.7	4	100
11/10/2015 04:05	74.7	71.2	59.4	60.2	64.7	4	100
11/10/2015 04:10	74.9	71.2	58.7	61.8	65.1	4	100
11/10/2015 04:15	74.6	70.7	60.5	62.6	65.8	4	100
11/10/2015 04:20	74.9	71.3	61.5	60.5	67	4	100
11/10/2015 04:25	74.7	71.4	59.5	60.4	66.6	4	100
11/10/2015 04:30	74.9	69.8	61.7	58.3	65.5	4	100
11/10/2015 04:35	74.7	71.5	63.8	50.1	65.2	4	100
11/10/2015 04:40	75.1	71.3	69.1	46.1	66.1	4	100
11/10/2015 04:45	74.6	72.7	72.3	55.1	69.8	4	100
11/10/2015 04:50	73.8	71.6	69.1	61.1	68.9	4	100
11/10/2015 04:55	74.7	72.1	66.7	62.5	68.8	4	100
11/10/2015 05:00	74.6	72.8	71.3	64.9	71.2	4	100
11/10/2015 05:05	75.5	73.2	68.7	63.4	70.2	4	100
11/10/2015 05:10	76.3	74	63.1	61.1	68.6	4	100
11/10/2015 05:15	75.6	74.4	66.3	63.9	70.8	4	100
11/10/2015 05:20	75.5	73.4	71.4	65.1	71.8	4	100
11/10/2015 05:25	75.3	74.6	71.1	66	72.1	4	100
11/10/2015 05:30	75.1	72.9	66.8	63	69.8	4	100
11/10/2015 05:35	74.9	70.2	68.3	61.8	69.4	4	100
11/10/2015 05:40	74.8	70.9	66.2	61.9	68.8	4	100
11/10/2015 05:45	74.4	71.4	68.7	63.2	70	4	100
11/10/2015 05:50	73.9	71.3	70.4	61.3	69.7	4	100
11/10/2015 05:55	73.6	71.1	68.5	59.7	68.9	4	100
11/10/2015 06:00	74.9	70.9	71.2	57.7	70.1	4	100
11/10/2015 06:05	74.2	70.2	69.8	59.5	69.5	4	100
11/10/2015 06:10	73.8	69.2	66.3	60.6	68.3	4	100
11/10/2015 06:15	74.1	68.5	68.9	61.8	69.1	4	100
11/10/2015 06:20	73.7	69.7	70.8	63	69.9	4	100
11/10/2015 06:25	74.2	69.2	66.9	65.5	69.3	4	100
11/10/2015 06:30	74.5	70.1	69.9	65	70.3	4	100
11/10/2015 06:35	73.1	67.4	67.6	64.6	68.7	4	100
11/10/2015 06:40	71.6	66.8	67.9	62.5	67.6	4	100
11/10/2015 06:45	70.1	66.7	64.6	60.7	65.7	4	100
11/10/2015 06:50	69.8	66.6	63.8	59.2	65.1	4	100
11/10/2015 06:55	68.7	65.9	65.1	59.3	65.1	4	100
11/10/2015 07:00	70.8	67.8	64.4	61.1	66.3	4	100
11/10/2015 07:05	71	68.7	62.1	60.3	66	4	100
11/10/2015 07:10	71.4	68.4	64.4	62	66.8	4	100
11/10/2015 07:15	68.7	65.5	65.4	60.3	65.4	4	100
11/10/2015 07:20	67.6	65.2	65.1	58.7	64.5	4	100
11/10/2015 07:25	65.9	63.5	63.7	56.8	62.8	4	100
11/10/2015 07:30	67.7	65.3	66.2	57.4	64.7	4	100
11/10/2015 07:35	68.3	64.3	63.1	55.2	63.2	4	100
11/10/2015 07:40	66.3	62.7	57	49.6	59.3	4	100
11/10/2015 07:45	67.2	61.7	58.3	53.1	60.3	4	100
11/10/2015 07:50	68.2	64.3	64.8	55.4	63.3	4	100
11/10/2015 07:55	65.6	63.4	63.4	55.3	62.3	4	100
11/10/2015 08:00	68.2	63.5	62.3	57.1	62.8	4	100
11/10/2015 08:05	68.4	65.3	64.3	56.7	64.1	4	100
11/10/2015 08:10	70.5	65.5	62.4	55.7	64	4	100
11/10/2015 08:15	67.9	65.7	61	54.9	62.5	4	100
11/10/2015 08:20	69.8	65.3	63.7	57	63.8	4	100
11/10/2015 08:25	60.8	55.4	51.1	50.5	54.7	4	100
11/10/2015 08:30	50.9	45.6	42.5	39.1	44.9	4	100
11/10/2015 08:35	43.7	39.4	32.9	31.8	37.5	4	100
11/10/2015 08:40	51.2	45.5	44.5	40	45.6	4	100
11/10/2015 08:45	62	56.7	55.2	46.5	55.6	4	100
11/10/2015 08:50	67.1	61.7	57.2	52.5	60.2	4	100
11/10/2015 08:55	71.4	66.3	60.7	57	63.9	4	100
11/10/2015 09:00	72.5	67.9	66.9	59.7	67.3	4	100
11/10/2015 09:05	71.2	66.6	65	59.2	65.8	4	100
11/10/2015 09:10	70.3	65.6	63.8	56.2	64.2	4	100
11/10/2015 09:15	70.1	65.1	60.1	56.4	63.1	4	100
11/10/2015 09:20	70.2	66	59.6	56	63.4	4	100
11/10/2015 09:25	70.3	64.9	59.3	53.2	62.5	4	100
11/10/2015 09:30	70.4	64.8	59.2	54.3	62.7	4	100
11/10/2015 09:35	72.7	67.1	60.5	53	63.5	4	100
11/10/2015 09:40	72.6	66.7	62.6	54.5	64.8	4	100
11/10/2015 09:45	72.2	66.5	60.7	55.2	64.2	4	100
11/10/2015 09:50	71.5	64.8	58.6	54.4	62.8	4	100
11/10/2015 09:55	72.3	65.8	62.3	54.2	63.8	4	100
11/10/2015 10:00	72	66.1	61.2	55.1	63.8	4	100
11/10/2015 10:05	72.8	67.1	60.7	57.1	65	4	100
11/10/2015 10:10	73.4	68.7	59.2	56.1	64.6	4	100
11/10/2015 10:15	73.3	68.6	61.4	56.1	65.7	4	100
11/10/2015 10:20	72.9	66.9	60.3	56.8	64.5	4	100
11/10/2015 10:25	72.7	66.4	62.6	57.1	65.8	4	100
11/10/2015 10:30	73.1	66.9	59.9	56.4	64.7	4	100
11/10/2015 10:35	72	66.2	58.7	53.1	63.4	4	100
11/10/2015 10:40	71.7	66.4	60	51.3	63.4	4	100
11/10/2015 10:45	72.7	66.5	66.2	53.4	65.2	4	100
11/10/2015 10:50	73.2	67.1	63.1	53.8	65	4	100
11/10/2015 10:55	73.5	67	60.7	54.4	64.6	4	100
11/10/2015 11:00	72.7	67.7	60.3	55.1	64.1	4	100
11/10/2015 11:05	72.6	67	58.2	52.8	63.1	4	100
11/10/2015 11:10	70.2	63.9	55.8	52.6	61.5	4	100
11/10/2015 11:15	69.8	64.5	55.8	52	61	4	100
11/10/2015 11:20	71.6	66.2	57.4	55.8	63.2	4	100
11/10/2015 11:25	71.5	66.5	59	52.6	62.8	4	100
11/10/2015 11:30	71.2	65.5	57.1	51.2	62.2	4	100
11/10/2015 11:35	71.6	64.9	55.4	53.2	61.9	4	100
11/10/2015 11:40	69.9	63.8	55.5	52.8	61.3	4	100
11/10/2015 11:45	71.3	65.5	55.2	53.2	61.8	4	100
11/10/2015 11:50	71.7	63.9	57.2	52.1	62.1	4	100
11/10/2015 11:55	71.7	63.5	57.3	54.9	62.6	4	100
11/10/2015 12:00	70.9	64.1	55.5	54.9	61.6	4	100
11/10/2015 12:05	70.2	64.5	55.5	51.6	60.9	4	100
11/10/2015 12:10	70.5	65.2	57	49.6	61.1	4	100
11/10/2015 12:15	70.1	65.3	58.2	50.4	61.6	4	100
11/10/2015 12:20	70.7	65.5	60.5	53.7	62.3	4	100
11/10/2015 12:25	69.9	63.3	55.5	53.7	60.7	4	100
11/10/2015 12:30	69	63	54.9	50.4	59.5	4	100
11/10/2015 12:35	69.2	64	56	51.2	60.5	4	100
11/10/2015 12:40	68.4	63.7	52.4	49.9	59.4	4	100
11/10/2015 12:45	69.2	62.1	54	49	59	4	100
11/10/2015 12:50	68.5	60.7	53.1	49.3	58.7	4	100
11/10/2015 12:55	67.7	62.6	53.5	50.1	58.9	4	100
11/10/2015 13:00	68.4	63.1	58.9	50.5	60.8	4	100
11/10/2015 13:05	67.4	61	60	54.6	61.2	4	100
11/10/2015 13:10	68.2	61.1	56.8	51.8	60.2	4	100
11/10/2015 13:15	67.8	62.2	55.4	53.6	60.4	4	100
11/10/2015 13:20	65.8	60.8	53.9	50.6	58.1	4	100
11/10/2015 13:25	67	62.4	56.5	51.9	59.7	4	100
11/10/2015 13:30	66	62.3	58	52.6	60.5	4	100
11/10/2015 13:35	66.4	61.5	55.1	50	58.9	4	100
11/10/2015 13:40	67.3	62.8	56	49.8	59.3	4	100
11/10/2015 13:45	66.5	60.8	52.6	49.5	57.6	4	100
11/10/2015 13:50	64.4	57.4	53.3	49.4	56.4	4	100
11/10/2015 13:55	54.5	47.8	41.7	36.1	45.6	4	100
11/10/2015 14:00	54.9	49.6	43.4	37.9	46.6	4	100
11/10/2015 14:05	56.8	51.6	44.7	42.6	49.3	4	100
11/10/2015 14:10	55	50.5	45.4	43.2	48.8	4	100
11/10/2015 14:15	56	51.7	46.1	44.5	49.8	4	100
11/10/2015 14:20	54.6	50.6	48.3	43.9	49.7	4	100
11/10/2015 14:25	55.7	51.5	47.8	43.9	50.1	4	100
11/10/2015 14:30	56.9	52.8	49.5	43.8	51	4	100
11/10/2015 14:35	63.9	58.9	54.2	48.6	56.7	4	100
11/10/2015 14:40	64.3	60	54.3	50.2	57.7	4	100
11/10/2015 14:45	61	56.9	51.2	45.6	54	4	100
11/10/2015 14:50	62.8	57	55.5	47.7	56.2	4	100
11/10/2015 14:55	49.7	46.3	47.6	44.5	47.1	4	100
11/10/2015 15:00	38.2	36.6	37.7	35.7	37.1	4	100
11/10/2015 15:05	26.1	28.4	29.2	30.2	28.5	4	100
11/10/2015 15:10	23.6	23.5	23.7	24	23.7	4	100
11/10/2015 15:15	24.5	23.6	23.1	25.9	24.3	4	100
11/10/2015 15:20	22.8	22.3	22.9	23.1	22.8	4	100
11/10/2015 15:25	21.4	21.1	20.7	19.5	20.7	4	100
11/10/2015 15:30	18.3	19	17.9	16.5	18	4	100
11/10/2015 15:35	20.1	20	17.2	16.6	18.6	4	100
11/10/2015 15:40	27	21.8	18.2	16.7	21.1	4	100
11/10/2015 15:45	29.4	25.9	19	15.9	23	4	100
11/10/2015 15:50	22.1	20	16.9	13.9	18.4	4	100
11/10/2015 15:55	19	17.9	14.2	11.8	16.1	4	100
11/10/2015 16:00	17.2	16.5	13.8	11.6	14.9	4	100
11/10/2015 16:05	20	17.4	13.4	11.4	16	4	100
11/10/2015 16:10	25.2	20.1	14.9	11.9	18.7	4	100
11/10/2015 16:15	20.7	19.2	14.3	11.1	16.8	4	100
11/10/2015 16:20	16.5	15.9	13.5	11	14.3	4	100
11/10/2015 16:25	20.7	16.1	14.3	11.9	16.1	4	100
11/10/2015 16:30	25.2	18.9	13	11.6	18.1	4	100
11/10/2015 16:35	21.1	16.9	12.7	10.3	15.7	4	100
11/10/2015 16:40	17.4	15.5	12.8	8.6	14	4	100
11/10/2015 16:45	20.9	17.6	13.9	10.4	16	4	100
11/10/2015 16:50	20.7	16.9	14	11.3	15.9	4	100
11/10/2015 16:55	16.4	15	12.3	9.2	13.6	4	100
11/10/2015 17:00	20.8	16.7	12.6	9.2	15.5	4	100
11/10/2015 17:05	21.1	18.1	12.6	9.7	15.9	4	100
11/10/2015 17:10	20.2	16.2	12.1	8.9	15.1	4	100
11/10/2015 17:15	21.7	16.3	12.1	9.3	15.4	4	100
11/10/2015 17:20	23.1	15.4	12.3	11.1	15.9	4	100
11/10/2015 17:25	21.7	13.9	10.3	10.1	14.7	4	100
11/10/2015 17:30	21.3	14.6	10	9.3	14.3	4	100
11/10/2015 17:35	21	13.9	9.9	9	14.1	4	100
11/10/2015 17:40	16.8	13.7	9.9	7.5	12.4	4	100
11/10/2015 17:45	17.6	14.5	10.5	7.2	13.1	4	100
11/10/2015 17:50	21.8	15.5	10.2	7.6	14.8	4	100
11/10/2015 17:55	20.7	16.6	10.6	9	14.9	4	100
11/10/2015 18:00	17.7	14.6	10.2	13	14.2	4	100
11/10/2015 18:05	21.2	16	10.9	13	15.6	4	100
11/10/2015 18:10	26	19.6	11.2	11	18	4	100
11/10/2015 18:15	28.4	22.5	12.4	9.5	19.6	4	100
11/10/2015 18:20	25.9	20.4	13.7	10.5	18.3	4	100
11/10/2015 18:25	19.3	19.2	12.7	11.7	15.9	4	100
11/10/2015 18:30	18	16.8	11.5	10.7	14.7	4	100
11/10/2015 18:35	21	16.5	14.9	10.6	16.1	4	100
11/10/2015 18:40	21.4	16.3	14.8	10.7	16.1	4	100
11/10/2015 18:45	27.3	21.1	16.1	13.1	19.9	4	100
11/10/2015 18:50	30	21.5	15.6	13	20.7	4	100
11/10/2015 18:55	35.2	26.9	20.4	18.4	25.4	4	100
11/10/2015 19:00	33.7	27.2	20.2	20.2	25.8	4	100
11/10/2015 19:05	24.5	20.7	18.2	18.8	20.6	4	100
11/10/2015 19:10	25.9	24.2	22.5	24.6	24.3	4	100
11/10/2015 19:15	25.1	23.1	21.8	23.9	23.5	4	100
11/10/2015 19:20	30.9	24.8	23.5	27.8	26.8	4	100
11/10/2015 19:25	31.8	27.7	25	25.4	27.6	4	100
11/10/2015 19:30	24.5	22.3	20.5	21.8	22.3	4	100
11/10/2015 19:35	18.4	20	20.3	24.3	20.8	4	100
11/10/2015 19:40	17.5	19.1	18.4	25.7	20.2	4	100
11/10/2015 19:45	21.4	22.8	19.8	27.5	22.9	4	100
11/10/2015 19:50	30.5	30.3	27.5	31.3	29.9	4	100
11/10/2015 19:55	37.2	35.4	32.3	33.4	34.7	4	100
11/10/2015 20:00	42.6	39.6	36.5	38	39.3	4	100
11/10/2015 20:05	45.6	43.1	41.1	38.2	42.2	4	100
11/10/2015 20:10	47.5	44.1	42.8	39	43.7	4	100
11/10/2015 20:15	50.2	46.6	47.5	40.8	46.5	4	100
11/10/2015 20:20	51.4	47.8	46.7	42.2	47.3	4	100
11/10/2015 20:25	52.3	47.6	47	43.2	47.7	4	100
11/10/2015 20:30	51.2	48.1	49.5	43.8	48.5	4	100
11/10/2015 20:35	57.4	54.3	54.3	47.4	54	4	100
11/10/2015 20:40	62.5	58.5	58.3	50.4	58.1	4	100
11/10/2015 20:45	65.7	62	61.8	51.7	61	4	100
11/10/2015 20:50	67.2	63.7	60.5	52.1	61	4	100
11/10/2015 20:55	69	66.1	59.8	55.4	63	4	100
11/10/2015 21:00	70.4	67.8	61	57.3	64.6	4	100
11/10/2015 21:05	71.6	69.2	65.5	57	66.2	4	100
11/10/2015 21:10	72.2	68	63.6	58.3	66.3	4	100
11/10/2015 21:15	72.2	68.5	63.6	60.1	66.5	4	100
11/10/2015 21:20	73.8	68.2	64.4	59.7	66.9	4	100
11/10/2015 21:25	73.4	68.5	67	60	67.9	4	100
11/10/2015 21:30	72.6	68.7	65.4	62.4	67.8	4	100
11/10/2015 21:35	73.7	69.7	64.5	60.9	67.7	4	100
11/10/2015 21:40	74.1	70.6	63.3	61.3	67.8	4	100
11/10/2015 21:45	75.6	71.2	63.5	63.1	68.5	4	100
11/10/2015 21:50	75.3	72.6	64.4	64.5	69.4	4	100
11/10/2015 21:55	74.6	72.6	65.1	64.4	69.5	4	100
11/10/2015 22:00	75.1	72.9	68.2	62.7	70.2	4	100
11/10/2015 22:05	74.5	71	67.3	63.1	69.5	4	100
11/10/2015 22:10	73.8	69.8	64.2	59.9	67.7	4	100
11/10/2015 22:15	73.1	69	65	63.1	67.5	4	100
11/10/2015 22:20	73.5	69.1	67.5	64.2	68.6	4	100
11/10/2015 22:25	74	70.4	68.1	63.8	69.4	4	100
11/10/2015 22:30	74.6	70.9	67.8	65.7	70	4	100
11/10/2015 22:35	74.8	70.4	68.5	64	69.6	4	100
11/10/2015 22:40	75.9	71	69.4	64	70.1	4	100
11/10/2015 22:45	75.2	69.4	67	64	69.3	4	100
11/10/2015 22:50	74.8	69.2	65.3	66.9	69.2	4	100
11/10/2015 22:55	75.1	69	64.7	68.5	69.3	4	100
11/10/2015 23:00	74.2	68.4	58.4	62.5	65.7	4	100
11/10/2015 23:05	74.4	67.9	57.6	57.5	64.2	4	100
11/10/2015 23:10	73.5	69.7	62.4	57.5	65.8	4	100
11/10/2015 23:15	73.1	69.1	61.1	61.4	66.2	4	100
11/10/2015 23:20	74.1	69.5	63.2	61.7	67.4	4	100
11/10/2015 23:25	75.2	68.6	61.7	64.6	67.4	4	100
11/10/2015 23:30	74.6	69.8	62.9	60.1	67	4	100
11/10/2015 23:35	74.4	70.2	66.9	60	68	4	100
11/10/2015 23:40	74.6	69.4	65	62.3	67.7	4	100
11/10/2015 23:45	75	70.4	66	63.2	68	4	100
11/10/2015 23:50	75.2	70.9	67.7	60.3	68.6	4	100
11/10/2015 23:55	75.8	68.7	64.7	61.5	68.6	4	100
11/11/2015 00:00	74.8	71	67.4	62.8	68.7	4	100
11/11/2015 00:05	73.7	70.2	71	66.9	70.6	4	100
11/11/2015 00:10	74.3	70.1	67.5	60	67.9	4	100
11/11/2015 00:15	74	71.4	71.9	60.5	69.6	4	100
11/11/2015 00:20	73.8	71.7	71.1	63.7	70.3	4	100
11/11/2015 00:25	74.5	71.6	77.4	63.5	72.4	4	100
11/11/2015 00:30	73.3	70.6	65.3	57.8	67.4	4	100
11/11/2015 00:35	74.1	70.5	68.4	61.5	67.9	4	100
11/11/2015 00:40	73.9	70	66.4	61.7	67.9	4	100
11/11/2015 00:45	74.1	70.3	70	62.2	69.3	4	100
11/11/2015 00:50	74.5	70.6	64.5	62.5	68	4	100
11/11/2015 00:55	74.7	70.7	65	62.8	67.7	4	100
11/11/2015 01:00	74.5	71	65.3	63.2	68.5	4	100
11/11/2015 01:05	74.8	71.4	77.4	62.1	72.6	4	100
11/11/2015 01:10	74.8	71	70.8	62.3	69.8	4	100
11/11/2015 01:15	74.7	70.7	62.6	60.1	65.7	4	100
11/11/2015 01:20	74.4	70.3	59.3	62.1	65.9	4	100
11/11/2015 01:25	74.3	71.2	62.1	62.8	67.6	4	100
11/11/2015 01:30	74.3	70.9	62	62.4	67.3	4	100
11/11/2015 01:35	74.3	71	67	61.2	67.8	4	100
11/11/2015 01:40	74.6	71.2	67.8	61.8	68	4	100
11/11/2015 01:45	74.6	71	65.8	62.3	68.1	4	100
11/11/2015 01:50	74.7	71	64	62.8	66.9	4	100
11/11/2015 01:55	74.7	71.2	65.7	63.2	68.1	4	100
11/11/2015 02:00	74.8	71.1	72	62.8	70.8	4	100
11/11/2015 02:05	74.6	71	73.6	63	71.3	4	100
11/11/2015 02:10	74.7	70.8	65.1	62.1	67.8	4	100
11/11/2015 02:15	74.8	68.4	65.5	62.3	67.1	4	100
11/11/2015 02:20	74.9	69.8	62.7	60.9	66.7	4	100
11/11/2015 02:25	75	70.5	61.7	61.6	66.9	4	100
11/11/2015 02:30	74.9	70.8	65.9	62.4	68	4	100
11/11/2015 02:35	74.9	70.7	62.2	62.8	66.8	4	100
11/11/2015 02:40	74.9	70.8	65.4	63.1	67.1	4	100
11/11/2015 02:45	74.9	71	65.1	63.2	68.2	4	100
11/11/2015 02:50	74.9	71.1	60.3	63.1	65.2	4	100
11/11/2015 02:55	74.9	71.1	64.3	62.8	68.3	4	100
11/11/2015 03:00	74.8	71.2	66.9	63.1	68.3	4	100
11/11/2015 03:05	74.9	71.2	66.6	63.4	67.6	4	100
11/11/2015 03:10	74.8	71.4	69.2	62.6	69.3	4	100
11/11/2015 03:15	74.7	71.3	64.4	63	68.1	4	100
11/11/2015 03:20	74.8	71.3	55.4	60.8	63.7	4	100
11/11/2015 03:25	74.9	71.1	64.5	62.4	67	4	100
11/11/2015 03:30	74.9	71.1	68.7	63	69.1	4	100
11/11/2015 03:35	74.8	71	65.6	62.9	67.2	4	100
11/11/2015 03:40	74.8	71.1	64.2	63.4	66.8	4	100
11/11/2015 03:45	74.7	71	67.6	63.3	68.2	4	100
11/11/2015 03:50	74.7	71.1	65.6	62.4	66.6	4	100
11/11/2015 03:55	75	71.1	65.9	63	67.2	4	100
11/11/2015 04:00	74.9	70.8	64.8	62.7	67.9	4	100
11/11/2015 04:05	74.9	71	63.8	62.2	66.7	4	100
11/11/2015 04:10	74.9	71.2	64.3	61.8	66.7	4	100
11/11/2015 04:15	74.8	71.3	62.2	62.4	67	4	100
11/11/2015 04:20	74.9	71.3	61.4	62.8	67.5	4	100
11/11/2015 04:25	74.9	71.1	57	60.2	65	4	100
11/11/2015 04:30	75.1	71.2	56.7	62.2	64.8	4	100
11/11/2015 04:35	74.7	70.9	62.5	62.5	66.8	4	100
11/11/2015 04:40	74.5	70.8	64.7	61.4	67.3	4	100
11/11/2015 04:45	74.6	70.7	66.1	61.8	68	4	100
11/11/2015 04:50	74.7	71.4	69	60.4	68.9	4	100
11/11/2015 04:55	75.3	71.5	64.4	60.6	67.7	4	100
11/11/2015 05:00	75.2	70.6	67.9	60.5	68.4	4	100
11/11/2015 05:05	75.2	70.6	64.3	64.1	68.5	4	100
11/11/2015 05:10	75.8	71.9	59.8	63.8	68	4	100
11/11/2015 05:15	75	70.4	61.5	61.8	66.7	4	100
11/11/2015 05:20	75.4	70.8	64.2	62.4	68.3	4	100
11/11/2015 05:25	75.3	69.1	64.2	65.5	68.4	4	100
11/11/2015 05:30	73.9	69	61.4	66.6	67.9	4	100
11/11/2015 05:35	74.7	69.5	68	65.2	69.7	4	100
11/11/2015 05:40	75.5	69.5	70.2	68	71.2	4	100
11/11/2015 05:45	74.6	69.8	68.6	65	70.1	4	100
11/11/2015 05:50	74.4	69.8	73.1	65.9	71.3	4	100
11/11/2015 05:55	75.1	70.7	68.8	64.6	70.3	4	100
11/11/2015 06:00	74.5	69.3	64.1	64.3	68.7	4	100
11/11/2015 06:05	74.5	69.7	63.6	63.9	68.5	4	100
11/11/2015 06:10	75.4	70.3	65.9	62.9	69.3	4	100
11/11/2015 06:15	74.3	69.9	62.2	60.2	67.2	4	100
11/11/2015 06:20	73.9	70.1	64.9	60.6	68.4	4	100
11/11/2015 06:25	75.2	69.6	65.2	62.3	68.8	4	100
11/11/2015 06:30	74.3	69.8	64.2	60.2	67.9	4	100
11/11/2015 06:35	73.9	69.4	65.7	60.2	68.1	4	100
11/11/2015 06:40	73	68.2	70.1	58.4	68.3	4	100
11/11/2015 06:45	72.3	68	67.9	58.9	67.3	4	100
11/11/2015 06:50	71.8	69.1	68.2	57.6	67.3	4	100
11/11/2015 06:55	71.7	68.3	66.8	58.5	66.8	4	100
11/11/2015 07:00	71.7	67.3	64.5	58.5	66	4	100
11/11/2015 07:05	72.6	66.9	64.3	58.9	66.1	4	100
11/11/2015 07:10	72.4	69	69	60.9	68	4	100
11/11/2015 07:15	72.6	70.1	69.8	59.5	68.7	4	100
11/11/2015 07:20	73	69.6	65	59.8	67.2	4	100
11/11/2015 07:25	73.9	70.3	63.2	58.7	67.1	4	100
11/11/2015 07:30	73.6	70.2	69.2	59.1	69	4	100
11/11/2015 07:35	73	69.5	67	59.2	67.7	4	100
11/11/2015 07:40	73.6	68.8	65.1	58	66.7	4	100
11/11/2015 07:45	73.6	68.2	65.1	58.2	66.5	4	100
11/11/2015 07:50	72.5	68.4	66	58.3	66.9	4	100
11/11/2015 07:55	71.2	67.7	66.5	58.5	66.4	4	100
11/11/2015 08:00	70.7	67.4	66.8	58	66	4	100
11/11/2015 08:05	70.6	66.6	65.2	58	65	4	100
11/11/2015 08:10	69.3	65.8	60.9	57.9	63.8	4	100
11/11/2015 08:15	68.4	65.1	62.9	56.3	63.7	4	100
11/11/2015 08:20	69.8	65.5	61	57.1	63.5	4	100
11/11/2015 08:25	69.2	65.8	60.5	56.5	63.5	4	100
11/11/2015 08:30	68.3	64.7	62	56	63.3	4	100
11/11/2015 08:35	67.2	63	60.3	54.8	61.7	4	100
11/11/2015 08:40	70.5	64.9	64.9	54.5	64.3	4	100
11/11/2015 08:45	71.7	65.9	63.8	55.4	64.6	4	100
11/11/2015 08:50	72.9	66.4	63.3	57	64.9	4	100
11/11/2015 08:55	72.6	67	62.3	53.8	64.7	4	100
11/11/2015 09:00	72.4	67.3	62.7	55.7	64.6	4	100
11/11/2015 09:05	72.6	67.1	63.5	53.1	64.8	4	100
11/11/2015 09:10	72.4	68.2	66.2	55.8	66.4	4	100
11/11/2015 09:15	71.3	66.1	62.2	54.1	63.5	4	100
11/11/2015 09:20	72.5	66.9	64.4	54.7	65.2	4	100
11/11/2015 09:25	71.3	66.1	66	54.5	65.4	4	100
11/11/2015 09:30	71.7	66.2	62.2	56.1	64.5	4	100
11/11/2015 09:35	70.9	66.7	59.9	55.6	64	4	100
11/11/2015 09:40	71.9	66	59.3	56.7	63.7	4	100
11/11/2015 09:45	70.6	65.6	62.1	53.8	63.6	4	100
11/11/2015 09:50	70.9	65.8	60.7	52	62.7	4	100
11/11/2015 09:55	69.9	63.7	59.8	51.2	61.9	4	100
11/11/2015 10:00	70.2	63.2	58.1	51.7	61.3	4	100
11/11/2015 10:05	70.8	65.3	58.6	52.4	62.7	4	100
11/11/2015 10:10	71.2	65.8	56	53	62.1	4	100
11/11/2015 10:15	69.8	65.1	57.1	53.6	62	4	100
11/11/2015 10:20	70.2	65.6	58.3	52.1	62.6	4	100
11/11/2015 10:25	68.4	63.5	54.4	48.9	59.2	4	100
11/11/2015 10:30	68.8	62.8	56.7	47.9	59.9	4	100
11/11/2015 10:35	69.1	63.9	59.2	49	61.2	4	100
11/11/2015 10:40	69.9	64.8	60.8	49.8	62.1	4	100
11/11/2015 10:45	69.8	64	61.1	53.3	62.6	4	100
11/11/2015 10:50	70.1	63	60.4	53.5	62.7	4	100
11/11/2015 10:55	71.3	63.5	60.8	53.4	62.9	4	100
11/11/2015 11:00	71.3	63	57.3	50	61.5	4	100
11/11/2015 11:05	70.9	64.4	60.5	50.3	62.7	4	100
11/11/2015 11:10	69	65.7	59.4	52.1	62.3	4	100
11/11/2015 11:15	68.8	64.4	58.9	51.5	61.8	4	100
11/11/2015 11:20	68.8	64.6	57.3	50	61.1	4	100
11/11/2015 11:25	69.4	64.7	60.1	52.8	62.4	4	100
11/11/2015 11:30	68.6	64.2	58.3	52.1	61.5	4	100
11/11/2015 11:35	68.6	64	58.2	52.3	61.5	4	100
11/11/2015 11:40	69.1	63.2	56.3	53.8	60.9	4	100
11/11/2015 11:45	69.2	63.8	58.3	52.1	61.2	4	100
11/11/2015 11:50	67.7	62.8	61.1	52.6	61.6	4	100
11/11/2015 11:55	68.9	62.4	60.6	54.1	61.9	4	100
11/11/2015 12:00	67.3	61.2	58.8	52.7	60.4	4	100
11/11/2015 12:05	68.8	62.3	56.4	56.1	61.1	4	100
11/11/2015 12:10	68.3	63.3	56.9	54.3	61.2	4	100
11/11/2015 12:15	69.4	63.9	59.6	54.3	62.2	4	100
11/11/2015 12:20	68.4	63.9	56	50.6	60	4	100
11/11/2015 12:25	68.2	61.7	56.4	51.2	60.3	4	100
11/11/2015 12:30	67.1	61	58.4	48.6	59.5	4	100
11/11/2015 12:35	69	63	59.7	51.4	61.4	4	100
11/11/2015 12:40	68.9	62.5	61.2	50.6	61.3	4	100
11/11/2015 12:45	68.6	62.8	57.6	51.1	60.7	4	100
11/11/2015 12:50	68.4	62.8	59.6	52.3	61.1	4	100
11/11/2015 12:55	69.5	63	57.9	50.3	60.7	4	100
11/11/2015 13:00	71	64	61	51.1	62.4	4	100
11/11/2015 13:05	68.6	63	61.8	51.7	62.1	4	100
11/11/2015 13:10	68.6	64.4	61.3	54	62.8	4	100
11/11/2015 13:15	68	63.9	58.9	51.6	61	4	100
11/11/2015 13:20	66.9	62.1	54.8	51	59.5	4	100
11/11/2015 13:25	66.9	62.3	57.6	53.9	60.6	4	100
11/11/2015 13:30	66.5	60.4	55.7	50.5	59	4	100
11/11/2015 13:35	65.4	59.2	55.8	52.2	58.5	4	100
11/11/2015 13:40	66	62.2	55.8	51.6	59.4	4	100
11/11/2015 13:45	66.3	61.8	57.2	49.2	59.3	4	100
11/11/2015 13:50	64.7	60	55.6	48.3	57.6	4	100
11/11/2015 13:55	58.8	54.4	50.5	44.4	52.5	4	100
11/11/2015 14:00	57.7	54.3	49	42.5	51.4	4	100
11/11/2015 14:05	56.1	52.3	49.3	42.4	50.4	4	100
11/11/2015 14:10	55.9	52	49.1	44.6	50.7	4	100
11/11/2015 14:15	56.3	51.8	50.8	42.8	50.7	4	100
11/11/2015 14:20	55.1	51	49.4	43.1	50.1	4	100
11/11/2015 14:25	53.9	50.1	47.1	41.1	48.4	4	100
11/11/2015 14:30	53.5	50.2	46.2	41.6	48.2	4	100
11/11/2015 14:35	54	50.1	47.9	41.7	48.7	4	100
11/11/2015 14:40	54.5	51.2	49	40.4	49.1	4	100
11/11/2015 14:45	52.8	49	46.5	41.5	47.8	4	100
11/11/2015 14:50	49.5	44.5	41.1	35.9	43.2	4	100
11/11/2015 14:55	46.2	41.6	39.3	33.7	40.5	4	100
11/11/2015 15:00	40	34	32.8	29	34.1	4	100
11/11/2015 15:05	37.4	30.9	28.5	27.6	31.3	4	100
11/11/2015 15:10	39.9	35.3	34.6	33.6	35.9	4	100
11/11/2015 15:15	44.1	39.5	35.7	35.5	38.9	4	100
11/11/2015 15:20	37.3	31.7	29.5	31.3	32.6	4	100
11/11/2015 15:25	35.5	28.1	25.9	28.9	29.7	4	100
11/11/2015 15:30	32.7	29.5	27	26.3	28.9	4	100
11/11/2015 15:35	36.9	33.8	32.3	30.3	33.3	4	100
11/11/2015 15:40	34.2	30	26.8	27.8	29.8	4	100
11/11/2015 15:45	37.6	32	29.1	26.3	31.3	4	100
11/11/2015 15:50	36.2	28.9	25.4	24.2	28.8	4	100
11/11/2015 15:55	40.6	34.7	34.1	30.7	35.1	4	100
11/11/2015 16:00	45.2	40.1	41.6	34.5	40.5	4	100
11/11/2015 16:05	49.9	45.4	44.9	36.5	44.1	4	100
11/11/2015 16:10	57.1	53.6	54	45.8	52.8	4	100
11/11/2015 16:15	56.3	54.7	55.6	45.7	53.2	4	100
11/11/2015 16:20	55.5	51.2	53.8	46.5	51.9	4	100
11/11/2015 16:25	59.3	55.6	59.2	48.1	55.7	4	100
11/11/2015 16:30	57.9	52.7	53.7	42.5	51.7	4	100
11/11/2015 16:35	52.1	49.4	50.6	41.6	48.7	4	100
11/11/2015 16:40	45.7	42.2	42.1	34.4	41.2	4	100
11/11/2015 16:45	40.2	37.3	34.3	30	35.6	4	100
11/11/2015 16:50	41.2	37.1	33.9	27.9	35.2	4	100
11/11/2015 16:55	44.2	38.2	35.7	26	36.2	4	100
11/11/2015 17:00	42	35.7	28.9	20.6	32.7	4	100
11/11/2015 17:05	44.8	38.4	30.6	25.9	35.3	4	100
11/11/2015 17:10	46.2	40.6	30.9	25.5	36.5	4	100
11/11/2015 17:15	40.7	34.9	24.7	23.4	31.3	4	100
11/11/2015 17:20	38.1	32.3	23.7	23.4	29.8	4	100
11/11/2015 17:25	40.3	33.4	23.4	24.4	30.7	4	100
11/11/2015 17:30	43.2	37.3	32.3	27.8	35.6	4	100
11/11/2015 17:35	45.6	41.3	39	32.3	39.9	4	100
11/11/2015 17:40	45.3	40.7	31.1	27.8	36.7	4	100
11/11/2015 17:45	45.2	37.2	27.8	26.4	34.4	4	100
11/11/2015 17:50	45.7	39.1	32.5	30.8	37	4	100
11/11/2015 17:55	49.6	43.7	41.2	36.7	43	4	100
11/11/2015 18:00	50.6	46.3	41.4	34.4	43.5	4	100
11/11/2015 18:05	56.8	52.1	50	41.4	50.5	4	100
11/11/2015 18:10	59.8	54.3	54.3	46	53.9	4	100
11/11/2015 18:15	60.5	55.6	56.5	47.8	55.3	4	100
11/11/2015 18:20	58.4	54.1	55.2	47.2	53.9	4	100
11/11/2015 18:25	55.7	52.2	52.7	43.8	51.2	4	100
11/11/2015 18:30	56.1	52.1	52.7	45.4	51.8	4	100
11/11/2015 18:35	59.5	54.3	55.9	47.3	54.4	4	100
11/11/2015 18:40	60.8	56.1	57.7	48.1	56.1	4	100
11/11/2015 18:45	60.9	58.1	58	49.4	56.7	4	100
11/11/2015 18:50	61.1	58.1	58	51.9	57.7	4	100
11/11/2015 18:55	60.8	57.4	56	48.1	55.9	4	100
11/11/2015 19:00	61	57.3	55.4	48.5	55.8	4	100
11/11/2015 19:05	62.2	58.2	57.9	49.9	57.4	4	100
11/11/2015 19:10	62.1	57.1	58.1	51.3	57.4	4	100
11/11/2015 19:15	61.7	57.2	57.9	48.1	56.6	4	100
11/11/2015 19:20	62.4	57.5	57	48.8	56.8	4	100
11/11/2015 19:25	62.3	59.4	60.7	51.1	58.9	4	100
11/11/2015 19:30	62.6	59.4	61	52.3	59.4	4	100
11/11/2015 19:35	63	60.4	58.1	52.1	58.8	4	100
11/11/2015 19:40	63	61.3	62.5	50.9	59.8	4	100
11/11/2015 19:45	64.4	61.2	62.1	53.8	60.9	4	100
11/11/2015 19:50	65.8	61.7	62	54.5	61.8	4	100
11/11/2015 19:55	65.6	61.4	61.2	55	61.2	4	100
11/11/2015 20:00	66.5	63.1	62.2	57	62.6	4	100
11/11/2015 20:05	67.1	63.5	65.4	57.8	63.8	4	100
11/11/2015 20:10	68	64.8	65.9	57.4	64.6	4	100
11/11/2015 20:15	68.1	64.5	64.2	55.6	63.7	4	100
11/11/2015 20:20	68.2	64.6	65	56	64.3	4	100
11/11/2015 20:25	69	64.6	65.4	56.7	64.5	4	100
11/11/2015 20:30	69.9	64.7	63.5	55.5	64.2	4	100
11/11/2015 20:35	70.1	64.4	65.7	55.2	64.3	4	100
11/11/2015 20:40	69.6	65.4	66.1	57.2	65.2	4	100
11/11/2015 20:45	69.1	66.1	67.4	56.1	65.3	4	100
11/11/2015 20:50	69.7	65.9	66	57.8	65.5	4	100
11/11/2015 20:55	70.7	65.7	65.3	55.8	65.1	4	100
11/11/2015 21:00	71.1	66.5	68.4	60.3	66.9	4	100
11/11/2015 21:05	72.7	68.2	66.5	58.3	66.9	4	100
11/11/2015 21:10	73.2	69.4	66.4	60.1	67.7	4	100
11/11/2015 21:15	72.7	69.9	67	61.9	68.2	4	100
11/11/2015 21:20	74.1	71.4	66.6	58.3	68.2	4	100
11/11/2015 21:25	74.8	71.8	68.9	59.6	69	4	100
11/11/2015 21:30	74.3	72.6	70.1	60.8	70.4	4	100
11/11/2015 21:35	74	71.9	65.2	61.7	68.8	4	100
11/11/2015 21:40	74.5	72.1	64.6	63.7	68.8	4	100
11/11/2015 21:45	75.5	72.1	68.7	65.6	70.9	4	100
11/11/2015 21:50	77	72.3	68.3	67.4	71.5	4	100
11/11/2015 21:55	76.8	73.6	70.3	63.9	71.6	4	100
11/11/2015 22:00	75.9	72.8	71.8	62.1	71.3	4	100
11/11/2015 22:05	75.5	69.9	69.3	61.7	69.9	4	100
11/11/2015 22:10	74.6	68.7	65.9	62.5	68.3	4	100
11/11/2015 22:15	73.9	69	67.2	63.2	68.8	4	100
11/11/2015 22:20	75.4	70	66.5	60.1	68.8	4	100
11/11/2015 22:25	75	71.1	71.2	65.3	71	4	100
11/11/2015 22:30	75.7	71.3	65	65.3	69.6	4	100
11/11/2015 22:35	76.8	70.9	67.9	63.1	69.9	4	100
11/11/2015 22:40	76.2	70.4	65.5	61	68.6	4	100
11/11/2015 22:45	76	71.7	65.3	61.9	69.4	4	100
11/11/2015 22:50	76.7	71.8	65.3	64.6	69.5	4	100
11/11/2015 22:55	76.6	72.6	66.5	62	69.8	4	100
11/11/2015 23:00	73.6	71.2	63.4	61.8	68	4	100
11/11/2015 23:05	72.5	72.5	67.6	60.1	68.7	4	100
11/11/2015 23:10	73.7	71.6	67.3	63.2	69	4	100
11/11/2015 23:15	74.6	70.9	66.7	63.1	68.9	4	100
11/11/2015 23:20	74.5	69.9	66.7	66.1	69.5	4	100
11/11/2015 23:25	75.2	70.8	67.4	65.4	70	4	100
11/11/2015 23:30	75.3	69	60.8	63	67.1	4	100
11/11/2015 23:35	74.6	69.4	60.3	65.8	67.2	4	100
11/11/2015 23:40	75	70.4	66.8	66.2	69.4	4	100
11/11/2015 23:45	75.2	70.8	68.4	65.8	69.9	4	100
11/11/2015 23:50	75.1	72.3	70.1	66.1	71.2	4	100
11/11/2015 23:55	75.6	71	61.2	64.1	67.9	4	100
11/12/2015 00:00	74.8	71	67.4	62.8	69.5	4	100
11/12/2015 00:05	74.8	70.7	64.7	56.5	66.7	4	100
11/12/2015 00:10	75.3	71.3	63.3	61.2	67.6	4	100
11/12/2015 00:15	75.2	70.8	63.6	61.9	68.2	4	100
11/12/2015 00:20	74.9	70.8	63.1	61.6	67.5	4	100
11/12/2015 00:25	74.2	71.2	64.3	64.3	68.5	4	100
11/12/2015 00:30	74.1	70.2	65.8	65.4	68.6	4	100
11/12/2015 00:35	74.3	70.1	65.2	65.2	68.6	4	100
11/12/2015 00:40	74.6	68.5	68.1	66.2	68.8	4	100
11/12/2015 00:45	74.6	69.7	64.2	65.4	68.3	4	100
11/12/2015 00:50	73.3	70.8	64.2	63.5	68	4	100
11/12/2015 00:55	74	70.8	65.5	62	68.1	4	100
11/12/2015 01:00	74	71	69.9	60.2	69.8	4	100
11/12/2015 01:05	74.3	70.6	73	60.9	70.1	4	100
11/12/2015 01:10	74.4	70.9	71.1	61.4	70.7	4	100
11/12/2015 01:15	74.5	70.6	62.9	62.5	67.1	4	100
11/12/2015 01:20	74.6	70.9	60.1	63.2	66.7	4	100
11/12/2015 01:25	74.6	70.8	62.9	63.3	68.3	4	100
11/12/2015 01:30	74.8	70.8	61.9	63	66.9	4	100
11/12/2015 01:35	74.8	70.9	62.4	63.8	67	4	100
11/12/2015 01:40	75	71.3	62.8	63.2	67.2	4	100
11/12/2015 01:45	74.8	71.5	65.2	63.4	69	4	100
11/12/2015 01:50	74.7	71.5	62.7	63.2	67.4	4	100
11/12/2015 01:55	74.7	71.3	66.8	63.6	68.5	4	100
11/12/2015 02:00	74.7	70.8	66.4	63.4	68.7	4	100
11/12/2015 02:05	74.6	70.8	68.6	63.1	69	4	100
11/12/2015 02:10	74.7	71	56.7	62.9	65.9	4	100
11/12/2015 02:15	74.7	71.1	57	62.4	64.1	4	100
11/12/2015 02:20	74.6	71.3	56.2	61.8	65.5	4	100
11/12/2015 02:25	74.8	71.2	59.2	62.4	66.4	4	100
11/12/2015 02:30	74.8	71.1	62.4	62.9	66.5	4	100
11/12/2015 02:35	74.9	71	66.4	62.7	68.1	4	100
11/12/2015 02:40	75.1	71	59.9	62.4	64.8	4	100
11/12/2015 02:45	74.8	70.9	53.5	62	63.5	4	100
11/12/2015 02:50	74.7	70.8	54.9	62.3	63.3	4	100
11/12/2015 02:55	74.8	71	56	62.9	63.8	4	100
11/12/2015 03:00	74.9	71	60.7	62.6	65.9	4	100
11/12/2015 03:05	74.9	70.9	63	63.2	65.8	4	100
11/12/2015 03:10	75	70.8	63.1	62.1	67.1	4	100
11/12/2015 03:15	75.1	70.7	61	62.8	65.6	4	100
11/12/2015 03:20	75.1	71	59.9	62.3	63.9	4	100
11/12/2015 03:25	74.8	69.7	60	62.7	65	4	100
11/12/2015 03:30	74.7	70.2	58.7	61.2	63.7	4	100
11/12/2015 03:35	74.8	70.6	54.7	62.1	63.5	4	100
11/12/2015 03:40	74.7	70.8	55.4	62.1	62.9	4	100
11/12/2015 03:45	74.8	70.9	62.2	62.8	65.6	4	100
11/12/2015 03:50	74.7	71	63.8	62.8	66.3	4	100
11/12/2015 03:55	74.8	71.1	61	62.2	65.7	4	100
11/12/2015 04:00	74.9	70.9	61.9	61.8	66.7	4	100
11/12/2015 04:05	74.8	70.7	63.6	62.1	67.5	4	100
11/12/2015 04:10	74.8	70.7	61.9	61.4	66.5	4	100
11/12/2015 04:15	74.7	68.9	62	62.4	66.5	4	100
11/12/2015 04:20	74.9	69.7	63.6	63	68.1	4	100
11/12/2015 04:25	75	69.9	62.2	62.6	66.4	4	100
11/12/2015 04:30	75	70.8	58.8	60.7	66.4	4	100
11/12/2015 04:35	75.5	70.2	68.3	59.5	69.6	4	100
11/12/2015 04:40	75	70.9	75	61.5	71.6	4	100
11/12/2015 04:45	74.8	70.8	73.3	62.1	70.4	4	100
11/12/2015 04:50	74.6	70.3	73.1	62.1	70.1	4	100
11/12/2015 04:55	75.1	70.3	71.3	60.5	69.6	4	100
11/12/2015 05:00	76.1	71.9	70.4	59.8	70.2	4	100
11/12/2015 05:05	77	70.2	68.2	61.6	69.5	4	100
11/12/2015 05:10	76.9	71	71.5	66	71.5	4	100
11/12/2015 05:15	77.1	71.7	71.1	64	71.7	4	100
11/12/2015 05:20	75.5	71.4	68.7	64.7	70.4	4	100
11/12/2015 05:25	74.8	71.8	70.8	65.2	70.7	4	100
11/12/2015 05:30	76.5	71.7	74.5	63.6	72.4	4	100
11/12/2015 05:35	75.8	71.5	68	62.3	70.1	4	100
11/12/2015 05:40	75.8	72.7	72.9	65.2	72.2	4	100
11/12/2015 05:45	74.8	71.4	70.8	63.3	70.7	4	100
11/12/2015 05:50	74.7	69.9	73.2	60.3	70.4	4	100
11/12/2015 05:55	74.3	69.4	70.1	62.6	70	4	100
11/12/2015 06:00	74.1	69.7	70.4	63.6	70.1	4	100
11/12/2015 06:05	72.7	68.9	64.5	66.5	68.8	4	100
11/12/2015 06:10	72.4	69.5	64.4	60.3	67.1	4	100
11/12/2015 06:15	73.3	70.7	66.1	62.2	68.7	4	100
11/12/2015 06:20	74.1	71.3	69.7	65.1	70.6	4	100
11/12/2015 06:25	74.2	70.8	68.2	62.4	69.2	4	100
11/12/2015 06:30	73.3	70	70.3	61.5	69.2	4	100
11/12/2015 06:35	72.1	68.5	66.7	59.2	67.2	4	100
11/12/2015 06:40	72.6	68.8	68.8	60.6	68.3	4	100
11/12/2015 06:45	72.8	68.1	67.6	57.4	67.1	4	100
11/12/2015 06:50	72	69	66	59.3	67	4	100
11/12/2015 06:55	72.1	67.9	68.8	60.7	67.9	4	100
11/12/2015 07:00	72.5	67.8	67.3	59.8	67.5	4	100
11/12/2015 07:05	71.6	67.2	67	59.5	66.9	4	100
11/12/2015 07:10	70.8	66.5	70.7	59.1	67.2	4	100
11/12/2015 07:15	69	64.9	64.4	59.3	64.6	4	100
11/12/2015 07:20	68.8	64.5	66.3	59	65	4	100
11/12/2015 07:25	65.9	62.7	63	58.8	63	4	100
11/12/2015 07:30	66.3	63.5	63.5	57.4	63.1	4	100
11/12/2015 07:35	67.6	63.7	64.9	58.9	63.8	4	100
11/12/2015 07:40	67	64.6	65.3	56.2	63.7	4	100
11/12/2015 07:45	67.7	65	65.5	56.1	63.6	4	100
11/12/2015 07:50	68.6	64.9	65.7	57.5	64.6	4	100
11/12/2015 07:55	68.5	65.2	63.4	57.7	63.8	4	100
11/12/2015 08:00	68.1	65.5	66.9	58.6	65.1	4	100
11/12/2015 08:05	68.4	64.8	68.4	58.8	65.4	4	100
11/12/2015 08:10	67.1	65	65.2	57.1	64	4	100
11/12/2015 08:15	67.9	63.9	60.4	54.7	61.8	4	100
11/12/2015 08:20	64.4	59.8	56.2	49.1	57.6	4	100
11/12/2015 08:25	65.5	62.3	58.3	50.7	59.5	4	100
11/12/2015 08:30	66.3	62.8	62.1	53.1	61.2	4	100
11/12/2015 08:35	67.5	62.1	61	53.8	61.6	4	100
11/12/2015 08:40	67.4	61.8	62.4	56	62.3	4	100
11/12/2015 08:45	66.9	63.2	61	52.9	61.3	4	100
11/12/2015 08:50	63.4	59.9	58.3	52	58.6	4	100
11/12/2015 08:55	67.1	62.9	61.4	55.3	61.9	4	100
11/12/2015 09:00	68.4	65	62.3	58.3	63.8	4	100
11/12/2015 09:05	68.7	65.1	62.4	57	63.6	4	100
11/12/2015 09:10	68.9	64.9	61.8	55.1	63.3	4	100
11/12/2015 09:15	70.3	66.3	63.4	55	64	4	100
11/12/2015 09:20	68.3	63.9	60.9	54.1	62	4	100
11/12/2015 09:25	69.6	64.3	59.8	55.9	62.7	4	100
11/12/2015 09:30	70.2	64.4	60.1	56.8	63.2	4	100
11/12/2015 09:35	69.9	64.9	60.5	57.3	63.5	4	100
11/12/2015 09:40	71.5	65.4	60.2	54.3	63	4	100
11/12/2015 09:45	70.6	66.3	60	55.2	63.5	4	100
11/12/2015 09:50	70.3	66.2	62.2	53.3	63.4	4	100
11/12/2015 09:55	69	65.5	59.8	50.3	61.2	4	100
11/12/2015 10:00	71.6	66.5	58.7	53.1	62.8	4	100
11/12/2015 10:05	71.7	67.3	60.9	54.1	64.1	4	100
11/12/2015 10:10	70.3	65.9	58.8	55	63.4	4	100
11/12/2015 10:15	70.8	66.5	60	55.3	63.6	4	100
11/12/2015 10:20	69.8	63.8	60.2	53.5	62.4	4	100
11/12/2015 10:25	70.3	64.6	58.3	55.5	62.9	4	100
11/12/2015 10:30	68.5	64.1	58	55.2	61.8	4	100
11/12/2015 10:35	68.5	64.1	59.6	54.6	62.3	4	100
11/12/2015 10:40	68.1	61.5	56.5	52.2	60.1	4	100
11/12/2015 10:45	67.5	62.4	59	52.8	60.9	4	100
11/12/2015 10:50	68.2	62.7	57	51.3	60.3	4	100
11/12/2015 10:55	68.5	62.1	55	51.5	60	4	100
11/12/2015 11:00	67.3	62.6	56.2	50.6	60.1	4	100
11/12/2015 11:05	66.3	61.9	59.2	49.4	59.6	4	100
11/12/2015 11:10	68.1	63.7	58.8	50.2	60.8	4	100
11/12/2015 11:15	68.6	63.7	56.6	49.3	59.8	4	100
11/12/2015 11:20	67.8	62.9	54.1	50.2	59.4	4	100
11/12/2015 11:25	64.6	60.2	55.2	52.1	58.2	4	100
11/12/2015 11:30	68.2	62	58.1	49.6	60.1	4	100
11/12/2015 11:35	68.4	62.4	57	49	59.8	4	100
11/12/2015 11:40	67.7	61.6	56.3	50.5	59.7	4	100
11/12/2015 11:45	67.8	62.4	56.1	48.9	59.7	4	100
11/12/2015 11:50	68	63.2	57.9	48	59.8	4	100
11/12/2015 11:55	68.6	62	57.6	50.3	60.5	4	100
11/12/2015 12:00	67.9	62.7	58.2	52.5	60.9	4	100
11/12/2015 12:05	69.5	62.9	57.4	52.2	61.4	4	100
11/12/2015 12:10	68.5	62.8	57.2	51.6	60.8	4	100
11/12/2015 12:15	67.6	60.3	54	50.9	58.6	4	100
11/12/2015 12:20	67.9	61	53.1	48.9	58.5	4	100
11/12/2015 12:25	66.6	62.1	54.1	50	58.7	4	100
11/12/2015 12:30	65.1	59.4	50.8	52.2	57.4	4	100
11/12/2015 12:35	66.4	60.9	54.3	50.6	58.3	4	100
11/12/2015 12:40	67.2	61.1	55	48.8	58.5	4	100
11/12/2015 12:45	67.8	62.7	56.3	49.8	59.4	4	100
11/12/2015 12:50	68	62.2	54.3	50.8	59.4	4	100
11/12/2015 12:55	66.9	61.8	54.6	49.6	58.6	4	100
11/12/2015 13:00	64	60.7	54.1	51.3	57.8	4	100
11/12/2015 13:05	65.2	61.5	55.5	52.4	58.7	4	100
11/12/2015 13:10	64	59.9	55.2	51	58	4	100
11/12/2015 13:15	62.9	58.2	55	49	56.8	4	100
11/12/2015 13:20	61	54.9	50.5	44.1	52.9	4	100
11/12/2015 13:25	57.6	51.8	46.7	41	49.6	4	100
11/12/2015 13:30	53.6	48.5	45.3	40.3	47.3	4	100
11/12/2015 13:35	53.6	48.6	45.4	41.4	47.6	4	100
11/12/2015 13:40	55	50.5	46.9	43.7	49.2	4	100
11/12/2015 13:45	52.3	48.2	43.8	40.1	46.5	4	100
11/12/2015 13:50	48.5	43.4	38.3	33.4	41.5	4	100
11/12/2015 13:55	47.2	41.5	39.2	33.5	40.6	4	100
11/12/2015 14:00	51.2	47	42.7	37.3	44.8	4	100
11/12/2015 14:05	52.8	48.4	44.3	39.8	46.7	4	100
11/12/2015 14:10	53.1	49.4	46.2	41.3	47.8	4	100
11/12/2015 14:15	51.6	48.1	45.8	41.3	47	4	100
11/12/2015 14:20	51.6	48.8	46.1	42.3	47.4	4	100
11/12/2015 14:25	48.3	45.7	44.7	37.9	44.4	4	100
11/12/2015 14:30	47.9	45.2	44.8	38.5	44.3	4	100
11/12/2015 14:35	51.6	48.9	44.4	41.1	46.8	4	100
11/12/2015 14:40	34.2	34.6	31.5	29	32.4	4	100
11/12/2015 14:45	25.8	24	22.6	23	23.9	4	100
11/12/2015 14:50	21.4	20.7	21.7	22.4	21.5	4	100
11/12/2015 14:55	25.2	22	25.8	25	24.5	4	100
11/12/2015 15:00	19.4	18.2	21.2	21.9	20.2	4	100
11/12/2015 15:05	22.9	21.2	21.7	24.4	22.6	4	100
11/12/2015 15:10	24.8	21.7	20.2	19.5	21.7	4	100
11/12/2015 15:15	22.1	21.3	19.8	17.5	20.3	4	100
11/12/2015 15:20	19.3	23.2	22.3	17.7	20.7	4	100
11/12/2015 15:25	24.3	24.1	22	19.8	22.7	4	100
11/12/2015 15:30	19.8	19.6	19.8	16.5	18.9	4	100
11/12/2015 15:35	27.4	24.8	24.8	19.2	24.2	4	100
11/12/2015 15:40	27.1	22.1	21.2	16.8	22.2	4	100
11/12/2015 15:45	23.1	20.4	19.2	14.6	19.5	4	100
11/12/2015 15:50	18	16.2	15.8	13	15.8	4	100
11/12/2015 15:55	21	19.2	15.3	11.8	17.2	4	100
11/12/2015 16:00	22.5	20.6	15.1	14.3	18.4	4	100
11/12/2015 16:05	22.4	20.1	13.4	13.4	17.8	4	100
11/12/2015 16:10	16.5	15	10.7	11.2	13.5	4	100
11/12/2015 16:15	13.9	13.9	11.3	10.6	12.5	4	100
11/12/2015 16:20	14.5	13.2	10.3	10.1	12.2	4	100
11/12/2015 16:25	14.6	13.5	11.9	11.2	12.9	4	100
11/12/2015 16:30	16	13.3	11.4	9.8	13	4	100
11/12/2015 16:35	18.9	14.7	11.8	9.6	14.2	4	100
11/12/2015 16:40	21.9	16.5	12.3	10.4	15.8	4	100
11/12/2015 16:45	19.7	15.8	12.5	9.3	14.7	4	100
11/12/2015 16:50	15	13.6	10.6	7.9	12.2	4	100
11/12/2015 16:55	18.1	14.4	11.7	10.6	14	4	100
11/12/2015 17:00	19	15.3	12.8	9.5	14.7	4	100
11/12/2015 17:05	18.9	15.4	12	9	14.4	4	100
11/12/2015 17:10	15.9	13.6	11.7	9.4	12.9	4	100
11/12/2015 17:15	19.3	15.4	10.7	8.7	14.3	4	100
11/12/2015 17:20	24.1	18.8	10.3	8.8	16.6	4	100
11/12/2015 17:25	19.7	17	11.3	12.7	15.3	4	100
11/12/2015 17:30	20.9	15.7	11.7	12.9	15.6	4	100
11/12/2015 17:35	23.9	17.8	10.8	11.1	16.8	4	100
11/12/2015 17:40	28.4	21.5	12	12.5	19.3	4	100
11/12/2015 17:45	27.7	21.9	12.5	11.4	19.3	4	100
11/12/2015 17:50	25	18.5	11.9	9.5	17.4	4	100
11/12/2015 17:55	23.8	18.5	12.2	8.5	16.3	4	100
11/12/2015 18:00	25.8	18.9	13.1	9.1	17.9	4	100
11/12/2015 18:05	29.5	22.7	14.4	12.1	20.4	4	100
11/12/2015 18:10	31.2	23.2	15.5	12	21.2	4	100
11/12/2015 18:15	22.1	19.2	13.2	9.4	16.7	4	100
11/12/2015 18:20	21.1	18.3	12.1	10.5	16	4	100
11/12/2015 18:25	26.6	22.8	13.4	12.9	19.5	4	100
11/12/2015 18:30	25.6	21.5	13.7	13.7	19	4	100
11/12/2015 18:35	27.2	23.8	17.1	16.3	21.3	4	100
11/12/2015 18:40	31	27.2	22	21.7	25.7	4	100
11/12/2015 18:45	25.2	23.5	18.3	17.6	21.5	4	100
11/12/2015 18:50	22.8	21.9	16.4	17.2	19.8	4	100
11/12/2015 18:55	25.1	20	16.8	16.7	20.1	4	100
11/12/2015 19:00	33.2	27	25.4	20.1	26.7	4	100
11/12/2015 19:05	37.9	31.9	28.8	26.1	31.4	4	100
11/12/2015 19:10	42.2	37.6	35.1	32.2	36.9	4	100
11/12/2015 19:15	44.9	40.4	40.4	36.2	40.5	4	100
11/12/2015 19:20	44	39.7	37.5	33.3	38.7	4	100
11/12/2015 19:25	38.9	35	30.4	32.8	34.4	4	100
11/12/2015 19:30	44.1	40.5	37.2	36.8	39.8	4	100
11/12/2015 19:35	46.2	41.6	40.8	37.5	41.6	4	100
11/12/2015 19:40	48.6	43.6	42.8	40.2	43.9	4	100
11/12/2015 19:45	49.5	46	46.1	41.9	46	4	100
11/12/2015 19:50	50.9	47.7	47.3	41.6	47.1	4	100
11/12/2015 19:55	52	48.7	46.1	43	47.7	4	100
11/12/2015 20:00	52.6	49.7	46.2	43.3	48.1	4	100
11/12/2015 20:05	57.8	55.1	54.2	48.7	54.2	4	100
11/12/2015 20:10	59.3	57.1	57.8	50.5	56.5	4	100
11/12/2015 20:15	61.1	57.4	60.5	53.8	58.5	4	100
11/12/2015 20:20	60	57.3	58.8	54.6	57.8	4	100
11/12/2015 20:25	61.4	59.7	60.1	54.6	59.2	4	100
11/12/2015 20:30	62.4	61.3	62	55.3	60.5	4	100
11/12/2015 20:35	65.1	62.5	61.6	54.6	61.5	4	100
11/12/2015 20:40	64.8	62.5	63.1	55.7	62.1	4	100
11/12/2015 20:45	65.1	63.5	64.1	57.9	63.1	4	100
11/12/2015 20:50	63.8	60.2	60.8	56	60.7	4	100
11/12/2015 20:55	64.3	61.6	63.1	56.1	61.6	4	100
11/12/2015 21:00	68.9	65.9	64.4	59.5	65	4	100
11/12/2015 21:05	73.1	69.3	65.5	60.1	67.7	4	100
11/12/2015 21:10	74.3	69.9	66.9	61.4	68.5	4	100
11/12/2015 21:15	75.1	70.4	64.4	63.1	68.6	4	100
11/12/2015 21:20	75	70.7	66.6	63.5	69.5	4	100
11/12/2015 21:25	76.4	71.9	66.6	63.8	70.2	4	100
11/12/2015 21:30	75.2	71.7	63.7	63.5	69.2	4	100
11/12/2015 21:35	75.6	71.6	67	67.9	70.7	4	100
11/12/2015 21:40	75.7	72.5	69.6	67.6	71.7	4	100
11/12/2015 21:45	76.8	72.8	66.1	67.5	71.1	4	100
11/12/2015 21:50	77.6	72.9	66.5	63.4	71	4	100
11/12/2015 21:55	79.9	73.7	68.1	60.5	71.4	4	100
11/12/2015 22:00	76.3	73.3	67.4	62.4	70.1	4	100
11/12/2015 22:05	74.3	70.7	69.1	61.6	69.5	4	100
11/12/2015 22:10	73.5	70.2	66.8	62.2	68.7	4	100
11/12/2015 22:15	74.5	70.6	70.2	62.7	70.1	4	100
11/12/2015 22:20	74.3	70.5	68.7	63.7	69.5	4	100
11/12/2015 22:25	73.2	70.2	65.5	63.4	68.7	4	100
11/12/2015 22:30	73.9	71.3	63	62.3	67.7	4	100
11/12/2015 22:35	74.6	71.4	64.3	65.8	68.8	4	100
11/12/2015 22:40	74.4	71.8	62.8	65.1	68.7	4	100
11/12/2015 22:45	73.3	70.7	59.1	62.6	67	4	100
11/12/2015 22:50	73.1	70.9	63.8	64.4	68.1	4	100
11/12/2015 22:55	74.2	71.4	61.6	63.8	67.6	4	100
11/12/2015 23:00	73.6	71.4	62.5	62.9	67.7	4	100
11/12/2015 23:05	73	70.9	65.2	62.9	68.7	4	100
11/12/2015 23:10	73.9	70.5	66	57.8	67.3	4	100
11/12/2015 23:15	74.5	67.3	68.6	59.5	67.8	4	100
11/12/2015 23:20	75.9	68.9	68.4	55.4	67.8	4	100
11/12/2015 23:25	75.7	68.9	70.5	57.9	68.4	4	100
11/12/2015 23:30	75.9	68.4	65.4	57.2	67.9	4	100
11/12/2015 23:35	75.4	71.3	68	57.8	68.9	4	100
11/12/2015 23:40	76	72.2	62.5	59.9	67.6	4	100
11/12/2015 23:45	76	70.9	67.2	57.3	67.7	4	100
11/12/2015 23:50	76.5	72.8	67.2	61	70.5	4	100
11/12/2015 23:55	75.9	70.1	63.8	56.2	67.4	4	100
11/13/2015 00:00	74.8	71	71.3	62.8	70.4	4	100
11/13/2015 00:05	75.6	71.7	69	65	70.7	4	100
11/13/2015 00:10	75.3	70.5	67.2	66.2	69.4	4	100
11/13/2015 00:15	75	70.2	65.9	65.4	68.8	4	100
11/13/2015 00:20	75.8	71.1	70.8	65.7	71.3	4	100
11/13/2015 00:25	74.7	68.6	65.8	65.6	68.5	4	100
11/13/2015 00:30	75.4	70.4	64.5	65.1	68.6	4	100
11/13/2015 00:35	74.9	71.1	59.5	63.9	68	4	100
11/13/2015 00:40	75.2	68	61.4	64.1	66.4	4	100
11/13/2015 00:45	75.2	70.2	61.6	63.6	67.2	4	100
11/13/2015 00:50	75	67.3	58.7	63	65.8	4	100
11/13/2015 00:55	75.1	68.8	62.8	61	66.5	4	100
11/13/2015 01:00	74.9	70.1	59.7	60.8	66.8	4	100
11/13/2015 01:05	74.8	70.8	62.1	62.5	67.6	4	100
11/13/2015 01:10	74.8	71.4	57.9	63.3	66.8	4	100
11/13/2015 01:15	74.8	71.4	65.9	63.6	68.8	4	100
11/13/2015 01:20	74.5	70.9	68.8	63.8	69.5	4	100
11/13/2015 01:25	74.6	71	68.7	59.6	68.9	4	100
11/13/2015 01:30	74.7	70.3	59.5	60.9	66.2	4	100
11/13/2015 01:35	74.6	70.7	60.9	62.7	65.9	4	100
11/13/2015 01:40	74.7	71.5	65.1	62.5	68	4	100
11/13/2015 01:45	74.9	71.1	62.8	62.6	68	4	100
11/13/2015 01:50	74.7	71	61.9	63.3	67.7	4	100
11/13/2015 01:55	74.8	71.2	65.2	64	68.1	4	100
11/13/2015 02:00	74.5	70.8	60.1	61	65.8	4	100
11/13/2015 02:05	74.6	70.5	61.2	61.6	66.4	4	100
11/13/2015 02:10	74.6	70.7	64.4	61.8	67.2	4	100
11/13/2015 02:15	74.6	70.9	62.5	62.5	66.3	4	100
11/13/2015 02:20	74.7	70.6	58.3	62.5	64.8	4	100
11/13/2015 02:25	74.8	70.8	59.7	62.9	64.7	4	100
11/13/2015 02:30	74.8	70.3	63.7	62.3	65.6	4	100
11/13/2015 02:35	74.8	70.7	63.2	62.5	67.3	4	100
11/13/2015 02:40	74.8	70.8	63.5	62.7	67	4	100
11/13/2015 02:45	74.8	70.8	67.2	62.9	68.3	4	100
11/13/2015 02:50	74.7	70.8	66.1	63.1	67.4	4	100
11/13/2015 02:55	74.6	70.6	61.1	60.5	65.7	4	100
11/13/2015 03:00	74.8	70.6	55.4	62.2	62.3	4	100
11/13/2015 03:05	75	70.7	62.2	62.9	65.4	4	100
11/13/2015 03:10	75	70.8	62.7	62.7	67.3	4	100
11/13/2015 03:15	74.8	70.6	64.1	62.7	66.5	4	100
11/13/2015 03:20	74.9	69.2	62.9	62.1	66.2	4	100
11/13/2015 03:25	74.9	69.9	63.7	62	66.8	4	100
11/13/2015 03:30	75	70.1	59.8	63.3	65.3	4	100
11/13/2015 03:35	75	70.5	64	62.8	67.3	4	100
11/13/2015 03:40	74.9	69.5	62.7	63	65.2	4	100
11/13/2015 03:45	74.7	70	62.3	63.5	66.2	4	100
11/13/2015 03:50	74.7	70.4	68.3	61	68.1	4	100
11/13/2015 03:55	74.8	70.8	58.8	61.7	66	4	100
11/13/2015 04:00	74.8	70.5	51.5	62.5	62.5	4	100
11/13/2015 04:05	74.9	70.4	60.5	62.1	66.8	4	0
11/13/2015 04:10	74.8	70.9	57.7	62.3	65.1	4	0
11/13/2015 04:15	74.8	71	67.4	62.8	68.1	4	100
11/13/2015 04:20	74.9	71.1	72.4	62.9	71.6	4	100
11/13/2015 04:25	74.9	70.4	66.1	63	69.5	4	100
11/13/2015 04:30	74.4	70.1	58.3	61	65.3	4	100
11/13/2015 04:35	75	71	71	60.3	70.1	4	100
11/13/2015 04:40	74.7	70.9	68.8	59.1	68.2	4	100
11/13/2015 04:45	75.2	71.5	71.2	59.2	69.6	4	100
11/13/2015 04:50	73.9	71.6	72.3	60.5	70.3	4	100
11/13/2015 04:55	74.6	70.2	68.3	61.9	69.1	4	100
11/13/2015 05:00	75.2	70.8	68.3	65.3	69.8	4	100
11/13/2015 05:05	74.4	71.6	67.4	63.6	69.7	4	100
11/13/2015 05:10	74.6	71.1	65.7	65	68.7	4	100
11/13/2015 05:15	75.4	72.7	66.9	64.1	69.9	4	100
11/13/2015 05:20	75.8	72	67.5	65.3	70.2	4	100
11/13/2015 05:25	75.9	72.8	66.5	61.7	69.6	4	100
11/13/2015 05:30	74.7	71.7	68.1	62.9	70	4	100
11/13/2015 05:35	74.6	71.3	65.7	61	68.7	4	100
11/13/2015 05:40	74.6	72.7	65.3	60.6	68.6	4	100
11/13/2015 05:45	74	72.3	71.5	65.4	71.1	4	100
11/13/2015 05:50	75.4	73	76	68.5	73.6	4	100
11/13/2015 05:55	74.5	71.3	67.6	67.4	70.7	4	100
11/13/2015 06:00	75	72.1	70	67.3	71.5	4	100
11/13/2015 06:05	76.6	71.7	70.2	66.1	71.5	4	100
11/13/2015 06:10	75.7	70.4	69	63.3	70.1	4	100
11/13/2015 06:15	74.1	69.2	67.2	62.4	68.8	4	100
11/13/2015 06:20	74	69.3	69.9	60.9	69.2	4	100
11/13/2015 06:25	73.3	70.2	65.8	59.7	68	4	100
11/13/2015 06:30	73.6	69.5	67	59.9	68	4	100
11/13/2015 06:35	73.8	70.1	68.3	60.3	68.5	4	100
11/13/2015 06:40	73.4	68.7	67.2	61	68	4	100
11/13/2015 06:45	71.5	67.3	66.1	56.7	65.9	4	100
11/13/2015 06:50	71	67.8	68.5	59	67	4	100
11/13/2015 06:55	71	67.9	67.2	56	66	4	100
11/13/2015 07:00	72.5	68.1	66.6	57	65.9	4	100
11/13/2015 07:05	72.7	66.9	68.2	59	67	4	100
11/13/2015 07:10	71.3	67.5	71.7	59.6	67.9	4	100
11/13/2015 07:15	71.3	67	70.9	59.7	67.7	4	100
11/13/2015 07:20	70.9	67.6	70.6	58.5	67.7	4	100
11/13/2015 07:25	70.7	66.3	66.9	57.9	65.7	4	100
11/13/2015 07:30	70.1	65.1	63.9	54.3	63.7	4	100
11/13/2015 07:35	68.3	63.6	63.2	53.7	62.5	4	100
11/13/2015 07:40	67.6	63.4	62.1	53	62.1	4	100
11/13/2015 07:45	59	56.7	50.3	45.9	53.1	4	100
11/13/2015 07:50	55.8	54	49.1	44.2	50.9	4	100
11/13/2015 07:55	52.5	47.8	38.4	41.1	45.4	4	100
11/13/2015 08:00	59	55	48.4	44.8	51.8	4	100
11/13/2015 08:05	65.5	61.9	55.7	51	58.7	4	100
11/13/2015 08:10	68	63.3	62.1	52.6	61.7	4	100
11/13/2015 08:15	66.1	62.5	61.5	50.8	60.5	4	100
11/13/2015 08:20	67.6	63.9	60.7	50	60.6	4	100
11/13/2015 08:25	68.3	63.5	60.4	51.6	61.3	4	100
11/13/2015 08:30	67.8	63.8	60.6	53.5	61.8	4	100
11/13/2015 08:35	69.2	64.1	63	53.4	62.7	4	100
11/13/2015 08:40	69.3	65.2	63.7	53.1	63.1	4	100
11/13/2015 08:45	69.6	64.6	62.6	51.9	62.4	4	100
11/13/2015 08:50	69.5	65.3	63.9	52.4	62.9	4	100
11/13/2015 08:55	70.8	67.1	66.7	55.5	65.7	4	100
11/13/2015 09:00	71.5	66.9	64.5	56.3	64.8	4	100
11/13/2015 09:05	69.8	64.2	61	53.1	62.8	4	100
11/13/2015 09:10	71.2	65.7	64.1	56.3	64.8	4	100
11/13/2015 09:15	71.9	64.9	62.5	55.2	64.3	4	100
11/13/2015 09:20	71.9	65.7	63.4	55.7	64.5	4	100
11/13/2015 09:25	71.2	64.6	59.7	53.6	63.1	4	100
11/13/2015 09:30	71.3	65.9	60.3	54.8	63.4	4	100
11/13/2015 09:35	71	65.7	63.5	54.6	63.8	4	100
11/13/2015 09:40	70.8	66.5	65.4	54.9	64.9	4	100
11/13/2015 09:45	70.6	64.7	62.5	53.9	63	4	100
11/13/2015 09:50	69.2	63.7	59.9	55.9	62.4	4	100
11/13/2015 09:55	68.9	63.5	59.4	53.8	61.8	4	100
11/13/2015 10:00	70	65.1	58.8	50.6	61.7	4	100
11/13/2015 10:05	70.1	64.1	59.9	50.9	61.9	4	100
11/13/2015 10:10	70.2	65.1	58.2	52.7	62.1	4	100
11/13/2015 10:15	71	65.3	61	53.9	63.5	4	100
11/13/2015 10:20	70.2	63.6	59.6	54.5	62.7	4	100
11/13/2015 10:25	69.6	64	59.2	51.1	61.5	4	100
11/13/2015 10:30	69.5	64	56.3	51.8	61.3	4	100
11/13/2015 10:35	70.8	65.3	59.1	52.8	63.1	4	100
11/13/2015 10:40	69.7	65.2	60.1	55	63.2	4	100
11/13/2015 10:45	67.8	62.8	55.4	51.4	60	4	100
11/13/2015 10:50	66.4	61.3	55.4	51.2	59.3	4	100
11/13/2015 10:55	66.2	61.4	55.6	50.5	58.9	4	100
11/13/2015 11:00	66.7	62.2	55	51.2	59.6	4	100
11/13/2015 11:05	66.5	63	58.5	50.7	60.4	4	100
11/13/2015 11:10	68.4	64.9	58.1	51.1	61.5	4	100
11/13/2015 11:15	68.5	64.4	58.9	52.8	61.7	4	100
11/13/2015 11:20	67.5	63.9	59.7	53.3	61.6	4	100
11/13/2015 11:25	66.6	61.4	57.9	50.7	59.9	4	100
11/13/2015 11:30	68.1	63.3	57.2	52.1	60.8	4	100
11/13/2015 11:35	67.4	62.4	53.7	48.7	59.1	4	100
11/13/2015 11:40	68.6	64.6	55.7	48.8	60.4	4	100
11/13/2015 11:45	67.7	63.2	55.7	50.1	59.7	4	100
11/13/2015 11:50	66.7	61.4	54.6	49.5	58.4	4	100
11/13/2015 11:55	66.2	61.7	53.7	50.9	59	4	100
11/13/2015 12:00	64.5	60.4	51.7	49.1	57.2	4	100
11/13/2015 12:05	63	58	51.4	49.6	56.2	4	100
11/13/2015 12:10	64	58.9	50.3	47.4	55.7	4	100
11/13/2015 12:15	65.2	60.5	54.1	48.2	57.7	4	100
11/13/2015 12:20	64.7	61.3	55.6	49	58.4	4	100
11/13/2015 12:25	65.6	61.7	57.4	49.7	59.3	4	100
11/13/2015 12:30	66.2	63.2	60.8	50.3	60.5	4	100
11/13/2015 12:35	64.6	62.2	60.8	51.7	60.5	4	100
11/13/2015 12:40	66.3	63	61.4	52.9	61.4	4	100
11/13/2015 12:45	66.4	62.5	60	49.4	60.2	4	100
11/13/2015 12:50	64.2	59.8	55.5	46.9	57.2	4	100
11/13/2015 12:55	63.9	58.3	54	48.4	56.8	4	100
11/13/2015 13:00	63.2	58.2	54.5	47	56.5	4	100
11/13/2015 13:05	63.3	59	56.7	45.9	57.2	4	100
11/13/2015 13:10	64.5	60.2	57.1	50.1	58.7	4	100
11/13/2015 13:15	61	57.2	54.5	48.9	55.9	4	100
11/13/2015 13:20	59.3	55.1	51.3	45.7	53.1	4	100
11/13/2015 13:25	58	54.7	50.4	44.7	52.5	4	100
11/13/2015 13:30	58.1	54.9	49.9	45.5	52.8	4	100
11/13/2015 13:35	56.6	52.7	50.9	42.7	50.9	4	100
11/13/2015 13:40	54.5	50.1	48.2	41.7	48.9	4	100
11/13/2015 13:45	51.8	48.5	48	39.7	47.2	4	100
11/13/2015 13:50	51	47.6	45.7	41.2	46.5	4	100
11/13/2015 13:55	53.3	48.7	47.2	40.3	47.8	4	100
11/13/2015 14:00	54.9	50.5	47.3	42.8	49	4	100
11/13/2015 14:05	51.2	47.4	45.7	39.7	46.2	4	100
11/13/2015 14:10	44.4	35.7	33.2	30.8	36.5	4	100
11/13/2015 14:15	29.8	26.2	24.7	27.1	27	4	100
11/13/2015 14:20	26	22.6	24.5	24.6	24.4	4	100
11/13/2015 14:25	20.3	21.3	20.7	22.4	21.2	4	100
11/13/2015 14:30	26.2	25.8	28.3	28.9	27.3	4	100
11/13/2015 14:35	21.8	22.3	24	23.8	23	4	100
11/13/2015 14:40	18.1	17.7	18.6	18.8	18.3	4	100
11/13/2015 14:45	15.5	16.7	17.1	16.5	16.5	4	100
11/13/2015 14:50	17.1	17.6	16.3	16.5	16.9	4	100
11/13/2015 14:55	13.9	15.7	13.9	14.7	14.6	4	100
11/13/2015 15:00	13.5	15.1	13.2	13.5	13.8	4	100
11/13/2015 15:05	14.8	16.2	14	13.4	14.7	4	100
11/13/2015 15:10	13.3	16.1	15.2	13.5	14.6	4	100
11/13/2015 15:15	13.6	16.3	13.8	12.1	14	4	100
11/13/2015 15:20	13.8	16.5	16.8	13.1	15.1	4	100
11/13/2015 15:25	15	16.3	17.3	14.4	15.7	4	100
11/13/2015 15:30	13.2	14.9	15.4	13.5	14.2	4	100
11/13/2015 15:35	11.6	12.5	13.6	12	12.4	4	100
11/13/2015 15:40	14	14.4	14.4	16.7	14.9	4	100
11/13/2015 15:45	13.4	13.3	13.4	15.4	13.9	4	100
11/13/2015 15:50	13.7	13.2	11.5	12.2	12.7	4	100
11/13/2015 15:55	15.6	15.2	11.7	14.2	14.3	4	100
11/13/2015 16:00	15.3	14.1	11.6	13.1	13.7	4	100
11/13/2015 16:05	16.6	15.5	13	13	14.7	4	100
11/13/2015 16:10	14.1	15.1	13.1	12	13.6	4	100
11/13/2015 16:15	13	13.1	11.5	11.1	12.2	4	100
11/13/2015 16:20	16.6	14.9	13.6	14.1	14.9	4	100
11/13/2015 16:25	14	11.7	10.4	10.1	11.8	4	100
11/13/2015 16:30	14.3	11.9	12	12.1	12.6	4	100
11/13/2015 16:35	15	12.9	13.9	11	13.3	4	100
11/13/2015 16:40	13.8	12.5	12.1	8.8	12	4	100
11/13/2015 16:45	14.6	13.3	11.1	9.4	12.3	4	100
11/13/2015 16:50	16	13.3	11.2	9.3	12.7	4	100
11/13/2015 16:55	17	13.6	12.1	10.1	13.4	4	100
11/13/2015 17:00	19.8	14.6	13.2	9.7	14.6	4	100
11/13/2015 17:05	16.1	14	13.6	10.7	13.6	4	100
11/13/2015 17:10	17.5	14.4	13.1	11.2	14.2	4	100
11/13/2015 17:15	16.3	14.7	12.1	10.7	13.6	4	100
11/13/2015 17:20	18.6	16.6	12.6	12.5	15.3	4	100
11/13/2015 17:25	17.2	15.5	12.3	10	14	4	100
11/13/2015 17:30	22.4	19.7	14.8	9.3	17.2	4	100
11/13/2015 17:35	22.6	18.3	15.4	11	17	4	100
11/13/2015 17:40	18.8	18.2	13.2	10.2	15.5	4	100
11/13/2015 17:45	20.5	17.3	13.6	10	15.7	4	100
11/13/2015 17:50	18.5	16.6	12.9	10.6	14.9	4	100
11/13/2015 17:55	20.1	18.2	14.1	10.9	16.2	4	100
11/13/2015 18:00	20.6	16.5	12.9	10.7	15.5	4	100
11/13/2015 18:05	20.2	15.5	11.8	11.7	15.1	4	100
11/13/2015 18:10	19.1	17.4	13.4	13.1	15.8	4	100
11/13/2015 18:15	18.1	16.3	13.6	11.6	15.1	4	100
11/13/2015 18:20	20.4	18.7	12.2	12.3	16.3	4	100
11/13/2015 18:25	25.5	22.8	20.2	18.1	21.6	4	100
11/13/2015 18:30	23.6	20.9	17.8	15	19.6	4	100
11/13/2015 18:35	18.6	16.7	15.3	13.5	16.1	4	100
11/13/2015 18:40	18.2	17.4	17.9	18.4	18	4	100
11/13/2015 18:45	21.3	20.4	18.1	20.4	20.1	4	100
11/13/2015 18:50	20.3	19.9	16.2	20.9	19.5	4	100
11/13/2015 18:55	23	19.9	16.4	19.1	19.7	4	100
11/13/2015 19:00	24.7	22.9	17.4	22.4	21.8	4	100
11/13/2015 19:05	28.8	26.4	18.7	23.1	24.2	4	100
11/13/2015 19:10	27.2	25.2	24	28.9	26.3	4	100
11/13/2015 19:15	29.7	24.4	23.4	29.9	26.8	4	100
11/13/2015 19:20	28.2	24.3	20	26.1	24.8	4	100
11/13/2015 19:25	32	27.1	26.5	26.3	28	4	100
11/13/2015 19:30	36.3	31	27.2	29.2	31.1	4	100
11/13/2015 19:35	37.3	33.8	28.9	29.8	32.6	4	100
11/13/2015 19:40	38.6	34.1	29.9	30.1	33.3	4	100
11/13/2015 19:45	32.7	28.6	29.5	27.3	29.6	4	100
11/13/2015 19:50	33.4	31.1	29.3	27.7	30.4	4	100
11/13/2015 19:55	34.2	34.3	31	31.8	32.8	4	100
11/13/2015 20:00	35.6	35.7	36.4	35	35.7	4	100
11/13/2015 20:05	31.9	34.1	33.7	36	33.9	4	100
11/13/2015 20:10	25.1	26.3	27.3	31.4	27.5	4	100
11/13/2015 20:15	21	25.4	27.4	28.7	25.8	4	100
11/13/2015 20:20	34.9	36.6	38.9	35.8	36.7	4	100
11/13/2015 20:25	54	52.4	55.8	47.8	53	4	100
11/13/2015 20:30	60.1	59.4	61.2	50.8	58.5	4	100
11/13/2015 20:35	62.6	61.3	65.2	52.4	61.3	4	100
11/13/2015 20:40	65	62.1	68.9	54.2	63	4	100
11/13/2015 20:45	63.9	61.2	65.9	53.4	61.8	4	100
11/13/2015 20:50	64.4	61.8	61.7	53.5	60.8	4	100
11/13/2015 20:55	64.4	61.6	60	53.5	60.3	4	100
11/13/2015 21:00	69.1	65.9	62.1	59.3	64.9	4	100
11/13/2015 21:05	72.8	67.6	66.7	61.1	67.9	4	100
11/13/2015 21:10	75.1	70.3	68.1	64.5	70.1	4	100
11/13/2015 21:15	75.4	70.4	65.7	65.7	69.8	4	100
11/13/2015 21:20	71.6	67.6	63.5	60.3	66	4	100
11/13/2015 21:25	72.6	68.1	65.9	60.7	67.4	4	100
11/13/2015 21:30	74.5	70.4	64.8	63.2	68.6	4	100
11/13/2015 21:35	73.9	69.6	65.8	63.9	68.7	4	100
11/13/2015 21:40	75.6	70.7	67.5	61.8	69	4	100
11/13/2015 21:45	77.6	71.3	67.3	62.2	70.6	4	100
11/13/2015 21:50	76.6	70.4	68.6	61.9	70.1	4	100
11/13/2015 21:55	77	70.7	66.6	62.9	69.7	4	100
11/13/2015 22:00	74.6	69.9	64.5	58.3	67.4	4	100
11/13/2015 22:05	75.3	69.7	62.8	59	67	4	100
11/13/2015 22:10	75	71.8	67.7	61.4	69.2	4	100
11/13/2015 22:15	74.3	72.1	69	63	69.9	4	100
11/13/2015 22:20	74.5	71.8	69.1	63.3	69.9	4	100
11/13/2015 22:25	76.3	72.2	66.8	64.1	69.9	4	100
11/13/2015 22:30	75.2	72.3	59.5	62.6	67.6	4	100
11/13/2015 22:35	75.2	70.8	61.5	61.9	67.3	4	100
11/13/2015 22:40	74.8	72.5	67	62.3	69.6	4	100
11/13/2015 22:45	75.2	72.9	67.5	61.2	69.5	4	100
11/13/2015 22:50	76.7	73.7	69.1	62.9	71.2	4	100
11/13/2015 22:55	75.4	71.9	69.7	64.3	70.6	4	100
11/13/2015 23:00	75.1	70.3	68.9	60.6	69.3	4	100
11/13/2015 23:05	74.2	71.1	67.9	62.8	69.2	4	100
11/13/2015 23:10	74.1	70.8	67	63	68.7	4	100
11/13/2015 23:15	74.5	71.4	67.2	62.8	69.3	4	100
11/13/2015 23:20	75.3	71.1	64.4	63.6	69.2	4	100
11/13/2015 23:25	73.6	71.2	64.7	59.6	67.9	4	100
11/13/2015 23:30	73.6	70.9	68.7	60.6	69	4	100
11/13/2015 23:35	73.7	71.4	69.9	59	69.3	4	100
11/13/2015 23:40	74.8	71.5	69.3	60.6	69.3	4	100
11/13/2015 23:45	75.3	72.3	71.6	62	70.8	4	100
11/13/2015 23:50	76.5	73.8	65.1	63	69.7	4	100
11/13/2015 23:55	76.4	71.4	61	66.2	68.9	4	100
11/14/2015 00:00	75.9	67.8	71.9	62.8	70	4	100
11/14/2015 00:05	75.7	70.4	70.9	63.9	70.9	4	100
11/14/2015 00:10	76.3	70.5	66.1	62.4	68.6	4	100
11/14/2015 00:15	74.5	70	65.6	63.7	68.5	4	100
11/14/2015 00:20	74.1	71.1	62.3	60.9	67.4	4	100
11/14/2015 00:25	74.3	71.8	69.7	63.1	69.5	4	100
11/14/2015 00:30	74.2	70.9	69.4	64.7	70.2	4	100
11/14/2015 00:35	75	70.3	65.1	65	68.7	4	100
11/14/2015 00:40	75.3	71.5	64.3	65.4	69	4	100
11/14/2015 00:45	75.5	70.2	63.6	63.4	68.5	4	100
11/14/2015 00:50	74.9	71.7	60.4	59.4	66.2	4	100
11/14/2015 00:55	74.9	71.7	69.1	61.1	69.5	4	100
11/14/2015 01:00	74.9	71	72.8	61.1	70.8	4	100
11/14/2015 01:05	74.7	70.9	68	63	69.3	4	100
11/14/2015 01:10	74.8	70.5	67.4	63.8	69.1	4	100
11/14/2015 01:15	74.3	71	71.6	64.4	70.3	4	100
11/14/2015 01:20	74.9	71.2	62.6	64.4	68.4	4	100
11/14/2015 01:25	74.9	71.1	64.4	63.6	66.8	4	100
11/14/2015 01:30	74.9	70.9	67.9	63.3	69.6	4	100
11/14/2015 01:35	75.1	70.9	70	63.8	70	4	100
11/14/2015 01:40	75	70.8	70.5	62.9	70.2	4	100
11/14/2015 01:45	74.9	68.6	67.9	63.4	69	4	100
11/14/2015 01:50	75.1	70.7	68.3	63.4	69.1	4	100
11/14/2015 01:55	75.3	71.4	64.8	63.5	68.6	4	100
11/14/2015 02:00	75	71.4	67.2	63.8	69	4	100
11/14/2015 02:05	74.8	71.5	68.3	62.7	68.6	4	100
11/14/2015 02:10	74.6	71.4	66.3	60	67.3	4	100
11/14/2015 02:15	74.7	71.5	72.4	61.4	71.1	4	100
11/14/2015 02:20	74.7	71.1	68.5	60.9	68.5	4	100
11/14/2015 02:25	74.4	71.1	66.2	61.2	67.6	4	100
11/14/2015 02:30	74.5	71	62.3	62.3	67.7	4	100
11/14/2015 02:35	74.8	71.5	62.5	60.5	66.8	4	100
11/14/2015 02:40	74.7	71	68.4	61.8	68.9	4	100
11/14/2015 02:45	74.7	71.1	71.6	62.5	70.1	4	100
11/14/2015 02:50	74.6	71.1	68.7	62.8	69.3	4	100
11/14/2015 02:55	74.6	71	70.8	61.7	69.2	4	100
11/14/2015 03:00	74.6	71.2	70.1	62.5	69.6	4	100
11/14/2015 03:05	74.7	71	62.6	62.1	67.5	4	100
11/14/2015 03:10	74.8	71	67.6	61	68.5	4	100
11/14/2015 03:15	74.8	71	66.7	62.3	68.4	4	100
11/14/2015 03:20	74.7	70.8	67.8	62.4	68.9	4	100
11/14/2015 03:25	74.6	70.2	67.2	63	67.6	4	100
11/14/2015 03:30	74.7	70.4	68.6	63	68.9	4	100
11/14/2015 03:35	74.7	69.5	60.7	62.8	66.3	4	100
11/14/2015 03:40	74.7	70.4	62.6	63.4	66.3	4	100
11/14/2015 03:45	74.8	70.6	68.4	62	67.9	4	100
11/14/2015 03:50	74.8	70.9	67.3	62.2	67.7	4	100
11/14/2015 03:55	74.8	71	69.2	62.9	68.7	4	100
11/14/2015 04:00	74.8	71.2	70.3	63.2	69.9	4	100
11/14/2015 04:05	74.7	71.3	69.6	62	69.4	4	100
11/14/2015 04:10	74.8	71	67.1	62.4	68	4	100
11/14/2015 04:15	74.8	70.8	66	62.4	68.4	4	100
11/14/2015 04:20	74.6	70.4	64.9	61.7	67.3	4	100
11/14/2015 04:25	74.9	70.7	68.8	62.6	69.2	4	100
11/14/2015 04:30	74.8	70.8	65.2	62.7	68.1	4	100
11/14/2015 04:35	74.4	70.3	65.5	62.5	68.1	4	100
11/14/2015 04:40	74.6	70.8	65.3	62.6	68	4	100
11/14/2015 04:45	74.6	71.3	65.2	62.7	68	4	100
11/14/2015 04:50	74.5	70.7	67.1	63	68.8	4	100
11/14/2015 04:55	74.6	71.4	66.9	63	68.6	4	100
11/14/2015 05:00	74.8	71.3	68.5	62.5	69.4	4	100
11/14/2015 05:05	75.2	71.7	63.2	63.2	68	4	100
11/14/2015 05:10	75.4	71.6	65	63.3	68.6	4	100
11/14/2015 05:15	74.8	71.7	58.5	64	66.7	4	100
11/14/2015 05:20	75.1	72.3	63	63	67.7	4	100
11/14/2015 05:25	74.4	72.4	65.1	60.5	68	4	100
11/14/2015 05:30	74.6	71.1	64.4	60.9	67.5	4	100
11/14/2015 05:35	74.6	70.3	64.6	63.9	67.9	4	100
11/14/2015 05:40	75.4	68.8	69.5	65.3	69.6	4	100
11/14/2015 05:45	75	70.6	71.1	67.4	70.9	4	100
11/14/2015 05:50	74.9	69.1	68.6	63.3	68.7	4	100
11/14/2015 05:55	75.1	69.4	71.5	62.8	69.9	4	100
11/14/2015 06:00	74.8	69.1	68	65.1	69.2	4	100
11/14/2015 06:05	75.6	69.2	61.2	61.6	67.1	4	100
11/14/2015 06:10	75.2	71	64.4	58.1	67.4	4	100
11/14/2015 06:15	74.4	71.8	61.5	60.9	67.7	4	100
11/14/2015 06:20	76.1	72.6	66	63.1	69.7	4	100
11/14/2015 06:25	75.2	71.3	64.9	62.9	68.7	4	100
11/14/2015 06:30	75	71.4	67.6	65.3	70.3	4	100
11/14/2015 06:35	74.9	72.1	73.1	66.2	71.8	4	100
11/14/2015 06:40	74.5	72.4	71.6	66.9	71.5	4	100
11/14/2015 06:45	74.1	72.6	71.3	66.2	71.2	4	100
11/14/2015 06:50	73.5	70.6	71.8	60.4	69.6	4	100
11/14/2015 06:55	74	69.9	71.8	60.6	69.6	4	100
11/14/2015 07:00	74.3	70.7	71.5	57.2	69.1	4	100
11/14/2015 07:05	74.5	71	65.8	60.7	68.6	4	100
11/14/2015 07:10	73.9	70.7	67.2	62.7	69.2	4	100
11/14/2015 07:15	73.5	71	66.7	62	68.8	4	100
11/14/2015 07:20	72.8	69	65.4	61.5	67.5	4	100
11/14/2015 07:25	72.7	68.1	67.2	59	67.1	4	100
11/14/2015 07:30	72.1	69.3	66.7	60.7	67.7	4	100
11/14/2015 07:35	73.6	69.3	66.4	63.6	68.5	4	100
11/14/2015 07:40	72.8	70.2	69.7	62.8	69.4	4	100
11/14/2015 07:45	70	69.6	68.3	60.1	67.5	4	100
11/14/2015 07:50	69.6	68.2	66.2	60.1	66.5	4	100
11/14/2015 07:55	70.1	68.8	68.4	61.8	67.8	4	100
11/14/2015 08:00	70.9	68.8	63.3	59	65.9	4	100
11/14/2015 08:05	72	69.1	67.7	59.4	67.5	4	100
11/14/2015 08:10	72.4	69.9	67.8	61.8	68.5	4	100
11/14/2015 08:15	72.1	70.2	66.8	63.6	68.5	4	100
11/14/2015 08:20	72.8	70.1	67.5	62.5	68.8	4	100
11/14/2015 08:25	71.7	69.1	65.5	60.3	67.1	4	100
11/14/2015 08:30	72.4	69.2	65.7	59.3	67.3	4	100
11/14/2015 08:35	72.7	68.2	65.1	57.6	66.5	4	100
11/14/2015 08:40	73.4	69.5	66.7	59.1	67.5	4	100
11/14/2015 08:45	72.8	68.3	66.2	58.8	67	4	100
11/14/2015 08:50	73.6	70	68.3	60.7	68.6	4	100
11/14/2015 08:55	73.3	69.2	66.4	60.1	67.8	4	100
11/14/2015 09:00	72.6	67.8	66.9	63.5	67.9	4	100
11/14/2015 09:05	72.2	68	64.2	61.9	67	4	100
11/14/2015 09:10	72.3	68.4	67.3	62.4	68.1	4	100
11/14/2015 09:15	70.4	66.9	67.8	62.2	67.2	4	100
11/14/2015 09:20	71.5	68.2	68.6	61	67.8	4	100
11/14/2015 09:25	69.5	66.5	64.1	58.5	65.2	4	100
11/14/2015 09:30	70.5	67.1	66	58	65.9	4	100
11/14/2015 09:35	69.5	65.2	61.7	57.7	64.1	4	100
11/14/2015 09:40	69.2	65.1	61.3	58.9	64.2	4	100
11/14/2015 09:45	68.3	64.9	62.8	58.2	63.9	4	100
11/14/2015 09:50	69.9	65.6	63.5	58.7	65	4	100
11/14/2015 09:55	70.2	65.5	65.3	60	65.5	4	100
11/14/2015 10:00	70.1	65.8	64.7	61.9	65.8	4	100
11/14/2015 10:05	69.9	67.1	66	59.3	66.1	4	100
11/14/2015 10:10	68.8	65.5	67.4	57.3	65.4	4	100
11/14/2015 10:15	68.5	66	65.3	56.9	65	4	100
11/14/2015 10:20	67.2	65.1	63.6	55.9	63.3	4	100
11/14/2015 10:25	68.4	65.1	66.5	57.3	64.7	4	100
11/14/2015 10:30	68	65.5	65	56.4	64.4	4	100
11/14/2015 10:35	66.7	63.7	61.6	53.2	62	4	100
11/14/2015 10:40	67.7	64	62.7	54.2	62.7	4	100
11/14/2015 10:45	68.5	65.1	62.4	56.9	63.9	4	100
11/14/2015 10:50	68.9	65.2	63.1	56.3	63.8	4	100
11/14/2015 10:55	68.2	64.9	64.1	56.6	63.9	4	100
11/14/2015 11:00	66.8	63.1	62.4	53	61.9	4	100
11/14/2015 11:05	66.7	62.5	61.4	53.4	61.4	4	100
11/14/2015 11:10	67.6	63.6	63	56.9	63.3	4	100
11/14/2015 11:15	66.5	63.1	62.8	57.1	62.8	4	100
11/14/2015 11:20	67	63.7	63	58.2	63.2	4	100
11/14/2015 11:25	67	63.5	62.3	53.9	62.1	4	100
11/14/2015 11:30	67.7	64.1	61.9	55.1	62.6	4	100
11/14/2015 11:35	66.2	62.8	63.2	54.8	62.2	4	100
11/14/2015 11:40	62.8	59	57.7	49.5	57.7	4	100
11/14/2015 11:45	60.6	56	56.2	48.8	55.8	4	100
11/14/2015 11:50	63.4	58.1	40.6	49.9	54	4	100
11/14/2015 11:55	64.1	60.7	52.8	52.4	57.6	4	100
11/14/2015 12:00	63.9	59.3	56.3	53.9	58.7	4	100
11/14/2015 12:05	66	60.8	60.2	54.2	60.7	4	100
11/14/2015 12:10	64.6	60.2	60.7	54.6	60.3	4	100
11/14/2015 12:15	62.2	58.3	59	54.8	58.9	4	100
11/14/2015 12:20	61.8	57.4	54.9	50.5	56.5	4	100
11/14/2015 12:25	63.5	59.4	58.7	52.4	59	4	100
11/14/2015 12:30	64.5	60.2	60.9	55.5	60.6	4	100
11/14/2015 12:35	62.9	59.6	59.6	50.8	58.5	4	100
11/14/2015 12:40	63.4	61.3	59.4	52	59.6	4	100
11/14/2015 12:45	63.1	61	59.2	51.5	59	4	100
11/14/2015 12:50	65.6	62	61.6	53.5	61.1	4	100
11/14/2015 12:55	66.3	63.6	61.3	54.3	61.9	4	100
11/14/2015 13:00	67.3	63.5	54.3	53.9	59.9	4	100
11/14/2015 13:05	66.9	63.3	58	55.5	61	4	100
11/14/2015 13:10	66.4	62.7	61.1	54.6	61.5	4	100
11/14/2015 13:15	65.8	63.6	63.6	55.6	62.5	4	100
11/14/2015 13:20	65.5	63.6	62.2	56.5	62.3	4	100
11/14/2015 13:25	64.8	61.7	58.7	54.5	60.2	4	100
11/14/2015 13:30	65.1	61.8	58.4	55.6	60.4	4	100
11/14/2015 13:35	66.8	62.5	63.8	57.1	63	4	100
11/14/2015 13:40	61.7	57.2	55.6	52.3	56.9	4	100
11/14/2015 13:45	60.6	56.5	54.8	50.9	55.9	4	100
11/14/2015 13:50	62.3	58.8	56.8	54.4	58.1	4	100
11/14/2015 13:55	63.7	59.1	59.2	54.9	59.5	4	100
11/14/2015 14:00	65.6	62	63.9	56.1	62.4	4	100
11/14/2015 14:05	65.4	61.6	62.6	55.5	61.6	4	100
11/14/2015 14:10	64.8	62.5	64.5	57	62.5	4	100
11/14/2015 14:15	63	61	60.8	53.2	59.8	4	100
11/14/2015 14:20	64.7	62	62.7	52.2	60.7	4	100
11/14/2015 14:25	59.5	54.5	50.7	47.7	53.2	4	100
11/14/2015 14:30	55.8	49.7	47.3	43	49.2	4	100
11/14/2015 14:35	59.2	53	48.8	46.2	52.1	4	100
11/14/2015 14:40	60.8	56	53.9	48.5	54.9	4	100
11/14/2015 14:45	59.1	55.1	52.6	48	53.8	4	100
11/14/2015 14:50	59.7	54.9	55.1	49.9	55	4	100
11/14/2015 14:55	61.6	58.2	58.4	53.9	58.2	4	100
11/14/2015 15:00	61.8	59.5	58	52.4	58.2	4	100
11/14/2015 15:05	62.7	58.8	57.6	51.6	57.9	4	100
11/14/2015 15:10	62.9	60.6	60.9	53.5	59.8	4	100
11/14/2015 15:15	64.1	60.9	64	53.7	61.1	4	100
11/14/2015 15:20	64.2	61	61.9	53.6	60.6	4	100
11/14/2015 15:25	64.2	60.2	61.8	54.3	60.3	4	100
11/14/2015 15:30	63.3	58.8	61.2	53.2	59.4	4	100
11/14/2015 15:35	62.8	59.4	61.6	53.3	59.5	4	100
11/14/2015 15:40	63.1	57.8	60.4	52.1	58.6	4	100
11/14/2015 15:45	63.4	58.4	59.8	52.5	58.7	4	100
11/14/2015 15:50	63.9	60.7	61.7	54.5	60.5	4	100
11/14/2015 15:55	64.8	61.5	63.7	56	61.8	4	100
11/14/2015 16:00	65.9	62.4	62.9	54.6	61.7	4	100
11/14/2015 16:05	65.4	61.3	63.4	52.9	61.3	4	100
11/14/2015 16:10	64.1	59.6	61.7	53.2	60.1	4	100
11/14/2015 16:15	63.6	59.6	62.9	55.8	60.6	4	100
11/14/2015 16:20	58.6	52.4	56	51.6	54.7	4	100
11/14/2015 16:25	49.2	45.8	44.9	44.9	46.3	4	100
11/14/2015 16:30	49.6	46	45.2	43.7	46.2	4	100
11/14/2015 16:35	47.4	44.2	41	41.6	43.6	4	100
11/14/2015 16:40	45.7	41.3	35.9	34.7	39.5	4	100
11/14/2015 16:45	44.6	39.4	32.4	33.1	37.7	4	100
11/14/2015 16:50	47.5	42.8	38.8	35.8	41.3	4	100
11/14/2015 16:55	47.8	42.5	38	37.5	41.7	4	100
11/14/2015 17:00	48.6	44.9	43.4	40.5	44.4	4	100
11/14/2015 17:05	49	45.3	46.7	41.7	45.8	4	100
11/14/2015 17:10	48.6	45.5	46.2	42.2	45.7	4	100
11/14/2015 17:15	45.9	42.7	41.7	41.5	42.9	4	100
11/14/2015 17:20	47.5	44.8	46.7	43.5	45.7	4	100
11/14/2015 17:25	49.5	46	43.3	41.4	45.2	4	100
11/14/2015 17:30	50.6	47.4	47.1	43.5	47.3	4	100
11/14/2015 17:35	43.7	39.9	36.5	36.5	39.3	4	100
11/14/2015 17:40	43.9	40.8	41.2	39.8	41.4	4	100
11/14/2015 17:45	46.4	43.3	40.9	40.6	42.9	4	100
11/14/2015 17:50	47.8	44.9	44	42.1	44.7	4	100
11/14/2015 17:55	44.4	42.3	36.2	40.2	40.8	4	100
11/14/2015 18:00	42.8	41.9	39.6	42.2	41.6	4	100
11/14/2015 18:05	40.3	40.8	41.3	41.2	40.9	4	100
11/14/2015 18:10	43.5	42.3	42.9	41.3	42.5	4	100
11/14/2015 18:15	39.1	39	39.5	38.4	39	4	100
11/14/2015 18:20	39.9	39.1	39.7	37	39	4	100
11/14/2015 18:25	41.4	40.6	39.7	38.2	40	4	100
11/14/2015 18:30	44	41.8	42.1	40.1	42.1	4	100
11/14/2015 18:35	43.8	41.3	42.5	42.1	42.4	4	100
11/14/2015 18:40	46.3	43.6	45.6	45.9	45.3	4	100
11/14/2015 18:45	53.8	50.4	53.8	51.7	52.5	4	100
11/14/2015 18:50	59.1	55.6	59.5	56.3	57.8	4	100
11/14/2015 18:55	59.9	57.2	58.4	54.3	57.7	4	100
11/14/2015 19:00	61.6	57.7	61	54.2	59.1	4	100
11/14/2015 19:05	59.3	55.2	58.1	53.2	56.7	4	100
11/14/2015 19:10	48.5	46.1	45.4	45.3	46.4	4	100
11/14/2015 19:15	31.1	32.1	34.1	35.5	33.3	4	100
11/14/2015 19:20	27.5	31.8	32	35.4	31.7	4	100
11/14/2015 19:25	37.9	39	40.9	39.7	39.4	4	100
11/14/2015 19:30	51.2	49.8	49.1	46.9	49.3	4	100
11/14/2015 19:35	58.3	56.3	56.6	53.9	56.5	4	100
11/14/2015 19:40	62.3	59.8	57.7	54.5	58.9	4	100
11/14/2015 19:45	64.6	61.6	61.5	57	61.5	4	100
11/14/2015 19:50	65.7	63.1	61.1	57.9	62.4	4	100
11/14/2015 19:55	65.2	62.4	60.9	58	62	4	100
11/14/2015 20:00	66.7	63.6	63.6	60.9	63.9	4	100
11/14/2015 20:05	67	62.8	63.9	61.8	64	4	100
11/14/2015 20:10	66.7	62.8	65.5	58.9	64	4	100
11/14/2015 20:15	65.7	63.1	63.2	56.7	62.6	4	100
11/14/2015 20:20	67.7	64.8	64.9	58.8	64.2	4	100
11/14/2015 20:25	68.2	65	65.3	59.4	64.9	4	100
11/14/2015 20:30	68.7	65.5	65.8	60.4	65.5	4	100
11/14/2015 20:35	68.7	66	65.4	60.8	65.6	4	100
11/14/2015 20:40	68.9	65.9	64	59.7	64.8	4	100
11/14/2015 20:45	69.5	66.1	64.6	61	65.5	4	100
11/14/2015 20:50	69.5	66	62.5	60.4	65	4	100
11/14/2015 20:55	69.6	66.5	64.5	62	65.8	4	100
11/14/2015 21:00	71.2	69.1	65.5	63.6	67.4	4	100
11/14/2015 21:05	72.9	69.4	67.4	64.6	68.6	4	100
11/14/2015 21:10	71.5	69.5	63.9	61.6	67	4	100
11/14/2015 21:15	72.7	70.3	66	62	68	4	100
11/14/2015 21:20	74.4	71.4	65.7	61.7	68.6	4	100
11/14/2015 21:25	74.4	71.2	69.3	63.8	70.1	4	100
11/14/2015 21:30	74.4	70.6	69.6	62.9	69.9	4	100
11/14/2015 21:35	75	70.2	66.1	63.2	68.9	4	100
11/14/2015 21:40	74.3	71	65.8	62	68.6	4	100
11/14/2015 21:45	73	69.9	65.1	63.4	68.1	4	100
11/14/2015 21:50	74.3	71.3	69	65.2	70.2	4	100
11/14/2015 21:55	73.6	69.7	67.4	62.4	69.1	4	100
11/14/2015 22:00	73.5	70.9	68.4	61.4	68.8	4	100
11/14/2015 22:05	73.2	71.7	68.1	61.4	69	4	100
11/14/2015 22:10	74.2	72.2	67	62.9	69.4	4	100
11/14/2015 22:15	73.5	70.6	66.1	60.7	68	4	100
11/14/2015 22:20	72.2	68.5	63.4	61.7	66.9	4	100
11/14/2015 22:25	72.1	68.8	63.3	63	66.9	4	100
11/14/2015 22:30	72.3	68.5	64.6	63	67.5	4	100
11/14/2015 22:35	72.8	69.9	63.6	62.1	67.4	4	100
11/14/2015 22:40	73.1	70.2	63	60.1	67.1	4	100
11/14/2015 22:45	73.5	70.8	66.7	63	68.9	4	100
11/14/2015 22:50	72.9	70.3	65	62	68	4	100
11/14/2015 22:55	74.1	71	65.7	61.6	68.3	4	100
11/14/2015 23:00	75	70	66.7	60.3	68.4	4	100
11/14/2015 23:05	73.9	68.7	65.8	62.4	68.1	4	100
11/14/2015 23:10	74.9	70.5	67.2	61.5	68.6	4	100
11/14/2015 23:15	75.3	70.5	68.5	58.8	69	4	100
11/14/2015 23:20	74.6	68.9	69.1	61.1	68.5	4	100
11/14/2015 23:25	75	69.6	66.3	61.3	68.2	4	100
11/14/2015 23:30	74.7	70	66.4	60.4	67.9	4	100
11/14/2015 23:35	75.5	70.7	68	62	69.7	4	100
11/14/2015 23:40	76.5	71.5	68.1	64.1	70.6	4	100
11/14/2015 23:45	77.1	73.1	69.8	64.1	71.4	4	100
11/14/2015 23:50	76.8	71.7	68.5	64.3	70.7	4	100
11/14/2015 23:55	76.6	73.1	64.5	65.7	70.1	4	100
11/15/2015 00:00	73	70	61.8	62.8	67.3	4	100
11/15/2015 00:05	73	70.6	67.7	63.1	68.9	4	100
11/15/2015 00:10	73.5	70.4	67	62.7	68.6	4	100
11/15/2015 00:15	74	70.2	65.2	56.4	67.2	4	100
11/15/2015 00:20	75.7	70.4	70.7	58.4	69.3	4	100
11/15/2015 00:25	75.7	71.2	67.1	59.8	69.3	4	100
11/15/2015 00:30	76	71.8	63.6	61.3	68.8	4	100
11/15/2015 00:35	75	71.8	68.5	60.7	70.3	4	100
11/15/2015 00:40	74.8	72.2	68.7	61.9	70.9	4	100
11/15/2015 00:45	75.3	71.3	66.3	63	69.1	4	100
11/15/2015 00:50	75.5	70.7	66.2	61.5	69	4	100
11/15/2015 00:55	74.4	70.7	65.5	58.9	68.2	4	100
11/15/2015 01:00	74.1	70.4	66	59.5	68.4	4	100
11/15/2015 01:05	74	69.4	66.6	61.8	68.3	4	100
11/15/2015 01:10	73.6	69.1	66.6	60.6	67.6	4	100
11/15/2015 01:15	74.8	71	65.5	62.2	69	4	100
11/15/2015 01:20	74.4	71	66.5	61.8	68.8	4	100
11/15/2015 01:25	74.3	71.8	63.3	62.3	68.8	4	100
11/15/2015 01:30	74.9	73	65.1	63.1	69.4	4	100
11/15/2015 01:35	74.7	71.8	66.9	62.5	68.1	4	100
11/15/2015 01:40	74.5	71.8	70.4	63	70.1	4	100
11/15/2015 01:45	74.7	71	68.6	63.5	69.2	4	100
11/15/2015 01:50	74.3	71.1	64.2	63.5	68.1	4	100
11/15/2015 01:55	74.5	70.3	66	63.2	68.8	4	100
11/15/2015 02:00	74.6	71.1	68.7	61.2	68.1	4	100
11/15/2015 02:05	74.7	70.8	68.2	62.8	68.8	4	100
11/15/2015 02:10	74.8	71.1	69.6	63.7	69.2	4	100
11/15/2015 02:15	75.2	71.1	65.6	62.6	68.6	4	100
11/15/2015 02:20	75	70.4	68.2	62.9	68.5	4	100
11/15/2015 02:25	75.1	70.8	67	63.2	68.8	4	100
11/15/2015 02:30	74.8	70.5	65.8	63.1	68.1	4	100
11/15/2015 02:35	75.1	70.2	67.7	63	69.4	4	100
11/15/2015 02:40	74.8	70.7	68	63.2	69.2	4	100
11/15/2015 02:45	74.9	70.9	65	62.9	68.5	4	100
11/15/2015 02:50	75	70.5	65.5	62.7	68.3	4	100
11/15/2015 02:55	75	70.7	68.8	62.4	68.4	4	100
11/15/2015 03:00	74.8	70.8	66.8	63	68.7	4	100
11/15/2015 03:05	74.9	71	66.6	62.5	69.3	4	100
11/15/2015 03:10	74.8	70.9	60	62.9	66.2	4	100
11/15/2015 03:15	74.7	70.8	63.1	63.2	67.3	4	100
11/15/2015 03:20	74.8	70.8	65	63.2	69.7	4	100
11/15/2015 03:25	74.8	70.8	63.5	62	66.8	4	100
11/15/2015 03:30	75	70.9	65.8	61.3	67.8	4	100
11/15/2015 03:35	75	70.9	66.7	60.2	67.6	4	100
11/15/2015 03:40	74.9	70.7	67.8	61.3	68	4	100
11/15/2015 03:45	74.9	70.7	64.9	62.5	66.9	4	100
11/15/2015 03:50	74.9	70.8	64.3	62.7	67.8	4	100
11/15/2015 03:55	75	71	64.2	61.6	67.7	4	100
11/15/2015 04:00	74.7	71.1	60.8	61.6	66	4	100
11/15/2015 04:05	74.7	71.2	64.7	62.3	68.3	4	100
11/15/2015 04:10	74.7	70.8	66.3	62.8	68.8	4	100
11/15/2015 04:15	74.8	71.1	63.5	63.2	67.6	4	100
11/15/2015 04:20	74.7	70.9	64.8	62.6	67.9	4	100
11/15/2015 04:25	74.8	70.7	65.9	62.7	68.4	4	100
11/15/2015 04:30	74.8	70.4	65.7	63.1	67.8	4	100
11/15/2015 04:35	74.8	70.4	67.5	63	69.1	4	100
11/15/2015 04:40	74.9	70.4	68.3	63.1	69.1	4	100
11/15/2015 04:45	74.8	70.6	68	62.6	69.3	4	100
11/15/2015 04:50	74.6	70.5	67.8	62.9	69.2	4	100
11/15/2015 04:55	74.6	70.7	61.5	61.5	67	4	100
11/15/2015 05:00	74.6	71	64.1	61.9	68.2	4	100
11/15/2015 05:05	74.8	71.1	66	61.8	68.5	4	100
11/15/2015 05:10	75.2	71.3	69.4	62.2	69.7	4	100
11/15/2015 05:15	75.1	71.1	68.1	62.7	69.6	4	100
11/15/2015 05:20	75	71.3	59.6	62.4	66.7	4	100
11/15/2015 05:25	74.8	71.5	55.7	62.6	66	4	100
11/15/2015 05:30	74.7	71.1	61.3	62.5	67.1	4	100
11/15/2015 05:35	74.5	71	62.8	62.8	67.1	4	100
11/15/2015 05:40	74.7	70.4	61.6	62.1	65.8	4	100
11/15/2015 05:45	74.3	70	65.1	62.9	67.7	4	100
11/15/2015 05:50	74.7	71.5	69.7	63.7	69.7	4	100
11/15/2015 05:55	75.2	72.5	70.6	62.4	70.7	4	100
11/15/2015 06:00	74.3	71.1	68	62.7	69.3	4	100
11/15/2015 06:05	74.5	70	63.6	62.9	67.8	4	100
11/15/2015 06:10	74.7	69.2	66.6	62.9	68	4	100
11/15/2015 06:15	74.9	71.3	67.1	63.8	69.5	4	100
11/15/2015 06:20	74.7	70.8	68.3	63.8	69.8	4	100
11/15/2015 06:25	73.7	69.8	66.8	64.1	68.8	4	100
11/15/2015 06:30	74.6	70.4	69.3	60.9	69.4	4	100
11/15/2015 06:35	73.7	70.2	62.5	63.2	67.9	4	100
11/15/2015 06:40	72.9	70.2	65	63.4	68.1	4	100
11/15/2015 06:45	73.3	68.1	64.8	60.9	67	4	100
11/15/2015 06:50	72.5	67.2	66.5	60.6	67	4	100
11/15/2015 06:55	71.5	68.2	65.4	59	65.8	4	100
11/15/2015 07:00	72.9	70.2	69.4	59.3	68.4	4	100
11/15/2015 07:05	73.8	72.1	70.6	64.1	70.4	4	100
11/15/2015 07:10	74.7	72.7	69.2	63.8	70.5	4	100
11/15/2015 07:15	74.8	72	70	65	70.5	4	100
11/15/2015 07:20	74	72.5	71.7	65.3	71.5	4	100
11/15/2015 07:25	74.4	70.7	67	64	69.1	4	100
11/15/2015 07:30	73.5	70.7	69.8	62.7	69.4	4	100
11/15/2015 07:35	74.8	70.1	68.7	61.4	69.1	4	100
11/15/2015 07:40	74.5	70.4	67.8	63.5	69.2	4	100
11/15/2015 07:45	73.6	69.9	62.9	61.1	67.4	4	100
11/15/2015 07:50	73.8	68.5	62.9	62.5	67.6	4	100
11/15/2015 07:55	73.3	68.7	61.9	64.8	67.2	4	100
11/15/2015 08:00	73.4	68.6	61.5	59.5	65.8	4	100
11/15/2015 08:05	73.5	70.6	60.3	62.6	66.5	4	100
11/15/2015 08:10	73.3	69.7	61.4	63.5	67.1	4	100
11/15/2015 08:15	72.7	70.4	63.4	62.7	67.4	4	100
11/15/2015 08:20	71.9	68.5	64	61.8	66.8	4	100
11/15/2015 08:25	71.9	69.3	62.7	57.3	65.4	4	100
11/15/2015 08:30	73.5	69.3	63.6	59	66.5	4	100
11/15/2015 08:35	71.1	69.3	63.7	59.4	66	4	100
11/15/2015 08:40	71.7	70.2	64.7	61.5	67.1	4	100
11/15/2015 08:45	72.4	68.9	64.5	62.5	67.4	4	100
11/15/2015 08:50	73	69.8	64.3	63.1	67.6	4	100
11/15/2015 08:55	72.8	69	66	62.4	67.6	4	100
11/15/2015 09:00	73.4	69.4	66	61	68.1	4	100
11/15/2015 09:05	72.3	69.1	68.6	61.4	68.2	4	100
11/15/2015 09:10	71.8	68.8	66.4	60.3	67.2	4	100
11/15/2015 09:15	71.5	68.7	65.7	59.7	66.8	4	100
11/15/2015 09:20	71.9	67.1	64.5	58.6	65.9	4	100
11/15/2015 09:25	71.8	68.2	66.2	60.1	66.7	4	100
11/15/2015 09:30	72.7	69	65.4	60.9	67.4	4	100
11/15/2015 09:35	72.7	68.2	62.8	60.8	66.4	4	100
11/15/2015 09:40	72.8	69.4	60.6	61.3	66.6	4	100
11/15/2015 09:45	72.6	69.2	62.9	62	66.8	4	100
11/15/2015 09:50	72.3	68.3	65.9	61.4	67.1	4	100
11/15/2015 09:55	71.7	67.9	66.4	61.2	66.7	4	100
11/15/2015 10:00	72.3	68.7	68.2	60.2	67.5	4	100
11/15/2015 10:05	73	68	66.5	61.1	67.5	4	100
11/15/2015 10:10	70.8	66.3	62	57.7	64.6	4	100
11/15/2015 10:15	71.2	67.4	62	58.6	65	4	100
11/15/2015 10:20	69.4	64.5	60.9	57.1	63.3	4	100
11/15/2015 10:25	68	65.1	61.4	56.6	63	4	100
11/15/2015 10:30	68.9	65	62.6	55.7	63.5	4	100
11/15/2015 10:35	70.3	66.8	63.1	55.1	64	4	100
11/15/2015 10:40	70	66.1	64	57.7	64.5	4	100
11/15/2015 10:45	69.7	66.3	64.7	57.6	64.9	4	100
11/15/2015 10:50	70.4	67.5	64.1	58.4	65.5	4	100
11/15/2015 10:55	69.7	66.3	63.9	58.3	64.9	4	100
11/15/2015 11:00	69.8	65.4	61.4	57.2	63.7	4	100
11/15/2015 11:05	70.9	66.5	65.4	56.2	65.4	4	100
11/15/2015 11:10	69.9	66.3	63.3	56	64.2	4	100
11/15/2015 11:15	68.8	66	62.7	56.2	63.9	4	100
11/15/2015 11:20	68.4	65.7	59.3	55	62.2	4	100
11/15/2015 11:25	69.2	66.6	60.9	56.9	63.6	4	100
11/15/2015 11:30	68.5	65.4	58.1	55.9	62	4	100
11/15/2015 11:35	68.6	65.4	59.3	53.1	61.6	4	100
11/15/2015 11:40	70.4	67.8	65	57.8	65.3	4	100
11/15/2015 11:45	70	67.2	63.6	58.4	65.2	4	100
11/15/2015 11:50	68.3	64.6	62	58.2	63.7	4	100
11/15/2015 11:55	68.1	63.7	59.2	56.3	62.3	4	100
11/15/2015 12:00	66.8	62.6	61.4	55.5	61.8	4	100
11/15/2015 12:05	69.4	64.6	64.8	58.2	64.3	4	100
11/15/2015 12:10	67.6	63.1	62.5	55.4	62.7	4	100
11/15/2015 12:15	68	63.8	60.1	56	62.5	4	100
11/15/2015 12:20	68.1	64.3	58.9	55.7	62.1	4	100
11/15/2015 12:25	69.8	65.8	61.2	57.3	64.1	4	100
11/15/2015 12:30	69	64.1	61.8	54.4	62.9	4	100
11/15/2015 12:35	69.5	65.6	61.9	56.5	63.7	4	100
11/15/2015 12:40	68.4	64.4	61	57.5	63.1	4	100
11/15/2015 12:45	69.1	64.4	60.8	56.7	62.9	4	100
11/15/2015 12:50	68.6	64.1	61	56.8	63	4	100
11/15/2015 12:55	69	64.1	61.3	56	62.9	4	100
11/15/2015 13:00	68.9	64.6	61.1	56.1	63.3	4	100
11/15/2015 13:05	68.6	64.4	60.7	55.6	63	4	100
11/15/2015 13:10	69	65.6	60.8	56.9	63.5	4	100
11/15/2015 13:15	69.2	65.4	61.3	56.4	63.1	4	100
11/15/2015 13:20	68.5	64.7	61.8	55.3	63.2	4	100
11/15/2015 13:25	69.4	65.8	64.1	54.3	63.7	4	100
11/15/2015 13:30	68.5	65.3	64.2	55.6	63.8	4	100
11/15/2015 13:35	68	65.4	65.3	57.8	64.6	4	100
11/15/2015 13:40	67.2	65.2	64.3	56	63.5	4	100
11/15/2015 13:45	64.3	62	59.8	53	60.2	4	100
11/15/2015 13:50	65.4	62	60.7	54.2	60.8	4	100
11/15/2015 13:55	65.7	62.1	61	55	61.4	4	100
11/15/2015 14:00	67.6	64.3	61.2	55.8	62.7	4	100
11/15/2015 14:05	67.4	63.6	60.4	57.5	62.5	4	100
11/15/2015 14:10	67	64.5	62.7	56.5	62.9	4	100
11/15/2015 14:15	67	63.7	61.9	54.8	62.1	4	100
11/15/2015 14:20	67.5	63.7	61.6	53.9	62.4	4	100
11/15/2015 14:25	66.6	63.1	61.1	54.4	61.7	4	100
11/15/2015 14:30	67.2	62.8	59.9	54.5	61.4	4	100
11/15/2015 14:35	68.4	64.8	60.6	55.8	62.8	4	100
11/15/2015 14:40	68.4	65.1	62.4	55.8	63.3	4	100
11/15/2015 14:45	67.6	64.1	62.1	57.2	63.4	4	100
11/15/2015 14:50	67.9	64.8	62.3	57.6	63.5	4	100
11/15/2015 14:55	67.1	62.9	61.3	56.9	62.3	4	100
11/15/2015 15:00	68.3	64	62.1	56.3	63	4	100
11/15/2015 15:05	68.8	64.3	65.3	56.2	64.1	4	100
11/15/2015 15:10	67.6	64.1	63.3	55.9	63.2	4	100
11/15/2015 15:15	67.1	64.2	62.6	56.6	62.9	4	100
11/15/2015 15:20	68.1	64.5	62.7	55.5	63	4	100
11/15/2015 15:25	66.3	64.1	63.8	55.9	63	4	100
11/15/2015 15:30	66.5	62.9	63.2	54.9	62.3	4	100
11/15/2015 15:35	67.6	63.8	62.3	54.1	62.6	4	100
11/15/2015 15:40	66.9	63	60.2	53.6	61.2	4	100
11/15/2015 15:45	67	64.1	64.8	55.9	63.4	4	100
11/15/2015 15:50	66.7	62.8	63.3	57.1	62.9	4	100
11/15/2015 15:55	67.6	63.8	63.2	57.9	63.7	4	100
11/15/2015 16:00	67.9	64.5	65.5	57.9	64.3	4	100
11/15/2015 16:05	65.5	62.6	63	56.7	62.4	4	100
11/15/2015 16:10	67.4	62.9	63.8	57.8	63.4	4	100
11/15/2015 16:15	67	62.6	63.2	55.7	62.7	4	100
11/15/2015 16:20	66.9	62.2	62.2	55.8	62.1	4	100
11/15/2015 16:25	66.1	62.3	63	55.8	62.3	4	100
11/15/2015 16:30	65	61.6	61.4	55	61.2	4	100
11/15/2015 16:35	64.9	61.8	61.9	54.6	61.4	4	100
11/15/2015 16:40	65.5	61.8	63.4	56.8	62.3	4	100
11/15/2015 16:45	65.5	61.9	61.3	55.7	61.4	4	100
11/15/2015 16:50	67.3	64.3	63.8	56.6	63.4	4	100
11/15/2015 16:55	66	63.9	61.7	55.7	62.2	4	100
11/15/2015 17:00	65.1	61.7	60.1	54.5	61	4	100
11/15/2015 17:05	64.3	60.6	59.4	53.9	60.1	4	100
11/15/2015 17:10	63	59.6	57.9	53.1	58.8	4	100
11/15/2015 17:15	62.1	58.7	57.8	52	58	4	100
11/15/2015 17:20	61.6	58.9	59.2	53	58.6	4	100
11/15/2015 17:25	62	58.8	58.1	54.7	58.7	4	100
11/15/2015 17:30	62.5	58.8	57.4	52.8	58.3	4	100
11/15/2015 17:35	61.6	58.4	53.9	51	56.6	4	100
11/15/2015 17:40	61.4	58.3	55.8	51	57	4	100
11/15/2015 17:45	62.3	58	57.7	53.7	58.4	4	100
11/15/2015 17:50	63.4	59.3	58.1	54.9	59.2	4	100
11/15/2015 17:55	63.2	59.5	58.2	54.5	59.3	4	100
11/15/2015 18:00	63.3	59.5	59.5	54.6	59.8	4	100
11/15/2015 18:05	64	60.7	60.3	55.4	60.5	4	100
11/15/2015 18:10	60.3	56.7	55.6	55.2	57.1	4	100
11/15/2015 18:15	60.1	56.4	56.6	54.5	57.1	4	100
11/15/2015 18:20	62.1	58.2	55.5	53.8	57.6	4	100
11/15/2015 18:25	63.5	58.3	56.2	52.8	58.1	4	100
11/15/2015 18:30	63.4	60	56.4	53.9	58.8	4	100
11/15/2015 18:35	65.9	61.6	55.9	55.5	60	4	100
11/15/2015 18:40	65.6	62.1	57.8	56.6	61	4	100
11/15/2015 18:45	65.4	63.2	60.1	56.9	61.5	4	100
11/15/2015 18:50	65.9	63	60.6	56.5	61.9	4	100
11/15/2015 18:55	64.7	61	56.4	55.4	59.9	4	100
11/15/2015 19:00	66	63.7	58.5	58.1	61.4	4	100
11/15/2015 19:05	64.6	61.9	56.9	55.7	60.4	4	100
11/15/2015 19:10	64.7	61.6	56.2	57.6	60.5	4	100
11/15/2015 19:15	65.4	60.4	56.2	58.3	60.3	4	100
11/15/2015 19:20	65	60.7	59.5	57	60.8	4	100
11/15/2015 19:25	66.7	62.4	60.4	58.1	62.2	4	100
11/15/2015 19:30	67.5	64.1	61.1	56.7	62.9	4	100
11/15/2015 19:35	67.9	63.8	63.3	58.1	63.8	4	100
11/15/2015 19:40	68	64.2	65.2	57.4	64	4	100
11/15/2015 19:45	68.2	63.7	62.2	55.3	63.1	4	100
11/15/2015 19:50	67.8	63.9	60.2	54.6	62.4	4	100
11/15/2015 19:55	68.3	64.7	63.3	56.7	64.1	4	100
11/15/2015 20:00	69.4	65.4	63.7	59.9	65.2	4	100
11/15/2015 20:05	68.1	64.9	64.4	59.9	64.9	4	100
11/15/2015 20:10	67.9	64.7	62.9	60.3	64.3	4	100
11/15/2015 20:15	68.2	64.5	63.9	58.7	64.5	4	100
11/15/2015 20:20	68.3	64.4	59.7	60	63.4	4	100
11/15/2015 20:25	68.2	65.5	61.3	59.8	64.4	4	100
11/15/2015 20:30	68.9	65	61.1	55.1	63.7	4	100
11/15/2015 20:35	69.4	65.4	61.2	59.2	64.5	4	100
11/15/2015 20:40	69.2	66.1	60.4	60.8	64.7	4	100
11/15/2015 20:45	68.1	65.9	62	59.7	64.5	4	100
11/15/2015 20:50	67.4	66	61	60.1	64	4	100
11/15/2015 20:55	68	66.8	61.9	61.5	64.7	4	100
11/15/2015 21:00	72.2	69.1	65	60.6	67.5	4	100
11/15/2015 21:05	73.9	70.7	67.7	63.2	69.6	4	100
11/15/2015 21:10	74.4	71	68.9	61.3	69.9	4	100
11/15/2015 21:15	75.9	70.3	69.4	62.8	70.1	4	100
11/15/2015 21:20	76.8	71.4	69.8	62.5	71.1	4	100
11/15/2015 21:25	77.2	71.4	69.4	63.8	71.4	4	100
11/15/2015 21:30	77	71.5	69.3	63	71	4	100
11/15/2015 21:35	75.1	71.1	70.2	63.6	71	4	100
11/15/2015 21:40	76.1	71.1	69	61.9	70	4	100
11/15/2015 21:45	75.1	71	68.4	61.7	69.6	4	100
11/15/2015 21:50	74.3	70.4	70.8	63.5	70.4	4	100
11/15/2015 21:55	76.1	70.9	67	63.5	70.3	4	100
11/15/2015 22:00	74.5	71.3	65	65	69.9	4	100
11/15/2015 22:05	73.4	70.6	66.9	63.3	69.1	4	100
11/15/2015 22:10	74.7	71.9	66.4	64.7	70.3	4	100
11/15/2015 22:15	74.2	71.2	68.3	64.3	70	4	100
11/15/2015 22:20	74.5	71.4	67.4	64.2	69.8	4	100
11/15/2015 22:25	75.4	71.5	68	65.6	70.5	4	100
11/15/2015 22:30	74.3	70.8	67.7	65.6	70.3	4	100
11/15/2015 22:35	75.6	71.8	68.2	62.2	70.5	4	100
11/15/2015 22:40	74.9	72.3	66.5	63.3	70.2	4	100
11/15/2015 22:45	75.6	71.4	64.7	63.4	69	4	100
11/15/2015 22:50	74.7	72.1	67	63.8	70.1	4	100
11/15/2015 22:55	74.9	70.4	62.7	63.5	68.8	4	100
11/15/2015 23:00	74.4	70.1	66.6	63.4	69.1	4	100
11/15/2015 23:05	74.5	68.4	65.1	64.4	68.4	4	100
11/15/2015 23:10	75	70	68	61.9	69.8	4	100
11/15/2015 23:15	75.1	71.2	71.7	62.6	71.1	4	100
11/15/2015 23:20	75.4	71.3	67.2	63.6	69.7	4	100
11/15/2015 23:25	75.9	71.8	72	64.1	71.8	4	100
11/15/2015 23:30	76.4	72.4	67.7	64.4	70.8	4	100
11/15/2015 23:35	76.1	71.9	70.9	62.4	71.4	4	100
11/15/2015 23:40	75.8	71.9	64.2	59.3	68.5	4	100
11/15/2015 23:45	75	71.5	60.4	58.3	67.2	4	100
11/15/2015 23:50	75.6	72.5	64.4	60.1	69.7	4	100
11/15/2015 23:55	75.8	73.1	64.6	62.8	69.8	4	100
