5 Minutes	Lane 1 Flow (Veh/5 Minutes)	Lane 2 Flow (Veh/5 Minutes)	Lane 3 Flow (Veh/5 Minutes)	Lane 4 Flow (Veh/5 Minutes)	Flow (Veh/5 Minutes)	# Lane Points	% Observed
11/09/2015 00:00	41	45	41	8	135	4	100
11/09/2015 00:05	37	58	56	6	157	4	100
11/09/2015 00:10	34	35	51	4	124	4	100
11/09/2015 00:15	33	40	58	4	135	4	100
11/09/2015 00:20	34	52	41	4	131	4	100
11/09/2015 00:25	36	45	48	3	132	4	100
11/09/2015 00:30	27	39	29	0	95	4	100
11/09/2015 00:35	26	46	53	2	127	4	100
11/09/2015 00:40	28	41	43	2	114	4	100
11/09/2015 00:45	21	36	31	4	92	4	100
11/09/2015 00:50	21	40	45	2	108	4	100
11/09/2015 00:55	18	27	34	1	80	4	100
11/09/2015 01:00	19	35	46	0	100	4	100
11/09/2015 01:05	15	29	31	1	76	4	100
11/09/2015 01:10	12	24	40	0	76	4	100
11/09/2015 01:15	14	25	21	0	60	4	100
11/09/2015 01:20	17	25	28	0	70	4	100
11/09/2015 01:25	14	20	41	1	76	4	100
11/09/2015 01:30	12	22	26	0	60	4	100
11/09/2015 01:35	11	24	24	0	59	4	100
11/09/2015 01:40	9	16	17	1	43	4	100
11/09/2015 01:45	13	21	18	0	52	4	100
11/09/2015 01:50	7	18	19	1	45	4	100
11/09/2015 01:55	10	32	23	0	65	4	100
11/09/2015 02:00	6	12	30	0	48	4	100
11/09/2015 02:05	11	10	18	0	39	4	100
11/09/2015 02:10	4	13	17	1	35	4	100
11/09/2015 02:15	14	15	16	0	45	4	100
11/09/2015 02:20	8	8	16	1	33	4	100
11/09/2015 02:25	8	15	17	0	40	4	100
11/09/2015 02:30	7	11	9	0	27	4	100
11/09/2015 02:35	6	12	14	0	32	4	100
11/09/2015 02:40	7	13	19	0	39	4	100
11/09/2015 02:45	5	18	14	0	37	4	100
11/09/2015 02:50	3	8	16	0	27	4	100
11/09/2015 02:55	8	13	13	0	34	4	100
11/09/2015 03:00	4	17	11	1	33	4	100
11/09/2015 03:05	6	9	13	0	28	4	100
11/09/2015 03:10	9	11	12	0	32	4	100
11/09/2015 03:15	3	12	13	1	29	4	100
11/09/2015 03:20	7	11	10	1	29	4	100
11/09/2015 03:25	4	12	16	0	32	4	100
11/09/2015 03:30	7	14	11	1	33	4	100
11/09/2015 03:35	13	13	17	0	43	4	100
11/09/2015 03:40	7	17	20	0	44	4	100
11/09/2015 03:45	5	16	19	0	40	4	100
11/09/2015 03:50	4	16	19	0	39	4	100
11/09/2015 03:55	7	14	18	0	39	4	100
11/09/2015 04:00	12	20	22	0	54	4	100
11/09/2015 04:05	15	22	25	1	63	4	100
11/09/2015 04:10	11	21	20	1	53	4	100
11/09/2015 04:15	17	25	24	1	67	4	100
11/09/2015 04:20	21	21	32	0	74	4	100
11/09/2015 04:25	14	28	39	3	84	4	100
11/09/2015 04:30	21	33	37	0	91	4	100
11/09/2015 04:35	33	39	50	1	123	4	100
11/09/2015 04:40	34	47	36	4	121	4	100
11/09/2015 04:45	41	48	37	4	130	4	100
11/09/2015 04:50	11	30	40	2	83	4	100
11/09/2015 04:55	52	64	52	15	183	4	100
11/09/2015 05:00	40	55	53	7	155	4	100
11/09/2015 05:05	36	48	51	9	144	4	100
11/09/2015 05:10	57	67	52	11	187	4	100
11/09/2015 05:15	63	67	58	11	199	4	100
11/09/2015 05:20	63	67	63	10	203	4	100
11/09/2015 05:25	67	75	60	17	219	4	100
11/09/2015 05:30	79	91	68	21	259	4	100
11/09/2015 05:35	101	86	73	12	272	4	100
11/09/2015 05:40	99	102	85	27	313	4	100
11/09/2015 05:45	116	98	82	28	324	4	100
11/09/2015 05:50	108	97	81	25	311	4	100
11/09/2015 05:55	106	88	89	20	303	4	100
11/09/2015 06:00	116	102	87	25	330	4	100
11/09/2015 06:05	89	102	78	22	291	4	100
11/09/2015 06:10	102	95	92	25	314	4	100
11/09/2015 06:15	127	113	93	25	358	4	100
11/09/2015 06:20	127	114	85	29	355	4	100
11/09/2015 06:25	135	107	97	30	369	4	100
11/09/2015 06:30	132	105	82	27	346	4	100
11/09/2015 06:35	119	116	89	31	355	4	100
11/09/2015 06:40	146	124	101	34	405	4	100
11/09/2015 06:45	144	136	112	32	424	4	100
11/09/2015 06:50	124	117	104	25	370	4	100
11/09/2015 06:55	150	128	122	33	433	4	100
11/09/2015 07:00	138	136	105	29	408	4	100
11/09/2015 07:05	139	135	117	29	420	4	100
11/09/2015 07:10	160	139	128	33	460	4	100
11/09/2015 07:15	176	155	123	42	496	4	100
11/09/2015 07:20	191	177	159	66	593	4	100
11/09/2015 07:25	206	179	150	51	586	4	100
11/09/2015 07:30	204	173	154	54	585	4	100
11/09/2015 07:35	194	182	157	68	601	4	100
11/09/2015 07:40	193	164	131	74	562	4	100
11/09/2015 07:45	195	167	149	88	599	4	100
11/09/2015 07:50	181	148	115	86	530	4	100
11/09/2015 07:55	188	161	121	82	552	4	100
11/09/2015 08:00	192	161	134	79	566	4	100
11/09/2015 08:05	188	154	131	71	544	4	100
11/09/2015 08:10	188	160	125	75	548	4	100
11/09/2015 08:15	189	170	145	74	578	4	100
11/09/2015 08:20	190	174	128	74	566	4	100
11/09/2015 08:25	188	173	129	53	543	4	100
11/09/2015 08:30	174	164	127	57	522	4	100
11/09/2015 08:35	191	166	116	46	519	4	100
11/09/2015 08:40	179	147	138	38	502	4	100
11/09/2015 08:45	164	144	140	47	495	4	100
11/09/2015 08:50	152	138	122	57	469	4	100
11/09/2015 08:55	150	161	120	45	476	4	100
11/09/2015 09:00	179	154	101	44	478	4	100
11/09/2015 09:05	151	145	111	38	445	4	100
11/09/2015 09:10	149	127	120	36	432	4	100
11/09/2015 09:15	175	152	122	33	482	4	100
11/09/2015 09:20	122	130	128	44	424	4	100
11/09/2015 09:25	146	127	110	43	426	4	100
11/09/2015 09:30	148	143	123	42	456	4	100
11/09/2015 09:35	124	129	104	42	399	4	100
11/09/2015 09:40	132	126	125	21	404	4	100
11/09/2015 09:45	129	127	124	31	411	4	100
11/09/2015 09:50	148	131	107	34	420	4	100
11/09/2015 09:55	133	130	131	40	434	4	100
11/09/2015 10:00	120	110	112	32	374	4	100
11/09/2015 10:05	136	124	125	41	426	4	100
11/09/2015 10:10	142	138	130	49	459	4	100
11/09/2015 10:15	141	136	114	47	438	4	100
11/09/2015 10:20	145	145	142	40	472	4	100
11/09/2015 10:25	141	138	125	41	445	4	100
11/09/2015 10:30	146	131	104	50	431	4	100
11/09/2015 10:35	137	138	138	42	455	4	100
11/09/2015 10:40	120	121	117	38	396	4	100
11/09/2015 10:45	102	100	88	32	322	4	100
11/09/2015 10:50	130	123	109	41	403	4	100
11/09/2015 10:55	123	120	111	51	405	4	100
11/09/2015 11:00	144	141	121	31	437	4	100
11/09/2015 11:05	152	146	127	57	482	4	100
11/09/2015 11:10	144	137	131	42	454	4	100
11/09/2015 11:15	139	133	117	59	448	4	100
11/09/2015 11:20	142	143	113	53	451	4	100
11/09/2015 11:25	153	137	124	49	463	4	100
11/09/2015 11:30	139	133	129	56	457	4	100
11/09/2015 11:35	168	153	126	64	511	4	100
11/09/2015 11:40	161	144	126	55	486	4	100
11/09/2015 11:45	149	129	113	53	444	4	100
11/09/2015 11:50	148	138	116	58	460	4	100
11/09/2015 11:55	164	152	131	53	500	4	100
11/09/2015 12:00	151	137	122	44	454	4	100
11/09/2015 12:05	162	160	134	72	528	4	100
11/09/2015 12:10	149	159	139	48	495	4	100
11/09/2015 12:15	152	164	149	57	522	4	100
11/09/2015 12:20	166	147	130	58	501	4	100
11/09/2015 12:25	180	157	132	79	548	4	100
11/09/2015 12:30	158	142	132	59	491	4	100
11/09/2015 12:35	158	146	118	64	486	4	100
11/09/2015 12:40	154	142	138	66	500	4	100
11/09/2015 12:45	173	149	136	56	514	4	100
11/09/2015 12:50	162	147	150	76	535	4	100
11/09/2015 12:55	158	151	134	70	513	4	100
11/09/2015 13:00	165	162	138	73	538	4	100
11/09/2015 13:05	171	152	145	72	540	4	100
11/09/2015 13:10	147	145	133	76	501	4	100
11/09/2015 13:15	193	168	151	84	596	4	100
11/09/2015 13:20	182	166	162	93	603	4	100
11/09/2015 13:25	193	172	150	83	598	4	100
11/09/2015 13:30	193	167	154	80	594	4	100
11/09/2015 13:35	190	162	156	64	572	4	100
11/09/2015 13:40	201	183	149	89	622	4	100
11/09/2015 13:45	185	164	138	67	554	4	100
11/09/2015 13:50	174	152	140	80	546	4	100
11/09/2015 13:55	171	154	130	78	533	4	100
11/09/2015 14:00	170	155	129	109	563	4	100
11/09/2015 14:05	161	155	126	44	486	4	100
11/09/2015 14:10	149	145	140	76	510	4	100
11/09/2015 14:15	194	178	144	104	620	4	100
11/09/2015 14:20	169	147	130	92	538	4	100
11/09/2015 14:25	172	153	134	106	565	4	100
11/09/2015 14:30	172	149	140	122	583	4	100
11/09/2015 14:35	182	155	131	117	585	4	100
11/09/2015 14:40	168	151	139	123	581	4	100
11/09/2015 14:45	178	166	133	117	594	4	100
11/09/2015 14:50	180	153	135	136	604	4	100
11/09/2015 14:55	170	134	136	124	564	4	100
11/09/2015 15:00	164	158	135	127	584	4	100
11/09/2015 15:05	174	141	141	139	595	4	100
11/09/2015 15:10	168	147	141	138	594	4	100
11/09/2015 15:15	169	151	131	135	586	4	100
11/09/2015 15:20	158	160	139	128	585	4	100
11/09/2015 15:25	159	152	125	128	564	4	100
11/09/2015 15:30	159	147	132	132	570	4	100
11/09/2015 15:35	167	152	131	118	568	4	100
11/09/2015 15:40	161	151	141	123	576	4	100
11/09/2015 15:45	162	157	128	118	565	4	100
11/09/2015 15:50	159	144	141	125	569	4	100
11/09/2015 15:55	156	136	140	122	554	4	100
11/09/2015 16:00	151	130	138	109	528	4	100
11/09/2015 16:05	166	138	123	115	542	4	100
11/09/2015 16:10	166	157	139	120	582	4	100
11/09/2015 16:15	171	157	152	125	605	4	100
11/09/2015 16:20	168	156	138	124	586	4	100
11/09/2015 16:25	164	146	144	133	587	4	100
11/09/2015 16:30	178	150	142	130	600	4	100
11/09/2015 16:35	180	151	139	121	591	4	100
11/09/2015 16:40	180	164	142	119	605	4	100
11/09/2015 16:45	176	152	146	123	597	4	100
11/09/2015 16:50	158	166	143	125	592	4	100
11/09/2015 16:55	164	161	143	133	601	4	100
11/09/2015 17:00	165	152	143	119	579	4	100
11/09/2015 17:05	166	170	144	116	596	4	100
11/09/2015 17:10	162	165	143	123	593	4	100
11/09/2015 17:15	165	156	148	114	583	4	100
11/09/2015 17:20	161	154	138	117	570	4	100
11/09/2015 17:25	160	146	139	130	575	4	100
11/09/2015 17:30	162	155	137	109	563	4	100
11/09/2015 17:35	167	153	151	118	589	4	100
11/09/2015 17:40	158	142	139	144	583	4	100
11/09/2015 17:45	156	150	135	124	565	4	100
11/09/2015 17:50	166	154	132	128	580	4	100
11/09/2015 17:55	166	153	142	129	590	4	100
11/09/2015 18:00	155	150	127	137	569	4	100
11/09/2015 18:05	156	151	137	112	556	4	100
11/09/2015 18:10	160	150	136	121	567	4	100
11/09/2015 18:15	157	143	136	125	561	4	100
11/09/2015 18:20	153	144	136	131	564	4	100
11/09/2015 18:25	153	151	148	140	592	4	100
11/09/2015 18:30	162	148	128	132	570	4	100
11/09/2015 18:35	150	150	130	124	554	4	100
11/09/2015 18:40	162	149	128	127	566	4	100
11/09/2015 18:45	139	141	121	114	515	4	100
11/09/2015 18:50	120	121	102	122	465	4	100
11/09/2015 18:55	113	103	91	108	415	4	100
11/09/2015 19:00	130	130	99	108	467	4	100
11/09/2015 19:05	114	116	96	95	421	4	100
11/09/2015 19:10	129	114	92	94	429	4	100
11/09/2015 19:15	120	115	103	99	437	4	100
11/09/2015 19:20	117	113	104	83	417	4	100
11/09/2015 19:25	103	117	78	97	395	4	100
11/09/2015 19:30	84	82	72	66	304	4	100
11/09/2015 19:35	115	115	108	99	437	4	100
11/09/2015 19:40	154	159	127	133	573	4	100
11/09/2015 19:45	166	159	127	124	576	4	100
11/09/2015 19:50	161	149	123	121	554	4	100
11/09/2015 19:55	169	150	137	107	563	4	100
11/09/2015 20:00	171	156	136	91	554	4	100
11/09/2015 20:05	161	150	114	65	490	4	100
11/09/2015 20:10	152	141	137	60	490	4	100
11/09/2015 20:15	136	127	138	38	439	4	100
11/09/2015 20:20	110	124	104	35	373	4	100
11/09/2015 20:25	114	111	114	36	375	4	100
11/09/2015 20:30	104	97	95	26	322	4	100
11/09/2015 20:35	120	116	111	40	387	4	100
11/09/2015 20:40	105	102	96	16	319	4	100
11/09/2015 20:45	101	104	88	16	309	4	100
11/09/2015 20:50	96	97	106	15	314	4	100
11/09/2015 20:55	94	111	90	28	323	4	100
11/09/2015 21:00	110	110	100	25	345	4	100
11/09/2015 21:05	94	102	104	23	323	4	100
11/09/2015 21:10	101	92	97	30	320	4	100
11/09/2015 21:15	105	110	102	22	339	4	100
11/09/2015 21:20	102	95	90	22	309	4	100
11/09/2015 21:25	95	108	105	25	333	4	100
11/09/2015 21:30	85	92	83	21	281	4	100
11/09/2015 21:35	94	85	91	27	297	4	100
11/09/2015 21:40	99	92	96	22	309	4	100
11/09/2015 21:45	81	94	100	14	289	4	100
11/09/2015 21:50	77	87	93	16	273	4	100
11/09/2015 21:55	95	101	84	16	296	4	100
11/09/2015 22:00	77	87	73	16	253	4	100
11/09/2015 22:05	84	113	77	19	293	4	100
11/09/2015 22:10	87	92	82	16	277	4	100
11/09/2015 22:15	95	98	82	21	296	4	100
11/09/2015 22:20	86	77	80	8	251	4	100
11/09/2015 22:25	92	94	86	17	289	4	100
11/09/2015 22:30	86	90	93	14	283	4	100
11/09/2015 22:35	72	83	82	8	245	4	100
11/09/2015 22:40	61	85	82	11	239	4	100
11/09/2015 22:45	74	80	78	12	244	4	100
11/09/2015 22:50	51	65	62	6	184	4	100
11/09/2015 22:55	65	79	70	9	223	4	100
11/09/2015 23:00	45	71	69	6	191	4	100
11/09/2015 23:05	57	75	63	5	200	4	100
11/09/2015 23:10	50	67	62	4	183	4	100
11/09/2015 23:15	57	70	69	7	203	4	100
11/09/2015 23:20	59	50	62	1	172	4	100
11/09/2015 23:25	59	75	63	9	206	4	100
11/09/2015 23:30	40	53	63	5	161	4	100
11/09/2015 23:35	38	50	50	4	142	4	100
11/09/2015 23:40	35	49	52	4	140	4	100
11/09/2015 23:45	28	63	45	2	138	4	100
11/09/2015 23:50	20	41	39	2	102	4	100
11/09/2015 23:55	28	45	33	1	107	4	100
11/10/2015 00:00	22	39	45	0	106	4	100
11/10/2015 00:05	29	38	39	2	108	4	100
11/10/2015 00:10	27	48	43	3	121	4	100
11/10/2015 00:15	21	50	45	2	118	4	100
11/10/2015 00:20	23	50	47	2	122	4	100
11/10/2015 00:25	19	49	47	0	115	4	100
11/10/2015 00:30	29	58	54	5	146	4	100
11/10/2015 00:35	21	41	44	0	106	4	100
11/10/2015 00:40	22	33	35	0	90	4	100
11/10/2015 00:45	21	31	34	1	87	4	100
11/10/2015 00:50	22	31	39	0	92	4	100
11/10/2015 00:55	15	29	27	1	72	4	100
11/10/2015 01:00	12	25	29	0	66	4	100
11/10/2015 01:05	21	28	35	1	85	4	100
11/10/2015 01:10	16	18	29	2	65	4	100
11/10/2015 01:15	20	23	28	1	72	4	100
11/10/2015 01:20	15	33	24	1	73	4	100
11/10/2015 01:25	13	26	25	0	64	4	100
11/10/2015 01:30	14	22	22	0	58	4	100
11/10/2015 01:35	14	28	20	1	63	4	100
11/10/2015 01:40	12	25	28	1	66	4	100
11/10/2015 01:45	11	22	27	0	60	4	100
11/10/2015 01:50	11	24	20	0	55	4	100
11/10/2015 01:55	9	17	22	0	48	4	100
11/10/2015 02:00	9	15	18	0	42	4	100
11/10/2015 02:05	9	16	17	1	43	4	100
11/10/2015 02:10	3	16	18	0	37	4	100
11/10/2015 02:15	10	13	18	0	41	4	100
11/10/2015 02:20	9	18	21	1	49	4	100
11/10/2015 02:25	5	8	12	0	25	4	100
11/10/2015 02:30	5	10	17	0	32	4	100
11/10/2015 02:35	7	11	18	1	37	4	100
11/10/2015 02:40	9	14	18	0	41	4	100
11/10/2015 02:45	2	12	18	0	32	4	100
11/10/2015 02:50	10	17	16	0	43	4	100
11/10/2015 02:55	7	9	12	1	29	4	100
11/10/2015 03:00	7	7	14	0	28	4	100
11/10/2015 03:05	3	6	12	0	21	4	100
11/10/2015 03:10	2	8	13	0	23	4	100
11/10/2015 03:15	7	12	17	0	36	4	100
11/10/2015 03:20	6	10	18	1	35	4	100
11/10/2015 03:25	4	12	22	0	38	4	100
11/10/2015 03:30	9	11	13	0	33	4	100
11/10/2015 03:35	9	21	18	0	48	4	100
11/10/2015 03:40	6	13	20	0	39	4	100
11/10/2015 03:45	7	13	23	0	43	4	100
11/10/2015 03:50	9	17	22	0	48	4	100
11/10/2015 03:55	1	3	10	0	14	4	100
11/10/2015 04:00	4	21	28	0	53	4	100
11/10/2015 04:05	9	17	16	0	42	4	100
11/10/2015 04:10	13	14	19	0	46	4	100
11/10/2015 04:15	14	21	22	0	57	4	100
11/10/2015 04:20	15	30	29	2	76	4	100
11/10/2015 04:25	14	19	30	1	64	4	100
11/10/2015 04:30	21	33	33	1	88	4	100
11/10/2015 04:35	19	34	34	0	87	4	100
11/10/2015 04:40	34	38	36	3	111	4	100
11/10/2015 04:45	43	39	36	3	121	4	100
11/10/2015 04:50	20	35	35	5	95	4	100
11/10/2015 04:55	32	44	37	3	116	4	100
11/10/2015 05:00	34	43	50	4	131	4	100
11/10/2015 05:05	33	48	37	6	124	4	100
11/10/2015 05:10	48	63	50	8	169	4	100
11/10/2015 05:15	52	55	58	10	175	4	100
11/10/2015 05:20	60	64	55	16	195	4	100
11/10/2015 05:25	77	75	63	10	225	4	100
11/10/2015 05:30	65	80	68	10	223	4	100
11/10/2015 05:35	89	75	74	15	253	4	100
11/10/2015 05:40	111	101	84	21	317	4	100
11/10/2015 05:45	114	106	77	24	321	4	100
11/10/2015 05:50	114	102	89	20	325	4	100
11/10/2015 05:55	96	98	78	18	290	4	100
11/10/2015 06:00	95	81	75	21	272	4	100
11/10/2015 06:05	106	98	89	29	322	4	100
11/10/2015 06:10	110	105	87	30	332	4	100
11/10/2015 06:15	117	117	85	17	336	4	100
11/10/2015 06:20	128	107	95	27	357	4	100
11/10/2015 06:25	130	110	95	24	359	4	100
11/10/2015 06:30	141	127	100	28	396	4	100
11/10/2015 06:35	134	133	107	27	401	4	100
11/10/2015 06:40	156	133	119	30	438	4	100
11/10/2015 06:45	147	127	112	27	413	4	100
11/10/2015 06:50	155	142	133	35	465	4	100
11/10/2015 06:55	137	131	113	34	415	4	100
11/10/2015 07:00	134	132	115	30	411	4	100
11/10/2015 07:05	163	145	140	19	467	4	100
11/10/2015 07:10	167	153	121	29	470	4	100
11/10/2015 07:15	192	167	152	56	567	4	100
11/10/2015 07:20	182	169	143	49	543	4	100
11/10/2015 07:25	207	176	140	53	576	4	100
11/10/2015 07:30	205	177	151	50	583	4	100
11/10/2015 07:35	184	163	124	88	559	4	100
11/10/2015 07:40	171	156	144	88	559	4	100
11/10/2015 07:45	183	165	135	82	565	4	100
11/10/2015 07:50	192	168	122	79	561	4	100
11/10/2015 07:55	186	158	141	90	575	4	100
11/10/2015 08:00	184	151	124	71	530	4	100
11/10/2015 08:05	187	169	128	90	574	4	100
11/10/2015 08:10	181	165	126	90	562	4	100
11/10/2015 08:15	182	161	122	82	547	4	100
11/10/2015 08:20	188	176	147	91	602	4	100
11/10/2015 08:25	162	148	112	65	487	4	100
11/10/2015 08:30	131	112	87	62	392	4	100
11/10/2015 08:35	147	120	106	64	437	4	100
11/10/2015 08:40	128	118	101	82	429	4	100
11/10/2015 08:45	137	126	94	73	430	4	100
11/10/2015 08:50	138	125	115	79	457	4	100
11/10/2015 08:55	123	128	93	68	412	4	100
11/10/2015 09:00	146	138	124	72	480	4	100
11/10/2015 09:05	191	180	146	61	578	4	100
11/10/2015 09:10	185	164	138	58	545	4	100
11/10/2015 09:15	177	170	126	52	525	4	100
11/10/2015 09:20	139	136	116	43	434	4	100
11/10/2015 09:25	148	135	113	31	427	4	100
11/10/2015 09:30	132	129	99	37	397	4	100
11/10/2015 09:35	126	109	100	32	367	4	100
11/10/2015 09:40	157	134	124	34	449	4	100
11/10/2015 09:45	160	142	111	33	446	4	100
11/10/2015 09:50	157	139	124	39	459	4	100
11/10/2015 09:55	137	131	127	39	434	4	100
11/10/2015 10:00	137	130	106	39	412	4	100
11/10/2015 10:05	123	139	123	27	412	4	100
11/10/2015 10:10	135	134	115	39	423	4	100
11/10/2015 10:15	129	136	110	45	420	4	100
11/10/2015 10:20	148	148	113	37	446	4	100
11/10/2015 10:25	138	130	112	40	420	4	100
11/10/2015 10:30	134	131	118	33	416	4	100
11/10/2015 10:35	124	137	105	42	408	4	100
11/10/2015 10:40	138	128	127	46	439	4	100
11/10/2015 10:45	145	138	117	46	446	4	100
11/10/2015 10:50	139	130	116	39	424	4	100
11/10/2015 10:55	125	113	92	36	366	4	100
11/10/2015 11:00	146	144	115	41	446	4	100
11/10/2015 11:05	139	132	122	40	433	4	100
11/10/2015 11:10	165	151	121	50	487	4	100
11/10/2015 11:15	149	147	120	47	463	4	100
11/10/2015 11:20	154	142	119	52	467	4	100
11/10/2015 11:25	149	136	120	44	449	4	100
11/10/2015 11:30	148	141	130	45	464	4	100
11/10/2015 11:35	170	153	145	51	519	4	100
11/10/2015 11:40	151	137	135	46	469	4	100
11/10/2015 11:45	160	149	116	49	474	4	100
11/10/2015 11:50	147	148	134	55	484	4	100
11/10/2015 11:55	138	132	136	49	455	4	100
11/10/2015 12:00	150	132	130	53	465	4	100
11/10/2015 12:05	136	147	129	45	457	4	100
11/10/2015 12:10	134	154	138	51	477	4	100
11/10/2015 12:15	134	135	116	50	435	4	100
11/10/2015 12:20	151	137	144	61	493	4	100
11/10/2015 12:25	171	160	141	53	525	4	100
11/10/2015 12:30	147	150	127	59	483	4	100
11/10/2015 12:35	175	161	139	64	539	4	100
11/10/2015 12:40	164	163	130	50	507	4	100
11/10/2015 12:45	174	139	124	55	492	4	100
11/10/2015 12:50	156	152	124	53	485	4	100
11/10/2015 12:55	160	141	140	56	497	4	100
11/10/2015 13:00	170	148	130	73	521	4	100
11/10/2015 13:05	176	154	158	56	544	4	100
11/10/2015 13:10	177	166	125	72	540	4	100
11/10/2015 13:15	130	132	132	36	430	4	100
11/10/2015 13:20	147	155	124	73	499	4	100
11/10/2015 13:25	163	146	136	80	525	4	100
11/10/2015 13:30	160	134	138	74	506	4	100
11/10/2015 13:35	186	165	137	67	555	4	100
11/10/2015 13:40	193	171	140	89	593	4	100
11/10/2015 13:45	185	155	139	97	576	4	100
11/10/2015 13:50	164	157	134	125	580	4	100
11/10/2015 13:55	174	152	124	118	568	4	100
11/10/2015 14:00	167	162	140	115	584	4	100
11/10/2015 14:05	186	168	145	119	618	4	100
11/10/2015 14:10	175	144	142	120	581	4	100
11/10/2015 14:15	174	158	137	127	596	4	100
11/10/2015 14:20	161	146	128	123	558	4	100
11/10/2015 14:25	183	154	126	119	582	4	100
11/10/2015 14:30	177	161	128	125	591	4	100
11/10/2015 14:35	154	148	123	98	523	4	100
11/10/2015 14:40	153	142	134	123	552	4	100
11/10/2015 14:45	100	93	83	124	400	4	100
11/10/2015 14:50	79	74	72	106	331	4	100
11/10/2015 14:55	150	152	148	133	583	4	100
11/10/2015 15:00	142	135	126	124	527	4	100
11/10/2015 15:05	167	156	144	101	568	4	100
11/10/2015 15:10	171	150	127	116	564	4	100
11/10/2015 15:15	160	152	133	115	560	4	100
11/10/2015 15:20	165	146	133	129	573	4	100
11/10/2015 15:25	173	150	129	122	574	4	100
11/10/2015 15:30	145	136	112	116	509	4	100
11/10/2015 15:35	112	112	93	116	433	4	100
11/10/2015 15:40	136	134	105	128	503	4	100
11/10/2015 15:45	125	118	113	118	474	4	100
11/10/2015 15:50	119	117	100	106	442	4	100
11/10/2015 15:55	120	123	114	113	470	4	100
11/10/2015 16:00	113	116	100	110	439	4	100
11/10/2015 16:05	143	129	119	130	521	4	100
11/10/2015 16:10	134	134	126	126	520	4	100
11/10/2015 16:15	120	126	88	106	440	4	100
11/10/2015 16:20	117	105	93	95	410	4	100
11/10/2015 16:25	119	116	91	87	413	4	100
11/10/2015 16:30	132	125	113	117	487	4	100
11/10/2015 16:35	131	127	110	113	481	4	100
11/10/2015 16:40	134	132	119	112	497	4	100
11/10/2015 16:45	117	114	88	100	419	4	100
11/10/2015 16:50	125	120	107	100	452	4	100
11/10/2015 16:55	140	116	120	119	495	4	100
11/10/2015 17:00	135	120	101	113	469	4	100
11/10/2015 17:05	120	114	93	112	439	4	100
11/10/2015 17:10	133	124	108	110	475	4	100
11/10/2015 17:15	150	139	132	114	535	4	100
11/10/2015 17:20	130	118	109	116	473	4	100
11/10/2015 17:25	118	104	86	108	416	4	100
11/10/2015 17:30	134	120	112	121	487	4	100
11/10/2015 17:35	125	126	103	110	464	4	100
11/10/2015 17:40	114	118	102	114	448	4	100
11/10/2015 17:45	133	121	98	119	471	4	100
11/10/2015 17:50	113	103	83	107	406	4	100
11/10/2015 17:55	99	81	73	100	353	4	100
11/10/2015 18:00	110	109	80	108	407	4	100
11/10/2015 18:05	134	123	109	126	492	4	100
11/10/2015 18:10	82	128	112	117	439	4	100
11/10/2015 18:15	133	117	108	127	485	4	100
11/10/2015 18:20	136	130	106	120	492	4	100
11/10/2015 18:25	115	116	97	118	446	4	100
11/10/2015 18:30	138	134	101	126	499	4	100
11/10/2015 18:35	131	109	85	119	444	4	100
11/10/2015 18:40	141	131	108	114	494	4	100
11/10/2015 18:45	128	125	114	114	481	4	100
11/10/2015 18:50	153	147	119	121	540	4	100
11/10/2015 18:55	119	112	102	120	453	4	100
11/10/2015 19:00	134	130	95	130	489	4	100
11/10/2015 19:05	142	141	111	114	508	4	100
11/10/2015 19:10	141	140	109	118	508	4	100
11/10/2015 19:15	142	152	117	124	535	4	100
11/10/2015 19:20	149	133	125	135	542	4	100
11/10/2015 19:25	159	138	119	121	537	4	100
11/10/2015 19:30	169	156	134	112	571	4	100
11/10/2015 19:35	136	127	118	108	489	4	100
11/10/2015 19:40	149	143	118	121	531	4	100
11/10/2015 19:45	160	163	108	123	554	4	100
11/10/2015 19:50	178	149	135	123	585	4	100
11/10/2015 19:55	156	149	124	126	555	4	100
11/10/2015 20:00	140	135	118	109	502	4	100
11/10/2015 20:05	163	150	131	124	568	4	100
11/10/2015 20:10	155	141	123	96	515	4	100
11/10/2015 20:15	170	153	126	122	571	4	100
11/10/2015 20:20	160	163	136	101	560	4	100
11/10/2015 20:25	163	147	140	101	551	4	100
11/10/2015 20:30	175	146	131	80	532	4	100
11/10/2015 20:35	165	148	129	64	506	4	100
11/10/2015 20:40	147	139	120	55	461	4	100
11/10/2015 20:45	122	129	116	43	410	4	100
11/10/2015 20:50	156	132	109	53	450	4	100
11/10/2015 20:55	122	122	113	44	401	4	100
11/10/2015 21:00	130	116	112	47	405	4	100
11/10/2015 21:05	119	118	107	27	371	4	100
11/10/2015 21:10	118	124	109	35	386	4	100
11/10/2015 21:15	132	140	108	40	420	4	100
11/10/2015 21:20	118	129	105	24	376	4	100
11/10/2015 21:25	134	145	124	26	429	4	100
11/10/2015 21:30	122	110	122	21	375	4	100
11/10/2015 21:35	94	105	89	26	314	4	100
11/10/2015 21:40	109	104	104	24	341	4	100
11/10/2015 21:45	115	105	101	27	348	4	100
11/10/2015 21:50	100	98	93	32	323	4	100
11/10/2015 21:55	90	99	106	34	329	4	100
11/10/2015 22:00	97	101	96	23	317	4	100
11/10/2015 22:05	112	134	109	32	387	4	100
11/10/2015 22:10	104	104	103	21	332	4	100
11/10/2015 22:15	96	87	97	18	298	4	100
11/10/2015 22:20	91	93	91	24	299	4	100
11/10/2015 22:25	95	107	111	21	334	4	100
11/10/2015 22:30	89	104	92	15	300	4	100
11/10/2015 22:35	86	101	92	22	301	4	100
11/10/2015 22:40	77	103	100	17	297	4	100
11/10/2015 22:45	80	78	76	10	244	4	100
11/10/2015 22:50	85	79	81	14	259	4	100
11/10/2015 22:55	76	90	79	14	259	4	100
11/10/2015 23:00	55	81	77	11	224	4	100
11/10/2015 23:05	57	70	78	10	215	4	100
11/10/2015 23:10	53	67	72	13	205	4	100
11/10/2015 23:15	59	71	82	14	226	4	100
11/10/2015 23:20	69	84	74	8	235	4	100
11/10/2015 23:25	65	66	71	5	207	4	100
11/10/2015 23:30	56	78	71	8	213	4	100
11/10/2015 23:35	53	64	60	9	186	4	100
11/10/2015 23:40	47	70	65	6	188	4	100
11/10/2015 23:45	44	58	61	5	168	4	100
11/10/2015 23:50	48	66	54	5	173	4	100
11/10/2015 23:55	17	36	37	0	90	4	100
11/11/2015 00:00	57	55	67	14	193	4	100
11/11/2015 00:05	36	54	51	6	147	4	100
11/11/2015 00:10	13	37	38	3	91	4	100
11/11/2015 00:15	33	43	45	9	130	4	100
11/11/2015 00:20	10	25	29	1	65	4	100
11/11/2015 00:25	58	82	60	14	214	4	100
11/11/2015 00:30	22	38	49	5	114	4	100
11/11/2015 00:35	24	33	45	2	104	4	100
11/11/2015 00:40	26	45	44	2	117	4	100
11/11/2015 00:45	20	40	39	1	100	4	100
11/11/2015 00:50	20	40	44	1	105	4	100
11/11/2015 00:55	18	26	35	2	81	4	100
11/11/2015 01:00	12	30	30	2	74	4	100
11/11/2015 01:05	24	30	32	1	87	4	100
11/11/2015 01:10	14	27	33	1	75	4	100
11/11/2015 01:15	16	25	35	2	78	4	100
11/11/2015 01:20	19	25	33	0	77	4	100
11/11/2015 01:25	24	32	38	2	96	4	100
11/11/2015 01:30	11	21	32	1	65	4	100
11/11/2015 01:35	11	30	27	1	69	4	100
11/11/2015 01:40	14	25	30	3	72	4	100
11/11/2015 01:45	13	22	32	0	67	4	100
11/11/2015 01:50	8	27	35	1	71	4	100
11/11/2015 01:55	8	20	25	0	53	4	100
11/11/2015 02:00	4	24	24	0	52	4	100
11/11/2015 02:05	10	14	17	0	41	4	100
11/11/2015 02:10	4	24	22	1	51	4	100
11/11/2015 02:15	11	19	21	0	51	4	100
11/11/2015 02:20	13	15	19	0	47	4	100
11/11/2015 02:25	6	16	12	0	34	4	100
11/11/2015 02:30	11	19	18	1	49	4	100
11/11/2015 02:35	9	10	15	0	34	4	100
11/11/2015 02:40	13	24	18	0	55	4	100
11/11/2015 02:45	5	16	21	0	42	4	100
11/11/2015 02:50	8	19	15	0	42	4	100
11/11/2015 02:55	10	14	12	0	36	4	100
11/11/2015 03:00	2	12	14	0	28	4	100
11/11/2015 03:05	4	9	16	0	29	4	100
11/11/2015 03:10	4	15	15	1	35	4	100
11/11/2015 03:15	5	14	12	0	31	4	100
11/11/2015 03:20	6	15	13	0	34	4	100
11/11/2015 03:25	3	16	17	1	37	4	100
11/11/2015 03:30	8	9	20	1	38	4	100
11/11/2015 03:35	9	15	17	0	41	4	100
11/11/2015 03:40	4	17	21	0	42	4	100
11/11/2015 03:45	6	13	17	1	37	4	100
11/11/2015 03:50	4	14	19	0	37	4	100
11/11/2015 03:55	8	14	18	1	41	4	100
11/11/2015 04:00	8	20	26	0	54	4	100
11/11/2015 04:05	6	11	19	0	36	4	100
11/11/2015 04:10	7	16	24	0	47	4	100
11/11/2015 04:15	11	21	16	0	48	4	100
11/11/2015 04:20	14	15	23	0	52	4	100
11/11/2015 04:25	12	28	23	0	63	4	100
11/11/2015 04:30	16	20	26	1	63	4	100
11/11/2015 04:35	19	37	36	4	96	4	100
11/11/2015 04:40	24	31	28	1	84	4	100
11/11/2015 04:45	27	37	36	6	106	4	100
11/11/2015 04:50	28	40	32	3	103	4	100
11/11/2015 04:55	24	27	43	2	96	4	100
11/11/2015 05:00	25	37	43	3	108	4	100
11/11/2015 05:05	35	36	34	3	108	4	100
11/11/2015 05:10	34	39	45	7	125	4	100
11/11/2015 05:15	44	56	49	9	158	4	100
11/11/2015 05:20	48	51	52	7	158	4	100
11/11/2015 05:25	59	60	53	12	184	4	100
11/11/2015 05:30	58	67	57	14	196	4	100
11/11/2015 05:35	76	76	72	17	241	4	100
11/11/2015 05:40	97	90	87	21	295	4	100
11/11/2015 05:45	92	82	82	18	274	4	100
11/11/2015 05:50	95	83	80	23	281	4	100
11/11/2015 05:55	69	80	77	17	243	4	100
11/11/2015 06:00	106	97	67	24	294	4	100
11/11/2015 06:05	76	82	72	24	254	4	100
11/11/2015 06:10	100	99	81	22	302	4	100
11/11/2015 06:15	104	109	96	27	336	4	100
11/11/2015 06:20	103	99	85	17	304	4	100
11/11/2015 06:25	109	115	81	27	332	4	100
11/11/2015 06:30	112	101	86	18	317	4	100
11/11/2015 06:35	115	111	95	29	350	4	100
11/11/2015 06:40	134	121	91	34	380	4	100
11/11/2015 06:45	117	111	93	31	352	4	100
11/11/2015 06:50	120	134	109	26	389	4	100
11/11/2015 06:55	120	133	106	25	384	4	100
11/11/2015 07:00	110	117	111	36	374	4	100
11/11/2015 07:05	119	119	108	29	375	4	100
11/11/2015 07:10	133	129	111	21	394	4	100
11/11/2015 07:15	120	130	118	29	397	4	100
11/11/2015 07:20	154	147	124	47	472	4	100
11/11/2015 07:25	150	144	128	45	467	4	100
11/11/2015 07:30	91	85	92	63	331	4	100
11/11/2015 07:35	133	124	117	59	433	4	100
11/11/2015 07:40	103	123	118	75	419	4	100
11/11/2015 07:45	90	94	90	81	355	4	100
11/11/2015 07:50	106	113	110	76	405	4	100
11/11/2015 07:55	114	112	88	67	381	4	100
11/11/2015 08:00	108	108	96	66	378	4	100
11/11/2015 08:05	127	124	122	79	452	4	100
11/11/2015 08:10	111	108	99	78	396	4	100
11/11/2015 08:15	127	117	95	67	406	4	100
11/11/2015 08:20	163	165	133	78	539	4	100
11/11/2015 08:25	201	167	151	55	574	4	100
11/11/2015 08:30	174	160	135	38	507	4	100
11/11/2015 08:35	124	114	123	39	400	4	100
11/11/2015 08:40	146	133	129	35	443	4	100
11/11/2015 08:45	160	139	114	49	462	4	100
11/11/2015 08:50	139	118	117	51	425	4	100
11/11/2015 08:55	125	129	107	39	400	4	100
11/11/2015 09:00	129	119	119	46	413	4	100
11/11/2015 09:05	159	142	102	42	445	4	100
11/11/2015 09:10	138	134	128	37	437	4	100
11/11/2015 09:15	151	138	118	39	446	4	100
11/11/2015 09:20	147	144	113	30	434	4	100
11/11/2015 09:25	135	127	120	45	427	4	100
11/11/2015 09:30	166	149	128	44	487	4	100
11/11/2015 09:35	151	156	114	54	475	4	100
11/11/2015 09:40	153	145	123	69	490	4	100
11/11/2015 09:45	148	150	125	37	460	4	100
11/11/2015 09:50	147	128	122	42	439	4	100
11/11/2015 09:55	119	124	122	49	414	4	100
11/11/2015 10:00	153	141	125	54	473	4	100
11/11/2015 10:05	136	127	115	52	430	4	100
11/11/2015 10:10	149	142	115	51	457	4	100
11/11/2015 10:15	142	137	125	60	464	4	100
11/11/2015 10:20	153	157	126	69	505	4	100
11/11/2015 10:25	146	134	131	66	477	4	100
11/11/2015 10:30	147	141	128	55	471	4	100
11/11/2015 10:35	142	141	128	60	471	4	100
11/11/2015 10:40	148	157	128	73	506	4	100
11/11/2015 10:45	154	140	139	73	506	4	100
11/11/2015 10:50	164	147	133	63	507	4	100
11/11/2015 10:55	164	159	125	70	518	4	100
11/11/2015 11:00	154	165	132	73	524	4	100
11/11/2015 11:05	162	161	135	78	536	4	100
11/11/2015 11:10	148	136	135	70	489	4	100
11/11/2015 11:15	143	142	118	54	457	4	100
11/11/2015 11:20	147	133	125	61	466	4	100
11/11/2015 11:25	163	154	135	60	512	4	100
11/11/2015 11:30	165	152	153	66	536	4	100
11/11/2015 11:35	145	147	123	74	489	4	100
11/11/2015 11:40	155	157	143	68	523	4	100
11/11/2015 11:45	124	125	118	52	419	4	100
11/11/2015 11:50	134	141	128	55	458	4	100
11/11/2015 11:55	144	143	129	64	480	4	100
11/11/2015 12:00	149	140	142	47	478	4	100
11/11/2015 12:05	146	156	129	56	487	4	100
11/11/2015 12:10	151	148	126	56	481	4	100
11/11/2015 12:15	160	152	133	76	521	4	100
11/11/2015 12:20	138	134	115	52	439	4	100
11/11/2015 12:25	151	137	146	69	503	4	100
11/11/2015 12:30	159	159	137	73	528	4	100
11/11/2015 12:35	152	151	130	55	488	4	100
11/11/2015 12:40	168	155	140	76	539	4	100
11/11/2015 12:45	165	162	140	77	544	4	100
11/11/2015 12:50	147	135	132	57	471	4	100
11/11/2015 12:55	152	140	127	76	495	4	100
11/11/2015 13:00	177	142	132	95	546	4	100
11/11/2015 13:05	155	138	126	97	516	4	100
11/11/2015 13:10	180	146	128	115	569	4	100
11/11/2015 13:15	175	161	138	112	586	4	100
11/11/2015 13:20	173	160	129	118	580	4	100
11/11/2015 13:25	176	147	136	123	582	4	100
11/11/2015 13:30	170	141	120	120	551	4	100
11/11/2015 13:35	181	148	129	131	589	4	100
11/11/2015 13:40	172	149	138	132	591	4	100
11/11/2015 13:45	168	154	132	134	588	4	100
11/11/2015 13:50	171	160	122	130	583	4	100
11/11/2015 13:55	168	145	136	134	583	4	100
11/11/2015 14:00	187	155	134	145	621	4	100
11/11/2015 14:05	167	161	129	126	583	4	100
11/11/2015 14:10	167	159	125	129	580	4	100
11/11/2015 14:15	168	174	131	136	609	4	100
11/11/2015 14:20	184	162	129	129	604	4	100
11/11/2015 14:25	152	142	121	124	539	4	100
11/11/2015 14:30	161	156	130	135	582	4	100
11/11/2015 14:35	164	158	136	124	582	4	100
11/11/2015 14:40	175	146	134	128	583	4	100
11/11/2015 14:45	165	151	125	131	572	4	100
11/11/2015 14:50	148	149	124	129	550	4	100
11/11/2015 14:55	161	150	117	132	560	4	100
11/11/2015 15:00	136	123	120	137	516	4	100
11/11/2015 15:05	164	139	143	136	582	4	100
11/11/2015 15:10	160	157	133	131	581	4	100
11/11/2015 15:15	169	139	137	134	579	4	100
11/11/2015 15:20	159	146	130	133	568	4	100
11/11/2015 15:25	172	147	137	140	596	4	100
11/11/2015 15:30	156	148	133	130	567	4	100
11/11/2015 15:35	163	151	140	137	591	4	100
11/11/2015 15:40	162	153	132	134	581	4	100
11/11/2015 15:45	164	151	131	131	577	4	100
11/11/2015 15:50	166	141	129	124	560	4	100
11/11/2015 15:55	164	157	137	122	580	4	100
11/11/2015 16:00	161	136	133	124	554	4	100
11/11/2015 16:05	157	136	132	107	532	4	100
11/11/2015 16:10	124	119	105	105	453	4	100
11/11/2015 16:15	121	113	96	109	439	4	100
11/11/2015 16:20	96	91	85	85	357	4	100
11/11/2015 16:25	149	148	127	137	561	4	100
11/11/2015 16:30	180	157	143	128	608	4	100
11/11/2015 16:35	161	156	141	128	586	4	100
11/11/2015 16:40	167	162	149	124	602	4	100
11/11/2015 16:45	166	144	132	123	565	4	100
11/11/2015 16:50	165	158	134	115	572	4	100
11/11/2015 16:55	165	159	142	123	589	4	100
11/11/2015 17:00	174	140	144	122	580	4	100
11/11/2015 17:05	166	147	120	126	559	4	100
11/11/2015 17:10	168	162	137	130	597	4	100
11/11/2015 17:15	179	163	139	130	611	4	100
11/11/2015 17:20	172	156	133	120	581	4	100
11/11/2015 17:25	172	156	138	116	582	4	100
11/11/2015 17:30	158	142	151	107	558	4	100
11/11/2015 17:35	174	152	135	114	575	4	100
11/11/2015 17:40	163	152	148	112	575	4	100
11/11/2015 17:45	172	154	142	117	585	4	100
11/11/2015 17:50	165	142	132	111	550	4	100
11/11/2015 17:55	159	152	130	117	558	4	100
11/11/2015 18:00	161	141	130	111	543	4	100
11/11/2015 18:05	158	156	133	125	572	4	100
11/11/2015 18:10	162	151	137	131	581	4	100
11/11/2015 18:15	148	145	127	120	540	4	100
11/11/2015 18:20	164	158	127	124	573	4	100
11/11/2015 18:25	166	148	139	120	573	4	100
11/11/2015 18:30	155	155	136	130	576	4	100
11/11/2015 18:35	162	156	144	126	588	4	100
11/11/2015 18:40	152	151	132	127	562	4	100
11/11/2015 18:45	167	157	131	128	583	4	100
11/11/2015 18:50	143	133	119	110	505	4	100
11/11/2015 18:55	150	152	138	135	575	4	100
11/11/2015 19:00	172	157	134	120	583	4	100
11/11/2015 19:05	154	146	127	115	542	4	100
11/11/2015 19:10	158	165	139	124	586	4	100
11/11/2015 19:15	164	150	137	120	571	4	100
11/11/2015 19:20	168	157	129	106	560	4	100
11/11/2015 19:25	163	150	136	108	557	4	100
11/11/2015 19:30	159	151	138	116	564	4	100
11/11/2015 19:35	156	145	133	108	542	4	100
11/11/2015 19:40	162	163	128	88	541	4	100
11/11/2015 19:45	165	148	136	79	528	4	100
11/11/2015 19:50	164	145	140	73	522	4	100
11/11/2015 19:55	146	129	130	69	474	4	100
11/11/2015 20:00	164	136	124	58	482	4	100
11/11/2015 20:05	135	139	136	38	448	4	100
11/11/2015 20:10	132	132	133	50	447	4	100
11/11/2015 20:15	144	135	131	45	455	4	100
11/11/2015 20:20	132	125	106	47	410	4	100
11/11/2015 20:25	104	116	117	34	371	4	100
11/11/2015 20:30	131	127	126	42	426	4	100
11/11/2015 20:35	126	113	121	39	399	4	100
11/11/2015 20:40	119	104	103	27	353	4	100
11/11/2015 20:45	120	140	120	45	425	4	100
11/11/2015 20:50	112	115	109	36	372	4	100
11/11/2015 20:55	132	129	100	25	386	4	100
11/11/2015 21:00	109	108	109	33	359	4	100
11/11/2015 21:05	122	120	103	29	374	4	100
11/11/2015 21:10	119	109	112	35	375	4	100
11/11/2015 21:15	106	110	102	36	354	4	100
11/11/2015 21:20	88	104	117	30	339	4	100
11/11/2015 21:25	90	111	96	27	324	4	100
11/11/2015 21:30	112	115	89	30	346	4	100
11/11/2015 21:35	98	97	94	24	313	4	100
11/11/2015 21:40	104	128	126	33	391	4	100
11/11/2015 21:45	100	96	92	19	307	4	100
11/11/2015 21:50	88	95	99	27	309	4	100
11/11/2015 21:55	89	79	92	22	282	4	100
11/11/2015 22:00	101	90	101	29	321	4	100
11/11/2015 22:05	107	120	107	22	356	4	100
11/11/2015 22:10	112	122	107	29	370	4	100
11/11/2015 22:15	97	98	95	26	316	4	100
11/11/2015 22:20	102	91	81	28	302	4	100
11/11/2015 22:25	86	109	91	28	314	4	100
11/11/2015 22:30	81	91	85	15	272	4	100
11/11/2015 22:35	94	102	95	17	308	4	100
11/11/2015 22:40	87	86	79	10	262	4	100
11/11/2015 22:45	62	73	71	22	228	4	100
11/11/2015 22:50	76	84	83	13	256	4	100
11/11/2015 22:55	67	86	68	16	237	4	100
11/11/2015 23:00	64	80	71	8	223	4	100
11/11/2015 23:05	61	72	69	11	213	4	100
11/11/2015 23:10	66	59	80	9	214	4	100
11/11/2015 23:15	54	74	79	13	220	4	100
11/11/2015 23:20	57	62	62	10	191	4	100
11/11/2015 23:25	50	66	65	10	191	4	100
11/11/2015 23:30	42	65	66	2	175	4	100
11/11/2015 23:35	48	57	54	5	164	4	100
11/11/2015 23:40	44	58	53	6	161	4	100
11/11/2015 23:45	43	58	60	6	167	4	100
11/11/2015 23:50	38	54	56	2	150	4	100
11/11/2015 23:55	33	50	44	4	131	4	100
11/12/2015 00:00	42	45	47	5	139	4	100
11/12/2015 00:05	29	55	57	3	144	4	100
11/12/2015 00:10	29	56	58	2	145	4	100
11/12/2015 00:15	33	47	60	2	142	4	100
11/12/2015 00:20	39	50	58	5	152	4	100
11/12/2015 00:25	34	44	55	4	137	4	100
11/12/2015 00:30	35	48	33	4	120	4	100
11/12/2015 00:35	39	50	50	2	141	4	100
11/12/2015 00:40	26	34	49	3	112	4	100
11/12/2015 00:45	21	36	39	3	99	4	100
11/12/2015 00:50	22	36	40	0	98	4	100
11/12/2015 00:55	26	31	35	0	92	4	100
11/12/2015 01:00	13	33	33	3	82	4	100
11/12/2015 01:05	31	37	42	1	111	4	100
11/12/2015 01:10	13	32	37	0	82	4	100
11/12/2015 01:15	21	24	32	3	80	4	100
11/12/2015 01:20	21	24	31	0	76	4	100
11/12/2015 01:25	11	18	23	1	53	4	100
11/12/2015 01:30	10	16	32	0	58	4	100
11/12/2015 01:35	14	21	24	1	60	4	100
11/12/2015 01:40	12	22	26	0	60	4	100
11/12/2015 01:45	10	19	23	0	52	4	100
11/12/2015 01:50	10	24	18	1	53	4	100
11/12/2015 01:55	9	14	18	0	41	4	100
11/12/2015 02:00	10	18	19	0	47	4	100
11/12/2015 02:05	11	24	29	0	64	4	100
11/12/2015 02:10	7	14	16	0	37	4	100
11/12/2015 02:15	10	22	20	0	52	4	100
11/12/2015 02:20	7	13	12	0	32	4	100
11/12/2015 02:25	7	14	15	1	37	4	100
11/12/2015 02:30	6	12	16	0	34	4	100
11/12/2015 02:35	5	22	18	0	45	4	100
11/12/2015 02:40	9	11	19	0	39	4	100
11/12/2015 02:45	5	13	19	0	37	4	100
11/12/2015 02:50	9	18	17	0	44	4	100
11/12/2015 02:55	8	9	19	0	36	4	100
11/12/2015 03:00	6	10	12	1	29	4	100
11/12/2015 03:05	5	13	10	1	29	4	100
11/12/2015 03:10	3	16	18	0	37	4	100
11/12/2015 03:15	5	12	8	1	26	4	100
11/12/2015 03:20	9	17	21	1	48	4	100
11/12/2015 03:25	6	11	14	0	31	4	100
11/12/2015 03:30	7	17	16	0	40	4	100
11/12/2015 03:35	5	13	21	0	39	4	100
11/12/2015 03:40	11	13	24	0	48	4	100
11/12/2015 03:45	8	15	23	0	46	4	100
11/12/2015 03:50	5	16	19	0	40	4	100
11/12/2015 03:55	7	13	18	1	39	4	100
11/12/2015 04:00	10	20	19	1	50	4	100
11/12/2015 04:05	13	17	21	0	51	4	100
11/12/2015 04:10	13	21	23	2	59	4	100
11/12/2015 04:15	7	22	24	0	53	4	100
11/12/2015 04:20	18	30	27	1	76	4	100
11/12/2015 04:25	23	28	24	1	76	4	100
11/12/2015 04:30	17	28	34	0	79	4	100
11/12/2015 04:35	21	33	29	0	83	4	100
11/12/2015 04:40	23	34	36	0	93	4	100
11/12/2015 04:45	34	37	44	5	120	4	100
11/12/2015 04:50	28	43	33	1	105	4	100
11/12/2015 04:55	40	39	41	4	124	4	100
11/12/2015 05:00	31	41	42	2	116	4	100
11/12/2015 05:05	44	47	47	4	142	4	100
11/12/2015 05:10	39	49	36	6	130	4	100
11/12/2015 05:15	50	55	58	6	169	4	100
11/12/2015 05:20	59	65	56	11	191	4	100
11/12/2015 05:25	81	76	51	15	223	4	100
11/12/2015 05:30	65	65	59	20	209	4	100
11/12/2015 05:35	67	78	60	16	221	4	100
11/12/2015 05:40	116	95	95	29	335	4	100
11/12/2015 05:45	116	108	83	20	327	4	100
11/12/2015 05:50	118	105	84	27	334	4	100
11/12/2015 05:55	85	97	74	23	279	4	100
11/12/2015 06:00	106	97	73	28	304	4	100
11/12/2015 06:05	108	107	93	19	327	4	100
11/12/2015 06:10	106	94	79	20	299	4	100
11/12/2015 06:15	118	117	93	24	352	4	100
11/12/2015 06:20	119	104	100	24	347	4	100
11/12/2015 06:25	129	114	90	24	357	4	100
11/12/2015 06:30	142	121	97	19	379	4	100
11/12/2015 06:35	140	123	121	36	420	4	100
11/12/2015 06:40	140	127	108	29	404	4	100
11/12/2015 06:45	148	135	116	24	423	4	100
11/12/2015 06:50	164	128	115	36	443	4	100
11/12/2015 06:55	141	120	94	32	387	4	100
11/12/2015 07:00	142	127	109	37	415	4	100
11/12/2015 07:05	150	143	114	21	428	4	100
11/12/2015 07:10	165	157	126	39	487	4	100
11/12/2015 07:15	173	158	132	38	501	4	100
11/12/2015 07:20	208	182	151	64	605	4	100
11/12/2015 07:25	198	166	159	58	581	4	100
11/12/2015 07:30	197	159	126	79	561	4	100
11/12/2015 07:35	169	146	133	81	529	4	100
11/12/2015 07:40	179	140	121	82	522	4	100
11/12/2015 07:45	166	135	109	87	497	4	100
11/12/2015 07:50	160	147	129	99	535	4	100
11/12/2015 07:55	173	151	123	98	545	4	100
11/12/2015 08:00	171	151	128	66	516	4	100
11/12/2015 08:05	165	158	130	73	526	4	100
11/12/2015 08:10	173	163	145	85	566	4	100
11/12/2015 08:15	180	167	143	76	566	4	100
11/12/2015 08:20	193	164	128	99	584	4	100
11/12/2015 08:25	186	149	132	74	541	4	100
11/12/2015 08:30	178	142	110	84	514	4	100
11/12/2015 08:35	161	166	134	73	534	4	100
11/12/2015 08:40	185	153	128	74	540	4	100
11/12/2015 08:45	164	149	121	83	517	4	100
11/12/2015 08:50	166	143	121	69	499	4	100
11/12/2015 08:55	162	139	120	88	509	4	100
11/12/2015 09:00	178	151	120	77	526	4	100
11/12/2015 09:05	175	152	113	61	501	4	100
11/12/2015 09:10	160	139	122	60	481	4	100
11/12/2015 09:15	163	148	122	67	500	4	100
11/12/2015 09:20	159	148	119	38	464	4	100
11/12/2015 09:25	150	132	115	49	446	4	100
11/12/2015 09:30	141	126	119	35	421	4	100
11/12/2015 09:35	145	143	127	50	465	4	100
11/12/2015 09:40	158	144	140	47	489	4	100
11/12/2015 09:45	156	136	120	49	461	4	100
11/12/2015 09:50	178	144	124	41	487	4	100
11/12/2015 09:55	146	125	125	43	439	4	100
11/12/2015 10:00	153	129	118	41	441	4	100
11/12/2015 10:05	148	142	117	44	451	4	100
11/12/2015 10:10	143	133	128	40	444	4	100
11/12/2015 10:15	164	148	126	51	489	4	100
11/12/2015 10:20	150	127	123	40	440	4	100
11/12/2015 10:25	141	134	124	38	437	4	100
11/12/2015 10:30	158	143	122	40	463	4	100
11/12/2015 10:35	157	139	141	52	489	4	100
11/12/2015 10:40	157	136	121	41	455	4	100
11/12/2015 10:45	145	143	137	38	463	4	100
11/12/2015 10:50	167	135	134	53	489	4	100
11/12/2015 10:55	156	143	127	42	468	4	100
11/12/2015 11:00	157	137	119	48	461	4	100
11/12/2015 11:05	131	135	121	42	429	4	100
11/12/2015 11:10	163	139	118	56	476	4	100
11/12/2015 11:15	163	145	132	54	494	4	100
11/12/2015 11:20	167	150	129	51	497	4	100
11/12/2015 11:25	134	143	129	63	469	4	100
11/12/2015 11:30	158	151	128	73	510	4	100
11/12/2015 11:35	167	151	134	61	513	4	100
11/12/2015 11:40	166	152	127	59	504	4	100
11/12/2015 11:45	165	147	141	75	528	4	100
11/12/2015 11:50	168	160	135	49	512	4	100
11/12/2015 11:55	153	146	129	58	486	4	100
11/12/2015 12:00	162	148	107	54	471	4	100
11/12/2015 12:05	183	143	127	84	537	4	100
11/12/2015 12:10	180	154	126	71	531	4	100
11/12/2015 12:15	177	157	132	91	557	4	100
11/12/2015 12:20	179	157	134	66	536	4	100
11/12/2015 12:25	181	143	128	84	536	4	100
11/12/2015 12:30	161	147	138	91	537	4	100
11/12/2015 12:35	169	140	124	79	512	4	100
11/12/2015 12:40	176	149	127	95	547	4	100
11/12/2015 12:45	180	144	129	101	554	4	100
11/12/2015 12:50	187	160	139	101	587	4	100
11/12/2015 12:55	177	151	128	87	543	4	100
11/12/2015 13:00	166	144	133	88	531	4	100
11/12/2015 13:05	174	142	124	103	543	4	100
11/12/2015 13:10	174	161	125	112	572	4	100
11/12/2015 13:15	162	152	131	89	534	4	100
11/12/2015 13:20	171	157	127	107	562	4	100
11/12/2015 13:25	179	152	137	113	581	4	100
11/12/2015 13:30	154	137	126	100	517	4	100
11/12/2015 13:35	179	157	136	126	598	4	100
11/12/2015 13:40	174	143	127	115	559	4	100
11/12/2015 13:45	174	154	128	113	569	4	100
11/12/2015 13:50	171	148	131	121	571	4	100
11/12/2015 13:55	179	160	129	121	589	4	100
11/12/2015 14:00	176	156	130	132	594	4	100
11/12/2015 14:05	166	170	120	126	582	4	100
11/12/2015 14:10	173	163	133	120	589	4	100
11/12/2015 14:15	162	152	128	115	557	4	100
11/12/2015 14:20	159	152	129	123	563	4	100
11/12/2015 14:25	168	152	118	120	558	4	100
11/12/2015 14:30	137	131	127	127	522	4	100
11/12/2015 14:35	155	149	127	112	543	4	100
11/12/2015 14:40	164	159	145	125	593	4	100
11/12/2015 14:45	147	154	126	132	559	4	100
11/12/2015 14:50	150	148	132	134	564	4	100
11/12/2015 14:55	136	120	118	123	497	4	100
11/12/2015 15:00	150	142	134	142	568	4	100
11/12/2015 15:05	120	115	99	115	449	4	100
11/12/2015 15:10	120	112	105	123	460	4	100
11/12/2015 15:15	105	107	95	123	430	4	100
11/12/2015 15:20	139	135	114	132	520	4	100
11/12/2015 15:25	122	119	92	119	452	4	100
11/12/2015 15:30	122	124	100	128	474	4	100
11/12/2015 15:35	145	136	125	123	529	4	100
11/12/2015 15:40	143	124	96	126	489	4	100
11/12/2015 15:45	123	113	97	107	440	4	100
11/12/2015 15:50	142	126	91	126	485	4	100
11/12/2015 15:55	156	152	135	141	584	4	100
11/12/2015 16:00	128	114	99	111	452	4	100
11/12/2015 16:05	147	136	127	126	536	4	100
11/12/2015 16:10	136	133	115	124	508	4	100
11/12/2015 16:15	105	105	92	101	403	4	100
11/12/2015 16:20	147	136	107	113	503	4	100
11/12/2015 16:25	142	136	116	117	511	4	100
11/12/2015 16:30	139	149	122	132	542	4	100
11/12/2015 16:35	119	118	95	99	431	4	100
11/12/2015 16:40	125	114	95	114	448	4	100
11/12/2015 16:45	117	116	101	100	434	4	100
11/12/2015 16:50	108	113	97	94	412	4	100
11/12/2015 16:55	139	121	110	124	494	4	100
11/12/2015 17:00	124	129	96	124	473	4	100
11/12/2015 17:05	151	154	126	137	568	4	100
11/12/2015 17:10	130	134	117	112	493	4	100
11/12/2015 17:15	114	109	92	116	431	4	100
11/12/2015 17:20	132	120	113	115	480	4	100
11/12/2015 17:25	144	134	115	123	516	4	100
11/12/2015 17:30	140	131	111	122	504	4	100
11/12/2015 17:35	127	115	105	120	467	4	100
11/12/2015 17:40	132	110	87	123	452	4	100
11/12/2015 17:45	139	128	104	113	484	4	100
11/12/2015 17:50	143	122	104	121	490	4	100
11/12/2015 17:55	122	126	105	112	465	4	100
11/12/2015 18:00	128	123	107	122	480	4	100
11/12/2015 18:05	129	112	79	119	439	4	100
11/12/2015 18:10	131	124	108	133	496	4	100
11/12/2015 18:15	129	129	114	131	503	4	100
11/12/2015 18:20	134	118	110	116	478	4	100
11/12/2015 18:25	147	129	101	120	497	4	100
11/12/2015 18:30	132	121	104	122	479	4	100
11/12/2015 18:35	155	142	127	122	546	4	100
11/12/2015 18:40	149	144	120	126	539	4	100
11/12/2015 18:45	131	112	100	113	456	4	100
11/12/2015 18:50	125	115	85	121	446	4	100
11/12/2015 18:55	155	148	125	133	561	4	100
11/12/2015 19:00	144	135	112	110	501	4	100
11/12/2015 19:05	140	132	119	113	504	4	100
11/12/2015 19:10	169	145	141	115	570	4	100
11/12/2015 19:15	156	148	129	128	561	4	100
11/12/2015 19:20	159	135	123	118	535	4	100
11/12/2015 19:25	154	145	135	131	565	4	100
11/12/2015 19:30	160	138	134	125	557	4	100
11/12/2015 19:35	163	146	141	128	578	4	100
11/12/2015 19:40	167	150	139	123	579	4	100
11/12/2015 19:45	149	136	116	97	498	4	100
11/12/2015 19:50	167	154	126	119	566	4	100
11/12/2015 19:55	159	139	131	134	563	4	100
11/12/2015 20:00	162	144	123	112	541	4	100
11/12/2015 20:05	157	146	135	118	556	4	100
11/12/2015 20:10	175	158	140	110	583	4	100
11/12/2015 20:15	165	158	144	120	587	4	100
11/12/2015 20:20	171	160	127	91	549	4	100
11/12/2015 20:25	165	149	125	64	503	4	100
11/12/2015 20:30	166	153	137	86	542	4	100
11/12/2015 20:35	173	149	136	62	520	4	100
11/12/2015 20:40	150	144	138	73	505	4	100
11/12/2015 20:45	164	137	136	66	503	4	100
11/12/2015 20:50	150	140	119	64	473	4	100
11/12/2015 20:55	134	130	118	58	440	4	100
11/12/2015 21:00	144	123	128	56	451	4	100
11/12/2015 21:05	133	124	130	60	447	4	100
11/12/2015 21:10	140	124	123	57	444	4	100
11/12/2015 21:15	154	133	134	55	476	4	100
11/12/2015 21:20	112	103	108	47	370	4	100
11/12/2015 21:25	145	131	122	45	443	4	100
11/12/2015 21:30	114	115	112	37	378	4	100
11/12/2015 21:35	131	125	123	44	423	4	100
11/12/2015 21:40	137	123	109	35	404	4	100
11/12/2015 21:45	123	121	120	35	399	4	100
11/12/2015 21:50	122	103	107	30	362	4	100
11/12/2015 21:55	125	123	104	38	390	4	100
11/12/2015 22:00	121	119	108	38	386	4	100
11/12/2015 22:05	101	106	107	26	340	4	100
11/12/2015 22:10	114	114	125	34	387	4	100
11/12/2015 22:15	109	117	118	27	371	4	100
11/12/2015 22:20	124	125	107	31	387	4	100
11/12/2015 22:25	112	118	110	35	375	4	100
11/12/2015 22:30	94	98	98	31	321	4	100
11/12/2015 22:35	92	101	100	15	308	4	100
11/12/2015 22:40	111	103	99	25	338	4	100
11/12/2015 22:45	94	91	100	23	308	4	100
11/12/2015 22:50	75	96	87	17	275	4	100
11/12/2015 22:55	77	83	81	20	261	4	100
11/12/2015 23:00	76	94	78	20	268	4	100
11/12/2015 23:05	72	82	81	14	249	4	100
11/12/2015 23:10	63	75	82	13	233	4	100
11/12/2015 23:15	76	95	87	14	272	4	100
11/12/2015 23:20	62	77	76	9	224	4	100
11/12/2015 23:25	58	77	62	7	204	4	100
11/12/2015 23:30	53	68	68	12	201	4	100
11/12/2015 23:35	46	58	69	10	183	4	100
11/12/2015 23:40	52	70	66	10	198	4	100
11/12/2015 23:45	41	64	61	7	173	4	100
11/12/2015 23:50	53	61	68	7	189	4	100
11/12/2015 23:55	41	56	60	2	159	4	100
11/13/2015 00:00	42	53	48	3	146	4	100
11/13/2015 00:05	48	57	60	2	167	4	100
11/13/2015 00:10	42	59	44	6	151	4	100
11/13/2015 00:15	43	51	69	5	168	4	100
11/13/2015 00:20	40	72	68	3	183	4	100
11/13/2015 00:25	30	50	49	2	131	4	100
11/13/2015 00:30	38	43	53	1	135	4	100
11/13/2015 00:35	28	45	43	4	120	4	100
11/13/2015 00:40	27	42	41	4	114	4	100
11/13/2015 00:45	32	40	46	2	120	4	100
11/13/2015 00:50	27	38	32	1	98	4	100
11/13/2015 00:55	24	37	40	2	103	4	100
11/13/2015 01:00	23	31	35	0	89	4	100
11/13/2015 01:05	20	30	41	1	92	4	100
11/13/2015 01:10	16	30	32	1	79	4	100
11/13/2015 01:15	18	20	33	5	76	4	100
11/13/2015 01:20	17	27	36	3	83	4	100
11/13/2015 01:25	18	37	36	2	93	4	100
11/13/2015 01:30	10	27	30	2	69	4	100
11/13/2015 01:35	13	25	26	0	64	4	100
11/13/2015 01:40	20	22	32	1	75	4	100
11/13/2015 01:45	20	15	21	1	57	4	100
11/13/2015 01:50	14	30	23	0	67	4	100
11/13/2015 01:55	10	22	29	1	62	4	100
11/13/2015 02:00	10	19	28	0	57	4	100
11/13/2015 02:05	15	24	20	0	59	4	100
11/13/2015 02:10	8	13	19	1	41	4	100
11/13/2015 02:15	10	20	26	0	56	4	100
11/13/2015 02:20	9	22	31	1	63	4	100
11/13/2015 02:25	8	12	18	1	39	4	100
11/13/2015 02:30	9	19	18	0	46	4	100
11/13/2015 02:35	11	18	22	0	51	4	100
11/13/2015 02:40	11	18	17	1	47	4	100
11/13/2015 02:45	12	19	18	1	50	4	100
11/13/2015 02:50	12	13	21	0	46	4	100
11/13/2015 02:55	5	12	19	1	37	4	100
11/13/2015 03:00	5	11	14	0	30	4	100
11/13/2015 03:05	5	13	15	0	33	4	100
11/13/2015 03:10	9	16	16	0	41	4	100
11/13/2015 03:15	7	13	20	0	40	4	100
11/13/2015 03:20	11	11	18	0	40	4	100
11/13/2015 03:25	5	17	17	0	39	4	100
11/13/2015 03:30	10	12	16	0	38	4	100
11/13/2015 03:35	9	15	23	1	48	4	100
11/13/2015 03:40	6	21	17	0	44	4	100
11/13/2015 03:45	12	16	23	0	51	4	100
11/13/2015 03:50	11	15	16	0	42	4	100
11/13/2015 03:55	10	12	17	1	40	4	100
11/13/2015 04:00	10	18	15	0	43	4	100
11/13/2015 04:05	13	18	22	0	53	4	0
11/13/2015 04:10	13	24	27	0	64	4	0
11/13/2015 04:15	5	15	15	0	35	4	100
11/13/2015 04:20	14	22	24	0	60	4	100
11/13/2015 04:25	21	28	34	1	84	4	100
11/13/2015 04:30	17	36	28	2	83	4	100
11/13/2015 04:35	29	36	39	4	108	4	100
11/13/2015 04:40	42	40	37	2	121	4	100
11/13/2015 04:45	31	39	39	3	112	4	100
11/13/2015 04:50	33	38	33	7	111	4	100
11/13/2015 04:55	30	39	43	2	114	4	100
11/13/2015 05:00	32	46	39	4	121	4	100
11/13/2015 05:05	35	46	34	8	123	4	100
11/13/2015 05:10	39	48	43	7	137	4	100
11/13/2015 05:15	49	57	58	14	178	4	100
11/13/2015 05:20	53	65	55	16	189	4	100
11/13/2015 05:25	71	74	56	13	214	4	100
11/13/2015 05:30	83	73	63	18	237	4	100
11/13/2015 05:35	75	79	68	14	236	4	100
11/13/2015 05:40	99	86	85	16	286	4	100
11/13/2015 05:45	107	95	83	30	315	4	100
11/13/2015 05:50	105	91	72	21	289	4	100
11/13/2015 05:55	98	90	88	16	292	4	100
11/13/2015 06:00	84	79	66	23	252	4	100
11/13/2015 06:05	98	98	85	23	304	4	100
11/13/2015 06:10	107	93	80	14	294	4	100
11/13/2015 06:15	117	114	78	24	333	4	100
11/13/2015 06:20	110	101	83	25	319	4	100
11/13/2015 06:25	120	113	88	24	345	4	100
11/13/2015 06:30	113	95	90	25	323	4	100
11/13/2015 06:35	126	121	111	23	381	4	100
11/13/2015 06:40	143	117	105	29	394	4	100
11/13/2015 06:45	135	127	122	27	411	4	100
11/13/2015 06:50	139	134	114	25	412	4	100
11/13/2015 06:55	134	121	99	36	390	4	100
11/13/2015 07:00	133	125	101	30	389	4	100
11/13/2015 07:05	140	125	134	27	426	4	100
11/13/2015 07:10	135	133	119	40	427	4	100
11/13/2015 07:15	164	147	128	33	472	4	100
11/13/2015 07:20	188	165	146	44	543	4	100
11/13/2015 07:25	185	172	139	53	549	4	100
11/13/2015 07:30	186	147	135	65	533	4	100
11/13/2015 07:35	187	159	125	64	535	4	100
11/13/2015 07:40	189	162	134	74	559	4	100
11/13/2015 07:45	187	155	117	100	559	4	100
11/13/2015 07:50	178	158	120	93	549	4	100
11/13/2015 07:55	146	133	101	62	442	4	100
11/13/2015 08:00	167	150	104	91	512	4	100
11/13/2015 08:05	179	149	116	85	529	4	100
11/13/2015 08:10	181	148	133	77	539	4	100
11/13/2015 08:15	181	162	134	82	559	4	100
11/13/2015 08:20	180	166	133	62	541	4	100
11/13/2015 08:25	184	170	119	56	529	4	100
11/13/2015 08:30	168	147	127	70	512	4	100
11/13/2015 08:35	176	155	122	57	510	4	100
11/13/2015 08:40	155	128	118	53	454	4	100
11/13/2015 08:45	172	142	127	63	504	4	100
11/13/2015 08:50	167	150	122	53	492	4	100
11/13/2015 08:55	152	138	118	30	438	4	100
11/13/2015 09:00	145	134	117	35	431	4	100
11/13/2015 09:05	139	135	120	45	439	4	100
11/13/2015 09:10	129	128	109	44	410	4	100
11/13/2015 09:15	141	136	130	36	443	4	100
11/13/2015 09:20	177	144	120	36	477	4	100
11/13/2015 09:25	158	134	117	45	454	4	100
11/13/2015 09:30	168	146	121	52	487	4	100
11/13/2015 09:35	166	138	106	42	452	4	100
11/13/2015 09:40	177	144	119	39	479	4	100
11/13/2015 09:45	153	149	119	42	463	4	100
11/13/2015 09:50	156	141	115	54	466	4	100
11/13/2015 09:55	163	137	119	45	464	4	100
11/13/2015 10:00	150	132	111	39	432	4	100
11/13/2015 10:05	153	143	115	39	450	4	100
11/13/2015 10:10	130	125	120	48	423	4	100
11/13/2015 10:15	144	133	116	45	438	4	100
11/13/2015 10:20	135	154	135	49	473	4	100
11/13/2015 10:25	154	143	117	59	473	4	100
11/13/2015 10:30	131	135	120	57	443	4	100
11/13/2015 10:35	138	152	135	54	479	4	100
11/13/2015 10:40	166	145	137	50	498	4	100
11/13/2015 10:45	141	140	117	74	472	4	100
11/13/2015 10:50	166	146	128	79	519	4	100
11/13/2015 10:55	168	150	125	57	500	4	100
11/13/2015 11:00	172	141	144	91	548	4	100
11/13/2015 11:05	165	138	135	69	507	4	100
11/13/2015 11:10	166	146	130	62	504	4	100
11/13/2015 11:15	180	152	146	65	543	4	100
11/13/2015 11:20	177	158	134	65	534	4	100
11/13/2015 11:25	167	148	123	72	510	4	100
11/13/2015 11:30	161	154	141	58	514	4	100
11/13/2015 11:35	174	158	143	63	538	4	100
11/13/2015 11:40	176	154	115	56	501	4	100
11/13/2015 11:45	166	144	116	65	491	4	100
11/13/2015 11:50	171	164	123	73	531	4	100
11/13/2015 11:55	172	155	144	75	546	4	100
11/13/2015 12:00	167	148	126	65	506	4	100
11/13/2015 12:05	178	148	140	85	551	4	100
11/13/2015 12:10	189	171	151	68	579	4	100
11/13/2015 12:15	172	149	134	93	548	4	100
11/13/2015 12:20	164	146	121	119	550	4	100
11/13/2015 12:25	168	136	121	112	537	4	100
11/13/2015 12:30	160	145	124	128	557	4	100
11/13/2015 12:35	177	152	127	111	567	4	100
11/13/2015 12:40	133	122	106	118	479	4	100
11/13/2015 12:45	157	127	112	107	503	4	100
11/13/2015 12:50	164	141	131	136	572	4	100
11/13/2015 12:55	173	151	119	119	562	4	100
11/13/2015 13:00	160	155	121	122	558	4	100
11/13/2015 13:05	171	156	130	131	588	4	100
11/13/2015 13:10	177	151	144	131	603	4	100
11/13/2015 13:15	166	165	135	129	595	4	100
11/13/2015 13:20	171	154	137	132	594	4	100
11/13/2015 13:25	162	157	129	138	586	4	100
11/13/2015 13:30	167	151	125	131	574	4	100
11/13/2015 13:35	180	159	138	135	612	4	100
11/13/2015 13:40	172	158	133	126	589	4	100
11/13/2015 13:45	162	143	138	133	576	4	100
11/13/2015 13:50	177	161	146	137	621	4	100
11/13/2015 13:55	167	172	133	127	599	4	100
11/13/2015 14:00	170	158	144	141	613	4	100
11/13/2015 14:05	165	152	130	133	580	4	100
11/13/2015 14:10	147	145	123	142	557	4	100
11/13/2015 14:15	158	151	130	144	583	4	100
11/13/2015 14:20	151	146	116	122	535	4	100
11/13/2015 14:25	149	140	125	126	540	4	100
11/13/2015 14:30	169	164	136	136	605	4	100
11/13/2015 14:35	140	127	104	129	500	4	100
11/13/2015 14:40	99	98	74	103	374	4	100
11/13/2015 14:45	123	128	105	128	484	4	100
11/13/2015 14:50	113	114	101	104	432	4	100
11/13/2015 14:55	115	111	89	127	442	4	100
11/13/2015 15:00	105	106	89	101	401	4	100
11/13/2015 15:05	115	110	97	105	427	4	100
11/13/2015 15:10	112	117	99	97	425	4	100
11/13/2015 15:15	109	116	104	107	436	4	100
11/13/2015 15:20	110	114	95	102	421	4	100
11/13/2015 15:25	105	109	85	94	393	4	100
11/13/2015 15:30	149	140	115	122	526	4	100
11/13/2015 15:35	113	110	90	110	423	4	100
11/13/2015 15:40	109	106	93	109	417	4	100
11/13/2015 15:45	125	119	105	108	457	4	100
11/13/2015 15:50	124	122	114	101	461	4	100
11/13/2015 15:55	127	129	116	107	479	4	100
11/13/2015 16:00	107	104	93	92	396	4	100
11/13/2015 16:05	120	120	102	106	448	4	100
11/13/2015 16:10	145	137	127	118	527	4	100
11/13/2015 16:15	109	111	90	91	401	4	100
11/13/2015 16:20	124	122	108	107	461	4	100
11/13/2015 16:25	115	103	94	100	412	4	100
11/13/2015 16:30	138	140	127	111	516	4	100
11/13/2015 16:35	112	123	104	94	433	4	100
11/13/2015 16:40	139	138	126	116	519	4	100
11/13/2015 16:45	141	135	127	118	521	4	100
11/13/2015 16:50	103	102	89	89	383	4	100
11/13/2015 16:55	119	109	94	94	416	4	100
11/13/2015 17:00	154	137	137	126	554	4	100
11/13/2015 17:05	118	114	91	101	424	4	100
11/13/2015 17:10	119	111	95	109	434	4	100
11/13/2015 17:15	132	129	106	114	481	4	100
11/13/2015 17:20	131	120	112	111	474	4	100
11/13/2015 17:25	135	138	117	120	510	4	100
11/13/2015 17:30	130	132	122	123	507	4	100
11/13/2015 17:35	137	129	111	121	498	4	100
11/13/2015 17:40	128	118	95	113	454	4	100
11/13/2015 17:45	109	102	96	116	423	4	100
11/13/2015 17:50	123	121	102	111	457	4	100
11/13/2015 17:55	141	136	108	128	513	4	100
11/13/2015 18:00	146	135	126	125	532	4	100
11/13/2015 18:05	116	108	107	118	449	4	100
11/13/2015 18:10	130	125	102	120	477	4	100
11/13/2015 18:15	117	108	98	105	428	4	100
11/13/2015 18:20	147	120	115	119	501	4	100
11/13/2015 18:25	145	127	133	114	519	4	100
11/13/2015 18:30	102	93	86	93	374	4	100
11/13/2015 18:35	132	133	116	122	503	4	100
11/13/2015 18:40	143	135	116	128	522	4	100
11/13/2015 18:45	129	123	116	115	483	4	100
11/13/2015 18:50	130	113	112	121	476	4	100
11/13/2015 18:55	147	155	127	128	557	4	100
11/13/2015 19:00	135	122	111	118	486	4	100
11/13/2015 19:05	129	134	108	122	493	4	100
11/13/2015 19:10	152	146	121	123	542	4	100
11/13/2015 19:15	140	137	120	117	514	4	100
11/13/2015 19:20	163	137	116	123	539	4	100
11/13/2015 19:25	150	139	128	121	538	4	100
11/13/2015 19:30	142	133	117	128	520	4	100
11/13/2015 19:35	153	150	130	124	557	4	100
11/13/2015 19:40	149	132	124	120	525	4	100
11/13/2015 19:45	158	149	126	126	559	4	100
11/13/2015 19:50	161	137	144	123	565	4	100
11/13/2015 19:55	167	160	142	117	586	4	100
11/13/2015 20:00	165	156	131	124	576	4	100
11/13/2015 20:05	154	154	138	111	557	4	100
11/13/2015 20:10	169	156	145	110	580	4	100
11/13/2015 20:15	156	140	135	96	527	4	100
11/13/2015 20:20	139	132	125	74	470	4	100
11/13/2015 20:25	134	129	121	82	466	4	100
11/13/2015 20:30	143	122	116	72	453	4	100
11/13/2015 20:35	129	134	127	90	480	4	100
11/13/2015 20:40	145	125	128	56	454	4	100
11/13/2015 20:45	137	128	120	65	450	4	100
11/13/2015 20:50	130	119	125	67	441	4	100
11/13/2015 20:55	132	133	113	78	456	4	100
11/13/2015 21:00	136	118	108	69	431	4	100
11/13/2015 21:05	143	120	102	61	426	4	100
11/13/2015 21:10	121	117	122	60	420	4	100
11/13/2015 21:15	146	132	114	63	455	4	100
11/13/2015 21:20	105	103	103	40	351	4	100
11/13/2015 21:25	120	110	107	50	387	4	100
11/13/2015 21:30	116	105	104	38	363	4	100
11/13/2015 21:35	106	97	93	40	336	4	100
11/13/2015 21:40	127	115	124	46	412	4	100
11/13/2015 21:45	109	108	105	35	357	4	100
11/13/2015 21:50	116	101	98	36	351	4	100
11/13/2015 21:55	100	101	99	36	336	4	100
11/13/2015 22:00	112	107	112	32	363	4	100
11/13/2015 22:05	107	112	100	34	353	4	100
11/13/2015 22:10	113	118	106	44	381	4	100
11/13/2015 22:15	102	112	114	31	359	4	100
11/13/2015 22:20	103	106	105	47	361	4	100
11/13/2015 22:25	114	118	105	42	379	4	100
11/13/2015 22:30	101	104	112	46	363	4	100
11/13/2015 22:35	97	112	107	41	357	4	100
11/13/2015 22:40	111	117	103	36	367	4	100
11/13/2015 22:45	78	75	86	28	267	4	100
11/13/2015 22:50	90	101	105	44	340	4	100
11/13/2015 22:55	101	113	105	47	366	4	100
11/13/2015 23:00	93	101	95	29	318	4	100
11/13/2015 23:05	89	85	87	24	285	4	100
11/13/2015 23:10	96	93	107	23	319	4	100
11/13/2015 23:15	87	95	87	24	293	4	100
11/13/2015 23:20	78	84	95	17	274	4	100
11/13/2015 23:25	79	76	80	15	250	4	100
11/13/2015 23:30	71	73	82	11	237	4	100
11/13/2015 23:35	63	81	79	20	243	4	100
11/13/2015 23:40	68	74	87	16	245	4	100
11/13/2015 23:45	69	71	76	11	227	4	100
11/13/2015 23:50	62	77	76	19	234	4	100
11/13/2015 23:55	58	70	75	18	221	4	100
11/14/2015 00:00	51	76	71	17	215	4	100
11/14/2015 00:05	60	78	65	14	217	4	100
11/14/2015 00:10	56	60	61	8	185	4	100
11/14/2015 00:15	59	62	75	11	207	4	100
11/14/2015 00:20	61	67	75	12	215	4	100
11/14/2015 00:25	51	62	61	7	181	4	100
11/14/2015 00:30	62	69	68	9	208	4	100
11/14/2015 00:35	46	62	49	12	169	4	100
11/14/2015 00:40	44	53	54	6	157	4	100
11/14/2015 00:45	31	55	58	4	148	4	100
11/14/2015 00:50	36	50	55	9	150	4	100
11/14/2015 00:55	32	51	45	8	136	4	100
11/14/2015 01:00	39	57	56	5	157	4	100
11/14/2015 01:05	21	47	51	2	121	4	100
11/14/2015 01:10	32	42	52	4	130	4	100
11/14/2015 01:15	29	42	40	0	111	4	100
11/14/2015 01:20	29	40	43	5	117	4	100
11/14/2015 01:25	18	40	32	4	94	4	100
11/14/2015 01:30	25	33	41	2	101	4	100
11/14/2015 01:35	27	30	28	2	87	4	100
11/14/2015 01:40	25	38	42	5	110	4	100
11/14/2015 01:45	29	35	40	2	106	4	100
11/14/2015 01:50	29	43	34	5	111	4	100
11/14/2015 01:55	19	32	24	0	75	4	100
11/14/2015 02:00	22	29	34	1	86	4	100
11/14/2015 02:05	21	26	36	4	87	4	100
11/14/2015 02:10	30	29	35	7	101	4	100
11/14/2015 02:15	26	26	34	2	88	4	100
11/14/2015 02:20	19	24	41	2	86	4	100
11/14/2015 02:25	16	31	33	2	82	4	100
11/14/2015 02:30	17	23	29	4	73	4	100
11/14/2015 02:35	15	28	27	0	70	4	100
11/14/2015 02:40	15	26	29	2	72	4	100
11/14/2015 02:45	20	26	28	2	76	4	100
11/14/2015 02:50	8	20	31	2	61	4	100
11/14/2015 02:55	18	20	21	1	60	4	100
11/14/2015 03:00	13	19	37	1	70	4	100
11/14/2015 03:05	20	21	18	1	60	4	100
11/14/2015 03:10	7	14	23	0	44	4	100
11/14/2015 03:15	11	22	23	1	57	4	100
11/14/2015 03:20	10	19	23	0	52	4	100
11/14/2015 03:25	13	24	21	1	59	4	100
11/14/2015 03:30	11	22	20	0	53	4	100
11/14/2015 03:35	7	22	20	0	49	4	100
11/14/2015 03:40	11	23	34	0	68	4	100
11/14/2015 03:45	6	17	20	0	43	4	100
11/14/2015 03:50	9	15	16	1	41	4	100
11/14/2015 03:55	12	12	18	0	42	4	100
11/14/2015 04:00	9	19	21	1	50	4	100
11/14/2015 04:05	7	16	20	0	43	4	100
11/14/2015 04:10	15	12	23	0	50	4	100
11/14/2015 04:15	9	11	26	0	46	4	100
11/14/2015 04:20	15	22	17	2	56	4	100
11/14/2015 04:25	11	23	30	0	64	4	100
11/14/2015 04:30	20	26	34	1	81	4	100
11/14/2015 04:35	17	24	32	1	74	4	100
11/14/2015 04:40	16	29	34	1	80	4	100
11/14/2015 04:45	18	32	28	2	80	4	100
11/14/2015 04:50	26	34	26	1	87	4	100
11/14/2015 04:55	11	21	22	2	56	4	100
11/14/2015 05:00	17	25	37	2	81	4	100
11/14/2015 05:05	20	31	29	4	84	4	100
11/14/2015 05:10	19	30	36	3	88	4	100
11/14/2015 05:15	29	38	29	2	98	4	100
11/14/2015 05:20	31	47	35	6	119	4	100
11/14/2015 05:25	24	36	43	0	103	4	100
11/14/2015 05:30	33	35	39	8	115	4	100
11/14/2015 05:35	28	47	37	6	118	4	100
11/14/2015 05:40	47	44	45	2	138	4	100
11/14/2015 05:45	27	27	47	5	106	4	100
11/14/2015 05:50	54	57	55	13	179	4	100
11/14/2015 05:55	28	45	37	6	116	4	100
11/14/2015 06:00	39	47	37	10	133	4	100
11/14/2015 06:05	32	46	38	7	123	4	100
11/14/2015 06:10	51	52	49	16	168	4	100
11/14/2015 06:15	46	67	51	13	177	4	100
11/14/2015 06:20	44	57	49	17	167	4	100
11/14/2015 06:25	62	63	54	17	196	4	100
11/14/2015 06:30	61	70	74	19	224	4	100
11/14/2015 06:35	68	66	69	30	233	4	100
11/14/2015 06:40	68	71	81	18	238	4	100
11/14/2015 06:45	72	85	66	23	246	4	100
11/14/2015 06:50	65	79	68	30	242	4	100
11/14/2015 06:55	67	69	60	30	226	4	100
11/14/2015 07:00	73	78	61	27	239	4	100
11/14/2015 07:05	84	83	81	26	274	4	100
11/14/2015 07:10	79	106	81	33	299	4	100
11/14/2015 07:15	83	88	78	26	275	4	100
11/14/2015 07:20	90	97	90	41	318	4	100
11/14/2015 07:25	119	103	103	50	375	4	100
11/14/2015 07:30	99	104	97	47	347	4	100
11/14/2015 07:35	125	108	99	41	373	4	100
11/14/2015 07:40	132	121	92	52	397	4	100
11/14/2015 07:45	133	134	114	48	429	4	100
11/14/2015 07:50	137	134	114	67	452	4	100
11/14/2015 07:55	116	119	102	32	369	4	100
11/14/2015 08:00	112	105	95	63	375	4	100
11/14/2015 08:05	121	116	103	50	390	4	100
11/14/2015 08:10	112	109	105	59	385	4	100
11/14/2015 08:15	137	111	111	51	410	4	100
11/14/2015 08:20	135	137	114	64	450	4	100
11/14/2015 08:25	133	127	117	47	424	4	100
11/14/2015 08:30	111	118	110	45	384	4	100
11/14/2015 08:35	126	112	101	44	383	4	100
11/14/2015 08:40	144	133	124	52	453	4	100
11/14/2015 08:45	139	133	119	59	450	4	100
11/14/2015 08:50	130	114	118	71	433	4	100
11/14/2015 08:55	134	128	116	56	434	4	100
11/14/2015 09:00	126	123	98	67	414	4	100
11/14/2015 09:05	134	119	113	54	420	4	100
11/14/2015 09:10	129	113	114	70	426	4	100
11/14/2015 09:15	137	146	116	60	459	4	100
11/14/2015 09:20	156	129	122	80	487	4	100
11/14/2015 09:25	151	150	133	87	521	4	100
11/14/2015 09:30	163	140	137	72	512	4	100
11/14/2015 09:35	167	140	130	76	513	4	100
11/14/2015 09:40	134	157	119	77	487	4	100
11/14/2015 09:45	175	163	126	96	560	4	100
11/14/2015 09:50	131	140	146	71	488	4	100
11/14/2015 09:55	154	128	126	70	478	4	100
11/14/2015 10:00	126	132	129	76	463	4	100
11/14/2015 10:05	163	145	143	90	541	4	100
11/14/2015 10:10	170	136	125	91	522	4	100
11/14/2015 10:15	166	149	129	93	537	4	100
11/14/2015 10:20	162	145	127	83	517	4	100
11/14/2015 10:25	167	148	119	99	533	4	100
11/14/2015 10:30	177	160	137	101	575	4	100
11/14/2015 10:35	171	161	146	101	579	4	100
11/14/2015 10:40	161	135	139	111	546	4	100
11/14/2015 10:45	163	137	131	110	541	4	100
11/14/2015 10:50	182	166	159	117	624	4	100
11/14/2015 10:55	166	138	115	106	525	4	100
11/14/2015 11:00	174	146	137	87	544	4	100
11/14/2015 11:05	154	142	123	96	515	4	100
11/14/2015 11:10	143	143	129	86	501	4	100
11/14/2015 11:15	162	156	142	113	573	4	100
11/14/2015 11:20	152	146	134	109	541	4	100
11/14/2015 11:25	142	155	135	92	524	4	100
11/14/2015 11:30	166	156	149	112	583	4	100
11/14/2015 11:35	156	145	151	108	560	4	100
11/14/2015 11:40	181	165	161	115	622	4	100
11/14/2015 11:45	179	164	155	104	602	4	100
11/14/2015 11:50	164	159	152	120	595	4	100
11/14/2015 11:55	175	154	149	121	599	4	100
11/14/2015 12:00	183	156	148	113	600	4	100
11/14/2015 12:05	183	170	135	131	619	4	100
11/14/2015 12:10	192	165	148	140	645	4	100
11/14/2015 12:15	162	155	148	124	589	4	100
11/14/2015 12:20	176	153	152	133	614	4	100
11/14/2015 12:25	180	157	138	122	597	4	100
11/14/2015 12:30	177	149	137	129	592	4	100
11/14/2015 12:35	203	168	139	127	637	4	100
11/14/2015 12:40	181	153	134	144	612	4	100
11/14/2015 12:45	165	142	139	127	573	4	100
11/14/2015 12:50	158	153	127	119	557	4	100
11/14/2015 12:55	172	156	144	134	606	4	100
11/14/2015 13:00	162	162	146	143	613	4	100
11/14/2015 13:05	163	146	143	135	587	4	100
11/14/2015 13:10	165	148	131	139	583	4	100
11/14/2015 13:15	168	149	145	137	599	4	100
11/14/2015 13:20	161	157	144	133	595	4	100
11/14/2015 13:25	157	129	136	123	545	4	100
11/14/2015 13:30	174	143	130	144	591	4	100
11/14/2015 13:35	179	154	141	136	610	4	100
11/14/2015 13:40	168	152	139	145	604	4	100
11/14/2015 13:45	176	158	144	138	616	4	100
11/14/2015 13:50	165	155	122	130	572	4	100
11/14/2015 13:55	169	145	133	142	589	4	100
11/14/2015 14:00	152	149	130	138	569	4	100
11/14/2015 14:05	169	149	133	145	596	4	100
11/14/2015 14:10	156	149	134	133	572	4	100
11/14/2015 14:15	162	145	135	135	577	4	100
11/14/2015 14:20	161	144	138	141	584	4	100
11/14/2015 14:25	155	145	133	134	567	4	100
11/14/2015 14:30	165	153	140	133	591	4	100
11/14/2015 14:35	170	156	140	132	598	4	100
11/14/2015 14:40	164	142	139	133	578	4	100
11/14/2015 14:45	161	138	136	134	569	4	100
11/14/2015 14:50	164	137	136	121	558	4	100
11/14/2015 14:55	155	157	133	133	578	4	100
11/14/2015 15:00	165	150	128	129	572	4	100
11/14/2015 15:05	171	153	138	125	587	4	100
11/14/2015 15:10	160	146	134	119	559	4	100
11/14/2015 15:15	152	144	125	125	546	4	100
11/14/2015 15:20	158	141	132	128	559	4	100
11/14/2015 15:25	158	149	129	132	568	4	100
11/14/2015 15:30	161	143	134	122	560	4	100
11/14/2015 15:35	152	132	120	129	533	4	100
11/14/2015 15:40	155	143	133	123	554	4	100
11/14/2015 15:45	159	140	134	119	552	4	100
11/14/2015 15:50	153	122	134	107	516	4	100
11/14/2015 15:55	135	121	133	110	499	4	100
11/14/2015 16:00	134	118	120	105	477	4	100
11/14/2015 16:05	122	125	125	103	475	4	100
11/14/2015 16:10	117	108	107	111	443	4	100
11/14/2015 16:15	159	144	135	114	552	4	100
11/14/2015 16:20	163	159	141	130	593	4	100
11/14/2015 16:25	152	145	128	128	553	4	100
11/14/2015 16:30	151	132	121	127	531	4	100
11/14/2015 16:35	162	144	130	130	566	4	100
11/14/2015 16:40	164	145	113	134	556	4	100
11/14/2015 16:45	156	139	129	128	552	4	100
11/14/2015 16:50	160	144	130	135	569	4	100
11/14/2015 16:55	158	155	123	125	561	4	100
11/14/2015 17:00	151	139	136	129	555	4	100
11/14/2015 17:05	157	136	134	118	545	4	100
11/14/2015 17:10	149	148	136	117	550	4	100
11/14/2015 17:15	143	141	121	123	528	4	100
11/14/2015 17:20	158	133	129	124	544	4	100
11/14/2015 17:25	143	132	133	124	532	4	100
11/14/2015 17:30	156	139	133	118	546	4	100
11/14/2015 17:35	158	147	130	123	558	4	100
11/14/2015 17:40	153	135	122	125	535	4	100
11/14/2015 17:45	151	141	123	128	543	4	100
11/14/2015 17:50	154	145	144	120	563	4	100
11/14/2015 17:55	154	136	130	115	535	4	100
11/14/2015 18:00	158	138	136	137	569	4	100
11/14/2015 18:05	149	155	129	127	560	4	100
11/14/2015 18:10	169	150	144	122	585	4	100
11/14/2015 18:15	144	142	122	108	516	4	100
11/14/2015 18:20	146	150	139	92	527	4	100
11/14/2015 18:25	146	142	130	110	528	4	100
11/14/2015 18:30	144	130	127	89	490	4	100
11/14/2015 18:35	147	121	132	103	503	4	100
11/14/2015 18:40	152	144	135	99	530	4	100
11/14/2015 18:45	142	127	123	89	481	4	100
11/14/2015 18:50	152	147	137	117	553	4	100
11/14/2015 18:55	153	138	129	105	525	4	100
11/14/2015 19:00	145	140	134	99	518	4	100
11/14/2015 19:05	149	125	122	97	493	4	100
11/14/2015 19:10	141	129	130	94	494	4	100
11/14/2015 19:15	149	129	133	88	499	4	100
11/14/2015 19:20	139	125	126	89	479	4	100
11/14/2015 19:25	129	121	123	94	467	4	100
11/14/2015 19:30	127	121	108	85	441	4	100
11/14/2015 19:35	131	133	100	87	451	4	100
11/14/2015 19:40	113	125	108	74	420	4	100
11/14/2015 19:45	130	123	121	86	460	4	100
11/14/2015 19:50	139	112	120	88	459	4	100
11/14/2015 19:55	114	116	107	64	401	4	100
11/14/2015 20:00	115	124	116	69	424	4	100
11/14/2015 20:05	118	122	111	75	426	4	100
11/14/2015 20:10	105	112	111	59	387	4	100
11/14/2015 20:15	93	106	113	58	370	4	100
11/14/2015 20:20	110	103	110	51	374	4	100
11/14/2015 20:25	114	107	97	60	378	4	100
11/14/2015 20:30	96	102	98	50	346	4	100
11/14/2015 20:35	102	97	98	38	335	4	100
11/14/2015 20:40	93	111	91	39	334	4	100
11/14/2015 20:45	107	96	91	51	345	4	100
11/14/2015 20:50	109	102	96	43	350	4	100
11/14/2015 20:55	93	105	113	46	357	4	100
11/14/2015 21:00	64	70	81	35	250	4	100
11/14/2015 21:05	112	121	101	72	406	4	100
11/14/2015 21:10	98	104	92	58	352	4	100
11/14/2015 21:15	89	104	89	41	323	4	100
11/14/2015 21:20	108	109	89	50	356	4	100
11/14/2015 21:25	92	94	87	39	312	4	100
11/14/2015 21:30	104	95	108	48	355	4	100
11/14/2015 21:35	88	88	89	45	310	4	100
11/14/2015 21:40	100	103	103	46	352	4	100
11/14/2015 21:45	82	86	95	42	305	4	100
11/14/2015 21:50	97	102	98	50	347	4	100
11/14/2015 21:55	83	97	98	53	331	4	100
11/14/2015 22:00	86	95	84	33	298	4	100
11/14/2015 22:05	98	102	94	56	350	4	100
11/14/2015 22:10	101	100	113	48	362	4	100
11/14/2015 22:15	107	114	118	47	386	4	100
11/14/2015 22:20	95	108	109	32	344	4	100
11/14/2015 22:25	106	111	106	54	377	4	100
11/14/2015 22:30	88	103	85	45	321	4	100
11/14/2015 22:35	102	110	99	44	355	4	100
11/14/2015 22:40	88	95	94	41	318	4	100
11/14/2015 22:45	96	97	116	41	350	4	100
11/14/2015 22:50	98	98	89	39	324	4	100
11/14/2015 22:55	84	97	110	37	328	4	100
11/14/2015 23:00	90	98	88	40	316	4	100
11/14/2015 23:05	99	102	91	48	340	4	100
11/14/2015 23:10	86	100	96	30	312	4	100
11/14/2015 23:15	83	90	84	30	287	4	100
11/14/2015 23:20	84	90	93	29	296	4	100
11/14/2015 23:25	64	89	87	36	276	4	100
11/14/2015 23:30	72	66	73	23	234	4	100
11/14/2015 23:35	85	86	81	24	276	4	100
11/14/2015 23:40	75	87	86	35	283	4	100
11/14/2015 23:45	73	69	71	21	234	4	100
11/14/2015 23:50	72	80	70	26	248	4	100
11/14/2015 23:55	60	79	78	15	232	4	100
11/15/2015 00:00	55	73	82	19	229	4	100
11/15/2015 00:05	44	65	63	16	188	4	100
11/15/2015 00:10	50	65	76	13	204	4	100
11/15/2015 00:15	57	66	79	13	215	4	100
11/15/2015 00:20	72	70	65	17	224	4	100
11/15/2015 00:25	63	72	68	12	215	4	100
11/15/2015 00:30	48	63	66	17	194	4	100
11/15/2015 00:35	53	61	59	19	192	4	100
11/15/2015 00:40	48	67	56	11	182	4	100
11/15/2015 00:45	50	57	55	11	173	4	100
11/15/2015 00:50	51	46	63	12	172	4	100
11/15/2015 00:55	51	58	51	13	173	4	100
11/15/2015 01:00	45	46	50	6	147	4	100
11/15/2015 01:05	43	56	62	7	168	4	100
11/15/2015 01:10	42	44	52	8	146	4	100
11/15/2015 01:15	40	54	53	12	159	4	100
11/15/2015 01:20	32	41	36	8	117	4	100
11/15/2015 01:25	27	44	34	5	110	4	100
11/15/2015 01:30	19	40	45	4	108	4	100
11/15/2015 01:35	32	33	38	2	105	4	100
11/15/2015 01:40	30	44	45	2	121	4	100
11/15/2015 01:45	25	40	46	3	114	4	100
11/15/2015 01:50	30	32	43	5	110	4	100
11/15/2015 01:55	21	37	39	5	102	4	100
11/15/2015 02:00	29	34	37	6	106	4	100
11/15/2015 02:05	21	39	43	6	109	4	100
11/15/2015 02:10	27	33	35	6	101	4	100
11/15/2015 02:15	21	36	34	2	93	4	100
11/15/2015 02:20	19	40	33	4	96	4	100
11/15/2015 02:25	13	32	31	2	78	4	100
11/15/2015 02:30	26	36	29	3	94	4	100
11/15/2015 02:35	15	22	23	3	63	4	100
11/15/2015 02:40	13	21	26	2	62	4	100
11/15/2015 02:45	16	27	25	0	68	4	100
11/15/2015 02:50	16	30	28	2	76	4	100
11/15/2015 02:55	20	21	21	4	66	4	100
11/15/2015 03:00	23	26	30	1	80	4	100
11/15/2015 03:05	10	25	21	3	59	4	100
11/15/2015 03:10	18	19	22	2	61	4	100
11/15/2015 03:15	6	25	20	3	54	4	100
11/15/2015 03:20	10	18	29	0	57	4	100
11/15/2015 03:25	17	21	20	2	60	4	100
11/15/2015 03:30	8	16	23	2	49	4	100
11/15/2015 03:35	9	17	16	0	42	4	100
11/15/2015 03:40	14	19	21	2	56	4	100
11/15/2015 03:45	7	19	24	2	52	4	100
11/15/2015 03:50	12	14	16	2	44	4	100
11/15/2015 03:55	12	19	18	1	50	4	100
11/15/2015 04:00	9	24	22	0	55	4	100
11/15/2015 04:05	12	15	20	0	47	4	100
11/15/2015 04:10	8	18	17	1	44	4	100
11/15/2015 04:15	8	16	14	0	38	4	100
11/15/2015 04:20	9	17	19	2	47	4	100
11/15/2015 04:25	7	16	20	0	43	4	100
11/15/2015 04:30	12	16	15	0	43	4	100
11/15/2015 04:35	16	22	15	2	55	4	100
11/15/2015 04:40	15	19	22	2	58	4	100
11/15/2015 04:45	11	20	24	2	57	4	100
11/15/2015 04:50	12	15	26	1	54	4	100
11/15/2015 04:55	15	29	26	0	70	4	100
11/15/2015 05:00	8	25	29	1	63	4	100
11/15/2015 05:05	6	26	22	1	55	4	100
11/15/2015 05:10	13	22	24	1	60	4	100
11/15/2015 05:15	16	22	28	1	67	4	100
11/15/2015 05:20	10	24	33	3	70	4	100
11/15/2015 05:25	13	23	23	3	62	4	100
11/15/2015 05:30	16	22	23	3	64	4	100
11/15/2015 05:35	14	32	32	1	79	4	100
11/15/2015 05:40	19	32	33	2	86	4	100
11/15/2015 05:45	17	31	41	3	92	4	100
11/15/2015 05:50	24	35	30	4	93	4	100
11/15/2015 05:55	23	27	45	3	98	4	100
11/15/2015 06:00	22	25	35	3	85	4	100
11/15/2015 06:05	19	25	23	1	68	4	100
11/15/2015 06:10	32	40	41	5	118	4	100
11/15/2015 06:15	27	41	42	5	115	4	100
11/15/2015 06:20	37	33	41	6	117	4	100
11/15/2015 06:25	26	38	39	3	106	4	100
11/15/2015 06:30	43	56	51	12	162	4	100
11/15/2015 06:35	36	50	44	13	143	4	100
11/15/2015 06:40	33	46	44	12	135	4	100
11/15/2015 06:45	55	59	58	13	185	4	100
11/15/2015 06:50	39	42	53	11	145	4	100
11/15/2015 06:55	42	49	44	14	149	4	100
11/15/2015 07:00	46	56	50	6	158	4	100
11/15/2015 07:05	52	58	59	14	183	4	100
11/15/2015 07:10	40	55	59	12	166	4	100
11/15/2015 07:15	58	71	71	21	221	4	100
11/15/2015 07:20	47	75	64	13	199	4	100
11/15/2015 07:25	51	73	64	12	200	4	100
11/15/2015 07:30	62	60	65	23	210	4	100
11/15/2015 07:35	57	81	67	15	220	4	100
11/15/2015 07:40	75	81	75	15	246	4	100
11/15/2015 07:45	81	82	71	26	260	4	100
11/15/2015 07:50	68	85	86	18	257	4	100
11/15/2015 07:55	65	80	75	25	245	4	100
11/15/2015 08:00	53	71	65	22	211	4	100
11/15/2015 08:05	70	81	71	28	250	4	100
11/15/2015 08:10	85	88	95	24	292	4	100
11/15/2015 08:15	84	89	78	27	278	4	100
11/15/2015 08:20	91	88	87	32	298	4	100
11/15/2015 08:25	78	82	76	22	258	4	100
11/15/2015 08:30	76	83	77	29	265	4	100
11/15/2015 08:35	100	109	85	36	330	4	100
11/15/2015 08:40	109	107	83	27	326	4	100
11/15/2015 08:45	94	99	86	43	322	4	100
11/15/2015 08:50	102	109	91	34	336	4	100
11/15/2015 08:55	98	111	89	34	332	4	100
11/15/2015 09:00	84	114	96	36	330	4	100
11/15/2015 09:05	111	106	105	44	366	4	100
11/15/2015 09:10	110	123	95	43	371	4	100
11/15/2015 09:15	101	98	96	33	328	4	100
11/15/2015 09:20	108	117	108	47	380	4	100
11/15/2015 09:25	89	97	91	36	313	4	100
11/15/2015 09:30	120	111	111	61	403	4	100
11/15/2015 09:35	126	130	115	53	424	4	100
11/15/2015 09:40	136	128	123	51	438	4	100
11/15/2015 09:45	121	117	126	56	420	4	100
11/15/2015 09:50	122	129	138	55	444	4	100
11/15/2015 09:55	132	114	133	58	437	4	100
11/15/2015 10:00	106	120	102	46	374	4	100
11/15/2015 10:05	121	130	129	76	456	4	100
11/15/2015 10:10	121	129	113	58	421	4	100
11/15/2015 10:15	148	148	141	65	502	4	100
11/15/2015 10:20	138	133	129	73	473	4	100
11/15/2015 10:25	131	132	138	74	475	4	100
11/15/2015 10:30	142	121	141	89	493	4	100
11/15/2015 10:35	144	127	149	89	509	4	100
11/15/2015 10:40	150	155	128	83	516	4	100
11/15/2015 10:45	156	140	126	94	516	4	100
11/15/2015 10:50	166	143	147	94	550	4	100
11/15/2015 10:55	129	135	126	75	465	4	100
11/15/2015 11:00	140	136	119	68	463	4	100
11/15/2015 11:05	140	138	130	80	488	4	100
11/15/2015 11:10	149	143	134	92	518	4	100
11/15/2015 11:15	158	158	144	89	549	4	100
11/15/2015 11:20	131	145	134	96	506	4	100
11/15/2015 11:25	136	151	113	104	504	4	100
11/15/2015 11:30	98	113	113	58	382	4	100
11/15/2015 11:35	33	66	90	2	191	4	100
11/15/2015 11:40	168	159	161	110	598	4	100
11/15/2015 11:45	199	168	165	148	680	4	100
11/15/2015 11:50	208	181	163	133	685	4	100
11/15/2015 11:55	181	159	154	126	620	4	100
11/15/2015 12:00	77	95	105	35	312	4	100
11/15/2015 12:05	171	166	150	134	621	4	100
11/15/2015 12:10	150	128	140	115	533	4	100
11/15/2015 12:15	165	177	157	124	623	4	100
11/15/2015 12:20	156	158	135	120	569	4	100
11/15/2015 12:25	172	166	152	113	603	4	100
11/15/2015 12:30	159	141	145	89	534	4	100
11/15/2015 12:35	163	149	154	99	565	4	100
11/15/2015 12:40	164	166	153	97	580	4	100
11/15/2015 12:45	168	157	153	104	582	4	100
11/15/2015 12:50	141	140	149	100	530	4	100
11/15/2015 12:55	174	154	162	96	586	4	100
11/15/2015 13:00	175	171	146	117	609	4	100
11/15/2015 13:05	168	159	149	110	586	4	100
11/15/2015 13:10	154	144	159	89	546	4	100
11/15/2015 13:15	168	154	149	107	578	4	100
11/15/2015 13:20	158	149	142	95	544	4	100
11/15/2015 13:25	160	136	137	100	533	4	100
11/15/2015 13:30	152	141	138	103	534	4	100
11/15/2015 13:35	169	153	147	97	566	4	100
11/15/2015 13:40	178	175	149	98	600	4	100
11/15/2015 13:45	162	149	142	108	561	4	100
11/15/2015 13:50	187	162	139	125	613	4	100
11/15/2015 13:55	172	150	127	117	566	4	100
11/15/2015 14:00	191	160	133	119	603	4	100
11/15/2015 14:05	169	143	143	118	573	4	100
11/15/2015 14:10	177	170	162	118	627	4	100
11/15/2015 14:15	183	159	141	119	602	4	100
11/15/2015 14:20	157	156	154	112	579	4	100
11/15/2015 14:25	159	146	147	97	549	4	100
11/15/2015 14:30	157	150	142	98	547	4	100
11/15/2015 14:35	174	161	150	111	596	4	100
11/15/2015 14:40	184	174	148	103	609	4	100
11/15/2015 14:45	153	152	145	99	549	4	100
11/15/2015 14:50	157	141	134	105	537	4	100
11/15/2015 14:55	163	162	137	99	561	4	100
11/15/2015 15:00	167	147	144	100	558	4	100
11/15/2015 15:05	156	148	152	110	566	4	100
11/15/2015 15:10	169	153	141	118	581	4	100
11/15/2015 15:15	154	162	151	108	575	4	100
11/15/2015 15:20	171	157	142	109	579	4	100
11/15/2015 15:25	168	142	132	108	550	4	100
11/15/2015 15:30	182	155	139	123	599	4	100
11/15/2015 15:35	178	157	137	105	577	4	100
11/15/2015 15:40	178	155	147	109	589	4	100
11/15/2015 15:45	159	151	142	106	558	4	100
11/15/2015 15:50	174	151	139	89	553	4	100
11/15/2015 15:55	154	149	148	103	554	4	100
11/15/2015 16:00	173	149	155	110	587	4	100
11/15/2015 16:05	178	157	134	94	563	4	100
11/15/2015 16:10	160	155	143	92	550	4	100
11/15/2015 16:15	178	145	139	99	561	4	100
11/15/2015 16:20	167	148	141	113	569	4	100
11/15/2015 16:25	177	153	158	103	591	4	100
11/15/2015 16:30	178	149	147	112	586	4	100
11/15/2015 16:35	153	142	134	94	523	4	100
11/15/2015 16:40	167	157	139	119	582	4	100
11/15/2015 16:45	153	137	143	100	533	4	100
11/15/2015 16:50	153	137	134	102	526	4	100
11/15/2015 16:55	160	149	141	105	555	4	100
11/15/2015 17:00	164	152	135	95	546	4	100
11/15/2015 17:05	175	146	140	94	555	4	100
11/15/2015 17:10	167	149	162	104	582	4	100
11/15/2015 17:15	158	147	144	103	552	4	100
11/15/2015 17:20	152	145	140	98	535	4	100
11/15/2015 17:25	149	132	138	83	502	4	100
11/15/2015 17:30	154	143	132	111	540	4	100
11/15/2015 17:35	162	143	135	98	538	4	100
11/15/2015 17:40	130	116	114	68	428	4	100
11/15/2015 17:45	145	125	139	85	494	4	100
11/15/2015 17:50	146	130	120	101	497	4	100
11/15/2015 17:55	147	142	139	90	518	4	100
11/15/2015 18:00	127	126	116	78	447	4	100
11/15/2015 18:05	152	130	124	94	500	4	100
11/15/2015 18:10	148	118	144	97	507	4	100
11/15/2015 18:15	131	135	137	92	495	4	100
11/15/2015 18:20	136	121	114	97	468	4	100
11/15/2015 18:25	144	135	117	92	488	4	100
11/15/2015 18:30	125	114	113	81	433	4	100
11/15/2015 18:35	140	125	121	83	469	4	100
11/15/2015 18:40	120	133	116	75	444	4	100
11/15/2015 18:45	138	131	100	84	453	4	100
11/15/2015 18:50	129	120	109	86	444	4	100
11/15/2015 18:55	50	71	78	31	230	4	100
11/15/2015 19:00	131	139	120	102	492	4	100
11/15/2015 19:05	158	145	138	114	555	4	100
11/15/2015 19:10	125	116	101	68	410	4	100
11/15/2015 19:15	126	114	112	65	417	4	100
11/15/2015 19:20	111	114	118	61	404	4	100
11/15/2015 19:25	109	94	107	64	374	4	100
11/15/2015 19:30	106	97	98	64	365	4	100
11/15/2015 19:35	107	103	102	61	373	4	100
11/15/2015 19:40	130	121	102	58	411	4	100
11/15/2015 19:45	130	122	102	54	408	4	100
11/15/2015 19:50	103	107	100	35	345	4	100
11/15/2015 19:55	95	94	91	55	335	4	100
11/15/2015 20:00	117	114	108	60	399	4	100
11/15/2015 20:05	113	110	115	56	394	4	100
11/15/2015 20:10	116	107	105	49	377	4	100
11/15/2015 20:15	119	118	98	50	385	4	100
11/15/2015 20:20	109	110	101	52	372	4	100
11/15/2015 20:25	111	103	110	45	369	4	100
11/15/2015 20:30	109	101	95	40	345	4	100
11/15/2015 20:35	103	102	87	48	340	4	100
11/15/2015 20:40	117	101	104	47	369	4	100
11/15/2015 20:45	113	108	102	39	362	4	100
11/15/2015 20:50	115	103	85	50	353	4	100
11/15/2015 20:55	105	101	94	37	337	4	100
11/15/2015 21:00	98	102	105	44	349	4	100
11/15/2015 21:05	103	98	90	35	326	4	100
11/15/2015 21:10	98	104	96	37	335	4	100
11/15/2015 21:15	93	95	91	42	321	4	100
11/15/2015 21:20	100	91	79	31	301	4	100
11/15/2015 21:25	101	103	96	43	343	4	100
11/15/2015 21:30	109	110	102	59	380	4	100
11/15/2015 21:35	82	89	96	39	306	4	100
11/15/2015 21:40	100	95	104	69	368	4	100
11/15/2015 21:45	115	112	96	45	368	4	100
11/15/2015 21:50	95	93	81	23	292	4	100
11/15/2015 21:55	100	120	99	29	348	4	100
11/15/2015 22:00	93	99	80	37	309	4	100
11/15/2015 22:05	92	113	93	38	336	4	100
11/15/2015 22:10	103	105	108	27	343	4	100
11/15/2015 22:15	96	97	94	23	310	4	100
11/15/2015 22:20	81	93	96	24	294	4	100
11/15/2015 22:25	80	80	67	18	245	4	100
11/15/2015 22:30	92	93	91	23	299	4	100
11/15/2015 22:35	92	73	76	21	262	4	100
11/15/2015 22:40	66	87	77	16	246	4	100
11/15/2015 22:45	81	95	69	19	264	4	100
11/15/2015 22:50	70	85	82	14	251	4	100
11/15/2015 22:55	55	75	64	14	208	4	100
11/15/2015 23:00	72	81	76	11	240	4	100
11/15/2015 23:05	59	66	77	12	214	4	100
11/15/2015 23:10	68	69	69	12	218	4	100
11/15/2015 23:15	54	77	69	6	206	4	100
11/15/2015 23:20	68	68	62	9	207	4	100
11/15/2015 23:25	54	64	63	15	196	4	100
11/15/2015 23:30	51	60	60	8	179	4	100
11/15/2015 23:35	57	61	56	6	180	4	100
11/15/2015 23:40	55	55	45	6	161	4	100
11/15/2015 23:45	41	52	52	10	155	4	100
11/15/2015 23:50	51	48	50	6	155	4	100
11/15/2015 23:55	45	61	45	9	160	4	100
