5 Minutes	Lane 1 Flow (Veh/5 Minutes)	Lane 2 Flow (Veh/5 Minutes)	Lane 3 Flow (Veh/5 Minutes)	Lane 4 Flow (Veh/5 Minutes)	Flow (Veh/5 Minutes)	# Lane Points	% Observed
11/02/2015 00:00	33	47	54	13	147	4	100
11/02/2015 00:05	30	54	57	3	144	4	100
11/02/2015 00:10	32	48	58	3	141	4	100
11/02/2015 00:15	33	50	42	7	132	4	100
11/02/2015 00:20	27	51	43	0	121	4	100
11/02/2015 00:25	27	39	43	2	111	4	100
11/02/2015 00:30	22	36	37	0	95	4	100
11/02/2015 00:35	26	45	40	0	111	4	100
11/02/2015 00:40	17	41	37	2	97	4	100
11/02/2015 00:45	24	39	38	4	105	4	100
11/02/2015 00:50	16	26	29	0	71	4	100
11/02/2015 00:55	19	36	33	1	89	4	100
11/02/2015 01:00	13	30	35	2	80	4	100
11/02/2015 01:05	17	31	41	1	90	4	100
11/02/2015 01:10	11	19	35	1	66	4	100
11/02/2015 01:15	14	29	26	0	69	4	100
11/02/2015 01:20	17	29	34	1	81	4	100
11/02/2015 01:25	13	28	27	2	70	4	100
11/02/2015 01:30	5	14	26	1	46	4	100
11/02/2015 01:35	16	19	24	0	59	4	100
11/02/2015 01:40	15	20	29	0	64	4	100
11/02/2015 01:45	11	17	23	0	51	4	100
11/02/2015 01:50	11	23	19	0	53	4	100
11/02/2015 01:55	8	16	22	0	46	4	100
11/02/2015 02:00	7	17	21	0	45	4	100
11/02/2015 02:05	3	11	12	2	28	4	100
11/02/2015 02:10	5	30	17	2	54	4	100
11/02/2015 02:15	2	11	20	0	33	4	100
11/02/2015 02:20	5	14	19	0	38	4	100
11/02/2015 02:25	8	14	15	1	38	4	100
11/02/2015 02:30	8	18	20	0	46	4	100
11/02/2015 02:35	3	8	13	2	26	4	100
11/02/2015 02:40	5	12	14	0	31	4	100
11/02/2015 02:45	7	18	16	1	42	4	100
11/02/2015 02:50	6	11	19	0	36	4	100
11/02/2015 02:55	5	8	14	0	27	4	100
11/02/2015 03:00	4	6	11	0	21	4	100
11/02/2015 03:05	3	22	17	0	42	4	100
11/02/2015 03:10	10	17	16	0	43	4	100
11/02/2015 03:15	4	11	15	0	30	4	100
11/02/2015 03:20	5	12	14	0	31	4	100
11/02/2015 03:25	7	16	17	1	41	4	100
11/02/2015 03:30	7	21	14	1	43	4	100
11/02/2015 03:35	8	14	28	0	50	4	100
11/02/2015 03:40	8	16	13	0	37	4	100
11/02/2015 03:45	9	25	17	0	51	4	100
11/02/2015 03:50	8	14	22	1	45	4	100
11/02/2015 03:55	16	11	25	0	52	4	100
11/02/2015 04:00	12	19	21	1	53	4	100
11/02/2015 04:05	17	21	25	0	63	4	100
11/02/2015 04:10	18	22	24	0	64	4	100
11/02/2015 04:15	14	29	29	1	73	4	100
11/02/2015 04:20	21	33	29	0	83	4	100
11/02/2015 04:25	21	28	27	1	77	4	100
11/02/2015 04:30	25	35	36	2	98	4	100
11/02/2015 04:35	24	37	33	3	97	4	100
11/02/2015 04:40	44	42	42	4	132	4	100
11/02/2015 04:45	29	47	43	3	122	4	100
11/02/2015 04:50	45	58	52	5	160	4	100
11/02/2015 04:55	42	50	52	4	148	4	100
11/02/2015 05:00	38	43	49	6	136	4	100
11/02/2015 05:05	48	53	51	4	156	4	100
11/02/2015 05:10	67	62	61	10	200	4	100
11/02/2015 05:15	55	66	60	6	187	4	100
11/02/2015 05:20	62	79	64	16	221	4	100
11/02/2015 05:25	75	74	67	17	233	4	100
11/02/2015 05:30	91	87	80	14	272	4	100
11/02/2015 05:35	84	103	84	13	284	4	100
11/02/2015 05:40	109	114	86	24	333	4	100
11/02/2015 05:45	106	114	94	23	337	4	100
11/02/2015 05:50	136	129	99	21	385	4	100
11/02/2015 05:55	107	90	82	30	309	4	100
11/02/2015 06:00	115	106	92	34	347	4	100
11/02/2015 06:05	107	96	82	20	305	4	100
11/02/2015 06:10	131	122	98	36	387	4	100
11/02/2015 06:15	120	111	90	29	350	4	100
11/02/2015 06:20	117	101	88	23	329	4	100
11/02/2015 06:25	140	126	99	22	387	4	100
11/02/2015 06:30	121	103	100	23	347	4	100
11/02/2015 06:35	151	136	121	28	436	4	100
11/02/2015 06:40	135	126	115	24	400	4	100
11/02/2015 06:45	147	127	116	30	420	4	100
11/02/2015 06:50	137	123	118	23	401	4	100
11/02/2015 06:55	135	123	106	29	393	4	100
11/02/2015 07:00	125	129	107	28	389	4	100
11/02/2015 07:05	181	141	141	39	502	4	100
11/02/2015 07:10	178	157	129	30	494	4	100
11/02/2015 07:15	192	165	136	48	541	4	100
11/02/2015 07:20	186	169	150	51	556	4	100
11/02/2015 07:25	205	169	150	53	577	4	100
11/02/2015 07:30	208	190	162	60	620	4	100
11/02/2015 07:35	165	174	161	59	559	4	100
11/02/2015 07:40	191	174	151	79	595	4	100
11/02/2015 07:45	179	174	147	78	578	4	100
11/02/2015 07:50	215	160	139	78	592	4	100
11/02/2015 07:55	187	160	119	72	538	4	100
11/02/2015 08:00	181	158	140	58	537	4	100
11/02/2015 08:05	176	165	140	71	552	4	100
11/02/2015 08:10	199	184	130	69	582	4	100
11/02/2015 08:15	191	177	145	86	599	4	100
11/02/2015 08:20	189	165	146	69	569	4	100
11/02/2015 08:25	133	135	118	63	449	4	100
11/02/2015 08:30	99	104	91	64	358	4	100
11/02/2015 08:35	181	174	150	81	586	4	100
11/02/2015 08:40	186	181	141	61	569	4	100
11/02/2015 08:45	192	159	142	75	568	4	100
11/02/2015 08:50	181	157	127	50	515	4	100
11/02/2015 08:55	174	138	119	33	464	4	100
11/02/2015 09:00	168	142	113	35	458	4	100
11/02/2015 09:05	150	145	132	29	456	4	100
11/02/2015 09:10	155	133	117	33	438	4	100
11/02/2015 09:15	160	157	129	46	492	4	100
11/02/2015 09:20	158	148	121	42	469	4	100
11/02/2015 09:25	142	135	131	39	447	4	100
11/02/2015 09:30	145	133	109	45	432	4	100
11/02/2015 09:35	138	142	126	28	434	4	100
11/02/2015 09:40	148	128	126	41	443	4	100
11/02/2015 09:45	148	145	135	47	475	4	100
11/02/2015 09:50	133	131	130	40	434	4	100
11/02/2015 09:55	150	139	109	34	432	4	100
11/02/2015 10:00	148	128	115	38	429	4	100
11/02/2015 10:05	122	134	131	42	429	4	100
11/02/2015 10:10	150	148	126	42	466	4	100
11/02/2015 10:15	132	136	121	43	432	4	100
11/02/2015 10:20	146	144	116	46	452	4	100
11/02/2015 10:25	140	130	134	41	445	4	100
11/02/2015 10:30	104	110	112	32	358	4	100
11/02/2015 10:35	154	135	134	39	462	4	100
11/02/2015 10:40	156	153	138	54	501	4	100
11/02/2015 10:45	119	126	121	43	409	4	100
11/02/2015 10:50	139	147	135	25	446	4	100
11/02/2015 10:55	151	137	113	46	447	4	100
11/02/2015 11:00	155	141	124	54	474	4	100
11/02/2015 11:05	150	141	136	39	466	4	100
11/02/2015 11:10	140	140	121	42	443	4	100
11/02/2015 11:15	151	147	131	46	475	4	100
11/02/2015 11:20	142	136	126	54	458	4	100
11/02/2015 11:25	134	150	130	53	467	4	100
11/02/2015 11:30	160	149	125	47	481	4	100
11/02/2015 11:35	163	141	126	43	473	4	100
11/02/2015 11:40	147	118	122	48	435	4	100
11/02/2015 11:45	143	130	121	47	441	4	100
11/02/2015 11:50	138	132	136	56	462	4	100
11/02/2015 11:55	160	137	124	47	468	4	100
11/02/2015 12:00	137	150	125	62	474	4	100
11/02/2015 12:05	149	144	124	62	479	4	100
11/02/2015 12:10	153	144	128	54	479	4	100
11/02/2015 12:15	145	161	130	41	477	4	100
11/02/2015 12:20	155	129	129	45	458	4	100
11/02/2015 12:25	144	140	135	58	477	4	100
11/02/2015 12:30	169	151	138	60	518	4	100
11/02/2015 12:35	155	146	140	62	503	4	100
11/02/2015 12:40	167	160	130	45	502	4	100
11/02/2015 12:45	166	156	159	50	531	4	100
11/02/2015 12:50	144	123	127	34	428	4	100
11/02/2015 12:55	124	111	120	47	402	4	100
11/02/2015 13:00	126	130	104	44	404	4	100
11/02/2015 13:05	144	134	122	39	439	4	100
11/02/2015 13:10	152	151	143	63	509	4	100
11/02/2015 13:15	156	155	129	60	500	4	100
11/02/2015 13:20	167	160	138	78	543	4	100
11/02/2015 13:25	180	151	143	67	541	4	100
11/02/2015 13:30	155	145	135	60	495	4	100
11/02/2015 13:35	170	162	135	69	536	4	100
11/02/2015 13:40	194	166	163	65	588	4	100
11/02/2015 13:45	180	164	136	72	552	4	100
11/02/2015 13:50	190	172	156	82	600	4	100
11/02/2015 13:55	182	157	141	75	555	4	100
11/02/2015 14:00	179	158	140	89	566	4	100
11/02/2015 14:05	190	181	145	97	613	4	100
11/02/2015 14:10	171	162	131	99	563	4	100
11/02/2015 14:15	165	150	131	97	543	4	100
11/02/2015 14:20	157	139	127	108	531	4	100
11/02/2015 14:25	168	150	139	119	576	4	100
11/02/2015 14:30	167	151	134	110	562	4	100
11/02/2015 14:35	171	156	129	113	569	4	100
11/02/2015 14:40	186	164	155	118	623	4	100
11/02/2015 14:45	186	156	144	137	623	4	100
11/02/2015 14:50	155	153	133	124	565	4	100
11/02/2015 14:55	173	155	152	131	611	4	100
11/02/2015 15:00	154	124	113	103	494	4	100
11/02/2015 15:05	148	147	123	121	539	4	100
11/02/2015 15:10	160	156	144	124	584	4	100
11/02/2015 15:15	175	159	139	140	613	4	100
11/02/2015 15:20	166	157	151	134	608	4	100
11/02/2015 15:25	170	159	135	130	594	4	100
11/02/2015 15:30	165	140	135	124	564	4	100
11/02/2015 15:35	179	148	135	137	599	4	100
11/02/2015 15:40	174	155	141	120	590	4	100
11/02/2015 15:45	177	162	150	131	620	4	100
11/02/2015 15:50	179	142	136	130	587	4	100
11/02/2015 15:55	174	148	131	129	582	4	100
11/02/2015 16:00	172	170	130	133	605	4	100
11/02/2015 16:05	175	155	140	126	596	4	100
11/02/2015 16:10	179	164	136	125	604	4	100
11/02/2015 16:15	169	167	146	114	596	4	100
11/02/2015 16:20	174	166	137	117	594	4	100
11/02/2015 16:25	162	152	136	117	567	4	100
11/02/2015 16:30	164	148	136	130	578	4	100
11/02/2015 16:35	163	151	130	121	565	4	100
11/02/2015 16:40	176	152	134	131	593	4	100
11/02/2015 16:45	168	142	131	108	549	4	100
11/02/2015 16:50	156	146	128	116	546	4	100
11/02/2015 16:55	138	144	116	108	506	4	100
11/02/2015 17:00	152	149	132	111	544	4	100
11/02/2015 17:05	162	148	143	116	569	4	100
11/02/2015 17:10	153	135	122	112	522	4	100
11/02/2015 17:15	150	149	139	123	561	4	100
11/02/2015 17:20	134	133	114	125	506	4	100
11/02/2015 17:25	151	132	131	103	517	4	100
11/02/2015 17:30	160	146	137	136	579	4	100
11/02/2015 17:35	146	146	136	109	537	4	100
11/02/2015 17:40	156	133	133	109	531	4	100
11/02/2015 17:45	156	145	133	123	557	4	100
11/02/2015 17:50	170	143	128	127	568	4	100
11/02/2015 17:55	155	151	130	134	570	4	100
11/02/2015 18:00	154	159	137	130	580	4	100
11/02/2015 18:05	163	132	132	102	529	4	100
11/02/2015 18:10	151	150	134	119	554	4	100
11/02/2015 18:15	164	152	144	126	586	4	100
11/02/2015 18:20	166	149	146	130	591	4	100
11/02/2015 18:25	151	150	134	131	566	4	100
11/02/2015 18:30	152	155	132	121	560	4	100
11/02/2015 18:35	167	163	142	128	600	4	100
11/02/2015 18:40	146	151	123	97	517	4	100
11/02/2015 18:45	167	150	129	92	538	4	100
11/02/2015 18:50	162	151	133	121	567	4	100
11/02/2015 18:55	159	156	137	134	586	4	100
11/02/2015 19:00	166	148	135	117	566	4	100
11/02/2015 19:05	156	144	134	101	535	4	100
11/02/2015 19:10	147	130	125	110	512	4	100
11/02/2015 19:15	143	131	124	100	498	4	100
11/02/2015 19:20	141	123	126	118	508	4	100
11/02/2015 19:25	143	129	121	117	510	4	100
11/02/2015 19:30	140	126	124	108	498	4	100
11/02/2015 19:35	137	134	100	102	473	4	100
11/02/2015 19:40	148	128	124	112	512	4	100
11/02/2015 19:45	143	143	116	114	516	4	100
11/02/2015 19:50	155	130	120	122	527	4	100
11/02/2015 19:55	154	150	118	108	530	4	100
11/02/2015 20:00	150	128	128	98	504	4	100
11/02/2015 20:05	145	138	120	105	508	4	100
11/02/2015 20:10	147	141	112	81	481	4	100
11/02/2015 20:15	159	149	128	61	497	4	100
11/02/2015 20:20	117	112	117	33	379	4	100
11/02/2015 20:25	109	126	107	33	375	4	100
11/02/2015 20:30	110	110	93	33	346	4	100
11/02/2015 20:35	97	101	105	29	332	4	100
11/02/2015 20:40	92	105	95	26	318	4	100
11/02/2015 20:45	113	108	111	18	350	4	100
11/02/2015 20:50	101	116	83	37	337	4	100
11/02/2015 20:55	94	94	97	23	308	4	100
11/02/2015 21:00	78	80	71	23	252	4	100
11/02/2015 21:05	91	106	96	29	322	4	100
11/02/2015 21:10	90	101	93	15	299	4	100
11/02/2015 21:15	109	96	107	29	341	4	100
11/02/2015 21:20	76	94	88	22	280	4	100
11/02/2015 21:25	104	94	99	17	314	4	100
11/02/2015 21:30	98	91	94	22	305	4	100
11/02/2015 21:35	84	101	82	19	286	4	100
11/02/2015 21:40	97	95	87	16	295	4	100
11/02/2015 21:45	81	85	89	17	272	4	100
11/02/2015 21:50	91	100	91	15	297	4	100
11/02/2015 21:55	89	83	81	17	270	4	100
11/02/2015 22:00	79	89	82	32	282	4	100
11/02/2015 22:05	77	80	81	14	252	4	100
11/02/2015 22:10	90	96	101	14	301	4	100
11/02/2015 22:15	83	102	83	15	283	4	100
11/02/2015 22:20	86	87	93	10	276	4	100
11/02/2015 22:25	74	83	91	11	259	4	100
11/02/2015 22:30	80	96	83	16	275	4	100
11/02/2015 22:35	84	90	79	11	264	4	100
11/02/2015 22:40	79	80	77	7	243	4	100
11/02/2015 22:45	57	76	64	9	206	4	100
11/02/2015 22:50	48	70	73	8	199	4	100
11/02/2015 22:55	56	64	76	10	206	4	100
11/02/2015 23:00	62	73	69	8	212	4	100
11/02/2015 23:05	51	57	62	5	175	4	100
11/02/2015 23:10	66	65	72	12	215	4	100
11/02/2015 23:15	56	69	61	5	191	4	100
11/02/2015 23:20	38	54	57	1	150	4	100
11/02/2015 23:25	38	54	49	3	144	4	100
11/02/2015 23:30	39	48	55	0	142	4	100
11/02/2015 23:35	40	54	58	7	159	4	100
11/02/2015 23:40	34	46	47	2	129	4	100
11/02/2015 23:45	37	62	51	2	152	4	100
11/02/2015 23:50	33	48	52	3	136	4	100
11/02/2015 23:55	22	46	46	4	118	4	100
11/03/2015 00:00	33	45	55	2	135	4	100
11/03/2015 00:05	28	37	42	1	108	4	100
11/03/2015 00:10	26	40	50	3	119	4	100
11/03/2015 00:15	31	45	59	3	138	4	100
11/03/2015 00:20	22	39	46	2	109	4	100
11/03/2015 00:25	18	40	48	3	109	4	100
11/03/2015 00:30	17	40	43	3	103	4	100
11/03/2015 00:35	27	42	47	2	118	4	100
11/03/2015 00:40	13	35	33	1	82	4	100
11/03/2015 00:45	16	21	34	1	72	4	100
11/03/2015 00:50	15	33	43	2	93	4	100
11/03/2015 00:55	13	28	24	1	66	4	100
11/03/2015 01:00	12	21	28	0	61	4	100
11/03/2015 01:05	16	18	24	0	58	4	100
11/03/2015 01:10	9	29	28	0	66	4	100
11/03/2015 01:15	6	17	29	0	52	4	100
11/03/2015 01:20	10	17	30	0	57	4	100
11/03/2015 01:25	6	17	29	1	53	4	100
11/03/2015 01:30	9	16	20	0	45	4	100
11/03/2015 01:35	8	19	36	0	63	4	100
11/03/2015 01:40	12	23	28	2	65	4	100
11/03/2015 01:45	7	23	19	0	49	4	100
11/03/2015 01:50	14	12	21	0	47	4	100
11/03/2015 01:55	12	14	17	0	43	4	100
11/03/2015 02:00	7	16	18	0	41	4	100
11/03/2015 02:05	5	17	9	0	31	4	100
11/03/2015 02:10	4	13	18	0	35	4	100
11/03/2015 02:15	6	12	15	1	34	4	100
11/03/2015 02:20	4	16	12	0	32	4	100
11/03/2015 02:25	8	16	16	2	42	4	100
11/03/2015 02:30	5	9	13	1	28	4	100
11/03/2015 02:35	10	15	19	0	44	4	100
11/03/2015 02:40	6	10	17	0	33	4	100
11/03/2015 02:45	7	17	14	0	38	4	100
11/03/2015 02:50	4	18	16	0	38	4	100
11/03/2015 02:55	3	14	11	0	28	4	100
11/03/2015 03:00	6	7	15	1	29	4	100
11/03/2015 03:05	7	10	11	0	28	4	100
11/03/2015 03:10	4	14	10	0	28	4	100
11/03/2015 03:15	5	9	11	0	25	4	100
11/03/2015 03:20	6	12	13	0	31	4	100
11/03/2015 03:25	2	13	10	0	25	4	100
11/03/2015 03:30	4	11	11	0	26	4	100
11/03/2015 03:35	9	15	21	0	45	4	100
11/03/2015 03:40	7	13	19	0	39	4	100
11/03/2015 03:45	5	11	22	0	38	4	100
11/03/2015 03:50	7	18	28	0	53	4	100
11/03/2015 03:55	7	16	15	0	38	4	100
11/03/2015 04:00	10	16	30	0	56	4	100
11/03/2015 04:05	7	21	16	0	44	4	100
11/03/2015 04:10	11	18	23	1	53	4	100
11/03/2015 04:15	12	18	25	0	55	4	100
11/03/2015 04:20	15	21	24	0	60	4	100
11/03/2015 04:25	10	18	21	2	51	4	100
11/03/2015 04:30	19	23	27	2	71	4	100
11/03/2015 04:35	24	29	40	0	93	4	100
11/03/2015 04:40	38	41	50	6	135	4	100
11/03/2015 04:45	25	42	39	4	110	4	100
11/03/2015 04:50	27	37	49	3	116	4	100
11/03/2015 04:55	25	46	33	1	105	4	100
11/03/2015 05:00	37	52	42	4	135	4	100
11/03/2015 05:05	29	48	44	7	128	4	100
11/03/2015 05:10	38	60	51	2	151	4	100
11/03/2015 05:15	44	54	50	9	157	4	100
11/03/2015 05:20	71	80	62	13	226	4	100
11/03/2015 05:25	73	70	65	17	225	4	100
11/03/2015 05:30	81	86	63	20	250	4	100
11/03/2015 05:35	80	90	68	19	257	4	100
11/03/2015 05:40	117	95	76	20	308	4	100
11/03/2015 05:45	117	113	82	26	338	4	100
11/03/2015 05:50	99	89	75	22	285	4	100
11/03/2015 05:55	115	105	79	18	317	4	100
11/03/2015 06:00	99	104	74	27	304	4	100
11/03/2015 06:05	99	105	84	15	303	4	100
11/03/2015 06:10	121	104	92	22	339	4	100
11/03/2015 06:15	116	115	90	24	345	4	100
11/03/2015 06:20	115	118	94	20	347	4	100
11/03/2015 06:25	125	109	94	27	355	4	100
11/03/2015 06:30	131	101	97	31	360	4	100
11/03/2015 06:35	146	125	104	37	412	4	100
11/03/2015 06:40	146	127	115	34	422	4	100
11/03/2015 06:45	139	125	107	24	395	4	100
11/03/2015 06:50	156	139	135	25	455	4	100
11/03/2015 06:55	140	152	128	27	447	4	100
11/03/2015 07:00	121	140	112	30	403	4	100
11/03/2015 07:05	161	151	126	27	465	4	100
11/03/2015 07:10	166	143	121	40	470	4	100
11/03/2015 07:15	178	169	156	49	552	4	100
11/03/2015 07:20	189	164	160	37	550	4	100
11/03/2015 07:25	172	156	139	51	518	4	100
11/03/2015 07:30	193	180	136	67	576	4	100
11/03/2015 07:35	201	174	148	81	604	4	100
11/03/2015 07:40	187	158	123	63	531	4	100
11/03/2015 07:45	167	154	132	92	545	4	100
11/03/2015 07:50	175	149	125	81	530	4	100
11/03/2015 07:55	167	165	129	77	538	4	100
11/03/2015 08:00	191	162	131	77	561	4	100
11/03/2015 08:05	191	168	129	85	573	4	100
11/03/2015 08:10	179	170	125	83	557	4	100
11/03/2015 08:15	191	165	140	81	577	4	100
11/03/2015 08:20	181	152	113	83	529	4	100
11/03/2015 08:25	180	157	128	80	545	4	100
11/03/2015 08:30	179	168	133	79	559	4	100
11/03/2015 08:35	177	166	126	59	528	4	100
11/03/2015 08:40	173	162	128	52	515	4	100
11/03/2015 08:45	186	170	127	84	567	4	100
11/03/2015 08:50	174	154	131	69	528	4	100
11/03/2015 08:55	185	167	131	68	551	4	100
11/03/2015 09:00	164	156	141	68	529	4	100
11/03/2015 09:05	157	136	125	36	454	4	100
11/03/2015 09:10	156	135	128	47	466	4	100
11/03/2015 09:15	137	129	110	37	413	4	100
11/03/2015 09:20	143	140	111	34	428	4	100
11/03/2015 09:25	121	131	114	18	384	4	100
11/03/2015 09:30	134	125	100	36	395	4	100
11/03/2015 09:35	141	137	120	34	432	4	100
11/03/2015 09:40	123	112	115	29	379	4	100
11/03/2015 09:45	141	119	98	34	392	4	100
11/03/2015 09:50	125	123	100	33	381	4	100
11/03/2015 09:55	143	123	106	27	399	4	100
11/03/2015 10:00	129	123	119	41	412	4	100
11/03/2015 10:05	141	122	125	39	427	4	100
11/03/2015 10:10	111	122	106	26	365	4	100
11/03/2015 10:15	141	131	129	44	445	4	100
11/03/2015 10:20	131	127	124	50	432	4	100
11/03/2015 10:25	135	141	114	57	447	4	100
11/03/2015 10:30	148	130	133	41	452	4	100
11/03/2015 10:35	125	132	107	47	411	4	100
11/03/2015 10:40	137	132	114	43	426	4	100
11/03/2015 10:45	157	146	130	40	473	4	100
11/03/2015 10:50	147	152	129	46	474	4	100
11/03/2015 10:55	148	151	128	42	469	4	100
11/03/2015 11:00	153	139	114	54	460	4	100
11/03/2015 11:05	139	149	119	41	448	4	100
11/03/2015 11:10	132	134	113	38	417	4	100
11/03/2015 11:15	151	155	117	36	459	4	100
11/03/2015 11:20	110	131	115	45	401	4	100
11/03/2015 11:25	135	143	120	47	445	4	100
11/03/2015 11:30	152	146	128	41	467	4	100
11/03/2015 11:35	160	153	133	59	505	4	100
11/03/2015 11:40	159	143	135	47	484	4	100
11/03/2015 11:45	157	147	133	47	484	4	100
11/03/2015 11:50	137	137	126	43	443	4	100
11/03/2015 11:55	136	142	119	47	444	4	100
11/03/2015 12:00	142	139	122	50	453	4	100
11/03/2015 12:05	152	132	124	48	456	4	100
11/03/2015 12:10	155	150	126	56	487	4	100
11/03/2015 12:15	149	140	117	49	455	4	100
11/03/2015 12:20	174	152	142	57	525	4	100
11/03/2015 12:25	174	150	146	61	531	4	100
11/03/2015 12:30	152	145	137	55	489	4	100
11/03/2015 12:35	158	156	136	50	500	4	100
11/03/2015 12:40	158	150	145	50	503	4	100
11/03/2015 12:45	162	165	132	46	505	4	100
11/03/2015 12:50	152	144	134	58	488	4	100
11/03/2015 12:55	176	159	141	69	545	4	100
11/03/2015 13:00	154	140	123	41	458	4	100
11/03/2015 13:05	175	148	135	52	510	4	100
11/03/2015 13:10	163	140	127	52	482	4	100
11/03/2015 13:15	135	129	119	62	445	4	100
11/03/2015 13:20	176	149	139	52	516	4	100
11/03/2015 13:25	172	159	134	67	532	4	100
11/03/2015 13:30	161	157	143	71	532	4	100
11/03/2015 13:35	173	162	149	71	555	4	100
11/03/2015 13:40	176	159	145	66	546	4	100
11/03/2015 13:45	188	152	150	73	563	4	100
11/03/2015 13:50	180	166	126	79	551	4	100
11/03/2015 13:55	173	163	131	67	534	4	100
11/03/2015 14:00	126	131	112	50	419	4	100
11/03/2015 14:05	179	162	136	79	556	4	100
11/03/2015 14:10	197	172	142	107	618	4	100
11/03/2015 14:15	163	166	130	87	546	4	100
11/03/2015 14:20	189	150	136	112	587	4	100
11/03/2015 14:25	163	162	144	106	575	4	100
11/03/2015 14:30	161	132	127	116	536	4	100
11/03/2015 14:35	162	146	132	128	568	4	100
11/03/2015 14:40	172	153	139	132	596	4	100
11/03/2015 14:45	171	149	127	134	581	4	100
11/03/2015 14:50	169	158	126	136	589	4	100
11/03/2015 14:55	166	153	143	126	588	4	100
11/03/2015 15:00	167	159	131	140	597	4	100
11/03/2015 15:05	170	149	136	138	593	4	100
11/03/2015 15:10	165	163	143	108	579	4	100
11/03/2015 15:15	161	153	137	129	580	4	100
11/03/2015 15:20	159	147	132	144	582	4	100
11/03/2015 15:25	182	171	137	133	623	4	100
11/03/2015 15:30	178	156	135	143	612	4	100
11/03/2015 15:35	124	118	96	126	464	4	100
11/03/2015 15:40	170	151	138	119	578	4	100
11/03/2015 15:45	169	157	133	139	598	4	100
11/03/2015 15:50	135	125	99	119	478	4	100
11/03/2015 15:55	165	138	134	118	555	4	100
11/03/2015 16:00	120	115	108	118	461	4	100
11/03/2015 16:05	134	133	111	105	483	4	100
11/03/2015 16:10	140	132	119	112	503	4	100
11/03/2015 16:15	129	132	104	124	489	4	100
11/03/2015 16:20	149	128	127	116	520	4	100
11/03/2015 16:25	167	142	131	123	563	4	100
11/03/2015 16:30	157	145	119	117	538	4	100
11/03/2015 16:35	161	141	121	117	540	4	100
11/03/2015 16:40	142	125	122	114	503	4	100
11/03/2015 16:45	157	132	126	110	525	4	100
11/03/2015 16:50	146	137	130	104	517	4	100
11/03/2015 16:55	136	133	120	116	505	4	100
11/03/2015 17:00	158	148	135	132	573	4	100
11/03/2015 17:05	162	150	125	109	546	4	100
11/03/2015 17:10	164	142	135	124	565	4	100
11/03/2015 17:15	158	155	137	114	564	4	100
11/03/2015 17:20	151	147	142	118	558	4	100
11/03/2015 17:25	123	109	104	121	457	4	100
11/03/2015 17:30	120	123	93	115	451	4	100
11/03/2015 17:35	138	120	106	125	489	4	100
11/03/2015 17:40	154	138	124	107	523	4	100
11/03/2015 17:45	156	152	140	125	573	4	100
11/03/2015 17:50	154	144	134	119	551	4	100
11/03/2015 17:55	119	102	85	121	427	4	100
11/03/2015 18:00	128	133	86	112	459	4	100
11/03/2015 18:05	144	133	113	132	522	4	100
11/03/2015 18:10	124	122	96	106	448	4	100
11/03/2015 18:15	118	118	78	125	439	4	100
11/03/2015 18:20	145	126	108	121	500	4	100
11/03/2015 18:25	145	145	123	125	538	4	100
11/03/2015 18:30	158	147	123	121	549	4	100
11/03/2015 18:35	150	143	123	118	534	4	100
11/03/2015 18:40	154	135	136	119	544	4	100
11/03/2015 18:45	155	139	132	120	546	4	100
11/03/2015 18:50	157	142	131	113	543	4	100
11/03/2015 18:55	127	116	96	115	454	4	100
11/03/2015 19:00	117	106	88	117	428	4	100
11/03/2015 19:05	128	113	96	121	458	4	100
11/03/2015 19:10	148	130	134	114	526	4	100
11/03/2015 19:15	143	146	138	109	536	4	100
11/03/2015 19:20	158	156	148	122	584	4	100
11/03/2015 19:25	157	155	145	110	567	4	100
11/03/2015 19:30	166	160	127	113	566	4	100
11/03/2015 19:35	152	153	128	97	530	4	100
11/03/2015 19:40	170	145	130	118	563	4	100
11/03/2015 19:45	170	162	129	108	569	4	100
11/03/2015 19:50	170	148	143	134	595	4	100
11/03/2015 19:55	167	143	142	98	550	4	100
11/03/2015 20:00	169	148	127	82	526	4	100
11/03/2015 20:05	167	155	149	90	561	4	100
11/03/2015 20:10	169	156	128	82	535	4	100
11/03/2015 20:15	154	148	129	100	531	4	100
11/03/2015 20:20	139	132	120	84	475	4	100
11/03/2015 20:25	173	151	127	71	522	4	100
11/03/2015 20:30	76	99	98	10	283	4	100
11/03/2015 20:35	105	105	101	28	339	4	100
11/03/2015 20:40	141	123	103	49	416	4	100
11/03/2015 20:45	148	128	101	48	425	4	100
11/03/2015 20:50	133	125	119	39	416	4	100
11/03/2015 20:55	133	109	117	34	393	4	100
11/03/2015 21:00	112	125	115	39	391	4	100
11/03/2015 21:05	116	110	102	19	347	4	100
11/03/2015 21:10	97	105	102	21	325	4	100
11/03/2015 21:15	94	100	84	15	293	4	100
11/03/2015 21:20	96	104	116	24	340	4	100
11/03/2015 21:25	105	98	100	19	322	4	100
11/03/2015 21:30	106	96	87	23	312	4	100
11/03/2015 21:35	99	109	108	24	340	4	100
11/03/2015 21:40	96	95	102	20	313	4	100
11/03/2015 21:45	80	90	99	15	284	4	100
11/03/2015 21:50	111	107	98	28	344	4	100
11/03/2015 21:55	97	108	95	25	325	4	100
11/03/2015 22:00	93	97	99	29	318	4	100
11/03/2015 22:05	112	105	117	25	359	4	100
11/03/2015 22:10	111	108	106	21	346	4	100
11/03/2015 22:15	88	95	91	22	296	4	100
11/03/2015 22:20	96	102	94	13	305	4	100
11/03/2015 22:25	85	92	100	18	295	4	100
11/03/2015 22:30	78	97	83	19	277	4	100
11/03/2015 22:35	75	94	97	17	283	4	100
11/03/2015 22:40	74	91	94	7	266	4	100
11/03/2015 22:45	75	77	88	7	247	4	100
11/03/2015 22:50	65	79	78	12	234	4	100
11/03/2015 22:55	60	85	68	10	223	4	100
11/03/2015 23:00	57	64	68	11	200	4	100
11/03/2015 23:05	60	75	76	5	216	4	100
11/03/2015 23:10	44	52	58	5	159	4	100
11/03/2015 23:15	55	65	62	1	183	4	100
11/03/2015 23:20	44	68	65	3	180	4	100
11/03/2015 23:25	49	60	62	4	175	4	100
11/03/2015 23:30	40	44	51	5	140	4	100
11/03/2015 23:35	47	50	55	7	159	4	100
11/03/2015 23:40	45	67	51	6	169	4	100
11/03/2015 23:45	38	44	42	4	128	4	100
11/03/2015 23:50	39	54	44	4	141	4	100
11/03/2015 23:55	32	46	41	2	121	4	100
11/04/2015 00:00	37	60	47	1	145	4	100
11/04/2015 00:05	33	59	54	1	147	4	100
11/04/2015 00:10	29	51	48	3	131	4	100
11/04/2015 00:15	24	40	46	2	112	4	100
11/04/2015 00:20	25	39	53	4	121	4	100
11/04/2015 00:25	20	37	45	0	102	4	100
11/04/2015 00:30	25	46	40	4	115	4	100
11/04/2015 00:35	18	34	43	0	95	4	100
11/04/2015 00:40	18	35	35	3	91	4	100
11/04/2015 00:45	23	29	36	2	90	4	100
11/04/2015 00:50	21	40	44	2	107	4	100
11/04/2015 00:55	17	26	32	0	75	4	100
11/04/2015 01:00	13	22	25	0	60	4	100
11/04/2015 01:05	8	19	26	1	54	4	100
11/04/2015 01:10	11	25	33	1	70	4	100
11/04/2015 01:15	10	18	26	2	56	4	100
11/04/2015 01:20	13	34	25	0	72	4	100
11/04/2015 01:25	12	26	24	0	62	4	100
11/04/2015 01:30	18	23	20	0	61	4	100
11/04/2015 01:35	14	29	29	0	72	4	100
11/04/2015 01:40	14	21	22	0	57	4	100
11/04/2015 01:45	10	15	29	1	55	4	100
11/04/2015 01:50	9	16	23	2	50	4	100
11/04/2015 01:55	10	19	25	1	55	4	100
11/04/2015 02:00	10	16	21	0	47	4	100
11/04/2015 02:05	16	20	22	1	59	4	100
11/04/2015 02:10	4	8	16	1	29	4	100
11/04/2015 02:15	6	20	20	0	46	4	100
11/04/2015 02:20	4	12	19	0	35	4	100
11/04/2015 02:25	8	18	16	0	42	4	100
11/04/2015 02:30	4	12	12	0	28	4	100
11/04/2015 02:35	7	13	13	0	33	4	100
11/04/2015 02:40	9	14	12	0	35	4	100
11/04/2015 02:45	9	13	16	0	38	4	100
11/04/2015 02:50	4	10	18	0	32	4	100
11/04/2015 02:55	7	7	9	1	24	4	100
11/04/2015 03:00	3	5	14	0	22	4	100
11/04/2015 03:05	5	16	11	1	33	4	100
11/04/2015 03:10	12	18	12	0	42	4	100
11/04/2015 03:15	8	11	18	0	37	4	100
11/04/2015 03:20	4	11	16	0	31	4	100
11/04/2015 03:25	3	9	15	1	28	4	100
11/04/2015 03:30	5	12	18	0	35	4	100
11/04/2015 03:35	6	13	11	0	30	4	100
11/04/2015 03:40	10	15	20	1	46	4	100
11/04/2015 03:45	8	14	23	1	46	4	100
11/04/2015 03:50	12	21	26	1	60	4	100
11/04/2015 03:55	13	22	18	0	53	4	100
11/04/2015 04:00	2	16	22	0	40	4	100
11/04/2015 04:05	12	19	22	0	53	4	100
11/04/2015 04:10	9	12	19	0	40	4	100
11/04/2015 04:15	10	21	26	1	58	4	100
11/04/2015 04:20	19	20	32	1	72	4	100
11/04/2015 04:25	7	20	25	0	52	4	100
11/04/2015 04:30	22	34	33	2	91	4	100
11/04/2015 04:35	24	41	33	0	98	4	100
11/04/2015 04:40	23	42	36	3	104	4	100
11/04/2015 04:45	28	47	35	5	115	4	100
11/04/2015 04:50	25	39	39	4	107	4	100
11/04/2015 04:55	41	48	40	5	134	4	100
11/04/2015 05:00	28	48	42	4	122	4	100
11/04/2015 05:05	31	45	39	5	120	4	100
11/04/2015 05:10	53	57	49	6	165	4	100
11/04/2015 05:15	63	73	55	12	203	4	100
11/04/2015 05:20	66	63	66	11	206	4	100
11/04/2015 05:25	69	70	60	26	225	4	100
11/04/2015 05:30	71	81	62	18	232	4	100
11/04/2015 05:35	96	99	68	14	277	4	100
11/04/2015 05:40	108	92	77	17	294	4	100
11/04/2015 05:45	102	101	73	16	292	4	100
11/04/2015 05:50	93	89	78	18	278	4	100
11/04/2015 05:55	98	93	81	22	294	4	100
11/04/2015 06:00	104	90	74	18	286	4	100
11/04/2015 06:05	113	99	69	16	297	4	100
11/04/2015 06:10	101	94	95	13	303	4	100
11/04/2015 06:15	113	121	94	18	346	4	100
11/04/2015 06:20	120	115	105	18	358	4	100
11/04/2015 06:25	133	112	98	25	368	4	100
11/04/2015 06:30	139	115	94	31	379	4	100
11/04/2015 06:35	125	114	105	21	365	4	100
11/04/2015 06:40	174	149	123	28	474	4	100
11/04/2015 06:45	141	138	130	34	443	4	100
11/04/2015 06:50	143	140	109	36	428	4	100
11/04/2015 06:55	141	127	116	27	411	4	100
11/04/2015 07:00	144	145	99	29	417	4	100
11/04/2015 07:05	135	137	120	21	413	4	100
11/04/2015 07:10	164	131	130	30	455	4	100
11/04/2015 07:15	190	168	145	40	543	4	100
11/04/2015 07:20	168	174	145	57	544	4	100
11/04/2015 07:25	189	167	148	56	560	4	100
11/04/2015 07:30	195	181	145	63	584	4	100
11/04/2015 07:35	176	153	131	62	522	4	100
11/04/2015 07:40	178	152	136	75	541	4	100
11/04/2015 07:45	182	166	130	101	579	4	100
11/04/2015 07:50	168	138	113	64	483	4	100
11/04/2015 07:55	173	173	139	102	587	4	100
11/04/2015 08:00	188	168	120	72	548	4	100
11/04/2015 08:05	178	151	141	71	541	4	100
11/04/2015 08:10	188	159	131	74	552	4	100
11/04/2015 08:15	185	163	132	83	563	4	100
11/04/2015 08:20	169	160	125	75	529	4	100
11/04/2015 08:25	181	155	128	77	541	4	100
11/04/2015 08:30	174	147	127	78	526	4	100
11/04/2015 08:35	173	162	126	70	531	4	100
11/04/2015 08:40	189	164	142	68	563	4	100
11/04/2015 08:45	175	149	125	58	507	4	100
11/04/2015 08:50	171	161	120	76	528	4	100
11/04/2015 08:55	171	150	120	55	496	4	100
11/04/2015 09:00	180	152	112	56	500	4	100
11/04/2015 09:05	163	149	116	42	470	4	100
11/04/2015 09:10	140	139	115	40	434	4	100
11/04/2015 09:15	116	128	113	55	412	4	100
11/04/2015 09:20	158	145	127	52	482	4	100
11/04/2015 09:25	152	138	112	30	432	4	100
11/04/2015 09:30	148	141	109	42	440	4	100
11/04/2015 09:35	132	118	117	40	407	4	100
11/04/2015 09:40	143	123	117	21	404	4	100
11/04/2015 09:45	61	60	59	46	226	4	100
11/04/2015 09:50	177	148	133	62	520	4	100
11/04/2015 09:55	186	154	119	63	522	4	100
11/04/2015 10:00	141	118	112	27	398	4	100
11/04/2015 10:05	131	132	101	35	399	4	100
11/04/2015 10:10	139	133	110	40	422	4	100
11/04/2015 10:15	130	119	104	43	396	4	100
11/04/2015 10:20	136	125	111	41	413	4	100
11/04/2015 10:25	141	139	134	36	450	4	100
11/04/2015 10:30	131	136	109	41	417	4	100
11/04/2015 10:35	161	145	113	36	455	4	100
11/04/2015 10:40	141	131	118	43	433	4	100
11/04/2015 10:45	159	138	119	40	456	4	100
11/04/2015 10:50	151	139	118	54	462	4	100
11/04/2015 10:55	155	148	115	41	459	4	100
11/04/2015 11:00	150	133	118	46	447	4	100
11/04/2015 11:05	165	138	135	68	506	4	100
11/04/2015 11:10	150	136	110	52	448	4	100
11/04/2015 11:15	133	138	119	55	445	4	100
11/04/2015 11:20	146	141	131	54	472	4	100
11/04/2015 11:25	146	140	128	42	456	4	100
11/04/2015 11:30	148	135	115	63	461	4	100
11/04/2015 11:35	135	127	124	58	444	4	100
11/04/2015 11:40	162	168	113	54	497	4	100
11/04/2015 11:45	147	133	111	47	438	4	100
11/04/2015 11:50	154	136	136	55	481	4	100
11/04/2015 11:55	165	149	135	64	513	4	100
11/04/2015 12:00	177	141	135	81	534	4	100
11/04/2015 12:05	178	161	132	58	529	4	100
11/04/2015 12:10	170	162	127	62	521	4	100
11/04/2015 12:15	186	160	139	63	548	4	100
11/04/2015 12:20	175	154	142	57	528	4	100
11/04/2015 12:25	164	152	141	59	516	4	100
11/04/2015 12:30	163	166	148	67	544	4	100
11/04/2015 12:35	189	157	134	51	531	4	100
11/04/2015 12:40	176	163	130	67	536	4	100
11/04/2015 12:45	167	150	140	63	520	4	100
11/04/2015 12:50	170	153	130	68	521	4	100
11/04/2015 12:55	179	137	131	80	527	4	100
11/04/2015 13:00	180	157	134	74	545	4	100
11/04/2015 13:05	160	157	145	70	532	4	100
11/04/2015 13:10	174	151	139	66	530	4	100
11/04/2015 13:15	193	164	144	77	578	4	100
11/04/2015 13:20	181	159	147	87	574	4	100
11/04/2015 13:25	178	155	132	64	529	4	100
11/04/2015 13:30	177	156	146	77	556	4	100
11/04/2015 13:35	187	164	159	61	571	4	100
11/04/2015 13:40	174	165	142	77	558	4	100
11/04/2015 13:45	179	157	139	84	559	4	100
11/04/2015 13:50	189	170	137	92	588	4	100
11/04/2015 13:55	187	162	129	90	568	4	100
11/04/2015 14:00	176	155	133	113	577	4	100
11/04/2015 14:05	172	163	142	120	597	4	100
11/04/2015 14:10	165	163	142	109	579	4	100
11/04/2015 14:15	178	160	124	119	581	4	100
11/04/2015 14:20	164	154	143	116	577	4	100
11/04/2015 14:25	164	145	121	135	565	4	100
11/04/2015 14:30	164	140	132	124	560	4	100
11/04/2015 14:35	170	155	121	135	581	4	100
11/04/2015 14:40	111	120	105	117	453	4	100
11/04/2015 14:45	118	114	94	132	458	4	100
11/04/2015 14:50	147	136	132	136	551	4	100
11/04/2015 14:55	168	155	140	139	602	4	100
11/04/2015 15:00	165	162	132	130	589	4	100
11/04/2015 15:05	166	155	124	125	570	4	100
11/04/2015 15:10	181	152	136	140	609	4	100
11/04/2015 15:15	162	142	124	133	561	4	100
11/04/2015 15:20	122	108	100	122	452	4	100
11/04/2015 15:25	146	149	118	115	528	4	100
11/04/2015 15:30	134	127	121	130	512	4	100
11/04/2015 15:35	141	140	124	131	536	4	100
11/04/2015 15:40	152	146	139	131	568	4	100
11/04/2015 15:45	134	108	86	126	454	4	100
11/04/2015 15:50	137	116	102	128	483	4	100
11/04/2015 15:55	144	140	139	122	545	4	100
11/04/2015 16:00	125	119	101	126	471	4	100
11/04/2015 16:05	150	144	115	124	533	4	100
11/04/2015 16:10	87	86	84	88	345	4	100
11/04/2015 16:15	112	117	94	105	428	4	100
11/04/2015 16:20	150	142	110	131	533	4	100
11/04/2015 16:25	163	143	137	133	576	4	100
11/04/2015 16:30	147	142	120	126	535	4	100
11/04/2015 16:35	119	126	100	127	472	4	100
11/04/2015 16:40	100	96	80	99	375	4	100
11/04/2015 16:45	148	140	129	126	543	4	100
11/04/2015 16:50	148	129	115	116	508	4	100
11/04/2015 16:55	127	118	94	110	449	4	100
11/04/2015 17:00	90	82	68	84	324	4	100
11/04/2015 17:05	137	132	111	121	501	4	100
11/04/2015 17:10	167	150	136	129	582	4	100
11/04/2015 17:15	127	111	89	113	440	4	100
11/04/2015 17:20	152	136	115	120	523	4	100
11/04/2015 17:25	130	112	94	114	450	4	100
11/04/2015 17:30	107	92	84	87	370	4	100
11/04/2015 17:35	149	141	123	118	531	4	100
11/04/2015 17:40	144	127	114	124	509	4	100
11/04/2015 17:45	127	117	102	111	457	4	100
11/04/2015 17:50	134	130	106	120	490	4	100
11/04/2015 17:55	132	132	104	126	494	4	100
11/04/2015 18:00	137	144	112	134	527	4	100
11/04/2015 18:05	126	121	97	111	455	4	100
11/04/2015 18:10	136	142	105	123	506	4	100
11/04/2015 18:15	149	151	121	122	543	4	100
11/04/2015 18:20	123	111	98	112	444	4	100
11/04/2015 18:25	127	114	111	119	471	4	100
11/04/2015 18:30	150	147	127	124	548	4	100
11/04/2015 18:35	132	135	112	133	512	4	100
11/04/2015 18:40	146	133	97	128	504	4	100
11/04/2015 18:45	141	128	104	120	493	4	100
11/04/2015 18:50	129	124	107	113	473	4	100
11/04/2015 18:55	140	126	100	115	481	4	100
11/04/2015 19:00	141	131	127	139	538	4	100
11/04/2015 19:05	156	159	130	122	567	4	100
11/04/2015 19:10	164	148	130	130	572	4	100
11/04/2015 19:15	168	158	143	119	588	4	100
11/04/2015 19:20	134	125	118	106	483	4	100
11/04/2015 19:25	165	138	144	108	555	4	100
11/04/2015 19:30	162	151	125	120	558	4	100
11/04/2015 19:35	163	147	143	121	574	4	100
11/04/2015 19:40	154	147	133	136	570	4	100
11/04/2015 19:45	157	152	129	116	554	4	100
11/04/2015 19:50	164	159	132	108	563	4	100
11/04/2015 19:55	171	162	124	102	559	4	100
11/04/2015 20:00	159	144	122	94	519	4	100
11/04/2015 20:05	165	162	132	100	559	4	100
11/04/2015 20:10	163	138	132	90	523	4	100
11/04/2015 20:15	161	164	128	105	558	4	100
11/04/2015 20:20	147	136	132	77	492	4	100
11/04/2015 20:25	173	152	144	70	539	4	100
11/04/2015 20:30	129	126	134	56	445	4	100
11/04/2015 20:35	147	129	129	44	449	4	100
11/04/2015 20:40	142	128	125	53	448	4	100
11/04/2015 20:45	141	136	125	50	452	4	100
11/04/2015 20:50	137	132	114	36	419	4	100
11/04/2015 20:55	111	117	114	36	378	4	100
11/04/2015 21:00	112	96	121	33	362	4	100
11/04/2015 21:05	115	117	108	29	369	4	100
11/04/2015 21:10	110	114	106	24	354	4	100
11/04/2015 21:15	113	122	113	34	382	4	100
11/04/2015 21:20	124	118	108	33	383	4	100
11/04/2015 21:25	120	103	99	28	350	4	100
11/04/2015 21:30	127	114	112	28	381	4	100
11/04/2015 21:35	111	97	103	25	336	4	100
11/04/2015 21:40	112	122	110	22	366	4	100
11/04/2015 21:45	100	104	107	27	338	4	100
11/04/2015 21:50	89	103	103	21	316	4	100
11/04/2015 21:55	113	126	105	18	362	4	100
11/04/2015 22:00	84	90	84	26	284	4	100
11/04/2015 22:05	111	107	105	24	347	4	100
11/04/2015 22:10	113	112	107	27	359	4	100
11/04/2015 22:15	111	120	108	21	360	4	100
11/04/2015 22:20	79	86	97	20	282	4	100
11/04/2015 22:25	81	93	87	17	278	4	100
11/04/2015 22:30	95	101	89	16	301	4	100
11/04/2015 22:35	83	100	86	17	286	4	100
11/04/2015 22:40	80	94	78	10	262	4	100
11/04/2015 22:45	74	81	73	9	237	4	100
11/04/2015 22:50	73	93	74	11	251	4	100
11/04/2015 22:55	57	70	72	8	207	4	100
11/04/2015 23:00	70	84	75	12	241	4	100
11/04/2015 23:05	58	87	76	10	231	4	100
11/04/2015 23:10	50	68	83	10	211	4	100
11/04/2015 23:15	67	68	68	10	213	4	100
11/04/2015 23:20	62	69	71	8	210	4	100
11/04/2015 23:25	57	72	70	5	204	4	100
11/04/2015 23:30	33	53	55	8	149	4	100
11/04/2015 23:35	51	58	58	2	169	4	100
11/04/2015 23:40	48	66	62	4	180	4	100
11/04/2015 23:45	42	61	59	3	165	4	100
11/04/2015 23:50	51	60	51	5	167	4	100
11/04/2015 23:55	34	48	46	1	129	4	100
11/05/2015 00:00	32	37	44	7	120	4	100
11/05/2015 00:05	33	51	57	1	142	4	100
11/05/2015 00:10	36	57	63	4	160	4	100
11/05/2015 00:15	34	50	55	0	139	4	100
11/05/2015 00:20	49	58	60	8	175	4	100
11/05/2015 00:25	27	53	48	1	129	4	100
11/05/2015 00:30	22	35	38	2	97	4	100
11/05/2015 00:35	18	44	62	2	126	4	100
11/05/2015 00:40	26	32	45	3	106	4	100
11/05/2015 00:45	22	40	43	1	106	4	100
11/05/2015 00:50	9	32	37	1	79	4	100
11/05/2015 00:55	12	31	38	2	83	4	100
11/05/2015 01:00	14	23	28	0	65	4	100
11/05/2015 01:05	12	28	29	0	69	4	100
11/05/2015 01:10	12	28	31	0	71	4	100
11/05/2015 01:15	10	20	23	2	55	4	100
11/05/2015 01:20	19	31	30	0	80	4	100
11/05/2015 01:25	13	28	23	0	64	4	100
11/05/2015 01:30	12	25	32	1	70	4	100
11/05/2015 01:35	20	26	25	1	72	4	100
11/05/2015 01:40	17	25	26	0	68	4	100
11/05/2015 01:45	11	24	28	1	64	4	100
11/05/2015 01:50	12	16	21	0	49	4	100
11/05/2015 01:55	12	21	21	1	55	4	100
11/05/2015 02:00	7	11	19	0	37	4	100
11/05/2015 02:05	5	14	25	0	44	4	100
11/05/2015 02:10	8	14	18	0	40	4	100
11/05/2015 02:15	9	21	24	0	54	4	100
11/05/2015 02:20	10	15	17	1	43	4	100
11/05/2015 02:25	5	12	20	0	37	4	100
11/05/2015 02:30	6	19	17	1	43	4	100
11/05/2015 02:35	9	13	15	0	37	4	100
11/05/2015 02:40	3	17	22	0	42	4	100
11/05/2015 02:45	7	19	21	0	47	4	100
11/05/2015 02:50	4	15	16	0	35	4	100
11/05/2015 02:55	8	13	16	0	37	4	100
11/05/2015 03:00	7	13	14	1	35	4	100
11/05/2015 03:05	2	15	14	0	31	4	100
11/05/2015 03:10	7	14	16	0	37	4	100
11/05/2015 03:15	6	13	18	0	37	4	100
11/05/2015 03:20	6	16	14	0	36	4	100
11/05/2015 03:25	4	17	21	0	42	4	100
11/05/2015 03:30	12	19	15	0	46	4	100
11/05/2015 03:35	7	17	22	0	46	4	100
11/05/2015 03:40	9	15	16	0	40	4	100
11/05/2015 03:45	8	17	20	0	45	4	100
11/05/2015 03:50	7	15	24	0	46	4	100
11/05/2015 03:55	10	18	20	0	48	4	100
11/05/2015 04:00	12	18	18	0	48	4	100
11/05/2015 04:05	12	17	16	0	45	4	100
11/05/2015 04:10	9	20	27	1	57	4	100
11/05/2015 04:15	13	19	31	0	63	4	100
11/05/2015 04:20	12	23	23	1	59	4	100
11/05/2015 04:25	20	30	32	0	82	4	100
11/05/2015 04:30	15	26	26	0	67	4	100
11/05/2015 04:35	36	34	42	4	116	4	100
11/05/2015 04:40	24	44	32	0	100	4	100
11/05/2015 04:45	30	43	35	0	108	4	100
11/05/2015 04:50	34	40	36	5	115	4	100
11/05/2015 04:55	34	54	43	2	133	4	100
11/05/2015 05:00	30	50	39	6	125	4	100
11/05/2015 05:05	43	43	48	3	137	4	100
11/05/2015 05:10	58	68	46	7	179	4	100
11/05/2015 05:15	58	69	50	15	192	4	100
11/05/2015 05:20	56	70	58	16	200	4	100
11/05/2015 05:25	69	72	70	13	224	4	100
11/05/2015 05:30	75	79	68	20	242	4	100
11/05/2015 05:35	88	95	74	14	271	4	100
11/05/2015 05:40	107	103	89	22	321	4	100
11/05/2015 05:45	105	107	73	14	299	4	100
11/05/2015 05:50	124	114	85	21	344	4	100
11/05/2015 05:55	102	86	69	22	279	4	100
11/05/2015 06:00	111	80	71	15	277	4	100
11/05/2015 06:05	100	111	75	22	308	4	100
11/05/2015 06:10	127	109	79	27	342	4	100
11/05/2015 06:15	132	105	89	23	349	4	100
11/05/2015 06:20	113	108	90	29	340	4	100
11/05/2015 06:25	136	123	100	22	381	4	100
11/05/2015 06:30	127	113	93	22	355	4	100
11/05/2015 06:35	149	132	102	31	414	4	100
11/05/2015 06:40	144	135	118	23	420	4	100
11/05/2015 06:45	138	135	110	28	411	4	100
11/05/2015 06:50	157	158	110	24	449	4	100
11/05/2015 06:55	132	113	107	26	378	4	100
11/05/2015 07:00	139	141	127	29	436	4	100
11/05/2015 07:05	138	134	116	27	415	4	100
11/05/2015 07:10	172	150	120	43	485	4	100
11/05/2015 07:15	183	163	146	41	533	4	100
11/05/2015 07:20	209	174	147	52	582	4	100
11/05/2015 07:25	201	185	152	60	598	4	100
11/05/2015 07:30	209	192	143	63	607	4	100
11/05/2015 07:35	197	177	153	69	596	4	100
11/05/2015 07:40	180	163	134	70	547	4	100
11/05/2015 07:45	166	144	120	65	495	4	100
11/05/2015 07:50	192	161	132	87	572	4	100
11/05/2015 07:55	193	171	141	93	598	4	100
11/05/2015 08:00	191	184	136	74	585	4	100
11/05/2015 08:05	186	151	130	67	534	4	100
11/05/2015 08:10	169	146	122	88	525	4	100
11/05/2015 08:15	176	147	134	70	527	4	100
11/05/2015 08:20	178	163	120	79	540	4	100
11/05/2015 08:25	176	161	127	94	558	4	100
11/05/2015 08:30	195	170	124	64	553	4	100
11/05/2015 08:35	181	171	131	63	546	4	100
11/05/2015 08:40	185	170	128	90	573	4	100
11/05/2015 08:45	191	169	132	80	572	4	100
11/05/2015 08:50	161	148	117	60	486	4	100
11/05/2015 08:55	178	154	112	60	504	4	100
11/05/2015 09:00	186	146	121	44	497	4	100
11/05/2015 09:05	147	125	108	35	415	4	100
11/05/2015 09:10	132	106	101	38	377	4	100
11/05/2015 09:15	139	131	103	34	407	4	100
11/05/2015 09:20	149	142	114	43	448	4	100
11/05/2015 09:25	163	123	120	43	449	4	100
11/05/2015 09:30	108	99	98	26	331	4	100
11/05/2015 09:35	113	107	103	29	352	4	100
11/05/2015 09:40	134	127	116	39	416	4	100
11/05/2015 09:45	158	131	122	34	445	4	100
11/05/2015 09:50	138	131	118	40	427	4	100
11/05/2015 09:55	149	134	120	34	437	4	100
11/05/2015 10:00	142	126	127	34	429	4	100
11/05/2015 10:05	137	129	108	33	407	4	100
11/05/2015 10:10	139	127	111	29	406	4	100
11/05/2015 10:15	143	139	113	40	435	4	100
11/05/2015 10:20	157	152	108	42	459	4	100
11/05/2015 10:25	152	136	126	37	451	4	100
11/05/2015 10:30	154	146	127	41	468	4	100
11/05/2015 10:35	137	148	125	52	462	4	100
11/05/2015 10:40	147	141	122	48	458	4	100
11/05/2015 10:45	159	138	114	58	469	4	100
11/05/2015 10:50	136	133	121	42	432	4	100
11/05/2015 10:55	167	133	114	37	451	4	100
11/05/2015 11:00	132	136	120	44	432	4	100
11/05/2015 11:05	165	138	133	59	495	4	100
11/05/2015 11:10	132	137	126	52	447	4	100
11/05/2015 11:15	160	151	125	56	492	4	100
11/05/2015 11:20	173	156	128	57	514	4	100
11/05/2015 11:25	145	141	107	52	445	4	100
11/05/2015 11:30	148	147	127	41	463	4	100
11/05/2015 11:35	147	148	129	53	477	4	100
11/05/2015 11:40	168	159	133	63	523	4	100
11/05/2015 11:45	174	150	122	79	525	4	100
11/05/2015 11:50	178	146	124	70	518	4	100
11/05/2015 11:55	173	143	126	68	510	4	100
11/05/2015 12:00	170	157	120	54	501	4	100
11/05/2015 12:05	190	156	137	55	538	4	100
11/05/2015 12:10	174	140	138	66	518	4	100
11/05/2015 12:15	180	159	134	71	544	4	100
11/05/2015 12:20	167	160	135	68	530	4	100
11/05/2015 12:25	174	157	148	45	524	4	100
11/05/2015 12:30	176	157	141	74	548	4	100
11/05/2015 12:35	175	170	142	73	560	4	100
11/05/2015 12:40	189	159	137	83	568	4	100
11/05/2015 12:45	192	155	137	81	565	4	100
11/05/2015 12:50	181	144	132	80	537	4	100
11/05/2015 12:55	173	157	131	87	548	4	100
11/05/2015 13:00	177	158	126	90	551	4	100
11/05/2015 13:05	186	157	132	74	549	4	100
11/05/2015 13:10	176	162	121	65	524	4	100
11/05/2015 13:15	205	168	167	103	643	4	100
11/05/2015 13:20	180	168	145	57	550	4	100
11/05/2015 13:25	177	162	137	72	548	4	100
11/05/2015 13:30	164	169	138	85	556	4	100
11/05/2015 13:35	191	174	146	89	600	4	100
11/05/2015 13:40	178	153	133	79	543	4	100
11/05/2015 13:45	161	147	127	101	536	4	100
11/05/2015 13:50	175	153	122	119	569	4	100
11/05/2015 13:55	180	160	133	124	597	4	100
11/05/2015 14:00	164	148	133	112	557	4	100
11/05/2015 14:05	176	160	125	121	582	4	100
11/05/2015 14:10	169	151	143	126	589	4	100
11/05/2015 14:15	185	151	128	131	595	4	100
11/05/2015 14:20	157	154	121	121	553	4	100
11/05/2015 14:25	143	135	133	136	547	4	100
11/05/2015 14:30	170	152	123	141	586	4	100
11/05/2015 14:35	170	158	131	126	585	4	100
11/05/2015 14:40	169	152	137	128	586	4	100
11/05/2015 14:45	140	134	121	130	525	4	100
11/05/2015 14:50	134	119	107	138	498	4	100
11/05/2015 14:55	132	120	119	121	492	4	100
11/05/2015 15:00	134	134	112	128	508	4	100
11/05/2015 15:05	132	120	103	126	481	4	100
11/05/2015 15:10	142	126	113	133	514	4	100
11/05/2015 15:15	139	138	118	132	527	4	100
11/05/2015 15:20	134	138	135	129	536	4	100
11/05/2015 15:25	142	134	106	129	511	4	100
11/05/2015 15:30	99	89	73	95	356	4	100
11/05/2015 15:35	97	96	77	87	357	4	100
11/05/2015 15:40	135	132	134	123	524	4	100
11/05/2015 15:45	135	117	100	126	478	4	100
11/05/2015 15:50	119	113	100	111	443	4	100
11/05/2015 15:55	134	122	114	124	494	4	100
11/05/2015 16:00	138	128	123	124	513	4	100
11/05/2015 16:05	134	128	104	122	488	4	100
11/05/2015 16:10	120	131	105	109	465	4	100
11/05/2015 16:15	93	94	67	81	335	4	100
11/05/2015 16:20	116	121	106	97	440	4	100
11/05/2015 16:25	133	133	118	118	502	4	100
11/05/2015 16:30	114	115	101	117	447	4	100
11/05/2015 16:35	105	98	85	91	379	4	100
11/05/2015 16:40	146	141	128	128	543	4	100
11/05/2015 16:45	129	118	107	110	464	4	100
11/05/2015 16:50	111	91	87	112	401	4	100
11/05/2015 16:55	116	109	88	114	427	4	100
11/05/2015 17:00	126	131	98	124	479	4	100
11/05/2015 17:05	132	125	118	103	478	4	100
11/05/2015 17:10	109	93	84	97	383	4	100
11/05/2015 17:15	121	110	104	118	453	4	100
11/05/2015 17:20	105	85	71	98	359	4	100
11/05/2015 17:25	102	95	90	92	379	4	100
11/05/2015 17:30	139	132	115	124	510	4	100
11/05/2015 17:35	106	104	95	105	410	4	100
11/05/2015 17:40	112	112	105	102	431	4	100
11/05/2015 17:45	135	134	111	121	501	4	100
11/05/2015 17:50	113	117	91	109	430	4	100
11/05/2015 17:55	110	102	87	98	397	4	100
11/05/2015 18:00	113	100	90	106	409	4	100
11/05/2015 18:05	116	105	82	123	426	4	100
11/05/2015 18:10	114	115	91	131	451	4	100
11/05/2015 18:15	126	121	114	97	458	4	100
11/05/2015 18:20	104	99	82	96	381	4	100
11/05/2015 18:25	140	143	122	126	531	4	100
11/05/2015 18:30	122	110	108	108	448	4	100
11/05/2015 18:35	114	109	88	102	413	4	100
11/05/2015 18:40	125	113	93	118	449	4	100
11/05/2015 18:45	114	106	82	105	407	4	100
11/05/2015 18:50	118	119	99	126	462	4	100
11/05/2015 18:55	135	135	101	133	504	4	100
11/05/2015 19:00	136	117	92	123	468	4	100
11/05/2015 19:05	139	135	105	120	499	4	100
11/05/2015 19:10	155	156	120	124	555	4	100
11/05/2015 19:15	140	136	122	107	505	4	100
11/05/2015 19:20	121	123	105	113	462	4	100
11/05/2015 19:25	124	124	107	113	468	4	100
11/05/2015 19:30	141	134	117	137	529	4	100
11/05/2015 19:35	130	133	108	116	487	4	100
11/05/2015 19:40	166	148	125	120	559	4	100
11/05/2015 19:45	132	123	114	120	489	4	100
11/05/2015 19:50	150	134	129	123	536	4	100
11/05/2015 19:55	168	144	128	123	563	4	100
11/05/2015 20:00	134	126	90	112	462	4	100
11/05/2015 20:05	144	148	108	124	524	4	100
11/05/2015 20:10	162	152	112	116	542	4	100
11/05/2015 20:15	153	159	132	129	573	4	100
11/05/2015 20:20	162	142	128	117	549	4	100
11/05/2015 20:25	155	150	132	106	543	4	100
11/05/2015 20:30	179	152	135	120	586	4	100
11/05/2015 20:35	158	141	130	95	524	4	100
11/05/2015 20:40	166	148	138	83	535	4	100
11/05/2015 20:45	151	135	135	49	470	4	100
11/05/2015 20:50	154	137	111	68	470	4	100
11/05/2015 20:55	139	125	124	47	435	4	100
11/05/2015 21:00	138	126	118	36	418	4	100
11/05/2015 21:05	125	115	108	74	422	4	100
11/05/2015 21:10	114	104	93	70	381	4	100
11/05/2015 21:15	158	143	117	82	500	4	100
11/05/2015 21:20	136	137	124	52	449	4	100
11/05/2015 21:25	115	114	112	32	373	4	100
11/05/2015 21:30	125	118	117	27	387	4	100
11/05/2015 21:35	112	104	103	28	347	4	100
11/05/2015 21:40	134	129	121	43	427	4	100
11/05/2015 21:45	115	118	110	30	373	4	100
11/05/2015 21:50	110	114	110	33	367	4	100
11/05/2015 21:55	118	114	98	39	369	4	100
11/05/2015 22:00	123	109	100	31	363	4	100
11/05/2015 22:05	104	108	116	29	357	4	100
11/05/2015 22:10	125	132	115	35	407	4	100
11/05/2015 22:15	118	116	114	24	372	4	100
11/05/2015 22:20	116	107	107	25	355	4	100
11/05/2015 22:25	98	110	94	25	327	4	100
11/05/2015 22:30	91	86	99	25	301	4	100
11/05/2015 22:35	111	105	102	29	347	4	100
11/05/2015 22:40	101	110	105	19	335	4	100
11/05/2015 22:45	88	94	79	10	271	4	100
11/05/2015 22:50	89	79	83	19	270	4	100
11/05/2015 22:55	91	94	89	20	294	4	100
11/05/2015 23:00	73	79	76	8	236	4	100
11/05/2015 23:05	63	89	86	9	247	4	100
11/05/2015 23:10	68	93	90	12	263	4	100
11/05/2015 23:15	83	83	86	7	259	4	100
11/05/2015 23:20	56	74	77	11	218	4	100
11/05/2015 23:25	63	69	64	7	203	4	100
11/05/2015 23:30	55	59	67	6	187	4	100
11/05/2015 23:35	69	78	73	8	228	4	100
11/05/2015 23:40	49	54	50	12	165	4	100
11/05/2015 23:45	52	56	60	6	174	4	100
11/05/2015 23:50	52	71	49	7	179	4	100
11/05/2015 23:55	42	75	57	4	178	4	100
11/06/2015 00:00	39	46	48	3	136	4	100
11/06/2015 00:05	39	50	47	3	139	4	100
11/06/2015 00:10	49	75	65	3	192	4	100
11/06/2015 00:15	43	59	63	3	168	4	100
11/06/2015 00:20	31	51	59	2	143	4	100
11/06/2015 00:25	53	62	55	2	172	4	100
11/06/2015 00:30	29	38	42	5	114	4	100
11/06/2015 00:35	33	45	46	5	129	4	100
11/06/2015 00:40	29	44	49	3	125	4	100
11/06/2015 00:45	28	35	41	3	107	4	100
11/06/2015 00:50	24	30	29	3	86	4	100
11/06/2015 00:55	23	36	45	4	108	4	100
11/06/2015 01:00	22	31	44	2	99	4	100
11/06/2015 01:05	33	40	42	2	117	4	100
11/06/2015 01:10	19	42	47	2	110	4	100
11/06/2015 01:15	21	43	35	3	102	4	100
11/06/2015 01:20	18	30	43	2	93	4	100
11/06/2015 01:25	25	36	42	4	107	4	100
11/06/2015 01:30	16	37	44	1	98	4	100
11/06/2015 01:35	18	29	27	0	74	4	100
11/06/2015 01:40	20	26	31	2	79	4	100
11/06/2015 01:45	26	30	33	1	90	4	100
11/06/2015 01:50	16	30	31	1	78	4	100
11/06/2015 01:55	12	22	25	2	61	4	100
11/06/2015 02:00	13	24	29	0	66	4	100
11/06/2015 02:05	8	21	30	1	60	4	100
11/06/2015 02:10	12	17	21	0	50	4	100
11/06/2015 02:15	15	23	20	0	58	4	100
11/06/2015 02:20	14	21	21	0	56	4	100
11/06/2015 02:25	17	22	16	0	55	4	100
11/06/2015 02:30	10	20	27	1	58	4	100
11/06/2015 02:35	6	15	14	0	35	4	100
11/06/2015 02:40	15	26	22	2	65	4	100
11/06/2015 02:45	8	16	25	0	49	4	100
11/06/2015 02:50	6	17	21	0	44	4	100
11/06/2015 02:55	9	10	18	0	37	4	100
11/06/2015 03:00	4	12	21	1	38	4	100
11/06/2015 03:05	2	13	11	0	26	4	100
11/06/2015 03:10	5	12	13	0	30	4	100
11/06/2015 03:15	0	19	23	0	42	4	100
11/06/2015 03:20	12	12	15	1	40	4	100
11/06/2015 03:25	6	17	15	0	38	4	100
11/06/2015 03:30	6	15	19	0	40	4	100
11/06/2015 03:35	8	16	11	0	35	4	100
11/06/2015 03:40	9	18	26	0	53	4	100
11/06/2015 03:45	8	17	19	0	44	4	100
11/06/2015 03:50	7	18	25	0	50	4	100
11/06/2015 03:55	10	8	15	0	33	4	100
11/06/2015 04:00	8	14	26	0	48	4	100
11/06/2015 04:05	10	19	19	0	48	4	100
11/06/2015 04:10	14	23	27	0	64	4	100
11/06/2015 04:15	8	25	26	3	62	4	100
11/06/2015 04:20	16	25	21	1	63	4	100
11/06/2015 04:25	19	25	19	4	67	4	100
11/06/2015 04:30	14	27	31	0	72	4	100
11/06/2015 04:35	28	36	39	1	104	4	100
11/06/2015 04:40	37	42	36	2	117	4	100
11/06/2015 04:45	31	42	35	2	110	4	100
11/06/2015 04:50	24	35	42	3	104	4	100
11/06/2015 04:55	32	44	40	6	122	4	100
11/06/2015 05:00	26	47	35	1	109	4	100
11/06/2015 05:05	30	39	36	6	111	4	100
11/06/2015 05:10	42	50	48	4	144	4	100
11/06/2015 05:15	62	71	57	13	203	4	100
11/06/2015 05:20	58	59	51	11	179	4	100
11/06/2015 05:25	86	77	53	9	225	4	100
11/06/2015 05:30	74	67	66	13	220	4	100
11/06/2015 05:35	84	87	63	29	263	4	100
11/06/2015 05:40	112	99	78	17	306	4	100
11/06/2015 05:45	116	100	87	24	327	4	100
11/06/2015 05:50	100	94	80	26	300	4	100
11/06/2015 05:55	87	95	64	20	266	4	100
11/06/2015 06:00	86	85	74	19	264	4	100
11/06/2015 06:05	86	87	78	16	267	4	100
11/06/2015 06:10	113	101	81	33	328	4	100
11/06/2015 06:15	117	105	86	18	326	4	100
11/06/2015 06:20	120	119	103	30	372	4	100
11/06/2015 06:25	113	102	85	30	330	4	100
11/06/2015 06:30	120	107	89	33	349	4	100
11/06/2015 06:35	150	125	108	27	410	4	100
11/06/2015 06:40	135	127	111	37	410	4	100
11/06/2015 06:45	138	131	123	31	423	4	100
11/06/2015 06:50	129	127	121	33	410	4	100
11/06/2015 06:55	138	137	111	29	415	4	100
11/06/2015 07:00	139	132	108	31	410	4	100
11/06/2015 07:05	160	144	124	32	460	4	100
11/06/2015 07:10	162	135	119	49	465	4	100
11/06/2015 07:15	160	153	133	39	485	4	100
11/06/2015 07:20	184	180	150	51	565	4	100
11/06/2015 07:25	195	159	141	44	539	4	100
11/06/2015 07:30	200	173	142	64	579	4	100
11/06/2015 07:35	198	164	149	68	579	4	100
11/06/2015 07:40	182	168	135	92	577	4	100
11/06/2015 07:45	190	176	142	82	590	4	100
11/06/2015 07:50	183	167	132	66	548	4	100
11/06/2015 07:55	167	140	114	61	482	4	100
11/06/2015 08:00	179	155	133	58	525	4	100
11/06/2015 08:05	203	174	131	63	571	4	100
11/06/2015 08:10	188	169	135	56	548	4	100
11/06/2015 08:15	179	153	122	59	513	4	100
11/06/2015 08:20	193	162	134	66	555	4	100
11/06/2015 08:25	188	167	129	60	544	4	100
11/06/2015 08:30	171	167	133	46	517	4	100
11/06/2015 08:35	175	151	143	53	522	4	100
11/06/2015 08:40	162	145	122	51	480	4	100
11/06/2015 08:45	166	153	139	46	504	4	100
11/06/2015 08:50	161	146	131	49	487	4	100
11/06/2015 08:55	150	138	117	45	450	4	100
11/06/2015 09:00	138	123	122	50	433	4	100
11/06/2015 09:05	129	109	101	44	383	4	100
11/06/2015 09:10	147	139	112	43	441	4	100
11/06/2015 09:15	143	146	128	60	477	4	100
11/06/2015 09:20	170	156	136	45	507	4	100
11/06/2015 09:25	155	144	130	48	477	4	100
11/06/2015 09:30	149	128	119	48	444	4	100
11/06/2015 09:35	166	135	105	46	452	4	100
11/06/2015 09:40	159	141	122	52	474	4	100
11/06/2015 09:45	165	146	114	60	485	4	100
11/06/2015 09:50	179	145	119	57	500	4	100
11/06/2015 09:55	134	128	118	51	431	4	100
11/06/2015 10:00	136	150	128	60	474	4	100
11/06/2015 10:05	146	128	118	58	450	4	100
11/06/2015 10:10	154	134	104	50	442	4	100
11/06/2015 10:15	141	124	114	40	419	4	100
11/06/2015 10:20	145	138	119	59	461	4	100
11/06/2015 10:25	155	143	136	46	480	4	100
11/06/2015 10:30	156	145	117	57	475	4	100
11/06/2015 10:35	162	158	125	51	496	4	100
11/06/2015 10:40	151	149	123	64	487	4	100
11/06/2015 10:45	153	158	134	65	510	4	100
11/06/2015 10:50	168	149	127	58	502	4	100
11/06/2015 10:55	160	152	137	63	512	4	100
11/06/2015 11:00	158	157	137	59	511	4	100
11/06/2015 11:05	147	140	122	50	459	4	100
11/06/2015 11:10	143	142	106	66	457	4	100
11/06/2015 11:15	172	158	132	84	546	4	100
11/06/2015 11:20	173	150	144	71	538	4	100
11/06/2015 11:25	180	158	152	76	566	4	100
11/06/2015 11:30	177	144	132	63	516	4	100
11/06/2015 11:35	179	170	147	76	572	4	100
11/06/2015 11:40	173	154	139	69	535	4	100
11/06/2015 11:45	175	163	150	78	566	4	100
11/06/2015 11:50	120	118	115	58	411	4	100
11/06/2015 11:55	178	155	145	91	569	4	100
11/06/2015 12:00	173	162	153	85	573	4	100
11/06/2015 12:05	190	167	150	88	595	4	100
11/06/2015 12:10	183	159	134	86	562	4	100
11/06/2015 12:15	216	183	152	104	655	4	100
11/06/2015 12:20	188	161	137	87	573	4	100
11/06/2015 12:25	176	164	137	90	567	4	100
11/06/2015 12:30	181	161	133	96	571	4	100
11/06/2015 12:35	168	150	134	106	558	4	100
11/06/2015 12:40	178	152	133	111	574	4	100
11/06/2015 12:45	179	158	138	113	588	4	100
11/06/2015 12:50	168	151	123	96	538	4	100
11/06/2015 12:55	163	147	135	112	557	4	100
11/06/2015 13:00	168	147	127	111	553	4	100
11/06/2015 13:05	154	142	116	138	550	4	100
11/06/2015 13:10	169	139	133	120	561	4	100
11/06/2015 13:15	177	147	125	121	570	4	100
11/06/2015 13:20	167	156	131	127	581	4	100
11/06/2015 13:25	161	150	128	132	571	4	100
11/06/2015 13:30	166	149	127	127	569	4	100
11/06/2015 13:35	119	119	103	127	468	4	100
11/06/2015 13:40	140	150	122	134	546	4	100
11/06/2015 13:45	139	144	123	133	539	4	100
11/06/2015 13:50	129	128	103	139	499	4	100
11/06/2015 13:55	116	136	111	112	475	4	100
11/06/2015 14:00	165	140	135	136	576	4	100
11/06/2015 14:05	173	165	133	134	605	4	100
11/06/2015 14:10	158	148	124	130	560	4	100
11/06/2015 14:15	151	154	120	131	556	4	100
11/06/2015 14:20	172	151	129	137	589	4	100
11/06/2015 14:25	156	135	119	124	534	4	100
11/06/2015 14:30	156	154	125	137	572	4	100
11/06/2015 14:35	114	119	93	115	441	4	100
11/06/2015 14:40	154	136	114	128	532	4	100
11/06/2015 14:45	137	130	114	134	515	4	100
11/06/2015 14:50	138	131	121	127	517	4	100
11/06/2015 14:55	133	146	117	122	518	4	100
11/06/2015 15:00	128	110	103	118	459	4	100
11/06/2015 15:05	137	139	112	121	509	4	100
11/06/2015 15:10	139	142	120	121	522	4	100
11/06/2015 15:15	113	115	112	97	437	4	100
11/06/2015 15:20	129	119	103	119	470	4	100
11/06/2015 15:25	108	100	83	96	387	4	100
11/06/2015 15:30	117	114	108	107	446	4	100
11/06/2015 15:35	127	122	113	105	467	4	100
11/06/2015 15:40	107	102	88	95	392	4	100
11/06/2015 15:45	145	128	115	124	512	4	100
11/06/2015 15:50	121	117	107	107	452	4	100
11/06/2015 15:55	128	124	112	120	484	4	100
11/06/2015 16:00	131	131	125	120	507	4	100
11/06/2015 16:05	136	149	126	122	533	4	100
11/06/2015 16:10	137	137	111	110	495	4	100
11/06/2015 16:15	99	91	81	84	355	4	100
11/06/2015 16:20	143	126	129	124	522	4	100
11/06/2015 16:25	156	158	137	121	572	4	100
11/06/2015 16:30	155	147	130	127	559	4	100
11/06/2015 16:35	119	115	102	83	419	4	100
11/06/2015 16:40	157	156	135	124	572	4	100
11/06/2015 16:45	163	142	126	106	537	4	100
11/06/2015 16:50	141	132	110	126	509	4	100
11/06/2015 16:55	139	125	124	114	502	4	100
11/06/2015 17:00	156	144	127	120	547	4	100
11/06/2015 17:05	159	148	142	127	576	4	100
11/06/2015 17:10	159	144	129	112	544	4	100
11/06/2015 17:15	166	147	142	130	585	4	100
11/06/2015 17:20	142	143	123	120	528	4	100
11/06/2015 17:25	155	144	128	131	558	4	100
11/06/2015 17:30	153	147	136	115	551	4	100
11/06/2015 17:35	154	146	143	116	559	4	100
11/06/2015 17:40	154	147	127	125	553	4	100
11/06/2015 17:45	147	142	126	115	530	4	100
11/06/2015 17:50	153	137	117	127	534	4	100
11/06/2015 17:55	130	130	111	117	488	4	100
11/06/2015 18:00	130	131	122	131	514	4	100
11/06/2015 18:05	108	96	81	111	396	4	100
11/06/2015 18:10	133	117	104	107	461	4	100
11/06/2015 18:15	147	135	131	120	533	4	100
11/06/2015 18:20	150	142	126	124	542	4	100
11/06/2015 18:25	162	154	131	128	575	4	100
11/06/2015 18:30	157	155	122	122	556	4	100
11/06/2015 18:35	127	120	114	108	469	4	100
11/06/2015 18:40	137	134	122	114	507	4	100
11/06/2015 18:45	138	123	110	113	484	4	100
11/06/2015 18:50	154	137	130	135	556	4	100
11/06/2015 18:55	155	142	155	131	583	4	100
11/06/2015 19:00	160	149	136	133	578	4	100
11/06/2015 19:05	139	126	122	112	499	4	100
11/06/2015 19:10	144	136	116	117	513	4	100
11/06/2015 19:15	156	145	148	125	574	4	100
11/06/2015 19:20	159	144	120	114	537	4	100
11/06/2015 19:25	162	148	136	125	571	4	100
11/06/2015 19:30	160	145	127	128	560	4	100
11/06/2015 19:35	159	144	142	112	557	4	100
11/06/2015 19:40	142	123	113	83	461	4	100
11/06/2015 19:45	166	141	121	112	540	4	100
11/06/2015 19:50	143	134	125	101	503	4	100
11/06/2015 19:55	166	139	126	120	551	4	100
11/06/2015 20:00	156	151	132	109	548	4	100
11/06/2015 20:05	158	139	137	84	518	4	100
11/06/2015 20:10	172	153	141	118	584	4	100
11/06/2015 20:15	160	151	143	98	552	4	100
11/06/2015 20:20	158	154	143	85	540	4	100
11/06/2015 20:25	165	157	135	99	556	4	100
11/06/2015 20:30	155	155	124	87	521	4	100
11/06/2015 20:35	154	148	135	105	542	4	100
11/06/2015 20:40	148	142	130	95	515	4	100
11/06/2015 20:45	143	144	138	81	506	4	100
11/06/2015 20:50	118	116	104	63	401	4	100
11/06/2015 20:55	168	136	126	77	507	4	100
11/06/2015 21:00	123	123	113	59	418	4	100
11/06/2015 21:05	121	119	102	59	401	4	100
11/06/2015 21:10	136	121	113	67	437	4	100
11/06/2015 21:15	133	136	108	63	440	4	100
11/06/2015 21:20	144	125	121	64	454	4	100
11/06/2015 21:25	101	115	101	64	381	4	100
11/06/2015 21:30	135	125	110	58	428	4	100
11/06/2015 21:35	127	106	112	26	371	4	100
11/06/2015 21:40	109	110	116	38	373	4	100
11/06/2015 21:45	105	106	102	38	351	4	100
11/06/2015 21:50	111	106	111	33	361	4	100
11/06/2015 21:55	113	115	107	42	377	4	100
11/06/2015 22:00	91	108	97	28	324	4	100
11/06/2015 22:05	112	124	113	45	394	4	100
11/06/2015 22:10	126	116	121	42	405	4	100
11/06/2015 22:15	120	113	101	49	383	4	100
11/06/2015 22:20	104	107	112	37	360	4	100
11/06/2015 22:25	96	114	98	37	345	4	100
11/06/2015 22:30	111	99	118	26	354	4	100
11/06/2015 22:35	100	95	103	29	327	4	100
11/06/2015 22:40	96	87	101	25	309	4	100
11/06/2015 22:45	105	110	104	25	344	4	100
11/06/2015 22:50	80	101	83	26	290	4	100
11/06/2015 22:55	97	99	93	28	317	4	100
11/06/2015 23:00	79	100	94	26	299	4	100
11/06/2015 23:05	90	95	108	27	320	4	100
11/06/2015 23:10	96	82	82	21	281	4	100
11/06/2015 23:15	88	101	101	17	307	4	100
11/06/2015 23:20	83	89	100	20	292	4	100
11/06/2015 23:25	73	85	93	28	279	4	100
11/06/2015 23:30	78	84	80	13	255	4	100
11/06/2015 23:35	91	93	77	22	283	4	100
11/06/2015 23:40	70	81	76	14	241	4	100
11/06/2015 23:45	62	83	73	17	235	4	100
11/06/2015 23:50	65	77	72	9	223	4	100
11/06/2015 23:55	62	64	67	12	205	4	100
11/07/2015 00:00	62	65	79	12	218	4	100
11/07/2015 00:05	58	70	74	7	209	4	100
11/07/2015 00:10	58	75	73	9	215	4	100
11/07/2015 00:15	56	77	69	10	212	4	100
11/07/2015 00:20	59	66	74	10	209	4	100
11/07/2015 00:25	42	56	60	6	164	4	100
11/07/2015 00:30	53	53	58	13	177	4	100
11/07/2015 00:35	27	58	52	3	140	4	100
11/07/2015 00:40	44	46	75	6	171	4	100
11/07/2015 00:45	43	66	44	6	159	4	100
11/07/2015 00:50	43	47	52	9	151	4	100
11/07/2015 00:55	29	40	40	4	113	4	100
11/07/2015 01:00	33	48	53	3	137	4	100
11/07/2015 01:05	33	49	44	4	130	4	100
11/07/2015 01:10	46	52	49	4	151	4	100
11/07/2015 01:15	37	48	49	5	139	4	100
11/07/2015 01:20	24	43	42	4	113	4	100
11/07/2015 01:25	19	37	37	2	95	4	100
11/07/2015 01:30	30	35	37	2	104	4	100
11/07/2015 01:35	29	28	38	3	98	4	100
11/07/2015 01:40	25	37	48	2	112	4	100
11/07/2015 01:45	31	37	43	2	113	4	100
11/07/2015 01:50	22	37	32	3	94	4	100
11/07/2015 01:55	12	19	25	1	57	4	100
11/07/2015 02:00	20	27	32	1	80	4	100
11/07/2015 02:05	23	31	36	1	91	4	100
11/07/2015 02:10	25	34	28	4	91	4	100
11/07/2015 02:15	24	36	37	3	100	4	100
11/07/2015 02:20	26	39	31	9	105	4	100
11/07/2015 02:25	19	27	35	0	81	4	100
11/07/2015 02:30	24	21	31	0	76	4	100
11/07/2015 02:35	24	31	28	1	84	4	100
11/07/2015 02:40	23	26	29	2	80	4	100
11/07/2015 02:45	12	31	39	1	83	4	100
11/07/2015 02:50	19	23	25	3	70	4	100
11/07/2015 02:55	11	23	23	1	58	4	100
11/07/2015 03:00	19	34	21	1	75	4	100
11/07/2015 03:05	15	20	16	1	52	4	100
11/07/2015 03:10	12	24	24	1	61	4	100
11/07/2015 03:15	19	20	24	1	64	4	100
11/07/2015 03:20	9	20	23	0	52	4	100
11/07/2015 03:25	11	13	19	1	44	4	100
11/07/2015 03:30	8	18	23	0	49	4	100
11/07/2015 03:35	9	17	23	1	50	4	100
11/07/2015 03:40	7	13	18	0	38	4	100
11/07/2015 03:45	7	18	17	0	42	4	100
11/07/2015 03:50	7	20	26	1	54	4	100
11/07/2015 03:55	10	18	18	0	46	4	100
11/07/2015 04:00	6	12	18	1	37	4	100
11/07/2015 04:05	9	13	18	0	40	4	100
11/07/2015 04:10	5	12	17	1	35	4	100
11/07/2015 04:15	4	19	16	0	39	4	100
11/07/2015 04:20	17	26	23	2	68	4	100
11/07/2015 04:25	18	27	18	0	63	4	100
11/07/2015 04:30	13	25	23	3	64	4	100
11/07/2015 04:35	14	18	26	3	61	4	100
11/07/2015 04:40	18	27	31	2	78	4	100
11/07/2015 04:45	18	31	29	1	79	4	100
11/07/2015 04:50	22	26	23	1	72	4	100
11/07/2015 04:55	20	22	24	1	67	4	100
11/07/2015 05:00	9	33	28	2	72	4	100
11/07/2015 05:05	19	27	24	1	71	4	100
11/07/2015 05:10	21	35	32	2	90	4	100
11/07/2015 05:15	24	34	31	5	94	4	100
11/07/2015 05:20	24	36	43	5	108	4	100
11/07/2015 05:25	26	38	42	3	109	4	100
11/07/2015 05:30	29	35	36	7	107	4	100
11/07/2015 05:35	31	40	36	1	108	4	100
11/07/2015 05:40	41	45	60	2	148	4	100
11/07/2015 05:45	38	49	51	11	149	4	100
11/07/2015 05:50	44	64	51	8	167	4	100
11/07/2015 05:55	27	37	35	2	101	4	100
11/07/2015 06:00	43	53	39	12	147	4	100
11/07/2015 06:05	37	59	44	9	149	4	100
11/07/2015 06:10	43	58	42	19	162	4	100
11/07/2015 06:15	54	61	58	17	190	4	100
11/07/2015 06:20	53	60	61	23	197	4	100
11/07/2015 06:25	74	78	55	22	229	4	100
11/07/2015 06:30	58	77	51	13	199	4	100
11/07/2015 06:35	62	74	65	16	217	4	100
11/07/2015 06:40	86	85	71	26	268	4	100
11/07/2015 06:45	75	78	83	13	249	4	100
11/07/2015 06:50	82	95	81	15	273	4	100
11/07/2015 06:55	80	96	89	9	274	4	100
11/07/2015 07:00	81	89	90	4	264	4	100
11/07/2015 07:05	80	111	85	10	286	4	100
11/07/2015 07:10	94	103	87	33	317	4	100
11/07/2015 07:15	84	95	100	34	313	4	100
11/07/2015 07:20	100	101	85	31	317	4	100
11/07/2015 07:25	108	106	97	41	352	4	100
11/07/2015 07:30	108	111	87	43	349	4	100
11/07/2015 07:35	90	80	100	60	330	4	100
11/07/2015 07:40	106	107	93	85	391	4	0
11/07/2015 07:45	128	129	108	55	420	4	100
11/07/2015 07:50	119	120	103	53	395	4	100
11/07/2015 07:55	115	112	106	51	384	4	100
11/07/2015 08:00	97	101	81	43	322	4	100
11/07/2015 08:05	111	121	104	49	385	4	100
11/07/2015 08:10	131	131	100	62	424	4	100
11/07/2015 08:15	128	121	113	63	425	4	100
11/07/2015 08:20	101	107	106	44	358	4	100
11/07/2015 08:25	130	139	109	51	429	4	100
11/07/2015 08:30	133	138	113	65	449	4	100
11/07/2015 08:35	138	116	118	71	443	4	100
11/07/2015 08:40	150	155	129	69	503	4	100
11/07/2015 08:45	141	154	130	67	492	4	100
11/07/2015 08:50	156	143	140	68	507	4	100
11/07/2015 08:55	148	130	134	69	481	4	100
11/07/2015 09:00	148	135	120	75	478	4	100
11/07/2015 09:05	131	133	129	65	458	4	100
11/07/2015 09:10	142	136	100	62	440	4	100
11/07/2015 09:15	154	126	121	72	473	4	100
11/07/2015 09:20	143	137	118	81	479	4	100
11/07/2015 09:25	186	157	147	97	587	4	100
11/07/2015 09:30	153	152	131	73	509	4	100
11/07/2015 09:35	154	150	122	94	520	4	100
11/07/2015 09:40	168	159	133	95	555	4	100
11/07/2015 09:45	157	157	138	81	533	4	100
11/07/2015 09:50	167	153	134	84	538	4	100
11/07/2015 09:55	183	157	152	92	584	4	100
11/07/2015 10:00	173	150	146	98	567	4	100
11/07/2015 10:05	190	164	148	102	604	4	100
11/07/2015 10:10	175	152	137	83	547	4	100
11/07/2015 10:15	177	158	146	108	589	4	100
11/07/2015 10:20	153	140	136	103	532	4	100
11/07/2015 10:25	165	167	127	98	557	4	100
11/07/2015 10:30	171	149	146	113	579	4	100
11/07/2015 10:35	169	150	134	101	554	4	100
11/07/2015 10:40	174	152	138	106	570	4	100
11/07/2015 10:45	177	146	130	104	557	4	100
11/07/2015 10:50	177	161	146	99	583	4	100
11/07/2015 10:55	169	165	141	97	572	4	100
11/07/2015 11:00	164	168	147	116	595	4	100
11/07/2015 11:05	161	152	144	122	579	4	100
11/07/2015 11:10	176	161	145	108	590	4	100
11/07/2015 11:15	178	164	152	118	612	4	100
11/07/2015 11:20	175	152	150	107	584	4	100
11/07/2015 11:25	156	162	137	101	556	4	100
11/07/2015 11:30	179	158	155	128	620	4	100
11/07/2015 11:35	157	165	146	113	581	4	100
11/07/2015 11:40	159	127	126	114	526	4	100
11/07/2015 11:45	168	143	136	133	580	4	100
11/07/2015 11:50	150	141	144	138	573	4	100
11/07/2015 11:55	171	156	144	133	604	4	100
11/07/2015 12:00	173	153	137	133	596	4	100
11/07/2015 12:05	167	159	146	140	612	4	100
11/07/2015 12:10	177	146	140	128	591	4	100
11/07/2015 12:15	178	154	137	136	605	4	100
11/07/2015 12:20	160	142	129	138	569	4	100
11/07/2015 12:25	174	154	135	138	601	4	100
11/07/2015 12:30	174	145	142	129	590	4	100
11/07/2015 12:35	95	109	106	118	428	4	100
11/07/2015 12:40	95	96	99	108	398	4	100
11/07/2015 12:45	92	99	104	113	408	4	100
11/07/2015 12:50	91	111	117	101	420	4	100
11/07/2015 12:55	87	109	100	103	399	4	100
11/07/2015 13:00	86	92	109	111	398	4	100
11/07/2015 13:05	161	138	116	136	551	4	100
11/07/2015 13:10	166	150	127	135	578	4	100
11/07/2015 13:15	168	155	136	133	592	4	100
11/07/2015 13:20	152	147	134	130	563	4	100
11/07/2015 13:25	165	139	132	125	561	4	100
11/07/2015 13:30	159	142	135	138	574	4	100
11/07/2015 13:35	158	141	138	133	570	4	100
11/07/2015 13:40	153	134	133	131	551	4	100
11/07/2015 13:45	153	149	116	137	555	4	100
11/07/2015 13:50	165	158	153	142	618	4	100
11/07/2015 13:55	175	154	139	132	600	4	100
11/07/2015 14:00	160	145	133	136	574	4	100
11/07/2015 14:05	149	135	126	128	538	4	100
11/07/2015 14:10	139	139	112	117	507	4	100
11/07/2015 14:15	153	145	135	139	572	4	100
11/07/2015 14:20	169	152	145	135	601	4	100
11/07/2015 14:25	162	150	142	146	600	4	100
11/07/2015 14:30	168	149	140	128	585	4	100
11/07/2015 14:35	174	149	127	144	594	4	100
11/07/2015 14:40	164	147	142	132	585	4	100
11/07/2015 14:45	175	156	140	117	588	4	100
11/07/2015 14:50	169	153	136	130	588	4	100
11/07/2015 14:55	175	147	145	127	594	4	100
11/07/2015 15:00	163	142	134	122	561	4	100
11/07/2015 15:05	171	148	139	139	597	4	100
11/07/2015 15:10	168	141	134	125	568	4	100
11/07/2015 15:15	168	157	133	131	589	4	100
11/07/2015 15:20	162	158	134	127	581	4	100
11/07/2015 15:25	163	137	138	134	572	4	100
11/07/2015 15:30	159	138	142	141	580	4	100
11/07/2015 15:35	170	152	129	132	583	4	100
11/07/2015 15:40	165	152	146	129	592	4	100
11/07/2015 15:45	165	152	128	124	569	4	100
11/07/2015 15:50	157	149	135	130	571	4	100
11/07/2015 15:55	148	139	132	122	541	4	100
11/07/2015 16:00	146	142	129	119	536	4	100
11/07/2015 16:05	160	139	128	125	552	4	100
11/07/2015 16:10	155	146	133	136	570	4	100
11/07/2015 16:15	149	144	128	119	540	4	100
11/07/2015 16:20	164	144	142	131	581	4	100
11/07/2015 16:25	155	137	140	132	564	4	100
11/07/2015 16:30	150	145	132	134	561	4	100
11/07/2015 16:35	164	151	129	138	582	4	100
11/07/2015 16:40	167	156	133	117	573	4	100
11/07/2015 16:45	151	145	137	132	565	4	100
11/07/2015 16:50	158	142	129	130	559	4	100
11/07/2015 16:55	157	154	134	134	579	4	100
11/07/2015 17:00	154	154	134	133	575	4	100
11/07/2015 17:05	172	139	133	125	569	4	100
11/07/2015 17:10	153	136	130	120	539	4	100
11/07/2015 17:15	153	135	142	129	559	4	100
11/07/2015 17:20	153	142	131	130	556	4	100
11/07/2015 17:25	144	141	126	123	534	4	100
11/07/2015 17:30	153	139	128	132	552	4	100
11/07/2015 17:35	147	143	128	123	541	4	100
11/07/2015 17:40	144	139	123	127	533	4	100
11/07/2015 17:45	148	127	130	119	524	4	100
11/07/2015 17:50	141	128	133	119	521	4	100
11/07/2015 17:55	154	144	136	135	569	4	100
11/07/2015 18:00	149	142	139	108	538	4	100
11/07/2015 18:05	148	155	143	103	549	4	100
11/07/2015 18:10	154	154	146	110	564	4	100
11/07/2015 18:15	146	141	142	99	528	4	100
11/07/2015 18:20	152	143	132	98	525	4	100
11/07/2015 18:25	154	132	136	97	519	4	100
11/07/2015 18:30	148	148	133	113	542	4	100
11/07/2015 18:35	149	136	122	94	501	4	100
11/07/2015 18:40	136	145	128	96	505	4	100
11/07/2015 18:45	132	138	123	104	497	4	100
11/07/2015 18:50	147	134	137	99	517	4	100
11/07/2015 18:55	134	133	134	102	503	4	100
11/07/2015 19:00	150	131	129	91	501	4	100
11/07/2015 19:05	147	153	132	97	529	4	100
11/07/2015 19:10	144	134	123	89	490	4	100
11/07/2015 19:15	155	145	139	97	536	4	100
11/07/2015 19:20	140	124	116	87	467	4	100
11/07/2015 19:25	143	126	118	109	496	4	100
11/07/2015 19:30	139	119	127	79	464	4	100
11/07/2015 19:35	138	137	122	84	481	4	100
11/07/2015 19:40	141	119	111	81	452	4	100
11/07/2015 19:45	124	116	119	78	437	4	100
11/07/2015 19:50	119	100	117	82	418	4	100
11/07/2015 19:55	136	115	118	87	456	4	100
11/07/2015 20:00	113	118	106	86	423	4	100
11/07/2015 20:05	119	127	102	76	424	4	100
11/07/2015 20:10	125	128	108	78	439	4	100
11/07/2015 20:15	118	123	119	71	431	4	100
11/07/2015 20:20	112	108	107	74	401	4	100
11/07/2015 20:25	108	106	98	45	357	4	100
11/07/2015 20:30	115	107	112	53	387	4	100
11/07/2015 20:35	90	102	94	37	323	4	100
11/07/2015 20:40	110	123	107	61	401	4	100
11/07/2015 20:45	90	98	102	50	340	4	100
11/07/2015 20:50	71	87	90	35	283	4	100
11/07/2015 20:55	99	95	101	41	336	4	100
11/07/2015 21:00	85	88	96	37	306	4	100
11/07/2015 21:05	101	106	97	48	352	4	100
11/07/2015 21:10	80	80	87	31	278	4	100
11/07/2015 21:15	87	94	89	47	317	4	100
11/07/2015 21:20	90	106	89	43	328	4	100
11/07/2015 21:25	91	106	97	47	341	4	100
11/07/2015 21:30	95	89	87	44	315	4	100
11/07/2015 21:35	90	97	110	42	339	4	100
11/07/2015 21:40	82	91	92	38	303	4	100
11/07/2015 21:45	94	112	118	44	368	4	100
11/07/2015 21:50	93	95	95	40	323	4	100
11/07/2015 21:55	96	102	102	52	352	4	100
11/07/2015 22:00	98	104	108	38	348	4	100
11/07/2015 22:05	108	101	100	42	351	4	100
11/07/2015 22:10	107	105	128	40	380	4	100
11/07/2015 22:15	104	110	104	44	362	4	100
11/07/2015 22:20	77	87	104	38	306	4	100
11/07/2015 22:25	101	101	98	48	348	4	100
11/07/2015 22:30	105	103	94	44	346	4	100
11/07/2015 22:35	97	94	101	35	327	4	100
11/07/2015 22:40	80	87	88	34	289	4	100
11/07/2015 22:45	102	97	98	35	332	4	100
11/07/2015 22:50	75	73	84	35	267	4	100
11/07/2015 22:55	91	92	96	31	310	4	100
11/07/2015 23:00	96	104	99	37	336	4	100
11/07/2015 23:05	96	93	100	34	323	4	100
11/07/2015 23:10	99	83	87	33	302	4	100
11/07/2015 23:15	92	98	85	32	307	4	100
11/07/2015 23:20	85	99	90	28	302	4	100
11/07/2015 23:25	82	95	99	25	301	4	100
11/07/2015 23:30	69	82	80	23	254	4	100
11/07/2015 23:35	76	77	85	30	268	4	100
11/07/2015 23:40	64	88	76	24	252	4	100
11/07/2015 23:45	68	90	68	27	253	4	100
11/07/2015 23:50	71	78	87	23	259	4	100
11/07/2015 23:55	70	77	86	15	248	4	100
11/08/2015 00:00	62	67	75	17	221	4	100
11/08/2015 00:05	63	70	54	21	208	4	100
11/08/2015 00:10	54	71	75	18	218	4	100
11/08/2015 00:15	60	83	78	16	237	4	100
11/08/2015 00:20	66	74	69	19	228	4	100
11/08/2015 00:25	54	80	69	15	218	4	100
11/08/2015 00:30	58	69	51	16	194	4	100
11/08/2015 00:35	66	68	71	10	215	4	100
11/08/2015 00:40	47	71	56	6	180	4	100
11/08/2015 00:45	46	57	64	10	177	4	100
11/08/2015 00:50	42	47	61	15	165	4	100
11/08/2015 00:55	35	63	50	7	155	4	100
11/08/2015 01:00	40	53	53	12	158	4	100
11/08/2015 01:05	39	48	46	6	139	4	100
11/08/2015 01:10	30	47	48	9	134	4	100
11/08/2015 01:15	40	40	41	6	127	4	100
11/08/2015 01:20	30	39	44	5	118	4	100
11/08/2015 01:25	28	31	40	3	102	4	100
11/08/2015 01:30	15	35	40	7	97	4	100
11/08/2015 01:35	23	40	40	3	106	4	100
11/08/2015 01:40	33	37	42	6	118	4	100
11/08/2015 01:45	30	38	33	6	107	4	100
11/08/2015 01:50	31	33	28	4	96	4	100
11/08/2015 01:55	30	41	44	5	120	4	100
11/08/2015 02:00	29	35	41	5	110	4	100
11/08/2015 02:05	28	33	32	2	95	4	100
11/08/2015 02:10	17	31	33	5	86	4	100
11/08/2015 02:15	27	36	29	4	96	4	100
11/08/2015 02:20	25	31	33	6	95	4	100
11/08/2015 02:25	23	25	32	5	85	4	100
11/08/2015 02:30	32	30	26	4	92	4	100
11/08/2015 02:35	20	24	32	0	76	4	100
11/08/2015 02:40	25	23	28	1	77	4	100
11/08/2015 02:45	3	8	19	0	30	4	100
11/08/2015 02:50	27	32	29	4	92	4	100
11/08/2015 02:55	24	18	23	6	71	4	100
11/08/2015 03:00	15	25	21	2	63	4	100
11/08/2015 03:05	12	25	27	2	66	4	100
11/08/2015 03:10	16	21	24	1	62	4	100
11/08/2015 03:15	11	19	16	2	48	4	100
11/08/2015 03:20	14	19	24	4	61	4	100
11/08/2015 03:25	17	22	19	1	59	4	100
11/08/2015 03:30	14	15	15	2	46	4	100
11/08/2015 03:35	13	13	27	2	55	4	100
11/08/2015 03:40	16	22	18	0	56	4	100
11/08/2015 03:45	6	19	23	0	48	4	100
11/08/2015 03:50	14	20	22	1	57	4	100
11/08/2015 03:55	13	19	18	0	50	4	100
11/08/2015 04:00	12	11	14	0	37	4	100
11/08/2015 04:05	10	15	26	0	51	4	100
11/08/2015 04:10	12	18	22	0	52	4	100
11/08/2015 04:15	8	27	22	0	57	4	100
11/08/2015 04:20	10	16	23	1	50	4	100
11/08/2015 04:25	7	20	23	0	50	4	100
11/08/2015 04:30	12	20	23	1	56	4	100
11/08/2015 04:35	14	25	27	0	66	4	100
11/08/2015 04:40	9	20	24	0	53	4	100
11/08/2015 04:45	11	13	25	1	50	4	100
11/08/2015 04:50	12	25	22	0	59	4	100
11/08/2015 04:55	11	21	22	0	54	4	100
11/08/2015 05:00	9	20	18	0	47	4	100
11/08/2015 05:05	13	19	20	0	52	4	100
11/08/2015 05:10	8	17	20	1	46	4	100
11/08/2015 05:15	11	23	26	1	61	4	100
11/08/2015 05:20	15	28	27	2	72	4	100
11/08/2015 05:25	19	36	29	1	85	4	100
11/08/2015 05:30	22	27	38	4	91	4	100
11/08/2015 05:35	15	41	32	2	90	4	100
11/08/2015 05:40	21	32	35	2	90	4	100
11/08/2015 05:45	23	39	42	5	109	4	100
11/08/2015 05:50	22	38	29	2	91	4	100
11/08/2015 05:55	16	27	27	1	71	4	100
11/08/2015 06:00	29	42	34	4	109	4	100
11/08/2015 06:05	24	38	36	4	102	4	100
11/08/2015 06:10	35	44	37	1	117	4	100
11/08/2015 06:15	28	45	42	5	120	4	100
11/08/2015 06:20	29	51	36	13	129	4	100
11/08/2015 06:25	42	46	48	16	152	4	100
11/08/2015 06:30	30	45	47	10	132	4	100
11/08/2015 06:35	52	55	55	11	173	4	100
11/08/2015 06:40	35	55	48	15	153	4	100
11/08/2015 06:45	41	59	58	12	170	4	100
11/08/2015 06:50	39	54	58	20	171	4	100
11/08/2015 06:55	38	52	55	13	158	4	100
11/08/2015 07:00	37	56	53	7	153	4	100
11/08/2015 07:05	45	53	51	9	158	4	100
11/08/2015 07:10	47	62	61	12	182	4	100
11/08/2015 07:15	45	65	75	19	204	4	100
11/08/2015 07:20	55	71	64	17	207	4	100
11/08/2015 07:25	55	71	66	16	208	4	100
11/08/2015 07:30	49	67	72	14	202	4	100
11/08/2015 07:35	62	72	78	19	231	4	100
11/08/2015 07:40	78	77	89	26	270	4	100
11/08/2015 07:45	69	74	79	15	237	4	100
11/08/2015 07:50	73	92	85	25	275	4	100
11/08/2015 07:55	73	81	75	25	254	4	100
11/08/2015 08:00	67	61	61	24	213	4	100
11/08/2015 08:05	70	80	65	27	242	4	100
11/08/2015 08:10	84	96	79	25	284	4	100
11/08/2015 08:15	76	90	83	29	278	4	100
11/08/2015 08:20	77	86	83	24	270	4	100
11/08/2015 08:25	84	102	89	30	305	4	100
11/08/2015 08:30	94	101	86	29	310	4	100
11/08/2015 08:35	74	93	95	33	295	4	100
11/08/2015 08:40	99	103	100	39	341	4	100
11/08/2015 08:45	105	101	109	30	345	4	100
11/08/2015 08:50	100	104	91	39	334	4	100
11/08/2015 08:55	88	87	84	34	293	4	100
11/08/2015 09:00	92	94	90	38	314	4	100
11/08/2015 09:05	110	110	99	40	359	4	100
11/08/2015 09:10	98	99	95	45	337	4	100
11/08/2015 09:15	123	120	113	60	416	4	100
11/08/2015 09:20	118	116	112	65	411	4	100
11/08/2015 09:25	113	127	111	55	406	4	100
11/08/2015 09:30	125	130	110	62	427	4	100
11/08/2015 09:35	129	129	113	58	429	4	100
11/08/2015 09:40	141	144	115	59	459	4	100
11/08/2015 09:45	141	139	121	52	453	4	100
11/08/2015 09:50	135	126	126	66	453	4	100
11/08/2015 09:55	149	135	124	54	462	4	100
11/08/2015 10:00	131	129	130	65	455	4	100
11/08/2015 10:05	124	124	122	52	422	4	100
11/08/2015 10:10	143	138	139	73	493	4	100
11/08/2015 10:15	160	144	126	89	519	4	100
11/08/2015 10:20	165	161	140	87	553	4	100
11/08/2015 10:25	142	136	127	80	485	4	100
11/08/2015 10:30	149	135	131	86	501	4	100
11/08/2015 10:35	137	138	127	64	466	4	100
11/08/2015 10:40	158	138	147	104	547	4	100
11/08/2015 10:45	155	147	126	82	510	4	100
11/08/2015 10:50	147	151	130	92	520	4	100
11/08/2015 10:55	164	155	139	88	546	4	100
11/08/2015 11:00	144	125	124	77	470	4	100
11/08/2015 11:05	140	155	116	87	498	4	100
11/08/2015 11:10	134	134	141	94	503	4	100
11/08/2015 11:15	151	153	137	93	534	4	100
11/08/2015 11:20	157	142	129	76	504	4	100
11/08/2015 11:25	157	154	139	86	536	4	100
11/08/2015 11:30	177	166	165	100	608	4	100
11/08/2015 11:35	163	134	140	78	515	4	100
11/08/2015 11:40	166	163	138	105	572	4	100
11/08/2015 11:45	154	141	136	80	511	4	100
11/08/2015 11:50	151	134	132	86	503	4	100
11/08/2015 11:55	169	155	124	111	559	4	100
11/08/2015 12:00	163	153	158	109	583	4	100
11/08/2015 12:05	152	149	138	83	522	4	100
11/08/2015 12:10	148	139	119	79	485	4	100
11/08/2015 12:15	168	151	139	99	557	4	100
11/08/2015 12:20	138	144	138	85	505	4	100
11/08/2015 12:25	136	144	142	90	512	4	100
11/08/2015 12:30	168	135	144	92	539	4	100
11/08/2015 12:35	170	152	146	93	561	4	100
11/08/2015 12:40	151	143	144	85	523	4	100
11/08/2015 12:45	146	135	127	90	498	4	100
11/08/2015 12:50	160	147	130	78	515	4	100
11/08/2015 12:55	175	151	150	100	576	4	100
11/08/2015 13:00	138	136	130	77	481	4	100
11/08/2015 13:05	141	136	145	83	505	4	100
11/08/2015 13:10	167	153	146	114	580	4	100
11/08/2015 13:15	164	145	149	111	569	4	100
11/08/2015 13:20	189	160	153	120	622	4	100
11/08/2015 13:25	181	157	160	106	604	4	100
11/08/2015 13:30	174	152	137	107	570	4	100
11/08/2015 13:35	175	160	152	106	593	4	100
11/08/2015 13:40	171	143	157	115	586	4	100
11/08/2015 13:45	157	149	138	107	551	4	100
11/08/2015 13:50	181	155	166	110	612	4	100
11/08/2015 13:55	176	142	147	112	577	4	100
11/08/2015 14:00	161	155	145	104	565	4	100
11/08/2015 14:05	161	145	132	96	534	4	100
11/08/2015 14:10	158	151	150	112	571	4	100
11/08/2015 14:15	157	157	143	119	576	4	100
11/08/2015 14:20	175	172	152	127	626	4	100
11/08/2015 14:25	182	161	139	128	610	4	100
11/08/2015 14:30	185	162	149	118	614	4	100
11/08/2015 14:35	166	150	137	107	560	4	100
11/08/2015 14:40	183	147	139	120	589	4	100
11/08/2015 14:45	166	147	143	113	569	4	100
11/08/2015 14:50	179	144	140	126	589	4	100
11/08/2015 14:55	170	147	142	116	575	4	100
11/08/2015 15:00	181	148	144	124	597	4	100
11/08/2015 15:05	158	138	141	120	557	4	100
11/08/2015 15:10	169	147	146	127	589	4	100
11/08/2015 15:15	161	157	129	128	575	4	100
11/08/2015 15:20	182	146	139	120	587	4	100
11/08/2015 15:25	173	142	136	103	554	4	100
11/08/2015 15:30	174	144	139	120	577	4	100
11/08/2015 15:35	166	149	139	132	586	4	100
11/08/2015 15:40	187	146	138	132	603	4	100
11/08/2015 15:45	168	151	130	119	568	4	100
11/08/2015 15:50	158	149	126	126	559	4	100
11/08/2015 15:55	160	148	132	129	569	4	100
11/08/2015 16:00	177	158	124	136	595	4	100
11/08/2015 16:05	175	148	136	131	590	4	100
11/08/2015 16:10	176	161	144	125	606	4	100
11/08/2015 16:15	178	140	132	121	571	4	100
11/08/2015 16:20	150	148	131	109	538	4	100
11/08/2015 16:25	160	143	131	102	536	4	100
11/08/2015 16:30	162	141	126	109	538	4	100
11/08/2015 16:35	158	153	142	103	556	4	100
11/08/2015 16:40	174	151	128	108	561	4	100
11/08/2015 16:45	168	152	135	95	550	4	100
11/08/2015 16:50	169	150	142	107	568	4	100
11/08/2015 16:55	150	151	146	107	554	4	100
11/08/2015 17:00	180	153	139	108	580	4	100
11/08/2015 17:05	167	144	142	110	563	4	100
11/08/2015 17:10	162	154	137	104	557	4	100
11/08/2015 17:15	163	150	143	112	568	4	100
11/08/2015 17:20	168	143	132	88	531	4	100
11/08/2015 17:25	143	139	135	87	504	4	100
11/08/2015 17:30	162	151	145	82	540	4	100
11/08/2015 17:35	136	138	138	105	517	4	100
11/08/2015 17:40	146	140	130	85	501	4	100
11/08/2015 17:45	140	131	126	98	495	4	100
11/08/2015 17:50	144	137	127	89	497	4	100
11/08/2015 17:55	146	139	115	92	492	4	100
11/08/2015 18:00	137	138	123	99	497	4	100
11/08/2015 18:05	136	147	132	92	507	4	100
11/08/2015 18:10	145	132	138	95	510	4	100
11/08/2015 18:15	132	134	125	81	472	4	100
11/08/2015 18:20	148	149	131	88	516	4	100
11/08/2015 18:25	149	142	134	76	501	4	100
11/08/2015 18:30	131	119	115	84	449	4	100
11/08/2015 18:35	155	134	126	94	509	4	100
11/08/2015 18:40	124	129	121	86	460	4	100
11/08/2015 18:45	129	115	105	75	424	4	100
11/08/2015 18:50	133	123	113	85	454	4	100
11/08/2015 18:55	130	116	109	83	438	4	100
11/08/2015 19:00	126	119	124	76	445	4	100
11/08/2015 19:05	114	109	108	72	403	4	100
11/08/2015 19:10	138	138	117	73	466	4	100
11/08/2015 19:15	125	110	114	75	424	4	100
11/08/2015 19:20	136	108	106	92	442	4	100
11/08/2015 19:25	121	133	121	77	452	4	100
11/08/2015 19:30	137	117	111	93	458	4	100
11/08/2015 19:35	106	110	99	71	386	4	100
11/08/2015 19:40	132	118	128	74	452	4	100
11/08/2015 19:45	130	126	136	77	469	4	100
11/08/2015 19:50	147	122	117	77	463	4	100
11/08/2015 19:55	147	135	95	86	463	4	100
11/08/2015 20:00	138	122	117	80	457	4	100
11/08/2015 20:05	115	112	103	68	398	4	100
11/08/2015 20:10	121	119	108	81	429	4	100
11/08/2015 20:15	120	109	108	70	407	4	100
11/08/2015 20:20	119	112	120	72	423	4	100
11/08/2015 20:25	143	127	121	69	460	4	100
11/08/2015 20:30	109	99	103	71	382	4	100
11/08/2015 20:35	106	99	90	52	347	4	100
11/08/2015 20:40	112	109	98	55	374	4	100
11/08/2015 20:45	120	114	92	52	378	4	100
11/08/2015 20:50	108	116	96	49	369	4	100
11/08/2015 20:55	107	98	92	55	352	4	100
11/08/2015 21:00	110	109	102	58	379	4	100
11/08/2015 21:05	109	106	89	51	355	4	100
11/08/2015 21:10	121	117	100	67	405	4	100
11/08/2015 21:15	105	111	93	43	352	4	100
11/08/2015 21:20	112	105	109	38	364	4	100
11/08/2015 21:25	115	110	98	57	380	4	100
11/08/2015 21:30	93	99	86	34	312	4	100
11/08/2015 21:35	103	110	98	40	351	4	100
11/08/2015 21:40	99	92	79	38	308	4	100
11/08/2015 21:45	114	116	98	42	370	4	100
11/08/2015 21:50	107	108	98	36	349	4	100
11/08/2015 21:55	100	90	92	28	310	4	100
11/08/2015 22:00	90	86	99	28	303	4	100
11/08/2015 22:05	105	98	94	33	330	4	100
11/08/2015 22:10	104	105	87	27	323	4	100
11/08/2015 22:15	92	92	84	29	297	4	100
11/08/2015 22:20	84	96	85	29	294	4	100
11/08/2015 22:25	88	82	95	23	288	4	100
11/08/2015 22:30	90	94	92	20	296	4	100
11/08/2015 22:35	78	92	78	20	268	4	100
11/08/2015 22:40	67	77	78	18	240	4	100
11/08/2015 22:45	69	84	91	14	258	4	100
11/08/2015 22:50	74	73	75	13	235	4	100
11/08/2015 22:55	70	70	88	16	244	4	100
11/08/2015 23:00	65	78	71	12	226	4	100
11/08/2015 23:05	65	73	71	14	223	4	100
11/08/2015 23:10	82	69	79	10	240	4	100
11/08/2015 23:15	73	77	89	14	253	4	100
11/08/2015 23:20	64	66	80	9	219	4	100
11/08/2015 23:25	72	83	68	13	236	4	100
11/08/2015 23:30	48	71	70	13	202	4	100
11/08/2015 23:35	56	63	77	6	202	4	100
11/08/2015 23:40	41	46	70	9	166	4	100
11/08/2015 23:45	55	69	55	9	188	4	100
11/08/2015 23:50	50	48	50	10	158	4	100
11/08/2015 23:55	36	44	45	7	132	4	100
