5 Minutes	Lane 1 Flow (Veh/5 Minutes)	Lane 2 Flow (Veh/5 Minutes)	Lane 3 Flow (Veh/5 Minutes)	Lane 4 Flow (Veh/5 Minutes)	Lane 5 Flow (Veh/5 Minutes)	Flow (Veh/5 Minutes)	# Lane Points	% Observed
11/02/2015 00:00	47	55	48	43	42	235	5	0
11/02/2015 00:05	42	51	45	40	39	217	5	0
11/02/2015 00:10	40	49	43	39	37	208	5	0
11/02/2015 00:15	52	60	53	47	45	257	5	0
11/02/2015 00:20	40	48	43	38	37	206	5	0
11/02/2015 00:25	34	44	39	35	33	185	5	0
11/02/2015 00:30	36	45	40	36	34	191	5	0
11/02/2015 00:35	41	50	44	39	38	212	5	0
11/02/2015 00:40	37	46	41	36	35	195	5	0
11/02/2015 00:45	30	40	36	31	31	168	5	0
11/02/2015 00:50	31	41	37	32	32	173	5	0
11/02/2015 00:55	28	38	34	30	29	159	5	0
11/02/2015 01:00	32	42	37	33	32	176	5	0
11/02/2015 01:05	27	37	33	29	28	154	5	0
11/02/2015 01:10	27	37	33	29	28	154	5	0
11/02/2015 01:15	23	34	30	26	26	139	5	0
11/02/2015 01:20	29	40	35	31	30	165	5	0
11/02/2015 01:25	21	32	29	25	25	132	5	0
11/02/2015 01:30	18	30	26	23	23	120	5	0
11/02/2015 01:35	27	37	33	29	28	154	5	0
11/02/2015 01:40	23	34	30	26	26	139	5	0
11/02/2015 01:45	26	36	32	28	27	149	5	0
11/02/2015 01:50	26	36	32	28	27	149	5	0
11/02/2015 01:55	23	34	30	27	26	140	5	0
11/02/2015 02:00	20	31	28	24	24	127	5	0
11/02/2015 02:05	21	32	29	25	25	132	5	0
11/02/2015 02:10	20	31	27	24	24	126	5	0
11/02/2015 02:15	17	29	26	22	22	116	5	0
11/02/2015 02:20	28	38	34	30	29	159	5	0
11/02/2015 02:25	20	31	28	24	24	127	5	0
11/02/2015 02:30	22	33	29	26	25	135	5	0
11/02/2015 02:35	25	36	32	28	27	148	5	0
11/02/2015 02:40	20	31	28	24	24	127	5	0
11/02/2015 02:45	22	33	29	26	25	135	5	0
11/02/2015 02:50	20	31	27	24	24	126	5	0
11/02/2015 02:55	21	32	28	25	25	131	5	0
11/02/2015 03:00	24	35	31	28	27	145	5	0
11/02/2015 03:05	21	32	28	25	24	130	5	0
11/02/2015 03:10	23	34	30	27	26	140	5	0
11/02/2015 03:15	24	35	31	27	27	144	5	0
11/02/2015 03:20	27	37	33	29	29	155	5	0
11/02/2015 03:25	24	35	31	27	27	144	5	0
11/02/2015 03:30	19	31	27	24	24	125	5	0
11/02/2015 03:35	22	33	29	25	25	134	5	0
11/02/2015 03:40	27	37	33	29	29	155	5	0
11/02/2015 03:45	27	37	33	29	28	154	5	0
11/02/2015 03:50	25	35	31	27	27	145	5	0
11/02/2015 03:55	27	37	33	29	29	155	5	0
11/02/2015 04:00	23	34	30	26	26	139	5	0
11/02/2015 04:05	26	37	32	29	28	152	5	0
11/02/2015 04:10	33	42	38	33	32	178	5	0
11/02/2015 04:15	40	49	44	39	37	209	5	0
11/02/2015 04:20	33	42	37	33	32	177	5	0
11/02/2015 04:25	40	49	44	39	37	209	5	0
11/02/2015 04:30	46	54	48	43	41	232	5	0
11/02/2015 04:35	47	55	49	43	42	236	5	0
11/02/2015 04:40	55	62	55	49	47	268	5	0
11/02/2015 04:45	67	72	64	57	54	314	5	0
11/02/2015 04:50	57	64	56	51	48	276	5	0
11/02/2015 04:55	56	63	56	50	48	273	5	0
11/02/2015 05:00	52	59	52	47	45	255	5	0
11/02/2015 05:05	56	62	55	49	47	269	5	0
11/02/2015 05:10	68	73	64	58	55	318	5	0
11/02/2015 05:15	75	79	70	63	60	347	5	0
11/02/2015 05:20	82	85	75	68	64	374	5	0
11/02/2015 05:25	100	101	88	80	75	444	5	0
11/02/2015 05:30	104	105	92	83	78	462	5	0
11/02/2015 05:35	104	105	92	83	79	463	5	0
11/02/2015 05:40	132	129	113	103	97	574	5	0
11/02/2015 05:45	133	130	114	103	97	577	5	0
11/02/2015 05:50	121	120	105	95	90	531	5	0
11/02/2015 05:55	117	116	101	92	87	513	5	0
11/02/2015 06:00	133	130	114	104	97	578	5	0
11/02/2015 06:05	132	130	114	104	98	578	5	0
11/02/2015 06:10	133	130	114	103	97	577	5	0
11/02/2015 06:15	139	135	119	108	101	602	5	0
11/02/2015 06:20	130	127	112	102	96	567	5	0
11/02/2015 06:25	134	130	114	104	98	580	5	0
11/02/2015 06:30	151	146	128	117	109	651	5	0
11/02/2015 06:35	143	139	122	111	104	619	5	0
11/02/2015 06:40	163	156	137	125	117	698	5	0
11/02/2015 06:45	162	156	138	125	118	699	5	0
11/02/2015 06:50	166	159	140	128	120	713	5	0
11/02/2015 06:55	156	151	133	121	113	674	5	0
11/02/2015 07:00	169	161	141	129	121	721	5	0
11/02/2015 07:05	176	168	148	135	126	753	5	0
11/02/2015 07:10	195	185	163	148	139	830	5	0
11/02/2015 07:15	185	176	155	141	132	789	5	0
11/02/2015 07:20	192	182	160	146	136	816	5	0
11/02/2015 07:25	204	193	169	154	144	864	5	0
11/02/2015 07:30	197	186	163	149	139	834	5	0
11/02/2015 07:35	198	187	164	150	140	839	5	0
11/02/2015 07:40	202	191	167	153	143	856	5	0
11/02/2015 07:45	190	180	158	144	135	807	5	0
11/02/2015 07:50	173	166	146	133	124	742	5	0
11/02/2015 07:55	183	174	152	139	130	778	5	0
11/02/2015 08:00	197	186	163	148	139	833	5	0
11/02/2015 08:05	175	167	147	134	125	748	5	0
11/02/2015 08:10	188	179	157	143	134	801	5	0
11/02/2015 08:15	189	179	157	143	134	802	5	0
11/02/2015 08:20	187	177	156	142	133	795	5	0
11/02/2015 08:25	186	176	155	141	132	790	5	0
11/02/2015 08:30	192	182	160	146	136	816	5	0
11/02/2015 08:35	174	167	146	133	125	745	5	0
11/02/2015 08:40	185	175	154	140	131	785	5	0
11/02/2015 08:45	180	171	150	137	128	766	5	0
11/02/2015 08:50	182	173	152	139	130	776	5	0
11/02/2015 08:55	166	159	140	127	119	711	5	0
11/02/2015 09:00	163	156	137	125	117	698	5	0
11/02/2015 09:05	168	160	141	128	120	717	5	0
11/02/2015 09:10	160	154	135	123	115	687	5	0
11/02/2015 09:15	154	148	130	118	111	661	5	0
11/02/2015 09:20	153	148	130	119	111	661	5	0
11/02/2015 09:25	157	151	133	121	113	675	5	0
11/02/2015 09:30	156	150	132	120	112	670	5	0
11/02/2015 09:35	149	144	127	115	108	643	5	0
11/02/2015 09:40	155	150	131	120	112	668	5	0
11/02/2015 09:45	157	151	133	121	114	676	5	0
11/02/2015 09:50	151	146	129	117	110	653	5	0
11/02/2015 09:55	143	138	121	110	103	615	5	0
11/02/2015 10:00	138	135	118	107	101	599	5	0
11/02/2015 10:05	133	130	115	104	98	580	5	0
11/02/2015 10:10	147	142	125	114	107	635	5	0
11/02/2015 10:15	127	125	110	100	94	556	5	0
11/02/2015 10:20	136	133	117	107	100	593	5	0
11/02/2015 10:25	148	143	125	114	107	637	5	0
11/02/2015 10:30	136	133	117	107	100	593	5	0
11/02/2015 10:35	132	129	113	102	96	572	5	0
11/02/2015 10:40	128	126	110	100	94	558	5	0
11/02/2015 10:45	151	146	128	116	109	650	5	0
11/02/2015 10:50	150	145	127	116	108	646	5	0
11/02/2015 10:55	130	128	112	102	96	568	5	0
11/02/2015 11:00	137	134	117	107	100	595	5	0
11/02/2015 11:05	124	122	107	98	92	543	5	0
11/02/2015 11:10	151	146	128	116	109	650	5	0
11/02/2015 11:15	147	142	125	113	106	633	5	0
11/02/2015 11:20	148	143	125	114	107	637	5	0
11/02/2015 11:25	139	135	119	108	101	602	5	0
11/02/2015 11:30	130	127	111	101	94	563	5	0
11/02/2015 11:35	134	131	115	104	98	582	5	0
11/02/2015 11:40	154	148	130	119	111	662	5	0
11/02/2015 11:45	129	126	111	101	94	561	5	0
11/02/2015 11:50	144	140	123	112	105	624	5	0
11/02/2015 11:55	144	139	122	111	104	620	5	0
11/02/2015 12:00	149	144	126	115	108	642	5	0
11/02/2015 12:05	147	142	125	114	107	635	5	0
11/02/2015 12:10	151	146	128	117	109	651	5	0
11/02/2015 12:15	149	144	126	115	108	642	5	0
11/02/2015 12:20	142	138	121	110	104	615	5	0
11/02/2015 12:25	146	142	124	113	106	631	5	0
11/02/2015 12:30	156	150	131	119	112	668	5	0
11/02/2015 12:35	159	153	134	122	114	682	5	0
11/02/2015 12:40	152	146	128	117	110	653	5	0
11/02/2015 12:45	128	126	110	100	94	558	5	0
11/02/2015 12:50	117	116	102	92	87	514	5	0
11/02/2015 12:55	116	116	102	92	87	513	5	0
11/02/2015 13:00	90	92	81	74	70	407	5	0
11/02/2015 13:05	143	138	121	110	103	615	5	0
11/02/2015 13:10	143	139	122	111	104	619	5	0
11/02/2015 13:15	147	143	125	114	107	636	5	0
11/02/2015 13:20	148	143	125	114	107	637	5	0
11/02/2015 13:25	148	143	126	114	107	638	5	0
11/02/2015 13:30	150	145	127	115	108	645	5	0
11/02/2015 13:35	152	147	128	117	110	654	5	0
11/02/2015 13:40	153	147	129	118	110	657	5	0
11/02/2015 13:45	153	147	129	118	110	657	5	0
11/02/2015 13:50	166	159	139	127	119	710	5	0
11/02/2015 13:55	160	153	134	122	115	684	5	0
11/02/2015 14:00	153	147	129	117	110	656	5	0
11/02/2015 14:05	162	155	135	123	115	690	5	0
11/02/2015 14:10	177	169	148	135	126	755	5	0
11/02/2015 14:15	154	149	131	119	111	664	5	0
11/02/2015 14:20	157	151	132	120	113	673	5	0
11/02/2015 14:25	164	157	137	125	117	700	5	0
11/02/2015 14:30	152	147	129	117	110	655	5	0
11/02/2015 14:35	159	153	134	122	114	682	5	0
11/02/2015 14:40	163	156	137	125	117	698	5	0
11/02/2015 14:45	153	147	129	118	110	657	5	0
11/02/2015 14:50	160	153	134	122	114	683	5	0
11/02/2015 14:55	148	143	125	114	107	637	5	0
11/02/2015 15:00	150	145	127	116	109	647	5	0
11/02/2015 15:05	142	138	121	110	104	615	5	0
11/02/2015 15:10	135	132	116	105	99	587	5	0
11/02/2015 15:15	148	143	126	115	107	639	5	0
11/02/2015 15:20	143	138	121	110	104	616	5	0
11/02/2015 15:25	137	134	118	107	100	596	5	0
11/02/2015 15:30	141	137	120	109	102	609	5	0
11/02/2015 15:35	141	137	120	109	102	609	5	0
11/02/2015 15:40	145	141	123	112	105	626	5	0
11/02/2015 15:45	139	136	119	108	102	604	5	0
11/02/2015 15:50	153	147	129	117	110	656	5	0
11/02/2015 15:55	144	140	122	111	104	621	5	0
11/02/2015 16:00	134	131	115	104	98	582	5	0
11/02/2015 16:05	135	132	116	105	99	587	5	0
11/02/2015 16:10	130	127	112	102	96	567	5	0
11/02/2015 16:15	150	145	127	116	109	647	5	0
11/02/2015 16:20	143	139	122	111	104	619	5	0
11/02/2015 16:25	139	136	119	108	102	604	5	0
11/02/2015 16:30	146	141	124	113	106	630	5	0
11/02/2015 16:35	146	142	124	113	106	631	5	0
11/02/2015 16:40	157	151	133	121	113	675	5	0
11/02/2015 16:45	146	142	125	114	107	634	5	0
11/02/2015 16:50	123	121	106	97	91	538	5	0
11/02/2015 16:55	126	124	109	99	93	551	5	0
11/02/2015 17:00	128	126	110	100	94	558	5	0
11/02/2015 17:05	141	137	120	109	103	610	5	0
11/02/2015 17:10	143	139	122	111	104	619	5	0
11/02/2015 17:15	130	127	111	101	95	564	5	0
11/02/2015 17:20	143	138	121	110	104	616	5	0
11/02/2015 17:25	136	132	116	106	99	589	5	0
11/02/2015 17:30	139	135	119	108	101	602	5	0
11/02/2015 17:35	139	135	119	108	101	602	5	0
11/02/2015 17:40	136	133	117	106	100	592	5	0
11/02/2015 17:45	123	121	106	96	91	537	5	0
11/02/2015 17:50	128	126	111	101	94	560	5	0
11/02/2015 17:55	141	138	121	110	103	613	5	0
11/02/2015 18:00	140	137	120	109	102	608	5	0
11/02/2015 18:05	137	134	118	107	101	597	5	0
11/02/2015 18:10	142	139	122	111	104	618	5	0
11/02/2015 18:15	149	144	126	115	108	642	5	0
11/02/2015 18:20	153	148	129	118	110	658	5	0
11/02/2015 18:25	129	127	112	101	95	564	5	0
11/02/2015 18:30	142	138	121	110	103	614	5	0
11/02/2015 18:35	145	140	123	112	105	625	5	0
11/02/2015 18:40	143	138	121	110	103	615	5	0
11/02/2015 18:45	149	144	126	115	108	642	5	0
11/02/2015 18:50	130	127	112	102	95	566	5	0
11/02/2015 18:55	132	129	113	103	97	574	5	0
11/02/2015 19:00	133	130	114	104	97	578	5	0
11/02/2015 19:05	151	146	128	117	109	651	5	0
11/02/2015 19:10	145	141	124	112	105	627	5	0
11/02/2015 19:15	156	150	131	120	112	669	5	0
11/02/2015 19:20	158	152	133	121	114	678	5	0
11/02/2015 19:25	152	147	129	117	110	655	5	0
11/02/2015 19:30	154	148	130	118	111	661	5	0
11/02/2015 19:35	161	155	136	124	116	692	5	0
11/02/2015 19:40	153	148	130	119	111	661	5	0
11/02/2015 19:45	156	151	132	120	113	672	5	0
11/02/2015 19:50	159	152	134	122	114	681	5	0
11/02/2015 19:55	162	155	137	124	117	695	5	0
11/02/2015 20:00	155	149	131	119	112	666	5	0
11/02/2015 20:05	156	150	132	120	113	671	5	0
11/02/2015 20:10	121	120	106	96	90	533	5	0
11/02/2015 20:15	113	113	99	90	85	500	5	0
11/02/2015 20:20	118	117	103	94	88	520	5	0
11/02/2015 20:25	122	121	106	96	91	536	5	0
11/02/2015 20:30	116	116	102	92	87	513	5	0
11/02/2015 20:35	106	107	94	85	81	473	5	0
11/02/2015 20:40	119	118	104	94	89	524	5	0
11/02/2015 20:45	107	108	95	86	81	477	5	0
11/02/2015 20:50	105	105	93	84	79	466	5	0
11/02/2015 20:55	89	91	80	73	69	402	5	0
11/02/2015 21:00	97	99	87	79	74	436	5	0
11/02/2015 21:05	103	104	91	83	78	459	5	0
11/02/2015 21:10	115	114	100	91	85	505	5	0
11/02/2015 21:15	99	101	89	81	76	446	5	0
11/02/2015 21:20	113	112	99	90	85	499	5	0
11/02/2015 21:25	110	110	97	88	83	488	5	0
11/02/2015 21:30	108	108	95	86	81	478	5	0
11/02/2015 21:35	92	94	82	75	70	413	5	0
11/02/2015 21:40	115	115	101	92	87	510	5	0
11/02/2015 21:45	108	108	95	86	81	478	5	0
11/02/2015 21:50	98	99	87	79	75	438	5	0
11/02/2015 21:55	95	97	86	78	73	429	5	0
11/02/2015 22:00	89	92	81	73	69	404	5	0
11/02/2015 22:05	88	90	80	72	68	398	5	0
11/02/2015 22:10	104	105	92	83	79	463	5	0
11/02/2015 22:15	100	102	90	81	77	450	5	0
11/02/2015 22:20	95	98	86	78	74	431	5	0
11/02/2015 22:25	89	92	81	73	69	404	5	0
11/02/2015 22:30	88	91	80	72	68	399	5	0
11/02/2015 22:35	83	87	76	69	65	380	5	0
11/02/2015 22:40	74	79	70	63	60	346	5	0
11/02/2015 22:45	73	77	68	61	58	337	5	0
11/02/2015 22:50	76	81	71	64	61	353	5	0
11/02/2015 22:55	66	72	63	57	54	312	5	0
11/02/2015 23:00	61	67	60	54	51	293	5	0
11/02/2015 23:05	60	66	59	53	50	288	5	0
11/02/2015 23:10	79	83	73	66	63	364	5	0
11/02/2015 23:15	74	79	70	63	60	346	5	0
11/02/2015 23:20	63	69	61	55	52	300	5	0
11/02/2015 23:25	49	57	50	45	43	244	5	0
11/02/2015 23:30	53	61	53	48	46	261	5	0
11/02/2015 23:35	42	51	45	40	39	217	5	0
11/02/2015 23:40	59	66	58	53	50	286	5	0
11/02/2015 23:45	60	67	59	53	51	290	5	0
11/02/2015 23:50	39	49	43	38	37	206	5	0
11/02/2015 23:55	49	57	50	45	43	244	5	0
11/03/2015 00:00	40	49	43	39	37	208	5	0
11/03/2015 00:05	43	51	45	40	39	218	5	0
11/03/2015 00:10	41	50	44	40	38	213	5	0
11/03/2015 00:15	46	54	48	43	41	232	5	0
11/03/2015 00:20	38	48	42	37	36	201	5	0
11/03/2015 00:25	36	45	40	36	34	191	5	0
11/03/2015 00:30	39	48	43	38	37	205	5	0
11/03/2015 00:35	30	40	36	32	31	169	5	0
11/03/2015 00:40	32	42	37	33	32	176	5	0
11/03/2015 00:45	33	43	38	34	33	181	5	0
11/03/2015 00:50	31	41	36	32	31	171	5	0
11/03/2015 00:55	32	42	38	33	32	177	5	0
11/03/2015 01:00	30	40	36	32	31	169	5	0
11/03/2015 01:05	25	35	31	28	27	146	5	0
11/03/2015 01:10	31	41	36	32	31	171	5	0
11/03/2015 01:15	22	34	30	26	26	138	5	0
11/03/2015 01:20	27	37	33	29	28	154	5	0
11/03/2015 01:25	24	35	31	27	27	144	5	0
11/03/2015 01:30	21	32	28	25	25	131	5	0
11/03/2015 01:35	23	34	31	27	26	141	5	0
11/03/2015 01:40	27	37	33	29	28	154	5	0
11/03/2015 01:45	23	34	31	27	26	141	5	0
11/03/2015 01:50	27	37	33	29	28	154	5	0
11/03/2015 01:55	21	32	29	25	25	132	5	0
11/03/2015 02:00	19	30	27	23	23	122	5	0
11/03/2015 02:05	25	36	32	28	27	148	5	0
11/03/2015 02:10	32	42	38	33	32	177	5	0
11/03/2015 02:15	27	38	34	30	29	158	5	0
11/03/2015 02:20	27	37	33	29	28	154	5	0
11/03/2015 02:25	22	33	29	26	25	135	5	0
11/03/2015 02:30	25	36	32	28	27	148	5	0
11/03/2015 02:35	23	34	31	27	26	141	5	0
11/03/2015 02:40	25	36	32	28	28	149	5	0
11/03/2015 02:45	23	34	30	26	26	139	5	0
11/03/2015 02:50	24	35	31	28	27	145	5	0
11/03/2015 02:55	21	32	28	25	24	130	5	0
11/03/2015 03:00	22	34	30	26	26	138	5	0
11/03/2015 03:05	20	32	28	25	24	129	5	0
11/03/2015 03:10	20	32	28	25	24	129	5	0
11/03/2015 03:15	21	32	29	25	25	132	5	0
11/03/2015 03:20	24	35	31	27	27	144	5	0
11/03/2015 03:25	19	30	27	23	23	122	5	0
11/03/2015 03:30	23	34	30	26	26	139	5	0
11/03/2015 03:35	24	35	31	28	27	145	5	0
11/03/2015 03:40	23	34	31	27	26	141	5	0
11/03/2015 03:45	25	36	32	28	27	148	5	0
11/03/2015 03:50	25	36	32	28	27	148	5	0
11/03/2015 03:55	28	38	34	30	29	159	5	0
11/03/2015 04:00	31	41	37	32	31	172	5	0
11/03/2015 04:05	27	37	33	29	29	155	5	0
11/03/2015 04:10	33	42	38	33	32	178	5	0
11/03/2015 04:15	32	42	37	33	32	176	5	0
11/03/2015 04:20	33	43	38	34	33	181	5	0
11/03/2015 04:25	37	46	41	37	35	196	5	0
11/03/2015 04:30	42	51	45	40	39	217	5	0
11/03/2015 04:35	55	62	55	49	47	268	5	0
11/03/2015 04:40	54	61	54	48	46	263	5	0
11/03/2015 04:45	54	61	54	48	46	263	5	0
11/03/2015 04:50	56	63	56	50	48	273	5	0
11/03/2015 04:55	54	61	54	48	46	263	5	0
11/03/2015 05:00	53	60	53	48	45	259	5	0
11/03/2015 05:05	56	63	56	50	48	273	5	0
11/03/2015 05:10	66	72	64	57	55	314	5	0
11/03/2015 05:15	76	81	71	64	61	353	5	0
11/03/2015 05:20	81	85	74	67	64	371	5	0
11/03/2015 05:25	90	93	81	74	69	407	5	0
11/03/2015 05:30	96	98	87	78	74	433	5	0
11/03/2015 05:35	99	101	88	80	76	444	5	0
11/03/2015 05:40	135	132	116	106	99	588	5	0
11/03/2015 05:45	122	120	106	96	90	534	5	0
11/03/2015 05:50	118	117	103	94	88	520	5	0
11/03/2015 05:55	110	110	96	87	82	485	5	0
11/03/2015 06:00	118	117	103	94	88	520	5	0
11/03/2015 06:05	119	117	103	94	88	521	5	0
11/03/2015 06:10	120	119	105	95	89	528	5	0
11/03/2015 06:15	137	134	117	107	100	595	5	0
11/03/2015 06:20	129	127	112	101	95	564	5	0
11/03/2015 06:25	134	131	115	105	98	583	5	0
11/03/2015 06:30	150	145	128	116	109	648	5	0
11/03/2015 06:35	142	138	121	110	103	614	5	0
11/03/2015 06:40	164	158	139	126	118	705	5	0
11/03/2015 06:45	161	155	136	124	116	692	5	0
11/03/2015 06:50	172	164	145	132	123	736	5	0
11/03/2015 06:55	139	136	120	109	102	606	5	0
11/03/2015 07:00	168	160	141	128	120	717	5	0
11/03/2015 07:05	173	166	146	133	125	743	5	0
11/03/2015 07:10	197	186	164	149	139	835	5	0
11/03/2015 07:15	192	182	159	145	136	814	5	0
11/03/2015 07:20	187	178	156	143	133	797	5	0
11/03/2015 07:25	188	179	157	143	134	801	5	0
11/03/2015 07:30	183	174	154	140	131	782	5	0
11/03/2015 07:35	170	162	142	130	121	725	5	0
11/03/2015 07:40	195	184	162	148	138	827	5	0
11/03/2015 07:45	196	185	163	148	139	831	5	0
11/03/2015 07:50	188	178	157	143	134	800	5	0
11/03/2015 07:55	166	159	139	127	119	710	5	0
11/03/2015 08:00	185	176	155	141	132	789	5	0
11/03/2015 08:05	188	179	157	143	134	801	5	0
11/03/2015 08:10	179	171	150	137	128	765	5	0
11/03/2015 08:15	194	183	161	147	137	822	5	0
11/03/2015 08:20	192	182	160	146	137	817	5	0
11/03/2015 08:25	187	178	156	143	133	797	5	0
11/03/2015 08:30	175	167	147	134	125	748	5	0
11/03/2015 08:35	189	179	158	144	134	804	5	0
11/03/2015 08:40	197	186	163	149	139	834	5	0
11/03/2015 08:45	191	181	159	145	136	812	5	0
11/03/2015 08:50	187	177	156	142	133	795	5	0
11/03/2015 08:55	190	180	158	144	135	807	5	0
11/03/2015 09:00	175	167	147	134	126	749	5	0
11/03/2015 09:05	157	151	132	121	113	674	5	0
11/03/2015 09:10	171	163	143	130	122	729	5	0
11/03/2015 09:15	153	147	130	118	111	659	5	0
11/03/2015 09:20	167	160	140	128	120	715	5	0
11/03/2015 09:25	154	149	131	119	111	664	5	0
11/03/2015 09:30	149	144	126	115	108	642	5	0
11/03/2015 09:35	139	135	119	108	102	603	5	0
11/03/2015 09:40	151	146	128	117	109	651	5	0
11/03/2015 09:45	165	158	139	126	118	706	5	0
11/03/2015 09:50	152	146	129	117	110	654	5	0
11/03/2015 09:55	138	134	118	107	100	597	5	0
11/03/2015 10:00	141	137	120	109	102	609	5	0
11/03/2015 10:05	120	119	104	95	89	527	5	0
11/03/2015 10:10	142	138	122	111	104	617	5	0
11/03/2015 10:15	136	133	116	106	99	590	5	0
11/03/2015 10:20	138	134	118	107	101	598	5	0
11/03/2015 10:25	140	136	119	108	102	605	5	0
11/03/2015 10:30	146	141	124	113	106	630	5	0
11/03/2015 10:35	130	127	111	101	95	564	5	0
11/03/2015 10:40	152	147	129	117	110	655	5	0
11/03/2015 10:45	146	141	124	112	105	628	5	0
11/03/2015 10:50	137	133	117	107	100	594	5	0
11/03/2015 10:55	121	119	105	95	89	529	5	0
11/03/2015 11:00	151	146	129	117	110	653	5	0
11/03/2015 11:05	143	138	121	110	104	616	5	0
11/03/2015 11:10	145	141	124	113	106	629	5	0
11/03/2015 11:15	133	130	115	104	98	580	5	0
11/03/2015 11:20	151	147	129	118	110	655	5	0
11/03/2015 11:25	150	145	127	115	108	645	5	0
11/03/2015 11:30	156	150	131	120	112	669	5	0
11/03/2015 11:35	144	140	122	111	104	621	5	0
11/03/2015 11:40	160	154	135	123	115	687	5	0
11/03/2015 11:45	145	141	123	112	105	626	5	0
11/03/2015 11:50	154	148	130	118	111	661	5	0
11/03/2015 11:55	153	148	130	118	111	660	5	0
11/03/2015 12:00	144	140	122	111	104	621	5	0
11/03/2015 12:05	152	146	129	117	110	654	5	0
11/03/2015 12:10	157	151	132	120	113	673	5	0
11/03/2015 12:15	159	153	134	122	114	682	5	0
11/03/2015 12:20	166	159	140	127	119	711	5	0
11/03/2015 12:25	151	146	128	116	109	650	5	0
11/03/2015 12:30	151	146	128	117	109	651	5	0
11/03/2015 12:35	152	147	129	117	110	655	5	0
11/03/2015 12:40	168	161	141	129	121	720	5	0
11/03/2015 12:45	150	145	127	116	109	647	5	0
11/03/2015 12:50	166	159	139	127	119	710	5	0
11/03/2015 12:55	162	156	136	124	116	694	5	0
11/03/2015 13:00	139	135	119	108	101	602	5	0
11/03/2015 13:05	155	149	131	119	111	665	5	0
11/03/2015 13:10	154	148	130	119	111	662	5	0
11/03/2015 13:15	164	157	137	125	117	700	5	0
11/03/2015 13:20	161	155	136	124	116	692	5	0
11/03/2015 13:25	149	144	126	115	108	642	5	0
11/03/2015 13:30	169	161	141	129	121	721	5	0
11/03/2015 13:35	153	148	129	118	110	658	5	0
11/03/2015 13:40	165	159	139	127	119	709	5	0
11/03/2015 13:45	159	153	134	122	114	682	5	0
11/03/2015 13:50	163	156	137	125	117	698	5	0
11/03/2015 13:55	136	133	117	106	99	591	5	0
11/03/2015 14:00	137	134	118	107	101	597	5	0
11/03/2015 14:05	123	121	106	97	91	538	5	0
11/03/2015 14:10	174	166	146	133	124	743	5	0
11/03/2015 14:15	164	157	138	126	118	703	5	0
11/03/2015 14:20	174	166	146	133	124	743	5	0
11/03/2015 14:25	166	159	140	127	119	711	5	0
11/03/2015 14:30	153	147	129	117	110	656	5	0
11/03/2015 14:35	155	150	131	120	112	668	5	0
11/03/2015 14:40	153	148	130	118	111	660	5	0
11/03/2015 14:45	164	157	138	125	117	701	5	0
11/03/2015 14:50	149	145	127	116	109	646	5	0
11/03/2015 14:55	159	152	134	122	114	681	5	0
11/03/2015 15:00	161	154	135	123	115	688	5	0
11/03/2015 15:05	148	143	126	115	107	639	5	0
11/03/2015 15:10	143	139	122	111	104	619	5	0
11/03/2015 15:15	158	152	134	122	114	680	5	0
11/03/2015 15:20	143	139	122	111	104	619	5	0
11/03/2015 15:25	141	137	120	109	102	609	5	0
11/03/2015 15:30	147	142	125	113	106	633	5	0
11/03/2015 15:35	143	139	122	111	104	619	5	0
11/03/2015 15:40	137	133	117	106	100	593	5	0
11/03/2015 15:45	131	129	113	103	97	573	5	0
11/03/2015 15:50	110	110	97	88	82	487	5	0
11/03/2015 15:55	120	119	105	95	89	528	5	0
11/03/2015 16:00	119	118	103	94	88	522	5	0
11/03/2015 16:05	121	120	106	96	91	534	5	0
11/03/2015 16:10	119	118	103	94	88	522	5	0
11/03/2015 16:15	132	130	114	103	97	576	5	0
11/03/2015 16:20	143	139	122	111	104	619	5	0
11/03/2015 16:25	137	134	118	107	100	596	5	0
11/03/2015 16:30	133	130	115	104	98	580	5	0
11/03/2015 16:35	133	130	114	104	97	578	5	0
11/03/2015 16:40	136	133	116	106	99	590	5	0
11/03/2015 16:45	131	128	113	102	96	570	5	0
11/03/2015 16:50	141	137	121	110	103	612	5	0
11/03/2015 16:55	129	127	112	102	95	565	5	0
11/03/2015 17:00	140	137	120	109	103	609	5	0
11/03/2015 17:05	154	149	131	119	111	664	5	0
11/03/2015 17:10	137	134	118	107	100	596	5	0
11/03/2015 17:15	126	124	109	99	93	551	5	0
11/03/2015 17:20	148	143	126	115	108	640	5	0
11/03/2015 17:25	136	133	117	106	100	592	5	0
11/03/2015 17:30	134	131	115	105	98	583	5	0
11/03/2015 17:35	136	133	117	107	100	593	5	0
11/03/2015 17:40	129	127	112	101	95	564	5	0
11/03/2015 17:45	127	125	110	100	94	556	5	0
11/03/2015 17:50	127	125	110	100	94	556	5	0
11/03/2015 17:55	115	115	101	91	86	508	5	0
11/03/2015 18:00	141	137	121	110	103	612	5	0
11/03/2015 18:05	124	123	108	98	92	545	5	0
11/03/2015 18:10	126	124	109	99	93	551	5	0
11/03/2015 18:15	121	120	105	95	90	531	5	0
11/03/2015 18:20	131	129	113	103	97	573	5	0
11/03/2015 18:25	127	125	110	100	94	556	5	0
11/03/2015 18:30	131	129	113	103	97	573	5	0
11/03/2015 18:35	143	138	122	111	104	618	5	0
11/03/2015 18:40	128	126	111	101	95	561	5	0
11/03/2015 18:45	121	120	105	96	90	532	5	0
11/03/2015 18:50	136	133	117	106	100	592	5	0
11/03/2015 18:55	134	131	115	105	99	584	5	0
11/03/2015 19:00	145	141	124	112	106	628	5	0
11/03/2015 19:05	138	134	118	107	100	597	5	0
11/03/2015 19:10	145	140	123	112	105	625	5	0
11/03/2015 19:15	145	141	124	113	106	629	5	0
11/03/2015 19:20	147	143	125	114	107	636	5	0
11/03/2015 19:25	159	153	135	123	115	685	5	0
11/03/2015 19:30	153	147	129	118	110	657	5	0
11/03/2015 19:35	157	151	133	121	113	675	5	0
11/03/2015 19:40	151	146	128	117	110	652	5	0
11/03/2015 19:45	161	155	136	124	116	692	5	0
11/03/2015 19:50	149	144	126	115	108	642	5	0
11/03/2015 19:55	156	150	132	120	113	671	5	0
11/03/2015 20:00	157	151	133	121	113	675	5	0
11/03/2015 20:05	160	154	135	123	115	687	5	0
11/03/2015 20:10	152	147	129	117	110	655	5	0
11/03/2015 20:15	135	131	115	105	98	584	5	0
11/03/2015 20:20	126	124	108	98	92	548	5	0
11/03/2015 20:25	109	109	96	87	82	483	5	0
11/03/2015 20:30	66	72	64	57	55	314	5	0
11/03/2015 20:35	144	140	123	112	105	624	5	0
11/03/2015 20:40	123	121	106	97	91	538	5	0
11/03/2015 20:45	143	139	122	111	104	619	5	0
11/03/2015 20:50	136	132	116	106	99	589	5	0
11/03/2015 20:55	141	136	120	109	102	608	5	0
11/03/2015 21:00	118	117	103	93	88	519	5	0
11/03/2015 21:05	115	115	101	92	86	509	5	0
11/03/2015 21:10	115	115	101	92	86	509	5	0
11/03/2015 21:15	118	117	103	93	88	519	5	0
11/03/2015 21:20	127	125	110	100	94	556	5	0
11/03/2015 21:25	128	126	111	101	95	561	5	0
11/03/2015 21:30	110	110	97	88	83	488	5	0
11/03/2015 21:35	115	114	100	91	86	506	5	0
11/03/2015 21:40	113	113	99	90	85	500	5	0
11/03/2015 21:45	109	109	96	87	82	483	5	0
11/03/2015 21:50	107	108	95	86	81	477	5	0
11/03/2015 21:55	111	111	97	88	83	490	5	0
11/03/2015 22:00	116	116	102	93	87	514	5	0
11/03/2015 22:05	105	105	92	84	79	465	5	0
11/03/2015 22:10	110	110	97	88	83	488	5	0
11/03/2015 22:15	106	107	94	85	80	472	5	0
11/03/2015 22:20	112	111	98	89	84	494	5	0
11/03/2015 22:25	115	114	100	91	85	505	5	0
11/03/2015 22:30	93	95	83	75	71	417	5	0
11/03/2015 22:35	98	100	88	80	75	441	5	0
11/03/2015 22:40	88	91	80	72	69	400	5	0
11/03/2015 22:45	87	90	80	72	68	397	5	0
11/03/2015 22:50	83	87	77	69	65	381	5	0
11/03/2015 22:55	73	78	68	62	59	340	5	0
11/03/2015 23:00	69	75	66	59	56	325	5	0
11/03/2015 23:05	74	79	70	63	60	346	5	0
11/03/2015 23:10	75	79	70	63	60	347	5	0
11/03/2015 23:15	75	79	70	63	60	347	5	0
11/03/2015 23:20	69	74	66	59	56	324	5	0
11/03/2015 23:25	61	67	59	53	51	291	5	0
11/03/2015 23:30	61	67	59	53	51	291	5	0
11/03/2015 23:35	55	62	54	49	47	267	5	0
11/03/2015 23:40	58	65	57	51	49	280	5	0
11/03/2015 23:45	65	71	63	56	54	309	5	0
11/03/2015 23:50	52	60	53	48	45	258	5	0
11/03/2015 23:55	56	63	55	49	47	270	5	0
11/04/2015 00:00	50	57	51	46	44	248	5	0
11/04/2015 00:05	46	55	48	43	41	233	5	0
11/04/2015 00:10	53	60	54	48	46	261	5	0
11/04/2015 00:15	57	64	56	51	48	276	5	0
11/04/2015 00:20	50	58	51	46	44	249	5	0
11/04/2015 00:25	37	46	41	37	35	196	5	0
11/04/2015 00:30	35	44	39	35	34	187	5	0
11/04/2015 00:35	37	46	41	37	35	196	5	0
11/04/2015 00:40	38	47	42	37	36	200	5	0
11/04/2015 00:45	36	45	40	36	34	191	5	0
11/04/2015 00:50	36	45	40	36	35	192	5	0
11/04/2015 00:55	32	41	37	32	32	174	5	0
11/04/2015 01:00	37	47	41	37	35	197	5	0
11/04/2015 01:05	31	41	37	32	31	172	5	0
11/04/2015 01:10	30	41	36	32	31	170	5	0
11/04/2015 01:15	29	39	35	31	30	164	5	0
11/04/2015 01:20	26	36	32	29	28	151	5	0
11/04/2015 01:25	30	40	36	32	31	169	5	0
11/04/2015 01:30	31	42	37	33	32	175	5	0
11/04/2015 01:35	25	35	31	27	27	145	5	0
11/04/2015 01:40	27	38	33	29	29	156	5	0
11/04/2015 01:45	29	39	35	31	30	164	5	0
11/04/2015 01:50	25	36	32	28	27	148	5	0
11/04/2015 01:55	20	31	28	24	24	127	5	0
11/04/2015 02:00	25	36	32	28	27	148	5	0
11/04/2015 02:05	25	35	31	28	27	146	5	0
11/04/2015 02:10	23	34	31	27	26	141	5	0
11/04/2015 02:15	29	39	35	31	30	164	5	0
11/04/2015 02:20	30	40	35	31	30	166	5	0
11/04/2015 02:25	24	35	31	27	27	144	5	0
11/04/2015 02:30	24	35	31	27	26	143	5	0
11/04/2015 02:35	22	33	29	26	25	135	5	0
11/04/2015 02:40	27	38	33	29	29	156	5	0
11/04/2015 02:45	23	34	30	27	26	140	5	0
11/04/2015 02:50	21	33	29	25	25	133	5	0
11/04/2015 02:55	23	34	30	27	26	140	5	0
11/04/2015 03:00	18	30	26	23	23	120	5	0
11/04/2015 03:05	25	35	31	28	27	146	5	0
11/04/2015 03:10	25	36	32	28	27	148	5	0
11/04/2015 03:15	23	34	30	27	26	140	5	0
11/04/2015 03:20	23	34	31	27	26	141	5	0
11/04/2015 03:25	21	32	29	25	25	132	5	0
11/04/2015 03:30	23	34	30	26	26	139	5	0
11/04/2015 03:35	20	32	28	25	24	129	5	0
11/04/2015 03:40	29	39	35	31	30	164	5	0
11/04/2015 03:45	28	39	34	30	30	161	5	0
11/04/2015 03:50	29	40	35	31	30	165	5	0
11/04/2015 03:55	23	34	30	27	26	140	5	0
11/04/2015 04:00	26	37	33	29	28	153	5	0
11/04/2015 04:05	28	38	34	30	29	159	5	0
11/04/2015 04:10	28	39	34	30	29	160	5	0
11/04/2015 04:15	34	43	38	34	33	182	5	0
11/04/2015 04:20	37	46	41	37	35	196	5	0
11/04/2015 04:25	36	45	40	36	35	192	5	0
11/04/2015 04:30	43	51	45	41	39	219	5	0
11/04/2015 04:35	58	65	57	51	49	280	5	0
11/04/2015 04:40	46	55	49	43	42	235	5	0
11/04/2015 04:45	56	63	56	50	48	273	5	0
11/04/2015 04:50	60	67	59	53	51	290	5	0
11/04/2015 04:55	57	64	57	51	49	278	5	0
11/04/2015 05:00	51	58	51	46	44	250	5	0
11/04/2015 05:05	54	61	54	48	46	263	5	0
11/04/2015 05:10	69	74	65	59	56	323	5	0
11/04/2015 05:15	86	89	78	71	67	391	5	0
11/04/2015 05:20	83	87	76	69	65	380	5	0
11/04/2015 05:25	74	78	69	62	59	342	5	0
11/04/2015 05:30	97	99	87	79	74	436	5	0
11/04/2015 05:35	115	114	100	91	86	506	5	0
11/04/2015 05:40	120	119	105	95	89	528	5	0
11/04/2015 05:45	116	116	102	92	87	513	5	0
11/04/2015 05:50	112	112	99	89	84	496	5	0
11/04/2015 05:55	109	109	96	87	82	483	5	0
11/04/2015 06:00	110	110	96	87	82	485	5	0
11/04/2015 06:05	109	110	96	87	82	484	5	0
11/04/2015 06:10	122	120	106	96	90	534	5	0
11/04/2015 06:15	112	111	98	89	83	493	5	0
11/04/2015 06:20	140	136	119	108	102	605	5	0
11/04/2015 06:25	137	133	117	106	100	593	5	0
11/04/2015 06:30	148	143	126	114	107	638	5	0
11/04/2015 06:35	152	147	130	118	111	658	5	0
11/04/2015 06:40	158	152	134	122	114	680	5	0
11/04/2015 06:45	161	154	135	123	115	688	5	0
11/04/2015 06:50	164	158	139	126	119	706	5	0
11/04/2015 06:55	166	159	140	128	120	713	5	0
11/04/2015 07:00	161	155	136	124	116	692	5	0
11/04/2015 07:05	163	157	138	126	118	702	5	0
11/04/2015 07:10	181	172	151	138	129	771	5	0
11/04/2015 07:15	182	173	152	139	130	776	5	0
11/04/2015 07:20	191	181	159	145	136	812	5	0
11/04/2015 07:25	184	175	154	140	131	784	5	0
11/04/2015 07:30	191	181	159	145	136	812	5	0
11/04/2015 07:35	173	165	145	132	123	738	5	0
11/04/2015 07:40	199	188	165	150	141	843	5	0
11/04/2015 07:45	189	179	158	144	134	804	5	0
11/04/2015 07:50	193	183	161	147	137	821	5	0
11/04/2015 07:55	189	179	157	144	134	803	5	0
11/04/2015 08:00	184	175	153	140	131	783	5	0
11/04/2015 08:05	179	171	150	137	128	765	5	0
11/04/2015 08:10	189	179	157	143	134	802	5	0
11/04/2015 08:15	188	178	156	143	133	798	5	0
11/04/2015 08:20	189	179	157	144	134	803	5	0
11/04/2015 08:25	178	170	150	136	128	762	5	0
11/04/2015 08:30	184	175	154	140	131	784	5	0
11/04/2015 08:35	191	181	158	144	135	809	5	0
11/04/2015 08:40	193	183	161	146	137	820	5	0
11/04/2015 08:45	159	153	135	123	115	685	5	0
11/04/2015 08:50	165	159	139	127	119	709	5	0
11/04/2015 08:55	177	169	148	135	126	755	5	0
11/04/2015 09:00	177	169	148	135	126	755	5	0
11/04/2015 09:05	163	156	137	125	117	698	5	0
11/04/2015 09:10	157	151	133	121	113	675	5	0
11/04/2015 09:15	183	174	153	139	130	779	5	0
11/04/2015 09:20	147	142	125	113	106	633	5	0
11/04/2015 09:25	159	153	134	122	115	683	5	0
11/04/2015 09:30	148	143	125	114	107	637	5	0
11/04/2015 09:35	166	159	139	127	119	710	5	0
11/04/2015 09:40	114	114	100	91	86	505	5	0
11/04/2015 09:45	167	160	140	128	119	714	5	0
11/04/2015 09:50	163	157	138	125	117	700	5	0
11/04/2015 09:55	152	147	129	117	110	655	5	0
11/04/2015 10:00	139	135	119	108	101	602	5	0
11/04/2015 10:05	133	130	114	104	98	579	5	0
11/04/2015 10:10	150	145	127	116	109	647	5	0
11/04/2015 10:15	147	142	125	114	107	635	5	0
11/04/2015 10:20	148	144	126	115	108	641	5	0
11/04/2015 10:25	129	127	111	101	95	563	5	0
11/04/2015 10:30	143	139	122	111	104	619	5	0
11/04/2015 10:35	137	134	117	107	100	595	5	0
11/04/2015 10:40	142	137	121	110	103	613	5	0
11/04/2015 10:45	143	139	122	111	104	619	5	0
11/04/2015 10:50	154	149	130	119	111	663	5	0
11/04/2015 10:55	141	137	120	109	103	610	5	0
11/04/2015 11:00	147	142	125	114	106	634	5	0
11/04/2015 11:05	132	129	113	103	96	573	5	0
11/04/2015 11:10	124	122	107	97	92	542	5	0
11/04/2015 11:15	159	153	135	122	115	684	5	0
11/04/2015 11:20	148	143	126	115	108	640	5	0
11/04/2015 11:25	137	134	118	107	100	596	5	0
11/04/2015 11:30	146	142	125	114	107	634	5	0
11/04/2015 11:35	153	147	129	118	110	657	5	0
11/04/2015 11:40	156	150	132	120	112	670	5	0
11/04/2015 11:45	147	142	125	113	106	633	5	0
11/04/2015 11:50	153	147	129	118	110	657	5	0
11/04/2015 11:55	160	154	135	123	115	687	5	0
11/04/2015 12:00	147	142	125	114	106	634	5	0
11/04/2015 12:05	152	147	128	117	110	654	5	0
11/04/2015 12:10	169	161	141	128	120	719	5	0
11/04/2015 12:15	145	141	123	112	105	626	5	0
11/04/2015 12:20	161	155	136	124	116	692	5	0
11/04/2015 12:25	159	152	134	122	114	681	5	0
11/04/2015 12:30	158	152	134	122	114	680	5	0
11/04/2015 12:35	165	158	138	126	118	705	5	0
11/04/2015 12:40	177	169	148	135	126	755	5	0
11/04/2015 12:45	174	166	146	133	124	743	5	0
11/04/2015 12:50	156	150	132	120	113	671	5	0
11/04/2015 12:55	162	156	137	125	117	697	5	0
11/04/2015 13:00	156	150	131	120	112	669	5	0
11/04/2015 13:05	158	152	134	122	114	680	5	0
11/04/2015 13:10	167	160	141	128	120	716	5	0
11/04/2015 13:15	163	156	137	125	117	698	5	0
11/04/2015 13:20	161	154	135	123	115	688	5	0
11/04/2015 13:25	168	161	141	129	120	719	5	0
11/04/2015 13:30	154	149	131	119	111	664	5	0
11/04/2015 13:35	144	140	123	112	105	624	5	0
11/04/2015 13:40	156	150	132	120	112	670	5	0
11/04/2015 13:45	176	168	147	134	126	751	5	0
11/04/2015 13:50	168	161	141	129	120	719	5	0
11/04/2015 13:55	168	161	141	128	120	718	5	0
11/04/2015 14:00	151	146	128	117	109	651	5	0
11/04/2015 14:05	148	143	125	114	107	637	5	0
11/04/2015 14:10	165	158	139	126	118	706	5	0
11/04/2015 14:15	168	160	141	128	120	717	5	0
11/04/2015 14:20	154	148	130	118	111	661	5	0
11/04/2015 14:25	167	160	141	128	120	716	5	0
11/04/2015 14:30	169	161	142	129	121	722	5	0
11/04/2015 14:35	155	149	131	119	112	666	5	0
11/04/2015 14:40	148	143	125	114	107	637	5	0
11/04/2015 14:45	143	138	121	110	104	616	5	0
11/04/2015 14:50	132	129	114	103	97	575	5	0
11/04/2015 14:55	149	144	127	115	108	643	5	0
11/04/2015 15:00	140	137	120	109	102	608	5	0
11/04/2015 15:05	147	142	125	114	107	635	5	0
11/04/2015 15:10	144	140	123	111	105	623	5	0
11/04/2015 15:15	126	124	109	99	93	551	5	0
11/04/2015 15:20	122	121	106	97	91	537	5	0
11/04/2015 15:25	136	133	117	106	100	592	5	0
11/04/2015 15:30	135	132	116	105	99	587	5	0
11/04/2015 15:35	138	135	118	107	101	599	5	0
11/04/2015 15:40	133	131	115	104	98	581	5	0
11/04/2015 15:45	145	141	124	113	106	629	5	0
11/04/2015 15:50	143	139	122	111	104	619	5	0
11/04/2015 15:55	134	131	115	105	98	583	5	0
11/04/2015 16:00	137	134	117	107	100	595	5	0
11/04/2015 16:05	137	134	117	107	100	595	5	0
11/04/2015 16:10	140	136	120	109	103	608	5	0
11/04/2015 16:15	147	143	125	114	107	636	5	0
11/04/2015 16:20	137	134	118	107	101	597	5	0
11/04/2015 16:25	131	128	113	102	96	570	5	0
11/04/2015 16:30	139	136	120	109	102	606	5	0
11/04/2015 16:35	135	132	116	106	99	588	5	0
11/04/2015 16:40	138	135	119	108	101	601	5	0
11/04/2015 16:45	120	119	104	95	89	527	5	0
11/04/2015 16:50	137	134	118	107	101	597	5	0
11/04/2015 16:55	134	131	115	105	98	583	5	0
11/04/2015 17:00	127	125	110	100	94	556	5	0
11/04/2015 17:05	131	129	113	103	97	573	5	0
11/04/2015 17:10	127	125	109	99	93	553	5	0
11/04/2015 17:15	127	125	110	100	94	556	5	0
11/04/2015 17:20	126	124	109	99	93	551	5	0
11/04/2015 17:25	129	127	112	101	95	564	5	0
11/04/2015 17:30	120	119	105	95	90	529	5	0
11/04/2015 17:35	125	124	109	99	93	550	5	0
11/04/2015 17:40	121	120	106	96	91	534	5	0
11/04/2015 17:45	126	124	109	99	93	551	5	0
11/04/2015 17:50	125	123	108	98	92	546	5	0
11/04/2015 17:55	113	113	99	90	85	500	5	0
11/04/2015 18:00	105	106	93	84	80	468	5	0
11/04/2015 18:05	127	125	110	100	94	556	5	0
11/04/2015 18:10	124	122	107	98	92	543	5	0
11/04/2015 18:15	120	119	105	95	89	528	5	0
11/04/2015 18:20	122	120	105	96	90	533	5	0
11/04/2015 18:25	125	123	108	98	92	546	5	0
11/04/2015 18:30	129	127	112	102	95	565	5	0
11/04/2015 18:35	128	126	110	100	94	558	5	0
11/04/2015 18:40	127	125	109	99	93	553	5	0
11/04/2015 18:45	128	126	111	101	95	561	5	0
11/04/2015 18:50	125	123	108	98	92	546	5	0
11/04/2015 18:55	129	127	112	101	95	564	5	0
11/04/2015 19:00	134	131	115	105	98	583	5	0
11/04/2015 19:05	130	128	112	102	96	568	5	0
11/04/2015 19:10	113	113	100	90	85	501	5	0
11/04/2015 19:15	128	126	111	101	95	561	5	0
11/04/2015 19:20	149	144	126	115	108	642	5	0
11/04/2015 19:25	146	142	125	114	107	634	5	0
11/04/2015 19:30	141	137	121	110	103	612	5	0
11/04/2015 19:35	155	150	132	120	113	670	5	0
11/04/2015 19:40	145	141	124	113	106	629	5	0
11/04/2015 19:45	160	154	135	123	115	687	5	0
11/04/2015 19:50	156	150	132	120	113	671	5	0
11/04/2015 19:55	152	146	129	117	110	654	5	0
11/04/2015 20:00	168	161	142	129	121	721	5	0
11/04/2015 20:05	168	160	141	128	120	717	5	0
11/04/2015 20:10	163	156	138	125	117	699	5	0
11/04/2015 20:15	164	158	139	126	118	705	5	0
11/04/2015 20:20	171	163	144	131	123	732	5	0
11/04/2015 20:25	159	153	135	123	115	685	5	0
11/04/2015 20:30	159	154	135	123	115	686	5	0
11/04/2015 20:35	146	142	124	113	106	631	5	0
11/04/2015 20:40	149	144	126	115	108	642	5	0
11/04/2015 20:45	140	136	119	109	102	606	5	0
11/04/2015 20:50	128	126	111	100	94	559	5	0
11/04/2015 20:55	111	111	97	88	83	490	5	0
11/04/2015 21:00	127	125	110	100	94	556	5	0
11/04/2015 21:05	101	102	90	81	77	451	5	0
11/04/2015 21:10	130	128	112	102	95	567	5	0
11/04/2015 21:15	118	117	103	94	88	520	5	0
11/04/2015 21:20	116	115	101	92	86	510	5	0
11/04/2015 21:25	133	130	114	103	97	577	5	0
11/04/2015 21:30	131	128	112	102	95	568	5	0
11/04/2015 21:35	116	116	102	92	87	513	5	0
11/04/2015 21:40	111	111	97	88	83	490	5	0
11/04/2015 21:45	109	109	96	87	82	483	5	0
11/04/2015 21:50	117	116	102	93	87	515	5	0
11/04/2015 21:55	107	107	94	86	81	475	5	0
11/04/2015 22:00	117	116	102	93	87	515	5	0
11/04/2015 22:05	117	116	102	92	87	514	5	0
11/04/2015 22:10	133	131	115	104	98	581	5	0
11/04/2015 22:15	106	106	94	85	80	471	5	0
11/04/2015 22:20	100	102	90	81	77	450	5	0
11/04/2015 22:25	117	116	102	93	87	515	5	0
11/04/2015 22:30	97	99	87	79	74	436	5	0
11/04/2015 22:35	94	96	85	77	73	425	5	0
11/04/2015 22:40	92	95	84	76	71	418	5	0
11/04/2015 22:45	91	93	82	74	70	410	5	0
11/04/2015 22:50	85	88	78	70	66	387	5	0
11/04/2015 22:55	79	83	73	66	63	364	5	0
11/04/2015 23:00	82	85	75	68	64	374	5	0
11/04/2015 23:05	70	75	66	60	57	328	5	0
11/04/2015 23:10	77	81	71	64	61	354	5	0
11/04/2015 23:15	77	81	72	65	61	356	5	0
11/04/2015 23:20	82	86	76	68	65	377	5	0
11/04/2015 23:25	58	65	57	51	49	280	5	0
11/04/2015 23:30	65	71	62	56	53	307	5	0
11/04/2015 23:35	53	60	53	47	45	258	5	0
11/04/2015 23:40	57	64	57	51	49	278	5	0
11/04/2015 23:45	72	77	69	62	59	339	5	0
11/04/2015 23:50	56	63	56	50	48	273	5	0
11/04/2015 23:55	49	57	50	45	43	244	5	0
11/05/2015 00:00	44	52	46	41	39	222	5	0
11/05/2015 00:05	54	61	54	49	46	264	5	0
11/05/2015 00:10	56	63	55	50	48	272	5	0
11/05/2015 00:15	56	63	55	50	48	272	5	0
11/05/2015 00:20	40	49	43	38	37	207	5	0
11/05/2015 00:25	47	55	48	43	42	235	5	0
11/05/2015 00:30	28	38	34	30	29	159	5	0
11/05/2015 00:35	36	45	40	35	34	190	5	0
11/05/2015 00:40	43	52	46	41	40	222	5	0
11/05/2015 00:45	33	43	38	33	32	179	5	0
11/05/2015 00:50	31	41	37	32	32	173	5	0
11/05/2015 00:55	29	40	35	31	30	165	5	0
11/05/2015 01:00	29	39	35	31	30	164	5	0
11/05/2015 01:05	34	44	39	35	34	186	5	0
11/05/2015 01:10	28	39	34	30	29	160	5	0
11/05/2015 01:15	30	40	36	32	31	169	5	0
11/05/2015 01:20	34	43	38	34	33	182	5	0
11/05/2015 01:25	28	38	34	30	29	159	5	0
11/05/2015 01:30	31	41	36	32	31	171	5	0
11/05/2015 01:35	30	40	36	32	31	169	5	0
11/05/2015 01:40	29	39	35	31	30	164	5	0
11/05/2015 01:45	26	36	32	29	28	151	5	0
11/05/2015 01:50	27	37	33	29	29	155	5	0
11/05/2015 01:55	19	31	27	24	24	125	5	0
11/05/2015 02:00	28	38	34	30	29	159	5	0
11/05/2015 02:05	19	31	27	24	23	124	5	0
11/05/2015 02:10	25	36	32	28	28	149	5	0
11/05/2015 02:15	26	37	33	29	28	153	5	0
11/05/2015 02:20	28	38	34	30	29	159	5	0
11/05/2015 02:25	25	36	32	28	28	149	5	0
11/05/2015 02:30	25	36	32	28	27	148	5	0
11/05/2015 02:35	22	33	29	26	25	135	5	0
11/05/2015 02:40	25	36	32	28	28	149	5	0
11/05/2015 02:45	30	40	36	32	31	169	5	0
11/05/2015 02:50	27	37	33	29	28	154	5	0
11/05/2015 02:55	20	31	28	24	24	127	5	0
11/05/2015 03:00	21	32	29	25	25	132	5	0
11/05/2015 03:05	23	34	30	27	26	140	5	0
11/05/2015 03:10	21	32	28	25	25	131	5	0
11/05/2015 03:15	24	35	31	27	27	144	5	0
11/05/2015 03:20	26	37	33	29	28	153	5	0
11/05/2015 03:25	20	32	28	25	24	129	5	0
11/05/2015 03:30	25	36	32	28	27	148	5	0
11/05/2015 03:35	25	36	32	28	28	149	5	0
11/05/2015 03:40	25	36	32	28	27	148	5	0
11/05/2015 03:45	30	41	36	32	31	170	5	0
11/05/2015 03:50	28	39	34	30	30	161	5	0
11/05/2015 03:55	25	36	32	28	28	149	5	0
11/05/2015 04:00	28	38	34	30	29	159	5	0
11/05/2015 04:05	25	35	31	27	27	145	5	0
11/05/2015 04:10	27	37	33	29	28	154	5	0
11/05/2015 04:15	34	44	39	34	33	184	5	0
11/05/2015 04:20	39	48	42	38	36	203	5	0
11/05/2015 04:25	36	46	40	36	35	193	5	0
11/05/2015 04:30	41	50	44	39	38	212	5	0
11/05/2015 04:35	52	60	53	48	46	259	5	0
11/05/2015 04:40	46	55	48	43	41	233	5	0
11/05/2015 04:45	58	65	57	51	49	280	5	0
11/05/2015 04:50	57	64	56	51	48	276	5	0
11/05/2015 04:55	51	58	52	46	44	251	5	0
11/05/2015 05:00	59	66	58	52	50	285	5	0
11/05/2015 05:05	53	61	53	48	46	261	5	0
11/05/2015 05:10	60	67	59	53	51	290	5	0
11/05/2015 05:15	71	76	67	61	57	332	5	0
11/05/2015 05:20	68	74	65	59	56	322	5	0
11/05/2015 05:25	85	88	78	70	67	388	5	0
11/05/2015 05:30	99	100	88	80	75	442	5	0
11/05/2015 05:35	110	110	97	88	83	488	5	0
11/05/2015 05:40	119	118	104	94	89	524	5	0
11/05/2015 05:45	122	121	106	97	91	537	5	0
11/05/2015 05:50	127	125	110	100	94	556	5	0
11/05/2015 05:55	114	114	100	91	86	505	5	0
11/05/2015 06:00	113	113	99	90	84	499	5	0
11/05/2015 06:05	121	119	105	95	90	530	5	0
11/05/2015 06:10	128	125	110	100	94	557	5	0
11/05/2015 06:15	128	126	110	100	94	558	5	0
11/05/2015 06:20	135	132	116	105	99	587	5	0
11/05/2015 06:25	129	126	111	101	95	562	5	0
11/05/2015 06:30	144	140	123	112	105	624	5	0
11/05/2015 06:35	154	148	130	118	111	661	5	0
11/05/2015 06:40	167	160	141	129	121	718	5	0
11/05/2015 06:45	155	150	132	120	112	669	5	0
11/05/2015 06:50	155	150	132	120	112	669	5	0
11/05/2015 06:55	162	156	137	124	117	696	5	0
11/05/2015 07:00	169	161	142	129	121	722	5	0
11/05/2015 07:05	159	154	135	123	115	686	5	0
11/05/2015 07:10	179	170	150	136	128	763	5	0
11/05/2015 07:15	193	183	161	147	137	821	5	0
11/05/2015 07:20	194	183	161	147	137	822	5	0
11/05/2015 07:25	182	173	152	139	130	776	5	0
11/05/2015 07:30	186	177	155	141	132	791	5	0
11/05/2015 07:35	183	174	153	140	131	781	5	0
11/05/2015 07:40	162	155	136	124	116	693	5	0
11/05/2015 07:45	187	178	156	142	133	796	5	0
11/05/2015 07:50	191	182	160	146	136	815	5	0
11/05/2015 07:55	192	181	159	145	136	813	5	0
11/05/2015 08:00	185	176	154	141	132	788	5	0
11/05/2015 08:05	195	184	162	148	138	827	5	0
11/05/2015 08:10	186	176	155	141	132	790	5	0
11/05/2015 08:15	187	178	156	143	133	797	5	0
11/05/2015 08:20	176	168	148	135	126	753	5	0
11/05/2015 08:25	191	181	159	145	136	812	5	0
11/05/2015 08:30	184	175	154	140	131	784	5	0
11/05/2015 08:35	186	177	155	141	132	791	5	0
11/05/2015 08:40	185	176	154	141	132	788	5	0
11/05/2015 08:45	188	178	156	143	133	798	5	0
11/05/2015 08:50	179	171	150	137	128	765	5	0
11/05/2015 08:55	172	164	144	131	123	734	5	0
11/05/2015 09:00	171	164	143	131	122	731	5	0
11/05/2015 09:05	150	145	128	116	109	648	5	0
11/05/2015 09:10	174	166	146	133	125	744	5	0
11/05/2015 09:15	158	152	134	122	114	680	5	0
11/05/2015 09:20	168	161	141	129	121	720	5	0
11/05/2015 09:25	173	165	145	132	124	739	5	0
11/05/2015 09:30	150	145	127	116	109	647	5	0
11/05/2015 09:35	155	149	131	119	112	666	5	0
11/05/2015 09:40	148	143	125	114	107	637	5	0
11/05/2015 09:45	164	157	138	126	118	703	5	0
11/05/2015 09:50	149	144	126	115	108	642	5	0
11/05/2015 09:55	146	142	124	113	106	631	5	0
11/05/2015 10:00	157	151	133	121	113	675	5	0
11/05/2015 10:05	140	137	120	109	102	608	5	0
11/05/2015 10:10	147	143	125	114	107	636	5	0
11/05/2015 10:15	148	143	125	114	107	637	5	0
11/05/2015 10:20	141	137	120	109	102	609	5	0
11/05/2015 10:25	153	147	129	117	110	656	5	0
11/05/2015 10:30	140	136	120	109	102	607	5	0
11/05/2015 10:35	152	146	128	117	109	652	5	0
11/05/2015 10:40	159	153	134	122	115	683	5	0
11/05/2015 10:45	150	145	128	116	109	648	5	0
11/05/2015 10:50	146	141	124	113	106	630	5	0
11/05/2015 10:55	156	151	132	120	113	672	5	0
11/05/2015 11:00	145	141	123	112	105	626	5	0
11/05/2015 11:05	139	136	119	108	102	604	5	0
11/05/2015 11:10	138	134	118	107	101	598	5	0
11/05/2015 11:15	139	135	119	108	101	602	5	0
11/05/2015 11:20	128	125	110	100	94	557	5	0
11/05/2015 11:25	139	136	119	109	102	605	5	0
11/05/2015 11:30	155	150	132	120	113	670	5	0
11/05/2015 11:35	154	149	131	119	111	664	5	0
11/05/2015 11:40	145	140	123	112	105	625	5	0
11/05/2015 11:45	154	148	130	119	111	662	5	0
11/05/2015 11:50	152	146	128	117	110	653	5	0
11/05/2015 11:55	146	142	124	113	106	631	5	0
11/05/2015 12:00	152	147	129	117	110	655	5	0
11/05/2015 12:05	151	146	128	116	109	650	5	0
11/05/2015 12:10	152	147	129	117	110	655	5	0
11/05/2015 12:15	153	147	129	118	110	657	5	0
11/05/2015 12:20	160	154	135	123	115	687	5	0
11/05/2015 12:25	150	145	127	115	108	645	5	0
11/05/2015 12:30	152	147	129	117	110	655	5	0
11/05/2015 12:35	152	147	129	117	110	655	5	0
11/05/2015 12:40	167	160	140	128	120	715	5	0
11/05/2015 12:45	160	153	135	122	115	685	5	0
11/05/2015 12:50	160	154	135	123	115	687	5	0
11/05/2015 12:55	151	146	128	116	109	650	5	0
11/05/2015 13:00	166	159	140	127	119	711	5	0
11/05/2015 13:05	153	148	130	118	111	660	5	0
11/05/2015 13:10	162	155	136	124	116	693	5	0
11/05/2015 13:15	162	155	136	124	116	693	5	0
11/05/2015 13:20	150	145	127	116	109	647	5	0
11/05/2015 13:25	164	157	137	125	117	700	5	0
11/05/2015 13:30	162	155	136	124	116	693	5	0
11/05/2015 13:35	165	158	138	126	118	705	5	0
11/05/2015 13:40	168	161	141	129	121	720	5	0
11/05/2015 13:45	168	161	141	129	121	720	5	0
11/05/2015 13:50	158	152	133	121	113	677	5	0
11/05/2015 13:55	158	152	133	121	114	678	5	0
11/05/2015 14:00	170	162	142	130	121	725	5	0
11/05/2015 14:05	170	162	143	130	122	727	5	0
11/05/2015 14:10	165	158	139	126	118	706	5	0
11/05/2015 14:15	159	153	134	122	114	682	5	0
11/05/2015 14:20	156	150	131	119	112	668	5	0
11/05/2015 14:25	146	142	125	113	106	632	5	0
11/05/2015 14:30	155	149	131	119	112	666	5	0
11/05/2015 14:35	160	154	135	123	115	687	5	0
11/05/2015 14:40	151	146	128	117	109	651	5	0
11/05/2015 14:45	148	144	126	115	108	641	5	0
11/05/2015 14:50	142	138	121	110	104	615	5	0
11/05/2015 14:55	137	134	117	107	100	595	5	0
11/05/2015 15:00	144	140	123	112	105	624	5	0
11/05/2015 15:05	132	129	114	103	97	575	5	0
11/05/2015 15:10	133	130	114	104	97	578	5	0
11/05/2015 15:15	115	115	101	92	87	510	5	0
11/05/2015 15:20	144	140	123	112	105	624	5	0
11/05/2015 15:25	128	126	111	101	95	561	5	0
11/05/2015 15:30	129	127	112	101	95	564	5	0
11/05/2015 15:35	122	121	106	96	90	535	5	0
11/05/2015 15:40	133	131	115	105	98	582	5	0
11/05/2015 15:45	131	129	113	103	97	573	5	0
11/05/2015 15:50	127	125	110	100	94	556	5	0
11/05/2015 15:55	123	122	107	97	92	541	5	0
11/05/2015 16:00	119	118	104	94	89	524	5	0
11/05/2015 16:05	123	121	107	97	91	539	5	0
11/05/2015 16:10	135	132	116	106	99	588	5	0
11/05/2015 16:15	130	128	113	102	96	569	5	0
11/05/2015 16:20	130	128	112	102	96	568	5	0
11/05/2015 16:25	131	129	113	103	97	573	5	0
11/05/2015 16:30	136	133	117	106	100	592	5	0
11/05/2015 16:35	135	132	116	106	99	588	5	0
11/05/2015 16:40	137	134	117	107	100	595	5	0
11/05/2015 16:45	126	124	109	99	93	551	5	0
11/05/2015 16:50	130	128	112	102	96	568	5	0
11/05/2015 16:55	123	122	107	97	91	540	5	0
11/05/2015 17:00	126	124	109	99	93	551	5	0
11/05/2015 17:05	124	122	107	97	91	541	5	0
11/05/2015 17:10	132	130	114	104	98	578	5	0
11/05/2015 17:15	120	119	105	95	90	529	5	0
11/05/2015 17:20	114	114	100	91	86	505	5	0
11/05/2015 17:25	108	108	95	86	81	478	5	0
11/05/2015 17:30	110	110	97	88	83	488	5	0
11/05/2015 17:35	111	111	98	89	84	493	5	0
11/05/2015 17:40	109	110	97	88	83	487	5	0
11/05/2015 17:45	122	121	106	97	91	537	5	0
11/05/2015 17:50	113	113	99	90	84	499	5	0
11/05/2015 17:55	108	108	95	86	81	478	5	0
11/05/2015 18:00	117	116	102	93	87	515	5	0
11/05/2015 18:05	111	111	98	88	83	491	5	0
11/05/2015 18:10	108	108	95	86	81	478	5	0
11/05/2015 18:15	116	116	102	92	87	513	5	0
11/05/2015 18:20	120	119	104	95	89	527	5	0
11/05/2015 18:25	122	121	106	97	91	537	5	0
11/05/2015 18:30	113	113	99	90	85	500	5	0
11/05/2015 18:35	134	131	116	105	99	585	5	0
11/05/2015 18:40	117	117	103	93	88	518	5	0
11/05/2015 18:45	123	122	107	97	91	540	5	0
11/05/2015 18:50	131	129	114	103	97	574	5	0
11/05/2015 18:55	128	126	111	101	95	561	5	0
11/05/2015 19:00	126	124	109	99	93	551	5	0
11/05/2015 19:05	124	123	108	98	92	545	5	0
11/05/2015 19:10	138	134	118	107	101	598	5	0
11/05/2015 19:15	145	140	124	112	105	626	5	0
11/05/2015 19:20	132	129	114	103	97	575	5	0
11/05/2015 19:25	135	132	116	106	99	588	5	0
11/05/2015 19:30	144	140	123	112	105	624	5	0
11/05/2015 19:35	136	133	117	106	100	592	5	0
11/05/2015 19:40	150	145	128	116	109	648	5	0
11/05/2015 19:45	150	145	128	116	109	648	5	0
11/05/2015 19:50	154	149	131	119	111	664	5	0
11/05/2015 19:55	162	156	137	125	117	697	5	0
11/05/2015 20:00	135	132	116	105	99	587	5	0
11/05/2015 20:05	161	154	136	124	116	691	5	0
11/05/2015 20:10	147	143	125	114	107	636	5	0
11/05/2015 20:15	154	149	130	119	111	663	5	0
11/05/2015 20:20	160	154	135	123	115	687	5	0
11/05/2015 20:25	164	157	138	126	118	703	5	0
11/05/2015 20:30	150	145	127	116	109	647	5	0
11/05/2015 20:35	149	144	127	115	108	643	5	0
11/05/2015 20:40	149	144	127	115	108	643	5	0
11/05/2015 20:45	158	152	134	122	114	680	5	0
11/05/2015 20:50	146	141	124	113	106	630	5	0
11/05/2015 20:55	146	142	124	113	106	631	5	0
11/05/2015 21:00	140	136	120	109	102	607	5	0
11/05/2015 21:05	147	142	125	114	106	634	5	0
11/05/2015 21:10	143	139	122	111	105	620	5	0
11/05/2015 21:15	135	132	116	105	99	587	5	0
11/05/2015 21:20	127	125	110	100	94	556	5	0
11/05/2015 21:25	129	126	111	101	95	562	5	0
11/05/2015 21:30	127	125	110	100	94	556	5	0
11/05/2015 21:35	140	136	120	109	102	607	5	0
11/05/2015 21:40	128	126	110	100	94	558	5	0
11/05/2015 21:45	133	130	114	104	97	578	5	0
11/05/2015 21:50	121	119	105	95	89	529	5	0
11/05/2015 21:55	120	118	104	94	89	525	5	0
11/05/2015 22:00	112	111	97	88	83	491	5	0
11/05/2015 22:05	123	122	107	97	92	541	5	0
11/05/2015 22:10	125	124	109	99	93	550	5	0
11/05/2015 22:15	128	126	111	100	94	559	5	0
11/05/2015 22:20	125	124	109	99	93	550	5	0
11/05/2015 22:25	101	103	90	82	77	453	5	0
11/05/2015 22:30	114	113	99	90	85	501	5	0
11/05/2015 22:35	89	92	81	73	69	404	5	0
11/05/2015 22:40	114	114	100	91	85	504	5	0
11/05/2015 22:45	92	94	83	75	71	415	5	0
11/05/2015 22:50	92	94	83	75	71	415	5	0
11/05/2015 22:55	91	93	82	74	70	410	5	0
11/05/2015 23:00	80	84	74	67	63	368	5	0
11/05/2015 23:05	79	83	73	66	63	364	5	0
11/05/2015 23:10	86	89	79	71	67	392	5	0
11/05/2015 23:15	82	86	76	68	65	377	5	0
11/05/2015 23:20	80	84	74	67	63	368	5	0
11/05/2015 23:25	75	79	70	63	60	347	5	0
11/05/2015 23:30	73	78	69	62	59	341	5	0
11/05/2015 23:35	69	74	65	59	56	323	5	0
11/05/2015 23:40	71	77	68	61	58	335	5	0
11/05/2015 23:45	67	72	64	57	55	315	5	0
11/05/2015 23:50	64	70	61	55	53	303	5	0
11/05/2015 23:55	51	59	52	46	44	252	5	0
11/06/2015 00:00	52	59	53	47	45	256	5	0
11/06/2015 00:05	61	68	60	54	51	294	5	0
11/06/2015 00:10	58	65	57	51	49	280	5	0
11/06/2015 00:15	56	63	55	50	48	272	5	0
11/06/2015 00:20	52	60	53	47	45	257	5	0
11/06/2015 00:25	53	60	53	48	45	259	5	0
11/06/2015 00:30	46	54	48	43	41	232	5	0
11/06/2015 00:35	38	47	41	37	35	198	5	0
11/06/2015 00:40	42	50	45	40	38	215	5	0
11/06/2015 00:45	50	58	51	46	44	249	5	0
11/06/2015 00:50	40	49	43	39	37	208	5	0
11/06/2015 00:55	36	46	40	36	35	193	5	0
11/06/2015 01:00	40	49	44	39	38	210	5	0
11/06/2015 01:05	33	43	38	33	32	179	5	0
11/06/2015 01:10	39	48	42	38	36	203	5	0
11/06/2015 01:15	37	46	41	36	35	195	5	0
11/06/2015 01:20	33	42	38	33	32	178	5	0
11/06/2015 01:25	34	43	38	34	33	182	5	0
11/06/2015 01:30	29	39	35	31	30	164	5	0
11/06/2015 01:35	28	38	34	30	29	159	5	0
11/06/2015 01:40	33	43	38	34	32	180	5	0
11/06/2015 01:45	36	45	40	35	34	190	5	0
11/06/2015 01:50	30	40	35	31	30	166	5	0
11/06/2015 01:55	30	40	35	31	30	166	5	0
11/06/2015 02:00	29	39	35	31	30	164	5	0
11/06/2015 02:05	26	36	32	29	28	151	5	0
11/06/2015 02:10	33	43	38	34	33	181	5	0
11/06/2015 02:15	40	49	44	39	38	210	5	0
11/06/2015 02:20	31	41	36	32	31	171	5	0
11/06/2015 02:25	29	39	34	30	30	162	5	0
11/06/2015 02:30	31	41	36	32	31	171	5	0
11/06/2015 02:35	34	44	39	34	33	184	5	0
11/06/2015 02:40	35	45	40	35	34	189	5	0
11/06/2015 02:45	28	38	34	30	29	159	5	0
11/06/2015 02:50	28	39	34	30	30	161	5	0
11/06/2015 02:55	25	36	32	28	28	149	5	0
11/06/2015 03:00	22	33	30	26	26	137	5	0
11/06/2015 03:05	19	31	27	24	24	125	5	0
11/06/2015 03:10	34	44	39	35	34	186	5	0
11/06/2015 03:15	23	34	30	27	26	140	5	0
11/06/2015 03:20	25	36	32	28	27	148	5	0
11/06/2015 03:25	26	37	33	29	28	153	5	0
11/06/2015 03:30	30	40	36	32	31	169	5	0
11/06/2015 03:35	21	32	28	25	25	131	5	0
11/06/2015 03:40	24	35	31	28	27	145	5	0
11/06/2015 03:45	29	39	35	31	30	164	5	0
11/06/2015 03:50	26	36	32	28	28	150	5	0
11/06/2015 03:55	27	38	33	29	29	156	5	0
11/06/2015 04:00	20	31	28	24	24	127	5	0
11/06/2015 04:05	30	40	36	32	31	169	5	0
11/06/2015 04:10	28	38	34	30	29	159	5	0
11/06/2015 04:15	37	46	41	36	35	195	5	0
11/06/2015 04:20	38	47	42	37	36	200	5	0
11/06/2015 04:25	35	44	39	35	34	187	5	0
11/06/2015 04:30	40	49	43	39	37	208	5	0
11/06/2015 04:35	50	57	51	45	44	247	5	0
11/06/2015 04:40	51	58	52	46	44	251	5	0
11/06/2015 04:45	54	61	54	48	46	263	5	0
11/06/2015 04:50	57	64	56	51	48	276	5	0
11/06/2015 04:55	52	59	52	47	45	255	5	0
11/06/2015 05:00	46	54	48	43	41	232	5	0
11/06/2015 05:05	51	59	52	47	45	254	5	0
11/06/2015 05:10	70	75	66	60	57	328	5	0
11/06/2015 05:15	72	77	67	61	58	335	5	0
11/06/2015 05:20	79	83	73	66	62	363	5	0
11/06/2015 05:25	82	85	75	67	64	373	5	0
11/06/2015 05:30	98	100	88	80	75	441	5	0
11/06/2015 05:35	103	104	91	83	78	459	5	0
11/06/2015 05:40	115	114	100	91	86	506	5	0
11/06/2015 05:45	114	114	100	91	86	505	5	0
11/06/2015 05:50	108	108	96	87	82	481	5	0
11/06/2015 05:55	106	107	94	85	80	472	5	0
11/06/2015 06:00	99	101	89	80	76	445	5	0
11/06/2015 06:05	87	90	79	71	68	395	5	0
11/06/2015 06:10	138	134	117	107	100	596	5	0
11/06/2015 06:15	123	122	107	97	91	540	5	0
11/06/2015 06:20	108	108	95	87	82	480	5	0
11/06/2015 06:25	124	123	108	98	92	545	5	0
11/06/2015 06:30	125	123	108	98	93	547	5	0
11/06/2015 06:35	148	143	126	114	107	638	5	0
11/06/2015 06:40	152	147	129	118	110	656	5	0
11/06/2015 06:45	137	134	117	107	100	595	5	0
11/06/2015 06:50	157	152	133	121	114	677	5	0
11/06/2015 06:55	146	142	125	113	106	632	5	0
11/06/2015 07:00	159	153	134	122	115	683	5	0
11/06/2015 07:05	163	157	138	125	118	701	5	0
11/06/2015 07:10	159	153	134	122	115	683	5	0
11/06/2015 07:15	171	164	144	131	123	733	5	0
11/06/2015 07:20	187	177	156	142	133	795	5	0
11/06/2015 07:25	193	182	160	146	136	817	5	0
11/06/2015 07:30	184	175	154	140	131	784	5	0
11/06/2015 07:35	186	176	155	141	132	790	5	0
11/06/2015 07:40	172	164	144	132	123	735	5	0
11/06/2015 07:45	174	166	146	133	124	743	5	0
11/06/2015 07:50	187	177	156	142	133	795	5	0
11/06/2015 07:55	178	169	149	136	127	759	5	0
11/06/2015 08:00	178	170	149	136	127	760	5	0
11/06/2015 08:05	179	170	149	136	127	761	5	0
11/06/2015 08:10	183	174	152	139	130	778	5	0
11/06/2015 08:15	177	169	148	135	127	756	5	0
11/06/2015 08:20	178	169	149	136	127	759	5	0
11/06/2015 08:25	181	173	152	139	130	775	5	0
11/06/2015 08:30	177	169	148	135	127	756	5	0
11/06/2015 08:35	177	169	148	135	126	755	5	0
11/06/2015 08:40	167	161	141	129	121	719	5	0
11/06/2015 08:45	175	167	146	133	125	746	5	0
11/06/2015 08:50	165	158	139	127	119	708	5	0
11/06/2015 08:55	187	177	156	142	133	795	5	0
11/06/2015 09:00	164	157	138	126	118	703	5	0
11/06/2015 09:05	161	155	136	124	116	692	5	0
11/06/2015 09:10	151	146	128	116	109	650	5	0
11/06/2015 09:15	175	166	146	133	124	744	5	0
11/06/2015 09:20	164	157	138	125	117	701	5	0
11/06/2015 09:25	167	160	140	128	120	715	5	0
11/06/2015 09:30	154	148	130	118	111	661	5	0
11/06/2015 09:35	168	161	141	129	120	719	5	0
11/06/2015 09:40	148	143	126	114	107	638	5	0
11/06/2015 09:45	161	154	135	123	116	689	5	0
11/06/2015 09:50	144	140	123	112	105	624	5	0
11/06/2015 09:55	156	150	131	120	112	669	5	0
11/06/2015 10:00	152	147	129	117	110	655	5	0
11/06/2015 10:05	137	134	117	107	100	595	5	0
11/06/2015 10:10	150	145	127	116	109	647	5	0
11/06/2015 10:15	156	150	131	120	112	669	5	0
11/06/2015 10:20	152	146	129	117	110	654	5	0
11/06/2015 10:25	146	142	125	113	106	632	5	0
11/06/2015 10:30	153	147	129	117	110	656	5	0
11/06/2015 10:35	152	147	129	117	110	655	5	0
11/06/2015 10:40	145	140	123	112	105	625	5	0
11/06/2015 10:45	142	138	121	110	103	614	5	0
11/06/2015 10:50	143	139	122	111	105	620	5	0
11/06/2015 10:55	156	150	132	120	112	670	5	0
11/06/2015 11:00	143	139	122	111	104	619	5	0
11/06/2015 11:05	144	140	123	112	105	624	5	0
11/06/2015 11:10	155	150	131	120	112	668	5	0
11/06/2015 11:15	160	153	135	123	115	686	5	0
11/06/2015 11:20	152	146	128	117	109	652	5	0
11/06/2015 11:25	153	147	129	117	110	656	5	0
11/06/2015 11:30	151	146	128	116	109	650	5	0
11/06/2015 11:35	146	141	124	113	106	630	5	0
11/06/2015 11:40	155	149	131	119	112	666	5	0
11/06/2015 11:45	137	134	118	107	101	597	5	0
11/06/2015 11:50	167	159	140	127	119	712	5	0
11/06/2015 11:55	172	164	144	131	122	733	5	0
11/06/2015 12:00	151	145	128	116	109	649	5	0
11/06/2015 12:05	156	150	131	119	112	668	5	0
11/06/2015 12:10	156	151	132	120	113	672	5	0
11/06/2015 12:15	161	155	136	124	116	692	5	0
11/06/2015 12:20	170	162	142	130	121	725	5	0
11/06/2015 12:25	164	157	138	126	118	703	5	0
11/06/2015 12:30	162	156	136	124	116	694	5	0
11/06/2015 12:35	159	153	135	122	115	684	5	0
11/06/2015 12:40	160	154	135	123	115	687	5	0
11/06/2015 12:45	133	130	114	104	97	578	5	0
11/06/2015 12:50	161	155	136	124	116	692	5	0
11/06/2015 12:55	159	153	134	122	115	683	5	0
11/06/2015 13:00	164	158	138	126	118	704	5	0
11/06/2015 13:05	175	167	146	133	125	746	5	0
11/06/2015 13:10	154	148	130	118	111	661	5	0
11/06/2015 13:15	159	153	134	122	114	682	5	0
11/06/2015 13:20	177	169	148	135	126	755	5	0
11/06/2015 13:25	170	162	142	130	121	725	5	0
11/06/2015 13:30	171	163	143	130	122	729	5	0
11/06/2015 13:35	163	156	136	124	116	695	5	0
11/06/2015 13:40	158	151	133	121	113	676	5	0
11/06/2015 13:45	165	159	140	127	119	710	5	0
11/06/2015 13:50	162	156	137	125	117	697	5	0
11/06/2015 13:55	144	140	123	112	105	624	5	0
11/06/2015 14:00	150	146	128	117	109	650	5	0
11/06/2015 14:05	154	149	131	119	112	665	5	0
11/06/2015 14:10	143	139	123	112	105	622	5	0
11/06/2015 14:15	152	147	129	117	110	655	5	0
11/06/2015 14:20	150	145	128	116	109	648	5	0
11/06/2015 14:25	137	134	117	107	100	595	5	0
11/06/2015 14:30	143	139	122	111	105	620	5	0
11/06/2015 14:35	148	144	126	115	108	641	5	0
11/06/2015 14:40	139	136	119	108	102	604	5	0
11/06/2015 14:45	128	126	111	101	95	561	5	0
11/06/2015 14:50	141	137	121	110	103	612	5	0
11/06/2015 14:55	124	123	108	98	92	545	5	0
11/06/2015 15:00	125	123	108	98	92	546	5	0
11/06/2015 15:05	132	129	114	103	97	575	5	0
11/06/2015 15:10	147	142	125	114	107	635	5	0
11/06/2015 15:15	141	137	120	109	102	609	5	0
11/06/2015 15:20	132	129	113	103	97	574	5	0
11/06/2015 15:25	133	130	114	104	98	579	5	0
11/06/2015 15:30	133	130	115	104	98	580	5	0
11/06/2015 15:35	123	121	106	96	91	537	5	0
11/06/2015 15:40	127	125	110	100	94	556	5	0
11/06/2015 15:45	127	125	109	99	93	553	5	0
11/06/2015 15:50	129	127	111	101	95	563	5	0
11/06/2015 15:55	131	128	113	102	96	570	5	0
11/06/2015 16:00	139	135	119	108	102	603	5	0
11/06/2015 16:05	141	138	121	110	103	613	5	0
11/06/2015 16:10	132	129	113	103	97	574	5	0
11/06/2015 16:15	133	130	115	104	98	580	5	0
11/06/2015 16:20	138	135	118	108	101	600	5	0
11/06/2015 16:25	136	133	117	107	100	593	5	0
11/06/2015 16:30	136	133	117	106	99	591	5	0
11/06/2015 16:35	131	128	113	102	96	570	5	0
11/06/2015 16:40	136	133	117	106	100	592	5	0
11/06/2015 16:45	147	142	125	114	107	635	5	0
11/06/2015 16:50	130	128	112	102	96	568	5	0
11/06/2015 16:55	132	129	114	104	97	576	5	0
11/06/2015 17:00	133	130	114	104	98	579	5	0
11/06/2015 17:05	143	139	122	111	104	619	5	0
11/06/2015 17:10	137	133	117	107	100	594	5	0
11/06/2015 17:15	139	136	119	108	102	604	5	0
11/06/2015 17:20	138	135	118	108	101	600	5	0
11/06/2015 17:25	130	128	113	102	96	569	5	0
11/06/2015 17:30	127	125	110	100	94	556	5	0
11/06/2015 17:35	127	125	110	100	94	556	5	0
11/06/2015 17:40	138	135	118	107	101	599	5	0
11/06/2015 17:45	137	133	117	107	100	594	5	0
11/06/2015 17:50	141	137	120	109	103	610	5	0
11/06/2015 17:55	146	141	124	113	106	630	5	0
11/06/2015 18:00	138	134	118	107	100	597	5	0
11/06/2015 18:05	139	136	119	108	102	604	5	0
11/06/2015 18:10	137	133	117	107	100	594	5	0
11/06/2015 18:15	138	135	119	108	101	601	5	0
11/06/2015 18:20	143	139	122	111	104	619	5	0
11/06/2015 18:25	135	132	116	105	99	587	5	0
11/06/2015 18:30	145	141	124	112	106	628	5	0
11/06/2015 18:35	140	136	119	108	102	605	5	0
11/06/2015 18:40	139	135	119	108	102	603	5	0
11/06/2015 18:45	149	144	126	115	108	642	5	0
11/06/2015 18:50	145	141	124	112	105	627	5	0
11/06/2015 18:55	152	147	129	117	110	655	5	0
11/06/2015 19:00	155	150	131	120	112	668	5	0
11/06/2015 19:05	146	142	124	113	106	631	5	0
11/06/2015 19:10	153	148	130	118	111	660	5	0
11/06/2015 19:15	150	145	128	116	109	648	5	0
11/06/2015 19:20	140	136	120	109	102	607	5	0
11/06/2015 19:25	146	142	125	113	106	632	5	0
11/06/2015 19:30	150	145	127	116	109	647	5	0
11/06/2015 19:35	140	137	120	109	102	608	5	0
11/06/2015 19:40	150	144	127	115	108	644	5	0
11/06/2015 19:45	158	152	133	121	114	678	5	0
11/06/2015 19:50	158	152	134	122	114	680	5	0
11/06/2015 19:55	157	152	133	121	114	677	5	0
11/06/2015 20:00	166	159	140	127	119	711	5	0
11/06/2015 20:05	167	160	141	128	120	716	5	0
11/06/2015 20:10	162	156	137	124	117	696	5	0
11/06/2015 20:15	159	153	134	122	114	682	5	0
11/06/2015 20:20	165	158	138	126	118	705	5	0
11/06/2015 20:25	156	150	132	120	113	671	5	0
11/06/2015 20:30	164	157	137	125	117	700	5	0
11/06/2015 20:35	148	143	125	114	107	637	5	0
11/06/2015 20:40	170	163	143	130	122	728	5	0
11/06/2015 20:45	135	131	115	105	98	584	5	0
11/06/2015 20:50	154	148	129	118	110	659	5	0
11/06/2015 20:55	140	136	120	109	102	607	5	0
11/06/2015 21:00	131	129	114	103	97	574	5	0
11/06/2015 21:05	144	140	123	112	105	624	5	0
11/06/2015 21:10	133	130	114	104	97	578	5	0
11/06/2015 21:15	135	132	116	105	99	587	5	0
11/06/2015 21:20	126	124	109	99	93	551	5	0
11/06/2015 21:25	132	130	114	103	97	576	5	0
11/06/2015 21:30	130	128	113	102	96	569	5	0
11/06/2015 21:35	131	129	113	103	96	572	5	0
11/06/2015 21:40	127	125	110	100	94	556	5	0
11/06/2015 21:45	124	122	107	97	91	541	5	0
11/06/2015 21:50	128	126	110	100	94	558	5	0
11/06/2015 21:55	110	110	96	87	82	485	5	0
11/06/2015 22:00	119	118	104	94	89	524	5	0
11/06/2015 22:05	116	116	102	92	87	513	5	0
11/06/2015 22:10	125	123	108	98	92	546	5	0
11/06/2015 22:15	120	118	104	94	89	525	5	0
11/06/2015 22:20	113	113	99	90	85	500	5	0
11/06/2015 22:25	104	105	92	83	79	463	5	0
11/06/2015 22:30	125	123	108	98	93	547	5	0
11/06/2015 22:35	107	107	95	86	81	476	5	0
11/06/2015 22:40	120	119	104	95	89	527	5	0
11/06/2015 22:45	105	106	93	84	80	468	5	0
11/06/2015 22:50	106	107	94	85	80	472	5	0
11/06/2015 22:55	96	98	86	78	74	432	5	0
11/06/2015 23:00	100	101	89	81	76	447	5	0
11/06/2015 23:05	96	98	87	79	74	434	5	0
11/06/2015 23:10	103	104	91	83	78	459	5	0
11/06/2015 23:15	101	103	90	82	77	453	5	0
11/06/2015 23:20	109	109	96	87	82	483	5	0
11/06/2015 23:25	95	97	86	78	73	429	5	0
11/06/2015 23:30	91	93	82	74	70	410	5	0
11/06/2015 23:35	96	98	86	78	74	432	5	0
11/06/2015 23:40	93	95	84	76	72	420	5	0
11/06/2015 23:45	80	84	74	67	64	369	5	0
11/06/2015 23:50	79	83	73	66	63	364	5	0
11/06/2015 23:55	76	81	71	64	61	353	5	0
11/07/2015 00:00	74	79	69	62	59	343	5	0
11/07/2015 00:05	72	76	67	61	58	334	5	0
11/07/2015 00:10	71	76	67	61	58	333	5	0
11/07/2015 00:15	73	78	69	62	59	341	5	0
11/07/2015 00:20	64	70	62	56	53	305	5	0
11/07/2015 00:25	69	74	66	59	56	324	5	0
11/07/2015 00:30	60	67	59	53	50	289	5	0
11/07/2015 00:35	54	61	54	49	47	265	5	0
11/07/2015 00:40	55	62	55	49	47	268	5	0
11/07/2015 00:45	64	70	62	56	53	305	5	0
11/07/2015 00:50	56	63	55	50	47	271	5	0
11/07/2015 00:55	51	59	52	46	44	252	5	0
11/07/2015 01:00	41	50	44	39	38	212	5	0
11/07/2015 01:05	58	65	57	51	49	280	5	0
11/07/2015 01:10	43	51	45	41	39	219	5	0
11/07/2015 01:15	54	61	54	49	46	264	5	0
11/07/2015 01:20	42	51	45	40	39	217	5	0
11/07/2015 01:25	47	56	49	44	42	238	5	0
11/07/2015 01:30	42	51	45	40	39	217	5	0
11/07/2015 01:35	42	50	44	39	38	213	5	0
11/07/2015 01:40	44	52	46	41	40	223	5	0
11/07/2015 01:45	47	55	49	44	42	237	5	0
11/07/2015 01:50	44	53	47	42	40	226	5	0
11/07/2015 01:55	32	42	37	33	32	176	5	0
11/07/2015 02:00	41	50	44	39	38	212	5	0
11/07/2015 02:05	47	55	49	44	42	237	5	0
11/07/2015 02:10	43	51	46	41	39	220	5	0
11/07/2015 02:15	56	63	55	49	47	270	5	0
11/07/2015 02:20	44	52	46	41	39	222	5	0
11/07/2015 02:25	43	51	45	40	39	218	5	0
11/07/2015 02:30	40	49	44	39	37	209	5	0
11/07/2015 02:35	38	47	41	37	36	199	5	0
11/07/2015 02:40	37	46	41	36	35	195	5	0
11/07/2015 02:45	34	44	39	35	34	186	5	0
11/07/2015 02:50	37	46	41	36	35	195	5	0
11/07/2015 02:55	36	45	40	35	34	190	5	0
11/07/2015 03:00	36	45	40	36	35	192	5	0
11/07/2015 03:05	32	42	37	33	32	176	5	0
11/07/2015 03:10	26	37	32	29	28	152	5	0
11/07/2015 03:15	32	42	37	33	32	176	5	0
11/07/2015 03:20	26	37	33	29	28	153	5	0
11/07/2015 03:25	32	42	38	33	32	177	5	0
11/07/2015 03:30	30	40	35	31	30	166	5	0
11/07/2015 03:35	32	42	37	33	32	176	5	0
11/07/2015 03:40	26	36	32	28	28	150	5	0
11/07/2015 03:45	24	35	31	27	27	144	5	0
11/07/2015 03:50	31	41	36	32	31	171	5	0
11/07/2015 03:55	28	38	34	30	29	159	5	0
11/07/2015 04:00	20	31	28	24	24	127	5	0
11/07/2015 04:05	17	28	25	22	22	114	5	0
11/07/2015 04:10	19	30	27	23	23	122	5	0
11/07/2015 04:15	25	36	32	28	27	148	5	0
11/07/2015 04:20	34	43	38	34	33	182	5	0
11/07/2015 04:25	33	42	38	33	32	178	5	0
11/07/2015 04:30	34	44	39	35	33	185	5	0
11/07/2015 04:35	33	43	38	34	33	181	5	0
11/07/2015 04:40	35	44	39	35	34	187	5	0
11/07/2015 04:45	33	43	38	34	33	181	5	0
11/07/2015 04:50	36	45	40	35	34	190	5	0
11/07/2015 04:55	32	42	37	33	32	176	5	0
11/07/2015 05:00	32	42	37	33	32	176	5	0
11/07/2015 05:05	30	40	36	31	31	168	5	0
11/07/2015 05:10	44	52	46	41	40	223	5	0
11/07/2015 05:15	40	48	43	38	37	206	5	0
11/07/2015 05:20	42	50	44	40	38	214	5	0
11/07/2015 05:25	39	48	42	38	36	203	5	0
11/07/2015 05:30	46	54	48	43	41	232	5	0
11/07/2015 05:35	48	56	49	44	42	239	5	0
11/07/2015 05:40	56	63	56	50	48	273	5	0
11/07/2015 05:45	53	60	53	48	46	260	5	0
11/07/2015 05:50	54	61	53	48	46	262	5	0
11/07/2015 05:55	51	58	51	46	44	250	5	0
11/07/2015 06:00	51	59	52	46	44	252	5	0
11/07/2015 06:05	57	63	56	50	48	274	5	0
11/07/2015 06:10	63	69	61	55	52	300	5	0
11/07/2015 06:15	66	72	63	57	54	312	5	0
11/07/2015 06:20	68	73	65	58	55	319	5	0
11/07/2015 06:25	67	73	64	58	55	317	5	0
11/07/2015 06:30	79	83	73	66	63	364	5	0
11/07/2015 06:35	76	81	71	64	61	353	5	0
11/07/2015 06:40	84	87	77	70	66	384	5	0
11/07/2015 06:45	84	88	77	70	66	385	5	0
11/07/2015 06:50	95	97	85	77	73	427	5	0
11/07/2015 06:55	80	83	73	66	62	364	5	0
11/07/2015 07:00	82	86	75	68	64	375	5	0
11/07/2015 07:05	92	94	83	75	71	415	5	0
11/07/2015 07:10	104	104	92	83	78	461	5	0
11/07/2015 07:15	115	114	100	91	86	506	5	0
11/07/2015 07:20	106	106	93	85	80	470	5	0
11/07/2015 07:25	104	105	92	84	79	464	5	0
11/07/2015 07:30	124	122	107	97	92	542	5	0
11/07/2015 07:35	116	115	101	92	86	510	5	0
11/07/2015 07:40	125	123	109	99	93	549	5	0
11/07/2015 07:45	132	129	114	103	97	575	5	0
11/07/2015 07:50	117	116	102	92	87	514	5	0
11/07/2015 07:55	127	124	109	99	93	552	5	0
11/07/2015 08:00	120	119	105	95	89	528	5	0
11/07/2015 08:05	119	117	103	93	88	520	5	0
11/07/2015 08:10	138	135	118	107	101	599	5	0
11/07/2015 08:15	125	123	108	98	92	546	5	0
11/07/2015 08:20	129	126	111	101	95	562	5	0
11/07/2015 08:25	132	128	112	102	96	570	5	0
11/07/2015 08:30	115	114	100	91	86	506	5	0
11/07/2015 08:35	145	140	123	112	105	625	5	0
11/07/2015 08:40	142	138	121	110	103	614	5	0
11/07/2015 08:45	141	136	119	108	101	605	5	0
11/07/2015 08:50	134	130	114	103	97	578	5	0
11/07/2015 08:55	139	135	119	108	101	602	5	0
11/07/2015 09:00	140	136	120	109	102	607	5	0
11/07/2015 09:05	119	117	103	93	88	520	5	0
11/07/2015 09:10	143	139	122	111	104	619	5	0
11/07/2015 09:15	149	144	126	115	107	641	5	0
11/07/2015 09:20	166	159	139	127	119	710	5	0
11/07/2015 09:25	144	139	122	111	104	620	5	0
11/07/2015 09:30	162	155	136	124	116	693	5	0
11/07/2015 09:35	138	134	117	107	100	596	5	0
11/07/2015 09:40	161	155	136	124	116	692	5	0
11/07/2015 09:45	146	141	123	112	105	627	5	0
11/07/2015 09:50	169	161	141	129	121	721	5	0
11/07/2015 09:55	152	146	128	117	109	652	5	0
11/07/2015 10:00	156	150	131	119	112	668	5	0
11/07/2015 10:05	158	151	132	121	113	675	5	0
11/07/2015 10:10	153	147	129	117	110	656	5	0
11/07/2015 10:15	164	158	138	126	118	704	5	0
11/07/2015 10:20	167	160	140	128	120	715	5	0
11/07/2015 10:25	159	152	134	122	114	681	5	0
11/07/2015 10:30	167	160	140	127	119	713	5	0
11/07/2015 10:35	154	148	130	119	111	662	5	0
11/07/2015 10:40	161	154	135	123	115	688	5	0
11/07/2015 10:45	154	148	130	118	111	661	5	0
11/07/2015 10:50	166	159	139	127	119	710	5	0
11/07/2015 10:55	154	149	130	119	111	663	5	0
11/07/2015 11:00	157	151	132	120	113	673	5	0
11/07/2015 11:05	173	165	144	131	123	736	5	0
11/07/2015 11:10	154	149	130	119	111	663	5	0
11/07/2015 11:15	161	155	136	124	116	692	5	0
11/07/2015 11:20	145	141	124	113	106	629	5	0
11/07/2015 11:25	163	156	137	125	117	698	5	0
11/07/2015 11:30	178	169	148	135	127	757	5	0
11/07/2015 11:35	176	167	146	133	125	747	5	0
11/07/2015 11:40	169	162	142	129	121	723	5	0
11/07/2015 11:45	167	160	140	128	119	714	5	0
11/07/2015 11:50	173	165	145	132	123	738	5	0
11/07/2015 11:55	169	162	142	129	121	723	5	0
11/07/2015 12:00	168	161	141	128	120	718	5	0
11/07/2015 12:05	166	159	140	127	119	711	5	0
11/07/2015 12:10	171	163	143	130	122	729	5	0
11/07/2015 12:15	163	156	137	125	117	698	5	0
11/07/2015 12:20	170	163	144	131	122	730	5	0
11/07/2015 12:25	169	161	141	129	121	721	5	0
11/07/2015 12:30	160	153	135	123	115	686	5	0
11/07/2015 12:35	174	166	146	133	124	743	5	0
11/07/2015 12:40	169	161	141	129	121	721	5	0
11/07/2015 12:45	171	163	144	131	122	731	5	0
11/07/2015 12:50	169	162	142	129	121	723	5	0
11/07/2015 12:55	173	165	145	132	124	739	5	0
11/07/2015 13:00	169	162	143	130	122	726	5	0
11/07/2015 13:05	150	145	128	116	109	648	5	0
11/07/2015 13:10	155	150	132	120	113	670	5	0
11/07/2015 13:15	162	156	138	125	118	699	5	0
11/07/2015 13:20	159	154	135	123	115	686	5	0
11/07/2015 13:25	179	171	150	137	128	765	5	0
11/07/2015 13:30	170	163	143	130	122	728	5	0
11/07/2015 13:35	166	160	140	128	120	714	5	0
11/07/2015 13:40	168	161	141	129	120	719	5	0
11/07/2015 13:45	176	168	148	135	126	753	5	0
11/07/2015 13:50	159	153	134	122	115	683	5	0
11/07/2015 13:55	172	164	144	131	123	734	5	0
11/07/2015 14:00	169	161	142	129	121	722	5	0
11/07/2015 14:05	169	161	142	129	121	722	5	0
11/07/2015 14:10	165	158	139	126	118	706	5	0
11/07/2015 14:15	169	162	142	129	121	723	5	0
11/07/2015 14:20	178	170	150	136	128	762	5	0
11/07/2015 14:25	165	158	139	126	118	706	5	0
11/07/2015 14:30	167	160	141	128	120	716	5	0
11/07/2015 14:35	173	165	145	132	124	739	5	0
11/07/2015 14:40	172	165	145	132	124	738	5	0
11/07/2015 14:45	169	161	142	129	121	722	5	0
11/07/2015 14:50	171	164	144	131	123	733	5	0
11/07/2015 14:55	159	152	134	122	114	681	5	0
11/07/2015 15:00	166	159	140	127	119	711	5	0
11/07/2015 15:05	158	152	133	121	114	678	5	0
11/07/2015 15:10	171	163	143	131	122	730	5	0
11/07/2015 15:15	174	166	145	132	124	741	5	0
11/07/2015 15:20	167	160	141	128	120	716	5	0
11/07/2015 15:25	173	165	145	132	124	739	5	0
11/07/2015 15:30	174	166	146	133	124	743	5	0
11/07/2015 15:35	176	168	147	134	125	750	5	0
11/07/2015 15:40	172	164	145	132	123	736	5	0
11/07/2015 15:45	170	162	143	130	122	727	5	0
11/07/2015 15:50	163	157	138	125	118	701	5	0
11/07/2015 15:55	165	159	139	127	119	709	5	0
11/07/2015 16:00	170	163	143	131	122	729	5	0
11/07/2015 16:05	172	165	145	132	123	737	5	0
11/07/2015 16:10	163	156	137	125	117	698	5	0
11/07/2015 16:15	163	157	138	125	117	700	5	0
11/07/2015 16:20	161	155	136	124	116	692	5	0
11/07/2015 16:25	164	158	139	126	118	705	5	0
11/07/2015 16:30	163	156	138	125	118	700	5	0
11/07/2015 16:35	169	162	142	130	121	724	5	0
11/07/2015 16:40	163	157	138	125	117	700	5	0
11/07/2015 16:45	174	166	146	133	125	744	5	0
11/07/2015 16:50	168	161	142	129	121	721	5	0
11/07/2015 16:55	167	160	141	128	120	716	5	0
11/07/2015 17:00	165	158	139	127	119	708	5	0
11/07/2015 17:05	165	158	139	127	119	708	5	0
11/07/2015 17:10	166	159	140	128	119	712	5	0
11/07/2015 17:15	153	147	129	118	110	657	5	0
11/07/2015 17:20	154	148	130	118	111	661	5	0
11/07/2015 17:25	164	157	138	126	118	703	5	0
11/07/2015 17:30	163	157	138	125	117	700	5	0
11/07/2015 17:35	160	154	135	123	115	687	5	0
11/07/2015 17:40	156	150	132	120	113	671	5	0
11/07/2015 17:45	152	147	129	117	110	655	5	0
11/07/2015 17:50	159	153	134	122	114	682	5	0
11/07/2015 17:55	157	151	133	121	113	675	5	0
11/07/2015 18:00	157	151	132	120	113	673	5	0
11/07/2015 18:05	155	149	131	119	112	666	5	0
11/07/2015 18:10	163	156	138	125	117	699	5	0
11/07/2015 18:15	161	155	136	124	116	692	5	0
11/07/2015 18:20	169	161	142	129	121	722	5	0
11/07/2015 18:25	165	158	139	127	119	708	5	0
11/07/2015 18:30	146	142	125	114	107	634	5	0
11/07/2015 18:35	165	158	139	127	119	708	5	0
11/07/2015 18:40	160	153	135	123	115	686	5	0
11/07/2015 18:45	165	158	139	126	118	706	5	0
11/07/2015 18:50	163	156	137	125	117	698	5	0
11/07/2015 18:55	157	151	133	121	113	675	5	0
11/07/2015 19:00	163	156	137	125	117	698	5	0
11/07/2015 19:05	158	152	134	122	114	680	5	0
11/07/2015 19:10	172	165	145	132	123	737	5	0
11/07/2015 19:15	164	157	138	126	118	703	5	0
11/07/2015 19:20	145	141	123	112	105	626	5	0
11/07/2015 19:25	160	153	135	123	115	686	5	0
11/07/2015 19:30	135	132	116	105	99	587	5	0
11/07/2015 19:35	155	149	131	120	112	667	5	0
11/07/2015 19:40	143	139	122	111	104	619	5	0
11/07/2015 19:45	142	138	122	111	104	617	5	0
11/07/2015 19:50	158	152	134	122	114	680	5	0
11/07/2015 19:55	134	131	115	105	98	583	5	0
11/07/2015 20:00	152	147	129	117	110	655	5	0
11/07/2015 20:05	143	139	122	111	104	619	5	0
11/07/2015 20:10	139	136	119	108	102	604	5	0
11/07/2015 20:15	148	144	126	115	108	641	5	0
11/07/2015 20:20	125	123	108	98	93	547	5	0
11/07/2015 20:25	128	126	110	100	94	558	5	0
11/07/2015 20:30	103	104	91	83	78	459	5	0
11/07/2015 20:35	125	123	108	98	92	546	5	0
11/07/2015 20:40	111	111	98	89	84	493	5	0
11/07/2015 20:45	116	116	102	93	87	514	5	0
11/07/2015 20:50	97	99	87	79	74	436	5	0
11/07/2015 20:55	109	109	96	87	82	483	5	0
11/07/2015 21:00	111	111	98	89	84	493	5	0
11/07/2015 21:05	117	116	102	93	87	515	5	0
11/07/2015 21:10	106	107	94	85	81	473	5	0
11/07/2015 21:15	109	109	96	87	82	483	5	0
11/07/2015 21:20	126	124	109	99	93	551	5	0
11/07/2015 21:25	93	95	84	76	71	419	5	0
11/07/2015 21:30	123	121	106	97	91	538	5	0
11/07/2015 21:35	101	102	90	81	76	450	5	0
11/07/2015 21:40	113	113	100	90	85	501	5	0
11/07/2015 21:45	102	103	91	82	77	455	5	0
11/07/2015 21:50	117	116	102	93	87	515	5	0
11/07/2015 21:55	113	113	99	90	85	500	5	0
11/07/2015 22:00	116	115	101	92	86	510	5	0
11/07/2015 22:05	114	114	101	92	86	507	5	0
11/07/2015 22:10	121	120	105	96	90	532	5	0
11/07/2015 22:15	120	119	104	95	89	527	5	0
11/07/2015 22:20	111	111	97	88	83	490	5	0
11/07/2015 22:25	127	125	109	99	93	553	5	0
11/07/2015 22:30	96	98	86	78	73	431	5	0
11/07/2015 22:35	110	110	97	88	83	488	5	0
11/07/2015 22:40	94	96	84	76	72	422	5	0
11/07/2015 22:45	116	115	102	92	87	512	5	0
11/07/2015 22:50	110	110	97	88	83	488	5	0
11/07/2015 22:55	107	108	95	86	81	477	5	0
11/07/2015 23:00	112	112	98	89	83	494	5	0
11/07/2015 23:05	107	107	95	86	81	476	5	0
11/07/2015 23:10	101	102	89	81	76	449	5	0
11/07/2015 23:15	107	107	94	86	81	475	5	0
11/07/2015 23:20	113	113	99	90	85	500	5	0
11/07/2015 23:25	108	108	95	86	81	478	5	0
11/07/2015 23:30	119	118	104	94	89	524	5	0
11/07/2015 23:35	91	93	82	74	70	410	5	0
11/07/2015 23:40	104	105	93	84	79	465	5	0
11/07/2015 23:45	99	101	89	80	76	445	5	0
11/07/2015 23:50	103	104	92	83	79	461	5	0
11/07/2015 23:55	102	103	91	82	78	456	5	0
11/08/2015 00:00	97	99	87	79	74	436	5	0
11/08/2015 00:05	79	83	73	66	63	364	5	0
11/08/2015 00:10	91	94	83	75	71	414	5	0
11/08/2015 00:15	81	85	75	67	64	372	5	0
11/08/2015 00:20	74	78	69	62	59	342	5	0
11/08/2015 00:25	78	82	72	65	62	359	5	0
11/08/2015 00:30	73	78	68	62	58	339	5	0
11/08/2015 00:35	85	88	78	70	67	388	5	0
11/08/2015 00:40	73	78	69	62	59	341	5	0
11/08/2015 00:45	72	77	68	61	58	336	5	0
11/08/2015 00:50	66	72	63	57	54	312	5	0
11/08/2015 00:55	54	61	54	48	46	263	5	0
11/08/2015 01:00	52	59	52	47	45	255	5	0
11/08/2015 01:05	54	61	54	48	46	263	5	0
11/08/2015 01:10	52	59	52	47	45	255	5	0
11/08/2015 01:15	59	65	58	52	49	283	5	0
11/08/2015 01:20	51	58	51	46	44	250	5	0
11/08/2015 01:25	54	61	54	49	47	265	5	0
11/08/2015 01:30	50	57	51	45	43	246	5	0
11/08/2015 01:35	45	54	47	42	41	229	5	0
11/08/2015 01:40	49	57	50	45	43	244	5	0
11/08/2015 01:45	44	52	46	41	40	223	5	0
11/08/2015 01:50	50	58	51	45	43	247	5	0
11/08/2015 01:55	46	54	48	42	41	231	5	0
11/08/2015 02:00	49	57	50	45	43	244	5	0
11/08/2015 02:05	51	58	52	46	44	251	5	0
11/08/2015 02:10	39	48	42	38	36	203	5	0
11/08/2015 02:15	52	60	53	47	45	257	5	0
11/08/2015 02:20	41	49	44	39	37	210	5	0
11/08/2015 02:25	45	53	47	42	40	227	5	0
11/08/2015 02:30	43	51	45	41	39	219	5	0
11/08/2015 02:35	38	47	42	37	36	200	5	0
11/08/2015 02:40	23	34	30	26	26	139	5	0
11/08/2015 02:45	33	43	38	33	32	179	5	0
11/08/2015 02:50	50	58	51	46	44	249	5	0
11/08/2015 02:55	35	44	39	35	33	186	5	0
11/08/2015 03:00	33	42	37	33	32	177	5	0
11/08/2015 03:05	26	36	32	28	28	150	5	0
11/08/2015 03:10	32	42	37	33	32	176	5	0
11/08/2015 03:15	34	43	38	34	32	181	5	0
11/08/2015 03:20	40	49	43	38	37	207	5	0
11/08/2015 03:25	32	42	37	33	32	176	5	0
11/08/2015 03:30	30	40	35	31	30	166	5	0
11/08/2015 03:35	29	39	35	31	30	164	5	0
11/08/2015 03:40	23	34	30	26	26	139	5	0
11/08/2015 03:45	27	37	33	29	28	154	5	0
11/08/2015 03:50	24	34	30	27	26	141	5	0
11/08/2015 03:55	24	35	31	27	27	144	5	0
11/08/2015 04:00	23	34	30	27	26	140	5	0
11/08/2015 04:05	25	35	31	27	27	145	5	0
11/08/2015 04:10	27	37	33	29	28	154	5	0
11/08/2015 04:15	26	36	32	28	28	150	5	0
11/08/2015 04:20	24	35	31	27	26	143	5	0
11/08/2015 04:25	24	35	31	27	27	144	5	0
11/08/2015 04:30	23	33	30	26	26	138	5	0
11/08/2015 04:35	27	37	33	29	28	154	5	0
11/08/2015 04:40	21	32	28	25	24	130	5	0
11/08/2015 04:45	21	32	29	25	25	132	5	0
11/08/2015 04:50	25	35	31	28	27	146	5	0
11/08/2015 04:55	26	37	32	29	28	152	5	0
11/08/2015 05:00	20	31	28	24	24	127	5	0
11/08/2015 05:05	20	31	28	24	24	127	5	0
11/08/2015 05:10	20	32	28	24	24	128	5	0
11/08/2015 05:15	33	42	37	33	32	177	5	0
11/08/2015 05:20	31	41	36	32	31	171	5	0
11/08/2015 05:25	30	40	35	31	30	166	5	0
11/08/2015 05:30	28	39	34	30	29	160	5	0
11/08/2015 05:35	36	45	40	35	34	190	5	0
11/08/2015 05:40	32	41	36	32	31	172	5	0
11/08/2015 05:45	35	45	39	35	34	188	5	0
11/08/2015 05:50	33	42	38	33	32	178	5	0
11/08/2015 05:55	33	42	37	33	32	177	5	0
11/08/2015 06:00	38	47	42	37	36	200	5	0
11/08/2015 06:05	42	50	45	40	38	215	5	0
11/08/2015 06:10	40	48	43	38	37	206	5	0
11/08/2015 06:15	43	52	45	41	39	220	5	0
11/08/2015 06:20	51	59	52	46	44	252	5	0
11/08/2015 06:25	51	58	52	46	44	251	5	0
11/08/2015 06:30	51	58	51	46	44	250	5	0
11/08/2015 06:35	63	69	61	55	52	300	5	0
11/08/2015 06:40	52	60	52	47	45	256	5	0
11/08/2015 06:45	57	64	57	51	48	277	5	0
11/08/2015 06:50	59	65	58	52	49	283	5	0
11/08/2015 06:55	59	66	58	52	50	285	5	0
11/08/2015 07:00	62	68	60	54	51	295	5	0
11/08/2015 07:05	73	77	68	62	58	338	5	0
11/08/2015 07:10	71	76	67	60	57	331	5	0
11/08/2015 07:15	76	80	71	64	61	352	5	0
11/08/2015 07:20	66	71	63	57	54	311	5	0
11/08/2015 07:25	75	80	70	63	60	348	5	0
11/08/2015 07:30	88	91	80	73	69	401	5	0
11/08/2015 07:35	87	90	80	72	68	397	5	0
11/08/2015 07:40	88	91	80	73	69	401	5	0
11/08/2015 07:45	88	91	80	72	68	399	5	0
11/08/2015 07:50	84	87	77	69	66	383	5	0
11/08/2015 07:55	89	92	81	73	69	404	5	0
11/08/2015 08:00	75	80	70	63	60	348	5	0
11/08/2015 08:05	89	91	80	72	68	400	5	0
11/08/2015 08:10	92	94	83	75	71	415	5	0
11/08/2015 08:15	74	79	69	63	59	344	5	0
11/08/2015 08:20	93	95	83	75	71	417	5	0
11/08/2015 08:25	92	95	83	75	71	416	5	0
11/08/2015 08:30	93	95	84	76	72	420	5	0
11/08/2015 08:35	96	98	86	78	73	431	5	0
11/08/2015 08:40	95	97	85	77	73	427	5	0
11/08/2015 08:45	108	108	95	86	81	478	5	0
11/08/2015 08:50	98	100	88	80	75	441	5	0
11/08/2015 08:55	103	104	91	82	78	458	5	0
11/08/2015 09:00	98	100	88	79	75	440	5	0
11/08/2015 09:05	105	105	92	84	79	465	5	0
11/08/2015 09:10	108	107	94	85	80	474	5	0
11/08/2015 09:15	109	109	95	86	81	480	5	0
11/08/2015 09:20	121	119	105	95	89	529	5	0
11/08/2015 09:25	120	119	104	94	89	526	5	0
11/08/2015 09:30	133	130	114	104	97	578	5	0
11/08/2015 09:35	141	137	120	109	103	610	5	0
11/08/2015 09:40	109	109	96	87	82	483	5	0
11/08/2015 09:45	137	134	117	107	100	595	5	0
11/08/2015 09:50	127	125	109	99	93	553	5	0
11/08/2015 09:55	129	127	111	101	95	563	5	0
11/08/2015 10:00	117	116	102	93	87	515	5	0
11/08/2015 10:05	119	117	103	93	88	520	5	0
11/08/2015 10:10	129	126	111	101	95	562	5	0
11/08/2015 10:15	154	148	130	118	111	661	5	0
11/08/2015 10:20	132	130	114	104	97	577	5	0
11/08/2015 10:25	134	131	115	104	98	582	5	0
11/08/2015 10:30	130	127	112	101	95	565	5	0
11/08/2015 10:35	138	135	118	107	101	599	5	0
11/08/2015 10:40	131	129	113	103	96	572	5	0
11/08/2015 10:45	141	136	119	109	102	607	5	0
11/08/2015 10:50	149	144	126	115	108	642	5	0
11/08/2015 10:55	143	138	121	110	103	615	5	0
11/08/2015 11:00	145	140	123	112	105	625	5	0
11/08/2015 11:05	158	152	133	121	113	677	5	0
11/08/2015 11:10	155	149	131	119	112	666	5	0
11/08/2015 11:15	137	133	117	106	100	593	5	0
11/08/2015 11:20	142	138	121	110	103	614	5	0
11/08/2015 11:25	161	155	135	123	115	689	5	0
11/08/2015 11:30	146	142	124	113	106	631	5	0
11/08/2015 11:35	147	142	124	113	106	632	5	0
11/08/2015 11:40	142	138	121	110	103	614	5	0
11/08/2015 11:45	138	135	119	108	101	601	5	0
11/08/2015 11:50	146	142	125	113	106	632	5	0
11/08/2015 11:55	157	151	133	121	113	675	5	0
11/08/2015 12:00	158	151	133	121	113	676	5	0
11/08/2015 12:05	143	138	121	110	103	615	5	0
11/08/2015 12:10	141	137	120	109	102	609	5	0
11/08/2015 12:15	138	134	118	107	100	597	5	0
11/08/2015 12:20	150	145	128	116	109	648	5	0
11/08/2015 12:25	124	122	107	97	91	541	5	0
11/08/2015 12:30	135	131	115	105	98	584	5	0
11/08/2015 12:35	136	133	117	106	100	592	5	0
11/08/2015 12:40	136	133	117	106	100	592	5	0
11/08/2015 12:45	142	138	121	110	103	614	5	0
11/08/2015 12:50	134	130	114	104	98	580	5	0
11/08/2015 12:55	137	133	117	106	100	593	5	0
11/08/2015 13:00	143	139	122	111	104	619	5	0
11/08/2015 13:05	148	143	125	114	107	637	5	0
11/08/2015 13:10	149	145	127	116	108	645	5	0
11/08/2015 13:15	163	156	136	124	116	695	5	0
11/08/2015 13:20	157	150	132	120	112	671	5	0
11/08/2015 13:25	166	159	139	127	119	710	5	0
11/08/2015 13:30	147	143	125	114	107	636	5	0
11/08/2015 13:35	145	141	123	112	105	626	5	0
11/08/2015 13:40	139	135	119	108	101	602	5	0
11/08/2015 13:45	136	132	116	105	99	588	5	0
11/08/2015 13:50	169	162	142	130	121	724	5	0
11/08/2015 13:55	153	148	130	118	111	660	5	0
11/08/2015 14:00	151	146	128	116	109	650	5	0
11/08/2015 14:05	166	159	140	127	119	711	5	0
11/08/2015 14:10	160	154	135	123	115	687	5	0
11/08/2015 14:15	157	151	133	121	113	675	5	0
11/08/2015 14:20	163	156	137	125	117	698	5	0
11/08/2015 14:25	167	160	140	128	120	715	5	0
11/08/2015 14:30	150	145	127	116	109	647	5	0
11/08/2015 14:35	153	148	130	118	111	660	5	0
11/08/2015 14:40	164	157	137	125	117	700	5	0
11/08/2015 14:45	157	152	133	121	114	677	5	0
11/08/2015 14:50	162	156	137	124	116	695	5	0
11/08/2015 14:55	165	158	138	126	118	705	5	0
11/08/2015 15:00	159	153	135	123	115	685	5	0
11/08/2015 15:05	158	152	133	122	114	679	5	0
11/08/2015 15:10	164	158	139	126	118	705	5	0
11/08/2015 15:15	167	160	140	128	120	715	5	0
11/08/2015 15:20	162	155	136	124	116	693	5	0
11/08/2015 15:25	172	164	144	131	123	734	5	0
11/08/2015 15:30	161	154	135	123	116	689	5	0
11/08/2015 15:35	151	145	127	116	108	647	5	0
11/08/2015 15:40	157	151	132	121	113	674	5	0
11/08/2015 15:45	164	157	138	126	118	703	5	0
11/08/2015 15:50	154	149	131	119	111	664	5	0
11/08/2015 15:55	158	152	133	121	114	678	5	0
11/08/2015 16:00	163	157	138	125	117	700	5	0
11/08/2015 16:05	158	152	133	121	113	677	5	0
11/08/2015 16:10	172	164	144	132	123	735	5	0
11/08/2015 16:15	161	155	136	124	116	692	5	0
11/08/2015 16:20	148	143	126	114	107	638	5	0
11/08/2015 16:25	161	155	136	124	116	692	5	0
11/08/2015 16:30	166	159	140	127	119	711	5	0
11/08/2015 16:35	163	157	138	125	118	701	5	0
11/08/2015 16:40	160	154	135	123	115	687	5	0
11/08/2015 16:45	154	149	130	119	111	663	5	0
11/08/2015 16:50	148	143	125	114	107	637	5	0
11/08/2015 16:55	159	153	134	122	114	682	5	0
11/08/2015 17:00	152	146	128	117	109	652	5	0
11/08/2015 17:05	158	151	133	121	113	676	5	0
11/08/2015 17:10	157	151	133	121	113	675	5	0
11/08/2015 17:15	165	158	138	126	118	705	5	0
11/08/2015 17:20	159	153	134	122	114	682	5	0
11/08/2015 17:25	150	145	127	115	108	645	5	0
11/08/2015 17:30	147	142	125	114	107	635	5	0
11/08/2015 17:35	159	153	134	122	115	683	5	0
11/08/2015 17:40	157	151	133	121	113	675	5	0
11/08/2015 17:45	149	144	127	115	108	643	5	0
11/08/2015 17:50	155	149	131	119	112	666	5	0
11/08/2015 17:55	154	148	130	118	111	661	5	0
11/08/2015 18:00	158	152	134	122	114	680	5	0
11/08/2015 18:05	155	150	131	119	112	667	5	0
11/08/2015 18:10	147	142	125	114	107	635	5	0
11/08/2015 18:15	151	146	128	117	109	651	5	0
11/08/2015 18:20	146	141	124	113	106	630	5	0
11/08/2015 18:25	149	144	126	115	108	642	5	0
11/08/2015 18:30	145	141	123	112	105	626	5	0
11/08/2015 18:35	163	156	137	125	117	698	5	0
11/08/2015 18:40	146	142	124	113	106	631	5	0
11/08/2015 18:45	140	136	120	109	102	607	5	0
11/08/2015 18:50	142	138	121	110	103	614	5	0
11/08/2015 18:55	147	143	125	114	107	636	5	0
11/08/2015 19:00	122	120	106	96	90	534	5	0
11/08/2015 19:05	142	138	121	110	103	614	5	0
11/08/2015 19:10	137	133	117	106	100	593	5	0
11/08/2015 19:15	137	133	117	107	100	594	5	0
11/08/2015 19:20	143	139	123	111	105	621	5	0
11/08/2015 19:25	148	143	126	114	107	638	5	0
11/08/2015 19:30	143	139	122	111	105	620	5	0
11/08/2015 19:35	136	133	116	106	99	590	5	0
11/08/2015 19:40	129	127	111	101	95	563	5	0
11/08/2015 19:45	131	128	112	102	96	569	5	0
11/08/2015 19:50	145	141	123	112	105	626	5	0
11/08/2015 19:55	133	130	114	104	97	578	5	0
11/08/2015 20:00	140	136	119	109	102	606	5	0
11/08/2015 20:05	130	127	112	102	95	566	5	0
11/08/2015 20:10	125	123	108	98	92	546	5	0
11/08/2015 20:15	140	136	119	108	101	604	5	0
11/08/2015 20:20	132	129	113	103	96	573	5	0
11/08/2015 20:25	125	123	108	98	92	546	5	0
11/08/2015 20:30	128	125	110	100	94	557	5	0
11/08/2015 20:35	122	120	106	96	90	534	5	0
11/08/2015 20:40	122	120	106	96	90	534	5	0
11/08/2015 20:45	114	113	99	90	85	501	5	0
11/08/2015 20:50	106	107	94	85	80	472	5	0
11/08/2015 20:55	115	114	100	91	85	505	5	0
11/08/2015 21:00	99	100	88	80	75	442	5	0
11/08/2015 21:05	110	109	96	87	82	484	5	0
11/08/2015 21:10	123	121	106	97	91	538	5	0
11/08/2015 21:15	123	121	106	96	90	536	5	0
11/08/2015 21:20	101	102	89	81	76	449	5	0
11/08/2015 21:25	117	116	102	93	87	515	5	0
11/08/2015 21:30	123	121	106	97	91	538	5	0
11/08/2015 21:35	107	107	94	86	81	475	5	0
11/08/2015 21:40	100	101	89	81	76	447	5	0
11/08/2015 21:45	99	100	88	80	75	442	5	0
11/08/2015 21:50	106	106	93	84	79	468	5	0
11/08/2015 21:55	106	107	94	85	80	472	5	0
11/08/2015 22:00	103	104	91	83	78	459	5	0
11/08/2015 22:05	97	99	87	79	74	436	5	0
11/08/2015 22:10	90	93	81	74	70	408	5	0
11/08/2015 22:15	99	100	88	80	75	442	5	0
11/08/2015 22:20	90	93	82	74	70	409	5	0
11/08/2015 22:25	96	98	86	78	73	431	5	0
11/08/2015 22:30	82	86	76	68	65	377	5	0
11/08/2015 22:35	86	89	78	71	67	391	5	0
11/08/2015 22:40	82	86	75	68	64	375	5	0
11/08/2015 22:45	80	84	74	67	63	368	5	0
11/08/2015 22:50	81	85	74	67	64	371	5	0
11/08/2015 22:55	76	80	71	64	61	352	5	0
11/08/2015 23:00	68	73	65	58	55	319	5	0
11/08/2015 23:05	70	75	66	59	56	326	5	0
11/08/2015 23:10	77	82	72	65	61	357	5	0
11/08/2015 23:15	72	76	67	61	58	334	5	0
11/08/2015 23:20	68	73	64	58	55	318	5	0
11/08/2015 23:25	60	67	59	53	50	289	5	0
11/08/2015 23:30	55	62	55	49	47	268	5	0
11/08/2015 23:35	61	68	60	54	51	294	5	0
11/08/2015 23:40	66	72	63	57	54	312	5	0
11/08/2015 23:45	54	61	54	48	46	263	5	0
11/08/2015 23:50	55	62	55	49	47	268	5	0
11/08/2015 23:55	47	55	48	43	41	234	5	0
