5 Minutes	Lane 1 Flow (Veh/5 Minutes)	Lane 2 Flow (Veh/5 Minutes)	Lane 3 Flow (Veh/5 Minutes)	Lane 4 Flow (Veh/5 Minutes)	Lane 5 Flow (Veh/5 Minutes)	Flow (Veh/5 Minutes)	# Lane Points	% Observed
11/02/2015 00:00	29	42	42	40	34	187	5	0
11/02/2015 00:05	35	44	34	42	27	182	5	0
11/02/2015 00:10	31	33	30	38	30	162	5	0
11/02/2015 00:15	28	37	32	36	28	161	5	0
11/02/2015 00:20	26	31	24	31	25	137	5	0
11/02/2015 00:25	31	37	30	37	30	165	5	0
11/02/2015 00:30	28	39	29	33	27	156	5	0
11/02/2015 00:35	27	30	26	36	24	143	5	0
11/02/2015 00:40	27	21	29	24	20	121	5	0
11/02/2015 00:45	20	24	23	26	20	113	5	0
11/02/2015 00:50	20	26	20	24	16	106	5	0
11/02/2015 00:55	13	24	21	33	14	105	5	0
11/02/2015 01:00	22	24	21	20	13	100	5	0
11/02/2015 01:05	20	22	20	18	12	92	5	0
11/02/2015 01:10	20	40	30	30	10	130	5	0
11/02/2015 01:15	16	18	19	20	11	84	5	0
11/02/2015 01:20	11	18	19	18	16	82	5	0
11/02/2015 01:25	15	18	18	16	12	79	5	0
11/02/2015 01:30	13	19	15	16	13	76	5	0
11/02/2015 01:35	10	20	15	16	10	71	5	0
11/02/2015 01:40	11	15	14	18	11	69	5	0
11/02/2015 01:45	11	14	18	19	13	75	5	0
11/02/2015 01:50	15	20	14	17	9	75	5	0
11/02/2015 01:55	10	11	15	16	10	62	5	0
11/02/2015 02:00	10	14	13	13	13	63	5	0
11/02/2015 02:05	9	13	13	16	8	59	5	0
11/02/2015 02:10	11	18	13	14	11	67	5	0
11/02/2015 02:15	4	13	14	10	8	49	5	0
11/02/2015 02:20	4	8	10	13	7	42	5	0
11/02/2015 02:25	10	14	9	10	8	51	5	0
11/02/2015 02:30	10	11	15	13	7	56	5	0
11/02/2015 02:35	8	13	14	13	11	59	5	0
11/02/2015 02:40	9	16	21	17	11	74	5	0
11/02/2015 02:45	10	9	13	14	11	57	5	0
11/02/2015 02:50	13	20	14	19	7	73	5	0
11/02/2015 02:55	11	15	15	14	5	60	5	0
11/02/2015 03:00	6	13	18	14	6	57	5	0
11/02/2015 03:05	11	19	11	10	10	61	5	0
11/02/2015 03:10	14	14	13	11	9	61	5	0
11/02/2015 03:15	14	19	12	13	10	68	5	0
11/02/2015 03:20	16	17	14	13	6	66	5	0
11/02/2015 03:25	17	21	17	14	6	75	5	0
11/02/2015 03:30	18	21	14	20	10	83	5	0
11/02/2015 03:35	17	21	14	13	14	79	5	0
11/02/2015 03:40	19	26	20	20	7	92	5	0
11/02/2015 03:45	28	36	19	16	11	110	5	0
11/02/2015 03:50	24	34	24	15	14	111	5	0
11/02/2015 03:55	24	27	19	14	10	94	5	0
11/02/2015 04:00	26	30	17	14	10	97	5	0
11/02/2015 04:05	26	39	26	19	14	124	5	0
11/02/2015 04:10	35	39	26	17	10	127	5	0
11/02/2015 04:15	30	44	34	26	10	144	5	0
11/02/2015 04:20	43	54	29	29	14	169	5	0
11/02/2015 04:25	47	56	36	29	24	192	5	0
11/02/2015 04:30	49	60	36	23	21	189	5	0
11/02/2015 04:35	69	58	44	35	29	235	5	0
11/02/2015 04:40	61	54	47	39	37	238	5	0
11/02/2015 04:45	77	65	43	41	41	267	5	0
11/02/2015 04:50	77	79	51	46	33	286	5	0
11/02/2015 04:55	77	64	50	43	33	267	5	0
11/02/2015 05:00	76	73	54	39	34	276	5	0
11/02/2015 05:05	91	80	57	46	33	307	5	0
11/02/2015 05:10	90	79	60	47	53	329	5	0
11/02/2015 05:15	112	95	62	62	57	388	5	0
11/02/2015 05:20	140	101	74	63	56	434	5	0
11/02/2015 05:25	125	116	84	90	70	485	5	0
11/02/2015 05:30	156	109	90	81	76	512	5	0
11/02/2015 05:35	155	121	93	84	90	543	5	0
11/02/2015 05:40	154	126	96	97	91	564	5	0
11/02/2015 05:45	141	128	94	84	102	549	5	0
11/02/2015 05:50	148	127	80	87	99	541	5	0
11/02/2015 05:55	144	119	89	96	96	544	5	0
11/02/2015 06:00	130	109	81	88	94	502	5	0
11/02/2015 06:05	140	113	86	90	101	530	5	0
11/02/2015 06:10	136	127	86	97	123	569	5	0
11/02/2015 06:15	127	108	92	93	111	531	5	0
11/02/2015 06:20	130	107	91	107	100	535	5	0
11/02/2015 06:25	129	107	85	100	99	520	5	0
11/02/2015 06:30	133	115	86	101	126	561	5	0
11/02/2015 06:35	121	117	89	111	103	541	5	0
11/02/2015 06:40	128	111	86	94	113	532	5	0
11/02/2015 06:45	124	114	91	97	111	537	5	0
11/02/2015 06:50	130	100	94	110	120	554	5	0
11/02/2015 06:55	124	110	100	109	110	553	5	0
11/02/2015 07:00	144	115	99	107	136	601	5	0
11/02/2015 07:05	130	114	96	110	117	567	5	0
11/02/2015 07:10	116	127	109	121	134	607	5	0
11/02/2015 07:15	142	119	111	130	134	636	5	0
11/02/2015 07:20	138	116	116	127	136	633	5	0
11/02/2015 07:25	123	110	109	124	151	617	5	0
11/02/2015 07:30	128	131	109	125	138	631	5	0
11/02/2015 07:35	134	116	104	126	142	622	5	0
11/02/2015 07:40	127	113	130	131	151	652	5	0
11/02/2015 07:45	130	120	119	153	149	671	5	0
11/02/2015 07:50	131	123	123	131	143	651	5	0
11/02/2015 07:55	131	134	110	144	150	669	5	0
11/02/2015 08:00	121	125	120	136	157	659	5	0
11/02/2015 08:05	116	106	106	123	146	597	5	0
11/02/2015 08:10	126	127	107	134	151	645	5	0
11/02/2015 08:15	130	130	119	120	149	648	5	0
11/02/2015 08:20	133	127	125	131	141	657	5	0
11/02/2015 08:25	129	135	111	125	143	643	5	0
11/02/2015 08:30	126	121	120	131	150	648	5	0
11/02/2015 08:35	129	119	111	124	133	616	5	0
11/02/2015 08:40	134	129	114	117	140	634	5	0
11/02/2015 08:45	129	109	114	144	145	641	5	0
11/02/2015 08:50	131	134	111	123	153	652	5	0
11/02/2015 08:55	126	135	101	127	139	628	5	0
11/02/2015 09:00	128	131	101	133	150	643	5	0
11/02/2015 09:05	128	121	95	119	144	607	5	0
11/02/2015 09:10	133	121	104	116	120	594	5	0
11/02/2015 09:15	144	125	131	127	143	670	5	0
11/02/2015 09:20	134	124	120	129	141	648	5	0
11/02/2015 09:25	128	125	116	126	140	635	5	0
11/02/2015 09:30	133	123	113	124	133	626	5	0
11/02/2015 09:35	133	118	117	139	140	647	5	0
11/02/2015 09:40	134	131	113	127	143	648	5	0
11/02/2015 09:45	126	123	119	123	137	628	5	0
11/02/2015 09:50	143	119	104	131	144	641	5	0
11/02/2015 09:55	139	130	105	129	140	643	5	0
11/02/2015 10:00	133	126	103	130	126	618	5	0
11/02/2015 10:05	148	129	107	131	131	646	5	0
11/02/2015 10:10	139	139	118	130	131	657	5	0
11/02/2015 10:15	146	130	120	138	135	669	5	0
11/02/2015 10:20	136	118	114	125	126	619	5	0
11/02/2015 10:25	150	117	114	134	128	643	5	0
11/02/2015 10:30	143	125	129	133	140	670	5	0
11/02/2015 10:35	134	123	113	131	141	642	5	0
11/02/2015 10:40	126	114	118	133	136	627	5	0
11/02/2015 10:45	130	127	113	129	129	628	5	0
11/02/2015 10:50	133	128	109	127	131	628	5	0
11/02/2015 10:55	121	123	117	127	134	622	5	0
11/02/2015 11:00	139	115	124	130	137	645	5	0
11/02/2015 11:05	133	124	130	136	144	667	5	0
11/02/2015 11:10	136	116	110	136	131	629	5	0
11/02/2015 11:15	133	129	101	136	130	629	5	0
11/02/2015 11:20	129	124	116	119	131	619	5	0
11/02/2015 11:25	145	123	117	130	134	649	5	0
11/02/2015 11:30	140	126	116	134	140	656	5	0
11/02/2015 11:35	129	127	110	143	139	648	5	0
11/02/2015 11:40	139	137	124	131	154	685	5	0
11/02/2015 11:45	130	117	119	134	129	629	5	0
11/02/2015 11:50	139	123	113	131	136	642	5	0
11/02/2015 11:55	143	123	116	128	133	643	5	0
11/02/2015 12:00	141	136	110	129	136	652	5	0
11/02/2015 12:05	139	133	114	130	124	640	5	0
11/02/2015 12:10	141	129	115	131	129	645	5	0
11/02/2015 12:15	144	134	105	123	133	639	5	0
11/02/2015 12:20	121	123	114	127	124	609	5	0
11/02/2015 12:25	129	130	110	119	133	621	5	0
11/02/2015 12:30	139	130	118	123	123	633	5	0
11/02/2015 12:35	141	131	114	139	137	662	5	0
11/02/2015 12:40	140	136	119	128	138	661	5	0
11/02/2015 12:45	130	128	126	130	123	637	5	0
11/02/2015 12:50	133	128	116	139	129	645	5	0
11/02/2015 12:55	140	127	115	143	126	651	5	0
11/02/2015 13:00	123	111	100	119	117	570	5	0
11/02/2015 13:05	140	123	116	121	111	611	5	0
11/02/2015 13:10	147	119	114	135	136	651	5	0
11/02/2015 13:15	120	113	120	123	123	599	5	0
11/02/2015 13:20	122	121	110	130	133	616	5	0
11/02/2015 13:25	141	126	119	139	123	648	5	0
11/02/2015 13:30	139	111	123	131	125	629	5	0
11/02/2015 13:35	136	134	121	126	136	653	5	0
11/02/2015 13:40	129	131	121	143	131	655	5	0
11/02/2015 13:45	139	126	123	126	118	632	5	0
11/02/2015 13:50	136	120	110	136	130	632	5	0
11/02/2015 13:55	144	134	113	124	114	629	5	0
11/02/2015 14:00	127	124	110	127	131	619	5	0
11/02/2015 14:05	134	115	114	123	134	620	5	0
11/02/2015 14:10	143	127	123	146	133	672	5	0
11/02/2015 14:15	136	120	120	137	134	647	5	0
11/02/2015 14:20	153	126	120	144	136	679	5	0
11/02/2015 14:25	134	115	107	131	116	603	5	0
11/02/2015 14:30	129	120	103	126	120	598	5	0
11/02/2015 14:35	123	126	121	147	140	657	5	0
11/02/2015 14:40	135	138	134	148	135	690	5	0
11/02/2015 14:45	126	119	123	124	126	618	5	0
11/02/2015 14:50	126	120	116	133	130	625	5	0
11/02/2015 14:55	134	127	110	141	129	641	5	0
11/02/2015 15:00	134	116	111	120	114	595	5	0
11/02/2015 15:05	130	120	106	126	111	593	5	0
11/02/2015 15:10	120	117	100	113	117	567	5	0
11/02/2015 15:15	136	135	120	129	110	630	5	0
11/02/2015 15:20	124	120	115	111	110	580	5	0
11/02/2015 15:25	136	131	116	133	120	636	5	0
11/02/2015 15:30	137	119	105	129	120	610	5	0
11/02/2015 15:35	131	119	114	123	108	595	5	0
11/02/2015 15:40	136	120	120	119	118	613	5	0
11/02/2015 15:45	116	120	116	125	121	598	5	0
11/02/2015 15:50	133	125	115	129	114	616	5	0
11/02/2015 15:55	120	117	111	116	127	591	5	0
11/02/2015 16:00	127	121	108	123	116	595	5	0
11/02/2015 16:05	109	116	114	124	116	579	5	0
11/02/2015 16:10	118	120	110	123	116	587	5	0
11/02/2015 16:15	118	127	106	119	116	586	5	0
11/02/2015 16:20	127	116	107	119	111	580	5	0
11/02/2015 16:25	120	119	115	108	111	573	5	0
11/02/2015 16:30	103	105	104	106	116	534	5	0
11/02/2015 16:35	103	97	113	110	110	533	5	0
11/02/2015 16:40	104	118	110	114	115	561	5	0
11/02/2015 16:45	121	103	101	115	126	566	5	0
11/02/2015 16:50	93	93	110	101	104	501	5	0
11/02/2015 16:55	100	117	107	120	114	558	5	0
11/02/2015 17:00	100	113	106	116	123	558	5	0
11/02/2015 17:05	91	103	99	113	121	527	5	0
11/02/2015 17:10	109	110	99	113	123	554	5	0
11/02/2015 17:15	107	104	106	111	114	542	5	0
11/02/2015 17:20	109	111	110	124	111	565	5	0
11/02/2015 17:25	113	119	110	120	119	581	5	0
11/02/2015 17:30	120	120	110	121	119	590	5	0
11/02/2015 17:35	111	101	96	106	110	524	5	0
11/02/2015 17:40	109	114	100	110	114	547	5	0
11/02/2015 17:45	108	104	100	115	113	540	5	0
11/02/2015 17:50	109	104	111	109	110	543	5	0
11/02/2015 17:55	96	99	93	111	106	505	5	0
11/02/2015 18:00	124	117	113	123	110	587	5	0
11/02/2015 18:05	101	113	100	107	113	534	5	0
11/02/2015 18:10	109	107	99	118	123	556	5	0
11/02/2015 18:15	110	114	111	121	117	573	5	0
11/02/2015 18:20	101	108	97	106	127	539	5	0
11/02/2015 18:25	109	110	100	120	131	570	5	0
11/02/2015 18:30	109	115	99	123	114	560	5	0
11/02/2015 18:35	105	104	100	101	124	534	5	0
11/02/2015 18:40	115	113	103	107	116	554	5	0
11/02/2015 18:45	105	106	96	107	123	537	5	0
11/02/2015 18:50	97	96	90	114	121	518	5	0
11/02/2015 18:55	101	107	103	121	138	570	5	0
11/02/2015 19:00	101	103	99	117	126	546	5	0
11/02/2015 19:05	124	94	116	113	133	580	5	0
11/02/2015 19:10	115	96	110	143	136	600	5	0
11/02/2015 19:15	104	101	100	123	136	564	5	0
11/02/2015 19:20	104	95	101	124	126	550	5	0
11/02/2015 19:25	94	93	96	120	120	523	5	0
11/02/2015 19:30	103	103	104	124	120	554	5	0
11/02/2015 19:35	109	106	110	126	107	558	5	0
11/02/2015 19:40	106	113	95	113	120	547	5	0
11/02/2015 19:45	118	96	89	117	108	528	5	0
11/02/2015 19:50	93	99	106	121	109	528	5	0
11/02/2015 19:55	96	109	98	115	110	528	5	0
11/02/2015 20:00	99	91	90	110	105	495	5	0
11/02/2015 20:05	79	88	90	90	106	453	5	0
11/02/2015 20:10	100	105	98	106	114	523	5	0
11/02/2015 20:15	84	93	91	108	103	479	5	0
11/02/2015 20:20	71	76	77	99	89	412	5	0
11/02/2015 20:25	97	110	89	125	101	522	5	0
11/02/2015 20:30	96	107	79	105	97	484	5	0
11/02/2015 20:35	80	87	81	101	106	455	5	0
11/02/2015 20:40	99	96	85	106	101	487	5	0
11/02/2015 20:45	83	89	80	104	94	450	5	0
11/02/2015 20:50	89	93	90	99	104	475	5	0
11/02/2015 20:55	73	83	82	91	94	423	5	0
11/02/2015 21:00	79	87	83	95	83	427	5	0
11/02/2015 21:05	81	89	80	85	84	419	5	0
11/02/2015 21:10	86	94	80	106	103	469	5	0
11/02/2015 21:15	76	91	78	95	93	433	5	0
11/02/2015 21:20	85	83	77	96	90	431	5	0
11/02/2015 21:25	80	80	78	103	79	420	5	0
11/02/2015 21:30	85	77	66	99	73	400	5	0
11/02/2015 21:35	86	86	77	90	81	420	5	0
11/02/2015 21:40	81	91	87	103	86	448	5	0
11/02/2015 21:45	72	74	76	87	87	396	5	0
11/02/2015 21:50	78	78	76	83	86	401	5	0
11/02/2015 21:55	76	86	77	93	67	399	5	0
11/02/2015 22:00	64	66	79	81	73	363	5	0
11/02/2015 22:05	69	71	81	94	71	386	5	0
11/02/2015 22:10	64	84	73	98	80	399	5	0
11/02/2015 22:15	77	79	71	87	69	383	5	0
11/02/2015 22:20	61	70	68	91	89	379	5	0
11/02/2015 22:25	75	75	69	87	83	389	5	0
11/02/2015 22:30	56	67	57	83	69	332	5	0
11/02/2015 22:35	60	60	64	76	60	320	5	0
11/02/2015 22:40	51	54	64	76	54	299	5	0
11/02/2015 22:45	60	59	53	61	57	290	5	0
11/02/2015 22:50	53	46	59	58	51	267	5	0
11/02/2015 22:55	45	47	50	56	40	238	5	0
11/02/2015 23:00	46	37	43	46	30	202	5	0
11/02/2015 23:05	46	51	46	53	36	232	5	0
11/02/2015 23:10	43	53	44	63	47	250	5	0
11/02/2015 23:15	46	50	53	56	57	262	5	0
11/02/2015 23:20	30	50	49	50	47	226	5	0
11/02/2015 23:25	33	34	37	39	31	174	5	0
11/02/2015 23:30	28	40	33	34	31	166	5	0
11/02/2015 23:35	36	48	40	47	33	204	5	0
11/02/2015 23:40	34	51	40	50	39	214	5	0
11/02/2015 23:45	34	34	34	36	29	167	5	0
11/02/2015 23:50	31	36	26	40	25	158	5	0
11/02/2015 23:55	26	50	41	40	14	171	5	0
11/03/2015 00:00	19	39	35	31	32	156	5	0
11/03/2015 00:05	27	26	31	31	23	138	5	0
11/03/2015 00:10	16	23	26	33	23	121	5	0
11/03/2015 00:15	21	24	25	31	23	124	5	0
11/03/2015 00:20	14	25	24	27	18	108	5	0
11/03/2015 00:25	17	26	21	31	21	116	5	0
11/03/2015 00:30	14	21	24	24	19	102	5	0
11/03/2015 00:35	19	26	21	23	19	108	5	0
11/03/2015 00:40	13	20	19	17	13	82	5	0
11/03/2015 00:45	14	11	19	16	13	73	5	0
11/03/2015 00:50	11	14	18	17	11	71	5	0
11/03/2015 00:55	13	19	20	16	16	84	5	0
11/03/2015 01:00	22	24	21	20	13	100	5	0
11/03/2015 01:05	22	24	22	20	13	101	5	0
11/03/2015 01:10	0	20	30	10	0	60	5	0
11/03/2015 01:15	11	11	20	20	9	71	5	0
11/03/2015 01:20	6	9	14	18	10	57	5	0
11/03/2015 01:25	12	18	13	18	10	71	5	0
11/03/2015 01:30	9	13	16	13	10	61	5	0
11/03/2015 01:35	7	15	12	13	10	57	5	0
11/03/2015 01:40	9	12	11	19	11	62	5	0
11/03/2015 01:45	5	15	13	16	10	59	5	0
11/03/2015 01:50	7	13	13	13	10	56	5	0
11/03/2015 01:55	9	11	11	8	6	45	5	0
11/03/2015 02:00	13	11	13	9	6	52	5	0
11/03/2015 02:05	7	17	20	19	11	74	5	0
11/03/2015 02:10	10	19	26	24	21	100	5	0
11/03/2015 02:15	7	10	16	17	6	56	5	0
11/03/2015 02:20	5	8	11	11	10	45	5	0
11/03/2015 02:25	7	9	9	14	6	45	5	0
11/03/2015 02:30	9	13	10	13	6	51	5	0
11/03/2015 02:35	8	13	14	11	9	55	5	0
11/03/2015 02:40	10	11	14	13	6	54	5	0
11/03/2015 02:45	10	13	10	12	6	51	5	0
11/03/2015 02:50	8	9	17	7	4	45	5	0
11/03/2015 02:55	13	13	10	10	3	49	5	0
11/03/2015 03:00	7	17	10	10	6	50	5	0
11/03/2015 03:05	10	14	10	13	9	56	5	0
11/03/2015 03:10	11	14	15	13	5	58	5	0
11/03/2015 03:15	13	10	16	13	7	59	5	0
11/03/2015 03:20	11	18	21	13	4	67	5	0
11/03/2015 03:25	16	24	17	14	9	80	5	0
11/03/2015 03:30	11	20	16	16	5	68	5	0
11/03/2015 03:35	20	20	16	9	11	76	5	0
11/03/2015 03:40	23	26	20	16	9	94	5	0
11/03/2015 03:45	20	24	23	17	8	92	5	0
11/03/2015 03:50	21	30	15	21	5	92	5	0
11/03/2015 03:55	21	26	19	16	10	92	5	0
11/03/2015 04:00	21	29	19	19	17	105	5	0
11/03/2015 04:05	29	30	23	23	14	119	5	0
11/03/2015 04:10	28	41	21	21	10	121	5	0
11/03/2015 04:15	37	37	26	30	14	144	5	0
11/03/2015 04:20	47	40	24	24	10	145	5	0
11/03/2015 04:25	46	50	37	29	19	181	5	0
11/03/2015 04:30	60	60	31	27	20	198	5	0
11/03/2015 04:35	64	56	36	33	30	219	5	0
11/03/2015 04:40	67	66	47	31	34	245	5	0
11/03/2015 04:45	67	66	41	30	40	244	5	0
11/03/2015 04:50	73	64	48	36	33	254	5	0
11/03/2015 04:55	71	60	46	36	34	247	5	0
11/03/2015 05:00	73	63	53	36	41	266	5	0
11/03/2015 05:05	80	70	55	37	36	278	5	0
11/03/2015 05:10	100	81	49	53	48	331	5	0
11/03/2015 05:15	105	91	61	56	64	377	5	0
11/03/2015 05:20	120	107	66	71	60	424	5	0
11/03/2015 05:25	135	113	73	67	80	468	5	0
11/03/2015 05:30	156	111	77	83	84	511	5	0
11/03/2015 05:35	157	120	96	90	109	572	5	0
11/03/2015 05:40	143	126	86	89	104	548	5	0
11/03/2015 05:45	147	128	90	93	104	562	5	0
11/03/2015 05:50	141	124	101	100	117	583	5	0
11/03/2015 05:55	140	108	84	97	114	543	5	0
11/03/2015 06:00	131	111	80	83	93	498	5	0
11/03/2015 06:05	143	113	90	89	94	529	5	0
11/03/2015 06:10	134	103	80	86	113	516	5	0
11/03/2015 06:15	139	111	89	86	94	519	5	0
11/03/2015 06:20	127	115	89	87	114	532	5	0
11/03/2015 06:25	126	110	74	106	96	512	5	0
11/03/2015 06:30	121	108	86	100	103	518	5	0
11/03/2015 06:35	127	104	76	93	93	493	5	0
11/03/2015 06:40	134	111	93	113	114	565	5	0
11/03/2015 06:45	143	114	94	109	110	570	5	0
11/03/2015 06:50	131	106	99	109	120	565	5	0
11/03/2015 06:55	131	106	97	113	144	591	5	0
11/03/2015 07:00	135	114	106	119	120	594	5	0
11/03/2015 07:05	151	118	108	131	126	634	5	0
11/03/2015 07:10	134	122	98	121	130	605	5	0
11/03/2015 07:15	142	127	109	134	144	656	5	0
11/03/2015 07:20	134	118	109	126	138	625	5	0
11/03/2015 07:25	123	123	104	124	136	610	5	0
11/03/2015 07:30	134	127	106	115	126	608	5	0
11/03/2015 07:35	125	124	110	127	139	625	5	0
11/03/2015 07:40	131	136	114	149	141	671	5	0
11/03/2015 07:45	133	125	111	126	143	638	5	0
11/03/2015 07:50	136	130	116	136	144	662	5	0
11/03/2015 07:55	144	133	106	136	143	662	5	0
11/03/2015 08:00	141	126	111	141	150	669	5	0
11/03/2015 08:05	128	129	107	130	143	637	5	0
11/03/2015 08:10	116	114	103	128	139	600	5	0
11/03/2015 08:15	121	134	119	143	149	666	5	0
11/03/2015 08:20	129	124	125	149	154	681	5	0
11/03/2015 08:25	153	133	134	134	154	708	5	0
11/03/2015 08:30	136	132	118	139	156	681	5	0
11/03/2015 08:35	136	130	110	117	141	634	5	0
11/03/2015 08:40	131	124	110	121	143	629	5	0
11/03/2015 08:45	136	130	121	137	153	677	5	0
11/03/2015 08:50	140	131	119	127	159	676	5	0
11/03/2015 08:55	124	114	116	123	139	616	5	0
11/03/2015 09:00	140	127	119	140	151	677	5	0
11/03/2015 09:05	136	123	117	124	156	656	5	0
11/03/2015 09:10	139	130	116	124	147	656	5	0
11/03/2015 09:15	134	133	106	126	150	649	5	0
11/03/2015 09:20	124	124	114	123	141	626	5	0
11/03/2015 09:25	149	124	108	129	143	653	5	0
11/03/2015 09:30	136	123	110	129	141	639	5	0
11/03/2015 09:35	143	120	121	130	153	667	5	0
11/03/2015 09:40	133	120	110	140	142	645	5	0
11/03/2015 09:45	138	107	104	143	151	643	5	0
11/03/2015 09:50	113	111	106	119	134	583	5	0
11/03/2015 09:55	103	101	91	116	128	539	5	0
11/03/2015 10:00	104	103	100	119	140	566	5	0
11/03/2015 10:05	144	114	106	127	130	621	5	0
11/03/2015 10:10	113	130	109	139	133	624	5	0
11/03/2015 10:15	140	131	107	135	149	662	5	0
11/03/2015 10:20	126	119	114	123	129	611	5	0
11/03/2015 10:25	133	117	106	121	130	607	5	0
11/03/2015 10:30	138	134	111	131	146	660	5	0
11/03/2015 10:35	135	117	117	120	136	625	5	0
11/03/2015 10:40	126	124	96	131	131	608	5	0
11/03/2015 10:45	133	117	109	120	126	605	5	0
11/03/2015 10:50	149	130	116	131	141	667	5	0
11/03/2015 10:55	149	130	120	121	138	658	5	0
11/03/2015 11:00	129	116	109	130	136	620	5	0
11/03/2015 11:05	130	124	114	129	149	646	5	0
11/03/2015 11:10	139	129	129	140	137	674	5	0
11/03/2015 11:15	133	126	116	123	150	648	5	0
11/03/2015 11:20	126	120	111	133	136	626	5	0
11/03/2015 11:25	124	128	103	126	129	610	5	0
11/03/2015 11:30	130	126	113	136	128	633	5	0
11/03/2015 11:35	148	128	120	133	137	666	5	0
11/03/2015 11:40	131	117	109	121	139	617	5	0
11/03/2015 11:45	121	123	110	123	133	610	5	0
11/03/2015 11:50	138	124	110	126	134	632	5	0
11/03/2015 11:55	128	124	116	134	153	655	5	0
11/03/2015 12:00	131	118	106	137	133	625	5	0
11/03/2015 12:05	130	133	111	127	143	644	5	0
11/03/2015 12:10	150	133	123	144	144	694	5	0
11/03/2015 12:15	133	128	118	134	133	646	5	0
11/03/2015 12:20	139	131	124	120	136	650	5	0
11/03/2015 12:25	150	130	111	139	129	659	5	0
11/03/2015 12:30	134	126	127	126	127	640	5	0
11/03/2015 12:35	134	133	117	137	127	648	5	0
11/03/2015 12:40	153	127	116	129	124	649	5	0
11/03/2015 12:45	140	134	113	130	139	656	5	0
11/03/2015 12:50	130	124	123	127	137	641	5	0
11/03/2015 12:55	144	120	116	126	147	653	5	0
11/03/2015 13:00	153	139	116	139	134	681	5	0
11/03/2015 13:05	155	136	134	135	128	688	5	0
11/03/2015 13:10	140	130	116	136	131	653	5	0
11/03/2015 13:15	134	126	116	121	118	615	5	0
11/03/2015 13:20	149	128	123	149	149	698	5	0
11/03/2015 13:25	141	133	119	139	134	666	5	0
11/03/2015 13:30	140	120	117	137	127	641	5	0
11/03/2015 13:35	139	136	124	143	136	678	5	0
11/03/2015 13:40	136	130	123	144	119	652	5	0
11/03/2015 13:45	140	141	104	129	129	643	5	0
11/03/2015 13:50	131	120	113	133	129	626	5	0
11/03/2015 13:55	141	124	109	131	124	629	5	0
11/03/2015 14:00	141	118	120	131	133	643	5	0
11/03/2015 14:05	147	126	120	138	121	652	5	0
11/03/2015 14:10	141	136	121	136	137	671	5	0
11/03/2015 14:15	153	143	119	152	146	713	5	0
11/03/2015 14:20	144	139	129	131	127	670	5	0
11/03/2015 14:25	141	140	118	137	136	672	5	0
11/03/2015 14:30	131	126	123	140	119	639	5	0
11/03/2015 14:35	137	136	125	141	121	660	5	0
11/03/2015 14:40	144	140	122	133	120	659	5	0
11/03/2015 14:45	144	144	126	120	124	658	5	0
11/03/2015 14:50	139	133	116	130	121	639	5	0
11/03/2015 14:55	146	138	121	123	118	646	5	0
11/03/2015 15:00	141	139	121	114	98	613	5	0
11/03/2015 15:05	145	133	108	120	105	611	5	0
11/03/2015 15:10	121	124	114	110	114	583	5	0
11/03/2015 15:15	133	125	119	121	116	614	5	0
11/03/2015 15:20	126	123	117	119	114	599	5	0
11/03/2015 15:25	124	116	110	109	101	560	5	0
11/03/2015 15:30	126	135	116	114	124	615	5	0
11/03/2015 15:35	118	117	99	104	109	547	5	0
11/03/2015 15:40	121	128	107	106	114	576	5	0
11/03/2015 15:45	110	117	109	103	89	528	5	0
11/03/2015 15:50	117	116	114	106	101	554	5	0
11/03/2015 15:55	104	116	101	111	107	539	5	0
11/03/2015 16:00	124	120	116	113	111	584	5	0
11/03/2015 16:05	114	115	110	106	107	552	5	0
11/03/2015 16:10	123	104	107	100	94	528	5	0
11/03/2015 16:15	104	109	104	106	101	524	5	0
11/03/2015 16:20	109	111	113	107	100	540	5	0
11/03/2015 16:25	100	101	91	98	93	483	5	0
11/03/2015 16:30	103	110	94	100	103	510	5	0
11/03/2015 16:35	97	109	99	81	81	467	5	0
11/03/2015 16:40	117	103	99	89	86	494	5	0
11/03/2015 16:45	110	111	104	101	99	525	5	0
11/03/2015 16:50	107	104	93	89	85	478	5	0
11/03/2015 16:55	99	106	96	90	97	488	5	0
11/03/2015 17:00	93	104	101	104	104	506	5	0
11/03/2015 17:05	107	109	94	91	104	505	5	0
11/03/2015 17:10	96	100	100	101	111	508	5	0
11/03/2015 17:15	91	104	103	91	100	489	5	0
11/03/2015 17:20	111	104	93	80	79	467	5	0
11/03/2015 17:25	99	110	90	91	81	471	5	0
11/03/2015 17:30	103	111	100	89	84	487	5	0
11/03/2015 17:35	104	103	107	91	82	487	5	0
11/03/2015 17:40	99	106	104	83	89	481	5	0
11/03/2015 17:45	104	113	100	99	95	511	5	0
11/03/2015 17:50	104	114	101	94	86	499	5	0
11/03/2015 17:55	120	121	109	105	106	561	5	0
11/03/2015 18:00	119	109	101	97	106	532	5	0
11/03/2015 18:05	97	103	96	100	99	495	5	0
11/03/2015 18:10	100	107	108	100	99	514	5	0
11/03/2015 18:15	119	109	100	94	95	517	5	0
11/03/2015 18:20	118	116	100	111	105	550	5	0
11/03/2015 18:25	114	114	110	107	106	551	5	0
11/03/2015 18:30	107	111	110	109	110	547	5	0
11/03/2015 18:35	107	114	89	121	110	541	5	0
11/03/2015 18:40	105	105	99	117	130	556	5	0
11/03/2015 18:45	106	119	111	115	109	560	5	0
11/03/2015 18:50	103	106	99	116	127	551	5	0
11/03/2015 18:55	104	90	90	101	126	511	5	0
11/03/2015 19:00	104	103	104	113	126	550	5	0
11/03/2015 19:05	104	103	105	120	116	548	5	0
11/03/2015 19:10	105	95	99	111	116	526	5	0
11/03/2015 19:15	110	113	103	96	116	538	5	0
11/03/2015 19:20	108	99	110	106	123	546	5	0
11/03/2015 19:25	113	96	110	126	116	561	5	0
11/03/2015 19:30	117	110	113	119	133	592	5	0
11/03/2015 19:35	116	111	113	109	119	568	5	0
11/03/2015 19:40	124	111	108	114	126	583	5	0
11/03/2015 19:45	113	101	100	123	120	557	5	0
11/03/2015 19:50	106	107	101	117	130	561	5	0
11/03/2015 19:55	83	94	93	104	106	480	5	0
11/03/2015 20:00	97	87	80	96	94	454	5	0
11/03/2015 20:05	91	99	91	104	106	491	5	0
11/03/2015 20:10	96	104	97	130	91	518	5	0
11/03/2015 20:15	100	109	100	117	104	530	5	0
11/03/2015 20:20	91	103	96	116	94	500	5	0
11/03/2015 20:25	98	89	80	120	101	488	5	0
11/03/2015 20:30	101	99	103	111	104	518	5	0
11/03/2015 20:35	93	96	94	113	104	500	5	0
11/03/2015 20:40	96	89	81	114	102	482	5	0
11/03/2015 20:45	83	91	90	121	103	488	5	0
11/03/2015 20:50	84	91	86	113	100	474	5	0
11/03/2015 20:55	90	100	91	108	94	483	5	0
11/03/2015 21:00	90	84	84	100	91	449	5	0
11/03/2015 21:05	85	91	85	107	87	455	5	0
11/03/2015 21:10	84	84	90	101	95	454	5	0
11/03/2015 21:15	79	84	93	107	96	459	5	0
11/03/2015 21:20	91	90	88	110	99	478	5	0
11/03/2015 21:25	84	97	90	101	93	465	5	0
11/03/2015 21:30	76	77	74	99	93	419	5	0
11/03/2015 21:35	83	90	89	117	97	476	5	0
11/03/2015 21:40	89	81	83	97	103	453	5	0
11/03/2015 21:45	76	86	82	97	94	435	5	0
11/03/2015 21:50	80	86	87	97	97	447	5	0
11/03/2015 21:55	76	84	78	103	95	436	5	0
11/03/2015 22:00	89	81	79	101	80	430	5	0
11/03/2015 22:05	77	84	84	104	80	429	5	0
11/03/2015 22:10	75	76	81	99	90	421	5	0
11/03/2015 22:15	81	83	89	99	90	442	5	0
11/03/2015 22:20	69	73	79	101	91	413	5	0
11/03/2015 22:25	67	67	83	91	77	385	5	0
11/03/2015 22:30	60	63	59	81	73	336	5	0
11/03/2015 22:35	50	65	61	73	64	313	5	0
11/03/2015 22:40	60	60	63	76	70	329	5	0
11/03/2015 22:45	59	67	53	69	66	314	5	0
11/03/2015 22:50	43	58	61	69	73	304	5	0
11/03/2015 22:55	44	56	55	64	54	273	5	0
11/03/2015 23:00	43	49	44	57	47	240	5	0
11/03/2015 23:05	47	44	46	59	57	253	5	0
11/03/2015 23:10	38	53	50	63	54	258	5	0
11/03/2015 23:15	47	53	53	67	61	281	5	0
11/03/2015 23:20	40	48	46	60	41	235	5	0
11/03/2015 23:25	39	50	50	55	44	238	5	0
11/03/2015 23:30	38	47	46	60	46	237	5	0
11/03/2015 23:35	32	39	40	64	40	215	5	0
11/03/2015 23:40	34	46	46	58	44	228	5	0
11/03/2015 23:45	30	38	43	45	40	196	5	0
11/03/2015 23:50	31	39	39	40	43	192	5	0
11/03/2015 23:55	24	30	31	39	41	165	5	0
11/04/2015 00:00	22	27	27	38	28	142	5	0
11/04/2015 00:05	24	29	33	40	29	155	5	0
11/04/2015 00:10	24	30	33	35	25	147	5	0
11/04/2015 00:15	18	28	21	42	30	139	5	0
11/04/2015 00:20	19	27	24	34	24	128	5	0
11/04/2015 00:25	18	24	21	24	26	113	5	0
11/04/2015 00:30	21	28	27	29	24	129	5	0
11/04/2015 00:35	17	14	28	27	26	112	5	0
11/04/2015 00:40	14	22	23	27	21	107	5	0
11/04/2015 00:45	18	21	20	21	16	96	5	0
11/04/2015 00:50	11	15	20	24	17	87	5	0
11/04/2015 00:55	16	21	26	20	14	97	5	0
11/04/2015 01:00	21	23	20	19	12	95	5	0
11/04/2015 01:05	20	22	20	18	12	92	5	0
11/04/2015 01:10	10	30	30	0	20	90	5	0
11/04/2015 01:15	11	18	19	18	8	74	5	0
11/04/2015 01:20	9	15	16	18	10	68	5	0
11/04/2015 01:25	7	17	11	11	10	56	5	0
11/04/2015 01:30	6	19	13	19	14	71	5	0
11/04/2015 01:35	10	18	20	19	10	77	5	0
11/04/2015 01:40	14	13	16	19	15	77	5	0
11/04/2015 01:45	8	11	14	15	11	59	5	0
11/04/2015 01:50	7	14	15	14	11	61	5	0
11/04/2015 01:55	7	10	13	16	10	56	5	0
11/04/2015 02:00	8	14	19	18	10	69	5	0
11/04/2015 02:05	10	20	19	20	14	83	5	0
11/04/2015 02:10	13	19	19	34	19	104	5	0
11/04/2015 02:15	8	11	15	26	14	74	5	0
11/04/2015 02:20	9	9	13	19	9	59	5	0
11/04/2015 02:25	7	14	13	17	7	58	5	0
11/04/2015 02:30	8	10	11	14	9	52	5	0
11/04/2015 02:35	6	16	13	13	9	57	5	0
11/04/2015 02:40	10	17	14	16	6	63	5	0
11/04/2015 02:45	9	14	9	10	9	51	5	0
11/04/2015 02:50	9	15	16	14	14	68	5	0
11/04/2015 02:55	7	10	10	11	7	45	5	0
11/04/2015 03:00	11	11	13	13	9	57	5	0
11/04/2015 03:05	10	14	9	11	10	54	5	0
11/04/2015 03:10	6	18	14	13	10	61	5	0
11/04/2015 03:15	10	19	13	9	9	60	5	0
11/04/2015 03:20	17	20	13	23	11	84	5	0
11/04/2015 03:25	13	24	14	14	7	72	5	0
11/04/2015 03:30	11	19	19	10	6	65	5	0
11/04/2015 03:35	20	23	14	19	13	89	5	0
11/04/2015 03:40	16	26	20	23	14	99	5	0
11/04/2015 03:45	21	27	16	16	10	90	5	0
11/04/2015 03:50	19	26	21	18	13	97	5	0
11/04/2015 03:55	21	28	19	20	8	96	5	0
11/04/2015 04:00	20	29	16	16	13	94	5	0
11/04/2015 04:05	27	30	24	22	12	115	5	0
11/04/2015 04:10	24	39	30	24	19	136	5	0
11/04/2015 04:15	30	41	35	25	10	141	5	0
11/04/2015 04:20	33	44	29	23	19	148	5	0
11/04/2015 04:25	44	46	31	24	19	164	5	0
11/04/2015 04:30	53	57	37	26	20	193	5	0
11/04/2015 04:35	69	57	40	34	24	224	5	0
11/04/2015 04:40	58	53	34	31	29	205	5	0
11/04/2015 04:45	75	60	47	36	40	258	5	0
11/04/2015 04:50	65	60	43	40	37	245	5	0
11/04/2015 04:55	71	71	49	40	43	274	5	0
11/04/2015 05:00	61	68	46	43	36	254	5	0
11/04/2015 05:05	79	70	48	39	34	270	5	0
11/04/2015 05:10	90	71	50	53	46	310	5	0
11/04/2015 05:15	116	80	54	60	53	363	5	0
11/04/2015 05:20	123	103	65	65	61	417	5	0
11/04/2015 05:25	146	110	70	79	66	471	5	0
11/04/2015 05:30	136	106	75	68	77	462	5	0
11/04/2015 05:35	145	117	94	88	110	554	5	0
11/04/2015 05:40	163	115	94	96	97	565	5	0
11/04/2015 05:45	143	114	84	88	91	520	5	0
11/04/2015 05:50	136	111	88	100	114	549	5	0
11/04/2015 05:55	145	126	88	101	106	566	5	0
11/04/2015 06:00	131	107	84	87	90	499	5	0
11/04/2015 06:05	140	114	90	91	97	532	5	0
11/04/2015 06:10	143	126	93	99	100	561	5	0
11/04/2015 06:15	140	110	93	97	101	541	5	0
11/04/2015 06:20	126	115	81	95	111	528	5	0
11/04/2015 06:25	130	116	88	104	104	542	5	0
11/04/2015 06:30	133	114	81	91	109	528	5	0
11/04/2015 06:35	123	113	78	116	113	543	5	0
11/04/2015 06:40	117	106	89	107	114	533	5	0
11/04/2015 06:45	119	111	89	116	113	548	5	0
11/04/2015 06:50	123	107	87	100	116	533	5	0
11/04/2015 06:55	126	120	96	118	120	580	5	0
11/04/2015 07:00	136	116	103	107	117	579	5	0
11/04/2015 07:05	134	119	93	118	133	597	5	0
11/04/2015 07:10	141	124	113	116	137	631	5	0
11/04/2015 07:15	139	126	104	124	148	641	5	0
11/04/2015 07:20	130	126	111	136	133	636	5	0
11/04/2015 07:25	130	121	108	133	144	636	5	0
11/04/2015 07:30	137	126	119	136	139	657	5	0
11/04/2015 07:35	129	121	111	124	133	618	5	0
11/04/2015 07:40	126	126	113	126	138	629	5	0
11/04/2015 07:45	134	118	114	139	141	646	5	0
11/04/2015 07:50	129	111	110	143	146	639	5	0
11/04/2015 07:55	137	120	123	130	166	676	5	0
11/04/2015 08:00	144	120	114	140	151	669	5	0
11/04/2015 08:05	139	126	118	139	163	685	5	0
11/04/2015 08:10	126	130	110	139	153	658	5	0
11/04/2015 08:15	130	124	126	131	151	662	5	0
11/04/2015 08:20	129	120	134	143	155	681	5	0
11/04/2015 08:25	137	126	124	156	151	694	5	0
11/04/2015 08:30	131	121	129	130	143	654	5	0
11/04/2015 08:35	140	118	101	133	134	626	5	0
11/04/2015 08:40	136	121	116	127	143	643	5	0
11/04/2015 08:45	131	120	117	120	145	633	5	0
11/04/2015 08:50	128	134	114	141	148	665	5	0
11/04/2015 08:55	134	128	114	133	146	655	5	0
11/04/2015 09:00	131	127	113	126	146	643	5	0
11/04/2015 09:05	144	124	121	124	139	652	5	0
11/04/2015 09:10	135	134	123	134	143	669	5	0
11/04/2015 09:15	136	136	121	134	156	683	5	0
11/04/2015 09:20	139	127	121	135	137	659	5	0
11/04/2015 09:25	140	129	117	136	146	668	5	0
11/04/2015 09:30	124	126	123	140	141	654	5	0
11/04/2015 09:35	154	134	120	128	140	676	5	0
11/04/2015 09:40	139	124	126	133	144	666	5	0
11/04/2015 09:45	137	131	113	126	144	651	5	0
11/04/2015 09:50	131	117	117	136	141	642	5	0
11/04/2015 09:55	128	127	114	127	149	645	5	0
11/04/2015 10:00	140	119	124	140	153	676	5	0
11/04/2015 10:05	141	127	109	136	133	646	5	0
11/04/2015 10:10	144	111	111	143	143	652	5	0
11/04/2015 10:15	134	121	110	131	137	633	5	0
11/04/2015 10:20	149	123	119	129	133	653	5	0
11/04/2015 10:25	144	118	121	134	137	654	5	0
11/04/2015 10:30	133	124	109	119	137	622	5	0
11/04/2015 10:35	136	133	115	134	137	655	5	0
11/04/2015 10:40	128	113	101	137	123	602	5	0
11/04/2015 10:45	131	123	113	143	135	645	5	0
11/04/2015 10:50	147	133	110	126	145	661	5	0
11/04/2015 10:55	144	123	109	126	146	648	5	0
11/04/2015 11:00	134	116	113	131	119	613	5	0
11/04/2015 11:05	141	124	110	133	120	628	5	0
11/04/2015 11:10	133	119	110	136	133	631	5	0
11/04/2015 11:15	136	131	121	131	139	658	5	0
11/04/2015 11:20	139	120	107	137	146	649	5	0
11/04/2015 11:25	129	119	111	140	139	638	5	0
11/04/2015 11:30	140	138	115	130	139	662	5	0
11/04/2015 11:35	140	134	116	133	149	672	5	0
11/04/2015 11:40	136	126	120	131	153	666	5	0
11/04/2015 11:45	143	131	104	133	140	651	5	0
11/04/2015 11:50	127	126	130	150	154	687	5	0
11/04/2015 11:55	131	113	111	141	150	646	5	0
11/04/2015 12:00	147	123	116	140	133	659	5	0
11/04/2015 12:05	137	109	110	130	140	626	5	0
11/04/2015 12:10	144	131	126	133	149	683	5	0
11/04/2015 12:15	149	123	114	137	146	669	5	0
11/04/2015 12:20	126	130	119	147	147	669	5	0
11/04/2015 12:25	134	131	116	139	130	650	5	0
11/04/2015 12:30	147	124	109	130	124	634	5	0
11/04/2015 12:35	137	123	127	140	129	656	5	0
11/04/2015 12:40	157	139	124	141	153	714	5	0
11/04/2015 12:45	141	130	117	140	149	677	5	0
11/04/2015 12:50	149	130	116	146	137	678	5	0
11/04/2015 12:55	146	123	119	133	133	654	5	0
11/04/2015 13:00	127	131	114	134	138	644	5	0
11/04/2015 13:05	153	136	119	134	130	672	5	0
11/04/2015 13:10	154	136	116	134	149	689	5	0
11/04/2015 13:15	141	130	114	131	127	643	5	0
11/04/2015 13:20	149	133	126	139	143	690	5	0
11/04/2015 13:25	150	140	123	127	145	685	5	0
11/04/2015 13:30	159	135	130	134	140	698	5	0
11/04/2015 13:35	123	112	122	123	108	588	5	0
11/04/2015 13:40	139	137	117	127	121	641	5	0
11/04/2015 13:45	154	134	129	131	129	677	5	0
11/04/2015 13:50	142	127	117	142	129	657	5	0
11/04/2015 13:55	139	127	126	130	131	653	5	0
11/04/2015 14:00	140	126	126	136	120	648	5	0
11/04/2015 14:05	137	124	117	131	129	638	5	0
11/04/2015 14:10	127	131	120	156	134	668	5	0
11/04/2015 14:15	137	136	150	133	127	683	5	0
11/04/2015 14:20	142	143	126	120	118	649	5	0
11/04/2015 14:25	150	136	111	128	128	653	5	0
11/04/2015 14:30	133	137	114	127	107	618	5	0
11/04/2015 14:35	136	140	127	124	127	654	5	0
11/04/2015 14:40	140	146	117	132	133	668	5	0
11/04/2015 14:45	131	137	119	141	134	662	5	0
11/04/2015 14:50	141	124	117	136	116	634	5	0
11/04/2015 14:55	142	118	120	124	126	630	5	0
11/04/2015 15:00	136	126	117	124	114	617	5	0
11/04/2015 15:05	129	123	113	117	111	593	5	0
11/04/2015 15:10	130	109	114	117	117	587	5	0
11/04/2015 15:15	117	116	110	103	104	550	5	0
11/04/2015 15:20	133	117	110	109	120	589	5	0
11/04/2015 15:25	126	117	117	121	119	600	5	0
11/04/2015 15:30	110	120	117	119	123	589	5	0
11/04/2015 15:35	120	114	113	123	104	574	5	0
11/04/2015 15:40	116	121	103	111	114	565	5	0
11/04/2015 15:45	100	107	99	101	110	517	5	0
11/04/2015 15:50	118	108	107	106	105	544	5	0
11/04/2015 15:55	100	106	100	107	97	510	5	0
11/04/2015 16:00	106	109	111	116	107	549	5	0
11/04/2015 16:05	110	107	103	103	114	537	5	0
11/04/2015 16:10	98	96	97	107	100	498	5	0
11/04/2015 16:15	102	118	103	107	113	543	5	0
11/04/2015 16:20	106	105	93	96	97	497	5	0
11/04/2015 16:25	108	120	113	107	103	551	5	0
11/04/2015 16:30	105	116	110	113	106	550	5	0
11/04/2015 16:35	113	117	109	99	103	541	5	0
11/04/2015 16:40	116	117	115	101	104	553	5	0
11/04/2015 16:45	114	111	104	104	101	534	5	0
11/04/2015 16:50	99	111	104	100	80	494	5	0
11/04/2015 16:55	97	107	93	102	98	497	5	0
11/04/2015 17:00	95	105	97	97	95	489	5	0
11/04/2015 17:05	119	107	109	116	115	566	5	0
11/04/2015 17:10	94	110	99	97	107	507	5	0
11/04/2015 17:15	98	110	96	106	104	514	5	0
11/04/2015 17:20	117	111	107	106	113	554	5	0
11/04/2015 17:25	101	99	97	103	110	510	5	0
11/04/2015 17:30	94	97	94	100	96	481	5	0
11/04/2015 17:35	90	96	94	113	120	513	5	0
11/04/2015 17:40	87	96	98	110	124	515	5	0
11/04/2015 17:45	100	106	101	118	111	536	5	0
11/04/2015 17:50	98	107	97	109	114	525	5	0
11/04/2015 17:55	94	102	93	96	107	492	5	0
11/04/2015 18:00	96	104	94	97	100	491	5	0
11/04/2015 18:05	105	103	104	108	111	531	5	0
11/04/2015 18:10	110	113	106	105	110	544	5	0
11/04/2015 18:15	105	113	105	99	113	535	5	0
11/04/2015 18:20	120	124	100	97	101	542	5	0
11/04/2015 18:25	91	108	97	106	107	509	5	0
11/04/2015 18:30	111	101	101	91	113	517	5	0
11/04/2015 18:35	99	99	103	103	107	511	5	0
11/04/2015 18:40	104	101	97	110	119	531	5	0
11/04/2015 18:45	97	103	103	104	109	516	5	0
11/04/2015 18:50	94	98	93	116	110	511	5	0
11/04/2015 18:55	98	102	97	86	109	492	5	0
11/04/2015 19:00	103	110	93	96	103	505	5	0
11/04/2015 19:05	107	84	95	115	126	527	5	0
11/04/2015 19:10	103	106	102	108	130	549	5	0
11/04/2015 19:15	119	107	101	115	103	545	5	0
11/04/2015 19:20	100	101	93	119	109	522	5	0
11/04/2015 19:25	101	109	96	124	128	558	5	0
11/04/2015 19:30	117	95	90	119	116	537	5	0
11/04/2015 19:35	109	103	93	117	129	551	5	0
11/04/2015 19:40	100	109	86	124	121	540	5	0
11/04/2015 19:45	123	114	107	113	129	586	5	0
11/04/2015 19:50	102	105	98	111	113	529	5	0
11/04/2015 19:55	111	116	110	110	119	566	5	0
11/04/2015 20:00	117	99	93	100	103	512	5	0
11/04/2015 20:05	107	110	112	117	118	564	5	0
11/04/2015 20:10	102	90	110	109	106	517	5	0
11/04/2015 20:15	106	92	93	110	100	501	5	0
11/04/2015 20:20	103	104	101	107	110	525	5	0
11/04/2015 20:25	91	98	82	103	100	474	5	0
11/04/2015 20:30	86	105	93	103	100	487	5	0
11/04/2015 20:35	88	91	88	114	109	490	5	0
11/04/2015 20:40	89	86	97	99	107	478	5	0
11/04/2015 20:45	104	99	87	111	116	517	5	0
11/04/2015 20:50	99	96	86	104	96	481	5	0
11/04/2015 20:55	84	90	91	107	93	465	5	0
11/04/2015 21:00	89	80	94	99	90	452	5	0
11/04/2015 21:05	90	107	90	107	109	503	5	0
11/04/2015 21:10	91	103	99	113	113	519	5	0
11/04/2015 21:15	87	93	84	115	99	478	5	0
11/04/2015 21:20	97	89	95	110	97	488	5	0
11/04/2015 21:25	87	96	94	109	113	499	5	0
11/04/2015 21:30	97	88	81	99	91	456	5	0
11/04/2015 21:35	93	78	74	100	74	419	5	0
11/04/2015 21:40	96	88	97	103	103	487	5	0
11/04/2015 21:45	91	90	88	107	90	466	5	0
11/04/2015 21:50	103	90	91	101	96	481	5	0
11/04/2015 21:55	97	92	92	113	100	494	5	0
11/04/2015 22:00	87	90	83	108	93	461	5	0
11/04/2015 22:05	81	81	82	100	84	428	5	0
11/04/2015 22:10	80	81	90	94	99	444	5	0
11/04/2015 22:15	83	83	72	96	93	427	5	0
11/04/2015 22:20	83	74	80	102	90	429	5	0
11/04/2015 22:25	67	69	76	91	84	387	5	0
11/04/2015 22:30	71	67	66	84	79	367	5	0
11/04/2015 22:35	73	76	67	79	64	359	5	0
11/04/2015 22:40	63	71	63	80	70	347	5	0
11/04/2015 22:45	63	60	61	81	66	331	5	0
11/04/2015 22:50	67	73	64	69	71	344	5	0
11/04/2015 22:55	44	54	57	69	51	275	5	0
11/04/2015 23:00	57	57	57	60	46	277	5	0
11/04/2015 23:05	56	61	58	73	59	307	5	0
11/04/2015 23:10	53	52	49	69	61	284	5	0
11/04/2015 23:15	44	49	49	67	60	269	5	0
11/04/2015 23:20	44	46	47	57	47	241	5	0
11/04/2015 23:25	39	45	44	43	49	220	5	0
11/04/2015 23:30	40	49	37	54	37	217	5	0
11/04/2015 23:35	37	42	40	50	49	218	5	0
11/04/2015 23:40	36	51	40	61	56	244	5	0
11/04/2015 23:45	36	33	39	51	39	198	5	0
11/04/2015 23:50	36	34	37	40	40	187	5	0
11/04/2015 23:55	33	40	30	39	27	169	5	0
11/05/2015 00:00	27	35	26	33	33	154	5	0
11/05/2015 00:05	27	24	33	33	28	145	5	0
11/05/2015 00:10	19	31	20	33	28	131	5	0
11/05/2015 00:15	18	27	31	34	22	132	5	0
11/05/2015 00:20	24	30	26	29	25	134	5	0
11/05/2015 00:25	37	29	24	26	27	143	5	0
11/05/2015 00:30	24	24	24	26	23	121	5	0
11/05/2015 00:35	17	23	21	31	19	111	5	0
11/05/2015 00:40	14	29	24	14	17	98	5	0
11/05/2015 00:45	15	23	26	23	10	97	5	0
11/05/2015 00:50	16	26	19	14	16	91	5	0
11/05/2015 00:55	10	21	20	14	19	84	5	0
11/05/2015 01:00	24	26	23	21	14	108	5	0
11/05/2015 01:05	24	27	23	22	14	110	5	0
11/05/2015 01:10	24	26	23	21	14	108	5	0
11/05/2015 01:15	16	16	18	19	13	82	5	0
11/05/2015 01:20	19	16	15	14	14	78	5	0
11/05/2015 01:25	16	15	13	13	5	62	5	0
11/05/2015 01:30	13	20	14	21	13	81	5	0
11/05/2015 01:35	11	20	10	11	13	65	5	0
11/05/2015 01:40	11	20	14	20	14	79	5	0
11/05/2015 01:45	9	17	16	7	5	54	5	0
11/05/2015 01:50	14	14	16	9	11	64	5	0
11/05/2015 01:55	8	16	10	18	10	62	5	0
11/05/2015 02:00	10	14	14	13	10	61	5	0
11/05/2015 02:05	15	17	18	20	16	86	5	0
11/05/2015 02:10	15	20	23	26	14	98	5	0
11/05/2015 02:15	11	14	14	24	13	76	5	0
11/05/2015 02:20	10	13	13	10	10	56	5	0
11/05/2015 02:25	10	11	10	7	6	44	5	0
11/05/2015 02:30	7	11	9	6	11	44	5	0
11/05/2015 02:35	8	10	13	14	6	51	5	0
11/05/2015 02:40	10	11	14	10	9	54	5	0
11/05/2015 02:45	13	16	13	13	6	61	5	0
11/05/2015 02:50	18	17	10	11	6	62	5	0
11/05/2015 02:55	14	11	11	9	8	53	5	0
11/05/2015 03:00	13	14	9	10	1	47	5	0
11/05/2015 03:05	15	19	16	5	1	56	5	0
11/05/2015 03:10	10	19	16	11	4	60	5	0
11/05/2015 03:15	15	21	18	13	3	70	5	0
11/05/2015 03:20	15	23	14	13	6	71	5	0
11/05/2015 03:25	16	19	21	18	8	82	5	0
11/05/2015 03:30	16	23	16	9	7	71	5	0
11/05/2015 03:35	14	25	13	14	5	71	5	0
11/05/2015 03:40	23	29	19	13	5	89	5	0
11/05/2015 03:45	20	29	19	11	10	89	5	0
11/05/2015 03:50	28	28	25	14	8	103	5	0
11/05/2015 03:55	27	27	28	17	10	109	5	0
11/05/2015 04:00	27	34	24	23	7	115	5	0
11/05/2015 04:05	33	34	25	14	17	123	5	0
11/05/2015 04:10	28	36	25	23	13	125	5	0
11/05/2015 04:15	50	43	30	24	11	158	5	0
11/05/2015 04:20	50	53	30	16	10	159	5	0
11/05/2015 04:25	50	55	30	23	12	170	5	0
11/05/2015 04:30	59	63	39	27	24	212	5	0
11/05/2015 04:35	63	69	44	41	31	248	5	0
11/05/2015 04:40	68	61	41	37	27	234	5	0
11/05/2015 04:45	70	61	40	31	34	236	5	0
11/05/2015 04:50	63	63	47	42	36	251	5	0
11/05/2015 04:55	66	61	40	51	29	247	5	0
11/05/2015 05:00	81	64	47	36	37	265	5	0
11/05/2015 05:05	84	70	57	52	40	303	5	0
11/05/2015 05:10	103	84	56	48	38	329	5	0
11/05/2015 05:15	110	96	62	55	56	379	5	0
11/05/2015 05:20	129	106	65	63	67	430	5	0
11/05/2015 05:25	135	104	65	73	59	436	5	0
11/05/2015 05:30	140	119	76	86	80	501	5	0
11/05/2015 05:35	156	129	92	86	93	556	5	0
11/05/2015 05:40	155	117	81	91	93	537	5	0
11/05/2015 05:45	141	124	89	105	93	552	5	0
11/05/2015 05:50	133	119	83	110	117	562	5	0
11/05/2015 05:55	146	117	87	86	112	548	5	0
11/05/2015 06:00	144	115	86	91	90	526	5	0
11/05/2015 06:05	140	113	81	88	88	510	5	0
11/05/2015 06:10	133	114	87	95	103	532	5	0
11/05/2015 06:15	123	106	88	86	92	495	5	0
11/05/2015 06:20	127	117	86	90	112	532	5	0
11/05/2015 06:25	132	106	87	95	96	516	5	0
11/05/2015 06:30	113	113	70	93	90	479	5	0
11/05/2015 06:35	114	97	77	84	115	487	5	0
11/05/2015 06:40	130	104	91	100	104	529	5	0
11/05/2015 06:45	134	103	98	124	117	576	5	0
11/05/2015 06:50	140	113	97	103	106	559	5	0
11/05/2015 06:55	134	103	87	108	124	556	5	0
11/05/2015 07:00	127	111	93	104	127	562	5	0
11/05/2015 07:05	131	104	90	110	123	558	5	0
11/05/2015 07:10	136	127	112	113	133	621	5	0
11/05/2015 07:15	133	113	103	127	120	596	5	0
11/05/2015 07:20	134	130	106	121	130	621	5	0
11/05/2015 07:25	125	111	99	117	140	592	5	0
11/05/2015 07:30	123	121	113	131	138	626	5	0
11/05/2015 07:35	127	117	109	130	154	637	5	0
11/05/2015 07:40	125	117	90	129	150	611	5	0
11/05/2015 07:45	117	110	114	133	145	619	5	0
11/05/2015 07:50	110	116	76	124	130	556	5	0
11/05/2015 07:55	108	143	112	133	150	646	5	0
11/05/2015 08:00	147	125	117	146	147	682	5	0
11/05/2015 08:05	134	127	100	152	148	661	5	0
11/05/2015 08:10	140	119	114	139	144	656	5	0
11/05/2015 08:15	132	116	115	136	140	639	5	0
11/05/2015 08:20	129	135	110	132	126	632	5	0
11/05/2015 08:25	131	125	116	126	149	647	5	0
11/05/2015 08:30	120	130	110	118	138	616	5	0
11/05/2015 08:35	123	132	100	130	147	632	5	0
11/05/2015 08:40	132	112	113	114	142	613	5	0
11/05/2015 08:45	134	130	110	137	171	682	5	0
11/05/2015 08:50	134	130	111	119	154	648	5	0
11/05/2015 08:55	129	112	113	127	136	617	5	0
11/05/2015 09:00	133	135	119	137	137	661	5	0
11/05/2015 09:05	147	131	120	133	143	674	5	0
11/05/2015 09:10	148	123	117	126	150	664	5	0
11/05/2015 09:15	142	139	120	144	145	690	5	0
11/05/2015 09:20	147	138	117	123	143	668	5	0
11/05/2015 09:25	149	138	111	144	150	692	5	0
11/05/2015 09:30	140	130	118	129	160	677	5	0
11/05/2015 09:35	137	118	115	139	143	652	5	0
11/05/2015 09:40	148	128	128	155	151	710	5	0
11/05/2015 09:45	152	133	120	131	141	677	5	0
11/05/2015 09:50	133	125	111	130	156	655	5	0
11/05/2015 09:55	135	134	117	118	145	649	5	0
11/05/2015 10:00	153	116	130	136	141	676	5	0
11/05/2015 10:05	156	125	120	146	148	695	5	0
11/05/2015 10:10	144	133	120	136	154	687	5	0
11/05/2015 10:15	143	139	126	130	154	692	5	0
11/05/2015 10:20	146	116	120	131	152	665	5	0
11/05/2015 10:25	127	119	112	133	141	632	5	0
11/05/2015 10:30	137	138	108	131	144	658	5	0
11/05/2015 10:35	133	127	110	141	137	648	5	0
11/05/2015 10:40	131	143	116	138	134	662	5	0
11/05/2015 10:45	135	116	107	143	149	650	5	0
11/05/2015 10:50	130	119	117	140	137	643	5	0
11/05/2015 10:55	146	129	116	133	134	658	5	0
11/05/2015 11:00	127	130	113	131	133	634	5	0
11/05/2015 11:05	129	127	120	130	131	637	5	0
11/05/2015 11:10	132	128	116	133	146	655	5	0
11/05/2015 11:15	143	139	119	129	144	674	5	0
11/05/2015 11:20	138	118	108	137	146	647	5	0
11/05/2015 11:25	141	119	115	130	138	643	5	0
11/05/2015 11:30	145	127	108	137	137	654	5	0
11/05/2015 11:35	147	137	111	124	130	649	5	0
11/05/2015 11:40	137	141	129	136	139	682	5	0
11/05/2015 11:45	124	117	119	136	124	620	5	0
11/05/2015 11:50	139	122	117	140	143	661	5	0
11/05/2015 11:55	139	123	125	131	143	661	5	0
11/05/2015 12:00	134	123	113	120	136	626	5	0
11/05/2015 12:05	141	129	129	134	131	664	5	0
11/05/2015 12:10	149	139	117	143	140	688	5	0
11/05/2015 12:15	140	136	131	137	134	678	5	0
11/05/2015 12:20	149	147	128	136	148	708	5	0
11/05/2015 12:25	146	131	123	137	130	667	5	0
11/05/2015 12:30	141	135	128	126	133	663	5	0
11/05/2015 12:35	144	140	119	124	157	684	5	0
11/05/2015 12:40	140	131	123	130	130	654	5	0
11/05/2015 12:45	150	146	121	131	120	668	5	0
11/05/2015 12:50	148	144	130	133	138	693	5	0
11/05/2015 12:55	158	140	118	142	124	682	5	0
11/05/2015 13:00	144	127	134	143	139	687	5	0
11/05/2015 13:05	150	146	123	130	127	676	5	0
11/05/2015 13:10	153	150	126	157	140	726	5	0
11/05/2015 13:15	153	137	120	131	124	665	5	0
11/05/2015 13:20	145	140	124	137	130	676	5	0
11/05/2015 13:25	144	140	127	140	127	678	5	0
11/05/2015 13:30	153	140	117	132	140	682	5	0
11/05/2015 13:35	138	138	122	125	120	643	5	0
11/05/2015 13:40	147	133	122	117	114	633	5	0
11/05/2015 13:45	140	138	112	120	127	637	5	0
11/05/2015 13:50	136	140	127	122	133	658	5	0
11/05/2015 13:55	140	137	123	128	120	648	5	0
11/05/2015 14:00	142	139	134	126	126	667	5	0
11/05/2015 14:05	127	117	122	127	121	614	5	0
11/05/2015 14:10	140	130	112	110	113	605	5	0
11/05/2015 14:15	129	133	119	117	126	624	5	0
11/05/2015 14:20	121	118	119	110	114	582	5	0
11/05/2015 14:25	121	125	114	104	100	564	5	0
11/05/2015 14:30	129	127	113	117	111	597	5	0
11/05/2015 14:35	140	135	110	80	88	553	5	0
11/05/2015 14:40	122	123	103	91	78	517	5	0
11/05/2015 14:45	124	117	110	100	86	537	5	0
11/05/2015 14:50	132	122	115	102	111	582	5	0
11/05/2015 14:55	122	127	118	101	97	565	5	0
11/05/2015 15:00	122	114	120	80	95	531	5	0
11/05/2015 15:05	112	112	100	93	95	512	5	0
11/05/2015 15:10	110	115	99	94	80	498	5	0
11/05/2015 15:15	107	112	101	95	81	496	5	0
11/05/2015 15:20	110	115	101	90	87	503	5	0
11/05/2015 15:25	120	112	98	93	86	509	5	0
11/05/2015 15:30	98	94	88	77	67	424	5	0
11/05/2015 15:35	133	123	114	99	94	563	5	0
11/05/2015 15:40	137	126	107	79	80	529	5	0
11/05/2015 15:45	118	118	104	88	93	521	5	0
11/05/2015 15:50	107	111	101	97	101	517	5	0
11/05/2015 15:55	108	120	102	84	91	505	5	0
11/05/2015 16:00	105	122	106	106	111	550	5	0
11/05/2015 16:05	93	99	97	91	89	469	5	0
11/05/2015 16:10	113	107	100	89	96	505	5	0
11/05/2015 16:15	102	106	93	79	85	465	5	0
11/05/2015 16:20	103	112	109	89	99	512	5	0
11/05/2015 16:25	112	112	96	93	70	483	5	0
11/05/2015 16:30	116	111	101	86	73	487	5	0
11/05/2015 16:35	111	105	96	78	78	468	5	0
11/05/2015 16:40	102	102	98	72	77	451	5	0
11/05/2015 16:45	98	116	100	92	80	486	5	0
11/05/2015 16:50	107	110	100	87	80	484	5	0
11/05/2015 16:55	111	112	106	97	94	520	5	0
11/05/2015 17:00	109	103	91	81	73	457	5	0
11/05/2015 17:05	103	107	110	98	100	518	5	0
11/05/2015 17:10	104	111	113	107	106	541	5	0
11/05/2015 17:15	94	94	94	84	83	449	5	0
11/05/2015 17:20	107	100	97	97	90	491	5	0
11/05/2015 17:25	96	103	96	93	94	482	5	0
11/05/2015 17:30	87	97	93	81	86	444	5	0
11/05/2015 17:35	105	103	82	94	95	479	5	0
11/05/2015 17:40	95	97	97	80	100	469	5	0
11/05/2015 17:45	80	88	81	76	81	406	5	0
11/05/2015 17:50	89	95	87	98	98	467	5	0
11/05/2015 17:55	93	97	92	108	104	494	5	0
11/05/2015 18:00	73	90	93	96	99	451	5	0
11/05/2015 18:05	80	96	91	99	107	473	5	0
11/05/2015 18:10	104	94	98	91	94	481	5	0
11/05/2015 18:15	81	99	93	101	94	468	5	0
11/05/2015 18:20	98	110	97	82	80	467	5	0
11/05/2015 18:25	102	103	95	88	87	475	5	0
11/05/2015 18:30	111	103	93	103	112	522	5	0
11/05/2015 18:35	118	112	100	107	114	551	5	0
11/05/2015 18:40	92	99	97	96	100	484	5	0
11/05/2015 18:45	97	100	97	107	101	502	5	0
11/05/2015 18:50	108	93	102	112	100	515	5	0
11/05/2015 18:55	105	99	93	92	87	476	5	0
11/05/2015 19:00	101	100	87	103	111	502	5	0
11/05/2015 19:05	107	103	102	123	109	544	5	0
11/05/2015 19:10	110	102	109	115	109	545	5	0
11/05/2015 19:15	103	100	101	118	120	542	5	0
11/05/2015 19:20	114	110	101	100	103	528	5	0
11/05/2015 19:25	113	123	91	101	103	531	5	0
11/05/2015 19:30	119	108	111	103	101	542	5	0
11/05/2015 19:35	110	99	104	103	115	531	5	0
11/05/2015 19:40	117	109	100	101	114	541	5	0
11/05/2015 19:45	100	106	95	103	107	511	5	0
11/05/2015 19:50	97	107	103	114	111	532	5	0
11/05/2015 19:55	89	100	100	99	103	491	5	0
11/05/2015 20:00	107	100	111	106	111	535	5	0
11/05/2015 20:05	99	109	94	106	96	504	5	0
11/05/2015 20:10	94	99	93	99	103	488	5	0
11/05/2015 20:15	97	101	103	103	102	506	5	0
11/05/2015 20:20	104	100	86	109	101	500	5	0
11/05/2015 20:25	100	87	93	100	103	483	5	0
11/05/2015 20:30	77	97	78	94	93	439	5	0
11/05/2015 20:35	93	100	76	84	99	452	5	0
11/05/2015 20:40	98	90	96	118	95	497	5	0
11/05/2015 20:45	101	101	98	120	107	527	5	0
11/05/2015 20:50	103	101	84	96	109	493	5	0
11/05/2015 20:55	108	110	84	116	93	511	5	0
11/05/2015 21:00	101	94	93	117	98	503	5	0
11/05/2015 21:05	103	90	99	104	108	504	5	0
11/05/2015 21:10	116	100	110	116	107	549	5	0
11/05/2015 21:15	103	104	101	129	108	545	5	0
11/05/2015 21:20	96	101	96	123	98	514	5	0
11/05/2015 21:25	100	106	85	114	113	518	5	0
11/05/2015 21:30	84	91	78	120	105	478	5	0
11/05/2015 21:35	94	97	94	103	90	478	5	0
11/05/2015 21:40	88	99	104	103	93	487	5	0
11/05/2015 21:45	110	85	94	95	103	487	5	0
11/05/2015 21:50	91	88	95	89	96	459	5	0
11/05/2015 21:55	86	97	75	98	103	459	5	0
11/05/2015 22:00	98	100	80	110	84	472	5	0
11/05/2015 22:05	93	84	90	106	99	472	5	0
11/05/2015 22:10	91	90	85	113	97	476	5	0
11/05/2015 22:15	93	84	88	89	93	447	5	0
11/05/2015 22:20	83	87	81	92	94	437	5	0
11/05/2015 22:25	73	79	81	96	87	416	5	0
11/05/2015 22:30	76	76	74	81	84	391	5	0
11/05/2015 22:35	85	86	83	74	80	408	5	0
11/05/2015 22:40	77	80	65	77	77	376	5	0
11/05/2015 22:45	71	62	65	83	76	357	5	0
11/05/2015 22:50	63	68	64	81	76	352	5	0
11/05/2015 22:55	60	69	57	79	69	334	5	0
11/05/2015 23:00	58	59	55	69	54	295	5	0
11/05/2015 23:05	65	67	69	63	65	329	5	0
11/05/2015 23:10	53	61	55	73	54	296	5	0
11/05/2015 23:15	46	60	55	74	63	298	5	0
11/05/2015 23:20	51	56	46	67	54	274	5	0
11/05/2015 23:25	44	60	50	56	56	266	5	0
11/05/2015 23:30	49	57	54	63	44	267	5	0
11/05/2015 23:35	38	48	49	64	65	264	5	0
11/05/2015 23:40	48	60	53	60	50	271	5	0
11/05/2015 23:45	44	52	47	56	50	249	5	0
11/05/2015 23:50	36	43	47	43	40	209	5	0
11/05/2015 23:55	35	42	44	46	40	207	5	0
11/06/2015 00:00	37	43	45	48	33	206	5	0
11/06/2015 00:05	35	42	39	45	39	200	5	0
11/06/2015 00:10	28	29	35	45	30	167	5	0
11/06/2015 00:15	33	35	38	40	36	182	5	0
11/06/2015 00:20	27	33	28	40	34	162	5	0
11/06/2015 00:25	16	32	28	38	36	150	5	0
11/06/2015 00:30	29	37	25	34	26	151	5	0
11/06/2015 00:35	22	38	29	31	25	145	5	0
11/06/2015 00:40	20	26	25	23	22	116	5	0
11/06/2015 00:45	21	25	31	30	27	134	5	0
11/06/2015 00:50	14	26	26	26	24	116	5	0
11/06/2015 00:55	18	25	27	26	25	121	5	0
11/06/2015 01:00	27	29	26	24	15	121	5	0
11/06/2015 01:05	26	28	25	23	15	117	5	0
11/06/2015 01:10	26	28	25	23	15	117	5	0
11/06/2015 01:15	17	23	16	23	13	92	5	0
11/06/2015 01:20	23	18	21	21	14	97	5	0
11/06/2015 01:25	23	25	19	24	24	115	5	0
11/06/2015 01:30	16	21	17	23	23	100	5	0
11/06/2015 01:35	18	25	17	20	20	100	5	0
11/06/2015 01:40	15	18	22	24	17	96	5	0
11/06/2015 01:45	20	20	18	17	17	92	5	0
11/06/2015 01:50	12	22	21	21	18	94	5	0
11/06/2015 01:55	17	23	19	28	13	100	5	0
11/06/2015 02:00	11	23	20	24	17	95	5	0
11/06/2015 02:05	13	22	18	28	24	105	5	0
11/06/2015 02:10	18	31	30	40	26	145	5	0
11/06/2015 02:15	10	20	22	29	20	101	5	0
11/06/2015 02:20	8	20	20	16	13	77	5	0
11/06/2015 02:25	11	19	12	18	14	74	5	0
11/06/2015 02:30	11	24	16	20	19	90	5	0
11/06/2015 02:35	17	21	20	22	14	94	5	0
11/06/2015 02:40	20	23	16	24	11	94	5	0
11/06/2015 02:45	12	17	19	14	14	76	5	0
11/06/2015 02:50	18	26	20	17	15	96	5	0
11/06/2015 02:55	16	23	20	19	7	85	5	0
11/06/2015 03:00	16	27	19	20	11	93	5	0
11/06/2015 03:05	16	20	17	18	12	83	5	0
11/06/2015 03:10	13	23	18	20	7	81	5	0
11/06/2015 03:15	21	29	23	19	14	106	5	0
11/06/2015 03:20	23	23	23	12	4	85	5	0
11/06/2015 03:25	17	24	20	18	7	86	5	0
11/06/2015 03:30	24	20	26	17	16	103	5	0
11/06/2015 03:35	18	35	20	17	4	94	5	0
11/06/2015 03:40	25	27	24	23	13	112	5	0
11/06/2015 03:45	23	29	23	16	6	97	5	0
11/06/2015 03:50	27	26	17	18	14	102	5	0
11/06/2015 03:55	34	34	28	19	16	131	5	0
11/06/2015 04:00	29	25	27	20	13	114	5	0
11/06/2015 04:05	24	32	21	21	13	111	5	0
11/06/2015 04:10	33	36	27	20	12	128	5	0
11/06/2015 04:15	40	48	27	23	13	151	5	0
11/06/2015 04:20	49	50	30	27	20	176	5	0
11/06/2015 04:25	56	51	35	33	15	190	5	0
11/06/2015 04:30	53	49	39	28	21	190	5	0
11/06/2015 04:35	47	46	36	30	24	183	5	0
11/06/2015 04:40	67	58	47	34	27	233	5	0
11/06/2015 04:45	61	57	54	37	26	235	5	0
11/06/2015 04:50	68	60	50	43	38	259	5	0
11/06/2015 04:55	63	57	47	40	31	238	5	0
11/06/2015 05:00	77	74	48	44	38	281	5	0
11/06/2015 05:05	76	57	46	45	39	263	5	0
11/06/2015 05:10	74	64	47	51	43	279	5	0
11/06/2015 05:15	103	91	50	58	60	362	5	0
11/06/2015 05:20	119	93	70	60	79	421	5	0
11/06/2015 05:25	120	100	69	63	79	431	5	0
11/06/2015 05:30	135	100	74	81	85	475	5	0
11/06/2015 05:35	137	107	75	80	80	479	5	0
11/06/2015 05:40	143	117	81	103	90	534	5	0
11/06/2015 05:45	129	100	83	88	93	493	5	0
11/06/2015 05:50	137	123	97	93	106	556	5	0
11/06/2015 05:55	139	113	90	108	111	561	5	0
11/06/2015 06:00	137	118	83	96	100	534	5	0
11/06/2015 06:05	127	101	89	86	97	500	5	0
11/06/2015 06:10	123	100	84	91	98	496	5	0
11/06/2015 06:15	117	103	80	86	97	483	5	0
11/06/2015 06:20	120	102	87	95	87	491	5	0
11/06/2015 06:25	111	94	90	97	97	489	5	0
11/06/2015 06:30	123	106	84	92	107	512	5	0
11/06/2015 06:35	118	109	86	95	108	516	5	0
11/06/2015 06:40	120	99	95	105	110	529	5	0
11/06/2015 06:45	111	104	91	114	110	530	5	0
11/06/2015 06:50	117	101	87	105	118	528	5	0
11/06/2015 06:55	117	100	87	113	123	540	5	0
11/06/2015 07:00	122	117	91	112	120	562	5	0
11/06/2015 07:05	130	113	93	116	121	573	5	0
11/06/2015 07:10	123	126	97	127	121	594	5	0
11/06/2015 07:15	129	123	120	120	123	615	5	0
11/06/2015 07:20	132	120	103	112	135	602	5	0
11/06/2015 07:25	146	124	103	131	154	658	5	0
11/06/2015 07:30	120	113	111	122	124	590	5	0
11/06/2015 07:35	120	113	113	133	141	620	5	0
11/06/2015 07:40	117	119	107	126	140	609	5	0
11/06/2015 07:45	139	125	114	141	161	680	5	0
11/06/2015 07:50	137	133	108	129	150	657	5	0
11/06/2015 07:55	132	121	110	123	157	643	5	0
11/06/2015 08:00	139	130	117	136	147	669	5	0
11/06/2015 08:05	128	129	115	139	145	656	5	0
11/06/2015 08:10	123	132	116	135	153	659	5	0
11/06/2015 08:15	139	120	109	111	135	614	5	0
11/06/2015 08:20	127	130	95	118	131	601	5	0
11/06/2015 08:25	122	115	118	134	148	637	5	0
11/06/2015 08:30	128	137	104	113	142	624	5	0
11/06/2015 08:35	137	120	116	130	137	640	5	0
11/06/2015 08:40	123	119	99	130	131	602	5	0
11/06/2015 08:45	119	120	109	144	135	627	5	0
11/06/2015 08:50	134	135	119	136	150	674	5	0
11/06/2015 08:55	122	120	109	131	143	625	5	0
11/06/2015 09:00	124	126	119	131	134	634	5	0
11/06/2015 09:05	146	127	120	133	144	670	5	0
11/06/2015 09:10	137	125	107	130	138	637	5	0
11/06/2015 09:15	127	109	123	143	153	655	5	0
11/06/2015 09:20	136	124	97	136	141	634	5	0
11/06/2015 09:25	141	126	113	143	139	662	5	0
11/06/2015 09:30	129	113	109	133	140	624	5	0
11/06/2015 09:35	134	123	123	138	146	664	5	0
11/06/2015 09:40	135	128	118	136	142	659	5	0
11/06/2015 09:45	130	120	117	140	140	647	5	0
11/06/2015 09:50	140	124	107	113	160	644	5	0
11/06/2015 09:55	147	128	120	130	154	679	5	0
11/06/2015 10:00	144	112	107	121	140	624	5	0
11/06/2015 10:05	148	119	119	137	131	654	5	0
11/06/2015 10:10	127	110	117	128	122	604	5	0
11/06/2015 10:15	141	121	111	128	150	651	5	0
11/06/2015 10:20	129	107	117	127	127	607	5	0
11/06/2015 10:25	126	111	100	113	117	567	5	0
11/06/2015 10:30	126	103	113	126	130	598	5	0
11/06/2015 10:35	129	123	117	134	125	628	5	0
11/06/2015 10:40	137	134	117	129	136	653	5	0
11/06/2015 10:45	150	127	129	131	150	687	5	0
11/06/2015 10:50	130	126	115	130	137	638	5	0
11/06/2015 10:55	141	130	122	129	128	650	5	0
11/06/2015 11:00	122	126	110	129	131	618	5	0
11/06/2015 11:05	146	137	120	137	136	676	5	0
11/06/2015 11:10	134	138	123	121	134	650	5	0
11/06/2015 11:15	150	128	134	134	143	689	5	0
11/06/2015 11:20	143	126	112	140	119	640	5	0
11/06/2015 11:25	150	139	116	137	133	675	5	0
11/06/2015 11:30	143	130	119	137	141	670	5	0
11/06/2015 11:35	139	141	121	153	153	707	5	0
11/06/2015 11:40	145	127	120	142	137	671	5	0
11/06/2015 11:45	133	114	117	136	147	647	5	0
11/06/2015 11:50	131	133	119	133	144	660	5	0
11/06/2015 11:55	143	120	114	123	141	641	5	0
11/06/2015 12:00	139	124	113	131	133	640	5	0
11/06/2015 12:05	146	134	123	125	123	651	5	0
11/06/2015 12:10	140	140	126	134	136	676	5	0
11/06/2015 12:15	139	124	121	137	128	649	5	0
11/06/2015 12:20	164	134	120	134	133	685	5	0
11/06/2015 12:25	153	141	127	128	123	672	5	0
11/06/2015 12:30	153	134	116	125	126	654	5	0
11/06/2015 12:35	156	132	107	123	130	648	5	0
11/06/2015 12:40	137	137	110	137	131	652	5	0
11/06/2015 12:45	144	131	123	134	126	658	5	0
11/06/2015 12:50	144	143	120	117	107	631	5	0
11/06/2015 12:55	127	128	124	126	123	628	5	0
11/06/2015 13:00	150	144	129	144	135	702	5	0
11/06/2015 13:05	143	127	127	125	123	645	5	0
11/06/2015 13:10	137	124	111	116	127	615	5	0
11/06/2015 13:15	136	124	116	121	121	618	5	0
11/06/2015 13:20	130	123	120	136	137	646	5	0
11/06/2015 13:25	143	130	125	119	115	632	5	0
11/06/2015 13:30	148	130	133	133	123	667	5	0
11/06/2015 13:35	136	131	122	114	109	612	5	0
11/06/2015 13:40	121	122	117	107	99	566	5	0
11/06/2015 13:45	119	129	116	110	121	595	5	0
11/06/2015 13:50	118	113	113	116	108	568	5	0
11/06/2015 13:55	130	127	113	119	109	598	5	0
11/06/2015 14:00	127	131	117	113	127	615	5	0
11/06/2015 14:05	113	119	119	114	110	575	5	0
11/06/2015 14:10	122	128	108	111	111	580	5	0
11/06/2015 14:15	119	123	114	104	102	562	5	0
11/06/2015 14:20	110	112	111	113	99	545	5	0
11/06/2015 14:25	115	117	102	108	108	550	5	0
11/06/2015 14:30	114	113	97	97	108	529	5	0
11/06/2015 14:35	120	121	118	107	113	579	5	0
11/06/2015 14:40	101	114	108	99	110	532	5	0
11/06/2015 14:45	110	117	104	117	123	571	5	0
11/06/2015 14:50	103	111	107	87	90	498	5	0
11/06/2015 14:55	123	131	115	111	116	596	5	0
11/06/2015 15:00	121	117	114	104	116	572	5	0
11/06/2015 15:05	113	112	103	100	101	529	5	0
11/06/2015 15:10	107	112	110	98	100	527	5	0
11/06/2015 15:15	102	115	103	97	93	510	5	0
11/06/2015 15:20	113	120	114	94	100	541	5	0
11/06/2015 15:25	107	106	89	74	77	453	5	0
11/06/2015 15:30	123	115	97	99	94	528	5	0
11/06/2015 15:35	94	103	99	90	90	476	5	0
11/06/2015 15:40	110	119	103	91	87	510	5	0
11/06/2015 15:45	112	110	117	100	99	538	5	0
11/06/2015 15:50	93	103	100	93	87	476	5	0
11/06/2015 15:55	113	107	99	105	101	525	5	0
11/06/2015 16:00	113	117	107	104	103	544	5	0
11/06/2015 16:05	103	114	98	99	83	497	5	0
11/06/2015 16:10	92	98	103	97	96	486	5	0
11/06/2015 16:15	100	103	106	91	93	493	5	0
11/06/2015 16:20	95	98	94	96	87	470	5	0
11/06/2015 16:25	83	93	89	82	83	430	5	0
11/06/2015 16:30	81	93	94	79	86	433	5	0
11/06/2015 16:35	103	107	111	99	101	521	5	0
11/06/2015 16:40	84	97	99	92	90	462	5	0
11/06/2015 16:45	87	100	103	96	90	476	5	0
11/06/2015 16:50	100	100	100	83	101	484	5	0
11/06/2015 16:55	82	99	99	88	93	461	5	0
11/06/2015 17:00	99	107	103	100	96	505	5	0
11/06/2015 17:05	94	107	96	90	87	474	5	0
11/06/2015 17:10	91	104	103	93	89	480	5	0
11/06/2015 17:15	98	108	101	94	98	499	5	0
11/06/2015 17:20	95	107	94	93	85	474	5	0
11/06/2015 17:25	89	101	100	100	96	486	5	0
11/06/2015 17:30	80	93	97	86	97	453	5	0
11/06/2015 17:35	85	97	97	82	89	450	5	0
11/06/2015 17:40	88	93	89	89	91	450	5	0
11/06/2015 17:45	81	90	92	87	84	434	5	0
11/06/2015 17:50	99	105	96	99	93	492	5	0
11/06/2015 17:55	100	101	93	88	73	455	5	0
11/06/2015 18:00	99	110	97	90	102	498	5	0
11/06/2015 18:05	79	84	90	83	79	415	5	0
11/06/2015 18:10	89	107	93	78	62	429	5	0
11/06/2015 18:15	93	97	91	91	87	459	5	0
11/06/2015 18:20	90	97	84	80	87	438	5	0
11/06/2015 18:25	93	92	80	78	81	424	5	0
11/06/2015 18:30	97	109	95	87	96	484	5	0
11/06/2015 18:35	84	99	86	88	87	444	5	0
11/06/2015 18:40	101	100	83	97	87	468	5	0
11/06/2015 18:45	87	100	91	88	89	455	5	0
11/06/2015 18:50	93	91	97	94	107	482	5	0
11/06/2015 18:55	86	102	98	96	106	488	5	0
11/06/2015 19:00	83	94	83	83	97	440	5	0
11/06/2015 19:05	77	77	87	79	82	402	5	0
11/06/2015 19:10	76	77	80	89	85	407	5	0
11/06/2015 19:15	95	93	97	95	100	480	5	0
11/06/2015 19:20	97	108	86	92	102	485	5	0
11/06/2015 19:25	86	89	93	87	94	449	5	0
11/06/2015 19:30	77	90	93	94	96	450	5	0
11/06/2015 19:35	87	87	87	93	99	453	5	0
11/06/2015 19:40	87	90	99	86	87	449	5	0
11/06/2015 19:45	89	93	97	101	111	491	5	0
11/06/2015 19:50	92	90	93	93	87	455	5	0
11/06/2015 19:55	90	98	108	102	112	510	5	0
11/06/2015 20:00	109	104	93	109	119	534	5	0
11/06/2015 20:05	99	110	96	99	106	510	5	0
11/06/2015 20:10	96	91	95	101	99	482	5	0
11/06/2015 20:15	107	103	93	99	105	507	5	0
11/06/2015 20:20	100	96	103	110	114	523	5	0
11/06/2015 20:25	90	98	90	106	124	508	5	0
11/06/2015 20:30	100	99	100	103	109	511	5	0
11/06/2015 20:35	107	102	97	117	109	532	5	0
11/06/2015 20:40	100	100	99	116	109	524	5	0
11/06/2015 20:45	110	93	100	113	110	526	5	0
11/06/2015 20:50	100	92	77	108	93	470	5	0
11/06/2015 20:55	103	100	97	116	110	526	5	0
11/06/2015 21:00	98	96	81	86	90	451	5	0
11/06/2015 21:05	97	109	87	112	90	495	5	0
11/06/2015 21:10	106	104	97	120	103	530	5	0
11/06/2015 21:15	107	98	93	112	94	504	5	0
11/06/2015 21:20	107	97	90	100	95	489	5	0
11/06/2015 21:25	100	87	103	115	102	507	5	0
11/06/2015 21:30	109	89	75	109	88	470	5	0
11/06/2015 21:35	100	103	93	110	109	515	5	0
11/06/2015 21:40	113	109	93	117	95	527	5	0
11/06/2015 21:45	100	101	92	107	84	484	5	0
11/06/2015 21:50	99	101	91	101	88	480	5	0
11/06/2015 21:55	109	97	88	110	97	501	5	0
11/06/2015 22:00	85	90	88	88	86	437	5	0
11/06/2015 22:05	89	84	78	104	93	448	5	0
11/06/2015 22:10	104	93	90	107	89	483	5	0
11/06/2015 22:15	83	89	89	94	110	465	5	0
11/06/2015 22:20	90	80	83	121	91	465	5	0
11/06/2015 22:25	97	97	86	107	99	486	5	0
11/06/2015 22:30	83	83	86	97	96	445	5	0
11/06/2015 22:35	92	84	88	96	105	465	5	0
11/06/2015 22:40	89	80	80	103	88	440	5	0
11/06/2015 22:45	95	82	83	100	94	454	5	0
11/06/2015 22:50	80	79	76	86	79	400	5	0
11/06/2015 22:55	73	81	79	86	86	405	5	0
11/06/2015 23:00	76	80	66	86	74	382	5	0
11/06/2015 23:05	73	71	76	90	71	381	5	0
11/06/2015 23:10	79	74	81	110	87	431	5	0
11/06/2015 23:15	83	76	80	89	77	405	5	0
11/06/2015 23:20	67	66	69	84	79	365	5	0
11/06/2015 23:25	70	77	60	76	60	343	5	0
11/06/2015 23:30	72	66	74	71	55	338	5	0
11/06/2015 23:35	70	59	66	81	73	349	5	0
11/06/2015 23:40	70	75	65	75	72	357	5	0
11/06/2015 23:45	60	66	64	76	63	329	5	0
11/06/2015 23:50	61	64	61	79	59	324	5	0
11/06/2015 23:55	67	56	53	67	57	300	5	0
11/07/2015 00:00	36	51	57	60	60	264	5	100
11/07/2015 00:05	44	39	33	64	42	222	5	100
11/07/2015 00:10	40	46	39	57	48	230	5	100
11/07/2015 00:15	35	35	45	58	37	210	5	100
11/07/2015 00:20	38	37	37	52	41	205	5	100
11/07/2015 00:25	25	38	28	50	43	184	5	100
11/07/2015 00:30	24	33	24	34	23	138	5	100
11/07/2015 00:35	27	40	30	45	37	179	5	100
11/07/2015 00:40	14	39	30	29	24	136	5	100
11/07/2015 00:45	23	27	46	47	34	177	5	100
11/07/2015 00:50	22	15	18	30	32	117	5	100
11/07/2015 00:55	32	42	32	55	32	193	5	100
11/07/2015 01:00	45	49	43	40	26	203	5	0
11/07/2015 01:05	43	47	42	39	25	196	5	0
11/07/2015 01:10	30	40	30	30	40	170	5	100
11/07/2015 01:15	18	33	27	30	33	141	5	100
11/07/2015 01:20	25	28	27	33	30	143	5	100
11/07/2015 01:25	20	26	33	37	37	153	5	100
11/07/2015 01:30	21	31	34	37	24	147	5	100
11/07/2015 01:35	18	28	22	30	22	120	5	100
11/07/2015 01:40	20	33	33	40	30	156	5	100
11/07/2015 01:45	22	25	28	33	22	130	5	100
11/07/2015 01:50	8	27	27	22	22	106	5	100
11/07/2015 01:55	28	23	27	28	25	131	5	100
11/07/2015 02:00	20	23	26	31	29	129	5	100
11/07/2015 02:05	14	33	31	36	29	143	5	100
11/07/2015 02:10	20	28	27	42	30	147	5	100
11/07/2015 02:15	21	24	24	31	29	129	5	100
11/07/2015 02:20	23	18	30	25	27	123	5	100
11/07/2015 02:25	12	15	15	23	27	92	5	100
11/07/2015 02:30	25	23	28	40	27	143	5	100
11/07/2015 02:35	18	32	17	32	20	119	5	100
11/07/2015 02:40	8	17	10	23	20	78	5	100
11/07/2015 02:45	10	18	15	30	3	76	5	100
11/07/2015 02:50	13	15	20	23	22	93	5	100
11/07/2015 02:55	12	28	27	22	17	106	5	100
11/07/2015 03:00	13	21	13	23	14	84	5	100
11/07/2015 03:05	14	24	17	27	17	99	5	100
11/07/2015 03:10	25	33	22	15	13	108	5	100
11/07/2015 03:15	13	10	10	12	17	62	5	100
11/07/2015 03:20	10	23	20	15	22	90	5	100
11/07/2015 03:25	11	21	19	20	13	84	5	100
11/07/2015 03:30	13	22	28	28	23	114	5	100
11/07/2015 03:35	12	18	22	7	13	72	5	100
11/07/2015 03:40	8	12	18	12	13	63	5	100
11/07/2015 03:45	20	20	23	28	15	106	5	100
11/07/2015 03:50	15	30	17	18	12	92	5	100
11/07/2015 03:55	12	13	15	25	8	73	5	100
11/07/2015 04:00	10	32	30	17	7	96	5	100
11/07/2015 04:05	11	23	13	14	11	72	5	100
11/07/2015 04:10	18	25	15	12	15	85	5	100
11/07/2015 04:15	20	20	27	17	15	99	5	100
11/07/2015 04:20	24	27	27	19	10	107	5	100
11/07/2015 04:25	35	32	28	22	8	125	5	100
11/07/2015 04:30	20	28	25	22	13	108	5	100
11/07/2015 04:35	28	33	25	18	13	117	5	100
11/07/2015 04:40	22	45	25	17	15	124	5	100
11/07/2015 04:45	33	38	25	18	10	124	5	100
11/07/2015 04:50	34	47	20	19	11	131	5	100
11/07/2015 04:55	35	38	32	27	18	150	5	100
11/07/2015 05:00	30	52	32	23	30	167	5	100
11/07/2015 05:05	35	38	23	23	15	134	5	100
11/07/2015 05:10	36	49	23	21	23	152	5	100
11/07/2015 05:15	36	47	34	33	24	174	5	100
11/07/2015 05:20	48	60	27	25	17	177	5	100
11/07/2015 05:25	43	47	38	25	23	176	5	100
11/07/2015 05:30	33	58	33	33	25	182	5	100
11/07/2015 05:35	55	47	45	45	28	220	5	100
11/07/2015 05:40	58	58	48	45	37	246	5	100
11/07/2015 05:45	58	57	37	43	40	235	5	100
11/07/2015 05:50	57	70	53	47	27	254	5	100
11/07/2015 05:55	53	48	47	43	40	231	5	100
11/07/2015 06:00	53	60	37	38	27	215	5	100
11/07/2015 06:05	69	60	39	43	26	237	5	100
11/07/2015 06:10	63	75	55	53	33	279	5	100
11/07/2015 06:15	73	62	52	55	53	295	5	100
11/07/2015 06:20	78	82	67	78	42	347	5	100
11/07/2015 06:25	87	87	65	62	55	356	5	100
11/07/2015 06:30	67	68	62	62	62	321	5	100
11/07/2015 06:35	87	75	57	83	55	357	5	100
11/07/2015 06:40	85	77	70	75	53	360	5	100
11/07/2015 06:45	110	88	92	67	75	432	5	100
11/07/2015 06:50	103	98	65	75	62	403	5	100
11/07/2015 06:55	90	83	65	63	50	351	5	100
11/07/2015 07:00	105	90	80	83	65	423	5	100
11/07/2015 07:05	98	98	82	68	65	411	5	100
11/07/2015 07:10	105	94	73	56	55	383	5	0
11/07/2015 07:15	97	104	73	84	66	424	5	0
11/07/2015 07:20	120	103	81	93	76	473	5	0
11/07/2015 07:25	103	118	100	115	85	521	5	100
11/07/2015 07:30	125	92	85	102	83	487	5	100
11/07/2015 07:35	113	106	97	99	83	498	5	100
11/07/2015 07:40	115	107	82	102	85	491	5	100
11/07/2015 07:45	117	120	130	112	105	584	5	100
11/07/2015 07:50	118	128	113	107	105	571	5	100
11/07/2015 07:55	121	101	103	90	94	509	5	100
11/07/2015 08:00	137	113	93	115	100	558	5	100
11/07/2015 08:05	127	112	113	95	107	554	5	100
11/07/2015 08:10	124	120	104	113	97	558	5	0
11/07/2015 08:15	126	117	99	116	113	571	5	0
11/07/2015 08:20	133	116	100	111	101	561	5	0
11/07/2015 08:25	139	111	101	116	100	567	5	0
11/07/2015 08:30	127	121	104	116	109	577	5	0
11/07/2015 08:35	127	111	112	113	124	587	5	0
11/07/2015 08:40	119	120	91	111	113	554	5	0
11/07/2015 08:45	139	119	117	131	129	635	5	0
11/07/2015 08:50	126	116	114	123	126	605	5	0
11/07/2015 08:55	113	118	99	115	119	564	5	0
11/07/2015 09:00	129	120	99	119	116	583	5	0
11/07/2015 09:05	130	114	110	109	100	563	5	0
11/07/2015 09:10	140	123	113	123	113	612	5	0
11/07/2015 09:15	143	114	121	130	113	621	5	0
11/07/2015 09:20	133	134	107	126	121	621	5	0
11/07/2015 09:25	117	133	108	133	95	586	5	100
11/07/2015 09:30	147	134	109	129	117	636	5	0
11/07/2015 09:35	139	135	115	121	119	629	5	0
11/07/2015 09:40	149	131	111	140	119	650	5	0
11/07/2015 09:45	149	131	115	133	129	657	5	0
11/07/2015 09:50	141	126	114	124	130	635	5	0
11/07/2015 09:55	138	117	123	140	126	644	5	0
11/07/2015 10:00	142	134	110	139	121	646	5	0
11/07/2015 10:05	154	126	121	117	113	631	5	0
11/07/2015 10:10	154	140	121	121	130	666	5	0
11/07/2015 10:15	142	123	115	150	143	673	5	100
11/07/2015 10:20	148	118	108	150	153	677	5	100
11/07/2015 10:25	118	103	117	130	133	601	5	100
11/07/2015 10:30	127	132	117	143	130	649	5	100
11/07/2015 10:35	137	107	113	130	142	629	5	100
11/07/2015 10:40	135	137	120	142	152	686	5	100
11/07/2015 10:45	128	143	129	125	144	669	5	100
11/07/2015 10:50	140	123	128	142	140	673	5	100
11/07/2015 10:55	143	132	112	132	162	681	5	100
11/07/2015 11:00	140	138	120	155	128	681	5	100
11/07/2015 11:05	122	122	117	145	135	641	5	100
11/07/2015 11:10	133	145	128	142	133	681	5	100
11/07/2015 11:15	128	132	115	163	122	660	5	100
11/07/2015 11:20	147	143	143	130	127	690	5	100
11/07/2015 11:25	140	135	120	132	142	669	5	100
11/07/2015 11:30	142	130	138	140	140	690	5	100
11/07/2015 11:35	148	140	142	155	158	743	5	100
11/07/2015 11:40	138	130	120	150	132	670	5	100
11/07/2015 11:45	142	132	120	137	130	661	5	100
11/07/2015 11:50	123	120	115	132	132	622	5	100
11/07/2015 11:55	135	117	123	142	140	657	5	100
11/07/2015 12:00	141	120	123	148	151	683	5	100
11/07/2015 12:05	138	126	126	144	153	687	5	100
11/07/2015 12:10	132	137	117	143	138	667	5	100
11/07/2015 12:15	152	145	127	137	122	683	5	100
11/07/2015 12:20	147	115	125	152	138	677	5	100
11/07/2015 12:25	137	118	110	142	132	639	5	100
11/07/2015 12:30	147	138	128	165	135	713	5	100
11/07/2015 12:35	155	128	117	142	142	684	5	100
11/07/2015 12:40	151	150	123	156	161	741	5	100
11/07/2015 12:45	138	140	135	147	143	703	5	100
11/07/2015 12:50	140	138	127	155	140	700	5	100
11/07/2015 12:55	143	150	133	145	127	698	5	100
11/07/2015 13:00	138	125	132	147	163	705	5	100
11/07/2015 13:05	147	140	105	155	120	667	5	100
11/07/2015 13:10	137	147	153	158	145	740	5	100
11/07/2015 13:15	155	138	147	138	153	731	5	100
11/07/2015 13:20	132	132	138	127	145	674	5	100
11/07/2015 13:25	130	138	127	132	127	654	5	100
11/07/2015 13:30	140	140	122	138	128	668	5	100
11/07/2015 13:35	162	125	132	127	122	668	5	100
11/07/2015 13:40	147	137	133	140	127	684	5	100
11/07/2015 13:45	158	148	137	132	133	708	5	100
11/07/2015 13:50	135	153	142	115	128	673	5	100
11/07/2015 13:55	150	137	138	128	122	675	5	100
11/07/2015 14:00	158	135	142	123	110	668	5	100
11/07/2015 14:05	158	133	115	125	115	646	5	100
11/07/2015 14:10	143	137	133	138	127	678	5	100
11/07/2015 14:15	145	135	137	123	107	647	5	100
11/07/2015 14:20	153	145	130	113	125	666	5	100
11/07/2015 14:25	155	152	122	140	113	682	5	100
11/07/2015 14:30	145	130	125	122	132	654	5	100
11/07/2015 14:35	138	133	127	117	105	620	5	100
11/07/2015 14:40	127	129	123	120	124	623	5	100
11/07/2015 14:45	137	131	119	114	109	610	5	100
11/07/2015 14:50	135	148	137	125	112	657	5	100
11/07/2015 14:55	134	139	120	116	117	626	5	100
11/07/2015 15:00	139	127	119	124	119	628	5	100
11/07/2015 15:05	144	131	124	114	114	627	5	100
11/07/2015 15:10	147	141	134	124	124	670	5	100
11/07/2015 15:15	140	137	115	103	103	598	5	100
11/07/2015 15:20	154	137	131	119	117	658	5	100
11/07/2015 15:25	137	134	116	116	113	616	5	100
11/07/2015 15:30	134	131	120	107	99	591	5	100
11/07/2015 15:35	134	123	109	91	74	531	5	100
11/07/2015 15:40	140	120	126	90	87	563	5	100
11/07/2015 15:45	124	131	110	94	91	550	5	100
11/07/2015 15:50	124	134	113	93	101	565	5	100
11/07/2015 15:55	137	133	121	106	109	606	5	100
11/07/2015 16:00	113	113	112	112	103	553	5	100
11/07/2015 16:05	118	127	133	122	112	612	5	100
11/07/2015 16:10	130	125	113	123	115	606	5	100
11/07/2015 16:15	120	123	103	96	96	538	5	100
11/07/2015 16:20	115	132	110	85	88	530	5	100
11/07/2015 16:25	139	130	120	96	89	574	5	100
11/07/2015 16:30	115	121	116	98	109	559	5	100
11/07/2015 16:35	127	123	119	104	93	566	5	100
11/07/2015 16:40	130	124	113	109	119	595	5	100
11/07/2015 16:45	133	127	117	102	107	586	5	100
11/07/2015 16:50	117	113	100	95	98	523	5	100
11/07/2015 16:55	128	123	112	122	122	607	5	100
11/07/2015 17:00	121	110	111	104	83	529	5	100
11/07/2015 17:05	135	128	128	122	117	630	5	100
11/07/2015 17:10	117	120	120	114	123	594	5	100
11/07/2015 17:15	113	119	109	101	113	555	5	100
11/07/2015 17:20	97	109	106	107	100	519	5	100
11/07/2015 17:25	107	114	113	100	110	544	5	100
11/07/2015 17:30	117	110	110	99	106	542	5	100
11/07/2015 17:35	106	107	106	100	107	526	5	100
11/07/2015 17:40	120	119	113	107	104	563	5	100
11/07/2015 17:45	97	102	103	95	90	487	5	100
11/07/2015 17:50	136	119	119	120	124	618	5	100
11/07/2015 17:55	123	114	111	117	121	586	5	100
11/07/2015 18:00	101	100	99	97	90	487	5	100
11/07/2015 18:05	110	114	116	129	124	593	5	100
11/07/2015 18:10	112	120	105	113	117	567	5	100
11/07/2015 18:15	117	106	119	109	121	572	5	100
11/07/2015 18:20	113	122	100	105	120	560	5	100
11/07/2015 18:25	111	119	120	116	116	582	5	100
11/07/2015 18:30	101	107	99	103	103	513	5	100
11/07/2015 18:35	120	120	117	104	113	574	5	100
11/07/2015 18:40	123	113	106	116	109	567	5	100
11/07/2015 18:45	113	115	117	125	130	600	5	100
11/07/2015 18:50	112	113	112	128	123	588	5	100
11/07/2015 18:55	125	115	110	107	132	589	5	100
11/07/2015 19:00	118	111	103	114	101	547	5	100
11/07/2015 19:05	113	127	123	120	111	594	5	100
11/07/2015 19:10	113	111	114	127	129	594	5	100
11/07/2015 19:15	123	130	108	140	113	614	5	100
11/07/2015 19:20	122	128	117	123	135	625	5	100
11/07/2015 19:25	132	110	110	127	132	611	5	100
11/07/2015 19:30	128	107	110	107	117	569	5	100
11/07/2015 19:35	122	113	98	128	113	574	5	100
11/07/2015 19:40	133	108	120	135	147	643	5	100
11/07/2015 19:45	125	107	103	123	112	570	5	100
11/07/2015 19:50	123	120	113	120	121	597	5	100
11/07/2015 19:55	104	106	87	123	109	529	5	100
11/07/2015 20:00	103	83	97	113	113	509	5	100
11/07/2015 20:05	80	95	82	110	90	457	5	100
11/07/2015 20:10	101	90	83	119	84	477	5	100
11/07/2015 20:15	86	76	91	101	100	454	5	100
11/07/2015 20:20	91	96	78	96	88	449	5	100
11/07/2015 20:25	81	69	89	91	84	414	5	100
11/07/2015 20:30	86	80	81	100	95	442	5	100
11/07/2015 20:35	85	83	86	93	73	420	5	100
11/07/2015 20:40	81	79	76	94	86	416	5	100
11/07/2015 20:45	83	94	73	94	93	437	5	100
11/07/2015 20:50	96	81	87	116	94	474	5	100
11/07/2015 20:55	98	85	78	104	91	456	5	100
11/07/2015 21:00	96	80	77	93	70	416	5	100
11/07/2015 21:05	82	80	75	82	77	396	5	100
11/07/2015 21:10	110	80	80	93	98	461	5	100
11/07/2015 21:15	77	93	76	91	78	415	5	100
11/07/2015 21:20	103	96	90	84	83	456	5	100
11/07/2015 21:25	83	94	79	106	74	436	5	100
11/07/2015 21:30	93	99	97	96	96	481	5	100
11/07/2015 21:35	101	86	83	89	83	442	5	100
11/07/2015 21:40	89	93	87	103	93	465	5	100
11/07/2015 21:45	93	91	80	86	85	435	5	100
11/07/2015 21:50	74	73	80	86	81	394	5	100
11/07/2015 21:55	84	79	83	100	89	435	5	100
11/07/2015 22:00	82	83	85	112	90	452	5	100
11/07/2015 22:05	77	81	73	109	91	431	5	100
11/07/2015 22:10	63	55	87	88	98	391	5	100
11/07/2015 22:15	80	84	83	74	89	410	5	100
11/07/2015 22:20	89	86	94	94	107	470	5	100
11/07/2015 22:25	91	89	83	110	97	470	5	100
11/07/2015 22:30	87	80	77	92	88	424	5	100
11/07/2015 22:35	81	69	60	101	106	417	5	100
11/07/2015 22:40	83	79	71	114	109	456	5	100
11/07/2015 22:45	66	70	76	81	84	377	5	100
11/07/2015 22:50	72	83	70	98	98	421	5	100
11/07/2015 22:55	87	75	83	92	85	422	5	100
11/07/2015 23:00	47	80	65	98	77	367	5	100
11/07/2015 23:05	72	52	65	67	68	324	5	100
11/07/2015 23:10	69	83	70	84	86	392	5	100
11/07/2015 23:15	76	81	64	90	69	380	5	100
11/07/2015 23:20	60	61	74	77	64	336	5	100
11/07/2015 23:25	64	69	63	91	83	370	5	100
11/07/2015 23:30	53	37	43	73	63	269	5	100
11/07/2015 23:35	47	67	62	75	70	321	5	100
11/07/2015 23:40	56	54	59	80	73	322	5	100
11/07/2015 23:45	41	64	49	71	63	288	5	100
11/07/2015 23:50	44	53	61	79	56	293	5	100
11/07/2015 23:55	56	43	53	73	66	291	5	100
11/08/2015 00:00	41	50	49	60	56	256	5	100
11/08/2015 00:05	58	50	60	76	46	290	5	100
11/08/2015 00:10	37	39	53	63	48	240	5	100
11/08/2015 00:15	44	48	43	58	46	239	5	100
11/08/2015 00:20	40	43	51	64	40	238	5	100
11/08/2015 00:25	38	43	36	53	49	219	5	100
11/08/2015 00:30	36	47	50	53	50	236	5	100
11/08/2015 00:35	29	34	41	47	44	195	5	100
11/08/2015 00:40	37	39	43	40	44	203	5	100
11/08/2015 00:45	19	28	41	47	33	168	5	100
11/08/2015 00:50	30	33	27	37	32	159	5	100
11/08/2015 00:55	20	27	37	44	31	159	5	100
11/08/2015 01:00	48	52	46	43	27	216	5	0
11/08/2015 01:05	45	49	44	40	26	204	5	0
11/08/2015 01:10	10	90	40	70	30	240	5	100
11/08/2015 01:15	17	31	26	46	30	150	5	100
11/08/2015 01:20	20	29	29	41	23	142	5	100
11/08/2015 01:25	21	31	33	39	26	150	5	100
11/08/2015 01:30	26	26	24	34	27	137	5	100
11/08/2015 01:35	24	27	26	44	24	145	5	100
11/08/2015 01:40	29	24	24	30	30	137	5	100
11/08/2015 01:45	27	33	31	43	34	168	5	100
11/08/2015 01:50	19	29	35	43	21	147	5	100
11/08/2015 01:55	13	19	23	34	13	102	5	100
11/08/2015 02:00	21	29	29	33	33	145	5	100
11/08/2015 02:05	17	26	29	39	21	132	5	100
11/08/2015 02:10	13	27	31	54	31	156	5	100
11/08/2015 02:15	19	24	31	27	33	134	5	100
11/08/2015 02:20	21	24	23	41	26	135	5	100
11/08/2015 02:25	20	24	23	29	19	115	5	100
11/08/2015 02:30	15	18	15	30	19	97	5	100
11/08/2015 02:35	15	20	25	21	26	107	5	100
11/08/2015 02:40	10	21	21	29	14	95	5	100
11/08/2015 02:45	21	16	24	30	19	110	5	100
11/08/2015 02:50	11	23	19	21	16	90	5	100
11/08/2015 02:55	19	17	26	23	19	104	5	100
11/08/2015 03:00	19	24	19	16	24	102	5	100
11/08/2015 03:05	10	18	24	16	16	84	5	100
11/08/2015 03:10	13	16	9	17	11	66	5	100
11/08/2015 03:15	19	30	16	30	11	106	5	100
11/08/2015 03:20	20	26	19	30	20	115	5	100
11/08/2015 03:25	18	23	25	23	14	103	5	100
11/08/2015 03:30	14	19	26	17	9	85	5	100
11/08/2015 03:35	7	20	21	14	16	78	5	100
11/08/2015 03:40	14	23	23	7	9	76	5	100
11/08/2015 03:45	21	17	20	24	16	98	5	100
11/08/2015 03:50	14	21	23	26	13	97	5	100
11/08/2015 03:55	16	19	21	13	16	85	5	100
11/08/2015 04:00	17	23	19	14	7	80	5	100
11/08/2015 04:05	21	31	19	20	11	102	5	100
11/08/2015 04:10	10	21	27	11	16	85	5	100
11/08/2015 04:15	13	21	13	14	6	67	5	100
11/08/2015 04:20	20	37	27	11	4	99	5	100
11/08/2015 04:25	19	27	26	19	13	104	5	100
11/08/2015 04:30	19	27	27	16	14	103	5	100
11/08/2015 04:35	20	29	23	14	21	107	5	100
11/08/2015 04:40	27	34	21	23	10	115	5	100
11/08/2015 04:45	14	27	23	19	10	93	5	100
11/08/2015 04:50	37	33	33	17	13	133	5	100
11/08/2015 04:55	23	41	21	21	14	120	5	100
11/08/2015 05:00	19	31	7	17	9	83	5	100
11/08/2015 05:05	24	20	21	23	16	104	5	100
11/08/2015 05:10	33	29	26	16	14	118	5	100
11/08/2015 05:15	31	46	24	23	11	135	5	100
11/08/2015 05:20	36	30	27	21	4	118	5	100
11/08/2015 05:25	33	36	26	25	18	138	5	100
11/08/2015 05:30	43	33	40	26	20	162	5	100
11/08/2015 05:35	30	43	30	34	13	150	5	100
11/08/2015 05:40	33	49	21	43	27	173	5	100
11/08/2015 05:45	29	41	29	33	21	153	5	100
11/08/2015 05:50	36	34	36	37	16	159	5	100
11/08/2015 05:55	34	39	41	36	24	174	5	100
11/08/2015 06:00	41	42	32	34	16	165	5	100
11/08/2015 06:05	38	44	46	26	18	172	5	100
11/08/2015 06:10	39	61	36	50	15	201	5	100
11/08/2015 06:15	54	50	44	41	28	217	5	100
11/08/2015 06:20	51	55	44	45	15	210	5	100
11/08/2015 06:25	76	66	39	48	24	253	5	100
11/08/2015 06:30	61	79	36	46	23	245	5	100
11/08/2015 06:35	50	59	47	30	19	205	5	100
11/08/2015 06:40	67	86	46	53	33	285	5	100
11/08/2015 06:45	73	53	50	44	34	254	5	100
11/08/2015 06:50	74	63	47	49	29	262	5	100
11/08/2015 06:55	70	56	57	41	36	260	5	100
11/08/2015 07:00	66	63	56	47	29	261	5	100
11/08/2015 07:05	67	79	61	54	40	301	5	100
11/08/2015 07:10	81	70	59	60	50	320	5	100
11/08/2015 07:15	70	64	63	49	33	279	5	100
11/08/2015 07:20	57	64	49	61	41	272	5	100
11/08/2015 07:25	83	86	59	67	47	342	5	100
11/08/2015 07:30	81	77	59	71	61	349	5	100
11/08/2015 07:35	69	66	71	71	57	334	5	100
11/08/2015 07:40	103	87	77	71	63	401	5	100
11/08/2015 07:45	91	77	59	84	67	378	5	100
11/08/2015 07:50	101	90	79	70	77	417	5	100
11/08/2015 07:55	77	80	81	89	60	387	5	100
11/08/2015 08:00	84	86	63	69	73	375	5	100
11/08/2015 08:05	80	79	76	69	43	347	5	100
11/08/2015 08:10	79	81	83	76	66	385	5	100
11/08/2015 08:15	87	96	77	89	80	429	5	100
11/08/2015 08:20	104	98	94	83	54	433	5	100
11/08/2015 08:25	97	104	84	101	47	433	5	100
11/08/2015 08:30	91	106	86	79	77	439	5	100
11/08/2015 08:35	100	81	61	77	61	380	5	100
11/08/2015 08:40	103	107	96	89	80	475	5	100
11/08/2015 08:45	107	109	93	113	81	503	5	100
11/08/2015 08:50	111	109	99	104	110	533	5	100
11/08/2015 08:55	109	117	94	100	91	511	5	100
11/08/2015 09:00	98	94	83	81	90	446	5	100
11/08/2015 09:05	133	117	87	99	87	523	5	100
11/08/2015 09:10	114	117	96	99	97	523	5	100
11/08/2015 09:15	116	93	96	81	63	449	5	100
11/08/2015 09:20	111	116	90	107	101	525	5	100
11/08/2015 09:25	114	94	91	101	81	481	5	100
11/08/2015 09:30	130	120	91	120	110	571	5	100
11/08/2015 09:35	134	127	113	137	106	617	5	100
11/08/2015 09:40	130	121	107	123	107	588	5	100
11/08/2015 09:45	133	130	120	144	111	638	5	100
11/08/2015 09:50	139	111	119	150	110	629	5	100
11/08/2015 09:55	131	127	120	129	107	614	5	100
11/08/2015 10:00	118	103	95	121	105	542	5	100
11/08/2015 10:05	140	109	120	140	123	632	5	100
11/08/2015 10:10	139	127	113	114	117	610	5	100
11/08/2015 10:15	106	131	94	119	101	551	5	100
11/08/2015 10:20	143	127	127	146	137	680	5	100
11/08/2015 10:25	123	109	96	137	120	585	5	100
11/08/2015 10:30	139	113	106	106	104	568	5	100
11/08/2015 10:35	121	123	89	131	107	571	5	100
11/08/2015 10:40	137	123	110	154	127	651	5	100
11/08/2015 10:45	131	136	131	147	130	675	5	100
11/08/2015 10:50	133	120	137	164	114	668	5	100
11/08/2015 10:55	138	123	121	136	125	643	5	100
11/08/2015 11:00	150	132	109	127	118	636	5	100
11/08/2015 11:05	136	130	123	141	121	651	5	100
11/08/2015 11:10	136	120	100	121	121	598	5	100
11/08/2015 11:15	117	97	96	114	116	540	5	100
11/08/2015 11:20	159	143	131	156	133	722	5	100
11/08/2015 11:25	144	136	116	154	121	671	5	100
11/08/2015 11:30	133	126	131	137	130	657	5	100
11/08/2015 11:35	134	129	121	146	123	653	5	100
11/08/2015 11:40	146	139	126	137	118	666	5	100
11/08/2015 11:45	150	127	107	139	133	656	5	100
11/08/2015 11:50	166	121	129	137	129	682	5	100
11/08/2015 11:55	114	119	121	139	124	617	5	100
11/08/2015 12:00	156	139	133	139	143	710	5	100
11/08/2015 12:05	139	131	121	116	110	617	5	100
11/08/2015 12:10	139	121	117	130	121	628	5	100
11/08/2015 12:15	150	119	116	149	110	644	5	100
11/08/2015 12:20	140	131	126	138	131	666	5	100
11/08/2015 12:25	141	130	144	144	141	700	5	100
11/08/2015 12:30	134	126	106	140	111	617	5	100
11/08/2015 12:35	140	133	124	141	129	667	5	100
11/08/2015 12:40	140	123	128	137	131	659	5	100
11/08/2015 12:45	165	130	127	145	126	693	5	100
11/08/2015 12:50	133	139	127	138	128	665	5	100
11/08/2015 12:55	138	132	123	136	133	662	5	100
11/08/2015 13:00	137	122	109	144	118	630	5	100
11/08/2015 13:05	120	120	94	122	105	561	5	100
11/08/2015 13:10	155	131	122	133	128	669	5	100
11/08/2015 13:15	142	129	119	140	130	660	5	100
11/08/2015 13:20	121	121	134	129	125	630	5	100
11/08/2015 13:25	120	113	119	115	94	561	5	100
11/08/2015 13:30	146	148	132	134	131	691	5	100
11/08/2015 13:35	138	138	135	145	138	694	5	100
11/08/2015 13:40	156	148	134	137	127	702	5	100
11/08/2015 13:45	126	148	124	123	135	656	5	100
11/08/2015 13:50	145	135	127	136	132	675	5	100
11/08/2015 13:55	145	140	130	128	123	666	5	100
11/08/2015 14:00	140	123	125	139	111	638	5	100
11/08/2015 14:05	134	128	133	133	136	664	5	100
11/08/2015 14:10	129	117	119	126	130	621	5	100
11/08/2015 14:15	119	114	136	120	150	639	5	100
11/08/2015 14:20	146	127	119	151	126	669	5	100
11/08/2015 14:25	139	129	111	139	130	648	5	100
11/08/2015 14:30	143	138	129	154	135	699	5	100
11/08/2015 14:35	138	120	116	138	112	624	5	100
11/08/2015 14:40	142	130	117	129	133	651	5	100
11/08/2015 14:45	135	131	119	138	124	647	5	100
11/08/2015 14:50	138	123	112	139	113	625	5	100
11/08/2015 14:55	136	124	109	127	134	630	5	100
11/08/2015 15:00	146	144	124	139	129	682	5	100
11/08/2015 15:05	120	130	116	136	127	629	5	100
11/08/2015 15:10	146	127	122	124	112	631	5	100
11/08/2015 15:15	151	122	114	137	127	651	5	100
11/08/2015 15:20	134	119	115	140	123	631	5	100
11/08/2015 15:25	142	137	131	139	123	672	5	100
11/08/2015 15:30	130	136	122	135	136	659	5	100
11/08/2015 15:35	144	132	124	147	134	681	5	100
11/08/2015 15:40	135	130	133	157	123	678	5	100
11/08/2015 15:45	138	112	130	132	140	652	5	100
11/08/2015 15:50	139	124	126	153	131	673	5	100
11/08/2015 15:55	137	132	124	140	135	668	5	100
11/08/2015 16:00	142	127	118	138	132	657	5	100
11/08/2015 16:05	123	137	131	141	130	662	5	100
11/08/2015 16:10	140	128	127	153	130	678	5	100
11/08/2015 16:15	142	119	110	136	122	629	5	100
11/08/2015 16:20	152	152	137	156	120	717	5	100
11/08/2015 16:25	145	138	123	160	132	698	5	100
11/08/2015 16:30	143	128	108	134	138	651	5	100
11/08/2015 16:35	118	121	114	127	125	605	5	100
11/08/2015 16:40	140	115	119	128	135	637	5	100
11/08/2015 16:45	145	130	118	140	124	657	5	100
11/08/2015 16:50	127	114	120	130	121	612	5	100
11/08/2015 16:55	135	113	116	148	130	642	5	100
11/08/2015 17:00	147	127	127	144	119	664	5	100
11/08/2015 17:05	131	133	139	143	133	679	5	100
11/08/2015 17:10	124	120	123	139	124	630	5	100
11/08/2015 17:15	144	140	126	134	163	707	5	100
11/08/2015 17:20	118	123	114	123	106	584	5	100
11/08/2015 17:25	119	131	121	156	127	654	5	100
11/08/2015 17:30	116	116	121	126	136	615	5	100
11/08/2015 17:35	116	114	123	139	136	628	5	100
11/08/2015 17:40	117	117	107	113	111	565	5	100
11/08/2015 17:45	121	117	127	137	127	629	5	100
11/08/2015 17:50	126	120	120	124	111	601	5	100
11/08/2015 17:55	111	106	91	133	117	558	5	100
11/08/2015 18:00	131	100	101	116	123	571	5	100
11/08/2015 18:05	108	111	91	121	129	560	5	100
11/08/2015 18:10	117	120	100	123	130	590	5	100
11/08/2015 18:15	113	116	100	136	130	595	5	100
11/08/2015 18:20	131	124	106	134	127	622	5	100
11/08/2015 18:25	118	131	104	136	130	619	5	100
11/08/2015 18:30	131	117	104	123	97	572	5	100
11/08/2015 18:35	134	109	116	134	102	595	5	100
11/08/2015 18:40	112	115	117	119	132	595	5	100
11/08/2015 18:45	122	124	110	137	120	613	5	100
11/08/2015 18:50	124	119	104	129	117	593	5	100
11/08/2015 18:55	133	119	105	118	106	581	5	100
11/08/2015 19:00	125	116	103	110	107	561	5	100
11/08/2015 19:05	135	129	112	134	87	597	5	100
11/08/2015 19:10	126	127	105	120	106	584	5	100
11/08/2015 19:15	131	110	116	124	114	595	5	100
11/08/2015 19:20	137	134	130	140	121	662	5	100
11/08/2015 19:25	161	126	129	129	114	659	5	100
11/08/2015 19:30	137	119	119	143	109	627	5	100
11/08/2015 19:35	129	103	117	124	129	602	5	100
11/08/2015 19:40	124	116	101	119	131	591	5	100
11/08/2015 19:45	124	104	104	131	116	579	5	100
11/08/2015 19:50	133	126	109	120	116	604	5	100
11/08/2015 19:55	111	117	101	107	110	546	5	100
11/08/2015 20:00	129	118	101	124	100	572	5	100
11/08/2015 20:05	119	110	113	104	96	542	5	100
11/08/2015 20:10	107	91	101	116	106	521	5	100
11/08/2015 20:15	93	86	111	117	90	497	5	100
11/08/2015 20:20	129	127	90	114	103	563	5	100
11/08/2015 20:25	137	124	100	131	124	616	5	100
11/08/2015 20:30	133	123	94	113	91	554	5	100
11/08/2015 20:35	116	103	87	110	89	505	5	100
11/08/2015 20:40	99	105	86	110	69	469	5	100
11/08/2015 20:45	114	106	91	103	79	493	5	100
11/08/2015 20:50	124	104	94	114	84	520	5	100
11/08/2015 20:55	106	90	89	86	87	458	5	100
11/08/2015 21:00	109	99	91	110	94	503	5	100
11/08/2015 21:05	119	84	84	117	83	487	5	100
11/08/2015 21:10	106	101	81	96	83	467	5	100
11/08/2015 21:15	110	103	90	119	114	536	5	100
11/08/2015 21:20	84	87	97	99	81	448	5	100
11/08/2015 21:25	110	106	100	103	91	510	5	100
11/08/2015 21:30	81	73	81	91	76	402	5	100
11/08/2015 21:35	90	86	76	99	63	414	5	100
11/08/2015 21:40	101	97	86	71	61	416	5	100
11/08/2015 21:45	101	89	81	94	79	444	5	100
11/08/2015 21:50	94	91	89	103	76	453	5	100
11/08/2015 21:55	89	84	89	97	80	439	5	100
11/08/2015 22:00	86	87	66	84	81	404	5	100
11/08/2015 22:05	74	91	60	81	77	383	5	100
11/08/2015 22:10	87	76	74	89	74	400	5	100
11/08/2015 22:15	71	81	79	99	91	421	5	100
11/08/2015 22:20	83	85	63	76	68	375	5	100
11/08/2015 22:25	84	80	70	84	71	389	5	100
11/08/2015 22:30	60	71	74	73	83	361	5	100
11/08/2015 22:35	71	63	73	73	54	334	5	100
11/08/2015 22:40	69	84	59	67	66	345	5	100
11/08/2015 22:45	57	71	54	63	64	309	5	100
11/08/2015 22:50	59	57	51	69	53	289	5	100
11/08/2015 22:55	53	60	61	56	66	296	5	100
11/08/2015 23:00	54	60	56	60	49	279	5	100
11/08/2015 23:05	50	57	56	51	36	250	5	100
11/08/2015 23:10	60	59	49	59	56	283	5	100
11/08/2015 23:15	49	49	59	53	56	266	5	100
11/08/2015 23:20	40	46	39	41	31	197	5	100
11/08/2015 23:25	51	43	56	49	41	240	5	100
11/08/2015 23:30	39	46	34	53	47	219	5	100
11/08/2015 23:35	40	53	46	47	46	232	5	100
11/08/2015 23:40	39	39	47	41	39	205	5	100
11/08/2015 23:45	31	41	41	37	29	179	5	100
11/08/2015 23:50	21	26	40	50	40	177	5	100
11/08/2015 23:55	21	31	30	40	31	153	5	100
