5 Minutes	Lane 1 Flow (Veh/5 Minutes)	Lane 2 Flow (Veh/5 Minutes)	Lane 3 Flow (Veh/5 Minutes)	Lane 4 Flow (Veh/5 Minutes)	Flow (Veh/5 Minutes)	# Lane Points	% Observed
11/02/2015 00:00	21	34	30	20	105	4	100
11/02/2015 00:05	16	32	32	22	102	4	100
11/02/2015 00:10	16	23	33	23	95	4	100
11/02/2015 00:15	23	30	28	19	100	4	100
11/02/2015 00:20	21	31	24	18	94	4	100
11/02/2015 00:25	19	26	21	22	88	4	100
11/02/2015 00:30	19	19	27	23	88	4	100
11/02/2015 00:35	10	24	20	17	71	4	100
11/02/2015 00:40	15	26	23	12	76	4	100
11/02/2015 00:45	14	18	23	13	68	4	100
11/02/2015 00:50	14	27	17	18	76	4	100
11/02/2015 00:55	10	15	21	21	67	4	100
11/02/2015 01:00	9	12	15	10	46	4	100
11/02/2015 01:05	4	20	17	15	56	4	100
11/02/2015 01:10	9	11	15	9	44	4	100
11/02/2015 01:15	11	7	16	9	43	4	100
11/02/2015 01:20	4	15	15	12	46	4	100
11/02/2015 01:25	8	13	17	10	48	4	100
11/02/2015 01:30	6	13	12	6	37	4	100
11/02/2015 01:35	11	13	18	13	55	4	100
11/02/2015 01:40	8	15	18	11	52	4	100
11/02/2015 01:45	8	6	12	14	40	4	100
11/02/2015 01:50	8	10	15	9	42	4	100
11/02/2015 01:55	8	15	13	4	40	4	100
11/02/2015 02:00	8	12	13	6	39	4	100
11/02/2015 02:05	11	12	20	10	53	4	100
11/02/2015 02:10	5	10	15	13	43	4	100
11/02/2015 02:15	2	9	8	15	34	4	100
11/02/2015 02:20	8	13	20	8	49	4	100
11/02/2015 02:25	5	11	14	8	38	4	100
11/02/2015 02:30	10	12	15	14	51	4	100
11/02/2015 02:35	6	17	20	11	54	4	100
11/02/2015 02:40	12	14	16	11	53	4	100
11/02/2015 02:45	8	14	19	16	57	4	100
11/02/2015 02:50	9	15	12	17	53	4	100
11/02/2015 02:55	8	13	14	17	52	4	100
11/02/2015 03:00	10	21	17	10	58	4	100
11/02/2015 03:05	18	15	23	10	66	4	100
11/02/2015 03:10	14	17	25	15	71	4	100
11/02/2015 03:15	11	20	25	15	71	4	100
11/02/2015 03:20	20	26	24	16	86	4	100
11/02/2015 03:25	16	23	17	21	77	4	100
11/02/2015 03:30	22	27	23	15	87	4	100
11/02/2015 03:35	16	25	21	14	76	4	100
11/02/2015 03:40	24	32	21	18	95	4	100
11/02/2015 03:45	23	27	33	25	108	4	100
11/02/2015 03:50	22	33	27	26	108	4	100
11/02/2015 03:55	24	27	30	21	102	4	100
11/02/2015 04:00	28	29	34	27	118	4	100
11/02/2015 04:05	41	40	28	21	130	4	100
11/02/2015 04:10	36	46	37	30	149	4	100
11/02/2015 04:15	53	45	39	34	171	4	100
11/02/2015 04:20	48	55	46	40	189	4	100
11/02/2015 04:25	72	65	52	30	219	4	100
11/02/2015 04:30	75	73	60	42	250	4	100
11/02/2015 04:35	80	69	63	50	262	4	100
11/02/2015 04:40	96	72	72	66	306	4	100
11/02/2015 04:45	90	85	74	69	318	4	100
11/02/2015 04:50	94	81	70	57	302	4	100
11/02/2015 04:55	100	86	74	59	319	4	100
11/02/2015 05:00	116	86	74	64	340	4	100
11/02/2015 05:05	120	111	104	69	404	4	100
11/02/2015 05:10	173	125	103	94	495	4	100
11/02/2015 05:15	181	143	115	98	537	4	100
11/02/2015 05:20	223	169	145	130	667	4	100
11/02/2015 05:25	194	159	144	140	637	4	100
11/02/2015 05:30	168	155	162	156	641	4	100
11/02/2015 05:35	125	126	132	146	529	4	100
11/02/2015 05:40	141	132	132	151	556	4	100
11/02/2015 05:45	122	128	130	154	534	4	100
11/02/2015 05:50	132	135	131	146	544	4	100
11/02/2015 05:55	108	111	108	131	458	4	100
11/02/2015 06:00	100	105	109	135	449	4	100
11/02/2015 06:05	91	84	107	117	399	4	100
11/02/2015 06:10	97	98	101	113	409	4	100
11/02/2015 06:15	89	92	94	119	394	4	100
11/02/2015 06:20	75	62	86	90	313	4	100
11/02/2015 06:25	67	68	78	94	307	4	100
11/02/2015 06:30	73	74	75	91	313	4	100
11/02/2015 06:35	60	69	77	89	295	4	100
11/02/2015 06:40	65	60	82	101	308	4	100
11/02/2015 06:45	61	62	65	81	269	4	100
11/02/2015 06:50	62	61	83	83	289	4	100
11/02/2015 06:55	50	51	70	75	246	4	100
11/02/2015 07:00	54	50	72	93	269	4	100
11/02/2015 07:05	50	38	66	86	240	4	100
11/02/2015 07:10	46	44	55	83	228	4	100
11/02/2015 07:15	48	46	80	98	272	4	100
11/02/2015 07:20	48	50	78	90	266	4	100
11/02/2015 07:25	46	42	67	85	240	4	100
11/02/2015 07:30	33	29	62	77	201	4	100
11/02/2015 07:35	55	58	86	101	300	4	100
11/02/2015 07:40	47	44	86	91	268	4	100
11/02/2015 07:45	44	32	72	87	235	4	100
11/02/2015 07:50	48	44	93	111	296	4	100
11/02/2015 07:55	48	49	90	112	299	4	100
11/02/2015 08:00	47	53	94	122	316	4	100
11/02/2015 08:05	37	37	92	100	266	4	100
11/02/2015 08:10	45	44	102	111	302	4	100
11/02/2015 08:15	35	39	68	79	221	4	100
11/02/2015 08:20	50	58	84	115	307	4	100
11/02/2015 08:25	49	39	79	102	269	4	100
11/02/2015 08:30	37	32	72	73	214	4	100
11/02/2015 08:35	43	40	76	90	249	4	100
11/02/2015 08:40	42	36	89	106	273	4	100
11/02/2015 08:45	32	29	57	75	193	4	100
11/02/2015 08:50	41	30	72	108	251	4	100
11/02/2015 08:55	44	33	77	110	264	4	100
11/02/2015 09:00	42	37	63	103	245	4	100
11/02/2015 09:05	38	30	39	95	202	4	100
11/02/2015 09:10	50	59	68	115	292	4	100
11/02/2015 09:15	52	38	85	111	286	4	100
11/02/2015 09:20	48	43	74	93	258	4	100
11/02/2015 09:25	39	32	47	87	205	4	100
11/02/2015 09:30	46	46	84	109	285	4	100
11/02/2015 09:35	55	48	66	104	273	4	100
11/02/2015 09:40	42	39	72	77	230	4	100
11/02/2015 09:45	61	69	80	93	303	4	100
11/02/2015 09:50	80	105	109	119	413	4	100
11/02/2015 09:55	69	78	81	101	329	4	100
11/02/2015 10:00	65	79	85	87	316	4	100
11/02/2015 10:05	63	87	92	96	338	4	100
11/02/2015 10:10	71	86	99	103	359	4	100
11/02/2015 10:15	105	90	93	123	411	4	100
11/02/2015 10:20	101	94	102	125	422	4	100
11/02/2015 10:25	70	89	95	123	377	4	100
11/02/2015 10:30	90	94	123	111	418	4	100
11/02/2015 10:35	96	97	112	140	445	4	100
11/02/2015 10:40	94	98	119	130	441	4	100
11/02/2015 10:45	106	89	126	134	455	4	100
11/02/2015 10:50	87	96	107	129	419	4	100
11/02/2015 10:55	83	87	114	122	406	4	100
11/02/2015 11:00	95	103	114	130	442	4	100
11/02/2015 11:05	114	109	127	121	471	4	100
11/02/2015 11:10	110	94	136	121	461	4	100
11/02/2015 11:15	111	105	135	117	468	4	100
11/02/2015 11:20	105	105	125	123	458	4	100
11/02/2015 11:25	99	98	123	141	461	4	100
11/02/2015 11:30	103	119	115	138	475	4	100
11/02/2015 11:35	127	122	117	121	487	4	100
11/02/2015 11:40	102	106	133	130	471	4	100
11/02/2015 11:45	97	106	128	115	446	4	100
11/02/2015 11:50	99	110	116	125	450	4	100
11/02/2015 11:55	100	104	114	103	421	4	100
11/02/2015 12:00	100	107	116	130	453	4	100
11/02/2015 12:05	114	106	111	112	443	4	100
11/02/2015 12:10	113	109	136	132	490	4	100
11/02/2015 12:15	87	90	124	127	428	4	100
11/02/2015 12:20	113	120	131	132	496	4	100
11/02/2015 12:25	154	150	162	165	631	4	100
11/02/2015 12:30	102	106	129	132	469	4	100
11/02/2015 12:35	114	116	126	135	491	4	100
11/02/2015 12:40	117	123	133	147	520	4	100
11/02/2015 12:45	132	117	118	133	500	4	100
11/02/2015 12:50	110	122	138	123	493	4	100
11/02/2015 12:55	99	120	123	116	458	4	100
11/02/2015 13:00	98	95	122	135	450	4	100
11/02/2015 13:05	96	96	121	126	439	4	100
11/02/2015 13:10	111	112	119	118	460	4	100
11/02/2015 13:15	103	107	133	122	465	4	100
11/02/2015 13:20	113	112	137	128	490	4	100
11/02/2015 13:25	117	121	135	129	502	4	100
11/02/2015 13:30	105	111	122	126	464	4	100
11/02/2015 13:35	104	110	125	109	448	4	100
11/02/2015 13:40	91	94	124	111	420	4	100
11/02/2015 13:45	91	107	122	126	446	4	100
11/02/2015 13:50	86	105	119	126	436	4	100
11/02/2015 13:55	90	98	128	136	452	4	100
11/02/2015 14:00	103	110	112	128	453	4	100
11/02/2015 14:05	106	110	111	123	450	4	100
11/02/2015 14:10	96	91	107	108	402	4	100
11/02/2015 14:15	136	123	137	140	536	4	100
11/02/2015 14:20	108	106	112	135	461	4	100
11/02/2015 14:25	119	112	137	137	505	4	100
11/02/2015 14:30	105	106	139	124	474	4	100
11/02/2015 14:35	108	102	132	123	465	4	100
11/02/2015 14:40	95	102	135	125	457	4	100
11/02/2015 14:45	85	98	110	120	413	4	100
11/02/2015 14:50	77	101	106	134	418	4	100
11/02/2015 14:55	105	96	123	108	432	4	100
11/02/2015 15:00	102	123	120	125	470	4	100
11/02/2015 15:05	103	107	106	129	445	4	100
11/02/2015 15:10	106	94	113	120	433	4	100
11/02/2015 15:15	89	92	126	99	406	4	100
11/02/2015 15:20	98	94	113	117	422	4	100
11/02/2015 15:25	101	101	102	122	426	4	100
11/02/2015 15:30	121	115	123	145	504	4	100
11/02/2015 15:35	123	118	112	121	474	4	100
11/02/2015 15:40	118	91	123	129	461	4	100
11/02/2015 15:45	122	118	131	134	505	4	100
11/02/2015 15:50	119	101	134	132	486	4	100
11/02/2015 15:55	106	98	102	120	426	4	100
11/02/2015 16:00	110	96	123	110	439	4	100
11/02/2015 16:05	104	104	113	117	438	4	100
11/02/2015 16:10	105	99	119	134	457	4	100
11/02/2015 16:15	119	101	136	129	485	4	100
11/02/2015 16:20	108	105	114	115	442	4	100
11/02/2015 16:25	101	102	106	123	432	4	100
11/02/2015 16:30	114	97	104	118	433	4	100
11/02/2015 16:35	110	113	116	101	440	4	100
11/02/2015 16:40	102	83	118	123	426	4	100
11/02/2015 16:45	103	104	98	110	415	4	100
11/02/2015 16:50	109	105	115	110	439	4	100
11/02/2015 16:55	103	100	109	128	440	4	100
11/02/2015 17:00	101	103	115	119	438	4	100
11/02/2015 17:05	107	99	103	119	428	4	100
11/02/2015 17:10	108	111	118	124	461	4	100
11/02/2015 17:15	108	106	129	131	474	4	100
11/02/2015 17:20	97	104	134	109	444	4	100
11/02/2015 17:25	108	112	119	120	459	4	100
11/02/2015 17:30	104	120	106	105	435	4	100
11/02/2015 17:35	115	110	123	123	471	4	100
11/02/2015 17:40	112	118	130	133	493	4	100
11/02/2015 17:45	104	101	108	105	418	4	100
11/02/2015 17:50	119	103	109	128	459	4	100
11/02/2015 17:55	116	115	109	99	439	4	100
11/02/2015 18:00	119	124	131	125	499	4	100
11/02/2015 18:05	99	110	122	117	448	4	100
11/02/2015 18:10	103	109	134	123	469	4	100
11/02/2015 18:15	108	111	117	122	458	4	100
11/02/2015 18:20	122	112	137	113	484	4	100
11/02/2015 18:25	110	93	111	108	422	4	100
11/02/2015 18:30	118	122	103	113	456	4	100
11/02/2015 18:35	115	104	106	99	424	4	100
11/02/2015 18:40	101	101	105	112	419	4	100
11/02/2015 18:45	97	99	84	117	397	4	100
11/02/2015 18:50	94	94	98	115	401	4	100
11/02/2015 18:55	79	86	95	91	351	4	100
11/02/2015 19:00	91	93	89	90	363	4	100
11/02/2015 19:05	81	73	95	92	341	4	100
11/02/2015 19:10	69	86	103	89	347	4	100
11/02/2015 19:15	81	79	97	95	352	4	100
11/02/2015 19:20	74	79	85	91	329	4	100
11/02/2015 19:25	63	70	78	84	295	4	100
11/02/2015 19:30	68	81	88	90	327	4	100
11/02/2015 19:35	74	68	88	89	319	4	100
11/02/2015 19:40	47	61	76	76	260	4	100
11/02/2015 19:45	53	53	86	83	275	4	100
11/02/2015 19:50	53	67	75	69	264	4	100
11/02/2015 19:55	47	68	80	64	259	4	100
11/02/2015 20:00	50	64	77	82	273	4	100
11/02/2015 20:05	41	68	71	75	255	4	100
11/02/2015 20:10	53	61	75	74	263	4	100
11/02/2015 20:15	49	64	75	75	263	4	100
11/02/2015 20:20	59	61	92	86	298	4	100
11/02/2015 20:25	57	62	77	75	271	4	100
11/02/2015 20:30	66	72	71	63	272	4	100
11/02/2015 20:35	52	61	78	56	247	4	100
11/02/2015 20:40	58	72	93	73	296	4	100
11/02/2015 20:45	48	58	68	81	255	4	100
11/02/2015 20:50	49	55	63	64	231	4	100
11/02/2015 20:55	48	58	76	64	246	4	100
11/02/2015 21:00	54	52	71	63	240	4	100
11/02/2015 21:05	47	49	63	63	222	4	100
11/02/2015 21:10	45	71	81	67	264	4	100
11/02/2015 21:15	50	63	72	72	257	4	100
11/02/2015 21:20	40	59	70	71	240	4	100
11/02/2015 21:25	48	46	54	69	217	4	100
11/02/2015 21:30	51	58	60	57	226	4	100
11/02/2015 21:35	50	55	67	61	233	4	100
11/02/2015 21:40	58	61	67	72	258	4	100
11/02/2015 21:45	61	56	68	64	249	4	100
11/02/2015 21:50	40	65	61	36	202	4	100
11/02/2015 21:55	48	59	56	55	218	4	100
11/02/2015 22:00	44	47	59	68	218	4	100
11/02/2015 22:05	49	41	59	46	195	4	100
11/02/2015 22:10	38	52	57	50	197	4	100
11/02/2015 22:15	57	60	65	62	244	4	100
11/02/2015 22:20	31	37	61	56	185	4	100
11/02/2015 22:25	41	46	45	51	183	4	100
11/02/2015 22:30	43	36	51	46	176	4	100
11/02/2015 22:35	34	39	44	47	164	4	100
11/02/2015 22:40	30	43	55	43	171	4	100
11/02/2015 22:45	25	32	58	48	163	4	100
11/02/2015 22:50	25	31	44	36	136	4	100
11/02/2015 22:55	17	32	36	27	112	4	100
11/02/2015 23:00	23	33	42	34	132	4	100
11/02/2015 23:05	18	24	32	32	106	4	100
11/02/2015 23:10	26	29	38	32	125	4	100
11/02/2015 23:15	19	38	41	36	134	4	100
11/02/2015 23:20	15	33	28	21	97	4	100
11/02/2015 23:25	13	25	34	25	97	4	100
11/02/2015 23:30	20	32	30	26	108	4	100
11/02/2015 23:35	13	21	27	22	83	4	100
11/02/2015 23:40	16	28	30	13	87	4	100
11/02/2015 23:45	14	28	30	20	92	4	100
11/02/2015 23:50	18	22	34	19	93	4	100
11/02/2015 23:55	8	13	35	23	79	4	100
11/03/2015 00:00	11	25	22	22	80	4	100
11/03/2015 00:05	13	15	23	16	67	4	100
11/03/2015 00:10	16	22	27	25	90	4	100
11/03/2015 00:15	10	18	28	21	77	4	100
11/03/2015 00:20	7	13	18	15	53	4	100
11/03/2015 00:25	11	10	23	21	65	4	100
11/03/2015 00:30	13	15	23	20	71	4	100
11/03/2015 00:35	8	12	27	11	58	4	100
11/03/2015 00:40	5	9	15	11	40	4	100
11/03/2015 00:45	9	15	17	16	57	4	100
11/03/2015 00:50	6	12	28	15	61	4	100
11/03/2015 00:55	7	12	18	10	47	4	100
11/03/2015 01:00	6	7	14	10	37	4	100
11/03/2015 01:05	5	10	27	14	56	4	100
11/03/2015 01:10	3	9	9	10	31	4	100
11/03/2015 01:15	3	17	19	21	60	4	100
11/03/2015 01:20	6	13	12	11	42	4	100
11/03/2015 01:25	3	17	11	7	38	4	100
11/03/2015 01:30	7	11	16	6	40	4	100
11/03/2015 01:35	3	11	5	7	26	4	100
11/03/2015 01:40	6	12	19	6	43	4	100
11/03/2015 01:45	6	11	21	9	47	4	100
11/03/2015 01:50	5	6	6	12	29	4	100
11/03/2015 01:55	4	15	13	3	35	4	100
11/03/2015 02:00	4	13	18	16	51	4	100
11/03/2015 02:05	7	12	15	11	45	4	100
11/03/2015 02:10	6	7	14	9	36	4	100
11/03/2015 02:15	3	6	11	11	31	4	100
11/03/2015 02:20	3	8	12	14	37	4	100
11/03/2015 02:25	5	9	12	14	40	4	100
11/03/2015 02:30	9	15	18	20	62	4	100
11/03/2015 02:35	6	7	22	11	46	4	100
11/03/2015 02:40	11	14	16	13	54	4	100
11/03/2015 02:45	8	12	17	14	51	4	100
11/03/2015 02:50	7	14	11	13	45	4	100
11/03/2015 02:55	7	12	18	14	51	4	100
11/03/2015 03:00	11	12	13	15	51	4	100
11/03/2015 03:05	8	13	24	11	56	4	100
11/03/2015 03:10	9	17	20	12	58	4	100
11/03/2015 03:15	10	18	18	11	57	4	100
11/03/2015 03:20	10	17	10	8	45	4	100
11/03/2015 03:25	20	20	23	14	77	4	100
11/03/2015 03:30	22	29	24	20	95	4	100
11/03/2015 03:35	19	24	22	20	85	4	100
11/03/2015 03:40	21	18	31	17	87	4	100
11/03/2015 03:45	29	35	27	29	120	4	100
11/03/2015 03:50	21	26	25	21	93	4	100
11/03/2015 03:55	24	29	21	29	103	4	100
11/03/2015 04:00	21	31	24	28	104	4	100
11/03/2015 04:05	30	31	29	14	104	4	100
11/03/2015 04:10	44	55	28	27	154	4	100
11/03/2015 04:15	45	45	28	24	142	4	100
11/03/2015 04:20	64	55	45	33	197	4	100
11/03/2015 04:25	78	47	50	35	210	4	100
11/03/2015 04:30	66	60	61	39	226	4	100
11/03/2015 04:35	76	79	63	53	271	4	100
11/03/2015 04:40	87	67	62	63	279	4	100
11/03/2015 04:45	86	74	62	54	276	4	100
11/03/2015 04:50	95	85	62	62	304	4	100
11/03/2015 04:55	84	72	74	58	288	4	100
11/03/2015 05:00	104	93	72	65	334	4	100
11/03/2015 05:05	142	113	92	80	427	4	100
11/03/2015 05:10	155	114	89	75	433	4	100
11/03/2015 05:15	162	132	104	105	503	4	100
11/03/2015 05:20	200	170	135	123	628	4	100
11/03/2015 05:25	99	102	98	87	386	4	100
11/03/2015 05:30	191	172	140	154	657	4	100
11/03/2015 05:35	157	157	160	171	645	4	100
11/03/2015 05:40	147	149	135	166	597	4	100
11/03/2015 05:45	111	125	121	135	492	4	100
11/03/2015 05:50	131	129	129	144	533	4	100
11/03/2015 05:55	107	120	117	143	487	4	100
11/03/2015 06:00	99	102	101	127	429	4	100
11/03/2015 06:05	93	100	100	133	426	4	100
11/03/2015 06:10	87	89	99	126	401	4	100
11/03/2015 06:15	83	77	92	109	361	4	100
11/03/2015 06:20	60	61	60	88	269	4	100
11/03/2015 06:25	67	63	69	94	293	4	100
11/03/2015 06:30	61	64	80	92	297	4	100
11/03/2015 06:35	67	64	80	108	319	4	100
11/03/2015 06:40	65	59	90	104	318	4	100
11/03/2015 06:45	49	44	60	80	233	4	100
11/03/2015 06:50	52	47	73	93	265	4	100
11/03/2015 06:55	61	57	75	108	301	4	100
11/03/2015 07:00	46	45	67	82	240	4	100
11/03/2015 07:05	43	37	50	71	201	4	100
11/03/2015 07:10	48	46	73	90	257	4	100
11/03/2015 07:15	48	41	70	92	251	4	100
11/03/2015 07:20	49	46	77	85	257	4	100
11/03/2015 07:25	36	33	58	67	194	4	100
11/03/2015 07:30	35	24	59	65	183	4	100
11/03/2015 07:35	38	43	68	105	254	4	100
11/03/2015 07:40	48	36	69	94	247	4	100
11/03/2015 07:45	49	38	76	92	255	4	100
11/03/2015 07:50	39	35	73	89	236	4	100
11/03/2015 07:55	42	40	72	98	252	4	100
11/03/2015 08:00	48	50	74	106	278	4	100
11/03/2015 08:05	48	34	75	101	258	4	100
11/03/2015 08:10	44	33	48	103	228	4	100
11/03/2015 08:15	36	31	52	91	210	4	100
11/03/2015 08:20	39	32	44	78	193	4	100
11/03/2015 08:25	41	41	76	102	260	4	100
11/03/2015 08:30	35	33	55	88	211	4	100
11/03/2015 08:35	36	34	42	112	224	4	100
11/03/2015 08:40	42	40	77	101	260	4	100
11/03/2015 08:45	46	42	68	124	280	4	100
11/03/2015 08:50	40	38	67	82	227	4	100
11/03/2015 08:55	45	38	83	91	257	4	100
11/03/2015 09:00	49	31	67	87	234	4	100
11/03/2015 09:05	41	27	65	89	222	4	100
11/03/2015 09:10	51	40	71	93	255	4	100
11/03/2015 09:15	40	28	57	102	227	4	100
11/03/2015 09:20	43	30	48	68	189	4	100
11/03/2015 09:25	47	36	59	106	248	4	100
11/03/2015 09:30	41	26	50	88	205	4	100
11/03/2015 09:35	41	36	39	85	201	4	100
11/03/2015 09:40	37	38	49	70	194	4	100
11/03/2015 09:45	55	54	81	105	295	4	100
11/03/2015 09:50	56	64	85	118	323	4	100
11/03/2015 09:55	43	37	66	92	238	4	100
11/03/2015 10:00	53	55	60	93	261	4	100
11/03/2015 10:05	48	43	65	104	260	4	100
11/03/2015 10:10	70	75	91	116	352	4	100
11/03/2015 10:15	60	78	89	105	332	4	100
11/03/2015 10:20	54	61	88	104	307	4	100
11/03/2015 10:25	60	82	92	99	333	4	100
11/03/2015 10:30	77	82	88	103	350	4	100
11/03/2015 10:35	112	109	107	118	446	4	100
11/03/2015 10:40	88	92	102	113	395	4	100
11/03/2015 10:45	101	99	93	97	390	4	100
11/03/2015 10:50	120	122	109	125	476	4	100
11/03/2015 10:55	101	110	105	122	438	4	100
11/03/2015 11:00	97	110	120	108	435	4	100
11/03/2015 11:05	97	103	118	112	430	4	100
11/03/2015 11:10	106	123	142	131	502	4	100
11/03/2015 11:15	111	98	122	125	456	4	100
11/03/2015 11:20	103	112	122	128	465	4	100
11/03/2015 11:25	119	117	133	122	491	4	100
11/03/2015 11:30	112	117	135	125	489	4	100
11/03/2015 11:35	114	115	140	126	495	4	100
11/03/2015 11:40	79	109	120	128	436	4	100
11/03/2015 11:45	94	109	135	138	476	4	100
11/03/2015 11:50	106	120	132	132	490	4	100
11/03/2015 11:55	96	98	117	124	435	4	100
11/03/2015 12:00	115	111	112	154	492	4	100
11/03/2015 12:05	108	111	120	130	469	4	100
11/03/2015 12:10	107	100	120	124	451	4	100
11/03/2015 12:15	115	96	147	133	491	4	100
11/03/2015 12:20	114	108	131	128	481	4	100
11/03/2015 12:25	112	109	137	145	503	4	100
11/03/2015 12:30	124	116	142	124	506	4	100
11/03/2015 12:35	108	118	136	128	490	4	100
11/03/2015 12:40	112	125	147	148	532	4	100
11/03/2015 12:45	121	107	144	123	495	4	100
11/03/2015 12:50	127	130	134	141	532	4	100
11/03/2015 12:55	114	105	131	144	494	4	100
11/03/2015 13:00	110	107	126	122	465	4	100
11/03/2015 13:05	117	103	128	135	483	4	100
11/03/2015 13:10	99	96	119	118	432	4	100
11/03/2015 13:15	96	116	120	120	452	4	100
11/03/2015 13:20	120	107	124	139	490	4	100
11/03/2015 13:25	121	111	138	125	495	4	100
11/03/2015 13:30	119	122	124	142	507	4	100
11/03/2015 13:35	106	120	135	131	492	4	100
11/03/2015 13:40	110	110	126	141	487	4	100
11/03/2015 13:45	94	108	134	144	480	4	100
11/03/2015 13:50	92	94	123	146	455	4	100
11/03/2015 13:55	99	104	125	127	455	4	100
11/03/2015 14:00	106	104	123	130	463	4	100
11/03/2015 14:05	116	111	117	124	468	4	100
11/03/2015 14:10	119	112	144	132	507	4	100
11/03/2015 14:15	128	125	132	134	519	4	100
11/03/2015 14:20	113	125	130	117	485	4	100
11/03/2015 14:25	118	117	117	142	494	4	100
11/03/2015 14:30	121	109	121	141	492	4	100
11/03/2015 14:35	110	129	142	124	505	4	100
11/03/2015 14:40	122	104	114	122	462	4	100
11/03/2015 14:45	111	100	111	129	451	4	100
11/03/2015 14:50	113	120	128	120	481	4	100
11/03/2015 14:55	119	111	118	145	493	4	100
11/03/2015 15:00	100	110	98	122	430	4	100
11/03/2015 15:05	91	95	115	108	409	4	100
11/03/2015 15:10	93	109	118	108	428	4	100
11/03/2015 15:15	99	89	113	121	422	4	100
11/03/2015 15:20	95	104	134	125	458	4	100
11/03/2015 15:25	88	107	115	119	429	4	100
11/03/2015 15:30	84	102	112	123	421	4	100
11/03/2015 15:35	149	119	131	142	541	4	100
11/03/2015 15:40	104	107	124	133	468	4	100
11/03/2015 15:45	111	99	131	126	467	4	100
11/03/2015 15:50	118	117	132	147	514	4	100
11/03/2015 15:55	118	120	124	139	501	4	100
11/03/2015 16:00	97	106	131	101	435	4	100
11/03/2015 16:05	121	109	136	127	493	4	100
11/03/2015 16:10	105	111	137	113	466	4	100
11/03/2015 16:15	113	101	119	106	439	4	100
11/03/2015 16:20	134	132	150	144	560	4	100
11/03/2015 16:25	113	102	105	111	431	4	100
11/03/2015 16:30	114	102	122	115	453	4	100
11/03/2015 16:35	123	116	130	119	488	4	100
11/03/2015 16:40	137	129	174	127	567	4	100
11/03/2015 16:45	118	106	116	119	459	4	100
11/03/2015 16:50	119	115	121	125	480	4	100
11/03/2015 16:55	112	120	111	127	470	4	100
11/03/2015 17:00	111	104	105	121	441	4	100
11/03/2015 17:05	124	114	130	141	509	4	100
11/03/2015 17:10	125	111	147	117	500	4	100
11/03/2015 17:15	125	111	133	124	493	4	100
11/03/2015 17:20	119	127	141	139	526	4	100
11/03/2015 17:25	118	126	142	131	517	4	100
11/03/2015 17:30	126	117	126	118	487	4	100
11/03/2015 17:35	132	107	141	135	515	4	100
11/03/2015 17:40	136	110	136	114	496	4	100
11/03/2015 17:45	119	121	132	140	512	4	100
11/03/2015 17:50	111	114	129	121	475	4	100
11/03/2015 17:55	118	108	130	122	478	4	100
11/03/2015 18:00	92	119	111	124	446	4	100
11/03/2015 18:05	125	120	114	128	487	4	100
11/03/2015 18:10	125	112	132	138	507	4	100
11/03/2015 18:15	125	107	128	125	485	4	100
11/03/2015 18:20	126	126	111	128	491	4	100
11/03/2015 18:25	124	120	118	123	485	4	100
11/03/2015 18:30	110	101	111	117	439	4	100
11/03/2015 18:35	101	111	106	122	440	4	100
11/03/2015 18:40	101	101	129	117	448	4	100
11/03/2015 18:45	87	82	112	113	394	4	100
11/03/2015 18:50	106	91	100	107	404	4	100
11/03/2015 18:55	88	91	104	114	397	4	100
11/03/2015 19:00	93	85	100	93	371	4	100
11/03/2015 19:05	92	94	97	110	393	4	100
11/03/2015 19:10	68	84	102	98	352	4	100
11/03/2015 19:15	88	77	93	102	360	4	100
11/03/2015 19:20	70	84	103	106	363	4	100
11/03/2015 19:25	81	81	102	95	359	4	100
11/03/2015 19:30	71	89	91	94	345	4	100
11/03/2015 19:35	73	79	78	83	313	4	100
11/03/2015 19:40	72	77	100	86	335	4	100
11/03/2015 19:45	66	85	101	98	350	4	100
11/03/2015 19:50	55	77	99	88	319	4	100
11/03/2015 19:55	55	74	77	88	294	4	100
11/03/2015 20:00	53	67	73	87	280	4	100
11/03/2015 20:05	49	65	69	72	255	4	100
11/03/2015 20:10	64	69	86	72	291	4	100
11/03/2015 20:15	60	79	73	81	293	4	100
11/03/2015 20:20	62	75	72	76	285	4	100
11/03/2015 20:25	48	59	76	75	258	4	100
11/03/2015 20:30	53	77	81	63	274	4	100
11/03/2015 20:35	62	60	86	75	283	4	100
11/03/2015 20:40	57	70	79	81	287	4	100
11/03/2015 20:45	62	71	74	78	285	4	100
11/03/2015 20:50	57	65	73	74	269	4	100
11/03/2015 20:55	51	63	73	65	252	4	100
11/03/2015 21:00	50	67	91	82	290	4	100
11/03/2015 21:05	57	64	81	64	266	4	100
11/03/2015 21:10	43	61	83	74	261	4	100
11/03/2015 21:15	54	62	80	79	275	4	100
11/03/2015 21:20	46	60	71	74	251	4	100
11/03/2015 21:25	57	73	87	72	289	4	100
11/03/2015 21:30	51	63	70	73	257	4	100
11/03/2015 21:35	51	61	74	49	235	4	100
11/03/2015 21:40	58	53	74	67	252	4	100
11/03/2015 21:45	44	53	67	59	223	4	100
11/03/2015 21:50	42	58	72	60	232	4	100
11/03/2015 21:55	44	45	63	57	209	4	100
11/03/2015 22:00	41	54	67	53	215	4	100
11/03/2015 22:05	43	60	70	66	239	4	100
11/03/2015 22:10	59	60	79	59	257	4	100
11/03/2015 22:15	49	62	72	63	246	4	100
11/03/2015 22:20	40	45	75	61	221	4	100
11/03/2015 22:25	37	42	57	58	194	4	100
11/03/2015 22:30	35	43	59	52	189	4	100
11/03/2015 22:35	34	50	61	54	199	4	100
11/03/2015 22:40	34	45	55	52	186	4	100
11/03/2015 22:45	31	42	53	43	169	4	100
11/03/2015 22:50	22	37	52	34	145	4	100
11/03/2015 22:55	35	36	64	43	178	4	100
11/03/2015 23:00	18	29	44	38	129	4	100
11/03/2015 23:05	27	32	44	27	130	4	100
11/03/2015 23:10	21	34	50	40	145	4	100
11/03/2015 23:15	22	35	39	30	126	4	100
11/03/2015 23:20	17	30	36	20	103	4	100
11/03/2015 23:25	9	31	31	25	96	4	100
11/03/2015 23:30	19	26	34	30	109	4	100
11/03/2015 23:35	27	28	39	37	131	4	100
11/03/2015 23:40	20	27	36	30	113	4	100
11/03/2015 23:45	16	24	36	27	103	4	100
11/03/2015 23:50	8	24	26	35	93	4	100
11/03/2015 23:55	10	19	26	21	76	4	100
11/04/2015 00:00	15	24	21	27	87	4	100
11/04/2015 00:05	10	15	25	21	71	4	100
11/04/2015 00:10	12	24	27	21	84	4	100
11/04/2015 00:15	17	14	29	13	73	4	100
11/04/2015 00:20	14	15	26	19	74	4	100
11/04/2015 00:25	7	19	16	20	62	4	100
11/04/2015 00:30	7	15	24	10	56	4	100
11/04/2015 00:35	9	13	23	12	57	4	100
11/04/2015 00:40	10	17	22	24	73	4	100
11/04/2015 00:45	7	9	20	9	45	4	100
11/04/2015 00:50	7	12	24	15	58	4	100
11/04/2015 00:55	5	8	23	20	56	4	100
11/04/2015 01:00	5	15	8	12	40	4	100
11/04/2015 01:05	5	5	13	11	34	4	100
11/04/2015 01:10	5	18	13	10	46	4	100
11/04/2015 01:15	6	16	12	9	43	4	100
11/04/2015 01:20	6	14	15	12	47	4	100
11/04/2015 01:25	9	20	14	9	52	4	100
11/04/2015 01:30	3	11	16	11	41	4	100
11/04/2015 01:35	3	11	18	10	42	4	100
11/04/2015 01:40	8	6	19	12	45	4	100
11/04/2015 01:45	7	13	12	13	45	4	100
11/04/2015 01:50	3	14	14	16	47	4	100
11/04/2015 01:55	4	6	10	14	34	4	100
11/04/2015 02:00	3	11	17	10	41	4	100
11/04/2015 02:05	9	13	13	9	44	4	100
11/04/2015 02:10	3	10	16	10	39	4	100
11/04/2015 02:15	7	7	11	11	36	4	100
11/04/2015 02:20	7	10	17	5	39	4	100
11/04/2015 02:25	4	14	15	10	43	4	100
11/04/2015 02:30	6	9	9	17	41	4	100
11/04/2015 02:35	7	15	24	17	63	4	100
11/04/2015 02:40	2	7	19	13	41	4	100
11/04/2015 02:45	7	13	18	16	54	4	100
11/04/2015 02:50	7	9	17	12	45	4	100
11/04/2015 02:55	10	19	21	11	61	4	100
11/04/2015 03:00	7	18	17	11	53	4	100
11/04/2015 03:05	8	16	15	9	48	4	100
11/04/2015 03:10	16	19	17	11	63	4	100
11/04/2015 03:15	10	23	23	10	66	4	100
11/04/2015 03:20	12	14	17	16	59	4	100
11/04/2015 03:25	11	22	19	14	66	4	100
11/04/2015 03:30	22	33	27	22	104	4	100
11/04/2015 03:35	24	24	18	11	77	4	100
11/04/2015 03:40	36	32	35	19	122	4	100
11/04/2015 03:45	16	27	34	32	109	4	100
11/04/2015 03:50	22	30	17	22	91	4	100
11/04/2015 03:55	18	28	29	23	98	4	100
11/04/2015 04:00	30	35	36	19	120	4	100
11/04/2015 04:05	35	41	26	24	126	4	100
11/04/2015 04:10	37	43	29	32	141	4	100
11/04/2015 04:15	40	41	23	32	136	4	100
11/04/2015 04:20	65	59	54	47	225	4	100
11/04/2015 04:25	59	52	48	39	198	4	100
11/04/2015 04:30	60	57	48	42	207	4	100
11/04/2015 04:35	68	84	67	55	274	4	100
11/04/2015 04:40	83	74	64	56	277	4	100
11/04/2015 04:45	92	78	74	68	312	4	100
11/04/2015 04:50	87	82	66	63	298	4	100
11/04/2015 04:55	107	82	71	61	321	4	100
11/04/2015 05:00	108	82	77	52	319	4	100
11/04/2015 05:05	143	107	87	78	415	4	100
11/04/2015 05:10	145	127	98	76	446	4	100
11/04/2015 05:15	173	127	109	101	510	4	100
11/04/2015 05:20	202	172	119	105	598	4	100
11/04/2015 05:25	188	162	129	118	597	4	100
11/04/2015 05:30	160	162	142	156	620	4	100
11/04/2015 05:35	127	123	140	160	550	4	100
11/04/2015 05:40	82	91	99	111	383	4	100
11/04/2015 05:45	85	87	107	121	400	4	100
11/04/2015 05:50	82	84	96	116	378	4	100
11/04/2015 05:55	80	76	86	105	347	4	100
11/04/2015 06:00	59	63	87	107	316	4	100
11/04/2015 06:05	62	52	58	99	271	4	100
11/04/2015 06:10	37	29	34	95	195	4	100
11/04/2015 06:15	66	52	65	105	288	4	100
11/04/2015 06:20	48	46	68	99	261	4	100
11/04/2015 06:25	56	57	61	93	267	4	100
11/04/2015 06:30	48	38	58	88	232	4	100
11/04/2015 06:35	68	62	76	108	314	4	100
11/04/2015 06:40	72	66	82	117	337	4	100
11/04/2015 06:45	64	62	76	93	295	4	100
11/04/2015 06:50	56	59	71	98	284	4	100
11/04/2015 06:55	59	57	79	102	297	4	100
11/04/2015 07:00	60	50	70	108	288	4	100
11/04/2015 07:05	53	51	68	116	288	4	100
11/04/2015 07:10	50	40	43	99	232	4	100
11/04/2015 07:15	36	31	33	63	163	4	100
11/04/2015 07:20	49	34	48	99	230	4	100
11/04/2015 07:25	50	39	56	104	249	4	100
11/04/2015 07:30	42	30	29	102	203	4	100
11/04/2015 07:35	39	25	37	99	200	4	100
11/04/2015 07:40	39	33	64	99	235	4	100
11/04/2015 07:45	37	40	76	98	251	4	100
11/04/2015 07:50	41	25	65	92	223	4	100
11/04/2015 07:55	47	38	66	109	260	4	100
11/04/2015 08:00	43	32	79	96	250	4	100
11/04/2015 08:05	48	43	70	90	251	4	100
11/04/2015 08:10	37	29	84	91	241	4	100
11/04/2015 08:15	43	30	75	96	244	4	100
11/04/2015 08:20	38	26	58	119	241	4	100
11/04/2015 08:25	37	22	51	85	195	4	100
11/04/2015 08:30	46	32	71	114	263	4	100
11/04/2015 08:35	36	19	38	104	197	4	100
11/04/2015 08:40	38	26	40	107	211	4	100
11/04/2015 08:45	51	58	88	111	308	4	100
11/04/2015 08:50	36	32	53	55	176	4	100
11/04/2015 08:55	38	43	66	92	239	4	100
11/04/2015 09:00	46	37	62	85	230	4	100
11/04/2015 09:05	37	39	59	75	210	4	100
11/04/2015 09:10	46	45	63	89	243	4	100
11/04/2015 09:15	33	31	47	73	184	4	100
11/04/2015 09:20	50	51	55	80	236	4	100
11/04/2015 09:25	49	51	64	93	257	4	100
11/04/2015 09:30	36	32	52	67	187	4	100
11/04/2015 09:35	40	44	43	76	203	4	100
11/04/2015 09:40	43	46	71	99	259	4	100
11/04/2015 09:45	44	32	47	82	205	4	100
11/04/2015 09:50	62	55	68	111	296	4	100
11/04/2015 09:55	37	29	62	86	214	4	100
11/04/2015 10:00	47	51	64	95	257	4	100
11/04/2015 10:05	45	40	52	93	230	4	100
11/04/2015 10:10	59	63	74	96	292	4	100
11/04/2015 10:15	53	60	77	106	296	4	100
11/04/2015 10:20	38	32	59	89	218	4	100
11/04/2015 10:25	61	59	89	106	315	4	100
11/04/2015 10:30	72	69	92	112	345	4	100
11/04/2015 10:35	72	73	93	119	357	4	100
11/04/2015 10:40	60	52	59	78	249	4	100
11/04/2015 10:45	88	94	97	105	384	4	100
11/04/2015 10:50	73	91	102	107	373	4	100
11/04/2015 10:55	85	98	98	113	394	4	100
11/04/2015 11:00	125	118	123	124	490	4	100
11/04/2015 11:05	111	97	97	94	399	4	100
11/04/2015 11:10	113	112	106	116	447	4	100
11/04/2015 11:15	110	112	114	119	455	4	100
11/04/2015 11:20	121	121	113	119	474	4	100
11/04/2015 11:25	109	97	107	116	429	4	100
11/04/2015 11:30	136	141	130	137	544	4	100
11/04/2015 11:35	106	124	131	141	502	4	100
11/04/2015 11:40	105	102	134	116	457	4	100
11/04/2015 11:45	101	106	136	146	489	4	100
11/04/2015 11:50	105	114	125	129	473	4	100
11/04/2015 11:55	95	104	117	131	447	4	100
11/04/2015 12:00	112	113	136	143	504	4	100
11/04/2015 12:05	95	106	109	118	428	4	100
11/04/2015 12:10	106	110	126	131	473	4	100
11/04/2015 12:15	112	118	150	127	507	4	100
11/04/2015 12:20	117	120	125	143	505	4	100
11/04/2015 12:25	97	112	118	130	457	4	100
11/04/2015 12:30	109	127	129	141	506	4	100
11/04/2015 12:35	96	107	131	140	474	4	100
11/04/2015 12:40	115	119	141	126	501	4	100
11/04/2015 12:45	114	122	138	160	534	4	100
11/04/2015 12:50	101	121	113	149	484	4	100
11/04/2015 12:55	107	105	124	121	457	4	100
11/04/2015 13:00	101	115	122	130	468	4	100
11/04/2015 13:05	88	105	120	121	434	4	100
11/04/2015 13:10	124	129	130	130	513	4	100
11/04/2015 13:15	105	108	126	124	463	4	100
11/04/2015 13:20	118	107	141	130	496	4	100
11/04/2015 13:25	109	113	114	136	472	4	100
11/04/2015 13:30	114	119	128	111	472	4	100
11/04/2015 13:35	106	123	130	130	489	4	100
11/04/2015 13:40	98	108	132	152	490	4	100
11/04/2015 13:45	106	116	122	146	490	4	100
11/04/2015 13:50	109	112	113	115	449	4	100
11/04/2015 13:55	100	100	127	136	463	4	100
11/04/2015 14:00	111	123	110	138	482	4	100
11/04/2015 14:05	131	107	122	140	500	4	100
11/04/2015 14:10	117	106	129	118	470	4	100
11/04/2015 14:15	102	105	129	142	478	4	100
11/04/2015 14:20	109	122	127	125	483	4	100
11/04/2015 14:25	119	104	131	146	500	4	100
11/04/2015 14:30	126	117	133	150	526	4	100
11/04/2015 14:35	109	103	127	131	470	4	100
11/04/2015 14:40	120	120	137	143	520	4	100
11/04/2015 14:45	96	112	137	137	482	4	100
11/04/2015 14:50	107	99	120	120	446	4	100
11/04/2015 14:55	97	92	110	146	445	4	100
11/04/2015 15:00	106	103	116	135	460	4	100
11/04/2015 15:05	117	108	115	141	481	4	100
11/04/2015 15:10	108	101	122	133	464	4	100
11/04/2015 15:15	104	105	117	122	448	4	100
11/04/2015 15:20	102	96	111	144	453	4	100
11/04/2015 15:25	113	108	127	129	477	4	100
11/04/2015 15:30	114	116	125	144	499	4	100
11/04/2015 15:35	114	102	129	136	481	4	100
11/04/2015 15:40	138	117	134	130	519	4	100
11/04/2015 15:45	133	117	149	144	543	4	100
11/04/2015 15:50	107	98	114	129	448	4	100
11/04/2015 15:55	109	101	113	146	469	4	100
11/04/2015 16:00	114	107	114	121	456	4	100
11/04/2015 16:05	118	113	121	122	474	4	100
11/04/2015 16:10	111	106	115	133	465	4	100
11/04/2015 16:15	117	118	133	134	502	4	100
11/04/2015 16:20	106	112	129	135	482	4	100
11/04/2015 16:25	106	113	125	132	476	4	100
11/04/2015 16:30	113	106	114	131	464	4	100
11/04/2015 16:35	140	108	124	136	508	4	100
11/04/2015 16:40	129	105	126	128	488	4	100
11/04/2015 16:45	108	113	103	110	434	4	100
11/04/2015 16:50	122	133	120	125	500	4	100
11/04/2015 16:55	132	101	115	129	477	4	100
11/04/2015 17:00	102	110	123	125	460	4	100
11/04/2015 17:05	115	122	121	131	489	4	100
11/04/2015 17:10	139	119	137	136	531	4	100
11/04/2015 17:15	120	126	149	124	519	4	100
11/04/2015 17:20	129	128	128	151	536	4	100
11/04/2015 17:25	132	125	134	137	528	4	100
11/04/2015 17:30	122	135	141	152	550	4	100
11/04/2015 17:35	145	123	139	128	535	4	100
11/04/2015 17:40	133	111	138	130	512	4	100
11/04/2015 17:45	126	125	133	134	518	4	100
11/04/2015 17:50	116	113	123	115	467	4	100
11/04/2015 17:55	137	128	117	128	510	4	100
11/04/2015 18:00	130	129	125	103	487	4	100
11/04/2015 18:05	134	123	127	103	487	4	100
11/04/2015 18:10	133	116	126	110	485	4	100
11/04/2015 18:15	127	114	125	127	493	4	100
11/04/2015 18:20	125	118	132	130	505	4	100
11/04/2015 18:25	99	105	101	122	427	4	100
11/04/2015 18:30	136	123	132	127	518	4	100
11/04/2015 18:35	116	114	118	134	482	4	100
11/04/2015 18:40	107	100	115	122	444	4	100
11/04/2015 18:45	106	95	130	127	458	4	100
11/04/2015 18:50	82	106	111	121	420	4	100
11/04/2015 18:55	86	87	103	103	379	4	100
11/04/2015 19:00	86	84	101	99	370	4	100
11/04/2015 19:05	78	91	109	100	378	4	100
11/04/2015 19:10	98	102	92	107	399	4	100
11/04/2015 19:15	82	99	100	91	372	4	100
11/04/2015 19:20	89	100	104	108	401	4	100
11/04/2015 19:25	68	88	89	98	343	4	100
11/04/2015 19:30	67	93	99	88	347	4	100
11/04/2015 19:35	74	75	98	98	345	4	100
11/04/2015 19:40	60	75	83	75	293	4	100
11/04/2015 19:45	57	68	96	92	313	4	100
11/04/2015 19:50	44	68	78	75	265	4	100
11/04/2015 19:55	77	67	70	80	294	4	100
11/04/2015 20:00	67	60	83	87	297	4	100
11/04/2015 20:05	59	76	83	79	297	4	100
11/04/2015 20:10	59	73	88	79	299	4	100
11/04/2015 20:15	64	70	89	78	301	4	100
11/04/2015 20:20	55	63	80	72	270	4	100
11/04/2015 20:25	58	69	77	77	281	4	100
11/04/2015 20:30	58	67	95	91	311	4	100
11/04/2015 20:35	58	70	93	80	301	4	100
11/04/2015 20:40	54	66	79	80	279	4	100
11/04/2015 20:45	66	72	109	87	334	4	100
11/04/2015 20:50	54	63	70	73	260	4	100
11/04/2015 20:55	60	74	102	74	310	4	100
11/04/2015 21:00	67	66	89	84	306	4	100
11/04/2015 21:05	58	76	99	74	307	4	100
11/04/2015 21:10	59	65	73	72	269	4	100
11/04/2015 21:15	53	71	85	90	299	4	100
11/04/2015 21:20	63	78	78	82	301	4	100
11/04/2015 21:25	52	69	79	69	269	4	100
11/04/2015 21:30	50	65	97	73	285	4	100
11/04/2015 21:35	61	69	70	68	268	4	100
11/04/2015 21:40	55	68	90	65	278	4	100
11/04/2015 21:45	61	58	81	58	258	4	100
11/04/2015 21:50	55	63	82	60	260	4	100
11/04/2015 21:55	45	61	64	57	227	4	100
11/04/2015 22:00	45	54	79	60	238	4	100
11/04/2015 22:05	45	60	72	63	240	4	100
11/04/2015 22:10	57	73	80	76	286	4	100
11/04/2015 22:15	60	57	77	66	260	4	100
11/04/2015 22:20	47	56	69	51	223	4	100
11/04/2015 22:25	39	64	71	51	225	4	100
11/04/2015 22:30	39	55	56	39	189	4	100
11/04/2015 22:35	44	58	69	44	215	4	100
11/04/2015 22:40	42	47	57	48	194	4	100
11/04/2015 22:45	47	55	63	51	216	4	100
11/04/2015 22:50	29	43	74	52	198	4	100
11/04/2015 22:55	26	46	56	44	172	4	100
11/04/2015 23:00	25	45	42	39	151	4	100
11/04/2015 23:05	23	34	46	33	136	4	100
11/04/2015 23:10	24	38	47	31	140	4	100
11/04/2015 23:15	23	43	38	36	140	4	100
11/04/2015 23:20	19	35	36	38	128	4	100
11/04/2015 23:25	28	31	41	27	127	4	100
11/04/2015 23:30	15	34	46	27	122	4	100
11/04/2015 23:35	19	25	28	24	96	4	100
11/04/2015 23:40	19	30	50	34	133	4	100
11/04/2015 23:45	19	32	35	30	116	4	100
11/04/2015 23:50	19	20	33	26	98	4	100
11/04/2015 23:55	16	25	31	24	96	4	100
11/05/2015 00:00	15	24	26	21	86	4	100
11/05/2015 00:05	13	26	24	21	84	4	100
11/05/2015 00:10	12	23	27	21	83	4	100
11/05/2015 00:15	6	18	32	18	74	4	100
11/05/2015 00:20	8	19	26	17	70	4	100
11/05/2015 00:25	14	18	27	14	73	4	100
11/05/2015 00:30	8	20	19	17	64	4	100
11/05/2015 00:35	9	14	21	29	73	4	100
11/05/2015 00:40	10	20	26	21	77	4	100
11/05/2015 00:45	10	23	26	24	83	4	100
11/05/2015 00:50	8	11	21	10	50	4	100
11/05/2015 00:55	8	12	29	18	67	4	100
11/05/2015 01:00	5	16	21	17	59	4	100
11/05/2015 01:05	4	20	25	15	64	4	100
11/05/2015 01:10	4	14	14	9	41	4	100
11/05/2015 01:15	10	24	20	11	65	4	100
11/05/2015 01:20	5	12	18	8	43	4	100
11/05/2015 01:25	8	19	19	13	59	4	100
11/05/2015 01:30	6	12	12	15	45	4	100
11/05/2015 01:35	5	10	16	12	43	4	100
11/05/2015 01:40	6	15	17	9	47	4	100
11/05/2015 01:45	8	10	18	5	41	4	100
11/05/2015 01:50	8	5	14	7	34	4	100
11/05/2015 01:55	11	13	20	13	57	4	100
11/05/2015 02:00	2	7	19	3	31	4	100
11/05/2015 02:05	6	6	16	13	41	4	100
11/05/2015 02:10	10	12	13	12	47	4	100
11/05/2015 02:15	4	12	15	13	44	4	100
11/05/2015 02:20	6	18	12	11	47	4	100
11/05/2015 02:25	4	12	18	13	47	4	100
11/05/2015 02:30	4	13	19	19	55	4	100
11/05/2015 02:35	10	17	17	9	53	4	100
11/05/2015 02:40	3	9	20	10	42	4	100
11/05/2015 02:45	9	16	16	17	58	4	100
11/05/2015 02:50	8	15	17	12	52	4	100
11/05/2015 02:55	7	10	16	10	43	4	100
11/05/2015 03:00	10	15	20	16	61	4	100
11/05/2015 03:05	8	17	24	19	68	4	100
11/05/2015 03:10	9	18	19	15	61	4	100
11/05/2015 03:15	15	21	21	18	75	4	100
11/05/2015 03:20	13	16	22	13	64	4	100
11/05/2015 03:25	14	21	22	20	77	4	100
11/05/2015 03:30	21	28	28	14	91	4	100
11/05/2015 03:35	18	28	35	25	106	4	100
11/05/2015 03:40	21	23	29	16	89	4	100
11/05/2015 03:45	32	27	29	24	112	4	100
11/05/2015 03:50	25	23	21	19	88	4	100
11/05/2015 03:55	22	25	23	23	93	4	100
11/05/2015 04:00	16	27	26	22	91	4	100
11/05/2015 04:05	31	35	35	22	123	4	100
11/05/2015 04:10	51	48	36	24	159	4	100
11/05/2015 04:15	42	44	33	34	153	4	100
11/05/2015 04:20	60	53	44	24	181	4	100
11/05/2015 04:25	56	53	53	38	200	4	100
11/05/2015 04:30	73	65	58	37	233	4	100
11/05/2015 04:35	76	71	58	45	250	4	100
11/05/2015 04:40	86	78	80	60	304	4	100
11/05/2015 04:45	81	82	75	66	304	4	100
11/05/2015 04:50	84	76	78	63	301	4	100
11/05/2015 04:55	101	84	64	69	318	4	100
11/05/2015 05:00	105	87	78	61	331	4	100
11/05/2015 05:05	132	123	79	72	406	4	100
11/05/2015 05:10	162	133	114	77	486	4	100
11/05/2015 05:15	177	147	110	99	533	4	100
11/05/2015 05:20	218	165	126	124	633	4	100
11/05/2015 05:25	215	178	155	138	686	4	100
11/05/2015 05:30	165	151	148	142	606	4	100
11/05/2015 05:35	148	156	144	169	617	4	100
11/05/2015 05:40	118	128	135	145	526	4	100
11/05/2015 05:45	146	149	128	169	592	4	100
11/05/2015 05:50	117	119	119	136	491	4	100
11/05/2015 05:55	120	126	121	140	507	4	100
11/05/2015 06:00	99	114	105	120	438	4	100
11/05/2015 06:05	96	92	110	133	431	4	100
11/05/2015 06:10	73	79	98	109	359	4	100
11/05/2015 06:15	84	87	114	121	406	4	100
11/05/2015 06:20	75	75	89	119	358	4	100
11/05/2015 06:25	67	58	65	79	269	4	100
11/05/2015 06:30	77	74	74	116	341	4	100
11/05/2015 06:35	59	56	67	96	278	4	100
11/05/2015 06:40	60	53	66	83	262	4	100
11/05/2015 06:45	64	60	78	95	297	4	100
11/05/2015 06:50	53	52	79	78	262	4	100
11/05/2015 06:55	58	61	72	92	283	4	100
11/05/2015 07:00	43	46	68	72	229	4	100
11/05/2015 07:05	41	40	70	77	228	4	100
11/05/2015 07:10	44	31	40	87	202	4	100
11/05/2015 07:15	43	43	70	94	250	4	100
11/05/2015 07:20	38	41	57	100	236	4	100
11/05/2015 07:25	42	34	73	83	232	4	100
11/05/2015 07:30	37	38	60	100	235	4	100
11/05/2015 07:35	32	34	65	91	222	4	100
11/05/2015 07:40	49	52	85	95	281	4	100
11/05/2015 07:45	44	45	83	110	282	4	100
11/05/2015 07:50	43	37	64	65	209	4	100
11/05/2015 07:55	48	45	76	109	278	4	100
11/05/2015 08:00	37	32	63	87	219	4	100
11/05/2015 08:05	45	40	72	104	261	4	100
11/05/2015 08:10	43	27	66	97	233	4	100
11/05/2015 08:15	36	30	58	93	217	4	100
11/05/2015 08:20	37	36	56	91	220	4	100
11/05/2015 08:25	38	36	59	105	238	4	100
11/05/2015 08:30	39	41	57	96	233	4	100
11/05/2015 08:35	35	27	51	71	184	4	100
11/05/2015 08:40	46	41	53	84	224	4	100
11/05/2015 08:45	51	43	74	99	267	4	100
11/05/2015 08:50	38	29	60	60	187	4	100
11/05/2015 08:55	34	33	84	101	252	4	100
11/05/2015 09:00	37	33	47	76	193	4	100
11/05/2015 09:05	43	33	43	95	214	4	100
11/05/2015 09:10	38	35	58	88	219	4	100
11/05/2015 09:15	45	36	48	100	229	4	100
11/05/2015 09:20	48	42	57	96	243	4	100
11/05/2015 09:25	55	51	63	85	254	4	100
11/05/2015 09:30	40	39	54	81	214	4	100
11/05/2015 09:35	52	52	64	96	264	4	100
11/05/2015 09:40	50	37	55	85	227	4	100
11/05/2015 09:45	41	36	55	88	220	4	100
11/05/2015 09:50	52	64	85	85	286	4	100
11/05/2015 09:55	50	51	51	74	226	4	100
11/05/2015 10:00	46	38	65	79	228	4	100
11/05/2015 10:05	55	58	82	99	294	4	100
11/05/2015 10:10	65	60	82	106	313	4	100
11/05/2015 10:15	51	70	76	106	303	4	100
11/05/2015 10:20	65	81	87	100	333	4	100
11/05/2015 10:25	68	76	74	89	307	4	100
11/05/2015 10:30	90	103	107	117	417	4	100
11/05/2015 10:35	75	93	98	102	368	4	100
11/05/2015 10:40	82	93	98	113	386	4	100
11/05/2015 10:45	71	83	84	86	324	4	100
11/05/2015 10:50	105	120	113	130	468	4	100
11/05/2015 10:55	110	110	104	114	438	4	100
11/05/2015 11:00	103	113	110	110	436	4	100
11/05/2015 11:05	109	111	103	110	433	4	100
11/05/2015 11:10	120	112	123	130	485	4	100
11/05/2015 11:15	95	111	112	121	439	4	100
11/05/2015 11:20	104	110	116	123	453	4	100
11/05/2015 11:25	107	114	127	135	483	4	100
11/05/2015 11:30	113	124	125	135	497	4	100
11/05/2015 11:35	117	113	133	127	490	4	100
11/05/2015 11:40	111	105	122	146	484	4	100
11/05/2015 11:45	116	119	144	147	526	4	100
11/05/2015 11:50	100	128	145	138	511	4	100
11/05/2015 11:55	92	97	117	119	425	4	100
11/05/2015 12:00	102	114	143	151	510	4	100
11/05/2015 12:05	115	101	117	108	441	4	100
11/05/2015 12:10	120	117	141	111	489	4	100
11/05/2015 12:15	136	129	133	123	521	4	100
11/05/2015 12:20	127	126	135	148	536	4	100
11/05/2015 12:25	99	119	130	140	488	4	100
11/05/2015 12:30	117	116	122	138	493	4	100
11/05/2015 12:35	120	125	121	122	488	4	100
11/05/2015 12:40	122	114	133	140	509	4	100
11/05/2015 12:45	108	113	143	134	498	4	100
11/05/2015 12:50	103	106	119	130	458	4	100
11/05/2015 12:55	118	110	140	139	507	4	100
11/05/2015 13:00	124	103	131	135	493	4	100
11/05/2015 13:05	112	105	123	139	479	4	100
11/05/2015 13:10	112	114	124	114	464	4	100
11/05/2015 13:15	104	114	137	132	487	4	100
11/05/2015 13:20	125	121	131	124	501	4	100
11/05/2015 13:25	114	96	132	132	474	4	100
11/05/2015 13:30	118	115	121	124	478	4	100
11/05/2015 13:35	109	108	137	134	488	4	100
11/05/2015 13:40	109	122	113	127	471	4	100
11/05/2015 13:45	106	121	130	137	494	4	100
11/05/2015 13:50	115	121	126	135	497	4	100
11/05/2015 13:55	89	111	137	133	470	4	100
11/05/2015 14:00	116	122	129	120	487	4	100
11/05/2015 14:05	124	132	107	118	481	4	100
11/05/2015 14:10	114	107	121	128	470	4	100
11/05/2015 14:15	111	131	134	137	513	4	100
11/05/2015 14:20	125	119	135	145	524	4	100
11/05/2015 14:25	111	117	104	116	448	4	100
11/05/2015 14:30	107	91	110	124	432	4	100
11/05/2015 14:35	106	110	135	107	458	4	100
11/05/2015 14:40	113	110	122	126	471	4	100
11/05/2015 14:45	85	102	123	121	431	4	100
11/05/2015 14:50	120	111	133	146	510	4	100
11/05/2015 14:55	92	95	113	120	420	4	100
11/05/2015 15:00	111	103	114	120	448	4	100
11/05/2015 15:05	97	90	119	115	421	4	100
11/05/2015 15:10	106	102	113	106	427	4	100
11/05/2015 15:15	106	90	105	121	422	4	100
11/05/2015 15:20	127	111	119	145	502	4	100
11/05/2015 15:25	112	107	140	134	493	4	100
11/05/2015 15:30	98	102	114	118	432	4	100
11/05/2015 15:35	108	100	119	116	443	4	100
11/05/2015 15:40	125	101	130	123	479	4	100
11/05/2015 15:45	121	102	116	129	468	4	100
11/05/2015 15:50	122	108	121	123	474	4	100
11/05/2015 15:55	110	94	123	117	444	4	100
11/05/2015 16:00	114	92	115	134	455	4	100
11/05/2015 16:05	126	111	126	118	481	4	100
11/05/2015 16:10	109	106	131	139	485	4	100
11/05/2015 16:15	155	128	131	146	560	4	100
11/05/2015 16:20	119	111	122	122	474	4	100
11/05/2015 16:25	132	112	115	125	484	4	100
11/05/2015 16:30	142	116	127	142	527	4	100
11/05/2015 16:35	118	107	135	139	499	4	100
11/05/2015 16:40	103	112	124	129	468	4	100
11/05/2015 16:45	123	117	119	133	492	4	100
11/05/2015 16:50	129	112	131	131	503	4	100
11/05/2015 16:55	119	103	111	124	457	4	100
11/05/2015 17:00	127	126	126	114	493	4	100
11/05/2015 17:05	117	116	127	124	484	4	100
11/05/2015 17:10	152	144	146	153	595	4	100
11/05/2015 17:15	123	109	147	130	509	4	100
11/05/2015 17:20	122	122	133	134	511	4	100
11/05/2015 17:25	127	109	145	129	510	4	100
11/05/2015 17:30	146	134	125	104	509	4	100
11/05/2015 17:35	140	129	136	127	532	4	100
11/05/2015 17:40	117	111	129	125	482	4	100
11/05/2015 17:45	144	112	125	107	488	4	100
11/05/2015 17:50	103	106	114	112	435	4	100
11/05/2015 17:55	87	94	100	94	375	4	100
11/05/2015 18:00	78	99	93	112	382	4	100
11/05/2015 18:05	72	79	90	110	351	4	100
11/05/2015 18:10	105	95	107	116	423	4	100
11/05/2015 18:15	160	144	131	142	577	4	100
11/05/2015 18:20	149	140	136	146	571	4	100
11/05/2015 18:25	136	128	102	124	490	4	100
11/05/2015 18:30	122	131	138	132	523	4	100
11/05/2015 18:35	109	106	117	120	452	4	100
11/05/2015 18:40	103	98	131	120	452	4	100
11/05/2015 18:45	103	114	122	122	461	4	100
11/05/2015 18:50	113	98	121	115	447	4	100
11/05/2015 18:55	93	92	110	104	399	4	100
11/05/2015 19:00	91	101	108	119	419	4	100
11/05/2015 19:05	92	87	107	100	386	4	100
11/05/2015 19:10	94	86	106	120	406	4	100
11/05/2015 19:15	93	84	117	105	399	4	100
11/05/2015 19:20	75	87	91	105	358	4	100
11/05/2015 19:25	89	89	94	94	366	4	100
11/05/2015 19:30	80	82	92	97	351	4	100
11/05/2015 19:35	71	82	89	87	329	4	100
11/05/2015 19:40	65	75	82	82	304	4	100
11/05/2015 19:45	94	80	90	91	355	4	100
11/05/2015 19:50	81	83	87	97	348	4	100
11/05/2015 19:55	65	68	79	62	274	4	100
11/05/2015 20:00	62	64	78	84	288	4	100
11/05/2015 20:05	75	76	83	90	324	4	100
11/05/2015 20:10	62	69	96	98	325	4	100
11/05/2015 20:15	57	63	75	74	269	4	100
11/05/2015 20:20	66	73	76	81	296	4	100
11/05/2015 20:25	58	64	79	58	259	4	100
11/05/2015 20:30	63	64	78	87	292	4	100
11/05/2015 20:35	63	58	81	74	276	4	100
11/05/2015 20:40	63	74	77	59	273	4	100
11/05/2015 20:45	68	74	90	68	300	4	100
11/05/2015 20:50	53	64	77	67	261	4	100
11/05/2015 20:55	65	68	85	70	288	4	100
11/05/2015 21:00	60	64	70	84	278	4	100
11/05/2015 21:05	47	71	68	86	272	4	100
11/05/2015 21:10	61	74	70	75	280	4	100
11/05/2015 21:15	54	61	81	79	275	4	100
11/05/2015 21:20	76	68	75	77	296	4	100
11/05/2015 21:25	61	62	88	72	283	4	100
11/05/2015 21:30	71	65	71	61	268	4	100
11/05/2015 21:35	70	70	78	70	288	4	100
11/05/2015 21:40	64	58	84	64	270	4	100
11/05/2015 21:45	73	76	81	75	305	4	100
11/05/2015 21:50	64	57	72	50	243	4	100
11/05/2015 21:55	59	60	65	55	239	4	100
11/05/2015 22:00	61	61	73	61	256	4	100
11/05/2015 22:05	54	66	82	64	266	4	100
11/05/2015 22:10	55	59	73	60	247	4	100
11/05/2015 22:15	67	58	76	71	272	4	100
11/05/2015 22:20	58	70	79	57	264	4	100
11/05/2015 22:25	39	53	58	56	206	4	100
11/05/2015 22:30	33	57	68	45	203	4	100
11/05/2015 22:35	47	57	62	69	235	4	100
11/05/2015 22:40	31	55	60	52	198	4	100
11/05/2015 22:45	42	45	57	52	196	4	100
11/05/2015 22:50	37	38	60	42	177	4	100
11/05/2015 22:55	32	44	54	49	179	4	100
11/05/2015 23:00	31	47	50	39	167	4	100
11/05/2015 23:05	25	49	62	36	172	4	100
11/05/2015 23:10	35	49	60	41	185	4	100
11/05/2015 23:15	29	40	49	34	152	4	100
11/05/2015 23:20	26	38	43	24	131	4	100
11/05/2015 23:25	23	33	38	38	132	4	100
11/05/2015 23:30	31	37	36	40	144	4	100
11/05/2015 23:35	19	35	45	29	128	4	100
11/05/2015 23:40	18	28	42	27	115	4	100
11/05/2015 23:45	20	32	33	22	107	4	100
11/05/2015 23:50	23	26	40	23	112	4	100
11/05/2015 23:55	21	20	28	24	93	4	100
11/06/2015 00:00	20	22	33	24	99	4	100
11/06/2015 00:05	11	26	36	22	95	4	100
11/06/2015 00:10	17	29	40	27	113	4	100
11/06/2015 00:15	18	27	32	29	106	4	100
11/06/2015 00:20	16	20	23	21	80	4	100
11/06/2015 00:25	13	19	19	15	66	4	100
11/06/2015 00:30	11	23	23	15	72	4	100
11/06/2015 00:35	10	18	34	24	86	4	100
11/06/2015 00:40	14	18	17	22	71	4	100
11/06/2015 00:45	13	24	21	17	75	4	100
11/06/2015 00:50	9	16	18	13	56	4	100
11/06/2015 00:55	13	19	19	12	63	4	100
11/06/2015 01:00	6	13	26	16	61	4	100
11/06/2015 01:05	10	22	29	12	73	4	100
11/06/2015 01:10	8	13	18	19	58	4	100
11/06/2015 01:15	7	16	17	11	51	4	100
11/06/2015 01:20	10	22	18	17	67	4	100
11/06/2015 01:25	8	12	16	12	48	4	100
11/06/2015 01:30	14	21	29	11	75	4	100
11/06/2015 01:35	5	12	21	17	55	4	100
11/06/2015 01:40	8	15	18	12	53	4	100
11/06/2015 01:45	7	10	18	13	48	4	100
11/06/2015 01:50	8	12	25	16	61	4	100
11/06/2015 01:55	7	17	25	10	59	4	100
11/06/2015 02:00	8	15	27	12	62	4	100
11/06/2015 02:05	3	12	14	11	40	4	100
11/06/2015 02:10	7	10	23	17	57	4	100
11/06/2015 02:15	14	17	22	18	71	4	100
11/06/2015 02:20	8	13	18	18	57	4	100
11/06/2015 02:25	10	18	25	22	75	4	100
11/06/2015 02:30	7	15	14	13	49	4	100
11/06/2015 02:35	10	17	24	8	59	4	100
11/06/2015 02:40	5	13	25	16	59	4	100
11/06/2015 02:45	12	13	15	10	50	4	100
11/06/2015 02:50	10	12	25	14	61	4	100
11/06/2015 02:55	6	10	18	14	48	4	100
11/06/2015 03:00	8	16	19	12	55	4	100
11/06/2015 03:05	15	21	20	10	66	4	100
11/06/2015 03:10	14	22	26	14	76	4	100
11/06/2015 03:15	16	25	20	16	77	4	100
11/06/2015 03:20	14	23	27	15	79	4	100
11/06/2015 03:25	19	14	22	20	75	4	100
11/06/2015 03:30	15	25	21	25	86	4	100
11/06/2015 03:35	13	33	27	23	96	4	100
11/06/2015 03:40	25	31	22	28	106	4	100
11/06/2015 03:45	15	30	29	25	99	4	100
11/06/2015 03:50	20	37	31	35	123	4	100
11/06/2015 03:55	22	34	29	25	110	4	100
11/06/2015 04:00	31	32	34	24	121	4	100
11/06/2015 04:05	20	40	35	16	111	4	100
11/06/2015 04:10	36	37	33	19	125	4	100
11/06/2015 04:15	40	46	45	28	159	4	100
11/06/2015 04:20	58	37	46	30	171	4	100
11/06/2015 04:25	51	57	46	29	183	4	100
11/06/2015 04:30	68	59	59	45	231	4	100
11/06/2015 04:35	74	87	64	48	273	4	100
11/06/2015 04:40	81	84	66	68	299	4	100
11/06/2015 04:45	73	67	61	56	257	4	100
11/06/2015 04:50	74	72	58	52	256	4	100
11/06/2015 04:55	93	89	67	60	309	4	100
11/06/2015 05:00	103	81	83	51	318	4	100
11/06/2015 05:05	112	92	83	74	361	4	100
11/06/2015 05:10	150	130	96	88	464	4	100
11/06/2015 05:15	173	164	111	89	537	4	100
11/06/2015 05:20	180	150	117	104	551	4	100
11/06/2015 05:25	197	170	139	141	647	4	100
11/06/2015 05:30	178	175	142	151	646	4	100
11/06/2015 05:35	150	152	151	157	610	4	100
11/06/2015 05:40	153	144	146	172	615	4	100
11/06/2015 05:45	121	117	120	142	500	4	100
11/06/2015 05:50	146	137	137	155	575	4	100
11/06/2015 05:55	118	120	129	135	502	4	100
11/06/2015 06:00	114	120	122	138	494	4	100
11/06/2015 06:05	94	104	103	117	418	4	100
11/06/2015 06:10	111	107	116	129	463	4	100
11/06/2015 06:15	98	105	111	121	435	4	100
11/06/2015 06:20	78	79	88	110	355	4	100
11/06/2015 06:25	72	80	98	98	348	4	100
11/06/2015 06:30	49	81	107	116	353	4	100
11/06/2015 06:35	73	88	82	108	351	4	100
11/06/2015 06:40	62	75	82	110	329	4	100
11/06/2015 06:45	61	73	77	101	312	4	100
11/06/2015 06:50	56	63	64	96	279	4	100
11/06/2015 06:55	54	50	69	83	256	4	100
11/06/2015 07:00	58	56	81	91	286	4	100
11/06/2015 07:05	62	62	76	97	297	4	100
11/06/2015 07:10	52	54	80	81	267	4	100
11/06/2015 07:15	52	55	85	92	284	4	100
11/06/2015 07:20	56	44	83	106	289	4	100
11/06/2015 07:25	58	61	91	114	324	4	100
11/06/2015 07:30	49	60	79	97	285	4	100
11/06/2015 07:35	52	72	91	119	334	4	100
11/06/2015 07:40	45	43	94	100	282	4	100
11/06/2015 07:45	39	42	92	127	300	4	100
11/06/2015 07:50	41	53	94	120	308	4	100
11/06/2015 07:55	38	28	61	117	244	4	100
11/06/2015 08:00	46	44	79	124	293	4	100
11/06/2015 08:05	44	45	76	111	276	4	100
11/06/2015 08:10	39	40	75	117	271	4	100
11/06/2015 08:15	53	57	81	117	308	4	100
11/06/2015 08:20	41	26	77	101	245	4	100
11/06/2015 08:25	30	37	87	108	262	4	100
11/06/2015 08:30	41	51	81	115	288	4	100
11/06/2015 08:35	41	49	88	92	270	4	100
11/06/2015 08:40	34	33	68	80	215	4	100
11/06/2015 08:45	46	42	75	97	260	4	100
11/06/2015 08:50	52	56	87	141	336	4	100
11/06/2015 08:55	44	38	77	128	287	4	100
11/06/2015 09:00	44	41	78	115	278	4	100
11/06/2015 09:05	61	67	93	123	344	4	100
11/06/2015 09:10	51	80	92	114	337	4	100
11/06/2015 09:15	41	54	86	100	281	4	100
11/06/2015 09:20	65	78	98	114	355	4	100
11/06/2015 09:25	66	97	86	106	355	4	100
11/06/2015 09:30	94	93	98	99	384	4	100
11/06/2015 09:35	86	94	93	105	378	4	100
11/06/2015 09:40	85	89	91	105	370	4	100
11/06/2015 09:45	58	85	95	105	343	4	100
11/06/2015 09:50	95	111	119	136	461	4	100
11/06/2015 09:55	82	89	109	112	392	4	100
11/06/2015 10:00	98	98	110	124	430	4	100
11/06/2015 10:05	82	85	106	125	398	4	100
11/06/2015 10:10	103	90	117	115	425	4	100
11/06/2015 10:15	81	95	107	135	418	4	100
11/06/2015 10:20	112	126	137	135	510	4	100
11/06/2015 10:25	111	114	133	130	488	4	100
11/06/2015 10:30	116	103	134	146	499	4	100
11/06/2015 10:35	110	103	107	135	455	4	100
11/06/2015 10:40	109	110	125	139	483	4	100
11/06/2015 10:45	96	118	123	144	481	4	100
11/06/2015 10:50	106	107	119	128	460	4	100
11/06/2015 10:55	112	108	129	145	494	4	100
11/06/2015 11:00	119	113	143	139	514	4	100
11/06/2015 11:05	126	128	142	135	531	4	100
11/06/2015 11:10	141	124	139	143	547	4	100
11/06/2015 11:15	126	131	157	157	571	4	100
11/06/2015 11:20	131	132	142	139	544	4	100
11/06/2015 11:25	139	129	154	140	562	4	100
11/06/2015 11:30	140	128	130	154	552	4	100
11/06/2015 11:35	136	125	142	153	556	4	100
11/06/2015 11:40	123	123	128	134	508	4	100
11/06/2015 11:45	121	118	150	170	559	4	100
11/06/2015 11:50	130	133	131	143	537	4	100
11/06/2015 11:55	111	109	131	151	502	4	100
11/06/2015 12:00	112	120	137	131	500	4	100
11/06/2015 12:05	125	119	133	137	514	4	100
11/06/2015 12:10	123	112	144	141	520	4	100
11/06/2015 12:15	136	114	147	149	546	4	100
11/06/2015 12:20	124	135	120	162	541	4	100
11/06/2015 12:25	152	109	152	170	583	4	100
11/06/2015 12:30	142	141	150	154	587	4	100
11/06/2015 12:35	122	111	136	154	523	4	100
11/06/2015 12:40	114	118	138	130	500	4	100
11/06/2015 12:45	111	122	138	135	506	4	100
11/06/2015 12:50	120	122	126	134	502	4	100
11/06/2015 12:55	128	133	138	146	545	4	100
11/06/2015 13:00	118	120	117	127	482	4	100
11/06/2015 13:05	100	109	115	119	443	4	100
11/06/2015 13:10	129	118	128	135	510	4	100
11/06/2015 13:15	141	125	138	143	547	4	100
11/06/2015 13:20	123	127	133	123	506	4	100
11/06/2015 13:25	120	106	115	123	464	4	100
11/06/2015 13:30	129	104	128	137	498	4	100
11/06/2015 13:35	116	114	137	123	490	4	100
11/06/2015 13:40	111	118	134	145	508	4	100
11/06/2015 13:45	119	112	113	138	482	4	100
11/06/2015 13:50	117	94	122	123	456	4	100
11/06/2015 13:55	102	98	114	131	445	4	100
11/06/2015 14:00	116	103	122	126	467	4	100
11/06/2015 14:05	124	112	140	133	509	4	100
11/06/2015 14:10	136	137	126	135	534	4	100
11/06/2015 14:15	124	121	126	127	498	4	100
11/06/2015 14:20	114	110	132	141	497	4	100
11/06/2015 14:25	138	144	139	156	577	4	100
11/06/2015 14:30	126	109	123	129	487	4	100
11/06/2015 14:35	132	118	135	134	519	4	100
11/06/2015 14:40	122	117	119	114	472	4	100
11/06/2015 14:45	116	108	138	148	510	4	100
11/06/2015 14:50	103	98	124	141	466	4	100
11/06/2015 14:55	113	100	113	140	466	4	100
11/06/2015 15:00	104	104	114	122	444	4	100
11/06/2015 15:05	120	112	123	117	472	4	100
11/06/2015 15:10	107	103	122	116	448	4	100
11/06/2015 15:15	105	93	104	107	409	4	100
11/06/2015 15:20	106	113	114	104	437	4	100
11/06/2015 15:25	122	107	127	127	483	4	100
11/06/2015 15:30	117	98	120	131	466	4	100
11/06/2015 15:35	130	122	130	145	527	4	100
11/06/2015 15:40	130	122	130	132	514	4	100
11/06/2015 15:45	118	118	131	124	491	4	100
11/06/2015 15:50	115	112	119	129	475	4	100
11/06/2015 15:55	106	103	95	121	425	4	100
11/06/2015 16:00	137	113	127	115	492	4	100
11/06/2015 16:05	111	109	97	110	427	4	100
11/06/2015 16:10	107	96	109	110	422	4	100
11/06/2015 16:15	116	115	119	132	482	4	100
11/06/2015 16:20	125	116	126	139	506	4	100
11/06/2015 16:25	109	112	95	109	425	4	100
11/06/2015 16:30	121	107	100	106	434	4	100
11/06/2015 16:35	116	104	120	114	454	4	100
11/06/2015 16:40	134	112	136	120	502	4	100
11/06/2015 16:45	146	133	130	149	558	4	100
11/06/2015 16:50	102	108	113	118	441	4	100
11/06/2015 16:55	104	107	114	105	430	4	100
11/06/2015 17:00	126	122	134	136	518	4	100
11/06/2015 17:05	128	113	117	150	508	4	100
11/06/2015 17:10	131	123	124	116	494	4	100
11/06/2015 17:15	115	114	129	118	476	4	100
11/06/2015 17:20	141	124	152	141	558	4	100
11/06/2015 17:25	140	133	130	132	535	4	100
11/06/2015 17:30	109	117	127	118	471	4	100
11/06/2015 17:35	120	106	112	115	453	4	100
11/06/2015 17:40	80	87	94	110	371	4	100
11/06/2015 17:45	38	57	59	61	215	4	100
11/06/2015 17:50	50	56	52	64	222	4	100
11/06/2015 17:55	57	67	77	84	285	4	100
11/06/2015 18:00	69	54	68	68	259	4	100
11/06/2015 18:05	52	51	46	62	211	4	100
11/06/2015 18:10	71	62	62	69	264	4	100
11/06/2015 18:15	51	42	42	67	202	4	100
11/06/2015 18:20	57	63	61	77	258	4	100
11/06/2015 18:25	75	62	46	65	248	4	100
11/06/2015 18:30	104	95	77	90	366	4	100
11/06/2015 18:35	117	103	100	103	423	4	100
11/06/2015 18:40	107	105	100	98	410	4	100
11/06/2015 18:45	83	94	104	113	394	4	100
11/06/2015 18:50	76	85	81	98	340	4	100
11/06/2015 18:55	110	107	104	104	425	4	100
11/06/2015 19:00	91	91	93	94	369	4	100
11/06/2015 19:05	88	79	107	95	369	4	100
11/06/2015 19:10	85	95	92	85	357	4	100
11/06/2015 19:15	87	91	109	104	391	4	100
11/06/2015 19:20	95	94	106	123	418	4	100
11/06/2015 19:25	87	83	100	101	371	4	100
11/06/2015 19:30	88	93	112	123	416	4	100
11/06/2015 19:35	84	80	101	106	371	4	100
11/06/2015 19:40	75	76	86	100	337	4	100
11/06/2015 19:45	85	82	112	105	384	4	100
11/06/2015 19:50	68	88	78	97	331	4	100
11/06/2015 19:55	70	78	82	86	316	4	100
11/06/2015 20:00	66	75	94	90	325	4	100
11/06/2015 20:05	79	84	94	97	354	4	100
11/06/2015 20:10	66	75	94	94	329	4	100
11/06/2015 20:15	72	90	111	91	364	4	100
11/06/2015 20:20	70	66	96	93	325	4	100
11/06/2015 20:25	62	78	93	81	314	4	100
11/06/2015 20:30	80	72	86	77	315	4	100
11/06/2015 20:35	67	81	88	91	327	4	100
11/06/2015 20:40	69	74	86	80	309	4	100
11/06/2015 20:45	77	75	104	93	349	4	100
11/06/2015 20:50	57	81	87	68	293	4	100
11/06/2015 20:55	71	60	91	79	301	4	100
11/06/2015 21:00	78	80	93	86	337	4	100
11/06/2015 21:05	66	83	81	69	299	4	100
11/06/2015 21:10	68	83	88	98	337	4	100
11/06/2015 21:15	77	85	84	88	334	4	100
11/06/2015 21:20	60	67	86	82	295	4	100
11/06/2015 21:25	73	66	86	68	293	4	100
11/06/2015 21:30	62	69	84	73	288	4	100
11/06/2015 21:35	79	65	78	82	304	4	100
11/06/2015 21:40	61	77	90	83	311	4	100
11/06/2015 21:45	71	71	97	71	310	4	100
11/06/2015 21:50	44	72	91	87	294	4	100
11/06/2015 21:55	59	78	82	66	285	4	100
11/06/2015 22:00	63	72	95	88	318	4	100
11/06/2015 22:05	61	77	84	81	303	4	100
11/06/2015 22:10	60	73	73	81	287	4	100
11/06/2015 22:15	56	68	93	82	299	4	100
11/06/2015 22:20	52	58	85	74	269	4	100
11/06/2015 22:25	56	69	82	63	270	4	100
11/06/2015 22:30	56	66	65	69	256	4	100
11/06/2015 22:35	65	76	85	80	306	4	100
11/06/2015 22:40	61	68	76	64	269	4	100
11/06/2015 22:45	51	64	79	66	260	4	100
11/06/2015 22:50	49	65	69	63	246	4	100
11/06/2015 22:55	43	54	60	53	210	4	100
11/06/2015 23:00	40	49	67	51	207	4	100
11/06/2015 23:05	48	53	60	44	205	4	100
11/06/2015 23:10	50	51	73	55	229	4	100
11/06/2015 23:15	38	47	50	50	185	4	100
11/06/2015 23:20	42	52	60	49	203	4	100
11/06/2015 23:25	32	45	55	42	174	4	100
11/06/2015 23:30	43	47	63	52	205	4	100
11/06/2015 23:35	42	43	50	46	181	4	100
11/06/2015 23:40	36	45	51	30	162	4	100
11/06/2015 23:45	22	36	45	44	147	4	100
11/06/2015 23:50	32	45	42	34	153	4	100
11/06/2015 23:55	30	32	41	27	130	4	100
11/07/2015 00:00	26	32	37	35	130	4	100
11/07/2015 00:05	23	45	46	28	142	4	100
11/07/2015 00:10	26	31	36	39	132	4	100
11/07/2015 00:15	14	28	38	26	106	4	100
11/07/2015 00:20	16	29	36	32	113	4	100
11/07/2015 00:25	19	28	37	31	115	4	100
11/07/2015 00:30	23	20	42	27	112	4	100
11/07/2015 00:35	15	28	32	28	103	4	100
11/07/2015 00:40	23	28	22	29	102	4	100
11/07/2015 00:45	17	26	30	25	98	4	100
11/07/2015 00:50	15	27	25	27	94	4	100
11/07/2015 00:55	9	24	19	21	73	4	100
11/07/2015 01:00	22	31	33	21	107	4	100
11/07/2015 01:05	10	32	43	24	109	4	100
11/07/2015 01:10	11	26	34	18	89	4	100
11/07/2015 01:15	17	19	30	21	87	4	100
11/07/2015 01:20	11	26	35	30	102	4	100
11/07/2015 01:25	5	17	26	18	66	4	100
11/07/2015 01:30	11	22	31	16	80	4	100
11/07/2015 01:35	16	17	37	15	85	4	100
11/07/2015 01:40	12	18	29	13	72	4	100
11/07/2015 01:45	16	20	30	20	86	4	100
11/07/2015 01:50	8	22	19	10	59	4	100
11/07/2015 01:55	8	21	36	12	77	4	100
11/07/2015 02:00	5	13	23	8	49	4	100
11/07/2015 02:05	14	16	23	16	69	4	100
11/07/2015 02:10	12	14	25	20	71	4	100
11/07/2015 02:15	9	12	18	18	57	4	100
11/07/2015 02:20	16	23	24	12	75	4	100
11/07/2015 02:25	4	25	28	15	72	4	100
11/07/2015 02:30	5	16	27	15	63	4	100
11/07/2015 02:35	12	20	32	23	87	4	100
11/07/2015 02:40	10	18	20	22	70	4	100
11/07/2015 02:45	11	19	24	19	73	4	100
11/07/2015 02:50	8	16	19	25	68	4	100
11/07/2015 02:55	11	17	24	20	72	4	100
11/07/2015 03:00	13	21	18	16	68	4	100
11/07/2015 03:05	7	10	18	15	50	4	100
11/07/2015 03:10	14	19	22	21	76	4	100
11/07/2015 03:15	14	22	20	12	68	4	100
11/07/2015 03:20	16	22	22	13	73	4	100
11/07/2015 03:25	10	14	21	10	55	4	100
11/07/2015 03:30	13	22	22	15	72	4	100
11/07/2015 03:35	14	23	22	18	77	4	100
11/07/2015 03:40	13	18	20	17	68	4	100
11/07/2015 03:45	14	21	23	25	83	4	100
11/07/2015 03:50	15	18	19	15	67	4	100
11/07/2015 03:55	12	23	24	22	81	4	100
11/07/2015 04:00	19	19	27	16	81	4	100
11/07/2015 04:05	11	21	22	10	64	4	100
11/07/2015 04:10	14	23	26	13	76	4	100
11/07/2015 04:15	18	26	21	24	89	4	100
11/07/2015 04:20	23	31	31	17	102	4	100
11/07/2015 04:25	22	26	27	18	93	4	100
11/07/2015 04:30	22	28	41	30	121	4	100
11/07/2015 04:35	26	38	21	29	114	4	100
11/07/2015 04:40	27	38	38	36	139	4	100
11/07/2015 04:45	27	36	39	36	138	4	100
11/07/2015 04:50	26	41	27	23	117	4	100
11/07/2015 04:55	35	30	43	30	138	4	100
11/07/2015 05:00	35	40	35	25	135	4	100
11/07/2015 05:05	37	47	36	30	150	4	100
11/07/2015 05:10	39	48	41	25	153	4	100
11/07/2015 05:15	47	52	56	35	190	4	100
11/07/2015 05:20	57	56	44	36	193	4	100
11/07/2015 05:25	57	55	59	47	218	4	100
11/07/2015 05:30	74	68	54	51	247	4	100
11/07/2015 05:35	58	63	55	54	230	4	100
11/07/2015 05:40	66	80	63	55	264	4	100
11/07/2015 05:45	65	65	73	67	270	4	100
11/07/2015 05:50	54	62	61	67	244	4	100
11/07/2015 05:55	69	55	57	76	257	4	100
11/07/2015 06:00	67	67	61	62	257	4	100
11/07/2015 06:05	84	76	84	73	317	4	100
11/07/2015 06:10	78	84	86	73	321	4	100
11/07/2015 06:15	99	80	99	79	357	4	100
11/07/2015 06:20	88	94	100	75	357	4	100
11/07/2015 06:25	117	111	105	81	414	4	100
11/07/2015 06:30	112	97	120	106	435	4	100
11/07/2015 06:35	120	129	118	119	486	4	100
11/07/2015 06:40	112	111	118	112	453	4	100
11/07/2015 06:45	127	129	125	120	501	4	100
11/07/2015 06:50	105	124	115	110	454	4	100
11/07/2015 06:55	104	115	132	104	455	4	100
11/07/2015 07:00	122	111	132	112	477	4	100
11/07/2015 07:05	130	114	127	124	495	4	100
11/07/2015 07:10	126	121	137	122	506	4	100
11/07/2015 07:15	139	152	135	127	553	4	100
11/07/2015 07:20	138	128	145	148	559	4	100
11/07/2015 07:25	149	146	156	151	602	4	100
11/07/2015 07:30	142	123	142	133	540	4	100
11/07/2015 07:35	100	106	122	121	449	4	100
11/07/2015 07:40	141	138	158	154	591	4	100
11/07/2015 07:45	152	142	153	165	612	4	100
11/07/2015 07:50	153	129	148	160	590	4	100
11/07/2015 07:55	127	139	166	159	591	4	100
11/07/2015 08:00	121	133	135	121	510	4	100
11/07/2015 08:05	140	123	140	129	532	4	100
11/07/2015 08:10	133	125	136	129	523	4	100
11/07/2015 08:15	126	122	148	140	536	4	100
11/07/2015 08:20	148	138	120	122	528	4	100
11/07/2015 08:25	155	128	152	168	603	4	100
11/07/2015 08:30	143	132	163	141	579	4	100
11/07/2015 08:35	162	142	161	146	611	4	100
11/07/2015 08:40	155	137	172	157	621	4	100
11/07/2015 08:45	134	137	162	166	599	4	100
11/07/2015 08:50	124	125	172	156	577	4	100
11/07/2015 08:55	147	141	152	170	610	4	100
11/07/2015 09:00	124	119	132	138	513	4	100
11/07/2015 09:05	126	119	134	153	532	4	100
11/07/2015 09:10	111	122	143	134	510	4	100
11/07/2015 09:15	126	114	148	142	530	4	100
11/07/2015 09:20	121	141	150	143	555	4	100
11/07/2015 09:25	154	128	149	151	582	4	100
11/07/2015 09:30	145	146	174	157	622	4	100
11/07/2015 09:35	147	135	149	157	588	4	100
11/07/2015 09:40	144	133	172	155	604	4	100
11/07/2015 09:45	155	134	162	150	601	4	100
11/07/2015 09:50	142	152	144	157	595	4	100
11/07/2015 09:55	135	135	149	163	582	4	100
11/07/2015 10:00	118	118	142	149	527	4	100
11/07/2015 10:05	121	114	125	143	503	4	100
11/07/2015 10:10	134	124	137	134	529	4	100
11/07/2015 10:15	132	126	143	134	535	4	100
11/07/2015 10:20	124	124	143	149	540	4	100
11/07/2015 10:25	130	123	147	143	543	4	100
11/07/2015 10:30	130	121	129	152	532	4	100
11/07/2015 10:35	139	132	150	149	570	4	100
11/07/2015 10:40	118	115	150	150	533	4	100
11/07/2015 10:45	130	136	124	142	532	4	100
11/07/2015 10:50	118	124	144	158	544	4	100
11/07/2015 10:55	127	118	142	148	535	4	100
11/07/2015 11:00	117	119	137	135	508	4	100
11/07/2015 11:05	100	96	116	124	436	4	100
11/07/2015 11:10	146	131	155	164	596	4	100
11/07/2015 11:15	117	131	157	150	555	4	100
11/07/2015 11:20	121	144	136	140	541	4	100
11/07/2015 11:25	128	121	134	136	519	4	100
11/07/2015 11:30	139	113	140	140	532	4	100
11/07/2015 11:35	129	111	127	150	517	4	100
11/07/2015 11:40	127	134	144	142	547	4	100
11/07/2015 11:45	120	118	158	151	547	4	100
11/07/2015 11:50	111	131	149	133	524	4	100
11/07/2015 11:55	115	125	134	135	509	4	100
11/07/2015 12:00	130	122	134	147	533	4	100
11/07/2015 12:05	114	120	118	129	481	4	100
11/07/2015 12:10	106	114	124	136	480	4	100
11/07/2015 12:15	112	123	126	132	493	4	100
11/07/2015 12:20	130	130	142	142	544	4	100
11/07/2015 12:25	142	122	129	149	542	4	100
11/07/2015 12:30	115	109	137	140	501	4	100
11/07/2015 12:35	136	127	142	147	552	4	100
11/07/2015 12:40	125	124	141	140	530	4	100
11/07/2015 12:45	123	128	140	133	524	4	100
11/07/2015 12:50	128	121	149	140	538	4	100
11/07/2015 12:55	118	122	124	126	490	4	100
11/07/2015 13:00	109	120	112	130	471	4	100
11/07/2015 13:05	115	107	135	131	488	4	100
11/07/2015 13:10	113	119	130	120	482	4	100
11/07/2015 13:15	119	125	128	126	498	4	100
11/07/2015 13:20	122	107	118	130	477	4	100
11/07/2015 13:25	126	121	137	131	515	4	100
11/07/2015 13:30	108	114	142	126	490	4	100
11/07/2015 13:35	119	113	129	131	492	4	100
11/07/2015 13:40	107	107	130	142	486	4	100
11/07/2015 13:45	140	118	139	131	528	4	100
11/07/2015 13:50	109	109	128	123	469	4	100
11/07/2015 13:55	122	116	124	151	513	4	100
11/07/2015 14:00	120	113	133	127	493	4	100
11/07/2015 14:05	115	104	112	129	460	4	100
11/07/2015 14:10	130	132	141	140	543	4	100
11/07/2015 14:15	112	126	125	128	491	4	100
11/07/2015 14:20	115	117	152	138	522	4	100
11/07/2015 14:25	107	121	136	138	502	4	100
11/07/2015 14:30	142	121	141	158	562	4	100
11/07/2015 14:35	124	132	132	153	541	4	100
11/07/2015 14:40	109	119	126	106	460	4	100
11/07/2015 14:45	117	115	126	120	478	4	100
11/07/2015 14:50	103	112	123	127	465	4	100
11/07/2015 14:55	119	97	124	122	462	4	100
11/07/2015 15:00	105	117	121	138	481	4	100
11/07/2015 15:05	106	107	125	106	444	4	100
11/07/2015 15:10	137	122	137	139	535	4	100
11/07/2015 15:15	102	109	137	128	476	4	100
11/07/2015 15:20	112	123	148	104	487	4	100
11/07/2015 15:25	122	124	150	138	534	4	100
11/07/2015 15:30	122	104	110	136	472	4	100
11/07/2015 15:35	103	105	132	130	470	4	100
11/07/2015 15:40	119	123	123	120	485	4	100
11/07/2015 15:45	112	111	121	145	489	4	100
11/07/2015 15:50	112	100	123	122	457	4	100
11/07/2015 15:55	107	103	113	124	447	4	100
11/07/2015 16:00	97	101	117	112	427	4	100
11/07/2015 16:05	121	123	119	122	485	4	100
11/07/2015 16:10	96	112	121	121	450	4	100
11/07/2015 16:15	120	129	132	138	519	4	100
11/07/2015 16:20	117	109	139	130	495	4	100
11/07/2015 16:25	84	94	104	105	387	4	100
11/07/2015 16:30	118	111	121	122	472	4	100
11/07/2015 16:35	111	111	128	139	489	4	100
11/07/2015 16:40	115	111	128	110	464	4	100
11/07/2015 16:45	116	104	129	129	478	4	100
11/07/2015 16:50	97	104	117	130	448	4	100
11/07/2015 16:55	104	105	122	110	441	4	100
11/07/2015 17:00	105	93	109	128	435	4	100
11/07/2015 17:05	88	113	111	115	427	4	100
11/07/2015 17:10	123	121	115	124	483	4	100
11/07/2015 17:15	104	112	131	134	481	4	100
11/07/2015 17:20	90	94	104	134	422	4	100
11/07/2015 17:25	99	108	128	121	456	4	100
11/07/2015 17:30	99	88	109	114	410	4	100
11/07/2015 17:35	114	124	117	119	474	4	100
11/07/2015 17:40	102	96	113	112	423	4	100
11/07/2015 17:45	96	114	128	116	454	4	100
11/07/2015 17:50	112	95	125	130	462	4	100
11/07/2015 17:55	99	103	127	116	445	4	100
11/07/2015 18:00	98	100	109	128	435	4	100
11/07/2015 18:05	113	108	96	112	429	4	100
11/07/2015 18:10	104	104	124	116	448	4	100
11/07/2015 18:15	93	107	120	124	444	4	100
11/07/2015 18:20	118	113	126	123	480	4	100
11/07/2015 18:25	99	102	122	115	438	4	100
11/07/2015 18:30	91	115	113	128	447	4	100
11/07/2015 18:35	101	103	112	123	439	4	100
11/07/2015 18:40	100	103	116	108	427	4	100
11/07/2015 18:45	94	96	121	116	427	4	100
11/07/2015 18:50	91	98	109	111	409	4	100
11/07/2015 18:55	97	97	97	98	389	4	100
11/07/2015 19:00	95	82	101	94	372	4	100
11/07/2015 19:05	97	104	107	87	395	4	100
11/07/2015 19:10	95	99	102	113	409	4	100
11/07/2015 19:15	83	92	119	104	398	4	100
11/07/2015 19:20	101	98	106	107	412	4	100
11/07/2015 19:25	83	83	110	109	385	4	100
11/07/2015 19:30	87	93	106	92	378	4	100
11/07/2015 19:35	86	76	106	86	354	4	100
11/07/2015 19:40	90	81	103	90	364	4	100
11/07/2015 19:45	72	90	98	85	345	4	100
11/07/2015 19:50	73	87	100	80	340	4	100
11/07/2015 19:55	51	70	79	71	271	4	100
11/07/2015 20:00	81	76	91	80	328	4	100
11/07/2015 20:05	72	91	90	84	337	4	100
11/07/2015 20:10	68	87	114	84	353	4	100
11/07/2015 20:15	76	69	79	88	312	4	100
11/07/2015 20:20	76	80	95	91	342	4	100
11/07/2015 20:25	66	73	106	94	339	4	100
11/07/2015 20:30	70	88	93	81	332	4	100
11/07/2015 20:35	64	74	77	73	288	4	100
11/07/2015 20:40	74	79	98	77	328	4	100
11/07/2015 20:45	80	75	105	71	331	4	100
11/07/2015 20:50	70	73	89	81	313	4	100
11/07/2015 20:55	68	86	82	84	320	4	100
11/07/2015 21:00	58	74	92	81	305	4	100
11/07/2015 21:05	75	81	96	84	336	4	100
11/07/2015 21:10	67	79	91	87	324	4	100
11/07/2015 21:15	69	81	90	77	317	4	100
11/07/2015 21:20	78	80	91	81	330	4	100
11/07/2015 21:25	85	90	95	86	356	4	100
11/07/2015 21:30	68	87	90	81	326	4	100
11/07/2015 21:35	57	81	101	67	306	4	100
11/07/2015 21:40	66	84	109	82	341	4	100
11/07/2015 21:45	61	79	87	81	308	4	100
11/07/2015 21:50	74	75	88	67	304	4	100
11/07/2015 21:55	70	79	81	66	296	4	100
11/07/2015 22:00	57	81	77	62	277	4	100
11/07/2015 22:05	71	85	86	63	305	4	100
11/07/2015 22:10	47	66	90	62	265	4	100
11/07/2015 22:15	49	67	96	78	290	4	100
11/07/2015 22:20	43	66	87	65	261	4	100
11/07/2015 22:25	56	70	69	75	270	4	100
11/07/2015 22:30	51	62	90	63	266	4	100
11/07/2015 22:35	58	75	80	74	287	4	100
11/07/2015 22:40	69	66	70	53	258	4	100
11/07/2015 22:45	57	61	89	84	291	4	100
11/07/2015 22:50	41	48	59	51	199	4	100
11/07/2015 22:55	39	55	79	55	228	4	100
11/07/2015 23:00	39	58	62	57	216	4	100
11/07/2015 23:05	38	55	60	55	208	4	100
11/07/2015 23:10	42	61	62	49	214	4	100
11/07/2015 23:15	46	55	77	54	232	4	100
11/07/2015 23:20	30	42	65	45	182	4	100
11/07/2015 23:25	36	50	51	34	171	4	100
11/07/2015 23:30	48	42	57	51	198	4	100
11/07/2015 23:35	34	46	50	36	166	4	100
11/07/2015 23:40	25	45	54	39	163	4	100
11/07/2015 23:45	33	40	60	51	184	4	100
11/07/2015 23:50	30	50	45	48	173	4	100
11/07/2015 23:55	33	55	55	49	192	4	100
11/08/2015 00:00	34	32	44	31	141	4	100
11/08/2015 00:05	24	55	57	44	180	4	100
11/08/2015 00:10	30	45	46	45	166	4	100
11/08/2015 00:15	21	32	48	31	132	4	100
11/08/2015 00:20	23	40	40	34	137	4	100
11/08/2015 00:25	28	38	30	24	120	4	100
11/08/2015 00:30	20	39	44	26	129	4	100
11/08/2015 00:35	21	35	46	22	124	4	100
11/08/2015 00:40	28	31	46	23	128	4	100
11/08/2015 00:45	21	32	34	28	115	4	100
11/08/2015 00:50	20	31	44	28	123	4	100
11/08/2015 00:55	20	29	42	25	116	4	100
11/08/2015 01:00	15	32	33	24	104	4	100
11/08/2015 01:05	11	15	26	27	79	4	100
11/08/2015 01:10	15	25	27	21	88	4	100
11/08/2015 01:15	12	20	27	22	81	4	100
11/08/2015 01:20	13	24	33	25	95	4	100
11/08/2015 01:25	11	21	25	27	84	4	100
11/08/2015 01:30	16	26	27	11	80	4	100
11/08/2015 01:35	11	25	34	18	88	4	100
11/08/2015 01:40	13	24	22	12	71	4	100
11/08/2015 01:45	8	23	24	15	70	4	100
11/08/2015 01:50	12	19	30	16	77	4	100
11/08/2015 01:55	9	22	23	12	66	4	100
11/08/2015 02:00	14	18	28	12	72	4	100
11/08/2015 02:05	11	24	28	12	75	4	100
11/08/2015 02:10	7	22	31	16	76	4	100
11/08/2015 02:15	11	21	25	15	72	4	100
11/08/2015 02:20	13	16	24	10	63	4	100
11/08/2015 02:25	13	18	22	15	68	4	100
11/08/2015 02:30	15	18	25	15	73	4	100
11/08/2015 02:35	12	22	20	18	72	4	100
11/08/2015 02:40	7	17	20	14	58	4	100
11/08/2015 02:45	7	23	21	5	56	4	100
11/08/2015 02:50	5	18	22	20	65	4	100
11/08/2015 02:55	6	12	18	10	46	4	100
11/08/2015 03:00	6	14	27	15	62	4	100
11/08/2015 03:05	11	16	18	11	56	4	100
11/08/2015 03:10	8	22	19	16	65	4	100
11/08/2015 03:15	8	14	19	12	53	4	100
11/08/2015 03:20	3	17	22	8	50	4	100
11/08/2015 03:25	10	18	25	20	73	4	100
11/08/2015 03:30	11	15	22	23	71	4	100
11/08/2015 03:35	11	17	24	16	68	4	100
11/08/2015 03:40	10	19	22	13	64	4	100
11/08/2015 03:45	12	19	23	22	76	4	100
11/08/2015 03:50	9	17	22	19	67	4	100
11/08/2015 03:55	10	19	17	13	59	4	100
11/08/2015 04:00	8	18	23	15	64	4	100
11/08/2015 04:05	15	14	16	11	56	4	100
11/08/2015 04:10	10	23	19	10	62	4	100
11/08/2015 04:15	13	18	15	19	65	4	100
11/08/2015 04:20	16	21	17	12	66	4	100
11/08/2015 04:25	16	19	19	20	74	4	100
11/08/2015 04:30	19	28	22	18	87	4	100
11/08/2015 04:35	20	24	26	16	86	4	100
11/08/2015 04:40	25	28	26	15	94	4	100
11/08/2015 04:45	18	24	23	19	84	4	100
11/08/2015 04:50	16	29	29	19	93	4	100
11/08/2015 04:55	16	25	22	11	74	4	100
11/08/2015 05:00	22	27	24	14	87	4	100
11/08/2015 05:05	19	30	33	24	106	4	100
11/08/2015 05:10	25	30	31	24	110	4	100
11/08/2015 05:15	27	38	27	30	122	4	100
11/08/2015 05:20	37	47	32	26	142	4	100
11/08/2015 05:25	40	39	40	21	140	4	100
11/08/2015 05:30	38	34	41	39	152	4	100
11/08/2015 05:35	33	50	45	41	169	4	100
11/08/2015 05:40	43	44	36	45	168	4	100
11/08/2015 05:45	40	49	63	54	206	4	100
11/08/2015 05:50	29	44	38	41	152	4	100
11/08/2015 05:55	33	41	40	40	154	4	100
11/08/2015 06:00	33	38	40	37	148	4	100
11/08/2015 06:05	36	48	35	23	142	4	100
11/08/2015 06:10	40	46	38	28	152	4	100
11/08/2015 06:15	52	61	49	43	205	4	100
11/08/2015 06:20	47	58	56	51	212	4	100
11/08/2015 06:25	49	55	47	43	194	4	100
11/08/2015 06:30	61	73	74	56	264	4	100
11/08/2015 06:35	56	67	78	66	267	4	100
11/08/2015 06:40	60	75	68	68	271	4	100
11/08/2015 06:45	59	57	60	56	232	4	100
11/08/2015 06:50	61	57	67	75	260	4	100
11/08/2015 06:55	47	62	64	66	239	4	100
11/08/2015 07:00	51	65	69	59	244	4	100
11/08/2015 07:05	64	62	70	55	251	4	100
11/08/2015 07:10	56	59	63	60	238	4	100
11/08/2015 07:15	52	64	58	55	229	4	100
11/08/2015 07:20	67	78	82	71	298	4	100
11/08/2015 07:25	66	63	83	73	285	4	100
11/08/2015 07:30	59	66	80	67	272	4	100
11/08/2015 07:35	80	84	88	82	334	4	100
11/08/2015 07:40	69	90	86	89	334	4	100
11/08/2015 07:45	74	81	72	80	307	4	100
11/08/2015 07:50	64	77	104	91	336	4	100
11/08/2015 07:55	54	69	83	78	284	4	100
11/08/2015 08:00	58	69	74	61	262	4	100
11/08/2015 08:05	74	71	77	73	295	4	100
11/08/2015 08:10	101	100	87	91	379	4	100
11/08/2015 08:15	81	86	99	70	336	4	100
11/08/2015 08:20	84	87	84	87	342	4	100
11/08/2015 08:25	92	87	94	75	348	4	100
11/08/2015 08:30	89	88	101	97	375	4	100
11/08/2015 08:35	90	97	106	85	378	4	100
11/08/2015 08:40	102	110	127	120	459	4	100
11/08/2015 08:45	86	108	107	128	429	4	100
11/08/2015 08:50	100	101	120	124	445	4	100
11/08/2015 08:55	97	97	105	112	411	4	100
11/08/2015 09:00	103	99	96	100	398	4	100
11/08/2015 09:05	80	107	98	103	388	4	100
11/08/2015 09:10	95	90	112	100	397	4	100
11/08/2015 09:15	103	94	111	111	419	4	100
11/08/2015 09:20	79	107	100	111	397	4	100
11/08/2015 09:25	108	104	113	117	442	4	100
11/08/2015 09:30	103	101	121	122	447	4	100
11/08/2015 09:35	130	110	125	125	490	4	100
11/08/2015 09:40	104	114	138	120	476	4	100
11/08/2015 09:45	105	110	133	121	469	4	100
11/08/2015 09:50	107	104	139	99	449	4	100
11/08/2015 09:55	111	104	118	103	436	4	100
11/08/2015 10:00	110	92	120	111	433	4	100
11/08/2015 10:05	99	98	120	103	420	4	100
11/08/2015 10:10	111	113	119	97	440	4	100
11/08/2015 10:15	100	106	127	120	453	4	100
11/08/2015 10:20	103	110	130	117	460	4	100
11/08/2015 10:25	122	106	144	123	495	4	100
11/08/2015 10:30	101	108	146	121	476	4	100
11/08/2015 10:35	117	110	134	124	485	4	100
11/08/2015 10:40	111	103	149	131	494	4	100
11/08/2015 10:45	113	122	128	133	496	4	100
11/08/2015 10:50	109	130	132	129	500	4	100
11/08/2015 10:55	100	97	124	111	432	4	100
11/08/2015 11:00	119	122	159	139	539	4	100
11/08/2015 11:05	116	110	138	124	488	4	100
11/08/2015 11:10	98	101	123	107	429	4	100
11/08/2015 11:15	118	123	114	122	477	4	100
11/08/2015 11:20	109	113	126	129	477	4	100
11/08/2015 11:25	101	105	135	121	462	4	100
11/08/2015 11:30	121	118	141	127	507	4	100
11/08/2015 11:35	111	123	140	128	502	4	100
11/08/2015 11:40	112	115	136	134	497	4	100
11/08/2015 11:45	112	120	155	122	509	4	100
11/08/2015 11:50	111	110	133	133	487	4	100
11/08/2015 11:55	110	104	148	133	495	4	100
11/08/2015 12:00	109	113	134	138	494	4	100
11/08/2015 12:05	114	106	139	117	476	4	100
11/08/2015 12:10	95	119	126	128	468	4	100
11/08/2015 12:15	123	119	153	133	528	4	100
11/08/2015 12:20	96	103	129	136	464	4	100
11/08/2015 12:25	117	125	138	127	507	4	100
11/08/2015 12:30	121	117	130	142	510	4	100
11/08/2015 12:35	126	133	149	147	555	4	100
11/08/2015 12:40	101	121	143	136	501	4	100
11/08/2015 12:45	122	117	149	146	534	4	100
11/08/2015 12:50	110	110	142	124	486	4	100
11/08/2015 12:55	124	113	139	137	513	4	100
11/08/2015 13:00	111	103	142	126	482	4	100
11/08/2015 13:05	98	116	139	124	477	4	100
11/08/2015 13:10	111	114	114	122	461	4	100
11/08/2015 13:15	116	117	154	149	536	4	100
11/08/2015 13:20	104	121	128	115	468	4	100
11/08/2015 13:25	129	130	140	117	516	4	100
11/08/2015 13:30	96	111	133	129	469	4	100
11/08/2015 13:35	71	76	110	98	355	4	100
11/08/2015 13:40	122	118	145	130	515	4	100
11/08/2015 13:45	122	126	141	151	540	4	100
11/08/2015 13:50	106	102	123	122	453	4	100
11/08/2015 13:55	102	106	112	129	449	4	100
11/08/2015 14:00	119	122	114	128	483	4	100
11/08/2015 14:05	114	112	138	121	485	4	100
11/08/2015 14:10	127	123	125	111	486	4	100
11/08/2015 14:15	98	104	111	122	435	4	100
11/08/2015 14:20	121	123	125	116	485	4	100
11/08/2015 14:25	97	98	124	121	440	4	100
11/08/2015 14:30	123	129	149	133	534	4	100
11/08/2015 14:35	134	132	142	121	529	4	100
11/08/2015 14:40	107	105	126	134	472	4	100
11/08/2015 14:45	127	124	126	139	516	4	100
11/08/2015 14:50	105	95	117	127	444	4	100
11/08/2015 14:55	103	108	112	123	446	4	100
11/08/2015 15:00	126	117	119	116	478	4	100
11/08/2015 15:05	104	92	123	124	443	4	100
11/08/2015 15:10	95	106	107	113	421	4	100
11/08/2015 15:15	112	111	140	122	485	4	100
11/08/2015 15:20	123	121	129	125	498	4	100
11/08/2015 15:25	115	121	149	122	507	4	100
11/08/2015 15:30	114	115	139	115	483	4	100
11/08/2015 15:35	129	154	136	123	542	4	100
11/08/2015 15:40	134	129	126	139	528	4	100
11/08/2015 15:45	108	102	130	113	453	4	100
11/08/2015 15:50	113	127	120	137	497	4	100
11/08/2015 15:55	116	117	140	123	496	4	100
11/08/2015 16:00	111	112	119	116	458	4	100
11/08/2015 16:05	117	124	113	124	478	4	100
11/08/2015 16:10	92	121	121	107	441	4	100
11/08/2015 16:15	122	112	118	126	478	4	100
11/08/2015 16:20	71	91	107	92	361	4	100
11/08/2015 16:25	115	103	125	103	446	4	100
11/08/2015 16:30	145	143	161	131	580	4	100
11/08/2015 16:35	119	139	122	131	511	4	100
11/08/2015 16:40	98	107	116	129	450	4	100
11/08/2015 16:45	117	119	135	127	498	4	100
11/08/2015 16:50	127	118	131	110	486	4	100
11/08/2015 16:55	105	95	109	115	424	4	100
11/08/2015 17:00	112	111	126	129	478	4	100
11/08/2015 17:05	119	119	116	122	476	4	100
11/08/2015 17:10	122	109	120	114	465	4	100
11/08/2015 17:15	123	121	138	127	509	4	100
11/08/2015 17:20	117	105	142	134	498	4	100
11/08/2015 17:25	98	109	125	112	444	4	100
11/08/2015 17:30	113	119	129	118	479	4	100
11/08/2015 17:35	94	117	138	113	462	4	100
11/08/2015 17:40	120	117	137	131	505	4	100
11/08/2015 17:45	105	100	117	101	423	4	100
11/08/2015 17:50	120	101	114	128	463	4	100
11/08/2015 17:55	118	100	118	115	451	4	100
11/08/2015 18:00	102	107	119	95	423	4	100
11/08/2015 18:05	107	101	104	108	420	4	100
11/08/2015 18:10	92	96	105	87	380	4	100
11/08/2015 18:15	103	120	125	115	463	4	100
11/08/2015 18:20	101	97	112	98	408	4	100
11/08/2015 18:25	97	110	102	91	400	4	100
11/08/2015 18:30	108	102	115	105	430	4	100
11/08/2015 18:35	99	104	115	107	425	4	100
11/08/2015 18:40	105	109	110	113	437	4	100
11/08/2015 18:45	84	95	102	99	380	4	100
11/08/2015 18:50	86	91	116	104	397	4	100
11/08/2015 18:55	99	102	99	88	388	4	100
11/08/2015 19:00	112	99	91	77	379	4	100
11/08/2015 19:05	106	115	114	98	433	4	100
11/08/2015 19:10	103	99	115	86	403	4	100
11/08/2015 19:15	99	117	113	83	412	4	100
11/08/2015 19:20	102	97	105	78	382	4	100
11/08/2015 19:25	88	90	100	104	382	4	100
11/08/2015 19:30	93	94	91	87	365	4	100
11/08/2015 19:35	101	110	104	82	397	4	100
11/08/2015 19:40	100	108	99	92	399	4	100
11/08/2015 19:45	112	92	108	80	392	4	100
11/08/2015 19:50	99	107	96	85	387	4	100
11/08/2015 19:55	90	93	90	62	335	4	100
11/08/2015 20:00	96	99	100	91	386	4	100
11/08/2015 20:05	89	89	80	82	340	4	100
11/08/2015 20:10	100	105	97	83	385	4	100
11/08/2015 20:15	97	95	93	78	363	4	100
11/08/2015 20:20	80	79	89	75	323	4	100
11/08/2015 20:25	79	85	88	80	332	4	100
11/08/2015 20:30	87	90	96	78	351	4	100
11/08/2015 20:35	87	90	98	67	342	4	100
11/08/2015 20:40	88	83	83	62	316	4	100
11/08/2015 20:45	86	77	87	81	331	4	100
11/08/2015 20:50	79	86	67	72	304	4	100
11/08/2015 20:55	87	81	74	56	298	4	100
11/08/2015 21:00	81	80	88	79	328	4	100
11/08/2015 21:05	71	79	77	63	290	4	100
11/08/2015 21:10	67	74	76	59	276	4	100
11/08/2015 21:15	75	73	70	65	283	4	100
11/08/2015 21:20	64	69	82	66	281	4	100
11/08/2015 21:25	82	78	82	60	302	4	100
11/08/2015 21:30	92	78	80	80	330	4	100
11/08/2015 21:35	75	73	70	64	282	4	100
11/08/2015 21:40	77	77	72	66	292	4	100
11/08/2015 21:45	72	61	67	58	258	4	100
11/08/2015 21:50	62	53	52	52	219	4	100
11/08/2015 21:55	54	68	64	54	240	4	100
11/08/2015 22:00	66	70	61	47	244	4	100
11/08/2015 22:05	76	63	66	55	260	4	100
11/08/2015 22:10	48	60	49	48	205	4	100
11/08/2015 22:15	63	55	65	50	233	4	100
11/08/2015 22:20	51	47	53	43	194	4	100
11/08/2015 22:25	46	58	69	59	232	4	100
11/08/2015 22:30	47	48	49	39	183	4	100
11/08/2015 22:35	39	53	52	34	178	4	100
11/08/2015 22:40	45	42	49	36	172	4	100
11/08/2015 22:45	44	55	55	39	193	4	100
11/08/2015 22:50	47	45	50	34	176	4	100
11/08/2015 22:55	32	49	49	34	164	4	100
11/08/2015 23:00	36	39	48	27	150	4	100
11/08/2015 23:05	28	46	43	36	153	4	100
11/08/2015 23:10	29	34	51	32	146	4	100
11/08/2015 23:15	30	41	47	30	148	4	100
11/08/2015 23:20	23	34	48	32	137	4	100
11/08/2015 23:25	27	39	45	28	139	4	100
11/08/2015 23:30	26	33	41	24	124	4	100
11/08/2015 23:35	27	36	37	23	123	4	100
11/08/2015 23:40	19	28	39	36	122	4	100
11/08/2015 23:45	26	34	34	19	113	4	100
11/08/2015 23:50	19	29	38	21	107	4	100
11/08/2015 23:55	21	31	28	25	105	4	100
