5 Minutes	Lane 1 Flow (Veh/5 Minutes)	Lane 2 Flow (Veh/5 Minutes)	Lane 3 Flow (Veh/5 Minutes)	Lane 4 Flow (Veh/5 Minutes)	Flow (Veh/5 Minutes)	# Lane Points	% Observed
11/02/2015 00:00	22	30	28	17	97	4	100
11/02/2015 00:05	14	24	20	12	70	4	100
11/02/2015 00:10	14	30	20	18	82	4	100
11/02/2015 00:15	18	30	24	18	90	4	100
11/02/2015 00:20	20	25	23	11	79	4	100
11/02/2015 00:25	14	23	11	6	54	4	100
11/02/2015 00:30	12	19	22	8	61	4	100
11/02/2015 00:35	12	22	17	12	63	4	100
11/02/2015 00:40	12	25	19	11	67	4	100
11/02/2015 00:45	12	19	12	8	51	4	100
11/02/2015 00:50	11	15	24	13	63	4	100
11/02/2015 00:55	8	15	12	5	40	4	100
11/02/2015 01:00	9	14	14	12	49	4	100
11/02/2015 01:05	10	15	14	11	50	4	100
11/02/2015 01:10	4	5	9	7	25	4	100
11/02/2015 01:15	6	16	10	13	45	4	100
11/02/2015 01:20	4	13	12	8	37	4	100
11/02/2015 01:25	4	12	11	5	32	4	100
11/02/2015 01:30	7	15	14	3	39	4	100
11/02/2015 01:35	6	15	11	7	39	4	100
11/02/2015 01:40	6	9	10	5	30	4	100
11/02/2015 01:45	6	8	13	6	33	4	100
11/02/2015 01:50	8	12	12	8	40	4	100
11/02/2015 01:55	7	8	13	5	33	4	100
11/02/2015 02:00	4	14	14	8	40	4	100
11/02/2015 02:05	10	11	13	10	44	4	100
11/02/2015 02:10	2	8	11	12	33	4	100
11/02/2015 02:15	8	9	18	7	42	4	100
11/02/2015 02:20	6	20	10	4	40	4	100
11/02/2015 02:25	6	10	9	6	31	4	100
11/02/2015 02:30	8	17	15	6	46	4	100
11/02/2015 02:35	4	11	12	12	39	4	100
11/02/2015 02:40	9	14	9	6	38	4	100
11/02/2015 02:45	9	16	10	5	40	4	100
11/02/2015 02:50	11	16	12	7	46	4	100
11/02/2015 02:55	3	10	14	6	33	4	100
11/02/2015 03:00	12	15	14	9	50	4	100
11/02/2015 03:05	7	14	14	8	43	4	100
11/02/2015 03:10	10	17	19	6	52	4	100
11/02/2015 03:15	13	21	19	9	62	4	100
11/02/2015 03:20	11	27	14	9	61	4	100
11/02/2015 03:25	13	26	14	11	64	4	100
11/02/2015 03:30	19	23	19	8	69	4	100
11/02/2015 03:35	20	29	20	10	79	4	100
11/02/2015 03:40	24	29	23	15	91	4	100
11/02/2015 03:45	22	26	26	11	85	4	100
11/02/2015 03:50	26	32	25	9	92	4	100
11/02/2015 03:55	22	27	19	13	81	4	100
11/02/2015 04:00	33	33	27	11	104	4	100
11/02/2015 04:05	42	36	22	14	114	4	100
11/02/2015 04:10	43	46	39	15	143	4	100
11/02/2015 04:15	42	46	34	17	139	4	100
11/02/2015 04:20	44	51	35	21	151	4	100
11/02/2015 04:25	78	67	50	21	216	4	100
11/02/2015 04:30	53	68	51	19	191	4	100
11/02/2015 04:35	87	80	67	28	262	4	100
11/02/2015 04:40	85	81	55	32	253	4	100
11/02/2015 04:45	85	86	64	27	262	4	100
11/02/2015 04:50	103	86	72	38	299	4	100
11/02/2015 04:55	99	88	70	35	292	4	100
11/02/2015 05:00	95	95	69	39	298	4	100
11/02/2015 05:05	145	122	83	44	394	4	100
11/02/2015 05:10	163	134	100	56	453	4	100
11/02/2015 05:15	183	151	105	57	496	4	100
11/02/2015 05:20	190	158	109	72	529	4	100
11/02/2015 05:25	195	176	137	83	591	4	100
11/02/2015 05:30	186	164	134	93	577	4	100
11/02/2015 05:35	173	156	132	78	539	4	100
11/02/2015 05:40	172	162	146	106	586	4	100
11/02/2015 05:45	145	137	128	95	505	4	100
11/02/2015 05:50	129	122	117	110	478	4	100
11/02/2015 05:55	140	134	113	101	488	4	100
11/02/2015 06:00	118	113	105	98	434	4	100
11/02/2015 06:05	123	118	102	98	441	4	100
11/02/2015 06:10	110	111	98	102	421	4	100
11/02/2015 06:15	105	108	103	102	418	4	100
11/02/2015 06:20	101	104	99	102	406	4	100
11/02/2015 06:25	106	107	100	100	413	4	100
11/02/2015 06:30	93	93	85	88	359	4	100
11/02/2015 06:35	90	88	80	81	339	4	100
11/02/2015 06:40	83	83	76	86	328	4	100
11/02/2015 06:45	107	105	93	91	396	4	100
11/02/2015 06:50	92	98	69	76	335	4	100
11/02/2015 06:55	92	77	76	77	322	4	100
11/02/2015 07:00	114	109	90	61	374	4	100
11/02/2015 07:05	107	106	67	49	329	4	100
11/02/2015 07:10	105	89	68	57	319	4	100
11/02/2015 07:15	114	99	66	54	333	4	100
11/02/2015 07:20	101	96	72	53	322	4	100
11/02/2015 07:25	101	89	68	60	318	4	100
11/02/2015 07:30	110	109	69	48	336	4	100
11/02/2015 07:35	98	101	74	32	305	4	100
11/02/2015 07:40	117	98	76	35	326	4	100
11/02/2015 07:45	122	88	79	36	325	4	100
11/02/2015 07:50	108	95	77	45	325	4	100
11/02/2015 07:55	109	109	85	41	344	4	100
11/02/2015 08:00	102	105	75	28	310	4	100
11/02/2015 08:05	106	107	85	46	344	4	100
11/02/2015 08:10	115	107	76	43	341	4	100
11/02/2015 08:15	109	110	84	34	337	4	100
11/02/2015 08:20	107	109	81	41	338	4	100
11/02/2015 08:25	115	111	88	40	354	4	100
11/02/2015 08:30	116	112	87	47	362	4	100
11/02/2015 08:35	111	106	82	41	340	4	100
11/02/2015 08:40	110	87	87	45	329	4	100
11/02/2015 08:45	110	108	82	37	337	4	100
11/02/2015 08:50	101	114	90	44	349	4	100
11/02/2015 08:55	110	108	81	43	342	4	100
11/02/2015 09:00	96	89	80	36	301	4	100
11/02/2015 09:05	95	107	86	40	328	4	100
11/02/2015 09:10	81	88	80	53	302	4	100
11/02/2015 09:15	79	90	80	49	298	4	100
11/02/2015 09:20	95	103	83	55	336	4	100
11/02/2015 09:25	99	113	88	71	371	4	100
11/02/2015 09:30	85	111	87	65	348	4	100
11/02/2015 09:35	93	100	93	79	365	4	100
11/02/2015 09:40	103	122	116	73	414	4	100
11/02/2015 09:45	126	124	110	80	440	4	100
11/02/2015 09:50	119	121	109	73	422	4	100
11/02/2015 09:55	107	106	103	68	384	4	100
11/02/2015 10:00	97	125	97	60	379	4	100
11/02/2015 10:05	57	52	51	36	196	4	100
11/02/2015 10:10	121	113	88	78	400	4	100
11/02/2015 10:15	146	125	101	68	440	4	100
11/02/2015 10:20	121	122	101	67	411	4	100
11/02/2015 10:25	83	99	102	64	348	4	100
11/02/2015 10:30	126	122	116	72	436	4	100
11/02/2015 10:35	106	124	103	71	404	4	100
11/02/2015 10:40	129	126	107	75	437	4	100
11/02/2015 10:45	98	86	87	68	339	4	100
11/02/2015 10:50	73	90	92	50	305	4	100
11/02/2015 10:55	107	111	91	58	367	4	100
11/02/2015 11:00	121	112	101	63	397	4	100
11/02/2015 11:05	116	115	106	60	397	4	100
11/02/2015 11:10	130	114	103	65	412	4	100
11/02/2015 11:15	116	111	102	83	412	4	100
11/02/2015 11:20	104	112	107	72	395	4	100
11/02/2015 11:25	110	124	94	80	408	4	100
11/02/2015 11:30	106	109	89	71	375	4	100
11/02/2015 11:35	124	132	95	76	427	4	100
11/02/2015 11:40	107	117	98	69	391	4	100
11/02/2015 11:45	97	115	95	61	368	4	100
11/02/2015 11:50	95	111	82	65	353	4	100
11/02/2015 11:55	100	111	113	66	390	4	100
11/02/2015 12:00	98	121	98	51	368	4	100
11/02/2015 12:05	118	126	106	51	401	4	100
11/02/2015 12:10	102	121	97	69	389	4	100
11/02/2015 12:15	106	119	104	75	404	4	100
11/02/2015 12:20	129	124	107	77	437	4	100
11/02/2015 12:25	114	131	104	85	434	4	100
11/02/2015 12:30	118	118	91	67	394	4	100
11/02/2015 12:35	135	122	104	77	438	4	100
11/02/2015 12:40	122	129	111	82	444	4	100
11/02/2015 12:45	128	137	106	83	454	4	100
11/02/2015 12:50	111	118	110	79	418	4	100
11/02/2015 12:55	93	101	90	72	356	4	100
11/02/2015 13:00	90	101	101	63	355	4	100
11/02/2015 13:05	89	110	93	73	365	4	100
11/02/2015 13:10	120	117	105	77	419	4	100
11/02/2015 13:15	93	114	91	72	370	4	100
11/02/2015 13:20	114	118	93	75	400	4	100
11/02/2015 13:25	118	126	95	71	410	4	100
11/02/2015 13:30	103	113	84	73	373	4	100
11/02/2015 13:35	90	104	86	53	333	4	100
11/02/2015 13:40	111	109	95	69	384	4	100
11/02/2015 13:45	88	109	96	60	353	4	100
11/02/2015 13:50	103	109	104	71	387	4	100
11/02/2015 13:55	99	99	95	74	367	4	100
11/02/2015 14:00	105	107	85	51	348	4	100
11/02/2015 14:05	128	115	102	68	413	4	100
11/02/2015 14:10	126	113	101	79	419	4	100
11/02/2015 14:15	119	105	107	79	410	4	100
11/02/2015 14:20	112	111	104	68	395	4	100
11/02/2015 14:25	112	117	111	78	418	4	100
11/02/2015 14:30	99	112	106	74	391	4	100
11/02/2015 14:35	96	113	103	72	384	4	100
11/02/2015 14:40	116	101	107	75	399	4	100
11/02/2015 14:45	96	113	106	84	399	4	100
11/02/2015 14:50	85	114	94	61	354	4	100
11/02/2015 14:55	132	128	110	84	454	4	100
11/02/2015 15:00	118	112	114	86	430	4	100
11/02/2015 15:05	113	110	106	74	403	4	100
11/02/2015 15:10	105	101	92	63	361	4	100
11/02/2015 15:15	113	99	105	53	370	4	100
11/02/2015 15:20	117	101	98	63	379	4	100
11/02/2015 15:25	133	120	110	79	442	4	100
11/02/2015 15:30	128	115	111	47	401	4	100
11/02/2015 15:35	124	114	103	63	404	4	100
11/02/2015 15:40	138	114	104	73	429	4	100
11/02/2015 15:45	126	130	102	67	425	4	100
11/02/2015 15:50	130	126	114	68	438	4	100
11/02/2015 15:55	111	107	90	65	373	4	100
11/02/2015 16:00	107	99	87	63	356	4	100
11/02/2015 16:05	137	111	99	60	407	4	100
11/02/2015 16:10	122	104	96	58	380	4	100
11/02/2015 16:15	109	101	95	60	365	4	100
11/02/2015 16:20	135	112	96	52	395	4	100
11/02/2015 16:25	127	114	103	59	403	4	100
11/02/2015 16:30	92	92	79	61	324	4	100
11/02/2015 16:35	113	102	87	61	363	4	100
11/02/2015 16:40	107	90	75	49	321	4	100
11/02/2015 16:45	104	93	89	60	346	4	100
11/02/2015 16:50	114	103	83	66	366	4	100
11/02/2015 16:55	104	100	107	69	380	4	100
11/02/2015 17:00	105	111	96	65	377	4	100
11/02/2015 17:05	107	108	102	61	378	4	100
11/02/2015 17:10	115	106	98	73	392	4	100
11/02/2015 17:15	103	104	88	65	360	4	100
11/02/2015 17:20	111	117	108	66	402	4	100
11/02/2015 17:25	107	99	102	66	374	4	100
11/02/2015 17:30	116	117	95	67	395	4	100
11/02/2015 17:35	120	109	95	88	412	4	100
11/02/2015 17:40	109	98	90	58	355	4	100
11/02/2015 17:45	104	91	101	55	351	4	100
11/02/2015 17:50	114	107	93	54	368	4	100
11/02/2015 17:55	125	104	101	67	397	4	100
11/02/2015 18:00	128	110	105	57	400	4	100
11/02/2015 18:05	117	112	107	63	399	4	100
11/02/2015 18:10	120	119	94	83	416	4	100
11/02/2015 18:15	124	121	97	57	399	4	100
11/02/2015 18:20	111	99	95	49	354	4	100
11/02/2015 18:25	127	116	110	57	410	4	100
11/02/2015 18:30	115	107	113	60	395	4	100
11/02/2015 18:35	123	123	91	55	392	4	100
11/02/2015 18:40	107	112	94	59	372	4	100
11/02/2015 18:45	111	114	117	66	408	4	100
11/02/2015 18:50	109	99	95	69	372	4	100
11/02/2015 18:55	87	85	84	55	311	4	100
11/02/2015 19:00	101	107	95	60	363	4	100
11/02/2015 19:05	77	86	97	61	321	4	100
11/02/2015 19:10	68	78	94	60	300	4	100
11/02/2015 19:15	79	87	86	65	317	4	100
11/02/2015 19:20	74	86	83	49	292	4	100
11/02/2015 19:25	59	81	68	51	259	4	100
11/02/2015 19:30	73	87	78	57	295	4	100
11/02/2015 19:35	59	65	75	53	252	4	100
11/02/2015 19:40	52	74	73	53	252	4	100
11/02/2015 19:45	57	71	76	47	251	4	100
11/02/2015 19:50	56	74	59	42	231	4	100
11/02/2015 19:55	41	76	66	46	229	4	100
11/02/2015 20:00	56	72	64	46	238	4	100
11/02/2015 20:05	47	54	60	39	200	4	100
11/02/2015 20:10	49	66	53	34	202	4	100
11/02/2015 20:15	43	67	70	48	228	4	100
11/02/2015 20:20	51	64	75	37	227	4	100
11/02/2015 20:25	55	74	64	39	232	4	100
11/02/2015 20:30	52	68	55	40	215	4	100
11/02/2015 20:35	52	63	69	41	225	4	100
11/02/2015 20:40	44	62	59	37	202	4	100
11/02/2015 20:45	39	66	59	32	196	4	100
11/02/2015 20:50	56	56	65	38	215	4	100
11/02/2015 20:55	42	67	73	37	219	4	100
11/02/2015 21:00	44	51	56	38	189	4	100
11/02/2015 21:05	28	48	56	42	174	4	100
11/02/2015 21:10	45	63	58	51	217	4	100
11/02/2015 21:15	31	61	55	37	184	4	100
11/02/2015 21:20	39	57	53	39	188	4	100
11/02/2015 21:25	35	57	55	34	181	4	100
11/02/2015 21:30	52	60	55	41	208	4	100
11/02/2015 21:35	41	60	53	37	191	4	100
11/02/2015 21:40	53	65	63	39	220	4	100
11/02/2015 21:45	57	65	59	47	228	4	100
11/02/2015 21:50	48	50	54	36	188	4	100
11/02/2015 21:55	41	50	62	38	191	4	100
11/02/2015 22:00	38	53	56	46	193	4	100
11/02/2015 22:05	34	54	49	32	169	4	100
11/02/2015 22:10	36	51	58	33	178	4	100
11/02/2015 22:15	33	56	49	43	181	4	100
11/02/2015 22:20	27	55	45	35	162	4	100
11/02/2015 22:25	31	44	40	26	141	4	100
11/02/2015 22:30	18	34	45	34	131	4	100
11/02/2015 22:35	20	48	30	28	126	4	100
11/02/2015 22:40	24	38	37	19	118	4	100
11/02/2015 22:45	24	45	38	24	131	4	100
11/02/2015 22:50	19	35	31	22	107	4	100
11/02/2015 22:55	17	32	27	21	97	4	100
11/02/2015 23:00	20	26	31	17	94	4	100
11/02/2015 23:05	26	29	31	17	103	4	100
11/02/2015 23:10	12	33	39	21	105	4	100
11/02/2015 23:15	21	27	31	21	100	4	100
11/02/2015 23:20	11	24	26	15	76	4	100
11/02/2015 23:25	15	20	26	17	78	4	100
11/02/2015 23:30	13	22	25	14	74	4	100
11/02/2015 23:35	12	26	16	15	69	4	100
11/02/2015 23:40	12	30	25	19	86	4	100
11/02/2015 23:45	11	23	21	15	70	4	100
11/02/2015 23:50	9	21	19	15	64	4	100
11/02/2015 23:55	11	15	28	15	69	4	100
11/03/2015 00:00	10	15	20	7	52	4	100
11/03/2015 00:05	6	17	20	11	54	4	100
11/03/2015 00:10	15	11	23	17	66	4	100
11/03/2015 00:15	10	15	22	16	63	4	100
11/03/2015 00:20	7	12	20	7	46	4	100
11/03/2015 00:25	7	14	13	10	44	4	100
11/03/2015 00:30	7	11	19	9	46	4	100
11/03/2015 00:35	3	7	17	5	32	4	100
11/03/2015 00:40	5	15	11	12	43	4	100
11/03/2015 00:45	6	10	17	9	42	4	100
11/03/2015 00:50	7	12	11	5	35	4	100
11/03/2015 00:55	5	11	14	8	38	4	100
11/03/2015 01:00	4	9	13	8	34	4	100
11/03/2015 01:05	1	8	13	11	33	4	100
11/03/2015 01:10	3	8	8	5	24	4	100
11/03/2015 01:15	5	10	13	10	38	4	100
11/03/2015 01:20	3	6	10	6	25	4	100
11/03/2015 01:25	5	13	11	4	33	4	100
11/03/2015 01:30	8	7	7	9	31	4	100
11/03/2015 01:35	3	5	9	6	23	4	100
11/03/2015 01:40	6	6	15	8	35	4	100
11/03/2015 01:45	6	12	12	13	43	4	100
11/03/2015 01:50	3	10	13	7	33	4	100
11/03/2015 01:55	7	11	13	9	40	4	100
11/03/2015 02:00	1	13	13	13	40	4	100
11/03/2015 02:05	9	11	6	6	32	4	100
11/03/2015 02:10	4	7	9	6	26	4	100
11/03/2015 02:15	5	10	10	5	30	4	100
11/03/2015 02:20	2	6	10	7	25	4	100
11/03/2015 02:25	5	10	12	5	32	4	100
11/03/2015 02:30	4	5	12	8	29	4	100
11/03/2015 02:35	6	19	15	4	44	4	100
11/03/2015 02:40	6	9	18	6	39	4	100
11/03/2015 02:45	5	12	15	7	39	4	100
11/03/2015 02:50	3	16	11	8	38	4	100
11/03/2015 02:55	9	12	16	12	49	4	100
11/03/2015 03:00	8	9	13	9	39	4	100
11/03/2015 03:05	5	7	17	8	37	4	100
11/03/2015 03:10	8	16	18	12	54	4	100
11/03/2015 03:15	12	19	12	4	47	4	100
11/03/2015 03:20	10	13	16	5	44	4	100
11/03/2015 03:25	16	23	22	9	70	4	100
11/03/2015 03:30	18	22	17	6	63	4	100
11/03/2015 03:35	19	24	24	12	79	4	100
11/03/2015 03:40	23	26	22	12	83	4	100
11/03/2015 03:45	20	35	23	14	92	4	100
11/03/2015 03:50	19	30	27	10	86	4	100
11/03/2015 03:55	15	30	22	17	84	4	100
11/03/2015 04:00	16	26	26	7	75	4	100
11/03/2015 04:05	34	36	27	11	108	4	100
11/03/2015 04:10	44	46	33	18	141	4	100
11/03/2015 04:15	45	48	23	14	130	4	100
11/03/2015 04:20	61	47	41	21	170	4	100
11/03/2015 04:25	53	51	44	15	163	4	100
11/03/2015 04:30	72	74	54	25	225	4	100
11/03/2015 04:35	68	72	53	28	221	4	100
11/03/2015 04:40	88	82	46	23	239	4	100
11/03/2015 04:45	82	77	53	32	244	4	100
11/03/2015 04:50	83	87	70	38	278	4	100
11/03/2015 04:55	88	87	61	38	274	4	100
11/03/2015 05:00	118	100	74	36	328	4	100
11/03/2015 05:05	124	125	86	40	375	4	100
11/03/2015 05:10	150	130	92	47	419	4	100
11/03/2015 05:15	183	133	96	68	480	4	100
11/03/2015 05:20	172	148	127	77	524	4	100
11/03/2015 05:25	90	90	78	78	336	4	100
11/03/2015 05:30	155	153	131	97	536	4	100
11/03/2015 05:35	180	167	145	110	602	4	100
11/03/2015 05:40	179	160	128	88	555	4	100
11/03/2015 05:45	169	165	142	116	592	4	100
11/03/2015 05:50	156	153	119	104	532	4	100
11/03/2015 05:55	134	130	101	116	481	4	100
11/03/2015 06:00	119	112	98	99	428	4	100
11/03/2015 06:05	125	118	118	113	474	4	100
11/03/2015 06:10	120	126	101	108	455	4	100
11/03/2015 06:15	101	103	88	92	384	4	100
11/03/2015 06:20	106	112	95	93	406	4	100
11/03/2015 06:25	104	113	91	107	415	4	100
11/03/2015 06:30	81	79	61	70	291	4	100
11/03/2015 06:35	81	86	80	75	322	4	100
11/03/2015 06:40	86	82	61	62	291	4	100
11/03/2015 06:45	96	95	73	81	345	4	100
11/03/2015 06:50	97	92	69	90	348	4	100
11/03/2015 06:55	98	86	74	84	342	4	100
11/03/2015 07:00	80	73	52	71	276	4	100
11/03/2015 07:05	86	85	64	76	311	4	100
11/03/2015 07:10	121	102	83	80	386	4	100
11/03/2015 07:15	92	85	77	65	319	4	100
11/03/2015 07:20	71	66	48	51	236	4	100
11/03/2015 07:25	96	70	48	62	276	4	100
11/03/2015 07:30	92	86	66	71	315	4	100
11/03/2015 07:35	92	82	60	73	307	4	100
11/03/2015 07:40	83	67	54	56	260	4	100
11/03/2015 07:45	70	62	49	52	233	4	100
11/03/2015 07:50	93	75	61	64	293	4	100
11/03/2015 07:55	94	77	59	74	304	4	100
11/03/2015 08:00	96	83	62	64	305	4	100
11/03/2015 08:05	97	75	61	64	297	4	100
11/03/2015 08:10	90	76	57	55	278	4	100
11/03/2015 08:15	113	93	69	79	354	4	100
11/03/2015 08:20	110	97	67	72	346	4	100
11/03/2015 08:25	105	87	63	69	324	4	100
11/03/2015 08:30	101	75	59	68	303	4	100
11/03/2015 08:35	78	65	56	65	264	4	100
11/03/2015 08:40	109	89	77	80	355	4	100
11/03/2015 08:45	87	86	62	59	294	4	100
11/03/2015 08:50	101	86	67	54	308	4	100
11/03/2015 08:55	98	89	74	38	299	4	100
11/03/2015 09:00	93	87	81	46	307	4	100
11/03/2015 09:05	80	93	81	54	308	4	100
11/03/2015 09:10	71	100	72	48	291	4	100
11/03/2015 09:15	83	95	72	45	295	4	100
11/03/2015 09:20	82	92	93	52	319	4	100
11/03/2015 09:25	95	110	90	61	356	4	100
11/03/2015 09:30	90	106	108	55	359	4	100
11/03/2015 09:35	88	102	105	74	369	4	100
11/03/2015 09:40	103	96	89	70	358	4	100
11/03/2015 09:45	113	104	94	76	387	4	100
11/03/2015 09:50	111	108	106	72	397	4	100
11/03/2015 09:55	79	105	101	61	346	4	100
11/03/2015 10:00	100	118	104	71	393	4	100
11/03/2015 10:05	106	116	106	80	408	4	100
11/03/2015 10:10	100	108	99	74	381	4	100
11/03/2015 10:15	106	115	86	66	373	4	100
11/03/2015 10:20	108	117	100	58	383	4	100
11/03/2015 10:25	110	106	94	70	380	4	100
11/03/2015 10:30	92	104	92	66	354	4	100
11/03/2015 10:35	122	139	105	71	437	4	100
11/03/2015 10:40	114	104	101	74	393	4	100
11/03/2015 10:45	124	118	98	67	407	4	100
11/03/2015 10:50	109	116	106	69	400	4	100
11/03/2015 10:55	118	122	92	60	392	4	100
11/03/2015 11:00	107	117	104	68	396	4	100
11/03/2015 11:05	108	121	99	77	405	4	100
11/03/2015 11:10	113	119	114	74	420	4	100
11/03/2015 11:15	117	117	96	66	396	4	100
11/03/2015 11:20	123	126	121	78	448	4	100
11/03/2015 11:25	117	119	89	57	382	4	100
11/03/2015 11:30	123	111	102	68	404	4	100
11/03/2015 11:35	116	127	123	76	442	4	100
11/03/2015 11:40	89	99	92	69	349	4	100
11/03/2015 11:45	126	121	104	77	428	4	100
11/03/2015 11:50	106	118	103	63	390	4	100
11/03/2015 11:55	123	116	92	73	404	4	100
11/03/2015 12:00	107	125	97	75	404	4	100
11/03/2015 12:05	97	97	98	75	367	4	100
11/03/2015 12:10	99	111	99	69	378	4	100
11/03/2015 12:15	119	117	100	71	407	4	100
11/03/2015 12:20	122	109	97	84	412	4	100
11/03/2015 12:25	122	121	120	90	453	4	100
11/03/2015 12:30	111	108	105	76	400	4	100
11/03/2015 12:35	122	124	111	80	437	4	100
11/03/2015 12:40	117	124	108	75	424	4	100
11/03/2015 12:45	123	118	104	70	415	4	100
11/03/2015 12:50	122	123	111	90	446	4	100
11/03/2015 12:55	119	118	122	64	423	4	100
11/03/2015 13:00	128	122	104	70	424	4	100
11/03/2015 13:05	108	117	101	67	393	4	100
11/03/2015 13:10	82	98	115	69	364	4	100
11/03/2015 13:15	114	102	107	63	386	4	100
11/03/2015 13:20	131	112	114	72	429	4	100
11/03/2015 13:25	119	133	105	80	437	4	100
11/03/2015 13:30	120	119	94	89	422	4	100
11/03/2015 13:35	109	106	112	83	410	4	100
11/03/2015 13:40	126	117	118	80	441	4	100
11/03/2015 13:45	110	110	110	75	405	4	100
11/03/2015 13:50	109	116	109	78	412	4	100
11/03/2015 13:55	117	101	117	74	409	4	100
11/03/2015 14:00	100	113	100	69	382	4	100
11/03/2015 14:05	120	120	114	78	432	4	100
11/03/2015 14:10	110	113	108	73	404	4	100
11/03/2015 14:15	130	116	108	77	431	4	100
11/03/2015 14:20	103	119	108	77	407	4	100
11/03/2015 14:25	113	120	109	67	409	4	100
11/03/2015 14:30	118	120	98	82	418	4	100
11/03/2015 14:35	123	124	110	78	435	4	100
11/03/2015 14:40	120	112	106	74	412	4	100
11/03/2015 14:45	106	133	111	84	434	4	100
11/03/2015 14:50	115	114	96	80	405	4	100
11/03/2015 14:55	103	115	97	60	375	4	100
11/03/2015 15:00	94	100	106	60	360	4	100
11/03/2015 15:05	109	97	95	68	369	4	100
11/03/2015 15:10	109	107	103	67	386	4	100
11/03/2015 15:15	131	114	100	74	419	4	100
11/03/2015 15:20	107	118	110	67	402	4	100
11/03/2015 15:25	112	127	112	85	436	4	100
11/03/2015 15:30	126	112	101	67	406	4	100
11/03/2015 15:35	142	123	104	64	433	4	100
11/03/2015 15:40	135	118	107	76	436	4	100
11/03/2015 15:45	128	116	108	79	431	4	100
11/03/2015 15:50	131	127	118	62	438	4	100
11/03/2015 15:55	116	121	109	76	422	4	100
11/03/2015 16:00	126	125	102	70	423	4	100
11/03/2015 16:05	101	118	103	74	396	4	100
11/03/2015 16:10	108	110	103	75	396	4	100
11/03/2015 16:15	133	130	114	82	459	4	100
11/03/2015 16:20	141	125	112	71	449	4	100
11/03/2015 16:25	120	109	109	69	407	4	100
11/03/2015 16:30	127	126	103	75	431	4	100
11/03/2015 16:35	124	127	100	66	417	4	100
11/03/2015 16:40	138	124	101	77	440	4	100
11/03/2015 16:45	125	125	104	71	425	4	100
11/03/2015 16:50	126	112	106	75	419	4	100
11/03/2015 16:55	132	123	111	74	440	4	100
11/03/2015 17:00	130	116	100	66	412	4	100
11/03/2015 17:05	146	128	109	76	459	4	100
11/03/2015 17:10	142	129	110	79	460	4	100
11/03/2015 17:15	158	123	126	72	479	4	100
11/03/2015 17:20	140	139	125	75	479	4	100
11/03/2015 17:25	135	140	111	101	487	4	100
11/03/2015 17:30	129	130	122	75	456	4	100
11/03/2015 17:35	120	120	115	74	429	4	100
11/03/2015 17:40	152	128	127	79	486	4	100
11/03/2015 17:45	120	122	113	82	437	4	100
11/03/2015 17:50	138	130	112	78	458	4	100
11/03/2015 17:55	118	125	115	70	428	4	100
11/03/2015 18:00	116	117	98	91	422	4	100
11/03/2015 18:05	139	115	120	79	453	4	100
11/03/2015 18:10	126	117	107	65	415	4	100
11/03/2015 18:15	143	131	107	71	452	4	100
11/03/2015 18:20	139	135	109	84	467	4	100
11/03/2015 18:25	139	130	114	79	462	4	100
11/03/2015 18:30	113	102	99	72	386	4	100
11/03/2015 18:35	117	116	111	72	416	4	100
11/03/2015 18:40	123	112	105	76	416	4	100
11/03/2015 18:45	117	121	116	90	444	4	100
11/03/2015 18:50	105	115	115	72	407	4	100
11/03/2015 18:55	89	91	86	59	325	4	100
11/03/2015 19:00	89	100	88	65	342	4	100
11/03/2015 19:05	85	102	96	62	345	4	100
11/03/2015 19:10	82	99	101	55	337	4	100
11/03/2015 19:15	76	90	84	66	316	4	100
11/03/2015 19:20	95	96	91	61	343	4	100
11/03/2015 19:25	86	92	76	77	331	4	100
11/03/2015 19:30	61	93	73	50	277	4	100
11/03/2015 19:35	70	81	79	46	276	4	100
11/03/2015 19:40	62	76	80	51	269	4	100
11/03/2015 19:45	70	94	84	52	300	4	100
11/03/2015 19:50	58	67	64	43	232	4	100
11/03/2015 19:55	47	76	71	59	253	4	100
11/03/2015 20:00	58	73	74	57	262	4	100
11/03/2015 20:05	55	67	56	49	227	4	100
11/03/2015 20:10	57	65	69	33	224	4	100
11/03/2015 20:15	71	76	72	50	269	4	100
11/03/2015 20:20	43	56	49	45	193	4	100
11/03/2015 20:25	40	60	71	34	205	4	100
11/03/2015 20:30	58	67	72	44	241	4	100
11/03/2015 20:35	63	67	75	51	256	4	100
11/03/2015 20:40	49	61	64	47	221	4	100
11/03/2015 20:45	63	72	75	49	259	4	100
11/03/2015 20:50	54	70	80	47	251	4	100
11/03/2015 20:55	42	63	51	37	193	4	100
11/03/2015 21:00	51	84	67	54	256	4	100
11/03/2015 21:05	48	50	55	55	208	4	100
11/03/2015 21:10	39	53	56	41	189	4	100
11/03/2015 21:15	44	61	63	42	210	4	100
11/03/2015 21:20	57	75	70	57	259	4	100
11/03/2015 21:25	52	75	67	37	231	4	100
11/03/2015 21:30	55	55	52	40	202	4	100
11/03/2015 21:35	37	65	55	51	208	4	100
11/03/2015 21:40	53	54	72	47	226	4	100
11/03/2015 21:45	43	55	58	44	200	4	100
11/03/2015 21:50	35	52	51	42	180	4	100
11/03/2015 21:55	52	65	56	48	221	4	100
11/03/2015 22:00	43	53	66	30	192	4	100
11/03/2015 22:05	41	52	55	46	194	4	100
11/03/2015 22:10	51	74	59	49	233	4	100
11/03/2015 22:15	40	50	55	34	179	4	100
11/03/2015 22:20	32	63	51	42	188	4	100
11/03/2015 22:25	39	42	40	36	157	4	100
11/03/2015 22:30	20	41	38	23	122	4	100
11/03/2015 22:35	18	45	43	35	141	4	100
11/03/2015 22:40	27	36	39	24	126	4	100
11/03/2015 22:45	28	38	41	19	126	4	100
11/03/2015 22:50	24	35	34	26	119	4	100
11/03/2015 22:55	22	33	23	21	99	4	100
11/03/2015 23:00	18	30	35	8	91	4	100
11/03/2015 23:05	19	33	30	16	98	4	100
11/03/2015 23:10	21	34	29	18	102	4	100
11/03/2015 23:15	21	32	35	15	103	4	100
11/03/2015 23:20	12	27	36	15	90	4	100
11/03/2015 23:25	17	29	25	21	92	4	100
11/03/2015 23:30	16	30	28	19	93	4	100
11/03/2015 23:35	18	23	29	17	87	4	100
11/03/2015 23:40	10	20	18	16	64	4	100
11/03/2015 23:45	19	25	25	19	88	4	100
11/03/2015 23:50	6	19	23	17	65	4	100
11/03/2015 23:55	16	24	24	13	77	4	100
11/04/2015 00:00	15	22	15	16	68	4	100
11/04/2015 00:05	6	18	18	18	60	4	100
11/04/2015 00:10	12	29	23	13	77	4	100
11/04/2015 00:15	9	14	25	12	60	4	100
11/04/2015 00:20	7	16	15	9	47	4	100
11/04/2015 00:25	5	15	18	12	50	4	100
11/04/2015 00:30	7	13	22	12	54	4	100
11/04/2015 00:35	9	15	15	6	45	4	100
11/04/2015 00:40	9	14	12	11	46	4	100
11/04/2015 00:45	3	7	12	9	31	4	100
11/04/2015 00:50	3	12	16	17	48	4	100
11/04/2015 00:55	4	10	14	7	35	4	100
11/04/2015 01:00	5	9	15	9	38	4	100
11/04/2015 01:05	4	7	6	3	20	4	100
11/04/2015 01:10	2	9	15	7	33	4	100
11/04/2015 01:15	5	16	13	9	43	4	100
11/04/2015 01:20	5	12	10	12	39	4	100
11/04/2015 01:25	12	12	12	12	48	4	100
11/04/2015 01:30	2	8	13	4	27	4	100
11/04/2015 01:35	7	13	11	11	42	4	100
11/04/2015 01:40	2	8	7	8	25	4	100
11/04/2015 01:45	7	10	12	12	41	4	100
11/04/2015 01:50	4	4	11	6	25	4	100
11/04/2015 01:55	7	9	18	10	44	4	100
11/04/2015 02:00	3	11	14	7	35	4	100
11/04/2015 02:05	3	14	11	7	35	4	100
11/04/2015 02:10	3	9	10	4	26	4	100
11/04/2015 02:15	6	11	12	9	38	4	100
11/04/2015 02:20	5	9	6	10	30	4	100
11/04/2015 02:25	3	12	16	6	37	4	100
11/04/2015 02:30	4	10	14	11	39	4	100
11/04/2015 02:35	5	9	11	7	32	4	100
11/04/2015 02:40	5	11	10	9	35	4	100
11/04/2015 02:45	7	11	13	10	41	4	100
11/04/2015 02:50	9	9	11	7	36	4	100
11/04/2015 02:55	5	16	17	6	44	4	100
11/04/2015 03:00	12	12	15	5	44	4	100
11/04/2015 03:05	11	14	8	3	36	4	100
11/04/2015 03:10	7	19	12	7	45	4	100
11/04/2015 03:15	15	16	17	11	59	4	100
11/04/2015 03:20	8	12	15	4	39	4	100
11/04/2015 03:25	11	14	17	5	47	4	100
11/04/2015 03:30	14	30	19	11	74	4	100
11/04/2015 03:35	19	32	29	9	89	4	100
11/04/2015 03:40	27	36	21	16	100	4	100
11/04/2015 03:45	21	30	23	16	90	4	100
11/04/2015 03:50	22	24	27	16	89	4	100
11/04/2015 03:55	18	30	21	10	79	4	100
11/04/2015 04:00	28	32	30	16	106	4	100
11/04/2015 04:05	35	37	27	16	115	4	100
11/04/2015 04:10	38	39	28	17	122	4	100
11/04/2015 04:15	37	54	36	20	147	4	100
11/04/2015 04:20	59	51	44	19	173	4	100
11/04/2015 04:25	59	57	40	21	177	4	100
11/04/2015 04:30	70	65	51	21	207	4	100
11/04/2015 04:35	89	76	63	27	255	4	100
11/04/2015 04:40	76	67	51	26	220	4	100
11/04/2015 04:45	83	62	50	27	222	4	100
11/04/2015 04:50	99	86	76	37	298	4	100
11/04/2015 04:55	103	73	73	30	279	4	100
11/04/2015 05:00	101	100	64	43	308	4	100
11/04/2015 05:05	130	124	81	47	382	4	100
11/04/2015 05:10	138	123	84	54	399	4	100
11/04/2015 05:15	169	142	101	55	467	4	100
11/04/2015 05:20	192	161	111	59	523	4	100
11/04/2015 05:25	199	165	138	97	599	4	100
11/04/2015 05:30	163	151	141	100	555	4	100
11/04/2015 05:35	169	150	123	111	553	4	100
11/04/2015 05:40	155	144	137	109	545	4	100
11/04/2015 05:45	157	154	128	118	557	4	100
11/04/2015 05:50	122	118	96	102	438	4	100
11/04/2015 05:55	105	102	83	87	377	4	100
11/04/2015 06:00	108	110	92	88	398	4	100
11/04/2015 06:05	89	92	75	88	344	4	100
11/04/2015 06:10	80	82	73	72	307	4	100
11/04/2015 06:15	73	81	63	66	283	4	100
11/04/2015 06:20	70	73	56	60	259	4	100
11/04/2015 06:25	37	38	28	30	133	4	100
11/04/2015 06:30	77	79	61	79	296	4	100
11/04/2015 06:35	68	72	53	58	251	4	100
11/04/2015 06:40	67	71	61	69	268	4	100
11/04/2015 06:45	53	55	35	42	185	4	100
11/04/2015 06:50	77	65	68	62	272	4	100
11/04/2015 06:55	92	90	87	85	354	4	100
11/04/2015 07:00	88	90	72	83	333	4	100
11/04/2015 07:05	72	72	53	69	266	4	100
11/04/2015 07:10	97	103	82	81	363	4	100
11/04/2015 07:15	89	84	74	84	331	4	100
11/04/2015 07:20	93	82	71	89	335	4	100
11/04/2015 07:25	67	56	42	67	232	4	100
11/04/2015 07:30	80	64	53	64	261	4	100
11/04/2015 07:35	67	56	52	48	223	4	100
11/04/2015 07:40	91	79	62	66	298	4	100
11/04/2015 07:45	69	51	34	29	183	4	100
11/04/2015 07:50	79	60	45	53	237	4	100
11/04/2015 07:55	73	58	41	39	211	4	100
11/04/2015 08:00	75	65	44	46	230	4	100
11/04/2015 08:05	96	73	52	58	279	4	100
11/04/2015 08:10	97	86	47	61	291	4	100
11/04/2015 08:15	96	79	45	39	259	4	100
11/04/2015 08:20	111	89	53	38	291	4	100
11/04/2015 08:25	100	79	40	32	251	4	100
11/04/2015 08:30	100	84	44	38	266	4	100
11/04/2015 08:35	98	76	44	36	254	4	100
11/04/2015 08:40	91	64	32	33	220	4	100
11/04/2015 08:45	107	106	60	64	337	4	100
11/04/2015 08:50	109	77	62	53	301	4	100
11/04/2015 08:55	95	83	64	67	309	4	100
11/04/2015 09:00	94	88	65	56	303	4	100
11/04/2015 09:05	93	86	59	47	285	4	100
11/04/2015 09:10	89	76	52	50	267	4	100
11/04/2015 09:15	110	101	60	46	317	4	100
11/04/2015 09:20	104	97	61	53	315	4	100
11/04/2015 09:25	98	86	82	59	325	4	100
11/04/2015 09:30	82	95	80	41	298	4	100
11/04/2015 09:35	96	102	79	38	315	4	100
11/04/2015 09:40	93	98	96	61	348	4	100
11/04/2015 09:45	88	95	89	68	340	4	100
11/04/2015 09:50	93	93	99	73	358	4	100
11/04/2015 09:55	94	110	87	59	350	4	100
11/04/2015 10:00	104	105	100	52	361	4	100
11/04/2015 10:05	84	104	84	64	336	4	100
11/04/2015 10:10	101	100	98	63	362	4	100
11/04/2015 10:15	113	114	111	73	411	4	100
11/04/2015 10:20	99	124	81	63	367	4	100
11/04/2015 10:25	93	120	111	56	380	4	100
11/04/2015 10:30	112	107	95	69	383	4	100
11/04/2015 10:35	96	104	92	60	352	4	100
11/04/2015 10:40	97	124	106	72	399	4	100
11/04/2015 10:45	102	110	105	62	379	4	100
11/04/2015 10:50	113	120	89	69	391	4	100
11/04/2015 10:55	111	113	106	72	402	4	100
11/04/2015 11:00	114	114	101	67	396	4	100
11/04/2015 11:05	100	111	106	72	389	4	100
11/04/2015 11:10	118	121	107	79	425	4	100
11/04/2015 11:15	99	114	90	57	360	4	100
11/04/2015 11:20	119	109	110	77	415	4	100
11/04/2015 11:25	115	125	101	75	416	4	100
11/04/2015 11:30	98	110	103	66	377	4	100
11/04/2015 11:35	104	123	88	56	371	4	100
11/04/2015 11:40	106	119	114	76	415	4	100
11/04/2015 11:45	104	120	102	74	400	4	100
11/04/2015 11:50	118	119	105	73	415	4	100
11/04/2015 11:55	108	100	98	77	383	4	100
11/04/2015 12:00	93	115	87	57	352	4	100
11/04/2015 12:05	100	122	100	69	391	4	100
11/04/2015 12:10	107	109	89	61	366	4	100
11/04/2015 12:15	112	134	104	72	422	4	100
11/04/2015 12:20	97	116	98	71	382	4	100
11/04/2015 12:25	108	123	117	74	422	4	100
11/04/2015 12:30	105	122	109	82	418	4	100
11/04/2015 12:35	109	119	92	81	401	4	100
11/04/2015 12:40	127	141	117	70	455	4	100
11/04/2015 12:45	143	133	121	80	477	4	100
11/04/2015 12:50	100	112	115	63	390	4	100
11/04/2015 12:55	106	118	99	74	397	4	100
11/04/2015 13:00	103	109	95	77	384	4	100
11/04/2015 13:05	91	111	99	69	370	4	100
11/04/2015 13:10	102	122	110	82	416	4	100
11/04/2015 13:15	105	100	116	73	394	4	100
11/04/2015 13:20	117	117	110	65	409	4	100
11/04/2015 13:25	113	120	96	87	416	4	100
11/04/2015 13:30	103	130	101	81	415	4	100
11/04/2015 13:35	98	100	92	58	348	4	100
11/04/2015 13:40	129	132	102	96	459	4	100
11/04/2015 13:45	106	109	99	65	379	4	100
11/04/2015 13:50	112	121	100	77	410	4	100
11/04/2015 13:55	111	110	120	70	411	4	100
11/04/2015 14:00	118	119	106	73	416	4	100
11/04/2015 14:05	122	117	108	72	419	4	100
11/04/2015 14:10	108	119	111	78	416	4	100
11/04/2015 14:15	114	116	114	75	419	4	100
11/04/2015 14:20	141	141	119	84	485	4	100
11/04/2015 14:25	113	125	104	63	405	4	100
11/04/2015 14:30	120	110	113	68	411	4	100
11/04/2015 14:35	103	124	112	71	410	4	100
11/04/2015 14:40	109	112	98	79	398	4	100
11/04/2015 14:45	110	126	97	76	409	4	100
11/04/2015 14:50	119	118	97	78	412	4	100
11/04/2015 14:55	112	126	112	70	420	4	100
11/04/2015 15:00	118	112	103	64	397	4	100
11/04/2015 15:05	118	120	101	71	410	4	100
11/04/2015 15:10	99	118	98	60	375	4	100
11/04/2015 15:15	108	108	94	54	364	4	100
11/04/2015 15:20	120	115	107	63	405	4	100
11/04/2015 15:25	132	133	108	83	456	4	100
11/04/2015 15:30	125	132	111	81	449	4	100
11/04/2015 15:35	119	116	114	66	415	4	100
11/04/2015 15:40	143	130	132	72	477	4	100
11/04/2015 15:45	139	133	112	83	467	4	100
11/04/2015 15:50	137	121	121	66	445	4	100
11/04/2015 15:55	132	131	114	84	461	4	100
11/04/2015 16:00	130	124	101	66	421	4	100
11/04/2015 16:05	141	121	110	73	445	4	100
11/04/2015 16:10	111	116	109	78	414	4	100
11/04/2015 16:15	121	117	105	56	399	4	100
11/04/2015 16:20	127	125	94	75	421	4	100
11/04/2015 16:25	124	122	93	62	401	4	100
11/04/2015 16:30	123	130	110	75	438	4	100
11/04/2015 16:35	131	131	99	77	438	4	100
11/04/2015 16:40	121	124	109	54	408	4	100
11/04/2015 16:45	138	137	131	69	475	4	100
11/04/2015 16:50	148	126	120	66	460	4	100
11/04/2015 16:55	127	127	112	72	438	4	100
11/04/2015 17:00	140	140	117	66	463	4	100
11/04/2015 17:05	122	122	122	56	422	4	100
11/04/2015 17:10	144	148	119	79	490	4	100
11/04/2015 17:15	146	134	108	78	466	4	100
11/04/2015 17:20	155	128	117	80	480	4	100
11/04/2015 17:25	140	132	120	92	484	4	100
11/04/2015 17:30	133	139	121	81	474	4	100
11/04/2015 17:35	149	130	124	79	482	4	100
11/04/2015 17:40	131	123	108	71	433	4	100
11/04/2015 17:45	140	132	131	72	475	4	100
11/04/2015 17:50	142	127	105	72	446	4	100
11/04/2015 17:55	137	145	126	83	491	4	100
11/04/2015 18:00	139	133	119	62	453	4	100
11/04/2015 18:05	115	120	109	73	417	4	100
11/04/2015 18:10	127	120	125	79	451	4	100
11/04/2015 18:15	131	124	120	73	448	4	100
11/04/2015 18:20	116	116	109	74	415	4	100
11/04/2015 18:25	129	120	115	78	442	4	100
11/04/2015 18:30	145	135	118	69	467	4	100
11/04/2015 18:35	131	117	109	64	421	4	100
11/04/2015 18:40	122	118	114	79	433	4	100
11/04/2015 18:45	111	96	89	81	377	4	100
11/04/2015 18:50	109	113	103	72	397	4	100
11/04/2015 18:55	108	105	113	71	397	4	100
11/04/2015 19:00	80	91	89	72	332	4	100
11/04/2015 19:05	106	106	115	76	403	4	100
11/04/2015 19:10	94	106	95	56	351	4	100
11/04/2015 19:15	87	108	89	51	335	4	100
11/04/2015 19:20	88	95	92	58	333	4	100
11/04/2015 19:25	71	89	81	61	302	4	100
11/04/2015 19:30	74	90	73	61	298	4	100
11/04/2015 19:35	69	83	79	48	279	4	100
11/04/2015 19:40	61	77	80	51	269	4	100
11/04/2015 19:45	55	73	63	54	245	4	100
11/04/2015 19:50	65	73	70	43	251	4	100
11/04/2015 19:55	64	69	83	46	262	4	100
11/04/2015 20:00	58	75	73	43	249	4	100
11/04/2015 20:05	42	65	71	54	232	4	100
11/04/2015 20:10	53	72	67	42	234	4	100
11/04/2015 20:15	63	76	65	48	252	4	100
11/04/2015 20:20	60	66	71	59	256	4	100
11/04/2015 20:25	50	69	63	38	220	4	100
11/04/2015 20:30	53	73	71	43	240	4	100
11/04/2015 20:35	49	68	73	43	233	4	100
11/04/2015 20:40	61	70	68	42	241	4	100
11/04/2015 20:45	55	69	60	36	220	4	100
11/04/2015 20:50	56	70	73	43	242	4	100
11/04/2015 20:55	66	79	72	55	272	4	100
11/04/2015 21:00	57	59	68	38	222	4	100
11/04/2015 21:05	58	67	70	41	236	4	100
11/04/2015 21:10	46	70	63	44	223	4	100
11/04/2015 21:15	50	64	65	41	220	4	100
11/04/2015 21:20	51	68	63	50	232	4	100
11/04/2015 21:25	55	68	78	46	247	4	100
11/04/2015 21:30	55	76	69	40	240	4	100
11/04/2015 21:35	47	58	56	35	196	4	100
11/04/2015 21:40	55	65	68	48	236	4	100
11/04/2015 21:45	56	70	62	43	231	4	100
11/04/2015 21:50	51	62	62	46	221	4	100
11/04/2015 21:55	48	68	57	37	210	4	100
11/04/2015 22:00	44	70	54	34	202	4	100
11/04/2015 22:05	46	63	66	46	221	4	100
11/04/2015 22:10	49	65	68	34	216	4	100
11/04/2015 22:15	46	69	58	36	209	4	100
11/04/2015 22:20	30	45	52	36	163	4	100
11/04/2015 22:25	41	61	54	31	187	4	100
11/04/2015 22:30	28	50	50	25	153	4	100
11/04/2015 22:35	30	43	60	38	171	4	100
11/04/2015 22:40	34	53	51	28	166	4	100
11/04/2015 22:45	33	50	49	26	158	4	100
11/04/2015 22:50	35	47	47	36	165	4	100
11/04/2015 22:55	23	34	37	26	120	4	100
11/04/2015 23:00	27	36	36	23	122	4	100
11/04/2015 23:05	23	29	27	23	102	4	100
11/04/2015 23:10	15	43	36	32	126	4	100
11/04/2015 23:15	19	30	30	24	103	4	100
11/04/2015 23:20	17	37	29	24	107	4	100
11/04/2015 23:25	22	32	29	13	96	4	100
11/04/2015 23:30	14	27	31	19	91	4	100
11/04/2015 23:35	12	28	32	17	89	4	100
11/04/2015 23:40	22	27	39	21	109	4	100
11/04/2015 23:45	11	31	23	19	84	4	100
11/04/2015 23:50	11	26	30	14	81	4	100
11/04/2015 23:55	16	24	27	14	81	4	100
11/05/2015 00:00	8	26	23	11	68	4	100
11/05/2015 00:05	9	30	21	16	76	4	100
11/05/2015 00:10	5	16	19	13	53	4	100
11/05/2015 00:15	9	18	28	13	68	4	100
11/05/2015 00:20	10	14	20	10	54	4	100
11/05/2015 00:25	7	19	20	17	63	4	100
11/05/2015 00:30	6	16	17	10	49	4	100
11/05/2015 00:35	4	14	13	8	39	4	100
11/05/2015 00:40	8	18	20	9	55	4	100
11/05/2015 00:45	7	14	14	9	44	4	100
11/05/2015 00:50	9	18	14	8	49	4	100
11/05/2015 00:55	6	11	11	7	35	4	100
11/05/2015 01:00	4	18	17	6	45	4	100
11/05/2015 01:05	3	7	13	11	34	4	100
11/05/2015 01:10	7	13	14	8	42	4	100
11/05/2015 01:15	5	12	13	6	36	4	100
11/05/2015 01:20	6	5	16	4	31	4	100
11/05/2015 01:25	6	10	16	9	41	4	100
11/05/2015 01:30	6	14	12	6	38	4	100
11/05/2015 01:35	8	15	11	4	38	4	100
11/05/2015 01:40	3	15	7	4	29	4	100
11/05/2015 01:45	8	11	10	5	34	4	100
11/05/2015 01:50	4	5	13	5	27	4	100
11/05/2015 01:55	7	13	18	12	50	4	100
11/05/2015 02:00	2	10	15	5	32	4	100
11/05/2015 02:05	5	12	15	8	40	4	100
11/05/2015 02:10	4	8	9	8	29	4	100
11/05/2015 02:15	7	8	17	6	38	4	100
11/05/2015 02:20	2	11	10	5	28	4	100
11/05/2015 02:25	3	11	15	9	38	4	100
11/05/2015 02:30	6	8	9	7	30	4	100
11/05/2015 02:35	7	12	14	6	39	4	100
11/05/2015 02:40	6	8	14	8	36	4	100
11/05/2015 02:45	7	16	15	5	43	4	100
11/05/2015 02:50	10	15	14	9	48	4	100
11/05/2015 02:55	6	10	11	6	33	4	100
11/05/2015 03:00	9	20	19	10	58	4	100
11/05/2015 03:05	7	11	10	6	34	4	100
11/05/2015 03:10	13	23	12	10	58	4	100
11/05/2015 03:15	5	15	15	4	39	4	100
11/05/2015 03:20	10	19	24	5	58	4	100
11/05/2015 03:25	12	23	12	14	61	4	100
11/05/2015 03:30	18	23	28	10	79	4	100
11/05/2015 03:35	19	28	18	9	74	4	100
11/05/2015 03:40	17	29	23	11	80	4	100
11/05/2015 03:45	19	25	21	12	77	4	100
11/05/2015 03:50	26	26	19	13	84	4	100
11/05/2015 03:55	15	25	25	12	77	4	100
11/05/2015 04:00	26	36	27	10	99	4	100
11/05/2015 04:05	29	33	28	17	107	4	100
11/05/2015 04:10	35	44	27	21	127	4	100
11/05/2015 04:15	39	46	36	17	138	4	100
11/05/2015 04:20	47	51	42	20	160	4	100
11/05/2015 04:25	46	53	42	27	168	4	100
11/05/2015 04:30	81	64	39	25	209	4	100
11/05/2015 04:35	72	71	55	25	223	4	100
11/05/2015 04:40	86	70	50	28	234	4	100
11/05/2015 04:45	77	86	59	32	254	4	100
11/05/2015 04:50	91	90	68	37	286	4	100
11/05/2015 04:55	110	88	64	36	298	4	100
11/05/2015 05:00	111	105	71	44	331	4	100
11/05/2015 05:05	143	117	74	42	376	4	100
11/05/2015 05:10	162	140	87	61	450	4	100
11/05/2015 05:15	186	146	111	64	507	4	100
11/05/2015 05:20	198	163	110	67	538	4	100
11/05/2015 05:25	193	165	132	87	577	4	100
11/05/2015 05:30	181	168	135	90	574	4	100
11/05/2015 05:35	177	162	130	109	578	4	100
11/05/2015 05:40	161	151	126	105	543	4	100
11/05/2015 05:45	135	137	117	106	495	4	100
11/05/2015 05:50	134	135	127	121	517	4	100
11/05/2015 05:55	131	132	116	120	499	4	100
11/05/2015 06:00	126	133	131	110	500	4	100
11/05/2015 06:05	119	124	108	113	464	4	100
11/05/2015 06:10	117	128	112	105	462	4	100
11/05/2015 06:15	110	114	94	94	412	4	100
11/05/2015 06:20	97	96	80	92	365	4	100
11/05/2015 06:25	96	99	78	96	369	4	100
11/05/2015 06:30	91	90	76	83	340	4	100
11/05/2015 06:35	97	93	75	76	341	4	100
11/05/2015 06:40	87	85	50	53	275	4	100
11/05/2015 06:45	103	88	55	55	301	4	100
11/05/2015 06:50	99	92	62	57	310	4	100
11/05/2015 06:55	96	84	53	64	297	4	100
11/05/2015 07:00	114	98	64	74	350	4	100
11/05/2015 07:05	102	88	63	67	320	4	100
11/05/2015 07:10	110	94	61	56	321	4	100
11/05/2015 07:15	106	92	76	43	317	4	100
11/05/2015 07:20	95	90	68	50	303	4	100
11/05/2015 07:25	106	92	68	50	316	4	100
11/05/2015 07:30	89	80	71	54	294	4	100
11/05/2015 07:35	97	76	55	63	291	4	100
11/05/2015 07:40	98	91	59	72	320	4	100
11/05/2015 07:45	97	87	65	50	299	4	100
11/05/2015 07:50	103	95	70	70	338	4	100
11/05/2015 07:55	97	94	81	52	324	4	100
11/05/2015 08:00	109	84	86	61	340	4	100
11/05/2015 08:05	96	87	65	79	327	4	100
11/05/2015 08:10	110	92	83	78	363	4	100
11/05/2015 08:15	78	66	59	49	252	4	100
11/05/2015 08:20	95	95	71	67	328	4	100
11/05/2015 08:25	89	84	71	61	305	4	100
11/05/2015 08:30	101	89	68	64	322	4	100
11/05/2015 08:35	105	100	73	62	340	4	100
11/05/2015 08:40	105	96	67	48	316	4	100
11/05/2015 08:45	108	95	77	53	333	4	100
11/05/2015 08:50	96	99	67	38	300	4	100
11/05/2015 08:55	99	90	62	42	293	4	100
11/05/2015 09:00	99	88	64	41	292	4	100
11/05/2015 09:05	96	82	70	43	291	4	100
11/05/2015 09:10	73	82	69	45	269	4	100
11/05/2015 09:15	76	84	75	50	285	4	100
11/05/2015 09:20	101	110	99	55	365	4	100
11/05/2015 09:25	78	90	83	57	308	4	100
11/05/2015 09:30	102	115	106	70	393	4	100
11/05/2015 09:35	101	114	96	67	378	4	100
11/05/2015 09:40	95	99	101	66	361	4	100
11/05/2015 09:45	93	100	103	64	360	4	100
11/05/2015 09:50	107	116	92	63	378	4	100
11/05/2015 09:55	115	123	122	68	428	4	100
11/05/2015 10:00	84	108	86	60	338	4	100
11/05/2015 10:05	113	111	100	68	392	4	100
11/05/2015 10:10	123	128	95	73	419	4	100
11/05/2015 10:15	134	119	95	64	412	4	100
11/05/2015 10:20	105	102	94	64	365	4	100
11/05/2015 10:25	116	103	97	79	395	4	100
11/05/2015 10:30	121	116	107	77	421	4	100
11/05/2015 10:35	100	113	104	73	390	4	100
11/05/2015 10:40	126	121	126	84	457	4	100
11/05/2015 10:45	114	129	112	72	427	4	100
11/05/2015 10:50	127	115	98	69	409	4	100
11/05/2015 10:55	105	101	90	77	373	4	100
11/05/2015 11:00	122	131	99	71	423	4	100
11/05/2015 11:05	114	108	102	68	392	4	100
11/05/2015 11:10	115	128	94	74	411	4	100
11/05/2015 11:15	109	127	95	68	399	4	100
11/05/2015 11:20	126	127	110	68	431	4	100
11/05/2015 11:25	137	128	116	63	444	4	100
11/05/2015 11:30	105	127	101	75	408	4	100
11/05/2015 11:35	117	123	108	73	421	4	100
11/05/2015 11:40	113	123	109	71	416	4	100
11/05/2015 11:45	111	128	109	77	425	4	100
11/05/2015 11:50	123	131	96	75	425	4	100
11/05/2015 11:55	98	90	91	78	357	4	100
11/05/2015 12:00	104	107	108	64	383	4	100
11/05/2015 12:05	114	112	107	81	414	4	100
11/05/2015 12:10	128	122	104	69	423	4	100
11/05/2015 12:15	127	138	105	73	443	4	100
11/05/2015 12:20	125	119	108	84	436	4	100
11/05/2015 12:25	113	124	102	71	410	4	100
11/05/2015 12:30	114	128	99	69	410	4	100
11/05/2015 12:35	105	109	91	67	372	4	100
11/05/2015 12:40	134	124	101	66	425	4	100
11/05/2015 12:45	125	118	109	68	420	4	100
11/05/2015 12:50	126	130	112	81	449	4	100
11/05/2015 12:55	116	120	106	67	409	4	100
11/05/2015 13:00	105	105	89	67	366	4	100
11/05/2015 13:05	123	109	105	73	410	4	100
11/05/2015 13:10	111	124	100	82	417	4	100
11/05/2015 13:15	102	115	121	77	415	4	100
11/05/2015 13:20	114	128	113	85	440	4	100
11/05/2015 13:25	130	130	106	82	448	4	100
11/05/2015 13:30	116	105	105	68	394	4	100
11/05/2015 13:35	101	109	98	65	373	4	100
11/05/2015 13:40	123	127	105	79	434	4	100
11/05/2015 13:45	111	124	121	56	412	4	100
11/05/2015 13:50	112	134	109	72	427	4	100
11/05/2015 13:55	112	118	114	72	416	4	100
11/05/2015 14:00	112	122	106	61	401	4	100
11/05/2015 14:05	109	117	109	72	407	4	100
11/05/2015 14:10	111	110	113	69	403	4	100
11/05/2015 14:15	129	136	105	84	454	4	100
11/05/2015 14:20	129	114	94	81	418	4	100
11/05/2015 14:25	103	106	98	71	378	4	100
11/05/2015 14:30	122	104	77	54	357	4	100
11/05/2015 14:35	118	107	93	64	382	4	100
11/05/2015 14:40	108	109	84	64	365	4	100
11/05/2015 14:45	114	106	96	66	382	4	100
11/05/2015 14:50	117	99	97	65	378	4	100
11/05/2015 14:55	119	107	99	57	382	4	100
11/05/2015 15:00	110	102	101	63	376	4	100
11/05/2015 15:05	118	99	92	62	371	4	100
11/05/2015 15:10	124	104	97	64	389	4	100
11/05/2015 15:15	120	117	97	59	393	4	100
11/05/2015 15:20	141	118	108	66	433	4	100
11/05/2015 15:25	113	112	97	70	392	4	100
11/05/2015 15:30	128	121	100	64	413	4	100
11/05/2015 15:35	128	120	92	79	419	4	100
11/05/2015 15:40	134	120	110	59	423	4	100
11/05/2015 15:45	147	146	121	62	476	4	100
11/05/2015 15:50	136	122	125	68	451	4	100
11/05/2015 15:55	122	118	115	79	434	4	100
11/05/2015 16:00	129	113	108	77	427	4	100
11/05/2015 16:05	126	116	113	73	428	4	100
11/05/2015 16:10	127	120	101	72	420	4	100
11/05/2015 16:15	143	113	113	72	441	4	100
11/05/2015 16:20	145	136	114	82	477	4	100
11/05/2015 16:25	141	134	126	79	480	4	100
11/05/2015 16:30	143	135	124	76	478	4	100
11/05/2015 16:35	129	128	108	68	433	4	100
11/05/2015 16:40	146	131	110	82	469	4	100
11/05/2015 16:45	140	125	110	79	454	4	100
11/05/2015 16:50	138	119	102	68	427	4	100
11/05/2015 16:55	132	143	118	78	471	4	100
11/05/2015 17:00	132	124	116	63	435	4	100
11/05/2015 17:05	147	127	118	87	479	4	100
11/05/2015 17:10	141	130	113	70	454	4	100
11/05/2015 17:15	149	130	108	80	467	4	100
11/05/2015 17:20	141	118	124	77	460	4	100
11/05/2015 17:25	143	133	109	88	473	4	100
11/05/2015 17:30	126	121	119	71	437	4	100
11/05/2015 17:35	134	135	107	74	450	4	100
11/05/2015 17:40	135	109	110	66	420	4	100
11/05/2015 17:45	130	125	99	71	425	4	100
11/05/2015 17:50	132	127	132	72	463	4	100
11/05/2015 17:55	109	107	101	68	385	4	100
11/05/2015 18:00	118	107	90	67	382	4	100
11/05/2015 18:05	123	120	112	62	417	4	100
11/05/2015 18:10	143	139	130	82	494	4	100
11/05/2015 18:15	147	132	112	82	473	4	100
11/05/2015 18:20	144	133	104	74	455	4	100
11/05/2015 18:25	140	138	113	89	480	4	100
11/05/2015 18:30	121	120	115	78	434	4	100
11/05/2015 18:35	144	117	111	74	446	4	100
11/05/2015 18:40	105	112	114	80	411	4	100
11/05/2015 18:45	120	117	105	83	425	4	100
11/05/2015 18:50	115	111	109	59	394	4	100
11/05/2015 18:55	97	103	101	53	354	4	100
11/05/2015 19:00	92	113	91	61	357	4	100
11/05/2015 19:05	91	105	103	67	366	4	100
11/05/2015 19:10	92	116	104	61	373	4	100
11/05/2015 19:15	78	98	99	58	333	4	100
11/05/2015 19:20	90	90	88	57	325	4	100
11/05/2015 19:25	83	99	99	62	343	4	100
11/05/2015 19:30	71	89	83	43	286	4	100
11/05/2015 19:35	73	91	92	63	319	4	100
11/05/2015 19:40	74	86	78	53	291	4	100
11/05/2015 19:45	74	88	91	54	307	4	100
11/05/2015 19:50	75	94	75	54	298	4	100
11/05/2015 19:55	58	78	77	55	268	4	100
11/05/2015 20:00	65	70	63	48	246	4	100
11/05/2015 20:05	71	81	85	51	288	4	100
11/05/2015 20:10	63	64	63	38	228	4	100
11/05/2015 20:15	63	76	61	50	250	4	100
11/05/2015 20:20	66	68	56	45	235	4	100
11/05/2015 20:25	56	74	59	40	229	4	100
11/05/2015 20:30	55	70	66	43	234	4	100
11/05/2015 20:35	44	73	59	44	220	4	100
11/05/2015 20:40	64	77	72	53	266	4	100
11/05/2015 20:45	57	74	68	46	245	4	100
11/05/2015 20:50	59	71	75	40	245	4	100
11/05/2015 20:55	55	71	64	41	231	4	100
11/05/2015 21:00	51	77	63	43	234	4	100
11/05/2015 21:05	48	79	60	31	218	4	100
11/05/2015 21:10	56	68	73	42	239	4	100
11/05/2015 21:15	55	81	72	52	260	4	100
11/05/2015 21:20	59	68	65	40	232	4	100
11/05/2015 21:25	51	75	55	50	231	4	100
11/05/2015 21:30	61	79	64	47	251	4	100
11/05/2015 21:35	57	65	69	45	236	4	100
11/05/2015 21:40	63	83	75	47	268	4	100
11/05/2015 21:45	48	59	58	44	209	4	100
11/05/2015 21:50	61	68	70	44	243	4	100
11/05/2015 21:55	51	54	61	37	203	4	100
11/05/2015 22:00	46	69	71	44	230	4	100
11/05/2015 22:05	52	67	63	34	216	4	100
11/05/2015 22:10	47	67	68	47	229	4	100
11/05/2015 22:15	52	60	66	44	222	4	100
11/05/2015 22:20	44	63	52	36	195	4	100
11/05/2015 22:25	35	49	45	28	157	4	100
11/05/2015 22:30	49	43	46	28	166	4	100
11/05/2015 22:35	39	49	45	31	164	4	100
11/05/2015 22:40	35	44	51	29	159	4	100
11/05/2015 22:45	31	49	43	34	157	4	100
11/05/2015 22:50	31	48	43	31	153	4	100
11/05/2015 22:55	23	36	43	29	131	4	100
11/05/2015 23:00	25	44	44	39	152	4	100
11/05/2015 23:05	30	42	43	34	149	4	100
11/05/2015 23:10	25	33	41	23	122	4	100
11/05/2015 23:15	29	29	30	23	111	4	100
11/05/2015 23:20	17	37	39	26	119	4	100
11/05/2015 23:25	23	24	29	19	95	4	100
11/05/2015 23:30	22	33	34	26	115	4	100
11/05/2015 23:35	18	27	27	22	94	4	100
11/05/2015 23:40	14	33	25	20	92	4	100
11/05/2015 23:45	22	26	28	15	91	4	100
11/05/2015 23:50	22	25	25	15	87	4	100
11/05/2015 23:55	19	25	24	10	78	4	100
11/06/2015 00:00	11	24	40	19	94	4	100
11/06/2015 00:05	14	26	23	13	76	4	100
11/06/2015 00:10	11	22	21	21	75	4	100
11/06/2015 00:15	14	20	28	14	76	4	100
11/06/2015 00:20	7	14	23	8	52	4	100
11/06/2015 00:25	7	17	22	16	62	4	100
11/06/2015 00:30	15	20	16	14	65	4	100
11/06/2015 00:35	10	18	23	22	73	4	100
11/06/2015 00:40	6	14	23	8	51	4	100
11/06/2015 00:45	9	19	17	9	54	4	100
11/06/2015 00:50	5	22	15	9	51	4	100
11/06/2015 00:55	11	15	14	14	54	4	100
11/06/2015 01:00	14	11	15	9	49	4	100
11/06/2015 01:05	6	11	18	12	47	4	100
11/06/2015 01:10	6	16	14	5	41	4	100
11/06/2015 01:15	6	15	12	7	40	4	100
11/06/2015 01:20	9	17	14	5	45	4	100
11/06/2015 01:25	4	9	6	7	26	4	100
11/06/2015 01:30	8	16	17	9	50	4	100
11/06/2015 01:35	8	15	21	8	52	4	100
11/06/2015 01:40	4	9	14	8	35	4	100
11/06/2015 01:45	6	18	14	10	48	4	100
11/06/2015 01:50	5	16	15	7	43	4	100
11/06/2015 01:55	8	17	19	8	52	4	100
11/06/2015 02:00	4	14	11	10	39	4	100
11/06/2015 02:05	4	16	16	5	41	4	100
11/06/2015 02:10	9	11	16	5	41	4	100
11/06/2015 02:15	8	12	15	7	42	4	100
11/06/2015 02:20	8	16	17	9	50	4	100
11/06/2015 02:25	8	23	14	11	56	4	100
11/06/2015 02:30	7	13	13	9	42	4	100
11/06/2015 02:35	8	18	16	9	51	4	100
11/06/2015 02:40	11	13	21	9	54	4	100
11/06/2015 02:45	10	11	16	14	51	4	100
11/06/2015 02:50	8	12	19	4	43	4	100
11/06/2015 02:55	6	9	24	11	50	4	100
11/06/2015 03:00	9	15	20	9	53	4	100
11/06/2015 03:05	7	21	22	5	55	4	100
11/06/2015 03:10	13	21	19	11	64	4	100
11/06/2015 03:15	15	21	15	12	63	4	100
11/06/2015 03:20	9	22	23	17	71	4	100
11/06/2015 03:25	14	21	19	11	65	4	100
11/06/2015 03:30	10	24	22	14	70	4	100
11/06/2015 03:35	15	20	21	6	62	4	100
11/06/2015 03:40	17	30	21	15	83	4	100
11/06/2015 03:45	23	24	30	11	88	4	100
11/06/2015 03:50	21	29	24	13	87	4	100
11/06/2015 03:55	23	36	26	12	97	4	100
11/06/2015 04:00	26	31	26	15	98	4	100
11/06/2015 04:05	17	39	30	14	100	4	100
11/06/2015 04:10	35	45	25	17	122	4	100
11/06/2015 04:15	42	46	34	21	143	4	100
11/06/2015 04:20	41	45	31	17	134	4	100
11/06/2015 04:25	60	68	43	23	194	4	100
11/06/2015 04:30	76	61	49	25	211	4	100
11/06/2015 04:35	66	71	51	28	216	4	100
11/06/2015 04:40	66	67	54	27	214	4	100
11/06/2015 04:45	72	73	54	29	228	4	100
11/06/2015 04:50	94	80	58	35	267	4	100
11/06/2015 04:55	76	79	51	32	238	4	100
11/06/2015 05:00	109	89	76	51	325	4	100
11/06/2015 05:05	123	108	63	37	331	4	100
11/06/2015 05:10	160	139	100	55	454	4	100
11/06/2015 05:15	170	145	89	58	462	4	100
11/06/2015 05:20	188	161	99	66	514	4	100
11/06/2015 05:25	190	166	136	79	571	4	100
11/06/2015 05:30	172	165	131	88	556	4	100
11/06/2015 05:35	173	164	130	95	562	4	100
11/06/2015 05:40	167	160	123	107	557	4	100
11/06/2015 05:45	152	161	134	100	547	4	100
11/06/2015 05:50	132	148	121	105	506	4	100
11/06/2015 05:55	151	152	127	107	537	4	100
11/06/2015 06:00	133	129	112	107	481	4	100
11/06/2015 06:05	135	129	112	109	485	4	100
11/06/2015 06:10	128	137	110	103	478	4	100
11/06/2015 06:15	123	129	102	104	458	4	100
11/06/2015 06:20	123	117	102	97	439	4	100
11/06/2015 06:25	109	113	85	75	382	4	100
11/06/2015 06:30	120	119	91	59	389	4	100
11/06/2015 06:35	109	96	90	54	349	4	100
11/06/2015 06:40	122	118	97	65	402	4	100
11/06/2015 06:45	125	100	102	56	383	4	100
11/06/2015 06:50	125	112	99	66	402	4	100
11/06/2015 06:55	108	107	91	61	367	4	100
11/06/2015 07:00	113	113	108	66	400	4	100
11/06/2015 07:05	109	105	93	56	363	4	100
11/06/2015 07:10	133	116	101	52	402	4	100
11/06/2015 07:15	119	125	98	58	400	4	100
11/06/2015 07:20	129	118	94	41	382	4	100
11/06/2015 07:25	127	128	89	50	394	4	100
11/06/2015 07:30	113	103	82	42	340	4	100
11/06/2015 07:35	135	130	108	46	419	4	100
11/06/2015 07:40	131	124	94	59	408	4	100
11/06/2015 07:45	129	113	95	61	398	4	100
11/06/2015 07:50	129	117	117	51	414	4	100
11/06/2015 07:55	136	133	104	59	432	4	100
11/06/2015 08:00	121	147	101	65	434	4	100
11/06/2015 08:05	129	123	91	59	402	4	100
11/06/2015 08:10	121	120	94	62	397	4	100
11/06/2015 08:15	118	129	94	73	414	4	100
11/06/2015 08:20	112	114	103	55	384	4	100
11/06/2015 08:25	114	121	103	52	390	4	100
11/06/2015 08:30	108	112	80	51	351	4	100
11/06/2015 08:35	112	115	86	43	356	4	100
11/06/2015 08:40	92	107	89	53	341	4	100
11/06/2015 08:45	108	112	94	58	372	4	100
11/06/2015 08:50	86	101	96	68	351	4	100
11/06/2015 08:55	98	108	111	56	373	4	100
11/06/2015 09:00	92	106	91	60	349	4	100
11/06/2015 09:05	89	107	114	66	376	4	100
11/06/2015 09:10	110	114	101	61	386	4	100
11/06/2015 09:15	112	108	103	71	394	4	100
11/06/2015 09:20	106	119	100	65	390	4	100
11/06/2015 09:25	121	131	104	85	441	4	100
11/06/2015 09:30	112	116	119	58	405	4	100
11/06/2015 09:35	115	127	104	72	418	4	100
11/06/2015 09:40	89	99	85	51	324	4	100
11/06/2015 09:45	136	138	115	83	472	4	100
11/06/2015 09:50	117	120	105	69	411	4	100
11/06/2015 09:55	115	119	93	63	390	4	100
11/06/2015 10:00	103	106	94	72	375	4	100
11/06/2015 10:05	113	113	99	59	384	4	100
11/06/2015 10:10	123	113	105	61	402	4	100
11/06/2015 10:15	117	121	109	68	415	4	100
11/06/2015 10:20	139	129	117	80	465	4	100
11/06/2015 10:25	142	134	109	84	469	4	100
11/06/2015 10:30	128	127	107	72	434	4	100
11/06/2015 10:35	98	126	102	65	391	4	100
11/06/2015 10:40	122	120	105	76	423	4	100
11/06/2015 10:45	130	125	131	77	463	4	100
11/06/2015 10:50	129	124	118	80	451	4	100
11/06/2015 10:55	121	135	117	69	442	4	100
11/06/2015 11:00	129	137	109	83	458	4	100
11/06/2015 11:05	127	131	111	73	442	4	100
11/06/2015 11:10	138	143	106	81	468	4	100
11/06/2015 11:15	135	129	108	81	453	4	100
11/06/2015 11:20	137	136	100	70	443	4	100
11/06/2015 11:25	146	129	125	81	481	4	100
11/06/2015 11:30	123	99	107	69	398	4	100
11/06/2015 11:35	137	123	113	77	450	4	100
11/06/2015 11:40	136	133	110	86	465	4	100
11/06/2015 11:45	131	117	110	81	439	4	100
11/06/2015 11:50	132	133	98	72	435	4	100
11/06/2015 11:55	118	103	93	61	375	4	100
11/06/2015 12:00	134	130	99	70	433	4	100
11/06/2015 12:05	129	107	100	63	399	4	100
11/06/2015 12:10	132	132	99	66	429	4	100
11/06/2015 12:15	147	122	121	83	473	4	100
11/06/2015 12:20	144	137	112	86	479	4	100
11/06/2015 12:25	135	136	114	80	465	4	100
11/06/2015 12:30	138	125	121	73	457	4	100
11/06/2015 12:35	126	128	112	84	450	4	100
11/06/2015 12:40	112	133	115	66	426	4	100
11/06/2015 12:45	128	117	123	69	437	4	100
11/06/2015 12:50	141	125	109	75	450	4	100
11/06/2015 12:55	122	127	109	71	429	4	100
11/06/2015 13:00	107	108	95	69	379	4	100
11/06/2015 13:05	119	113	91	63	386	4	100
11/06/2015 13:10	124	125	100	73	422	4	100
11/06/2015 13:15	129	130	101	64	424	4	100
11/06/2015 13:20	123	127	118	78	446	4	100
11/06/2015 13:25	110	123	99	71	403	4	100
11/06/2015 13:30	126	120	107	77	430	4	100
11/06/2015 13:35	120	115	110	86	431	4	100
11/06/2015 13:40	115	116	99	63	393	4	100
11/06/2015 13:45	130	120	103	82	435	4	100
11/06/2015 13:50	109	128	110	78	425	4	100
11/06/2015 13:55	104	112	100	74	390	4	100
11/06/2015 14:00	121	114	113	67	415	4	100
11/06/2015 14:05	152	132	110	78	472	4	100
11/06/2015 14:10	125	137	116	89	467	4	100
11/06/2015 14:15	126	121	110	79	436	4	100
11/06/2015 14:20	116	138	103	80	437	4	100
11/06/2015 14:25	124	118	115	73	430	4	100
11/06/2015 14:30	132	127	107	83	449	4	100
11/06/2015 14:35	124	123	116	75	438	4	100
11/06/2015 14:40	145	124	119	72	460	4	100
11/06/2015 14:45	126	120	116	66	428	4	100
11/06/2015 14:50	114	122	103	68	407	4	100
11/06/2015 14:55	128	123	114	67	432	4	100
11/06/2015 15:00	120	130	99	84	433	4	100
11/06/2015 15:05	122	118	97	76	413	4	100
11/06/2015 15:10	104	113	97	76	390	4	100
11/06/2015 15:15	117	116	99	62	394	4	100
11/06/2015 15:20	140	115	108	82	445	4	100
11/06/2015 15:25	143	129	118	71	461	4	100
11/06/2015 15:30	123	122	111	65	421	4	100
11/06/2015 15:35	146	131	119	64	460	4	100
11/06/2015 15:40	125	107	116	63	411	4	100
11/06/2015 15:45	146	130	133	90	499	4	100
11/06/2015 15:50	123	111	101	68	403	4	100
11/06/2015 15:55	118	114	111	74	417	4	100
11/06/2015 16:00	125	110	103	77	415	4	100
11/06/2015 16:05	137	125	109	77	448	4	100
11/06/2015 16:10	127	118	109	68	422	4	100
11/06/2015 16:15	112	119	108	62	401	4	100
11/06/2015 16:20	133	132	104	69	438	4	100
11/06/2015 16:25	116	104	106	62	388	4	100
11/06/2015 16:30	133	133	111	69	446	4	100
11/06/2015 16:35	136	127	102	63	428	4	100
11/06/2015 16:40	153	130	111	75	469	4	100
11/06/2015 16:45	143	126	96	75	440	4	100
11/06/2015 16:50	137	130	109	85	461	4	100
11/06/2015 16:55	120	112	98	70	400	4	100
11/06/2015 17:00	160	119	115	81	475	4	100
11/06/2015 17:05	144	132	125	79	480	4	100
11/06/2015 17:10	139	133	119	74	465	4	100
11/06/2015 17:15	153	127	108	86	474	4	100
11/06/2015 17:20	148	112	117	82	459	4	100
11/06/2015 17:25	136	109	111	62	418	4	100
11/06/2015 17:30	133	119	121	82	455	4	100
11/06/2015 17:35	145	124	121	76	466	4	100
11/06/2015 17:40	133	123	113	77	446	4	100
11/06/2015 17:45	116	123	112	70	421	4	100
11/06/2015 17:50	122	111	108	73	414	4	100
11/06/2015 17:55	131	117	123	82	453	4	100
11/06/2015 18:00	106	112	104	79	401	4	100
11/06/2015 18:05	126	118	107	80	431	4	100
11/06/2015 18:10	114	106	123	77	420	4	100
11/06/2015 18:15	112	111	102	72	397	4	100
11/06/2015 18:20	114	97	94	76	381	4	100
11/06/2015 18:25	100	92	79	68	339	4	100
11/06/2015 18:30	105	90	67	63	325	4	100
11/06/2015 18:35	87	99	82	62	330	4	100
11/06/2015 18:40	90	94	84	56	324	4	100
11/06/2015 18:45	86	95	99	58	338	4	100
11/06/2015 18:50	89	103	87	52	331	4	100
11/06/2015 18:55	69	86	89	61	305	4	100
11/06/2015 19:00	108	96	88	60	352	4	100
11/06/2015 19:05	87	88	82	56	313	4	100
11/06/2015 19:10	105	119	97	59	380	4	100
11/06/2015 19:15	113	112	92	59	376	4	100
11/06/2015 19:20	80	97	85	69	331	4	100
11/06/2015 19:25	80	115	95	74	364	4	100
11/06/2015 19:30	77	94	91	59	321	4	100
11/06/2015 19:35	70	89	88	52	299	4	100
11/06/2015 19:40	95	88	84	73	340	4	100
11/06/2015 19:45	71	99	88	61	319	4	100
11/06/2015 19:50	69	91	76	54	290	4	100
11/06/2015 19:55	74	88	86	63	311	4	100
11/06/2015 20:00	70	79	82	51	282	4	100
11/06/2015 20:05	75	82	84	63	304	4	100
11/06/2015 20:10	67	94	86	57	304	4	100
11/06/2015 20:15	62	66	74	63	265	4	100
11/06/2015 20:20	74	73	83	54	284	4	100
11/06/2015 20:25	73	90	71	50	284	4	100
11/06/2015 20:30	65	71	80	53	269	4	100
11/06/2015 20:35	56	79	72	37	244	4	100
11/06/2015 20:40	80	87	79	56	302	4	100
11/06/2015 20:45	77	75	81	39	272	4	100
11/06/2015 20:50	54	68	65	54	241	4	100
11/06/2015 20:55	70	81	69	43	263	4	100
11/06/2015 21:00	70	90	85	57	302	4	100
11/06/2015 21:05	62	76	62	40	240	4	100
11/06/2015 21:10	74	76	90	56	296	4	100
11/06/2015 21:15	71	71	80	58	280	4	100
11/06/2015 21:20	60	63	70	39	232	4	100
11/06/2015 21:25	59	68	81	37	245	4	100
11/06/2015 21:30	83	81	73	45	282	4	100
11/06/2015 21:35	67	77	64	50	258	4	100
11/06/2015 21:40	50	74	73	52	249	4	100
11/06/2015 21:45	71	83	79	49	282	4	100
11/06/2015 21:50	49	73	67	51	240	4	100
11/06/2015 21:55	59	74	74	44	251	4	100
11/06/2015 22:00	70	83	82	58	293	4	100
11/06/2015 22:05	67	79	73	46	265	4	100
11/06/2015 22:10	57	69	78	47	251	4	100
11/06/2015 22:15	41	63	71	48	223	4	100
11/06/2015 22:20	56	66	77	48	247	4	100
11/06/2015 22:25	49	76	58	34	217	4	100
11/06/2015 22:30	49	72	70	38	229	4	100
11/06/2015 22:35	48	60	62	40	210	4	100
11/06/2015 22:40	52	74	60	49	235	4	100
11/06/2015 22:45	44	58	64	34	200	4	100
11/06/2015 22:50	37	58	55	46	196	4	100
11/06/2015 22:55	41	61	62	35	199	4	100
11/06/2015 23:00	32	50	47	26	155	4	100
11/06/2015 23:05	41	52	51	38	182	4	100
11/06/2015 23:10	43	46	53	34	176	4	100
11/06/2015 23:15	34	51	55	29	169	4	100
11/06/2015 23:20	35	37	40	26	138	4	100
11/06/2015 23:25	25	44	39	25	133	4	100
11/06/2015 23:30	32	44	41	26	143	4	100
11/06/2015 23:35	29	43	40	28	140	4	100
11/06/2015 23:40	34	38	47	31	150	4	100
11/06/2015 23:45	35	39	39	21	134	4	100
11/06/2015 23:50	20	40	34	29	123	4	100
11/06/2015 23:55	24	31	30	21	106	4	100
11/07/2015 00:00	29	37	31	25	122	4	100
11/07/2015 00:05	19	41	38	26	124	4	100
11/07/2015 00:10	17	25	34	19	95	4	100
11/07/2015 00:15	18	31	39	24	112	4	100
11/07/2015 00:20	15	33	31	21	100	4	100
11/07/2015 00:25	4	25	35	18	82	4	100
11/07/2015 00:30	21	38	34	13	106	4	100
11/07/2015 00:35	16	21	26	24	87	4	100
11/07/2015 00:40	14	35	25	17	91	4	100
11/07/2015 00:45	13	24	30	16	83	4	100
11/07/2015 00:50	5	17	18	19	59	4	100
11/07/2015 00:55	18	23	22	19	82	4	100
11/07/2015 01:00	9	22	28	14	73	4	100
11/07/2015 01:05	9	23	23	16	71	4	100
11/07/2015 01:10	12	19	18	17	66	4	100
11/07/2015 01:15	12	13	25	15	65	4	100
11/07/2015 01:20	11	20	27	15	73	4	100
11/07/2015 01:25	5	16	17	14	52	4	100
11/07/2015 01:30	7	21	15	17	60	4	100
11/07/2015 01:35	14	26	15	15	70	4	100
11/07/2015 01:40	12	21	23	14	70	4	100
11/07/2015 01:45	12	17	16	13	58	4	100
11/07/2015 01:50	4	18	19	10	51	4	100
11/07/2015 01:55	2	17	23	8	50	4	100
11/07/2015 02:00	11	12	21	6	50	4	100
11/07/2015 02:05	6	18	19	13	56	4	100
11/07/2015 02:10	4	9	14	9	36	4	100
11/07/2015 02:15	14	20	15	16	65	4	100
11/07/2015 02:20	7	14	25	11	57	4	100
11/07/2015 02:25	4	16	22	9	51	4	100
11/07/2015 02:30	8	14	17	14	53	4	100
11/07/2015 02:35	3	18	16	10	47	4	100
11/07/2015 02:40	10	20	16	12	58	4	100
11/07/2015 02:45	12	11	21	8	52	4	100
11/07/2015 02:50	8	13	19	15	55	4	100
11/07/2015 02:55	9	18	15	13	55	4	100
11/07/2015 03:00	11	19	17	5	52	4	100
11/07/2015 03:05	7	13	14	9	43	4	100
11/07/2015 03:10	11	18	16	14	59	4	100
11/07/2015 03:15	11	24	19	8	62	4	100
11/07/2015 03:20	8	12	11	7	38	4	100
11/07/2015 03:25	8	16	15	12	51	4	100
11/07/2015 03:30	7	19	19	12	57	4	100
11/07/2015 03:35	7	15	23	9	54	4	100
11/07/2015 03:40	8	17	27	11	63	4	100
11/07/2015 03:45	9	20	16	11	56	4	100
11/07/2015 03:50	15	22	19	13	69	4	100
11/07/2015 03:55	12	22	25	8	67	4	100
11/07/2015 04:00	13	11	16	8	48	4	100
11/07/2015 04:05	16	19	27	14	76	4	100
11/07/2015 04:10	15	23	17	11	66	4	100
11/07/2015 04:15	12	17	22	14	65	4	100
11/07/2015 04:20	18	23	21	9	71	4	100
11/07/2015 04:25	22	32	25	9	88	4	100
11/07/2015 04:30	19	21	26	7	73	4	100
11/07/2015 04:35	20	26	24	10	80	4	100
11/07/2015 04:40	27	44	28	18	117	4	100
11/07/2015 04:45	24	34	27	13	98	4	100
11/07/2015 04:50	22	37	29	16	104	4	100
11/07/2015 04:55	33	38	33	22	126	4	100
11/07/2015 05:00	36	38	26	16	116	4	100
11/07/2015 05:05	32	35	32	13	112	4	100
11/07/2015 05:10	42	53	35	28	158	4	100
11/07/2015 05:15	38	54	45	22	159	4	100
11/07/2015 05:20	48	49	52	25	174	4	100
11/07/2015 05:25	51	59	37	33	180	4	100
11/07/2015 05:30	57	58	49	26	190	4	100
11/07/2015 05:35	52	56	60	27	195	4	100
11/07/2015 05:40	63	72	63	30	228	4	100
11/07/2015 05:45	58	73	64	38	233	4	100
11/07/2015 05:50	62	71	49	48	230	4	100
11/07/2015 05:55	65	79	54	25	223	4	100
11/07/2015 06:00	58	61	62	35	216	4	100
11/07/2015 06:05	70	76	61	34	241	4	100
11/07/2015 06:10	67	79	61	39	246	4	100
11/07/2015 06:15	72	81	62	41	256	4	100
11/07/2015 06:20	93	79	83	39	294	4	100
11/07/2015 06:25	104	111	95	53	363	4	100
11/07/2015 06:30	100	106	98	56	360	4	100
11/07/2015 06:35	115	117	92	65	389	4	100
11/07/2015 06:40	135	116	90	65	406	4	100
11/07/2015 06:45	122	120	105	67	414	4	100
11/07/2015 06:50	117	108	95	60	380	4	100
11/07/2015 06:55	121	118	103	63	405	4	100
11/07/2015 07:00	121	124	101	58	404	4	100
11/07/2015 07:05	106	123	109	64	402	4	100
11/07/2015 07:10	121	115	106	64	406	4	100
11/07/2015 07:15	124	117	96	52	389	4	100
11/07/2015 07:20	137	142	115	74	468	4	100
11/07/2015 07:25	131	134	99	64	428	4	100
11/07/2015 07:30	154	145	112	73	484	4	100
11/07/2015 07:35	130	117	93	78	418	4	100
11/07/2015 07:40	115	112	94	63	384	4	100
11/07/2015 07:45	137	133	112	71	453	4	100
11/07/2015 07:50	145	134	135	75	489	4	100
11/07/2015 07:55	144	116	110	77	447	4	100
11/07/2015 08:00	121	118	103	63	405	4	100
11/07/2015 08:05	121	127	97	68	413	4	100
11/07/2015 08:10	139	129	111	82	461	4	100
11/07/2015 08:15	121	119	98	74	412	4	100
11/07/2015 08:20	133	122	125	73	453	4	100
11/07/2015 08:25	148	134	131	82	495	4	100
11/07/2015 08:30	154	152	113	86	505	4	100
11/07/2015 08:35	162	142	139	87	530	4	100
11/07/2015 08:40	177	137	121	90	525	4	100
11/07/2015 08:45	136	133	120	73	462	4	100
11/07/2015 08:50	148	148	133	97	526	4	100
11/07/2015 08:55	143	149	129	82	503	4	100
11/07/2015 09:00	129	140	120	67	456	4	100
11/07/2015 09:05	128	124	111	68	431	4	100
11/07/2015 09:10	132	136	117	70	455	4	100
11/07/2015 09:15	120	117	117	87	441	4	100
11/07/2015 09:20	134	132	112	73	451	4	100
11/07/2015 09:25	151	145	126	86	508	4	100
11/07/2015 09:30	146	143	120	79	488	4	100
11/07/2015 09:35	141	133	126	81	481	4	100
11/07/2015 09:40	147	150	137	97	531	4	100
11/07/2015 09:45	178	148	132	97	555	4	100
11/07/2015 09:50	146	144	120	89	499	4	100
11/07/2015 09:55	148	117	120	93	478	4	100
11/07/2015 10:00	140	137	109	82	468	4	100
11/07/2015 10:05	111	112	124	72	419	4	100
11/07/2015 10:10	133	123	107	88	451	4	100
11/07/2015 10:15	122	128	105	73	428	4	100
11/07/2015 10:20	138	129	119	66	452	4	100
11/07/2015 10:25	127	133	105	78	443	4	100
11/07/2015 10:30	145	139	106	77	467	4	100
11/07/2015 10:35	127	125	119	73	444	4	100
11/07/2015 10:40	133	131	123	85	472	4	100
11/07/2015 10:45	142	137	121	83	483	4	100
11/07/2015 10:50	134	127	124	78	463	4	100
11/07/2015 10:55	129	107	116	84	436	4	100
11/07/2015 11:00	88	72	71	65	296	4	100
11/07/2015 11:05	133	135	105	96	469	4	100
11/07/2015 11:10	148	143	122	86	499	4	100
11/07/2015 11:15	132	135	128	87	482	4	100
11/07/2015 11:20	121	137	129	83	470	4	100
11/07/2015 11:25	134	124	110	90	458	4	100
11/07/2015 11:30	131	129	110	68	438	4	100
11/07/2015 11:35	134	127	123	84	468	4	100
11/07/2015 11:40	131	135	114	77	457	4	100
11/07/2015 11:45	136	138	110	76	460	4	100
11/07/2015 11:50	125	126	115	81	447	4	100
11/07/2015 11:55	134	131	118	82	465	4	100
11/07/2015 12:00	140	131	123	83	477	4	100
11/07/2015 12:05	112	122	103	70	407	4	100
11/07/2015 12:10	121	123	103	82	429	4	100
11/07/2015 12:15	132	120	110	81	443	4	100
11/07/2015 12:20	133	138	123	85	479	4	100
11/07/2015 12:25	119	113	118	87	437	4	100
11/07/2015 12:30	132	147	122	85	486	4	100
11/07/2015 12:35	130	130	115	90	465	4	100
11/07/2015 12:40	154	129	123	82	488	4	100
11/07/2015 12:45	131	124	109	86	450	4	100
11/07/2015 12:50	119	131	117	79	446	4	100
11/07/2015 12:55	130	126	114	84	454	4	100
11/07/2015 13:00	121	108	111	80	420	4	100
11/07/2015 13:05	117	106	110	80	413	4	100
11/07/2015 13:10	120	125	105	84	434	4	100
11/07/2015 13:15	136	122	122	77	457	4	100
11/07/2015 13:20	126	122	114	83	445	4	100
11/07/2015 13:25	139	131	109	72	451	4	100
11/07/2015 13:30	128	111	102	66	407	4	100
11/07/2015 13:35	136	124	122	72	454	4	100
11/07/2015 13:40	128	129	118	82	457	4	100
11/07/2015 13:45	132	132	122	85	471	4	100
11/07/2015 13:50	118	119	118	86	441	4	100
11/07/2015 13:55	130	132	108	92	462	4	100
11/07/2015 14:00	111	111	103	71	396	4	100
11/07/2015 14:05	131	122	102	79	434	4	100
11/07/2015 14:10	133	123	116	79	451	4	100
11/07/2015 14:15	111	125	122	80	438	4	100
11/07/2015 14:20	141	130	116	87	474	4	100
11/07/2015 14:25	113	123	110	84	430	4	100
11/07/2015 14:30	114	119	119	69	421	4	100
11/07/2015 14:35	114	138	112	83	447	4	100
11/07/2015 14:40	119	126	107	72	424	4	100
11/07/2015 14:45	124	126	111	83	444	4	100
11/07/2015 14:50	130	129	109	82	450	4	100
11/07/2015 14:55	111	96	91	64	362	4	100
11/07/2015 15:00	113	116	99	65	393	4	100
11/07/2015 15:05	120	126	124	71	441	4	100
11/07/2015 15:10	121	129	105	77	432	4	100
11/07/2015 15:15	105	109	121	91	426	4	100
11/07/2015 15:20	133	132	117	98	480	4	100
11/07/2015 15:25	107	116	103	87	413	4	100
11/07/2015 15:30	131	121	113	81	446	4	100
11/07/2015 15:35	124	118	131	76	449	4	100
11/07/2015 15:40	115	114	89	90	408	4	100
11/07/2015 15:45	120	134	101	87	442	4	100
11/07/2015 15:50	121	118	101	74	414	4	100
11/07/2015 15:55	111	107	106	69	393	4	100
11/07/2015 16:00	115	113	104	75	407	4	100
11/07/2015 16:05	109	99	105	72	385	4	100
11/07/2015 16:10	93	110	107	70	380	4	100
11/07/2015 16:15	121	109	117	88	435	4	100
11/07/2015 16:20	102	127	107	67	403	4	100
11/07/2015 16:25	116	114	103	75	408	4	100
11/07/2015 16:30	125	133	106	67	431	4	100
11/07/2015 16:35	113	116	113	70	412	4	100
11/07/2015 16:40	131	115	92	81	419	4	100
11/07/2015 16:45	113	116	110	64	403	4	100
11/07/2015 16:50	107	117	95	64	383	4	100
11/07/2015 16:55	87	89	81	63	320	4	100
11/07/2015 17:00	112	116	108	71	407	4	100
11/07/2015 17:05	101	112	106	76	395	4	100
11/07/2015 17:10	119	133	114	86	452	4	100
11/07/2015 17:15	100	110	106	82	398	4	100
11/07/2015 17:20	101	113	103	70	387	4	100
11/07/2015 17:25	102	120	118	73	413	4	100
11/07/2015 17:30	117	114	109	73	413	4	100
11/07/2015 17:35	96	107	104	57	364	4	100
11/07/2015 17:40	118	99	110	73	400	4	100
11/07/2015 17:45	126	120	120	70	436	4	100
11/07/2015 17:50	108	120	108	77	413	4	100
11/07/2015 17:55	104	118	97	85	404	4	100
11/07/2015 18:00	119	105	104	67	395	4	100
11/07/2015 18:05	111	105	108	59	383	4	100
11/07/2015 18:10	113	107	122	64	406	4	100
11/07/2015 18:15	114	123	111	68	416	4	100
11/07/2015 18:20	112	116	93	67	388	4	100
11/07/2015 18:25	101	102	116	72	391	4	100
11/07/2015 18:30	104	105	108	69	386	4	100
11/07/2015 18:35	101	108	109	76	394	4	100
11/07/2015 18:40	121	119	110	73	423	4	100
11/07/2015 18:45	83	104	91	67	345	4	100
11/07/2015 18:50	90	115	94	61	360	4	100
11/07/2015 18:55	89	90	86	73	338	4	100
11/07/2015 19:00	77	92	98	53	320	4	100
11/07/2015 19:05	82	96	87	60	325	4	100
11/07/2015 19:10	95	100	113	71	379	4	100
11/07/2015 19:15	88	97	100	52	337	4	100
11/07/2015 19:20	71	98	98	78	345	4	100
11/07/2015 19:25	87	88	98	67	340	4	100
11/07/2015 19:30	101	90	77	62	330	4	100
11/07/2015 19:35	84	93	91	54	322	4	100
11/07/2015 19:40	67	85	86	68	306	4	100
11/07/2015 19:45	63	89	83	72	307	4	100
11/07/2015 19:50	56	78	81	61	276	4	100
11/07/2015 19:55	64	84	91	45	284	4	100
11/07/2015 20:00	65	74	82	55	276	4	100
11/07/2015 20:05	71	82	85	59	297	4	100
11/07/2015 20:10	62	71	77	55	265	4	100
11/07/2015 20:15	58	84	93	60	295	4	100
11/07/2015 20:20	69	81	74	56	280	4	100
11/07/2015 20:25	77	88	75	50	290	4	100
11/07/2015 20:30	63	74	73	59	269	4	100
11/07/2015 20:35	62	78	81	48	269	4	100
11/07/2015 20:40	72	85	81	57	295	4	100
11/07/2015 20:45	66	87	65	56	274	4	100
11/07/2015 20:50	62	87	83	54	286	4	100
11/07/2015 20:55	62	84	79	59	284	4	100
11/07/2015 21:00	60	71	73	49	253	4	100
11/07/2015 21:05	76	79	75	46	276	4	100
11/07/2015 21:10	76	89	75	39	279	4	100
11/07/2015 21:15	55	80	88	64	287	4	100
11/07/2015 21:20	82	81	69	43	275	4	100
11/07/2015 21:25	52	73	65	50	240	4	100
11/07/2015 21:30	53	81	90	54	278	4	100
11/07/2015 21:35	61	84	87	42	274	4	100
11/07/2015 21:40	70	76	86	60	292	4	100
11/07/2015 21:45	68	83	66	50	267	4	100
11/07/2015 21:50	77	75	77	54	283	4	100
11/07/2015 21:55	72	75	73	38	258	4	100
11/07/2015 22:00	61	67	59	45	232	4	100
11/07/2015 22:05	56	79	61	52	248	4	100
11/07/2015 22:10	46	73	67	51	237	4	100
11/07/2015 22:15	46	66	71	36	219	4	100
11/07/2015 22:20	50	72	65	51	238	4	100
11/07/2015 22:25	52	59	61	44	216	4	100
11/07/2015 22:30	57	68	67	40	232	4	100
11/07/2015 22:35	63	78	69	45	255	4	100
11/07/2015 22:40	54	73	65	44	236	4	100
11/07/2015 22:45	40	57	67	42	206	4	100
11/07/2015 22:50	37	48	49	46	180	4	100
11/07/2015 22:55	37	52	65	39	193	4	100
11/07/2015 23:00	40	58	49	34	181	4	100
11/07/2015 23:05	29	42	37	35	143	4	100
11/07/2015 23:10	41	56	51	31	179	4	100
11/07/2015 23:15	35	51	48	45	179	4	100
11/07/2015 23:20	40	57	67	41	205	4	100
11/07/2015 23:25	36	43	47	35	161	4	100
11/07/2015 23:30	38	48	63	39	188	4	100
11/07/2015 23:35	24	47	60	37	168	4	100
11/07/2015 23:40	25	42	47	32	146	4	100
11/07/2015 23:45	32	48	53	35	168	4	100
11/07/2015 23:50	25	49	51	23	148	4	100
11/07/2015 23:55	20	41	45	25	131	4	100
11/08/2015 00:00	20	36	35	26	117	4	100
11/08/2015 00:05	26	39	39	25	129	4	100
11/08/2015 00:10	21	35	37	21	114	4	100
11/08/2015 00:15	18	33	38	23	112	4	100
11/08/2015 00:20	21	42	43	28	134	4	100
11/08/2015 00:25	26	29	40	36	131	4	100
11/08/2015 00:30	23	37	35	18	113	4	100
11/08/2015 00:35	17	30	36	26	109	4	100
11/08/2015 00:40	22	34	26	26	108	4	100
11/08/2015 00:45	15	29	27	12	83	4	100
11/08/2015 00:50	10	30	34	22	96	4	100
11/08/2015 00:55	10	30	37	17	94	4	100
11/08/2015 01:00	8	23	27	15	73	4	100
11/08/2015 01:05	13	29	29	15	86	4	100
11/08/2015 01:10	13	20	22	18	73	4	100
11/08/2015 01:15	10	24	28	20	82	4	100
11/08/2015 01:20	18	17	28	15	78	4	100
11/08/2015 01:25	14	24	19	18	75	4	100
11/08/2015 01:30	15	24	28	16	83	4	100
11/08/2015 01:35	16	26	19	10	71	4	100
11/08/2015 01:40	7	19	15	16	57	4	100
11/08/2015 01:45	11	23	26	15	75	4	100
11/08/2015 01:50	10	16	21	16	63	4	100
11/08/2015 01:55	7	13	23	12	55	4	100
11/08/2015 02:00	5	23	18	7	53	4	100
11/08/2015 02:05	8	22	24	8	62	4	100
11/08/2015 02:10	4	16	22	13	55	4	100
11/08/2015 02:15	8	17	19	17	61	4	100
11/08/2015 02:20	8	18	21	8	55	4	100
11/08/2015 02:25	12	12	18	8	50	4	100
11/08/2015 02:30	9	18	22	13	62	4	100
11/08/2015 02:35	13	11	17	11	52	4	100
11/08/2015 02:40	7	16	16	10	49	4	100
11/08/2015 02:45	8	10	17	11	46	4	100
11/08/2015 02:50	5	16	15	14	50	4	100
11/08/2015 02:55	8	9	17	6	40	4	100
11/08/2015 03:00	3	12	21	11	47	4	100
11/08/2015 03:05	13	15	15	11	54	4	100
11/08/2015 03:10	6	17	11	12	46	4	100
11/08/2015 03:15	2	11	10	15	38	4	100
11/08/2015 03:20	7	12	17	11	47	4	100
11/08/2015 03:25	7	16	28	10	61	4	100
11/08/2015 03:30	7	15	14	12	48	4	100
11/08/2015 03:35	6	12	18	6	42	4	100
11/08/2015 03:40	12	14	16	9	51	4	100
11/08/2015 03:45	7	16	17	13	53	4	100
11/08/2015 03:50	9	19	22	10	60	4	100
11/08/2015 03:55	10	14	20	10	54	4	100
11/08/2015 04:00	7	18	12	13	50	4	100
11/08/2015 04:05	11	14	16	4	45	4	100
11/08/2015 04:10	7	10	11	11	39	4	100
11/08/2015 04:15	12	25	11	14	62	4	100
11/08/2015 04:20	9	21	14	10	54	4	100
11/08/2015 04:25	11	18	16	14	59	4	100
11/08/2015 04:30	16	29	15	11	71	4	100
11/08/2015 04:35	20	22	22	11	75	4	100
11/08/2015 04:40	17	23	14	7	61	4	100
11/08/2015 04:45	9	24	23	8	64	4	100
11/08/2015 04:50	22	27	21	11	81	4	100
11/08/2015 04:55	15	25	20	14	74	4	100
11/08/2015 05:00	13	28	16	11	68	4	100
11/08/2015 05:05	12	23	18	20	73	4	100
11/08/2015 05:10	26	39	21	10	96	4	100
11/08/2015 05:15	26	38	28	17	109	4	100
11/08/2015 05:20	27	32	29	11	99	4	100
11/08/2015 05:25	28	38	35	15	116	4	100
11/08/2015 05:30	26	37	35	25	123	4	100
11/08/2015 05:35	31	42	33	23	129	4	100
11/08/2015 05:40	32	45	39	19	135	4	100
11/08/2015 05:45	32	46	38	21	137	4	100
11/08/2015 05:50	32	34	32	20	118	4	100
11/08/2015 05:55	33	38	37	21	129	4	100
11/08/2015 06:00	30	35	35	15	115	4	100
11/08/2015 06:05	36	42	38	10	126	4	100
11/08/2015 06:10	39	43	46	16	144	4	100
11/08/2015 06:15	53	54	49	29	185	4	100
11/08/2015 06:20	41	49	44	23	157	4	100
11/08/2015 06:25	53	52	55	28	188	4	100
11/08/2015 06:30	50	53	58	32	193	4	100
11/08/2015 06:35	50	55	59	35	199	4	100
11/08/2015 06:40	71	87	73	38	269	4	100
11/08/2015 06:45	44	57	47	43	191	4	100
11/08/2015 06:50	43	59	52	27	181	4	100
11/08/2015 06:55	39	48	56	37	180	4	100
11/08/2015 07:00	80	70	59	41	250	4	100
11/08/2015 07:05	47	65	57	28	197	4	100
11/08/2015 07:10	37	46	50	31	164	4	100
11/08/2015 07:15	49	51	66	25	191	4	100
11/08/2015 07:20	80	76	70	32	258	4	100
11/08/2015 07:25	43	56	64	38	201	4	100
11/08/2015 07:30	45	59	62	35	201	4	100
11/08/2015 07:35	84	89	87	42	302	4	100
11/08/2015 07:40	68	78	69	46	261	4	100
11/08/2015 07:45	90	81	77	42	290	4	100
11/08/2015 07:50	60	79	69	44	252	4	100
11/08/2015 07:55	55	82	69	40	246	4	100
11/08/2015 08:00	46	61	64	45	216	4	100
11/08/2015 08:05	86	89	77	42	294	4	100
11/08/2015 08:10	76	92	76	37	281	4	100
11/08/2015 08:15	84	83	69	55	291	4	100
11/08/2015 08:20	58	82	67	52	259	4	100
11/08/2015 08:25	83	79	76	57	295	4	100
11/08/2015 08:30	80	102	76	55	313	4	100
11/08/2015 08:35	88	98	87	54	327	4	100
11/08/2015 08:40	82	103	81	60	326	4	100
11/08/2015 08:45	106	99	94	69	368	4	100
11/08/2015 08:50	98	104	97	62	361	4	100
11/08/2015 08:55	99	111	82	60	352	4	100
11/08/2015 09:00	96	103	91	56	346	4	100
11/08/2015 09:05	77	94	98	56	325	4	100
11/08/2015 09:10	90	90	93	49	322	4	100
11/08/2015 09:15	93	108	94	73	368	4	100
11/08/2015 09:20	93	99	82	64	338	4	100
11/08/2015 09:25	95	97	85	64	341	4	100
11/08/2015 09:30	119	116	103	71	409	4	100
11/08/2015 09:35	113	128	109	73	423	4	100
11/08/2015 09:40	105	109	123	65	402	4	100
11/08/2015 09:45	113	111	101	60	385	4	100
11/08/2015 09:50	106	112	105	52	375	4	100
11/08/2015 09:55	103	106	98	62	369	4	100
11/08/2015 10:00	108	106	108	77	399	4	100
11/08/2015 10:05	98	117	91	65	371	4	100
11/08/2015 10:10	104	118	86	77	385	4	100
11/08/2015 10:15	99	110	113	70	392	4	100
11/08/2015 10:20	108	114	104	62	388	4	100
11/08/2015 10:25	108	114	109	74	405	4	100
11/08/2015 10:30	123	118	105	66	412	4	100
11/08/2015 10:35	114	114	103	57	388	4	100
11/08/2015 10:40	116	122	104	73	415	4	100
11/08/2015 10:45	121	126	120	78	445	4	100
11/08/2015 10:50	113	129	107	69	418	4	100
11/08/2015 10:55	105	110	109	79	403	4	100
11/08/2015 11:00	107	106	103	66	382	4	100
11/08/2015 11:05	122	116	99	68	405	4	100
11/08/2015 11:10	107	104	100	80	391	4	100
11/08/2015 11:15	117	132	111	67	427	4	100
11/08/2015 11:20	110	128	102	67	407	4	100
11/08/2015 11:25	119	116	108	62	405	4	100
11/08/2015 11:30	113	129	120	75	437	4	100
11/08/2015 11:35	113	115	124	81	433	4	100
11/08/2015 11:40	113	103	127	63	406	4	100
11/08/2015 11:45	112	119	117	81	429	4	100
11/08/2015 11:50	95	111	98	83	387	4	100
11/08/2015 11:55	114	125	107	73	419	4	100
11/08/2015 12:00	112	117	102	67	398	4	100
11/08/2015 12:05	115	106	118	86	425	4	100
11/08/2015 12:10	113	110	104	70	397	4	100
11/08/2015 12:15	104	119	107	79	409	4	100
11/08/2015 12:20	105	119	114	82	420	4	100
11/08/2015 12:25	126	116	118	86	446	4	100
11/08/2015 12:30	137	116	112	82	447	4	100
11/08/2015 12:35	116	132	106	77	431	4	100
11/08/2015 12:40	111	126	110	68	415	4	100
11/08/2015 12:45	126	124	124	84	458	4	100
11/08/2015 12:50	112	114	113	69	408	4	100
11/08/2015 12:55	125	125	110	67	427	4	100
11/08/2015 13:00	102	123	118	70	413	4	100
11/08/2015 13:05	107	100	107	62	376	4	100
11/08/2015 13:10	115	114	100	72	401	4	100
11/08/2015 13:15	113	123	125	62	423	4	100
11/08/2015 13:20	118	122	103	86	429	4	100
11/08/2015 13:25	106	134	108	89	437	4	100
11/08/2015 13:30	96	101	103	60	360	4	100
11/08/2015 13:35	63	56	65	47	231	4	100
11/08/2015 13:40	135	132	114	79	460	4	100
11/08/2015 13:45	126	117	132	87	462	4	100
11/08/2015 13:50	103	104	91	72	370	4	100
11/08/2015 13:55	115	113	112	78	418	4	100
11/08/2015 14:00	106	106	116	74	402	4	100
11/08/2015 14:05	116	119	105	73	413	4	100
11/08/2015 14:10	109	104	101	66	380	4	100
11/08/2015 14:15	109	115	90	76	390	4	100
11/08/2015 14:20	111	131	109	75	426	4	100
11/08/2015 14:25	116	109	99	78	402	4	100
11/08/2015 14:30	131	127	114	77	449	4	100
11/08/2015 14:35	124	121	126	67	438	4	100
11/08/2015 14:40	142	125	119	77	463	4	100
11/08/2015 14:45	106	117	100	72	395	4	100
11/08/2015 14:50	116	114	97	72	399	4	100
11/08/2015 14:55	114	95	102	77	388	4	100
11/08/2015 15:00	109	125	108	76	418	4	100
11/08/2015 15:05	95	116	109	73	393	4	100
11/08/2015 15:10	116	129	113	75	433	4	100
11/08/2015 15:15	90	103	110	78	381	4	100
11/08/2015 15:20	124	128	119	78	449	4	100
11/08/2015 15:25	117	120	108	80	425	4	100
11/08/2015 15:30	118	123	117	69	427	4	100
11/08/2015 15:35	127	121	117	69	434	4	100
11/08/2015 15:40	112	113	107	61	393	4	100
11/08/2015 15:45	129	125	113	67	434	4	100
11/08/2015 15:50	124	124	113	73	434	4	100
11/08/2015 15:55	107	123	112	71	413	4	100
11/08/2015 16:00	113	113	110	72	408	4	100
11/08/2015 16:05	112	124	79	77	392	4	100
11/08/2015 16:10	110	113	104	87	414	4	100
11/08/2015 16:15	117	101	97	75	390	4	100
11/08/2015 16:20	67	69	61	54	251	4	100
11/08/2015 16:25	133	119	117	110	479	4	100
11/08/2015 16:30	110	118	97	71	396	4	100
11/08/2015 16:35	125	119	118	74	436	4	100
11/08/2015 16:40	111	114	110	70	405	4	100
11/08/2015 16:45	131	127	128	72	458	4	100
11/08/2015 16:50	128	117	102	70	417	4	100
11/08/2015 16:55	117	125	119	76	437	4	100
11/08/2015 17:00	126	120	103	67	416	4	100
11/08/2015 17:05	126	114	111	72	423	4	100
11/08/2015 17:10	123	109	117	73	422	4	100
11/08/2015 17:15	114	135	113	74	436	4	100
11/08/2015 17:20	117	119	107	69	412	4	100
11/08/2015 17:25	101	120	102	70	393	4	100
11/08/2015 17:30	104	118	101	67	390	4	100
11/08/2015 17:35	122	124	105	89	440	4	100
11/08/2015 17:40	125	117	108	66	416	4	100
11/08/2015 17:45	114	122	107	88	431	4	100
11/08/2015 17:50	120	111	119	61	411	4	100
11/08/2015 17:55	106	111	104	81	402	4	100
11/08/2015 18:00	81	97	78	45	301	4	100
11/08/2015 18:05	111	99	94	66	370	4	100
11/08/2015 18:10	92	109	106	71	378	4	100
11/08/2015 18:15	118	102	100	61	381	4	100
11/08/2015 18:20	110	121	106	81	418	4	100
11/08/2015 18:25	108	108	101	61	378	4	100
11/08/2015 18:30	112	105	102	72	391	4	100
11/08/2015 18:35	113	109	101	65	388	4	100
11/08/2015 18:40	92	95	92	58	337	4	100
11/08/2015 18:45	84	98	91	67	340	4	100
11/08/2015 18:50	96	92	103	59	350	4	100
11/08/2015 18:55	93	85	87	62	327	4	100
11/08/2015 19:00	96	103	90	63	352	4	100
11/08/2015 19:05	93	115	99	62	369	4	100
11/08/2015 19:10	106	114	94	66	380	4	100
11/08/2015 19:15	92	111	86	68	357	4	100
11/08/2015 19:20	95	110	87	58	350	4	100
11/08/2015 19:25	86	94	80	56	316	4	100
11/08/2015 19:30	99	98	88	57	342	4	100
11/08/2015 19:35	105	104	91	50	350	4	100
11/08/2015 19:40	93	100	102	59	354	4	100
11/08/2015 19:45	104	99	98	62	363	4	100
11/08/2015 19:50	92	98	101	61	352	4	100
11/08/2015 19:55	86	80	86	56	308	4	100
11/08/2015 20:00	93	93	79	57	322	4	100
11/08/2015 20:05	81	86	79	58	304	4	100
11/08/2015 20:10	92	95	94	51	332	4	100
11/08/2015 20:15	76	84	80	48	288	4	100
11/08/2015 20:20	55	85	76	50	266	4	100
11/08/2015 20:25	80	84	82	61	307	4	100
11/08/2015 20:30	78	85	79	62	304	4	100
11/08/2015 20:35	79	90	72	47	288	4	100
11/08/2015 20:40	75	84	87	53	299	4	100
11/08/2015 20:45	87	81	84	44	296	4	100
11/08/2015 20:50	74	82	67	55	278	4	100
11/08/2015 20:55	77	89	84	49	299	4	100
11/08/2015 21:00	73	81	73	39	266	4	100
11/08/2015 21:05	69	77	80	53	279	4	100
11/08/2015 21:10	70	73	67	47	257	4	100
11/08/2015 21:15	53	61	64	37	215	4	100
11/08/2015 21:20	73	77	90	44	284	4	100
11/08/2015 21:25	88	85	80	42	295	4	100
11/08/2015 21:30	66	69	58	43	236	4	100
11/08/2015 21:35	72	72	60	42	246	4	100
11/08/2015 21:40	69	72	72	40	253	4	100
11/08/2015 21:45	56	57	57	35	205	4	100
11/08/2015 21:50	55	63	54	46	218	4	100
11/08/2015 21:55	56	63	57	47	223	4	100
11/08/2015 22:00	53	72	54	25	204	4	100
11/08/2015 22:05	45	59	63	25	192	4	100
11/08/2015 22:10	53	61	51	45	210	4	100
11/08/2015 22:15	46	52	47	34	179	4	100
11/08/2015 22:20	34	54	45	29	162	4	100
11/08/2015 22:25	49	47	47	30	173	4	100
11/08/2015 22:30	38	50	41	29	158	4	100
11/08/2015 22:35	36	47	43	20	146	4	100
11/08/2015 22:40	36	47	38	21	142	4	100
11/08/2015 22:45	29	47	40	27	143	4	100
11/08/2015 22:50	48	53	47	25	173	4	100
11/08/2015 22:55	29	37	37	21	124	4	100
11/08/2015 23:00	29	33	36	24	122	4	100
11/08/2015 23:05	23	42	36	27	128	4	100
11/08/2015 23:10	22	34	38	25	119	4	100
11/08/2015 23:15	23	36	40	28	127	4	100
11/08/2015 23:20	22	39	41	18	120	4	100
11/08/2015 23:25	22	36	39	16	113	4	100
11/08/2015 23:30	24	33	26	16	99	4	100
11/08/2015 23:35	23	27	32	16	98	4	100
11/08/2015 23:40	23	28	33	20	104	4	100
11/08/2015 23:45	18	25	23	25	91	4	100
11/08/2015 23:50	18	30	32	15	95	4	100
11/08/2015 23:55	14	29	34	15	92	4	100
