5 Minutes	Lane 1 Flow (Veh/5 Minutes)	Lane 2 Flow (Veh/5 Minutes)	Lane 3 Flow (Veh/5 Minutes)	Lane 4 Flow (Veh/5 Minutes)	Lane 5 Flow (Veh/5 Minutes)	Flow (Veh/5 Minutes)	# Lane Points	% Observed
11/09/2015 00:00	294	48	45	25	43	455	5	100
11/09/2015 00:05	300	47	41	23	25	436	5	100
11/09/2015 00:10	303	55	59	27	20	464	5	100
11/09/2015 00:15	276	72	48	36	51	483	5	100
11/09/2015 00:20	312	62	41	20	7	442	5	100
11/09/2015 00:25	333	50	37	14	40	474	5	100
11/09/2015 00:30	283	49	37	38	51	458	5	100
11/09/2015 00:35	305	49	40	18	20	432	5	100
11/09/2015 00:40	320	58	41	20	11	450	5	100
11/09/2015 00:45	299	44	39	39	46	467	5	100
11/09/2015 00:50	278	44	32	25	33	412	5	100
11/09/2015 00:55	287	49	33	26	34	429	5	100
11/09/2015 01:00	265	35	25	33	70	428	5	100
11/09/2015 01:05	295	53	32	23	24	427	5	100
11/09/2015 01:10	255	37	19	8	33	352	5	100
11/09/2015 01:15	283	40	33	44	26	426	5	100
11/09/2015 01:20	301	29	23	17	37	407	5	100
11/09/2015 01:25	264	30	25	32	13	364	5	100
11/09/2015 01:30	311	41	32	43	61	488	5	100
11/09/2015 01:35	292	28	32	30	25	407	5	100
11/09/2015 01:40	282	50	23	26	35	416	5	100
11/09/2015 01:45	275	42	31	36	38	422	5	100
11/09/2015 01:50	272	32	34	18	47	403	5	100
11/09/2015 01:55	269	43	45	37	32	426	5	100
11/09/2015 02:00	318	35	20	13	13	399	5	100
11/09/2015 02:05	300	40	38	32	11	421	5	100
11/09/2015 02:10	213	31	27	46	8	325	5	100
11/09/2015 02:15	267	52	40	66	68	493	5	100
11/09/2015 02:20	282	35	31	13	64	425	5	100
11/09/2015 02:25	327	31	27	39	7	431	5	100
11/09/2015 02:30	270	29	18	12	41	370	5	100
11/09/2015 02:35	243	35	25	8	7	318	5	100
11/09/2015 02:40	253	31	37	34	85	440	5	100
11/09/2015 02:45	212	40	36	48	34	370	5	100
11/09/2015 02:50	267	52	24	7	44	394	5	100
11/09/2015 02:55	287	36	25	33	7	388	5	100
11/09/2015 03:00	241	46	34	55	46	422	5	100
11/09/2015 03:05	267	42	39	19	9	376	5	100
11/09/2015 03:10	292	43	35	27	73	470	5	100
11/09/2015 03:15	239	36	34	19	54	382	5	100
11/09/2015 03:20	253	60	44	92	16	465	5	100
11/09/2015 03:25	324	42	36	27	17	446	5	100
11/09/2015 03:30	274	43	40	58	23	438	5	100
11/09/2015 03:35	208	51	54	59	42	414	5	100
11/09/2015 03:40	285	44	50	50	32	461	5	100
11/09/2015 03:45	236	61	60	60	81	498	5	100
11/09/2015 03:50	191	80	46	58	62	437	5	100
11/09/2015 03:55	219	60	61	39	72	451	5	100
11/09/2015 04:00	235	71	65	53	56	480	5	100
11/09/2015 04:05	266	64	52	24	104	510	5	100
11/09/2015 04:10	266	60	58	52	58	494	5	100
11/09/2015 04:15	304	81	69	38	85	577	5	100
11/09/2015 04:20	313	95	80	105	32	625	5	100
11/09/2015 04:25	313	126	80	66	77	662	5	100
11/09/2015 04:30	283	111	86	89	91	660	5	100
11/09/2015 04:35	323	120	108	51	70	672	5	100
11/09/2015 04:40	276	118	112	91	101	698	5	100
11/09/2015 04:45	328	130	119	138	96	811	5	100
11/09/2015 04:50	286	132	113	60	81	672	5	100
11/09/2015 04:55	347	128	111	123	106	815	5	100
11/09/2015 05:00	347	138	117	89	61	752	5	100
11/09/2015 05:05	342	155	123	78	91	789	5	100
11/09/2015 05:10	366	185	167	128	81	927	5	100
11/09/2015 05:15	371	197	169	108	133	978	5	100
11/09/2015 05:20	355	223	198	122	95	993	5	100
11/09/2015 05:25	376	213	231	178	116	1114	5	100
11/09/2015 05:30	296	163	189	240	96	984	5	100
11/09/2015 05:35	356	218	205	187	126	1092	5	100
11/09/2015 05:40	322	200	195	221	171	1109	5	100
11/09/2015 05:45	264	156	156	161	188	925	5	100
11/09/2015 05:50	306	185	192	178	140	1001	5	100
11/09/2015 05:55	329	168	175	186	190	1048	5	100
11/09/2015 06:00	290	197	175	162	132	956	5	100
11/09/2015 06:05	278	173	148	156	179	934	5	100
11/09/2015 06:10	266	153	131	179	227	956	5	100
11/09/2015 06:15	258	155	141	162	233	949	5	100
11/09/2015 06:20	319	195	171	193	159	1037	5	100
11/09/2015 06:25	324	162	168	157	180	991	5	100
11/09/2015 06:30	262	157	161	177	162	919	5	100
11/09/2015 06:35	319	210	183	148	194	1054	5	100
11/09/2015 06:40	345	209	183	169	165	1071	5	100
11/09/2015 06:45	308	183	177	162	210	1040	5	100
11/09/2015 06:50	374	213	202	157	211	1157	5	100
11/09/2015 06:55	289	168	169	192	189	1007	5	100
11/09/2015 07:00	345	177	176	167	136	1001	5	100
11/09/2015 07:05	288	139	142	177	185	931	5	100
11/09/2015 07:10	365	210	199	188	162	1124	5	100
11/09/2015 07:15	372	204	211	180	121	1088	5	100
11/09/2015 07:20	353	196	199	174	174	1096	5	100
11/09/2015 07:25	313	156	168	162	188	987	5	100
11/09/2015 07:30	347	196	212	169	141	1065	5	100
11/09/2015 07:35	346	190	202	187	157	1082	5	100
11/09/2015 07:40	293	174	159	154	172	952	5	100
11/09/2015 07:45	361	185	196	199	158	1099	5	100
11/09/2015 07:50	378	185	206	191	141	1101	5	100
11/09/2015 07:55	312	175	160	153	231	1031	5	100
11/09/2015 08:00	334	196	179	187	177	1073	5	100
11/09/2015 08:05	369	199	208	178	151	1105	5	100
11/09/2015 08:10	358	201	200	157	152	1068	5	100
11/09/2015 08:15	368	204	203	165	158	1098	5	100
11/09/2015 08:20	390	201	225	177	157	1150	5	100
11/09/2015 08:25	322	190	205	201	128	1046	5	100
11/09/2015 08:30	357	210	211	188	131	1097	5	100
11/09/2015 08:35	303	160	165	151	125	904	5	100
11/09/2015 08:40	345	207	211	193	146	1102	5	100
11/09/2015 08:45	376	225	216	163	102	1082	5	100
11/09/2015 08:50	383	211	203	195	168	1160	5	100
11/09/2015 08:55	390	221	202	180	88	1081	5	100
11/09/2015 09:00	345	192	172	160	87	956	5	100
11/09/2015 09:05	396	189	203	168	130	1086	5	100
11/09/2015 09:10	353	210	202	137	131	1033	5	100
11/09/2015 09:15	337	207	193	154	128	1019	5	100
11/09/2015 09:20	398	194	176	199	122	1089	5	100
11/09/2015 09:25	386	201	167	119	103	976	5	100
11/09/2015 09:30	398	208	188	154	99	1047	5	100
11/09/2015 09:35	411	208	191	171	117	1098	5	100
11/09/2015 09:40	347	185	172	125	122	951	5	100
11/09/2015 09:45	388	198	185	125	81	977	5	100
11/09/2015 09:50	367	200	187	129	75	958	5	100
11/09/2015 09:55	361	192	182	134	134	1003	5	100
11/09/2015 10:00	388	213	193	146	127	1067	5	100
11/09/2015 10:05	378	195	181	122	103	979	5	100
11/09/2015 10:10	349	170	166	114	80	879	5	100
11/09/2015 10:15	358	184	159	139	62	902	5	100
11/09/2015 10:20	373	180	174	140	139	1006	5	100
11/09/2015 10:25	363	204	177	157	84	985	5	100
11/09/2015 10:30	313	178	153	132	114	890	5	100
11/09/2015 10:35	353	196	164	102	121	936	5	100
11/09/2015 10:40	376	195	173	126	126	996	5	100
11/09/2015 10:45	333	188	171	153	129	974	5	100
11/09/2015 10:50	340	186	154	119	84	883	5	100
11/09/2015 10:55	369	218	181	159	105	1032	5	100
11/09/2015 11:00	319	186	167	143	113	928	5	100
11/09/2015 11:05	367	207	165	160	84	983	5	100
11/09/2015 11:10	374	176	175	136	86	947	5	100
11/09/2015 11:15	322	203	175	148	91	939	5	100
11/09/2015 11:20	368	172	146	112	94	892	5	100
11/09/2015 11:25	381	160	134	123	91	889	5	100
11/09/2015 11:30	377	185	176	121	111	970	5	100
11/09/2015 11:35	337	163	154	121	70	845	5	100
11/09/2015 11:40	394	171	165	97	56	883	5	100
11/09/2015 11:45	353	171	141	104	89	858	5	100
11/09/2015 11:50	381	195	155	113	106	950	5	100
11/09/2015 11:55	373	184	141	94	77	869	5	100
11/09/2015 12:00	374	178	177	116	106	951	5	100
11/09/2015 12:05	371	192	155	119	102	939	5	100
11/09/2015 12:10	371	190	169	132	77	939	5	100
11/09/2015 12:15	351	166	164	107	97	885	5	100
11/09/2015 12:20	346	172	152	104	100	874	5	100
11/09/2015 12:25	367	196	183	146	102	994	5	100
11/09/2015 12:30	326	190	165	121	112	914	5	100
11/09/2015 12:35	348	175	168	139	107	937	5	100
11/09/2015 12:40	328	190	147	141	79	885	5	100
11/09/2015 12:45	345	184	167	98	86	880	5	100
11/09/2015 12:50	301	182	161	91	94	829	5	100
11/09/2015 12:55	310	182	149	124	64	829	5	100
11/09/2015 13:00	353	171	150	92	96	862	5	100
11/09/2015 13:05	336	193	174	109	105	917	5	100
11/09/2015 13:10	339	170	173	118	98	898	5	100
11/09/2015 13:15	266	148	140	105	126	785	5	100
11/09/2015 13:20	304	184	169	89	92	838	5	100
11/09/2015 13:25	360	194	169	172	106	1001	5	100
11/09/2015 13:30	320	179	147	101	103	850	5	100
11/09/2015 13:35	323	172	169	103	105	872	5	100
11/09/2015 13:40	307	164	163	107	81	822	5	100
11/09/2015 13:45	318	183	156	111	142	910	5	100
11/09/2015 13:50	299	173	151	101	113	837	5	100
11/09/2015 13:55	317	164	150	108	96	835	5	100
11/09/2015 14:00	281	172	163	103	102	821	5	100
11/09/2015 14:05	323	194	160	108	104	889	5	100
11/09/2015 14:10	316	184	161	161	102	924	5	100
11/09/2015 14:15	281	152	175	115	99	822	5	100
11/09/2015 14:20	320	184	138	105	87	834	5	100
11/09/2015 14:25	289	175	173	155	96	888	5	100
11/09/2015 14:30	301	199	194	131	76	901	5	100
11/09/2015 14:35	274	194	160	104	105	837	5	100
11/09/2015 14:40	337	198	166	142	67	910	5	100
11/09/2015 14:45	254	185	165	130	129	863	5	100
11/09/2015 14:50	281	190	150	109	83	813	5	100
11/09/2015 14:55	309	185	164	108	106	872	5	100
11/09/2015 15:00	291	192	154	110	100	847	5	100
11/09/2015 15:05	284	174	158	93	100	809	5	100
11/09/2015 15:10	302	177	171	127	72	849	5	100
11/09/2015 15:15	306	180	189	119	113	907	5	100
11/09/2015 15:20	269	198	172	127	107	873	5	100
11/09/2015 15:25	342	190	170	107	105	914	5	100
11/09/2015 15:30	308	188	186	134	75	891	5	100
11/09/2015 15:35	327	166	166	139	89	887	5	100
11/09/2015 15:40	274	198	176	132	115	895	5	100
11/09/2015 15:45	304	166	160	126	112	868	5	100
11/09/2015 15:50	359	189	154	117	83	902	5	100
11/09/2015 15:55	293	184	180	132	106	895	5	100
11/09/2015 16:00	316	188	174	122	118	918	5	100
11/09/2015 16:05	351	196	171	115	149	982	5	100
11/09/2015 16:10	300	186	188	184	80	938	5	100
11/09/2015 16:15	348	193	185	155	119	1000	5	100
11/09/2015 16:20	325	190	164	125	88	892	5	100
11/09/2015 16:25	360	194	178	142	141	1015	5	100
11/09/2015 16:30	304	193	190	117	76	880	5	100
11/09/2015 16:35	352	192	192	188	123	1047	5	100
11/09/2015 16:40	373	215	196	141	103	1028	5	100
11/09/2015 16:45	370	173	189	147	113	992	5	100
11/09/2015 16:50	385	185	188	190	104	1052	5	100
11/09/2015 16:55	369	189	184	137	87	966	5	100
11/09/2015 17:00	365	210	203	164	115	1057	5	100
11/09/2015 17:05	386	209	193	150	135	1073	5	100
11/09/2015 17:10	349	193	192	150	128	1012	5	100
11/09/2015 17:15	306	153	152	143	152	906	5	100
11/09/2015 17:20	341	194	190	168	113	1006	5	100
11/09/2015 17:25	330	189	196	171	105	991	5	100
11/09/2015 17:30	363	174	165	184	123	1009	5	100
11/09/2015 17:35	373	139	178	131	105	926	5	100
11/09/2015 17:40	361	170	163	156	81	931	5	100
11/09/2015 17:45	332	125	143	108	100	808	5	100
11/09/2015 17:50	355	129	138	126	77	825	5	100
11/09/2015 17:55	339	140	147	102	115	843	5	100
11/09/2015 18:00	358	186	207	151	156	1058	5	100
11/09/2015 18:05	358	190	203	180	137	1068	5	100
11/09/2015 18:10	341	189	171	183	150	1034	5	100
11/09/2015 18:15	334	175	168	183	137	997	5	100
11/09/2015 18:20	293	157	158	154	105	867	5	100
11/09/2015 18:25	313	195	155	131	162	956	5	100
11/09/2015 18:30	349	172	163	127	129	940	5	100
11/09/2015 18:35	338	194	173	135	134	974	5	100
11/09/2015 18:40	375	157	156	119	108	915	5	100
11/09/2015 18:45	340	174	161	152	106	933	5	100
11/09/2015 18:50	372	176	154	128	107	937	5	100
11/09/2015 18:55	338	157	156	105	99	855	5	100
11/09/2015 19:00	378	153	131	105	74	841	5	100
11/09/2015 19:05	366	164	161	120	69	880	5	100
11/09/2015 19:10	360	157	124	121	113	875	5	100
11/09/2015 19:15	369	166	155	113	71	874	5	100
11/09/2015 19:20	383	144	140	103	98	868	5	100
11/09/2015 19:25	367	150	126	112	73	828	5	100
11/09/2015 19:30	347	152	120	147	102	868	5	100
11/09/2015 19:35	340	139	126	92	77	774	5	100
11/09/2015 19:40	324	129	130	102	80	765	5	100
11/09/2015 19:45	357	130	126	83	64	760	5	100
11/09/2015 19:50	372	151	143	104	67	837	5	100
11/09/2015 19:55	334	138	113	100	73	758	5	100
11/09/2015 20:00	325	135	113	100	67	740	5	100
11/09/2015 20:05	372	125	107	96	134	834	5	100
11/09/2015 20:10	326	131	106	79	80	722	5	100
11/09/2015 20:15	344	129	120	126	62	781	5	100
11/09/2015 20:20	299	111	125	127	30	692	5	100
11/09/2015 20:25	355	124	123	78	62	742	5	100
11/09/2015 20:30	337	129	122	78	84	750	5	100
11/09/2015 20:35	268	113	105	76	70	632	5	100
11/09/2015 20:40	325	112	111	74	91	713	5	100
11/09/2015 20:45	326	106	100	76	45	653	5	100
11/09/2015 20:50	322	125	108	89	85	729	5	100
11/09/2015 20:55	344	119	123	91	53	730	5	100
11/09/2015 21:00	317	121	101	68	94	701	5	100
11/09/2015 21:05	326	121	123	122	55	747	5	100
11/09/2015 21:10	315	135	121	117	72	760	5	100
11/09/2015 21:15	302	136	107	112	63	720	5	100
11/09/2015 21:20	251	103	100	69	60	583	5	100
11/09/2015 21:25	322	121	103	96	87	729	5	100
11/09/2015 21:30	302	123	116	103	92	736	5	100
11/09/2015 21:35	336	103	97	97	83	716	5	100
11/09/2015 21:40	350	124	94	79	71	718	5	100
11/09/2015 21:45	298	110	95	103	61	667	5	100
11/09/2015 21:50	352	101	88	73	62	676	5	100
11/09/2015 21:55	309	92	98	139	88	726	5	100
11/09/2015 22:00	342	114	94	76	65	691	5	100
11/09/2015 22:05	334	102	88	88	88	700	5	100
11/09/2015 22:10	331	100	90	71	61	653	5	100
11/09/2015 22:15	336	95	88	123	98	740	5	100
11/09/2015 22:20	322	93	89	74	52	630	5	100
11/09/2015 22:25	312	128	99	71	50	660	5	100
11/09/2015 22:30	321	100	86	76	51	634	5	100
11/09/2015 22:35	354	83	77	50	92	656	5	100
11/09/2015 22:40	274	89	77	50	52	542	5	100
11/09/2015 22:45	297	81	68	73	46	565	5	100
11/09/2015 22:50	340	72	76	38	81	607	5	100
11/09/2015 22:55	273	66	50	49	90	528	5	100
11/09/2015 23:00	334	88	73	52	52	599	5	100
11/09/2015 23:05	281	72	80	64	47	544	5	100
11/09/2015 23:10	325	67	67	53	37	549	5	100
11/09/2015 23:15	329	64	58	31	51	533	5	100
11/09/2015 23:20	343	61	58	49	104	615	5	100
11/09/2015 23:25	334	62	61	95	46	598	5	100
11/09/2015 23:30	238	63	54	30	15	400	5	100
11/09/2015 23:35	286	85	58	42	46	517	5	100
11/09/2015 23:40	306	66	51	37	69	529	5	100
11/09/2015 23:45	305	63	39	57	49	513	5	100
11/09/2015 23:50	283	64	39	22	46	454	5	100
11/09/2015 23:55	316	74	63	91	78	622	5	100
11/10/2015 00:00	278	63	46	32	51	470	5	100
11/10/2015 00:05	304	50	49	35	40	478	5	100
11/10/2015 00:10	296	46	46	27	29	444	5	100
11/10/2015 00:15	292	48	45	49	32	466	5	100
11/10/2015 00:20	301	50	42	28	61	482	5	100
11/10/2015 00:25	286	47	40	42	37	452	5	100
11/10/2015 00:30	232	60	30	29	37	388	5	100
11/10/2015 00:35	292	51	31	55	43	472	5	100
11/10/2015 00:40	316	49	45	28	39	477	5	100
11/10/2015 00:45	285	51	43	37	40	456	5	100
11/10/2015 00:50	289	54	43	36	39	461	5	100
11/10/2015 00:55	282	43	26	68	45	464	5	100
11/10/2015 01:00	266	38	35	53	45	437	5	100
11/10/2015 01:05	322	36	40	61	52	511	5	100
11/10/2015 01:10	267	46	40	40	47	440	5	100
11/10/2015 01:15	296	36	33	32	30	427	5	100
11/10/2015 01:20	300	28	36	68	11	443	5	100
11/10/2015 01:25	290	51	32	71	41	485	5	100
11/10/2015 01:30	271	39	36	38	30	414	5	100
11/10/2015 01:35	272	34	33	24	39	402	5	100
11/10/2015 01:40	308	37	30	38	69	482	5	100
11/10/2015 01:45	281	43	36	29	40	429	5	100
11/10/2015 01:50	304	23	27	37	29	420	5	100
11/10/2015 01:55	252	43	48	34	30	407	5	100
11/10/2015 02:00	295	35	35	32	76	473	5	100
11/10/2015 02:05	293	45	42	58	39	477	5	100
11/10/2015 02:10	267	57	34	29	37	424	5	100
11/10/2015 02:15	283	52	35	73	13	456	5	100
11/10/2015 02:20	275	52	31	36	24	418	5	100
11/10/2015 02:25	294	36	25	41	69	465	5	100
11/10/2015 02:30	312	34	34	72	40	492	5	100
11/10/2015 02:35	319	29	28	62	10	448	5	100
11/10/2015 02:40	273	49	33	22	64	441	5	100
11/10/2015 02:45	268	38	31	14	18	369	5	100
11/10/2015 02:50	261	51	38	57	46	453	5	100
11/10/2015 02:55	257	42	27	28	48	402	5	100
11/10/2015 03:00	264	48	45	79	44	480	5	100
11/10/2015 03:05	298	41	31	60	59	489	5	100
11/10/2015 03:10	292	45	32	23	64	456	5	100
11/10/2015 03:15	256	64	46	30	17	413	5	100
11/10/2015 03:20	230	48	40	57	82	457	5	100
11/10/2015 03:25	296	52	47	51	60	506	5	100
11/10/2015 03:30	262	49	42	20	42	415	5	100
11/10/2015 03:35	241	52	46	37	46	422	5	100
11/10/2015 03:40	236	83	60	85	67	531	5	100
11/10/2015 03:45	230	54	51	45	42	422	5	100
11/10/2015 03:50	256	63	52	41	47	459	5	100
11/10/2015 03:55	239	43	46	55	73	456	5	100
11/10/2015 04:00	253	65	43	42	53	456	5	100
11/10/2015 04:05	246	53	46	38	44	427	5	100
11/10/2015 04:10	296	65	59	27	80	527	5	100
11/10/2015 04:15	191	84	65	35	54	429	5	100
11/10/2015 04:20	351	80	70	47	82	630	5	100
11/10/2015 04:25	261	108	72	92	99	632	5	100
11/10/2015 04:30	311	130	111	107	67	726	5	100
11/10/2015 04:35	256	89	80	64	52	541	5	100
11/10/2015 04:40	324	144	116	89	97	770	5	100
11/10/2015 04:45	323	136	105	116	105	785	5	100
11/10/2015 04:50	300	123	87	63	121	694	5	100
11/10/2015 04:55	276	134	101	71	86	668	5	100
11/10/2015 05:00	284	133	103	133	73	726	5	100
11/10/2015 05:05	310	165	137	91	65	768	5	100
11/10/2015 05:10	323	155	154	108	101	841	5	100
11/10/2015 05:15	361	204	191	112	114	982	5	100
11/10/2015 05:20	344	211	202	141	98	996	5	100
11/10/2015 05:25	306	189	190	161	181	1027	5	100
11/10/2015 05:30	321	214	202	206	134	1077	5	100
11/10/2015 05:35	363	198	205	176	141	1083	5	100
11/10/2015 05:40	301	204	207	173	139	1024	5	100
11/10/2015 05:45	281	189	182	189	161	1002	5	100
11/10/2015 05:50	342	179	183	170	162	1036	5	100
11/10/2015 05:55	224	122	113	142	230	831	5	100
11/10/2015 06:00	242	128	117	134	198	819	5	100
11/10/2015 06:05	272	144	128	140	195	879	5	100
11/10/2015 06:10	230	148	113	144	220	855	5	100
11/10/2015 06:15	242	142	137	151	225	897	5	100
11/10/2015 06:20	275	162	140	142	186	905	5	100
11/10/2015 06:25	264	161	135	175	231	966	5	100
11/10/2015 06:30	270	165	121	180	179	915	5	100
11/10/2015 06:35	307	177	160	173	171	988	5	100
11/10/2015 06:40	223	165	154	164	188	894	5	100
11/10/2015 06:45	313	185	171	141	176	986	5	100
11/10/2015 06:50	321	201	189	148	165	1024	5	100
11/10/2015 06:55	339	199	203	171	174	1086	5	100
11/10/2015 07:00	323	191	186	196	168	1064	5	100
11/10/2015 07:05	297	170	163	147	185	962	5	100
11/10/2015 07:10	316	182	199	194	129	1020	5	100
11/10/2015 07:15	321	193	179	151	204	1048	5	100
11/10/2015 07:20	331	191	190	173	148	1033	5	100
11/10/2015 07:25	344	167	191	180	161	1043	5	100
11/10/2015 07:30	344	194	198	188	164	1088	5	100
11/10/2015 07:35	359	199	189	174	185	1106	5	100
11/10/2015 07:40	368	195	195	195	130	1083	5	100
11/10/2015 07:45	313	181	178	167	168	1007	5	100
11/10/2015 07:50	363	195	194	171	120	1043	5	100
11/10/2015 07:55	360	194	190	161	175	1080	5	100
11/10/2015 08:00	346	195	203	156	170	1070	5	100
11/10/2015 08:05	321	176	168	166	173	1004	5	100
11/10/2015 08:10	313	183	149	166	153	964	5	100
11/10/2015 08:15	356	193	194	187	150	1080	5	100
11/10/2015 08:20	351	212	185	166	140	1054	5	100
11/10/2015 08:25	349	205	202	185	152	1093	5	100
11/10/2015 08:30	297	174	165	148	151	935	5	100
11/10/2015 08:35	340	194	176	161	147	1018	5	100
11/10/2015 08:40	329	177	188	152	129	975	5	100
11/10/2015 08:45	352	201	190	156	142	1041	5	100
11/10/2015 08:50	349	211	200	168	117	1045	5	100
11/10/2015 08:55	354	198	201	210	129	1092	5	100
11/10/2015 09:00	307	183	172	166	144	972	5	100
11/10/2015 09:05	333	174	180	147	115	949	5	100
11/10/2015 09:10	340	199	185	175	139	1038	5	100
11/10/2015 09:15	332	165	166	153	104	920	5	100
11/10/2015 09:20	310	172	164	164	114	924	5	100
11/10/2015 09:25	267	153	153	128	133	834	5	100
11/10/2015 09:30	326	198	184	157	112	977	5	100
11/10/2015 09:35	366	186	177	154	128	1011	5	100
11/10/2015 09:40	277	159	151	140	142	869	5	100
11/10/2015 09:45	306	174	160	140	143	923	5	100
11/10/2015 09:50	304	179	179	157	137	956	5	100
11/10/2015 09:55	356	170	170	151	107	954	5	100
11/10/2015 10:00	324	176	168	149	134	951	5	100
11/10/2015 10:05	265	189	158	162	102	876	5	100
11/10/2015 10:10	327	203	170	133	142	975	5	100
11/10/2015 10:15	347	188	190	162	84	971	5	100
11/10/2015 10:20	330	201	196	134	86	947	5	100
11/10/2015 10:25	323	214	182	140	79	938	5	100
11/10/2015 10:30	357	178	158	91	113	897	5	100
11/10/2015 10:35	360	205	170	95	93	923	5	100
11/10/2015 10:40	313	183	180	133	83	892	5	100
11/10/2015 10:45	318	200	175	112	98	903	5	100
11/10/2015 10:50	336	187	158	120	84	885	5	100
11/10/2015 10:55	360	198	192	130	95	975	5	100
11/10/2015 11:00	333	198	168	153	82	934	5	100
11/10/2015 11:05	320	221	172	126	89	928	5	100
11/10/2015 11:10	350	199	165	89	92	895	5	100
11/10/2015 11:15	362	188	171	106	109	936	5	100
11/10/2015 11:20	352	166	144	123	74	859	5	100
11/10/2015 11:25	352	204	172	124	92	944	5	100
11/10/2015 11:30	341	165	148	105	87	846	5	100
11/10/2015 11:35	348	197	164	101	94	904	5	100
11/10/2015 11:40	304	181	158	109	85	837	5	100
11/10/2015 11:45	319	186	177	107	77	866	5	100
11/10/2015 11:50	360	185	177	102	86	910	5	100
11/10/2015 11:55	311	163	177	101	74	826	5	100
11/10/2015 12:00	349	186	161	104	86	886	5	100
11/10/2015 12:05	318	177	156	85	63	799	5	100
11/10/2015 12:10	360	198	158	143	105	964	5	100
11/10/2015 12:15	359	193	184	113	88	937	5	100
11/10/2015 12:20	323	170	166	111	100	870	5	100
11/10/2015 12:25	308	178	160	120	91	857	5	100
11/10/2015 12:30	338	213	182	119	87	939	5	100
11/10/2015 12:35	351	187	164	130	90	922	5	100
11/10/2015 12:40	314	195	167	106	68	850	5	100
11/10/2015 12:45	337	182	179	99	103	900	5	100
11/10/2015 12:50	317	192	181	120	107	917	5	100
11/10/2015 12:55	346	183	153	148	100	930	5	100
11/10/2015 13:00	306	159	152	111	78	806	5	100
11/10/2015 13:05	304	167	158	128	86	843	5	100
11/10/2015 13:10	344	206	169	120	103	942	5	100
11/10/2015 13:15	306	206	163	130	112	917	5	100
11/10/2015 13:20	347	192	161	117	158	975	5	100
11/10/2015 13:25	317	197	181	115	77	887	5	100
11/10/2015 13:30	320	188	170	116	105	899	5	100
11/10/2015 13:35	319	201	161	107	85	873	5	100
11/10/2015 13:40	314	211	174	125	112	936	5	100
11/10/2015 13:45	296	198	172	124	104	894	5	100
11/10/2015 13:50	342	197	167	103	69	878	5	100
11/10/2015 13:55	342	188	166	99	94	889	5	100
11/10/2015 14:00	303	209	175	97	83	867	5	100
11/10/2015 14:05	300	180	170	118	96	864	5	100
11/10/2015 14:10	347	184	170	114	84	899	5	100
11/10/2015 14:15	358	191	170	121	126	966	5	100
11/10/2015 14:20	294	171	166	114	91	836	5	100
11/10/2015 14:25	333	189	177	98	105	902	5	100
11/10/2015 14:30	338	170	174	124	89	895	5	100
11/10/2015 14:35	284	171	170	111	107	843	5	100
11/10/2015 14:40	318	184	163	125	91	881	5	100
11/10/2015 14:45	314	199	161	113	109	896	5	100
11/10/2015 14:50	339	201	164	111	109	924	5	100
11/10/2015 14:55	329	181	152	124	108	894	5	100
11/10/2015 15:00	268	192	181	122	102	865	5	100
11/10/2015 15:05	325	195	181	134	90	925	5	100
11/10/2015 15:10	348	204	202	140	105	999	5	100
11/10/2015 15:15	324	190	194	133	99	940	5	100
11/10/2015 15:20	330	195	181	127	110	943	5	100
11/10/2015 15:25	346	187	172	108	89	902	5	100
11/10/2015 15:30	302	189	159	151	110	911	5	100
11/10/2015 15:35	315	198	180	133	95	921	5	100
11/10/2015 15:40	336	186	185	138	105	950	5	100
11/10/2015 15:45	270	189	172	131	99	861	5	100
11/10/2015 15:50	340	192	190	118	119	959	5	100
11/10/2015 15:55	332	201	184	134	79	930	5	100
11/10/2015 16:00	340	180	176	116	98	910	5	100
11/10/2015 16:05	319	189	199	166	132	1005	5	100
11/10/2015 16:10	306	184	171	131	83	875	5	100
11/10/2015 16:15	364	205	184	130	95	978	5	100
11/10/2015 16:20	358	192	168	150	103	971	5	100
11/10/2015 16:25	372	204	199	167	114	1056	5	100
11/10/2015 16:30	362	182	201	169	144	1058	5	100
11/10/2015 16:35	351	182	195	155	118	1001	5	100
11/10/2015 16:40	358	202	201	164	90	1015	5	100
11/10/2015 16:45	304	178	165	161	133	941	5	100
11/10/2015 16:50	330	179	169	154	114	946	5	100
11/10/2015 16:55	319	152	165	140	168	944	5	100
11/10/2015 17:00	372	166	187	155	170	1050	5	100
11/10/2015 17:05	269	143	137	143	178	870	5	100
11/10/2015 17:10	290	169	150	159	165	933	5	100
11/10/2015 17:15	256	140	138	139	175	848	5	100
11/10/2015 17:20	245	134	131	138	177	825	5	100
11/10/2015 17:25	277	151	145	171	217	961	5	100
11/10/2015 17:30	340	164	145	141	166	956	5	100
11/10/2015 17:35	241	134	111	120	267	873	5	100
11/10/2015 17:40	250	139	125	126	141	781	5	100
11/10/2015 17:45	257	141	133	135	163	829	5	100
11/10/2015 17:50	228	132	134	181	188	863	5	100
11/10/2015 17:55	257	129	111	114	194	805	5	100
11/10/2015 18:00	306	170	142	133	171	922	5	100
11/10/2015 18:05	274	141	134	166	159	874	5	100
11/10/2015 18:10	313	164	153	164	174	968	5	100
11/10/2015 18:15	286	147	148	132	193	906	5	100
11/10/2015 18:20	257	141	134	150	228	910	5	100
11/10/2015 18:25	259	146	142	138	156	841	5	100
11/10/2015 18:30	318	167	168	143	143	939	5	100
11/10/2015 18:35	236	139	124	132	188	819	5	100
11/10/2015 18:40	352	197	178	189	154	1070	5	100
11/10/2015 18:45	320	168	188	171	144	991	5	100
11/10/2015 18:50	286	143	135	137	183	884	5	100
11/10/2015 18:55	346	186	174	157	115	978	5	100
11/10/2015 19:00	363	157	152	148	103	923	5	100
11/10/2015 19:05	352	155	146	101	77	831	5	100
11/10/2015 19:10	353	163	173	145	112	946	5	100
11/10/2015 19:15	366	162	137	127	92	884	5	100
11/10/2015 19:20	363	158	157	120	101	899	5	100
11/10/2015 19:25	344	165	144	110	115	878	5	100
11/10/2015 19:30	324	142	143	122	103	834	5	100
11/10/2015 19:35	351	166	148	104	93	862	5	100
11/10/2015 19:40	364	163	145	97	109	878	5	100
11/10/2015 19:45	347	137	156	114	78	832	5	100
11/10/2015 19:50	339	159	158	96	76	828	5	100
11/10/2015 19:55	311	142	121	108	74	756	5	100
11/10/2015 20:00	347	155	129	123	76	830	5	100
11/10/2015 20:05	354	142	127	75	73	771	5	100
11/10/2015 20:10	333	128	120	104	70	755	5	100
11/10/2015 20:15	327	156	138	103	117	841	5	100
11/10/2015 20:20	336	140	129	136	49	790	5	100
11/10/2015 20:25	311	131	111	84	104	741	5	100
11/10/2015 20:30	344	131	116	91	41	723	5	100
11/10/2015 20:35	307	133	136	118	79	773	5	100
11/10/2015 20:40	322	134	110	92	78	736	5	100
11/10/2015 20:45	318	146	109	68	81	722	5	100
11/10/2015 20:50	336	111	105	80	42	674	5	100
11/10/2015 20:55	317	123	114	102	71	727	5	100
11/10/2015 21:00	327	157	121	72	84	761	5	100
11/10/2015 21:05	319	125	131	88	78	741	5	100
11/10/2015 21:10	306	129	123	105	65	728	5	100
11/10/2015 21:15	313	129	128	138	74	782	5	100
11/10/2015 21:20	309	151	120	64	64	708	5	100
11/10/2015 21:25	318	133	111	129	41	732	5	100
11/10/2015 21:30	314	116	98	89	86	703	5	100
11/10/2015 21:35	330	127	106	83	71	717	5	100
11/10/2015 21:40	286	130	119	159	71	765	5	100
11/10/2015 21:45	306	117	105	76	106	710	5	100
11/10/2015 21:50	308	135	99	92	70	704	5	100
11/10/2015 21:55	294	115	97	84	83	673	5	100
11/10/2015 22:00	332	138	119	98	60	747	5	100
11/10/2015 22:05	259	95	90	72	96	612	5	100
11/10/2015 22:10	283	111	94	57	62	607	5	100
11/10/2015 22:15	292	118	111	67	60	648	5	100
11/10/2015 22:20	261	127	105	68	66	627	5	100
11/10/2015 22:25	242	95	86	78	48	549	5	100
11/10/2015 22:30	198	92	84	114	63	551	5	100
11/10/2015 22:35	254	87	87	109	45	582	5	100
11/10/2015 22:40	275	83	72	60	101	591	5	100
11/10/2015 22:45	193	75	86	68	54	476	5	100
11/10/2015 22:50	169	79	76	45	59	428	5	100
11/10/2015 22:55	171	71	62	57	40	401	5	100
11/10/2015 23:00	212	79	65	51	88	495	5	100
11/10/2015 23:05	216	64	74	47	33	434	5	100
11/10/2015 23:10	235	76	62	38	48	459	5	100
11/10/2015 23:15	229	66	65	60	71	491	5	100
11/10/2015 23:20	196	52	51	45	45	389	5	100
11/10/2015 23:25	237	59	46	31	46	419	5	100
11/10/2015 23:30	237	81	64	95	62	539	5	100
11/10/2015 23:35	276	61	65	25	45	472	5	100
11/10/2015 23:40	154	42	59	60	14	329	5	100
11/10/2015 23:45	218	75	70	40	49	452	5	100
11/10/2015 23:50	169	48	54	72	20	363	5	100
11/10/2015 23:55	201	49	49	52	48	399	5	100
11/11/2015 00:00	206	56	64	81	15	422	5	100
11/11/2015 00:05	207	67	50	26	47	397	5	100
11/11/2015 00:10	233	54	53	61	88	489	5	100
11/11/2015 00:15	198	52	51	97	54	452	5	100
11/11/2015 00:20	228	52	47	43	76	446	5	100
11/11/2015 00:25	223	47	35	53	34	392	5	100
11/11/2015 00:30	260	50	60	87	73	530	5	100
11/11/2015 00:35	206	47	35	59	46	393	5	100
11/11/2015 00:40	286	63	45	58	36	488	5	100
11/11/2015 00:45	223	40	36	63	39	401	5	100
11/11/2015 00:50	205	40	37	71	37	390	5	100
11/11/2015 00:55	184	31	34	24	51	324	5	100
11/11/2015 01:00	191	37	44	44	47	363	5	100
11/11/2015 01:05	206	45	28	59	80	418	5	100
11/11/2015 01:10	205	39	37	51	48	380	5	100
11/11/2015 01:15	174	49	47	65	46	381	5	100
11/11/2015 01:20	209	46	31	14	73	373	5	100
11/11/2015 01:25	246	46	46	111	57	506	5	100
11/11/2015 01:30	118	28	26	19	49	240	5	100
11/11/2015 01:35	204	27	36	56	44	367	5	100
11/11/2015 01:40	216	43	37	33	63	392	5	100
11/11/2015 01:45	247	28	34	36	42	387	5	100
11/11/2015 01:50	202	35	44	57	46	384	5	100
11/11/2015 01:55	178	56	41	57	50	382	5	100
11/11/2015 02:00	229	50	33	47	71	430	5	100
11/11/2015 02:05	94	39	53	114	36	336	5	100
11/11/2015 02:10	213	27	41	81	62	424	5	100
11/11/2015 02:15	206	43	29	59	43	380	5	100
11/11/2015 02:20	176	41	28	44	47	336	5	100
11/11/2015 02:25	150	31	43	43	30	297	5	100
11/11/2015 02:30	166	36	40	29	52	323	5	100
11/11/2015 02:35	216	35	50	40	42	383	5	100
11/11/2015 02:40	169	28	18	37	53	305	5	100
11/11/2015 02:45	185	38	35	82	64	404	5	100
11/11/2015 02:50	163	33	41	114	74	425	5	100
11/11/2015 02:55	187	42	35	31	28	323	5	100
11/11/2015 03:00	189	37	26	16	20	288	5	100
11/11/2015 03:05	188	31	31	30	10	290	5	100
11/11/2015 03:10	162	29	38	63	71	363	5	100
11/11/2015 03:15	209	41	38	69	58	415	5	100
11/11/2015 03:20	222	44	33	41	34	374	5	100
11/11/2015 03:25	160	29	26	21	18	254	5	100
11/11/2015 03:30	162	53	32	34	64	345	5	100
11/11/2015 03:35	174	60	50	77	23	384	5	100
11/11/2015 03:40	157	58	54	38	34	341	5	100
11/11/2015 03:45	238	62	61	68	58	487	5	100
11/11/2015 03:50	243	55	51	45	47	441	5	100
11/11/2015 03:55	223	58	45	61	85	472	5	100
11/11/2015 04:00	215	44	41	69	98	467	5	100
11/11/2015 04:05	290	72	54	73	41	530	5	100
11/11/2015 04:10	212	94	60	46	50	462	5	100
11/11/2015 04:15	180	90	65	63	73	471	5	100
11/11/2015 04:20	261	59	52	38	76	486	5	100
11/11/2015 04:25	258	87	63	73	97	578	5	100
11/11/2015 04:30	224	109	87	72	42	534	5	100
11/11/2015 04:35	246	99	93	70	51	559	5	100
11/11/2015 04:40	240	104	111	86	65	606	5	100
11/11/2015 04:45	253	115	93	92	96	649	5	100
11/11/2015 04:50	244	104	93	73	82	596	5	100
11/11/2015 04:55	279	106	113	107	108	713	5	100
11/11/2015 05:00	310	137	100	151	117	815	5	100
11/11/2015 05:05	256	154	111	81	94	696	5	100
11/11/2015 05:10	300	155	129	147	68	799	5	100
11/11/2015 05:15	297	162	137	112	73	781	5	100
11/11/2015 05:20	325	177	155	136	78	871	5	100
11/11/2015 05:25	343	200	181	99	100	923	5	100
11/11/2015 05:30	356	222	197	187	128	1090	5	100
11/11/2015 05:35	244	213	200	195	121	973	5	100
11/11/2015 05:40	308	173	186	160	106	933	5	100
11/11/2015 05:45	328	179	179	155	172	1013	5	100
11/11/2015 05:50	349	171	158	113	147	938	5	100
11/11/2015 05:55	308	170	158	127	117	880	5	100
11/11/2015 06:00	339	178	171	151	131	970	5	100
11/11/2015 06:05	290	169	171	162	105	897	5	100
11/11/2015 06:10	284	161	150	138	111	844	5	100
11/11/2015 06:15	366	194	179	143	149	1031	5	100
11/11/2015 06:20	341	184	172	126	125	948	5	100
11/11/2015 06:25	328	179	190	147	160	1004	5	100
11/11/2015 06:30	374	185	181	143	142	1025	5	100
11/11/2015 06:35	329	189	182	123	148	971	5	100
11/11/2015 06:40	361	190	179	144	160	1034	5	100
11/11/2015 06:45	255	191	173	128	159	906	5	100
11/11/2015 06:50	308	172	172	127	110	889	5	100
11/11/2015 06:55	329	196	162	146	145	978	5	100
11/11/2015 07:00	337	205	181	137	126	986	5	100
11/11/2015 07:05	340	179	193	150	152	1014	5	100
11/11/2015 07:10	340	182	175	107	117	921	5	100
11/11/2015 07:15	317	179	175	162	142	975	5	100
11/11/2015 07:20	294	191	186	141	97	909	5	100
11/11/2015 07:25	347	200	212	179	167	1105	5	100
11/11/2015 07:30	357	209	189	156	155	1066	5	100
11/11/2015 07:35	358	214	217	157	111	1057	5	100
11/11/2015 07:40	351	192	195	171	143	1052	5	100
11/11/2015 07:45	364	202	183	182	150	1081	5	100
11/11/2015 07:50	293	177	147	132	149	898	5	100
11/11/2015 07:55	320	190	171	126	121	928	5	100
11/11/2015 08:00	347	191	184	152	164	1038	5	100
11/11/2015 08:05	372	197	197	200	141	1107	5	100
11/11/2015 08:10	340	204	175	179	119	1017	5	100
11/11/2015 08:15	359	196	194	148	174	1071	5	100
11/11/2015 08:20	364	205	189	136	115	1009	5	100
11/11/2015 08:25	367	198	189	149	124	1027	5	100
11/11/2015 08:30	364	204	191	144	128	1031	5	100
11/11/2015 08:35	363	224	191	164	138	1080	5	100
11/11/2015 08:40	341	175	187	181	96	980	5	100
11/11/2015 08:45	339	196	197	200	143	1075	5	100
11/11/2015 08:50	336	209	185	174	170	1074	5	100
11/11/2015 08:55	365	205	183	138	107	998	5	100
11/11/2015 09:00	366	201	175	140	94	976	5	100
11/11/2015 09:05	340	165	175	135	67	882	5	100
11/11/2015 09:10	345	195	179	119	134	972	5	100
11/11/2015 09:15	337	213	177	127	98	952	5	100
11/11/2015 09:20	348	187	190	126	126	977	5	100
11/11/2015 09:25	361	194	194	127	74	950	5	100
11/11/2015 09:30	339	218	184	168	116	1025	5	100
11/11/2015 09:35	328	172	172	124	93	889	5	100
11/11/2015 09:40	336	211	194	121	76	938	5	100
11/11/2015 09:45	377	195	193	115	99	979	5	100
11/11/2015 09:50	388	200	183	125	91	987	5	100
11/11/2015 09:55	338	191	172	173	80	954	5	100
11/11/2015 10:00	354	204	172	132	74	936	5	100
11/11/2015 10:05	340	199	172	119	82	912	5	100
11/11/2015 10:10	335	193	199	122	87	936	5	100
11/11/2015 10:15	326	187	157	127	76	873	5	100
11/11/2015 10:20	343	210	177	145	81	956	5	100
11/11/2015 10:25	338	206	182	115	91	932	5	100
11/11/2015 10:30	358	193	172	120	94	937	5	100
11/11/2015 10:35	357	208	172	119	73	929	5	100
11/11/2015 10:40	355	202	184	132	85	958	5	100
11/11/2015 10:45	322	191	174	123	78	888	5	100
11/11/2015 10:50	337	203	176	121	90	927	5	100
11/11/2015 10:55	338	168	175	109	99	889	5	100
11/11/2015 11:00	309	184	173	116	70	852	5	100
11/11/2015 11:05	324	192	157	116	102	891	5	100
11/11/2015 11:10	347	185	168	121	76	897	5	100
11/11/2015 11:15	313	195	173	148	87	916	5	100
11/11/2015 11:20	271	189	173	114	94	841	5	100
11/11/2015 11:25	295	169	164	135	106	869	5	100
11/11/2015 11:30	343	199	180	115	102	939	5	100
11/11/2015 11:35	308	198	183	117	78	884	5	100
11/11/2015 11:40	321	232	190	128	101	972	5	100
11/11/2015 11:45	291	192	173	113	118	887	5	100
11/11/2015 11:50	319	186	175	118	101	899	5	100
11/11/2015 11:55	306	200	182	104	67	859	5	100
11/11/2015 12:00	311	190	184	164	84	933	5	100
11/11/2015 12:05	336	192	174	121	83	906	5	100
11/11/2015 12:10	292	177	162	148	73	852	5	100
11/11/2015 12:15	292	179	167	120	105	863	5	100
11/11/2015 12:20	306	179	171	150	83	889	5	100
11/11/2015 12:25	355	179	169	120	114	937	5	100
11/11/2015 12:30	335	167	147	108	93	850	5	100
11/11/2015 12:35	288	182	162	115	65	812	5	100
11/11/2015 12:40	285	173	174	108	107	847	5	100
11/11/2015 12:45	272	161	167	100	86	786	5	100
11/11/2015 12:50	286	176	164	103	99	828	5	100
11/11/2015 12:55	280	186	166	133	83	848	5	100
11/11/2015 13:00	293	172	158	111	94	828	5	100
11/11/2015 13:05	327	166	168	120	89	870	5	100
11/11/2015 13:10	265	191	161	109	87	813	5	100
11/11/2015 13:15	309	176	164	102	96	847	5	100
11/11/2015 13:20	332	175	147	92	91	837	5	100
11/11/2015 13:25	294	193	186	120	89	882	5	100
11/11/2015 13:30	306	186	156	121	116	885	5	100
11/11/2015 13:35	269	201	174	112	85	841	5	100
11/11/2015 13:40	293	163	163	103	102	824	5	100
11/11/2015 13:45	300	191	182	97	124	894	5	100
11/11/2015 13:50	308	189	163	109	86	855	5	100
11/11/2015 13:55	308	173	149	100	99	829	5	100
11/11/2015 14:00	304	173	162	148	87	874	5	100
11/11/2015 14:05	272	187	158	120	96	833	5	100
11/11/2015 14:10	319	187	168	127	100	901	5	100
11/11/2015 14:15	255	182	154	103	92	786	5	100
11/11/2015 14:20	289	190	152	106	107	844	5	100
11/11/2015 14:25	323	178	168	108	99	876	5	100
11/11/2015 14:30	316	170	150	99	70	805	5	100
11/11/2015 14:35	235	201	183	112	102	833	5	100
11/11/2015 14:40	267	178	160	120	53	778	5	100
11/11/2015 14:45	320	200	174	109	96	899	5	100
11/11/2015 14:50	318	201	189	139	106	953	5	100
11/11/2015 14:55	287	188	158	111	91	835	5	100
11/11/2015 15:00	300	202	163	113	92	870	5	100
11/11/2015 15:05	280	187	183	109	95	854	5	100
11/11/2015 15:10	327	213	176	116	90	922	5	100
11/11/2015 15:15	260	196	199	109	102	866	5	100
11/11/2015 15:20	280	178	168	130	102	858	5	100
11/11/2015 15:25	294	202	188	142	116	942	5	100
11/11/2015 15:30	276	180	181	124	105	866	5	100
11/11/2015 15:35	237	179	168	115	114	813	5	100
11/11/2015 15:40	291	180	168	159	83	881	5	100
11/11/2015 15:45	301	183	176	118	91	869	5	100
11/11/2015 15:50	284	181	168	114	88	835	5	100
11/11/2015 15:55	271	204	173	142	111	901	5	100
11/11/2015 16:00	290	164	161	116	64	795	5	100
11/11/2015 16:05	301	206	171	131	102	911	5	100
11/11/2015 16:10	289	199	169	142	78	877	5	100
11/11/2015 16:15	349	178	176	130	92	925	5	100
11/11/2015 16:20	343	187	182	129	71	912	5	100
11/11/2015 16:25	302	188	172	121	69	852	5	100
11/11/2015 16:30	334	193	187	128	115	957	5	100
11/11/2015 16:35	358	192	187	124	84	945	5	100
11/11/2015 16:40	344	191	180	150	123	988	5	100
11/11/2015 16:45	352	217	194	159	101	1023	5	100
11/11/2015 16:50	350	188	195	155	89	977	5	100
11/11/2015 16:55	324	173	172	119	101	889	5	100
11/11/2015 17:00	360	193	166	135	125	979	5	100
11/11/2015 17:05	364	193	176	124	109	966	5	100
11/11/2015 17:10	346	201	206	171	124	1048	5	100
11/11/2015 17:15	359	200	194	183	114	1050	5	100
11/11/2015 17:20	361	188	192	172	161	1074	5	100
11/11/2015 17:25	308	188	168	153	151	968	5	100
11/11/2015 17:30	303	158	138	167	146	912	5	100
11/11/2015 17:35	314	188	162	154	139	957	5	100
11/11/2015 17:40	302	188	187	146	150	973	5	100
11/11/2015 17:45	314	168	158	129	146	915	5	100
11/11/2015 17:50	344	169	171	126	95	905	5	100
11/11/2015 17:55	346	173	165	155	134	973	5	100
11/11/2015 18:00	360	161	155	141	90	907	5	100
11/11/2015 18:05	347	167	178	125	97	914	5	100
11/11/2015 18:10	354	168	166	125	109	922	5	100
11/11/2015 18:15	367	176	169	135	105	952	5	100
11/11/2015 18:20	332	153	167	141	100	893	5	100
11/11/2015 18:25	357	179	150	146	137	969	5	100
11/11/2015 18:30	367	173	163	127	122	952	5	100
11/11/2015 18:35	394	200	181	137	105	1017	5	100
11/11/2015 18:40	353	186	149	106	92	886	5	100
11/11/2015 18:45	318	140	148	112	124	842	5	100
11/11/2015 18:50	361	175	164	128	103	931	5	100
11/11/2015 18:55	389	155	144	112	106	906	5	100
11/11/2015 19:00	353	162	147	156	87	905	5	100
11/11/2015 19:05	352	166	149	143	82	892	5	100
11/11/2015 19:10	320	161	169	121	89	860	5	100
11/11/2015 19:15	371	134	147	118	82	852	5	100
11/11/2015 19:20	343	155	136	107	112	853	5	100
11/11/2015 19:25	363	166	147	127	75	878	5	100
11/11/2015 19:30	371	156	143	98	92	860	5	100
11/11/2015 19:35	348	146	133	132	86	845	5	100
11/11/2015 19:40	350	145	127	104	40	766	5	100
11/11/2015 19:45	308	136	119	101	87	751	5	100
11/11/2015 19:50	336	132	119	101	67	755	5	100
11/11/2015 19:55	340	144	146	113	52	795	5	100
11/11/2015 20:00	322	122	102	69	76	691	5	100
11/11/2015 20:05	321	143	125	113	84	786	5	100
11/11/2015 20:10	328	136	130	113	93	800	5	100
11/11/2015 20:15	319	140	114	101	91	765	5	100
11/11/2015 20:20	304	121	123	104	66	718	5	100
11/11/2015 20:25	342	132	123	94	82	773	5	100
11/11/2015 20:30	335	135	107	79	93	749	5	100
11/11/2015 20:35	346	141	126	91	55	759	5	100
11/11/2015 20:40	331	133	111	82	38	695	5	100
11/11/2015 20:45	352	126	141	118	64	801	5	100
11/11/2015 20:50	328	124	109	76	65	702	5	100
11/11/2015 20:55	354	129	125	118	92	818	5	100
11/11/2015 21:00	344	122	118	92	76	752	5	100
11/11/2015 21:05	305	114	105	83	80	687	5	100
11/11/2015 21:10	329	137	130	82	86	764	5	100
11/11/2015 21:15	327	136	118	78	73	732	5	100
11/11/2015 21:20	300	132	134	115	82	763	5	100
11/11/2015 21:25	319	123	99	79	63	683	5	100
11/11/2015 21:30	297	118	98	98	100	711	5	100
11/11/2015 21:35	288	110	97	71	94	660	5	100
11/11/2015 21:40	308	126	113	99	102	748	5	100
11/11/2015 21:45	316	107	97	121	76	717	5	100
11/11/2015 21:50	297	111	96	107	109	720	5	100
11/11/2015 21:55	315	109	99	80	92	695	5	100
11/11/2015 22:00	305	93	78	68	58	602	5	100
11/11/2015 22:05	311	88	89	82	87	657	5	100
11/11/2015 22:10	292	107	100	90	31	620	5	100
11/11/2015 22:15	280	96	91	111	66	644	5	100
11/11/2015 22:20	231	76	76	79	26	488	5	100
11/11/2015 22:25	217	101	81	58	51	508	5	100
11/11/2015 22:30	224	87	82	67	87	547	5	100
11/11/2015 22:35	175	97	89	93	80	534	5	100
11/11/2015 22:40	227	87	81	77	88	560	5	100
11/11/2015 22:45	276	96	87	61	36	556	5	100
11/11/2015 22:50	204	85	82	78	86	535	5	100
11/11/2015 22:55	265	83	77	76	61	562	5	100
11/11/2015 23:00	191	76	78	60	49	454	5	100
11/11/2015 23:05	210	78	71	124	64	547	5	100
11/11/2015 23:10	246	72	52	42	41	453	5	100
11/11/2015 23:15	199	75	69	61	43	447	5	100
11/11/2015 23:20	254	67	61	83	52	517	5	100
11/11/2015 23:25	223	74	71	58	53	479	5	100
11/11/2015 23:30	236	74	58	47	74	489	5	100
11/11/2015 23:35	217	57	54	59	76	463	5	100
11/11/2015 23:40	171	75	62	77	42	427	5	100
11/11/2015 23:45	250	69	69	77	57	522	5	100
11/11/2015 23:50	177	70	50	44	57	398	5	100
11/11/2015 23:55	193	66	66	51	80	456	5	100
11/12/2015 00:00	185	74	63	97	72	491	5	100
11/12/2015 00:05	222	46	44	73	54	439	5	100
11/12/2015 00:10	143	42	45	40	14	284	5	100
11/12/2015 00:15	171	47	44	30	87	379	5	100
11/12/2015 00:20	199	42	36	63	66	406	5	100
11/12/2015 00:25	195	41	45	67	52	400	5	100
11/12/2015 00:30	214	43	51	54	37	399	5	100
11/12/2015 00:35	175	56	43	63	75	412	5	100
11/12/2015 00:40	177	48	37	32	12	306	5	100
11/12/2015 00:45	230	63	39	16	21	369	5	100
11/12/2015 00:50	203	40	42	46	46	377	5	100
11/12/2015 00:55	244	39	28	61	45	417	5	100
11/12/2015 01:00	154	30	36	55	59	334	5	100
11/12/2015 01:05	230	46	28	76	45	425	5	100
11/12/2015 01:10	160	67	43	99	65	434	5	100
11/12/2015 01:15	226	36	26	24	38	350	5	100
11/12/2015 01:20	176	33	27	35	81	352	5	100
11/12/2015 01:25	193	32	26	46	20	317	5	100
11/12/2015 01:30	130	33	38	66	13	280	5	100
11/12/2015 01:35	182	36	28	53	68	367	5	100
11/12/2015 01:40	202	40	32	18	51	343	5	100
11/12/2015 01:45	295	56	33	41	39	464	5	100
11/12/2015 01:50	157	34	38	83	48	360	5	100
11/12/2015 01:55	150	25	36	45	18	274	5	100
11/12/2015 02:00	229	35	43	95	11	413	5	100
11/12/2015 02:05	184	35	38	117	108	482	5	100
11/12/2015 02:10	189	38	40	33	47	347	5	100
11/12/2015 02:15	116	27	27	27	36	233	5	100
11/12/2015 02:20	152	42	34	31	19	278	5	100
11/12/2015 02:25	226	31	36	57	76	426	5	100
11/12/2015 02:30	168	35	48	99	36	386	5	100
11/12/2015 02:35	142	38	28	34	81	323	5	100
11/12/2015 02:40	164	35	36	64	76	375	5	100
11/12/2015 02:45	270	49	42	50	45	456	5	100
11/12/2015 02:50	168	48	38	40	44	338	5	100
11/12/2015 02:55	199	41	28	37	68	373	5	100
11/12/2015 03:00	114	40	31	24	42	251	5	100
11/12/2015 03:05	178	27	42	39	72	358	5	100
11/12/2015 03:10	167	33	31	43	39	313	5	100
11/12/2015 03:15	147	43	28	44	51	313	5	100
11/12/2015 03:20	221	53	34	43	40	391	5	100
11/12/2015 03:25	177	36	51	124	40	428	5	100
11/12/2015 03:30	151	58	46	55	79	389	5	100
11/12/2015 03:35	251	56	48	43	51	449	5	100
11/12/2015 03:40	206	72	67	56	39	440	5	100
11/12/2015 03:45	168	51	51	106	57	433	5	100
11/12/2015 03:50	154	42	45	31	68	340	5	100
11/12/2015 03:55	205	49	54	67	50	425	5	100
11/12/2015 04:00	259	54	45	60	40	458	5	100
11/12/2015 04:05	267	60	60	47	22	456	5	100
11/12/2015 04:10	167	63	62	120	48	460	5	100
11/12/2015 04:15	268	76	73	51	28	496	5	100
11/12/2015 04:20	225	99	74	33	96	527	5	100
11/12/2015 04:25	284	106	88	63	68	609	5	100
11/12/2015 04:30	316	113	99	61	39	628	5	100
11/12/2015 04:35	271	124	91	80	74	640	5	100
11/12/2015 04:40	286	140	113	115	63	717	5	100
11/12/2015 04:45	256	137	101	67	138	699	5	100
11/12/2015 04:50	250	153	124	84	90	701	5	100
11/12/2015 04:55	263	131	97	74	102	667	5	100
11/12/2015 05:00	265	135	117	89	109	715	5	100
11/12/2015 05:05	279	150	135	90	103	757	5	100
11/12/2015 05:10	351	190	167	121	74	903	5	100
11/12/2015 05:15	358	204	182	144	114	1002	5	100
11/12/2015 05:20	306	194	165	129	106	900	5	100
11/12/2015 05:25	355	224	202	190	109	1080	5	100
11/12/2015 05:30	299	224	217	185	124	1049	5	100
11/12/2015 05:35	300	179	182	193	178	1032	5	100
11/12/2015 05:40	322	199	209	186	119	1035	5	100
11/12/2015 05:45	272	170	176	172	176	966	5	100
11/12/2015 05:50	292	192	185	174	130	973	5	100
11/12/2015 05:55	270	151	130	155	213	919	5	100
11/12/2015 06:00	269	159	169	161	123	881	5	100
11/12/2015 06:05	284	191	182	175	177	1009	5	100
11/12/2015 06:10	347	186	198	186	169	1086	5	100
11/12/2015 06:15	301	199	183	168	191	1042	5	100
11/12/2015 06:20	287	161	171	147	203	969	5	100
11/12/2015 06:25	298	180	153	170	148	949	5	100
11/12/2015 06:30	326	179	192	172	162	1031	5	100
11/12/2015 06:35	303	176	156	166	210	1011	5	100
11/12/2015 06:40	330	179	186	174	162	1031	5	100
11/12/2015 06:45	306	145	180	153	188	972	5	100
11/12/2015 06:50	271	166	157	156	144	894	5	100
11/12/2015 06:55	282	199	181	163	182	1007	5	100
11/12/2015 07:00	247	167	165	166	173	918	5	100
11/12/2015 07:05	279	170	184	167	169	969	5	100
11/12/2015 07:10	296	151	155	156	144	902	5	100
11/12/2015 07:15	309	175	193	157	171	1005	5	100
11/12/2015 07:20	342	189	191	161	179	1062	5	100
11/12/2015 07:25	335	178	187	183	167	1050	5	100
11/12/2015 07:30	326	194	200	197	175	1092	5	100
11/12/2015 07:35	333	200	205	162	142	1042	5	100
11/12/2015 07:40	295	198	197	157	153	1000	5	100
11/12/2015 07:45	302	161	162	174	179	978	5	100
11/12/2015 07:50	320	172	185	171	137	985	5	100
11/12/2015 07:55	257	164	154	179	198	952	5	100
11/12/2015 08:00	262	153	152	164	173	904	5	100
11/12/2015 08:05	379	187	188	190	128	1072	5	100
11/12/2015 08:10	276	169	170	178	204	997	5	100
11/12/2015 08:15	314	175	163	173	156	981	5	100
11/12/2015 08:20	329	153	148	171	160	961	5	100
11/12/2015 08:25	311	164	157	148	182	962	5	100
11/12/2015 08:30	228	159	129	143	163	822	5	100
11/12/2015 08:35	284	162	152	166	146	910	5	100
11/12/2015 08:40	245	150	153	148	169	865	5	100
11/12/2015 08:45	290	150	160	146	192	938	5	100
11/12/2015 08:50	290	152	158	136	130	866	5	100
11/12/2015 08:55	286	174	133	151	130	874	5	100
11/12/2015 09:00	297	178	144	166	174	959	5	100
11/12/2015 09:05	238	141	131	141	181	832	5	100
11/12/2015 09:10	281	176	158	139	148	902	5	100
11/12/2015 09:15	283	174	139	135	137	868	5	100
11/12/2015 09:20	287	184	169	142	137	919	5	100
11/12/2015 09:25	307	188	186	177	110	968	5	100
11/12/2015 09:30	295	150	132	121	154	852	5	100
11/12/2015 09:35	321	180	171	167	137	976	5	100
11/12/2015 09:40	277	159	140	135	142	853	5	100
11/12/2015 09:45	241	154	145	132	143	815	5	100
11/12/2015 09:50	324	161	172	127	160	944	5	100
11/12/2015 09:55	302	163	173	159	153	950	5	100
11/12/2015 10:00	248	155	151	124	125	803	5	100
11/12/2015 10:05	313	171	142	132	108	866	5	100
11/12/2015 10:10	267	159	154	136	133	849	5	100
11/12/2015 10:15	321	171	172	152	97	913	5	100
11/12/2015 10:20	298	177	158	156	122	911	5	100
11/12/2015 10:25	300	173	172	152	110	907	5	100
11/12/2015 10:30	254	169	157	150	108	838	5	100
11/12/2015 10:35	271	195	213	151	102	932	5	100
11/12/2015 10:40	302	198	182	135	103	920	5	100
11/12/2015 10:45	284	186	175	120	100	865	5	100
11/12/2015 10:50	294	197	166	149	116	922	5	100
11/12/2015 10:55	283	182	185	142	83	875	5	100
11/12/2015 11:00	274	162	151	134	97	818	5	100
11/12/2015 11:05	254	176	163	133	107	833	5	100
11/12/2015 11:10	311	174	181	131	82	879	5	100
11/12/2015 11:15	282	189	167	116	90	844	5	100
11/12/2015 11:20	234	172	158	83	89	736	5	100
11/12/2015 11:25	300	172	172	115	95	854	5	100
11/12/2015 11:30	338	199	167	107	84	895	5	100
11/12/2015 11:35	267	166	171	101	78	783	5	100
11/12/2015 11:40	306	178	170	119	86	859	5	100
11/12/2015 11:45	262	180	165	103	80	790	5	100
11/12/2015 11:50	261	168	140	84	51	704	5	100
11/12/2015 11:55	308	178	145	104	87	822	5	100
11/12/2015 12:00	330	188	172	100	87	877	5	100
11/12/2015 12:05	277	189	172	108	103	849	5	100
11/12/2015 12:10	309	184	172	121	80	866	5	100
11/12/2015 12:15	291	173	178	116	86	844	5	100
11/12/2015 12:20	307	174	161	109	90	841	5	100
11/12/2015 12:25	346	208	169	114	92	929	5	100
11/12/2015 12:30	304	203	172	100	94	873	5	100
11/12/2015 12:35	312	177	180	111	79	859	5	100
11/12/2015 12:40	252	177	172	145	79	825	5	100
11/12/2015 12:45	306	191	178	129	93	897	5	100
11/12/2015 12:50	281	155	149	117	95	797	5	100
11/12/2015 12:55	284	184	165	103	93	829	5	100
11/12/2015 13:00	273	194	168	138	78	851	5	100
11/12/2015 13:05	278	165	155	112	101	811	5	100
11/12/2015 13:10	293	194	166	112	89	854	5	100
11/12/2015 13:15	293	176	172	94	107	842	5	100
11/12/2015 13:20	307	174	172	101	103	857	5	100
11/12/2015 13:25	339	169	167	118	115	908	5	100
11/12/2015 13:30	303	178	148	104	97	830	5	100
11/12/2015 13:35	291	203	182	134	82	892	5	100
11/12/2015 13:40	304	205	175	104	107	895	5	100
11/12/2015 13:45	271	178	174	113	138	874	5	100
11/12/2015 13:50	298	189	156	115	113	871	5	100
11/12/2015 13:55	284	196	166	109	78	833	5	100
11/12/2015 14:00	314	178	170	89	109	860	5	100
11/12/2015 14:05	310	187	170	94	77	838	5	100
11/12/2015 14:10	326	152	158	96	121	853	5	100
11/12/2015 14:15	312	199	161	96	81	849	5	100
11/12/2015 14:20	284	189	178	125	90	866	5	100
11/12/2015 14:25	284	187	169	119	117	876	5	100
11/12/2015 14:30	358	191	170	116	100	935	5	100
11/12/2015 14:35	258	199	178	122	99	856	5	100
11/12/2015 14:40	309	191	151	119	94	864	5	100
11/12/2015 14:45	281	200	190	118	88	877	5	100
11/12/2015 14:50	307	193	163	119	105	887	5	100
11/12/2015 14:55	318	193	163	121	108	903	5	100
11/12/2015 15:00	293	183	175	102	100	853	5	100
11/12/2015 15:05	293	172	172	154	107	898	5	100
11/12/2015 15:10	309	187	181	129	106	912	5	100
11/12/2015 15:15	304	173	190	123	87	877	5	100
11/12/2015 15:20	276	185	183	121	71	836	5	100
11/12/2015 15:25	293	208	188	132	128	949	5	100
11/12/2015 15:30	329	208	182	134	94	947	5	100
11/12/2015 15:35	286	186	179	128	118	897	5	100
11/12/2015 15:40	290	197	199	137	120	943	5	100
11/12/2015 15:45	338	192	192	132	96	950	5	100
11/12/2015 15:50	310	185	198	167	137	997	5	100
11/12/2015 15:55	267	190	177	102	88	824	5	100
11/12/2015 16:00	304	202	161	128	114	909	5	100
11/12/2015 16:05	295	195	183	130	110	913	5	100
11/12/2015 16:10	294	206	196	157	121	974	5	100
11/12/2015 16:15	270	185	168	128	102	853	5	100
11/12/2015 16:20	287	192	173	163	76	891	5	100
11/12/2015 16:25	309	187	197	141	94	928	5	100
11/12/2015 16:30	320	197	194	144	131	986	5	100
11/12/2015 16:35	320	200	205	160	109	994	5	100
11/12/2015 16:40	347	192	193	201	118	1051	5	100
11/12/2015 16:45	304	188	192	159	133	976	5	100
11/12/2015 16:50	315	190	195	161	96	957	5	100
11/12/2015 16:55	338	197	195	158	105	993	5	100
11/12/2015 17:00	335	196	195	136	103	965	5	100
11/12/2015 17:05	315	183	178	167	154	997	5	100
11/12/2015 17:10	314	163	154	151	131	913	5	100
11/12/2015 17:15	293	158	151	150	194	946	5	100
11/12/2015 17:20	336	196	204	176	150	1062	5	100
11/12/2015 17:25	294	181	181	144	157	957	5	100
11/12/2015 17:30	363	156	160	161	102	942	5	100
11/12/2015 17:35	340	154	168	160	156	978	5	100
11/12/2015 17:40	338	187	179	148	155	1007	5	100
11/12/2015 17:45	309	163	167	149	155	943	5	100
11/12/2015 17:50	347	171	179	180	146	1023	5	100
11/12/2015 17:55	312	169	169	140	120	910	5	100
11/12/2015 18:00	278	158	167	169	125	897	5	100
11/12/2015 18:05	334	180	174	175	158	1021	5	100
11/12/2015 18:10	311	174	185	130	155	955	5	100
11/12/2015 18:15	310	165	163	139	143	920	5	100
11/12/2015 18:20	332	172	181	179	117	981	5	100
11/12/2015 18:25	361	193	186	172	151	1063	5	100
11/12/2015 18:30	348	151	146	101	86	832	5	100
11/12/2015 18:35	328	134	135	119	109	825	5	100
11/12/2015 18:40	354	150	135	107	95	841	5	100
11/12/2015 18:45	363	147	145	126	122	903	5	100
11/12/2015 18:50	346	166	157	131	132	932	5	100
11/12/2015 18:55	332	172	152	113	128	897	5	100
11/12/2015 19:00	359	163	163	121	89	895	5	100
11/12/2015 19:05	381	201	169	173	133	1057	5	100
11/12/2015 19:10	387	172	177	139	138	1013	5	100
11/12/2015 19:15	355	154	151	127	95	882	5	100
11/12/2015 19:20	363	186	178	130	108	965	5	100
11/12/2015 19:25	364	173	148	133	86	904	5	100
11/12/2015 19:30	296	133	131	135	79	774	5	100
11/12/2015 19:35	347	166	151	123	78	865	5	100
11/12/2015 19:40	372	179	139	146	77	913	5	100
11/12/2015 19:45	353	169	155	110	73	860	5	100
11/12/2015 19:50	353	154	124	114	81	826	5	100
11/12/2015 19:55	330	158	134	90	74	786	5	100
11/12/2015 20:00	347	155	129	93	82	806	5	100
11/12/2015 20:05	365	131	134	104	82	816	5	100
11/12/2015 20:10	352	165	146	124	100	887	5	100
11/12/2015 20:15	339	157	146	111	46	799	5	100
11/12/2015 20:20	344	153	149	93	56	795	5	100
11/12/2015 20:25	325	142	122	66	70	725	5	100
11/12/2015 20:30	327	141	124	86	45	723	5	100
11/12/2015 20:35	316	138	123	92	67	736	5	100
11/12/2015 20:40	318	117	117	94	69	715	5	100
11/12/2015 20:45	346	135	120	90	75	766	5	100
11/12/2015 20:50	313	141	112	94	74	734	5	100
11/12/2015 20:55	360	128	116	108	80	792	5	100
11/12/2015 21:00	317	157	120	129	109	832	5	100
11/12/2015 21:05	282	110	104	112	97	705	5	100
11/12/2015 21:10	314	143	114	107	77	755	5	100
11/12/2015 21:15	333	151	149	120	78	831	5	100
11/12/2015 21:20	338	144	134	132	117	865	5	100
11/12/2015 21:25	378	143	138	156	62	877	5	100
11/12/2015 21:30	332	131	122	100	79	764	5	100
11/12/2015 21:35	339	153	114	88	71	765	5	100
11/12/2015 21:40	327	117	107	96	66	713	5	100
11/12/2015 21:45	288	93	90	94	77	642	5	100
11/12/2015 21:50	336	116	126	104	81	763	5	100
11/12/2015 21:55	328	115	105	68	40	656	5	100
11/12/2015 22:00	312	98	93	67	77	647	5	100
11/12/2015 22:05	309	122	101	89	66	687	5	100
11/12/2015 22:10	325	118	94	137	70	744	5	100
11/12/2015 22:15	325	118	102	133	73	751	5	100
11/12/2015 22:20	284	113	104	107	99	707	5	100
11/12/2015 22:25	280	89	68	59	73	569	5	100
11/12/2015 22:30	370	96	88	46	70	670	5	100
11/12/2015 22:35	279	97	83	81	53	593	5	100
11/12/2015 22:40	325	100	97	70	48	640	5	100
11/12/2015 22:45	245	85	71	60	83	544	5	100
11/12/2015 22:50	233	68	64	87	56	508	5	100
11/12/2015 22:55	281	81	93	124	81	660	5	100
11/12/2015 23:00	224	82	71	79	110	566	5	100
11/12/2015 23:05	261	79	81	103	53	577	5	100
11/12/2015 23:10	290	68	76	76	23	533	5	100
11/12/2015 23:15	246	77	77	70	61	531	5	100
11/12/2015 23:20	194	70	60	79	73	476	5	100
11/12/2015 23:25	146	84	56	53	103	442	5	100
11/12/2015 23:30	188	55	69	68	27	407	5	100
11/12/2015 23:35	174	63	54	43	88	422	5	100
11/12/2015 23:40	183	71	71	101	40	466	5	100
11/12/2015 23:45	177	65	73	49	24	388	5	100
11/12/2015 23:50	168	61	55	83	47	414	5	100
11/12/2015 23:55	162	54	60	68	46	390	5	100
11/13/2015 00:00	189	69	54	53	44	409	5	100
11/13/2015 00:05	199	65	44	37	48	393	5	100
11/13/2015 00:10	225	56	51	130	50	512	5	100
11/13/2015 00:15	237	58	48	30	41	414	5	100
11/13/2015 00:20	209	45	55	107	74	490	5	100
11/13/2015 00:25	189	43	45	47	21	345	5	100
11/13/2015 00:30	179	41	38	43	41	342	5	100
11/13/2015 00:35	216	47	53	41	62	419	5	100
11/13/2015 00:40	171	39	38	37	51	336	5	100
11/13/2015 00:45	212	53	56	57	48	426	5	100
11/13/2015 00:50	240	39	44	54	41	418	5	100
11/13/2015 00:55	200	57	43	59	45	404	5	100
11/13/2015 01:00	214	47	55	53	35	404	5	100
11/13/2015 01:05	197	33	39	68	50	387	5	100
11/13/2015 01:10	164	36	47	81	51	379	5	100
11/13/2015 01:15	217	47	41	27	10	342	5	100
11/13/2015 01:20	135	38	38	59	20	290	5	100
11/13/2015 01:25	264	47	33	34	47	425	5	100
11/13/2015 01:30	167	55	48	60	45	375	5	100
11/13/2015 01:35	160	41	47	47	48	343	5	100
11/13/2015 01:40	206	33	50	59	30	378	5	100
11/13/2015 01:45	207	38	37	51	42	375	5	100
11/13/2015 01:50	175	45	38	62	56	376	5	100
11/13/2015 01:55	271	34	33	33	62	433	5	100
11/13/2015 02:00	168	44	48	32	21	313	5	100
11/13/2015 02:05	172	46	40	40	38	336	5	100
11/13/2015 02:10	178	46	33	17	28	302	5	100
11/13/2015 02:15	149	52	33	70	80	384	5	100
11/13/2015 02:20	164	66	47	47	38	362	5	100
11/13/2015 02:25	160	26	29	29	46	290	5	100
11/13/2015 02:30	121	43	49	37	39	289	5	100
11/13/2015 02:35	224	37	43	61	38	403	5	100
11/13/2015 02:40	163	50	42	35	48	338	5	100
11/13/2015 02:45	215	46	32	53	41	387	5	100
11/13/2015 02:50	242	53	39	22	40	396	5	100
11/13/2015 02:55	178	41	40	19	15	293	5	100
11/13/2015 03:00	167	34	45	64	44	354	5	100
11/13/2015 03:05	113	46	43	41	58	301	5	100
11/13/2015 03:10	171	45	32	33	25	306	5	100
11/13/2015 03:15	228	47	42	48	49	414	5	100
11/13/2015 03:20	195	59	47	27	54	382	5	100
11/13/2015 03:25	160	42	38	43	70	353	5	100
11/13/2015 03:30	194	62	52	37	40	385	5	100
11/13/2015 03:35	157	42	46	30	63	338	5	100
11/13/2015 03:40	270	55	56	44	69	494	5	100
11/13/2015 03:45	223	55	44	45	74	441	5	100
11/13/2015 03:50	218	62	55	54	44	433	5	100
11/13/2015 03:55	204	78	66	83	51	482	5	100
11/13/2015 04:00	245	92	68	48	64	517	5	100
11/13/2015 04:05	253	66	67	49	53	488	5	0
11/13/2015 04:10	290	69	67	60	44	530	5	100
11/13/2015 04:15	193	66	63	45	86	453	5	100
11/13/2015 04:20	161	90	71	74	89	485	5	100
11/13/2015 04:25	197	92	78	34	50	451	5	100
11/13/2015 04:30	193	116	87	65	130	591	5	100
11/13/2015 04:35	246	113	90	60	54	563	5	100
11/13/2015 04:40	307	126	99	70	71	673	5	100
11/13/2015 04:45	244	123	100	129	85	681	5	100
11/13/2015 04:50	192	135	98	54	119	598	5	100
11/13/2015 04:55	286	129	100	70	88	673	5	100
11/13/2015 05:00	256	123	107	102	93	681	5	100
11/13/2015 05:05	296	150	134	92	70	742	5	100
11/13/2015 05:10	243	158	145	104	83	733	5	100
11/13/2015 05:15	370	190	155	101	78	894	5	100
11/13/2015 05:20	300	191	166	105	101	863	5	100
11/13/2015 05:25	285	187	204	183	103	962	5	100
11/13/2015 05:30	366	219	207	160	110	1062	5	100
11/13/2015 05:35	266	212	202	190	130	1000	5	100
11/13/2015 05:40	290	184	195	179	179	1027	5	100
11/13/2015 05:45	279	168	169	172	227	1015	5	100
11/13/2015 05:50	227	145	131	215	189	907	5	100
11/13/2015 05:55	228	131	147	152	176	834	5	100
11/13/2015 06:00	231	140	126	163	254	914	5	100
11/13/2015 06:05	259	153	139	155	172	878	5	100
11/13/2015 06:10	257	150	120	163	174	864	5	100
11/13/2015 06:15	252	151	120	163	188	874	5	100
11/13/2015 06:20	237	155	128	149	128	797	5	100
11/13/2015 06:25	234	181	153	190	182	940	5	100
11/13/2015 06:30	295	135	128	189	162	909	5	100
11/13/2015 06:35	272	151	143	178	203	947	5	100
11/13/2015 06:40	286	154	140	168	206	954	5	100
11/13/2015 06:45	293	149	135	166	225	968	5	100
11/13/2015 06:50	247	161	162	171	168	909	5	100
11/13/2015 06:55	217	139	130	119	165	770	5	100
11/13/2015 07:00	321	178	203	178	144	1024	5	100
11/13/2015 07:05	283	208	196	166	145	998	5	100
11/13/2015 07:10	314	199	214	173	174	1074	5	100
11/13/2015 07:15	303	198	206	209	164	1080	5	100
11/13/2015 07:20	281	167	166	171	170	955	5	100
11/13/2015 07:25	265	200	211	183	180	1039	5	100
11/13/2015 07:30	314	187	180	156	139	976	5	100
11/13/2015 07:35	301	181	195	163	228	1068	5	100
11/13/2015 07:40	320	164	184	158	154	980	5	100
11/13/2015 07:45	306	161	157	157	145	926	5	100
11/13/2015 07:50	353	197	194	167	138	1049	5	100
11/13/2015 07:55	323	173	190	174	123	983	5	100
11/13/2015 08:00	345	181	199	202	129	1056	5	100
11/13/2015 08:05	364	199	179	161	137	1040	5	100
11/13/2015 08:10	337	199	183	184	118	1021	5	100
11/13/2015 08:15	329	206	201	182	166	1084	5	100
11/13/2015 08:20	334	201	211	186	198	1130	5	100
11/13/2015 08:25	331	200	192	155	114	992	5	100
11/13/2015 08:30	338	166	175	185	167	1031	5	100
11/13/2015 08:35	336	194	181	188	120	1019	5	100
11/13/2015 08:40	326	201	197	174	140	1038	5	100
11/13/2015 08:45	277	173	156	151	170	927	5	100
11/13/2015 08:50	342	196	185	181	142	1046	5	100
11/13/2015 08:55	322	203	197	162	140	1024	5	100
11/13/2015 09:00	319	201	181	175	119	995	5	100
11/13/2015 09:05	347	197	182	160	116	1002	5	100
11/13/2015 09:10	306	190	199	167	134	996	5	100
11/13/2015 09:15	365	203	195	157	132	1052	5	100
11/13/2015 09:20	330	167	172	151	130	950	5	100
11/13/2015 09:25	323	187	174	167	121	972	5	100
11/13/2015 09:30	335	203	197	161	114	1010	5	100
11/13/2015 09:35	273	156	146	153	135	863	5	100
11/13/2015 09:40	336	208	215	157	93	1009	5	100
11/13/2015 09:45	325	202	203	162	124	1016	5	100
11/13/2015 09:50	309	195	190	150	103	947	5	100
11/13/2015 09:55	364	207	201	131	97	1000	5	100
11/13/2015 10:00	347	208	177	122	95	949	5	100
11/13/2015 10:05	304	198	163	133	111	909	5	100
11/13/2015 10:10	293	183	175	140	74	865	5	100
11/13/2015 10:15	294	212	186	118	84	894	5	100
11/13/2015 10:20	359	201	167	140	102	969	5	100
11/13/2015 10:25	335	191	172	124	83	905	5	100
11/13/2015 10:30	331	187	170	116	89	893	5	100
11/13/2015 10:35	334	217	199	120	98	968	5	100
11/13/2015 10:40	329	185	188	102	78	882	5	100
11/13/2015 10:45	325	193	182	125	100	925	5	100
11/13/2015 10:50	302	170	186	112	79	849	5	100
11/13/2015 10:55	330	166	161	94	90	841	5	100
11/13/2015 11:00	319	201	192	142	114	968	5	100
11/13/2015 11:05	341	202	171	107	82	903	5	100
11/13/2015 11:10	340	220	179	122	94	955	5	100
11/13/2015 11:15	332	190	168	161	85	936	5	100
11/13/2015 11:20	307	196	156	104	81	844	5	100
11/13/2015 11:25	306	186	173	108	92	865	5	100
11/13/2015 11:30	320	190	178	130	62	880	5	100
11/13/2015 11:35	341	210	193	138	83	965	5	100
11/13/2015 11:40	301	165	186	142	108	902	5	100
11/13/2015 11:45	335	184	170	107	71	867	5	100
11/13/2015 11:50	309	177	172	110	109	877	5	100
11/13/2015 11:55	300	183	183	112	92	870	5	100
11/13/2015 12:00	261	190	184	106	82	823	5	100
11/13/2015 12:05	325	195	165	124	82	891	5	100
11/13/2015 12:10	296	175	172	113	91	847	5	100
11/13/2015 12:15	316	190	152	132	61	851	5	100
11/13/2015 12:20	300	193	160	141	94	888	5	100
11/13/2015 12:25	310	197	181	122	83	893	5	100
11/13/2015 12:30	311	188	163	110	108	880	5	100
11/13/2015 12:35	309	186	167	124	72	858	5	100
11/13/2015 12:40	300	198	156	127	116	897	5	100
11/13/2015 12:45	308	182	179	119	102	890	5	100
11/13/2015 12:50	247	146	161	106	81	741	5	100
11/13/2015 12:55	261	128	135	80	49	653	5	100
11/13/2015 13:00	318	195	178	121	120	932	5	100
11/13/2015 13:05	351	205	175	134	102	967	5	100
11/13/2015 13:10	324	202	191	138	109	964	5	100
11/13/2015 13:15	283	180	177	125	74	839	5	100
11/13/2015 13:20	354	201	168	124	80	927	5	100
11/13/2015 13:25	266	159	142	90	94	751	5	100
11/13/2015 13:30	249	172	168	97	104	790	5	100
11/13/2015 13:35	262	114	129	78	87	670	5	100
11/13/2015 13:40	293	198	182	109	109	891	5	100
11/13/2015 13:45	280	181	174	118	118	871	5	100
11/13/2015 13:50	284	182	164	125	135	890	5	100
11/13/2015 13:55	310	189	177	122	83	881	5	100
11/13/2015 14:00	329	194	182	118	119	942	5	100
11/13/2015 14:05	339	202	169	101	83	894	5	100
11/13/2015 14:10	344	211	199	143	89	986	5	100
11/13/2015 14:15	304	169	164	144	114	895	5	100
11/13/2015 14:20	275	161	164	124	117	841	5	100
11/13/2015 14:25	292	190	181	123	95	881	5	100
11/13/2015 14:30	320	193	186	114	87	900	5	100
11/13/2015 14:35	324	199	186	126	114	949	5	100
11/13/2015 14:40	334	213	184	125	68	924	5	100
11/13/2015 14:45	335	202	176	120	96	929	5	100
11/13/2015 14:50	312	194	175	117	76	874	5	100
11/13/2015 14:55	331	202	187	119	104	943	5	100
11/13/2015 15:00	333	205	177	116	105	936	5	100
11/13/2015 15:05	298	204	190	129	84	905	5	100
11/13/2015 15:10	288	193	172	120	99	872	5	100
11/13/2015 15:15	300	200	168	114	86	868	5	100
11/13/2015 15:20	294	198	200	114	103	909	5	100
11/13/2015 15:25	320	179	182	159	94	934	5	100
11/13/2015 15:30	257	171	177	123	115	843	5	100
11/13/2015 15:35	320	180	170	123	100	893	5	100
11/13/2015 15:40	275	206	185	172	111	949	5	100
11/13/2015 15:45	306	204	178	141	102	931	5	100
11/13/2015 15:50	300	180	184	153	71	888	5	100
11/13/2015 15:55	284	195	183	117	111	890	5	100
11/13/2015 16:00	296	213	178	120	104	911	5	100
11/13/2015 16:05	280	189	199	147	127	942	5	100
11/13/2015 16:10	328	183	183	134	94	922	5	100
11/13/2015 16:15	289	190	182	140	96	897	5	100
11/13/2015 16:20	293	199	197	131	92	912	5	100
11/13/2015 16:25	318	197	178	138	119	950	5	100
11/13/2015 16:30	326	185	187	154	151	1003	5	100
11/13/2015 16:35	317	206	176	146	99	944	5	100
11/13/2015 16:40	313	183	196	142	112	946	5	100
11/13/2015 16:45	319	176	194	138	99	926	5	100
11/13/2015 16:50	292	192	191	126	97	898	5	100
11/13/2015 16:55	331	186	187	138	125	967	5	100
11/13/2015 17:00	327	181	164	138	87	897	5	100
11/13/2015 17:05	345	190	189	162	131	1017	5	100
11/13/2015 17:10	330	210	193	147	108	988	5	100
11/13/2015 17:15	341	209	205	167	122	1044	5	100
11/13/2015 17:20	317	190	193	167	165	1032	5	100
11/13/2015 17:25	311	171	159	153	145	939	5	100
11/13/2015 17:30	320	164	157	140	149	930	5	100
11/13/2015 17:35	288	164	157	161	152	922	5	100
11/13/2015 17:40	306	163	173	162	112	916	5	100
11/13/2015 17:45	290	162	171	124	122	869	5	100
11/13/2015 17:50	316	182	188	137	159	982	5	100
11/13/2015 17:55	296	177	147	134	101	855	5	100
11/13/2015 18:00	358	198	179	161	130	1026	5	100
11/13/2015 18:05	337	167	173	150	133	960	5	100
11/13/2015 18:10	300	170	153	126	155	904	5	100
11/13/2015 18:15	318	154	146	151	121	890	5	100
11/13/2015 18:20	368	200	191	173	163	1095	5	100
11/13/2015 18:25	336	173	189	171	181	1050	5	100
11/13/2015 18:30	284	153	149	147	155	888	5	100
11/13/2015 18:35	364	176	174	138	102	954	5	100
11/13/2015 18:40	347	156	142	102	109	856	5	100
11/13/2015 18:45	373	168	177	131	94	943	5	100
11/13/2015 18:50	350	168	141	116	89	864	5	100
11/13/2015 18:55	382	169	182	133	90	956	5	100
11/13/2015 19:00	342	180	159	122	131	934	5	100
11/13/2015 19:05	363	177	170	132	85	927	5	100
11/13/2015 19:10	354	177	159	135	89	914	5	100
11/13/2015 19:15	384	163	151	110	67	875	5	100
11/13/2015 19:20	378	171	169	120	73	911	5	100
11/13/2015 19:25	345	169	158	130	133	935	5	100
11/13/2015 19:30	375	168	163	105	62	873	5	100
11/13/2015 19:35	333	158	142	144	139	916	5	100
11/13/2015 19:40	340	156	143	101	93	833	5	100
11/13/2015 19:45	368	150	142	105	73	838	5	100
11/13/2015 19:50	332	169	144	127	89	861	5	100
11/13/2015 19:55	362	207	148	116	86	919	5	100
11/13/2015 20:00	352	172	146	102	84	856	5	100
11/13/2015 20:05	368	162	136	104	71	841	5	100
11/13/2015 20:10	350	160	139	168	104	921	5	100
11/13/2015 20:15	334	148	141	149	154	926	5	100
11/13/2015 20:20	303	141	140	110	84	778	5	100
11/13/2015 20:25	335	145	151	92	70	793	5	100
11/13/2015 20:30	349	157	132	96	65	799	5	100
11/13/2015 20:35	351	145	133	85	93	807	5	100
11/13/2015 20:40	303	127	117	97	66	710	5	100
11/13/2015 20:45	329	135	134	96	89	783	5	100
11/13/2015 20:50	319	133	112	93	68	725	5	100
11/13/2015 20:55	304	117	123	174	77	795	5	100
11/13/2015 21:00	348	134	126	103	88	799	5	100
11/13/2015 21:05	300	117	114	77	32	640	5	100
11/13/2015 21:10	328	137	128	91	89	773	5	100
11/13/2015 21:15	338	125	117	90	81	751	5	100
11/13/2015 21:20	342	130	120	99	90	781	5	100
11/13/2015 21:25	329	123	113	74	57	696	5	100
11/13/2015 21:30	308	115	130	91	65	709	5	100
11/13/2015 21:35	340	130	109	97	74	750	5	100
11/13/2015 21:40	336	130	115	105	51	737	5	100
11/13/2015 21:45	300	144	121	76	70	711	5	100
11/13/2015 21:50	290	132	100	90	75	687	5	100
11/13/2015 21:55	312	139	115	107	134	807	5	100
11/13/2015 22:00	322	119	115	73	71	700	5	100
11/13/2015 22:05	335	102	116	84	132	769	5	100
11/13/2015 22:10	319	125	105	81	64	694	5	100
11/13/2015 22:15	317	101	98	63	107	686	5	100
11/13/2015 22:20	322	126	122	75	65	710	5	100
11/13/2015 22:25	308	120	121	102	47	698	5	100
11/13/2015 22:30	253	108	104	102	55	622	5	100
11/13/2015 22:35	265	121	119	98	107	710	5	100
11/13/2015 22:40	314	114	112	74	40	654	5	100
11/13/2015 22:45	290	119	100	73	113	695	5	100
11/13/2015 22:50	305	100	92	92	47	636	5	100
11/13/2015 22:55	303	111	84	59	57	614	5	100
11/13/2015 23:00	319	99	98	130	98	744	5	100
11/13/2015 23:05	269	97	83	62	37	548	5	100
11/13/2015 23:10	288	90	96	55	52	581	5	100
11/13/2015 23:15	218	92	79	66	48	503	5	100
11/13/2015 23:20	301	82	88	59	54	584	5	100
11/13/2015 23:25	284	85	86	65	60	580	5	100
11/13/2015 23:30	228	101	83	73	58	543	5	100
11/13/2015 23:35	222	89	88	64	49	512	5	100
11/13/2015 23:40	186	67	97	65	87	502	5	100
11/13/2015 23:45	276	81	91	51	55	554	5	100
11/13/2015 23:50	210	57	75	91	78	511	5	100
11/13/2015 23:55	168	73	79	74	40	434	5	100
11/14/2015 00:00	240	83	77	55	94	549	5	100
11/14/2015 00:05	230	76	52	29	47	434	5	100
11/14/2015 00:10	130	68	60	64	59	381	5	100
11/14/2015 00:15	248	58	67	58	42	473	5	100
11/14/2015 00:20	163	80	62	45	58	408	5	100
11/14/2015 00:25	238	64	59	54	58	473	5	100
11/14/2015 00:30	179	82	62	64	68	455	5	100
11/14/2015 00:35	240	67	60	54	94	515	5	100
11/14/2015 00:40	167	54	63	50	69	403	5	100
11/14/2015 00:45	193	44	47	29	49	362	5	100
11/14/2015 00:50	182	50	45	20	60	357	5	100
11/14/2015 00:55	200	45	50	27	93	415	5	100
11/14/2015 01:00	162	53	44	26	43	328	5	100
11/14/2015 01:05	138	36	41	67	41	323	5	100
11/14/2015 01:10	171	49	48	28	43	339	5	100
11/14/2015 01:15	195	46	47	69	77	434	5	100
11/14/2015 01:20	216	48	32	20	13	329	5	100
11/14/2015 01:25	181	42	43	25	66	357	5	100
11/14/2015 01:30	199	62	49	84	67	461	5	100
11/14/2015 01:35	171	35	41	47	57	351	5	100
11/14/2015 01:40	179	58	44	51	46	378	5	100
11/14/2015 01:45	197	41	44	49	50	381	5	100
11/14/2015 01:50	130	35	48	64	58	335	5	100
11/14/2015 01:55	121	50	41	40	64	316	5	100
11/14/2015 02:00	171	50	43	42	72	378	5	100
11/14/2015 02:05	191	37	39	23	57	347	5	100
11/14/2015 02:10	196	48	42	47	49	382	5	100
11/14/2015 02:15	110	52	48	45	39	294	5	100
11/14/2015 02:20	174	73	55	46	44	392	5	100
11/14/2015 02:25	232	54	48	50	34	418	5	100
11/14/2015 02:30	230	38	48	78	40	434	5	100
11/14/2015 02:35	163	41	42	40	35	321	5	100
11/14/2015 02:40	172	46	44	17	34	313	5	100
11/14/2015 02:45	183	33	43	25	40	324	5	100
11/14/2015 02:50	185	44	43	56	52	380	5	100
11/14/2015 02:55	248	38	42	45	37	410	5	100
11/14/2015 03:00	137	39	39	36	17	268	5	100
11/14/2015 03:05	218	32	51	36	36	373	5	100
11/14/2015 03:10	242	53	48	54	14	411	5	100
11/14/2015 03:15	149	50	29	19	60	307	5	100
11/14/2015 03:20	206	41	34	34	42	357	5	100
11/14/2015 03:25	130	40	47	46	44	307	5	100
11/14/2015 03:30	208	60	48	47	22	385	5	100
11/14/2015 03:35	141	41	46	38	38	304	5	100
11/14/2015 03:40	158	48	43	22	53	324	5	100
11/14/2015 03:45	161	46	46	46	43	342	5	100
11/14/2015 03:50	141	39	44	61	63	348	5	100
11/14/2015 03:55	173	37	47	44	59	360	5	100
11/14/2015 04:00	186	40	34	20	38	318	5	100
11/14/2015 04:05	182	44	34	39	67	366	5	100
11/14/2015 04:10	188	45	37	14	32	316	5	100
11/14/2015 04:15	252	46	43	38	45	424	5	100
11/14/2015 04:20	186	57	50	59	37	389	5	100
11/14/2015 04:25	219	69	53	28	18	387	5	100
11/14/2015 04:30	173	56	64	21	15	329	5	100
11/14/2015 04:35	210	84	61	50	35	440	5	100
11/14/2015 04:40	226	49	63	39	51	428	5	100
11/14/2015 04:45	210	76	68	36	122	512	5	100
11/14/2015 04:50	196	56	65	69	55	441	5	100
11/14/2015 04:55	187	62	54	29	21	353	5	100
11/14/2015 05:00	191	72	50	42	78	433	5	100
11/14/2015 05:05	171	75	41	51	81	419	5	100
11/14/2015 05:10	219	95	46	22	61	443	5	100
11/14/2015 05:15	276	91	47	42	72	528	5	100
11/14/2015 05:20	217	118	55	75	26	491	5	100
11/14/2015 05:25	264	100	61	67	73	565	5	100
11/14/2015 05:30	254	101	44	48	80	527	5	100
11/14/2015 05:35	208	94	61	39	70	472	5	100
11/14/2015 05:40	257	104	68	38	69	536	5	100
11/14/2015 05:45	244	94	58	69	68	533	5	100
11/14/2015 05:50	227	92	80	65	79	543	5	100
11/14/2015 05:55	217	98	83	68	50	516	5	100
11/14/2015 06:00	244	88	86	57	81	556	5	100
11/14/2015 06:05	262	94	80	73	71	580	5	100
11/14/2015 06:10	299	115	102	77	69	662	5	100
11/14/2015 06:15	263	99	96	83	57	598	5	100
11/14/2015 06:20	265	107	98	77	96	643	5	100
11/14/2015 06:25	230	129	108	84	48	599	5	100
11/14/2015 06:30	250	94	107	98	84	633	5	100
11/14/2015 06:35	259	108	105	96	83	651	5	100
11/14/2015 06:40	282	136	114	124	65	721	5	100
11/14/2015 06:45	272	108	105	82	116	683	5	100
11/14/2015 06:50	270	120	124	97	97	708	5	100
11/14/2015 06:55	237	118	117	91	77	640	5	100
11/14/2015 07:00	291	130	113	104	90	728	5	100
11/14/2015 07:05	251	130	110	86	100	677	5	100
11/14/2015 07:10	233	134	105	89	65	626	5	100
11/14/2015 07:15	268	129	119	97	69	682	5	100
11/14/2015 07:20	321	141	125	92	60	739	5	100
11/14/2015 07:25	312	132	124	118	84	770	5	100
11/14/2015 07:30	344	145	157	114	63	823	5	100
11/14/2015 07:35	322	173	140	116	76	827	5	100
11/14/2015 07:40	268	145	137	114	96	760	5	100
11/14/2015 07:45	311	159	156	124	94	844	5	100
11/14/2015 07:50	347	155	153	112	93	860	5	100
11/14/2015 07:55	379	146	145	146	89	905	5	100
11/14/2015 08:00	370	144	132	111	87	844	5	100
11/14/2015 08:05	361	150	155	90	73	829	5	100
11/14/2015 08:10	320	138	155	144	98	855	5	100
11/14/2015 08:15	353	154	158	122	112	899	5	100
11/14/2015 08:20	360	169	159	127	103	918	5	100
11/14/2015 08:25	343	204	155	143	104	949	5	100
11/14/2015 08:30	409	190	161	110	99	969	5	100
11/14/2015 08:35	356	198	178	129	87	948	5	100
11/14/2015 08:40	331	178	156	179	109	953	5	100
11/14/2015 08:45	386	174	169	118	70	917	5	100
11/14/2015 08:50	355	179	188	162	107	991	5	100
11/14/2015 08:55	378	187	159	108	74	906	5	100
11/14/2015 09:00	320	166	161	123	111	881	5	100
11/14/2015 09:05	349	196	171	158	66	940	5	100
11/14/2015 09:10	335	162	161	121	97	876	5	100
11/14/2015 09:15	323	170	183	139	105	920	5	100
11/14/2015 09:20	331	168	170	119	80	868	5	100
11/14/2015 09:25	352	178	168	131	80	909	5	100
11/14/2015 09:30	361	204	191	166	81	1003	5	100
11/14/2015 09:35	354	164	169	146	85	918	5	100
11/14/2015 09:40	364	179	171	125	103	942	5	100
11/14/2015 09:45	333	192	166	129	85	905	5	100
11/14/2015 09:50	343	181	181	129	84	918	5	100
11/14/2015 09:55	324	193	169	131	70	887	5	100
11/14/2015 10:00	304	174	172	122	93	865	5	100
11/14/2015 10:05	313	188	179	115	85	880	5	100
11/14/2015 10:10	334	180	168	126	61	869	5	100
11/14/2015 10:15	305	167	173	134	86	865	5	100
11/14/2015 10:20	367	172	163	99	107	908	5	100
11/14/2015 10:25	348	189	177	118	77	909	5	100
11/14/2015 10:30	301	198	181	132	98	910	5	100
11/14/2015 10:35	273	200	159	124	78	834	5	100
11/14/2015 10:40	367	205	166	117	81	936	5	100
11/14/2015 10:45	327	191	184	134	80	916	5	100
11/14/2015 10:50	270	195	169	133	90	857	5	100
11/14/2015 10:55	335	208	190	150	83	966	5	100
11/14/2015 11:00	286	188	181	113	88	856	5	100
11/14/2015 11:05	301	173	173	112	88	847	5	100
11/14/2015 11:10	281	215	193	150	70	909	5	100
11/14/2015 11:15	318	175	175	137	107	912	5	100
11/14/2015 11:20	309	197	161	122	77	866	5	100
11/14/2015 11:25	315	201	183	129	67	895	5	100
11/14/2015 11:30	353	207	192	151	125	1028	5	100
11/14/2015 11:35	293	173	170	102	78	816	5	100
11/14/2015 11:40	295	168	180	131	88	862	5	100
11/14/2015 11:45	286	205	189	135	87	902	5	100
11/14/2015 11:50	276	204	186	131	101	898	5	100
11/14/2015 11:55	276	192	179	127	69	843	5	100
11/14/2015 12:00	300	210	182	140	101	933	5	100
11/14/2015 12:05	277	188	182	122	89	858	5	100
11/14/2015 12:10	290	181	197	118	76	862	5	100
11/14/2015 12:15	334	188	188	137	87	934	5	100
11/14/2015 12:20	284	212	175	127	94	892	5	100
11/14/2015 12:25	307	186	183	139	96	911	5	100
11/14/2015 12:30	332	178	186	129	83	908	5	100
11/14/2015 12:35	314	193	185	142	89	923	5	100
11/14/2015 12:40	293	171	174	111	93	842	5	100
11/14/2015 12:45	291	169	160	108	100	828	5	100
11/14/2015 12:50	270	140	136	86	67	699	5	100
11/14/2015 12:55	298	167	174	118	95	852	5	100
11/14/2015 13:00	276	161	149	124	146	856	5	100
11/14/2015 13:05	245	164	166	104	80	759	5	100
11/14/2015 13:10	247	157	150	109	61	724	5	100
11/14/2015 13:15	289	178	164	135	103	869	5	100
11/14/2015 13:20	222	157	175	133	72	759	5	100
11/14/2015 13:25	332	188	197	128	85	930	5	100
11/14/2015 13:30	297	200	176	135	97	905	5	100
11/14/2015 13:35	300	199	195	123	98	915	5	100
11/14/2015 13:40	311	179	189	126	71	876	5	100
11/14/2015 13:45	263	193	168	122	86	832	5	100
11/14/2015 13:50	294	198	189	147	98	926	5	100
11/14/2015 13:55	322	186	186	133	114	941	5	100
11/14/2015 14:00	278	200	189	127	88	882	5	100
11/14/2015 14:05	321	186	159	118	74	858	5	100
11/14/2015 14:10	288	193	180	146	100	907	5	100
11/14/2015 14:15	311	198	184	125	90	908	5	100
11/14/2015 14:20	304	190	185	135	90	904	5	100
11/14/2015 14:25	283	177	176	127	97	860	5	100
11/14/2015 14:30	261	197	189	162	83	892	5	100
11/14/2015 14:35	305	180	195	168	93	941	5	100
11/14/2015 14:40	298	198	163	126	127	912	5	100
11/14/2015 14:45	272	191	177	134	111	885	5	100
11/14/2015 14:50	231	200	190	118	74	813	5	100
11/14/2015 14:55	278	172	190	138	79	857	5	100
11/14/2015 15:00	318	167	162	145	103	895	5	100
11/14/2015 15:05	227	177	151	125	62	742	5	100
11/14/2015 15:10	314	183	167	135	86	885	5	100
11/14/2015 15:15	298	188	189	156	99	930	5	100
11/14/2015 15:20	324	179	182	124	74	883	5	100
11/14/2015 15:25	257	190	167	149	87	850	5	100
11/14/2015 15:30	256	174	173	132	87	822	5	100
11/14/2015 15:35	307	179	181	136	67	870	5	100
11/14/2015 15:40	293	189	189	133	89	893	5	100
11/14/2015 15:45	297	181	198	137	86	899	5	100
11/14/2015 15:50	266	184	195	137	96	878	5	100
11/14/2015 15:55	276	177	197	148	106	904	5	100
11/14/2015 16:00	218	172	179	125	109	803	5	100
11/14/2015 16:05	306	197	172	134	70	879	5	100
11/14/2015 16:10	267	185	175	139	95	861	5	100
11/14/2015 16:15	265	193	178	122	95	853	5	100
11/14/2015 16:20	278	179	164	132	95	848	5	100
11/14/2015 16:25	263	197	181	164	107	912	5	100
11/14/2015 16:30	246	170	181	117	106	820	5	100
11/14/2015 16:35	317	179	175	127	97	895	5	100
11/14/2015 16:40	316	193	181	139	74	903	5	100
11/14/2015 16:45	296	166	161	111	91	825	5	100
11/14/2015 16:50	316	194	196	189	133	1028	5	100
11/14/2015 16:55	320	170	192	176	73	931	5	100
11/14/2015 17:00	264	111	138	110	61	684	5	100
11/14/2015 17:05	354	196	195	118	111	974	5	100
11/14/2015 17:10	342	188	205	154	80	969	5	100
11/14/2015 17:15	346	184	189	138	101	958	5	100
11/14/2015 17:20	288	160	165	141	101	855	5	100
11/14/2015 17:25	344	160	174	145	99	922	5	100
11/14/2015 17:30	352	191	170	151	75	939	5	100
11/14/2015 17:35	375	189	182	158	93	997	5	100
11/14/2015 17:40	357	181	179	131	70	918	5	100
11/14/2015 17:45	325	174	169	131	114	913	5	100
11/14/2015 17:50	358	198	193	130	92	971	5	100
11/14/2015 17:55	321	176	190	150	72	909	5	100
11/14/2015 18:00	341	160	160	157	96	914	5	100
11/14/2015 18:05	304	173	167	153	144	941	5	100
11/14/2015 18:10	304	160	157	149	124	894	5	100
11/14/2015 18:15	347	181	182	170	128	1008	5	100
11/14/2015 18:20	270	143	138	157	150	858	5	100
11/14/2015 18:25	309	174	155	140	170	948	5	100
11/14/2015 18:30	337	186	167	158	126	974	5	100
11/14/2015 18:35	283	155	138	148	146	870	5	100
11/14/2015 18:40	284	147	180	137	77	825	5	100
11/14/2015 18:45	307	178	161	150	164	960	5	100
11/14/2015 18:50	319	163	196	175	107	960	5	100
11/14/2015 18:55	297	168	166	143	129	903	5	100
11/14/2015 19:00	353	175	151	118	77	874	5	100
11/14/2015 19:05	301	151	147	136	87	822	5	100
11/14/2015 19:10	326	173	184	142	85	910	5	100
11/14/2015 19:15	375	193	169	124	89	950	5	100
11/14/2015 19:20	351	168	141	116	88	864	5	100
11/14/2015 19:25	379	168	165	93	112	917	5	100
11/14/2015 19:30	378	182	174	132	106	972	5	100
11/14/2015 19:35	364	155	146	132	92	889	5	100
11/14/2015 19:40	326	161	146	97	66	796	5	100
11/14/2015 19:45	351	148	136	104	73	812	5	100
11/14/2015 19:50	343	150	155	112	48	808	5	100
11/14/2015 19:55	368	127	157	118	97	867	5	100
11/14/2015 20:00	304	150	128	89	81	752	5	100
11/14/2015 20:05	348	157	126	106	86	823	5	100
11/14/2015 20:10	318	163	153	142	120	896	5	100
11/14/2015 20:15	358	171	145	110	73	857	5	100
11/14/2015 20:20	299	152	137	89	57	734	5	100
11/14/2015 20:25	370	143	125	91	64	793	5	100
11/14/2015 20:30	322	131	119	108	77	757	5	100
11/14/2015 20:35	351	148	128	112	66	805	5	100
11/14/2015 20:40	331	144	133	124	106	838	5	100
11/14/2015 20:45	335	134	124	93	97	783	5	100
11/14/2015 20:50	315	120	109	87	52	683	5	100
11/14/2015 20:55	338	127	123	86	80	754	5	100
11/14/2015 21:00	328	130	128	92	58	736	5	100
11/14/2015 21:05	308	140	113	105	80	746	5	100
11/14/2015 21:10	299	118	100	56	58	631	5	100
11/14/2015 21:15	370	111	114	89	80	764	5	100
11/14/2015 21:20	355	135	130	104	69	793	5	100
11/14/2015 21:25	339	116	109	74	26	664	5	100
11/14/2015 21:30	340	139	132	104	75	790	5	100
11/14/2015 21:35	349	136	130	93	87	795	5	100
11/14/2015 21:40	346	132	124	81	146	829	5	100
11/14/2015 21:45	326	122	120	78	27	673	5	100
11/14/2015 21:50	331	125	115	103	75	749	5	100
11/14/2015 21:55	322	123	117	72	80	714	5	100
11/14/2015 22:00	329	111	113	83	85	721	5	100
11/14/2015 22:05	342	113	116	85	71	727	5	100
11/14/2015 22:10	339	141	118	98	70	766	5	100
11/14/2015 22:15	355	126	130	85	74	770	5	100
11/14/2015 22:20	310	135	118	83	92	738	5	100
11/14/2015 22:25	321	137	120	98	74	750	5	100
11/14/2015 22:30	302	132	126	99	61	720	5	100
11/14/2015 22:35	349	145	132	106	67	799	5	100
11/14/2015 22:40	304	127	133	106	76	746	5	100
11/14/2015 22:45	276	128	122	113	50	689	5	100
11/14/2015 22:50	302	102	105	85	63	657	5	100
11/14/2015 22:55	274	110	112	91	66	653	5	100
11/14/2015 23:00	283	126	103	95	99	706	5	100
11/14/2015 23:05	284	113	113	94	62	666	5	100
11/14/2015 23:10	237	108	108	65	97	615	5	100
11/14/2015 23:15	289	95	107	78	32	601	5	100
11/14/2015 23:20	257	85	104	70	68	584	5	100
11/14/2015 23:25	225	100	82	40	63	510	5	100
11/14/2015 23:30	248	106	106	135	84	679	5	100
11/14/2015 23:35	220	93	95	90	65	563	5	100
11/14/2015 23:40	227	97	83	73	76	556	5	100
11/14/2015 23:45	254	82	69	57	29	491	5	100
11/14/2015 23:50	272	92	87	62	86	599	5	100
11/14/2015 23:55	214	79	82	84	61	520	5	100
11/15/2015 00:00	246	82	76	66	28	498	5	100
11/15/2015 00:05	267	87	66	32	80	532	5	100
11/15/2015 00:10	256	85	79	73	51	544	5	100
11/15/2015 00:15	230	93	79	61	77	540	5	100
11/15/2015 00:20	256	77	81	83	56	553	5	100
11/15/2015 00:25	225	74	77	72	82	530	5	100
11/15/2015 00:30	196	78	70	81	91	516	5	100
11/15/2015 00:35	209	61	71	41	37	419	5	100
11/15/2015 00:40	245	64	58	42	52	461	5	100
11/15/2015 00:45	251	71	58	53	39	472	5	100
11/15/2015 00:50	242	64	57	40	113	516	5	100
11/15/2015 00:55	179	61	53	64	24	381	5	100
11/15/2015 01:00	253	61	54	25	38	431	5	100
11/15/2015 01:05	277	67	67	56	84	551	5	100
11/15/2015 01:10	213	61	47	33	53	407	5	100
11/15/2015 01:15	241	53	48	57	57	456	5	100
11/15/2015 01:20	275	54	35	22	40	426	5	100
11/15/2015 01:25	195	53	49	44	50	391	5	100
11/15/2015 01:30	189	49	48	46	44	376	5	100
11/15/2015 01:35	246	37	37	25	57	402	5	100
11/15/2015 01:40	192	38	33	47	57	367	5	100
11/15/2015 01:45	215	47	33	18	40	353	5	100
11/15/2015 01:50	141	42	44	42	48	317	5	100
11/15/2015 01:55	193	45	47	66	43	394	5	100
11/15/2015 02:00	248	58	45	50	53	454	5	100
11/15/2015 02:05	258	71	46	80	30	485	5	100
11/15/2015 02:10	267	60	46	49	19	441	5	100
11/15/2015 02:15	248	69	43	28	46	434	5	100
11/15/2015 02:20	194	55	52	55	43	399	5	100
11/15/2015 02:25	270	69	47	35	51	472	5	100
11/15/2015 02:30	175	51	38	35	13	312	5	100
11/15/2015 02:35	224	44	42	41	38	389	5	100
11/15/2015 02:40	214	30	39	31	72	386	5	100
11/15/2015 02:45	183	36	42	46	55	362	5	100
11/15/2015 02:50	233	46	39	21	20	359	5	100
11/15/2015 02:55	219	39	39	44	31	372	5	100
11/15/2015 03:00	219	44	45	30	36	374	5	100
11/15/2015 03:05	220	35	33	13	76	377	5	100
11/15/2015 03:10	210	48	40	61	40	399	5	100
11/15/2015 03:15	228	47	32	12	39	358	5	100
11/15/2015 03:20	178	41	44	60	63	386	5	100
11/15/2015 03:25	183	46	48	31	48	356	5	100
11/15/2015 03:30	280	40	41	43	61	465	5	100
11/15/2015 03:35	277	35	27	32	46	417	5	100
11/15/2015 03:40	216	46	32	13	41	348	5	100
11/15/2015 03:45	262	57	49	63	69	500	5	100
11/15/2015 03:50	268	44	37	43	58	450	5	100
11/15/2015 03:55	214	45	47	28	37	371	5	100
11/15/2015 04:00	217	49	32	40	26	364	5	100
11/15/2015 04:05	199	44	42	16	41	342	5	100
11/15/2015 04:10	220	48	31	35	7	341	5	100
11/15/2015 04:15	209	40	30	36	33	348	5	100
11/15/2015 04:20	234	49	33	13	9	338	5	100
11/15/2015 04:25	245	49	37	34	22	387	5	100
11/15/2015 04:30	272	56	43	19	41	431	5	100
11/15/2015 04:35	218	61	56	42	60	437	5	100
11/15/2015 04:40	272	48	56	21	42	439	5	100
11/15/2015 04:45	241	48	66	47	76	478	5	100
11/15/2015 04:50	240	50	48	46	47	431	5	100
11/15/2015 04:55	236	52	39	34	82	443	5	100
11/15/2015 05:00	303	53	41	28	58	483	5	100
11/15/2015 05:05	232	46	40	48	59	425	5	100
11/15/2015 05:10	291	48	37	17	35	428	5	100
11/15/2015 05:15	210	67	54	25	44	400	5	100
11/15/2015 05:20	293	71	54	42	56	516	5	100
11/15/2015 05:25	267	70	53	48	13	451	5	100
11/15/2015 05:30	287	66	60	24	71	508	5	100
11/15/2015 05:35	221	75	68	26	51	441	5	100
11/15/2015 05:40	234	77	64	49	56	480	5	100
11/15/2015 05:45	239	90	75	52	13	469	5	100
11/15/2015 05:50	255	87	69	47	64	522	5	100
11/15/2015 05:55	191	65	59	53	72	440	5	100
11/15/2015 06:00	266	71	54	54	9	454	5	100
11/15/2015 06:05	224	66	52	48	69	459	5	100
11/15/2015 06:10	264	74	74	67	41	520	5	100
11/15/2015 06:15	230	86	70	53	71	510	5	100
11/15/2015 06:20	271	77	83	56	70	557	5	100
11/15/2015 06:25	244	84	77	52	38	495	5	100
11/15/2015 06:30	296	86	79	36	46	543	5	100
11/15/2015 06:35	261	92	81	61	57	552	5	100
11/15/2015 06:40	305	100	88	94	50	637	5	100
11/15/2015 06:45	306	111	94	85	72	668	5	100
11/15/2015 06:50	247	77	68	56	57	505	5	100
11/15/2015 06:55	277	102	78	32	35	524	5	100
11/15/2015 07:00	210	84	74	58	38	464	5	100
11/15/2015 07:05	259	112	74	85	87	617	5	100
11/15/2015 07:10	282	87	86	66	111	632	5	100
11/15/2015 07:15	328	108	88	61	39	624	5	100
11/15/2015 07:20	266	99	89	68	73	595	5	100
11/15/2015 07:25	253	92	93	63	86	587	5	100
11/15/2015 07:30	252	110	76	66	38	542	5	100
11/15/2015 07:35	266	104	95	57	69	591	5	100
11/15/2015 07:40	267	107	96	65	30	565	5	100
11/15/2015 07:45	257	119	101	73	121	671	5	100
11/15/2015 07:50	259	103	110	98	87	657	5	100
11/15/2015 07:55	282	94	96	61	81	614	5	100
11/15/2015 08:00	241	118	98	65	45	567	5	100
11/15/2015 08:05	245	99	91	65	74	574	5	100
11/15/2015 08:10	277	120	111	83	83	674	5	100
11/15/2015 08:15	310	116	107	108	73	714	5	100
11/15/2015 08:20	307	121	105	71	69	673	5	100
11/15/2015 08:25	313	119	105	84	75	696	5	100
11/15/2015 08:30	373	131	110	87	62	763	5	100
11/15/2015 08:35	341	138	135	98	79	791	5	100
11/15/2015 08:40	351	140	123	116	81	811	5	100
11/15/2015 08:45	334	129	126	83	81	753	5	100
11/15/2015 08:50	355	146	113	113	72	799	5	100
11/15/2015 08:55	361	137	127	98	89	812	5	100
11/15/2015 09:00	351	138	128	90	79	786	5	100
11/15/2015 09:05	342	149	132	91	81	795	5	100
11/15/2015 09:10	283	124	116	75	59	657	5	100
11/15/2015 09:15	346	153	136	77	85	797	5	100
11/15/2015 09:20	355	147	153	106	67	828	5	100
11/15/2015 09:25	366	143	147	117	78	851	5	100
11/15/2015 09:30	327	148	152	103	66	796	5	100
11/15/2015 09:35	365	161	158	112	89	885	5	100
11/15/2015 09:40	345	167	154	109	83	858	5	100
11/15/2015 09:45	321	167	156	99	75	818	5	100
11/15/2015 09:50	343	165	176	135	69	888	5	100
11/15/2015 09:55	339	149	148	105	43	784	5	100
11/15/2015 10:00	298	166	163	106	73	806	5	100
11/15/2015 10:05	269	144	124	100	71	708	5	100
11/15/2015 10:10	310	177	173	116	71	847	5	100
11/15/2015 10:15	335	180	137	100	52	804	5	100
11/15/2015 10:20	333	170	164	130	73	870	5	100
11/15/2015 10:25	320	164	158	125	101	868	5	100
11/15/2015 10:30	321	165	160	122	83	851	5	100
11/15/2015 10:35	293	183	171	109	92	848	5	100
11/15/2015 10:40	299	183	164	120	58	824	5	100
11/15/2015 10:45	350	176	186	122	81	915	5	100
11/15/2015 10:50	330	201	156	126	77	890	5	100
11/15/2015 10:55	284	148	136	103	73	744	5	100
11/15/2015 11:00	348	176	167	104	67	862	5	100
11/15/2015 11:05	337	194	154	107	76	868	5	100
11/15/2015 11:10	303	170	154	110	68	805	5	100
11/15/2015 11:15	314	177	147	116	60	814	5	100
11/15/2015 11:20	323	174	173	114	67	851	5	100
11/15/2015 11:25	332	178	153	121	43	827	5	100
11/15/2015 11:30	340	183	171	112	58	864	5	100
11/15/2015 11:35	350	186	163	117	53	869	5	100
11/15/2015 11:40	340	197	169	137	52	895	5	100
11/15/2015 11:45	349	199	171	123	63	905	5	100
11/15/2015 11:50	344	195	171	122	55	887	5	100
11/15/2015 11:55	372	173	159	102	80	886	5	100
11/15/2015 12:00	378	203	158	117	91	947	5	100
11/15/2015 12:05	352	199	184	134	87	956	5	100
11/15/2015 12:10	330	195	156	118	65	864	5	100
11/15/2015 12:15	346	198	180	124	110	958	5	100
11/15/2015 12:20	344	195	180	131	49	899	5	100
11/15/2015 12:25	357	206	181	134	101	979	5	100
11/15/2015 12:30	367	184	166	120	70	907	5	100
11/15/2015 12:35	362	192	172	156	91	973	5	100
11/15/2015 12:40	367	181	175	107	55	885	5	100
11/15/2015 12:45	370	202	181	132	104	989	5	100
11/15/2015 12:50	365	185	161	119	84	914	5	100
11/15/2015 12:55	334	177	171	156	79	917	5	100
11/15/2015 13:00	371	195	180	131	85	962	5	100
11/15/2015 13:05	367	182	166	168	74	957	5	100
11/15/2015 13:10	314	180	171	123	91	879	5	100
11/15/2015 13:15	327	172	167	146	109	921	5	100
11/15/2015 13:20	347	183	167	131	73	901	5	100
11/15/2015 13:25	352	193	195	130	105	975	5	100
11/15/2015 13:30	362	177	170	129	100	938	5	100
11/15/2015 13:35	371	186	171	135	85	948	5	100
11/15/2015 13:40	295	153	147	99	87	781	5	100
11/15/2015 13:45	369	190	183	133	79	954	5	100
11/15/2015 13:50	355	196	178	149	102	980	5	100
11/15/2015 13:55	353	174	175	126	70	898	5	100
11/15/2015 14:00	363	196	183	149	85	976	5	100
11/15/2015 14:05	345	173	169	128	68	883	5	100
11/15/2015 14:10	347	192	176	143	124	982	5	100
11/15/2015 14:15	370	217	193	134	53	967	5	100
11/15/2015 14:20	349	177	169	146	82	923	5	100
11/15/2015 14:25	361	218	183	139	97	998	5	100
11/15/2015 14:30	346	194	180	125	96	941	5	100
11/15/2015 14:35	339	195	182	126	86	928	5	100
11/15/2015 14:40	349	174	156	127	104	910	5	100
11/15/2015 14:45	291	202	165	126	60	844	5	100
11/15/2015 14:50	310	187	189	116	96	898	5	100
11/15/2015 14:55	306	188	186	145	95	920	5	100
11/15/2015 15:00	345	199	197	127	80	948	5	100
11/15/2015 15:05	326	194	168	131	87	906	5	100
11/15/2015 15:10	345	176	185	126	106	938	5	100
11/15/2015 15:15	319	204	173	127	87	910	5	100
11/15/2015 15:20	369	178	156	133	96	932	5	100
11/15/2015 15:25	384	194	165	109	103	955	5	100
11/15/2015 15:30	361	207	190	129	68	955	5	100
11/15/2015 15:35	381	200	174	108	99	962	5	100
11/15/2015 15:40	333	193	184	142	83	935	5	100
11/15/2015 15:45	348	195	182	131	98	954	5	100
11/15/2015 15:50	314	193	160	118	90	875	5	100
11/15/2015 15:55	359	171	168	117	91	906	5	100
11/15/2015 16:00	312	185	168	119	85	869	5	100
11/15/2015 16:05	368	183	169	120	50	890	5	100
11/15/2015 16:10	342	182	166	100	54	844	5	100
11/15/2015 16:15	339	200	173	123	54	889	5	100
11/15/2015 16:20	355	190	157	115	86	903	5	100
11/15/2015 16:25	365	173	175	104	63	880	5	100
11/15/2015 16:30	365	203	175	121	57	921	5	100
11/15/2015 16:35	340	185	182	129	45	881	5	100
11/15/2015 16:40	371	198	175	117	123	984	5	100
11/15/2015 16:45	379	184	166	112	103	944	5	100
11/15/2015 16:50	376	186	172	122	92	948	5	100
11/15/2015 16:55	358	181	154	87	101	881	5	100
11/15/2015 17:00	369	180	176	135	81	941	5	100
11/15/2015 17:05	382	180	180	127	86	955	5	100
11/15/2015 17:10	376	187	165	123	104	955	5	100
11/15/2015 17:15	384	174	189	144	62	953	5	100
11/15/2015 17:20	387	169	173	149	113	991	5	100
11/15/2015 17:25	390	185	166	123	77	941	5	100
11/15/2015 17:30	374	179	173	122	58	906	5	100
11/15/2015 17:35	388	173	182	141	87	971	5	100
11/15/2015 17:40	366	185	177	123	85	936	5	100
11/15/2015 17:45	361	165	169	93	96	884	5	100
11/15/2015 17:50	353	189	167	124	109	942	5	100
11/15/2015 17:55	370	185	165	129	84	933	5	100
11/15/2015 18:00	345	153	168	110	118	894	5	100
11/15/2015 18:05	361	165	147	119	66	858	5	100
11/15/2015 18:10	307	157	156	115	75	810	5	100
11/15/2015 18:15	360	179	160	118	115	932	5	100
11/15/2015 18:20	367	159	148	120	57	851	5	100
11/15/2015 18:25	355	160	144	101	64	824	5	100
11/15/2015 18:30	351	162	154	123	51	841	5	100
11/15/2015 18:35	395	162	158	104	58	877	5	100
11/15/2015 18:40	363	169	157	132	127	948	5	100
11/15/2015 18:45	330	176	153	113	75	847	5	100
11/15/2015 18:50	320	181	134	94	62	791	5	100
11/15/2015 18:55	371	171	162	110	65	879	5	100
11/15/2015 19:00	359	144	143	118	73	837	5	100
11/15/2015 19:05	371	154	132	117	78	852	5	100
11/15/2015 19:10	373	138	146	99	75	831	5	100
11/15/2015 19:15	369	160	140	73	60	802	5	100
11/15/2015 19:20	379	137	136	105	65	822	5	100
11/15/2015 19:25	332	161	148	105	107	853	5	100
11/15/2015 19:30	353	157	138	80	61	789	5	100
11/15/2015 19:35	333	162	121	103	70	789	5	100
11/15/2015 19:40	368	172	168	114	42	864	5	100
11/15/2015 19:45	341	137	141	114	88	821	5	100
11/15/2015 19:50	304	146	128	99	47	724	5	100
11/15/2015 19:55	323	143	137	101	92	796	5	100
11/15/2015 20:00	324	132	119	74	33	682	5	100
11/15/2015 20:05	330	154	129	94	64	771	5	100
11/15/2015 20:10	356	150	147	105	100	858	5	100
11/15/2015 20:15	341	144	145	89	51	770	5	100
11/15/2015 20:20	329	130	130	75	35	699	5	100
11/15/2015 20:25	339	158	134	113	90	834	5	100
11/15/2015 20:30	366	158	133	81	79	817	5	100
11/15/2015 20:35	348	153	128	87	61	777	5	100
11/15/2015 20:40	359	130	119	71	34	713	5	100
11/15/2015 20:45	334	134	112	89	81	750	5	100
11/15/2015 20:50	323	135	113	68	77	716	5	100
11/15/2015 20:55	355	147	111	68	62	743	5	100
11/15/2015 21:00	287	117	102	75	70	651	5	100
11/15/2015 21:05	349	121	115	77	50	712	5	100
11/15/2015 21:10	349	133	118	60	68	728	5	100
11/15/2015 21:15	293	113	99	66	76	647	5	100
11/15/2015 21:20	332	140	106	77	44	699	5	100
11/15/2015 21:25	332	135	121	100	100	788	5	100
11/15/2015 21:30	338	130	129	61	59	717	5	100
11/15/2015 21:35	321	116	119	103	78	737	5	100
11/15/2015 21:40	314	119	110	51	79	673	5	100
11/15/2015 21:45	324	114	106	72	69	685	5	100
11/15/2015 21:50	302	126	100	48	53	629	5	100
11/15/2015 21:55	293	126	113	71	35	638	5	100
11/15/2015 22:00	275	118	101	63	63	620	5	100
11/15/2015 22:05	267	116	94	43	28	548	5	100
11/15/2015 22:10	313	104	103	74	44	638	5	100
11/15/2015 22:15	260	105	86	52	76	579	5	100
11/15/2015 22:20	255	106	90	56	56	563	5	100
11/15/2015 22:25	241	135	97	51	65	589	5	100
11/15/2015 22:30	293	101	95	68	23	580	5	100
11/15/2015 22:35	264	90	70	40	48	512	5	100
11/15/2015 22:40	259	104	92	62	29	546	5	100
11/15/2015 22:45	245	97	91	65	96	594	5	100
11/15/2015 22:50	224	80	74	40	46	464	5	100
11/15/2015 22:55	199	87	59	70	73	488	5	100
11/15/2015 23:00	236	71	68	27	51	453	5	100
11/15/2015 23:05	241	84	58	59	29	471	5	100
11/15/2015 23:10	281	83	75	61	56	556	5	100
11/15/2015 23:15	259	68	73	46	63	509	5	100
11/15/2015 23:20	191	55	42	51	27	366	5	100
11/15/2015 23:25	172	70	52	35	70	399	5	100
11/15/2015 23:30	223	55	59	25	42	404	5	100
11/15/2015 23:35	249	77	64	47	47	484	5	100
11/15/2015 23:40	239	81	59	49	52	480	5	100
11/15/2015 23:45	257	66	57	32	32	444	5	100
11/15/2015 23:50	241	58	48	20	51	418	5	100
11/15/2015 23:55	206	57	44	28	17	352	5	100
