5 Minutes	Lane 1 Flow (Veh/5 Minutes)	Lane 2 Flow (Veh/5 Minutes)	Lane 3 Flow (Veh/5 Minutes)	Lane 4 Flow (Veh/5 Minutes)	Lane 5 Flow (Veh/5 Minutes)	Flow (Veh/5 Minutes)	# Lane Points	% Observed
11/02/2015 00:00	35	43	39	35	33	185	5	0
11/02/2015 00:05	44	51	46	41	39	221	5	0
11/02/2015 00:10	57	65	57	52	50	281	5	0
11/02/2015 00:15	35	43	39	35	33	185	5	0
11/02/2015 00:20	62	67	59	53	51	292	5	0
11/02/2015 00:25	40	48	43	39	37	207	5	0
11/02/2015 00:30	36	45	41	36	34	192	5	0
11/02/2015 00:35	29	40	37	33	33	172	5	0
11/02/2015 00:40	27	36	32	28	27	150	5	0
11/02/2015 00:45	38	48	43	39	38	206	5	0
11/02/2015 00:50	35	43	39	35	33	185	5	0
11/02/2015 00:55	23	33	30	27	25	138	5	0
11/02/2015 01:00	26	35	33	29	27	150	5	0
11/02/2015 01:05	24	33	28	24	23	132	5	0
11/02/2015 01:10	31	39	34	30	29	163	5	0
11/02/2015 01:15	26	35	33	29	27	150	5	0
11/02/2015 01:20	32	43	39	35	34	183	5	0
11/02/2015 01:25	36	46	42	38	37	199	5	0
11/02/2015 01:30	32	41	35	31	29	168	5	0
11/02/2015 01:35	23	32	27	23	22	127	5	0
11/02/2015 01:40	36	45	41	36	34	192	5	0
11/02/2015 01:45	25	34	29	25	24	137	5	0
11/02/2015 01:50	19	29	28	24	23	123	5	0
11/02/2015 01:55	25	34	32	28	27	146	5	0
11/02/2015 02:00	21	30	25	22	21	119	5	0
11/02/2015 02:05	19	29	25	21	20	114	5	0
11/02/2015 02:10	54	62	55	50	48	269	5	0
11/02/2015 02:15	19	29	27	23	22	120	5	0
11/02/2015 02:20	24	37	34	30	30	155	5	0
11/02/2015 02:25	27	36	30	26	25	144	5	0
11/02/2015 02:30	30	39	36	32	31	168	5	0
11/02/2015 02:35	23	36	33	30	30	152	5	0
11/02/2015 02:40	24	37	34	30	30	155	5	0
11/02/2015 02:45	23	32	27	23	22	127	5	0
11/02/2015 02:50	24	33	28	24	23	132	5	0
11/02/2015 02:55	24	33	31	27	26	141	5	0
11/02/2015 03:00	18	28	27	23	22	118	5	0
11/02/2015 03:05	36	45	41	36	34	192	5	0
11/02/2015 03:10	38	46	42	37	36	199	5	0
11/02/2015 03:15	30	41	38	34	32	175	5	0
11/02/2015 03:20	32	40	37	33	31	173	5	0
11/02/2015 03:25	26	35	33	29	27	150	5	0
11/02/2015 03:30	25	34	32	28	27	146	5	0
11/02/2015 03:35	31	42	38	34	34	179	5	0
11/02/2015 03:40	24	33	30	26	25	138	5	0
11/02/2015 03:45	48	55	49	44	42	238	5	0
11/02/2015 03:50	25	34	32	28	27	146	5	0
11/02/2015 03:55	38	48	43	39	38	206	5	0
11/02/2015 04:00	24	37	34	30	29	154	5	0
11/02/2015 04:05	26	35	30	26	25	142	5	0
11/02/2015 04:10	46	55	49	44	42	236	5	0
11/02/2015 04:15	34	45	41	37	36	193	5	0
11/02/2015 04:20	26	35	32	28	27	148	5	0
11/02/2015 04:25	48	55	49	44	42	238	5	0
11/02/2015 04:30	39	49	44	40	39	211	5	0
11/02/2015 04:35	45	52	46	41	39	223	5	0
11/02/2015 04:40	41	49	44	39	38	211	5	0
11/02/2015 04:45	50	56	49	43	41	239	5	0
11/02/2015 04:50	53	59	53	47	45	257	5	0
11/02/2015 04:55	47	54	49	43	41	234	5	0
11/02/2015 05:00	43	51	46	41	39	220	5	0
11/02/2015 05:05	58	63	57	51	48	277	5	0
11/02/2015 05:10	68	73	65	58	55	319	5	0
11/02/2015 05:15	80	83	73	66	63	365	5	0
11/02/2015 05:20	66	71	63	57	54	311	5	0
11/02/2015 05:25	105	104	91	83	79	462	5	0
11/02/2015 05:30	91	92	81	73	70	407	5	0
11/02/2015 05:35	91	92	81	73	70	407	5	0
11/02/2015 05:40	96	98	86	77	74	431	5	0
11/02/2015 05:45	98	99	87	79	75	438	5	0
11/02/2015 05:50	111	110	96	87	83	487	5	0
11/02/2015 05:55	115	114	99	90	86	504	5	0
11/02/2015 06:00	102	103	90	81	77	453	5	0
11/02/2015 06:05	92	93	82	74	70	411	5	0
11/02/2015 06:10	136	133	115	105	100	589	5	0
11/02/2015 06:15	108	108	94	85	81	476	5	0
11/02/2015 06:20	119	117	102	93	88	519	5	0
11/02/2015 06:25	115	114	99	90	86	504	5	0
11/02/2015 06:30	111	110	96	87	83	487	5	0
11/02/2015 06:35	115	114	99	90	86	504	5	0
11/02/2015 06:40	120	118	103	93	89	523	5	0
11/02/2015 06:45	125	123	107	97	93	545	5	0
11/02/2015 06:50	126	124	108	98	93	549	5	0
11/02/2015 06:55	118	116	102	92	87	515	5	0
11/02/2015 07:00	113	112	98	89	84	496	5	0
11/02/2015 07:05	124	122	107	97	92	542	5	0
11/02/2015 07:10	146	141	122	111	104	624	5	0
11/02/2015 07:15	140	136	118	107	102	603	5	0
11/02/2015 07:20	124	122	107	97	92	542	5	0
11/02/2015 07:25	121	119	104	94	89	527	5	0
11/02/2015 07:30	149	144	125	113	108	639	5	0
11/02/2015 07:35	141	137	119	108	103	608	5	0
11/02/2015 07:40	121	119	104	94	89	527	5	0
11/02/2015 07:45	138	134	117	106	101	596	5	0
11/02/2015 07:50	155	149	129	118	110	661	5	0
11/02/2015 07:55	131	128	112	101	96	568	5	0
11/02/2015 08:00	142	138	120	109	103	612	5	0
11/02/2015 08:05	137	133	116	105	100	591	5	0
11/02/2015 08:10	138	134	117	106	101	596	5	0
11/02/2015 08:15	139	135	117	107	101	599	5	0
11/02/2015 08:20	151	146	127	115	110	649	5	0
11/02/2015 08:25	150	145	126	115	109	645	5	0
11/02/2015 08:30	124	122	107	97	92	542	5	0
11/02/2015 08:35	123	121	106	96	91	537	5	0
11/02/2015 08:40	146	141	123	111	106	627	5	0
11/02/2015 08:45	146	141	123	111	106	627	5	0
11/02/2015 08:50	132	129	112	102	97	572	5	0
11/02/2015 08:55	121	120	104	95	90	530	5	0
11/02/2015 09:00	136	133	115	105	100	589	5	0
11/02/2015 09:05	130	127	111	101	96	565	5	0
11/02/2015 09:10	127	125	109	99	94	554	5	0
11/02/2015 09:15	141	137	119	108	103	608	5	0
11/02/2015 09:20	99	100	88	79	75	441	5	0
11/02/2015 09:25	145	140	122	111	105	623	5	0
11/02/2015 09:30	121	119	104	94	89	527	5	0
11/02/2015 09:35	126	124	108	98	93	549	5	0
11/02/2015 09:40	105	105	92	83	79	464	5	0
11/02/2015 09:45	122	121	105	95	91	534	5	0
11/02/2015 09:50	111	110	96	87	83	487	5	0
11/02/2015 09:55	124	122	107	97	92	542	5	0
11/02/2015 10:00	138	134	117	106	101	596	5	0
11/02/2015 10:05	123	121	106	96	91	537	5	0
11/02/2015 10:10	141	137	119	108	103	608	5	0
11/02/2015 10:15	126	124	108	98	93	549	5	0
11/02/2015 10:20	150	145	126	115	109	645	5	0
11/02/2015 10:25	127	125	109	99	94	554	5	0
11/02/2015 10:30	95	97	85	77	73	427	5	0
11/02/2015 10:35	145	140	122	111	105	623	5	0
11/02/2015 10:40	130	127	111	101	96	565	5	0
11/02/2015 10:45	148	143	124	113	107	635	5	0
11/02/2015 10:50	140	136	118	107	102	603	5	0
11/02/2015 10:55	147	142	123	112	106	630	5	0
11/02/2015 11:00	132	129	112	102	97	572	5	0
11/02/2015 11:05	152	147	128	116	110	653	5	0
11/02/2015 11:10	143	139	120	109	104	615	5	0
11/02/2015 11:15	143	139	120	109	104	615	5	0
11/02/2015 11:20	143	139	120	109	104	615	5	0
11/02/2015 11:25	143	139	120	109	104	615	5	0
11/02/2015 11:30	161	155	134	122	116	688	5	0
11/02/2015 11:35	145	140	122	111	105	623	5	0
11/02/2015 11:40	149	144	125	113	108	639	5	0
11/02/2015 11:45	173	162	140	129	120	724	5	0
11/02/2015 11:50	130	127	111	101	96	565	5	0
11/02/2015 11:55	114	113	99	89	85	500	5	0
11/02/2015 12:00	124	122	107	97	92	542	5	0
11/02/2015 12:05	154	149	129	117	112	661	5	0
11/02/2015 12:10	159	153	133	121	115	681	5	0
11/02/2015 12:15	142	138	120	109	103	612	5	0
11/02/2015 12:20	150	145	126	115	109	645	5	0
11/02/2015 12:25	146	141	123	111	106	627	5	0
11/02/2015 12:30	133	130	113	103	98	577	5	0
11/02/2015 12:35	167	160	139	126	120	712	5	0
11/02/2015 12:40	165	158	137	125	118	703	5	0
11/02/2015 12:45	161	155	134	122	116	688	5	0
11/02/2015 12:50	149	145	125	114	108	641	5	0
11/02/2015 12:55	145	140	122	111	105	623	5	0
11/02/2015 13:00	154	149	129	117	112	661	5	0
11/02/2015 13:05	163	154	133	122	114	686	5	0
11/02/2015 13:10	153	148	128	117	111	657	5	0
11/02/2015 13:15	164	157	136	124	118	699	5	0
11/02/2015 13:20	178	170	147	134	127	756	5	0
11/02/2015 13:25	159	153	133	121	115	681	5	0
11/02/2015 13:30	170	162	141	128	122	723	5	0
11/02/2015 13:35	179	171	148	135	128	761	5	0
11/02/2015 13:40	172	164	142	129	123	730	5	0
11/02/2015 13:45	174	166	144	131	124	739	5	0
11/02/2015 13:50	175	167	144	131	125	742	5	0
11/02/2015 13:55	187	178	154	140	133	792	5	0
11/02/2015 14:00	172	164	142	129	123	730	5	0
11/02/2015 14:05	203	192	165	151	143	854	5	0
11/02/2015 14:10	171	163	141	129	122	726	5	0
11/02/2015 14:15	181	173	149	136	129	768	5	0
11/02/2015 14:20	156	151	131	119	113	670	5	0
11/02/2015 14:25	199	188	162	148	141	838	5	0
11/02/2015 14:30	197	186	161	147	139	830	5	0
11/02/2015 14:35	184	171	148	136	126	765	5	0
11/02/2015 14:40	186	177	153	139	132	787	5	0
11/02/2015 14:45	190	180	156	142	135	803	5	0
11/02/2015 14:50	170	159	137	126	118	710	5	0
11/02/2015 14:55	180	172	148	135	127	762	5	0
11/02/2015 15:00	192	178	153	141	131	795	5	0
11/02/2015 15:05	175	167	144	131	125	742	5	0
11/02/2015 15:10	166	157	136	124	116	699	5	0
11/02/2015 15:15	196	181	156	143	133	809	5	0
11/02/2015 15:20	165	156	134	123	115	693	5	0
11/02/2015 15:25	153	148	128	117	111	657	5	0
11/02/2015 15:30	172	162	139	128	119	720	5	0
11/02/2015 15:35	152	144	125	114	107	642	5	0
11/02/2015 15:40	160	151	130	120	112	673	5	0
11/02/2015 15:45	168	159	137	126	118	708	5	0
11/02/2015 15:50	145	138	120	110	103	616	5	0
11/02/2015 15:55	143	139	120	109	104	615	5	0
11/02/2015 16:00	137	133	116	105	99	590	5	0
11/02/2015 16:05	139	133	115	106	99	592	5	0
11/02/2015 16:10	130	125	109	100	94	558	5	0
11/02/2015 16:15	134	131	114	103	98	580	5	0
11/02/2015 16:20	126	122	106	97	91	542	5	0
11/02/2015 16:25	149	143	123	113	106	634	5	0
11/02/2015 16:30	138	134	117	106	101	596	5	0
11/02/2015 16:35	131	127	110	101	95	564	5	0
11/02/2015 16:40	129	127	110	100	95	561	5	0
11/02/2015 16:45	143	137	118	109	102	609	5	0
11/02/2015 16:50	122	119	104	95	89	529	5	0
11/02/2015 16:55	125	123	107	97	93	545	5	0
11/02/2015 17:00	118	116	102	92	87	515	5	0
11/02/2015 17:05	133	128	111	102	96	570	5	0
11/02/2015 17:10	117	115	100	91	86	509	5	0
11/02/2015 17:15	121	118	102	94	88	523	5	0
11/02/2015 17:20	123	120	104	96	90	533	5	0
11/02/2015 17:25	127	123	107	98	92	547	5	0
11/02/2015 17:30	126	122	107	97	91	543	5	0
11/02/2015 17:35	123	121	106	96	91	537	5	0
11/02/2015 17:40	144	138	119	109	102	612	5	0
11/02/2015 17:45	120	117	103	93	88	521	5	0
11/02/2015 17:50	134	131	114	103	98	580	5	0
11/02/2015 17:55	117	115	100	91	86	509	5	0
11/02/2015 18:00	135	130	114	103	97	579	5	0
11/02/2015 18:05	120	117	102	93	88	520	5	0
11/02/2015 18:10	126	123	107	98	92	546	5	0
11/02/2015 18:15	130	127	111	101	96	565	5	0
11/02/2015 18:20	138	132	115	105	98	588	5	0
11/02/2015 18:25	123	121	106	96	91	537	5	0
11/02/2015 18:30	135	130	113	103	97	578	5	0
11/02/2015 18:35	144	138	119	109	102	612	5	0
11/02/2015 18:40	142	136	118	108	101	605	5	0
11/02/2015 18:45	131	127	110	101	95	564	5	0
11/02/2015 18:50	146	141	122	111	104	624	5	0
11/02/2015 18:55	143	137	118	109	102	609	5	0
11/02/2015 19:00	136	131	113	104	97	581	5	0
11/02/2015 19:05	136	131	113	104	97	581	5	0
11/02/2015 19:10	130	127	111	101	96	565	5	0
11/02/2015 19:15	122	121	105	95	91	534	5	0
11/02/2015 19:20	114	113	99	89	85	500	5	0
11/02/2015 19:25	102	103	90	81	77	453	5	0
11/02/2015 19:30	114	113	99	89	85	500	5	0
11/02/2015 19:35	97	98	86	79	74	434	5	0
11/02/2015 19:40	124	122	107	97	92	542	5	0
11/02/2015 19:45	128	126	110	99	94	557	5	0
11/02/2015 19:50	144	138	119	109	102	612	5	0
11/02/2015 19:55	109	109	95	86	82	481	5	0
11/02/2015 20:00	110	110	96	87	82	485	5	0
11/02/2015 20:05	118	116	102	92	87	515	5	0
11/02/2015 20:10	97	98	86	78	74	433	5	0
11/02/2015 20:15	99	100	88	79	75	441	5	0
11/02/2015 20:20	94	96	84	76	72	422	5	0
11/02/2015 20:25	101	102	89	81	77	450	5	0
11/02/2015 20:30	108	108	94	85	81	476	5	0
11/02/2015 20:35	67	72	64	57	55	315	5	0
11/02/2015 20:40	85	87	77	69	66	384	5	0
11/02/2015 20:45	71	75	67	60	57	330	5	0
11/02/2015 20:50	84	86	76	69	65	380	5	0
11/02/2015 20:55	73	77	68	61	58	337	5	0
11/02/2015 21:00	73	77	68	61	58	337	5	0
11/02/2015 21:05	69	74	65	59	56	323	5	0
11/02/2015 21:10	88	90	79	71	68	396	5	0
11/02/2015 21:15	70	74	66	59	56	325	5	0
11/02/2015 21:20	87	89	78	71	67	392	5	0
11/02/2015 21:25	80	83	73	66	63	365	5	0
11/02/2015 21:30	86	88	78	70	67	389	5	0
11/02/2015 21:35	78	81	72	65	62	358	5	0
11/02/2015 21:40	62	67	59	53	51	292	5	0
11/02/2015 21:45	62	67	59	53	51	292	5	0
11/02/2015 21:50	104	104	91	83	79	461	5	0
11/02/2015 21:55	73	77	68	61	58	337	5	0
11/02/2015 22:00	60	65	58	52	50	285	5	0
11/02/2015 22:05	73	77	68	61	58	337	5	0
11/02/2015 22:10	75	79	70	63	60	347	5	0
11/02/2015 22:15	67	72	64	57	55	315	5	0
11/02/2015 22:20	62	67	59	53	51	292	5	0
11/02/2015 22:25	59	64	57	51	49	280	5	0
11/02/2015 22:30	66	71	63	57	54	311	5	0
11/02/2015 22:35	64	69	62	55	53	303	5	0
11/02/2015 22:40	71	75	67	60	57	330	5	0
11/02/2015 22:45	65	71	62	57	54	309	5	0
11/02/2015 22:50	67	72	64	57	55	315	5	0
11/02/2015 22:55	40	48	43	39	37	207	5	0
11/02/2015 23:00	57	63	57	51	48	276	5	0
11/02/2015 23:05	48	55	49	43	41	236	5	0
11/02/2015 23:10	46	53	48	43	41	231	5	0
11/02/2015 23:15	41	49	44	39	38	211	5	0
11/02/2015 23:20	55	61	54	49	46	265	5	0
11/02/2015 23:25	49	58	52	47	45	251	5	0
11/02/2015 23:30	45	54	48	44	42	233	5	0
11/02/2015 23:35	54	60	54	48	46	262	5	0
11/02/2015 23:40	41	49	44	39	38	211	5	0
11/02/2015 23:45	36	45	41	36	34	192	5	0
11/02/2015 23:50	38	46	42	37	36	199	5	0
11/02/2015 23:55	33	41	38	33	32	177	5	0
11/03/2015 00:00	36	44	40	35	34	189	5	0
11/03/2015 00:05	40	49	45	40	39	213	5	0
11/03/2015 00:10	40	47	41	36	34	198	5	0
11/03/2015 00:15	34	42	38	34	32	180	5	0
11/03/2015 00:20	30	39	35	31	30	165	5	0
11/03/2015 00:25	42	50	45	40	38	215	5	0
11/03/2015 00:30	27	36	33	29	28	153	5	0
11/03/2015 00:35	30	39	35	31	30	165	5	0
11/03/2015 00:40	32	40	37	33	31	173	5	0
11/03/2015 00:45	23	33	30	27	25	138	5	0
11/03/2015 00:50	26	35	29	25	24	139	5	0
11/03/2015 00:55	27	36	33	29	28	153	5	0
11/03/2015 01:00	28	37	31	27	26	149	5	0
11/03/2015 01:05	28	37	31	27	26	149	5	0
11/03/2015 01:10	25	37	34	31	31	158	5	0
11/03/2015 01:15	25	34	30	27	25	141	5	0
11/03/2015 01:20	22	31	29	25	24	131	5	0
11/03/2015 01:25	23	35	32	29	29	148	5	0
11/03/2015 01:30	40	50	45	41	40	216	5	0
11/03/2015 01:35	25	35	33	29	27	149	5	0
11/03/2015 01:40	26	35	29	25	24	139	5	0
11/03/2015 01:45	34	45	41	37	36	193	5	0
11/03/2015 01:50	21	31	29	25	24	130	5	0
11/03/2015 01:55	32	43	39	35	33	182	5	0
11/03/2015 02:00	21	31	29	25	24	130	5	0
11/03/2015 02:05	29	38	32	28	26	153	5	0
11/03/2015 02:10	23	33	30	27	25	138	5	0
11/03/2015 02:15	20	30	26	23	22	121	5	0
11/03/2015 02:20	21	30	26	23	22	122	5	0
11/03/2015 02:25	26	35	33	29	27	150	5	0
11/03/2015 02:30	21	33	28	24	23	129	5	0
11/03/2015 02:35	18	28	23	20	19	108	5	0
11/03/2015 02:40	25	37	34	31	31	158	5	0
11/03/2015 02:45	22	34	32	29	27	144	5	0
11/03/2015 02:50	21	33	28	24	23	129	5	0
11/03/2015 02:55	20	32	30	26	25	133	5	0
11/03/2015 03:00	23	35	33	29	27	147	5	0
11/03/2015 03:05	22	31	26	23	22	124	5	0
11/03/2015 03:10	26	35	33	29	27	150	5	0
11/03/2015 03:15	40	49	45	40	39	213	5	0
11/03/2015 03:20	32	40	37	33	31	173	5	0
11/03/2015 03:25	22	31	26	22	22	123	5	0
11/03/2015 03:30	21	32	29	25	24	131	5	0
11/03/2015 03:35	22	32	30	26	25	135	5	0
11/03/2015 03:40	23	35	32	29	28	147	5	0
11/03/2015 03:45	30	38	33	28	27	156	5	0
11/03/2015 03:50	24	36	31	27	26	144	5	0
11/03/2015 03:55	36	44	40	35	34	189	5	0
11/03/2015 04:00	22	31	27	23	22	125	5	0
11/03/2015 04:05	31	39	36	32	31	169	5	0
11/03/2015 04:10	28	37	34	30	29	158	5	0
11/03/2015 04:15	27	36	33	29	28	153	5	0
11/03/2015 04:20	30	38	33	28	27	156	5	0
11/03/2015 04:25	32	40	34	30	29	165	5	0
11/03/2015 04:30	32	40	37	33	31	173	5	0
11/03/2015 04:35	42	49	44	39	38	212	5	0
11/03/2015 04:40	39	46	40	35	33	193	5	0
11/03/2015 04:45	46	53	48	43	41	231	5	0
11/03/2015 04:50	47	54	49	43	41	234	5	0
11/03/2015 04:55	49	55	48	44	42	238	5	0
11/03/2015 05:00	45	52	45	40	38	220	5	0
11/03/2015 05:05	67	72	64	57	55	315	5	0
11/03/2015 05:10	64	68	61	55	52	300	5	0
11/03/2015 05:15	66	71	63	57	54	311	5	0
11/03/2015 05:20	65	70	62	56	53	306	5	0
11/03/2015 05:25	74	78	69	62	59	342	5	0
11/03/2015 05:30	89	91	80	72	69	401	5	0
11/03/2015 05:35	68	72	64	57	55	316	5	0
11/03/2015 05:40	85	87	77	69	66	384	5	0
11/03/2015 05:45	105	105	92	83	79	464	5	0
11/03/2015 05:50	117	115	101	91	87	511	5	0
11/03/2015 05:55	106	106	93	84	80	469	5	0
11/03/2015 06:00	115	114	99	90	86	504	5	0
11/03/2015 06:05	126	124	108	98	93	549	5	0
11/03/2015 06:10	103	104	91	82	78	458	5	0
11/03/2015 06:15	117	115	101	91	87	511	5	0
11/03/2015 06:20	116	115	100	91	86	508	5	0
11/03/2015 06:25	113	112	98	89	84	496	5	0
11/03/2015 06:30	105	105	92	83	79	464	5	0
11/03/2015 06:35	117	115	101	91	87	511	5	0
11/03/2015 06:40	119	117	102	93	88	519	5	0
11/03/2015 06:45	135	132	115	104	99	585	5	0
11/03/2015 06:50	120	118	103	93	89	523	5	0
11/03/2015 06:55	121	119	104	94	89	527	5	0
11/03/2015 07:00	123	121	106	96	91	537	5	0
11/03/2015 07:05	136	133	115	105	100	589	5	0
11/03/2015 07:10	114	113	99	89	85	500	5	0
11/03/2015 07:15	150	144	125	114	107	640	5	0
11/03/2015 07:20	128	126	110	99	94	557	5	0
11/03/2015 07:25	139	135	117	107	101	599	5	0
11/03/2015 07:30	130	127	111	101	96	565	5	0
11/03/2015 07:35	140	136	118	107	102	603	5	0
11/03/2015 07:40	149	144	125	113	108	639	5	0
11/03/2015 07:45	120	118	103	93	89	523	5	0
11/03/2015 07:50	116	116	103	92	87	514	5	0
11/03/2015 07:55	128	126	110	99	94	557	5	0
11/03/2015 08:00	128	126	110	99	94	557	5	0
11/03/2015 08:05	121	120	104	95	90	530	5	0
11/03/2015 08:10	143	139	120	109	104	615	5	0
11/03/2015 08:15	147	142	123	112	106	630	5	0
11/03/2015 08:20	166	159	138	125	119	707	5	0
11/03/2015 08:25	155	150	130	118	112	665	5	0
11/03/2015 08:30	163	156	136	123	117	695	5	0
11/03/2015 08:35	176	168	145	132	125	746	5	0
11/03/2015 08:40	170	162	141	128	122	723	5	0
11/03/2015 08:45	175	167	144	131	125	742	5	0
11/03/2015 08:50	169	162	140	127	121	719	5	0
11/03/2015 08:55	182	174	150	137	130	773	5	0
11/03/2015 09:00	167	160	139	126	120	712	5	0
11/03/2015 09:05	171	163	141	129	122	726	5	0
11/03/2015 09:10	182	174	150	137	130	773	5	0
11/03/2015 09:15	169	162	140	127	121	719	5	0
11/03/2015 09:20	177	169	147	133	127	753	5	0
11/03/2015 09:25	190	177	152	140	130	789	5	0
11/03/2015 09:30	166	159	138	125	119	707	5	0
11/03/2015 09:35	178	170	147	134	127	756	5	0
11/03/2015 09:40	162	156	135	123	117	693	5	0
11/03/2015 09:45	164	157	136	124	118	699	5	0
11/03/2015 09:50	133	130	113	103	98	577	5	0
11/03/2015 09:55	181	173	149	136	129	768	5	0
11/03/2015 10:00	146	141	123	111	106	627	5	0
11/03/2015 10:05	142	138	120	109	103	612	5	0
11/03/2015 10:10	137	133	116	105	100	591	5	0
11/03/2015 10:15	172	164	142	129	123	730	5	0
11/03/2015 10:20	154	149	129	117	112	661	5	0
11/03/2015 10:25	147	142	123	112	106	630	5	0
11/03/2015 10:30	131	128	112	101	96	568	5	0
11/03/2015 10:35	157	151	131	119	113	671	5	0
11/03/2015 10:40	131	128	112	101	96	568	5	0
11/03/2015 10:45	117	115	101	91	87	511	5	0
11/03/2015 10:50	137	133	116	105	100	591	5	0
11/03/2015 10:55	133	130	113	103	98	577	5	0
11/03/2015 11:00	117	115	101	91	87	511	5	0
11/03/2015 11:05	138	134	117	106	101	596	5	0
11/03/2015 11:10	125	123	107	97	93	545	5	0
11/03/2015 11:15	173	165	143	130	124	735	5	0
11/03/2015 11:20	124	122	107	97	92	542	5	0
11/03/2015 11:25	142	138	120	109	103	612	5	0
11/03/2015 11:30	140	136	118	107	102	603	5	0
11/03/2015 11:35	133	130	113	103	98	577	5	0
11/03/2015 11:40	156	151	131	119	113	670	5	0
11/03/2015 11:45	142	138	120	109	103	612	5	0
11/03/2015 11:50	148	143	124	113	107	635	5	0
11/03/2015 11:55	166	159	138	125	119	707	5	0
11/03/2015 12:00	142	138	120	109	103	612	5	0
11/03/2015 12:05	127	125	109	99	94	554	5	0
11/03/2015 12:10	171	162	139	128	119	719	5	0
11/03/2015 12:15	120	118	103	93	89	523	5	0
11/03/2015 12:20	131	128	112	101	96	568	5	0
11/03/2015 12:25	153	148	128	117	111	657	5	0
11/03/2015 12:30	146	141	123	111	106	627	5	0
11/03/2015 12:35	155	150	130	118	112	665	5	0
11/03/2015 12:40	162	156	135	123	117	693	5	0
11/03/2015 12:45	167	160	139	126	120	712	5	0
11/03/2015 12:50	152	147	128	116	110	653	5	0
11/03/2015 12:55	150	145	126	115	109	645	5	0
11/03/2015 13:00	149	144	125	113	108	639	5	0
11/03/2015 13:05	182	174	150	137	130	773	5	0
11/03/2015 13:10	170	162	141	128	122	723	5	0
11/03/2015 13:15	158	152	132	120	114	676	5	0
11/03/2015 13:20	163	156	136	123	117	695	5	0
11/03/2015 13:25	161	155	134	122	116	688	5	0
11/03/2015 13:30	178	170	147	134	127	756	5	0
11/03/2015 13:35	186	177	153	139	132	787	5	0
11/03/2015 13:40	174	166	144	131	124	739	5	0
11/03/2015 13:45	182	174	150	137	130	773	5	0
11/03/2015 13:50	183	174	151	137	131	776	5	0
11/03/2015 13:55	199	188	162	148	141	838	5	0
11/03/2015 14:00	171	163	141	129	122	726	5	0
11/03/2015 14:05	145	140	122	111	105	623	5	0
11/03/2015 14:10	190	180	156	142	135	803	5	0
11/03/2015 14:15	205	194	168	153	145	865	5	0
11/03/2015 14:20	197	186	161	147	139	830	5	0
11/03/2015 14:25	171	162	139	128	119	719	5	0
11/03/2015 14:30	208	192	165	151	141	857	5	0
11/03/2015 14:35	169	159	137	126	117	708	5	0
11/03/2015 14:40	174	165	143	131	122	735	5	0
11/03/2015 14:45	166	159	137	125	118	705	5	0
11/03/2015 14:50	182	170	146	134	125	757	5	0
11/03/2015 14:55	163	154	133	122	114	686	5	0
11/03/2015 15:00	173	165	143	130	124	735	5	0
11/03/2015 15:05	192	178	153	141	131	795	5	0
11/03/2015 15:10	187	176	151	139	130	783	5	0
11/03/2015 15:15	167	159	137	126	118	707	5	0
11/03/2015 15:20	186	177	153	139	131	786	5	0
11/03/2015 15:25	165	158	137	125	118	703	5	0
11/03/2015 15:30	169	162	140	127	121	719	5	0
11/03/2015 15:35	169	162	140	127	121	719	5	0
11/03/2015 15:40	154	149	129	117	112	661	5	0
11/03/2015 15:45	161	152	131	120	112	676	5	0
11/03/2015 15:50	162	156	135	123	117	693	5	0
11/03/2015 15:55	177	168	146	133	126	750	5	0
11/03/2015 16:00	145	140	122	111	105	623	5	0
11/03/2015 16:05	156	148	128	117	110	659	5	0
11/03/2015 16:10	176	168	145	132	125	746	5	0
11/03/2015 16:15	124	122	106	97	91	540	5	0
11/03/2015 16:20	164	155	134	123	115	691	5	0
11/03/2015 16:25	172	164	142	129	123	730	5	0
11/03/2015 16:30	154	147	127	117	109	654	5	0
11/03/2015 16:35	157	150	129	119	111	666	5	0
11/03/2015 16:40	145	140	122	111	105	623	5	0
11/03/2015 16:45	141	135	117	107	101	601	5	0
11/03/2015 16:50	129	127	110	100	95	561	5	0
11/03/2015 16:55	148	141	122	112	105	628	5	0
11/03/2015 17:00	136	131	113	104	97	581	5	0
11/03/2015 17:05	148	143	124	113	107	635	5	0
11/03/2015 17:10	149	143	123	113	106	634	5	0
11/03/2015 17:15	104	104	91	83	79	461	5	0
11/03/2015 17:20	137	131	114	104	98	584	5	0
11/03/2015 17:25	118	116	102	92	87	515	5	0
11/03/2015 17:30	134	131	114	103	98	580	5	0
11/03/2015 17:35	125	123	107	97	93	545	5	0
11/03/2015 17:40	122	119	104	95	89	529	5	0
11/03/2015 17:45	144	139	121	110	105	619	5	0
11/03/2015 17:50	127	125	109	99	94	554	5	0
11/03/2015 17:55	111	110	96	87	83	487	5	0
11/03/2015 18:00	145	138	120	110	103	616	5	0
11/03/2015 18:05	123	121	106	96	91	537	5	0
11/03/2015 18:10	129	127	110	100	95	561	5	0
11/03/2015 18:15	130	127	111	101	96	565	5	0
11/03/2015 18:20	126	124	108	98	93	549	5	0
11/03/2015 18:25	136	131	113	104	97	581	5	0
11/03/2015 18:30	134	132	117	106	99	588	5	0
11/03/2015 18:35	129	127	110	100	95	561	5	0
11/03/2015 18:40	133	130	113	103	98	577	5	0
11/03/2015 18:45	149	144	125	114	107	639	5	0
11/03/2015 18:50	123	121	106	96	91	537	5	0
11/03/2015 18:55	133	130	113	103	98	577	5	0
11/03/2015 19:00	134	131	114	103	98	580	5	0
11/03/2015 19:05	152	144	125	114	107	642	5	0
11/03/2015 19:10	139	135	117	107	101	599	5	0
11/03/2015 19:15	125	122	106	97	91	541	5	0
11/03/2015 19:20	139	134	116	106	99	594	5	0
11/03/2015 19:25	134	131	114	103	98	580	5	0
11/03/2015 19:30	143	139	120	109	104	615	5	0
11/03/2015 19:35	145	138	120	110	103	616	5	0
11/03/2015 19:40	180	168	144	133	124	749	5	0
11/03/2015 19:45	154	149	129	117	112	661	5	0
11/03/2015 19:50	165	158	137	125	117	702	5	0
11/03/2015 19:55	119	117	102	93	88	519	5	0
11/03/2015 20:00	130	127	111	101	96	565	5	0
11/03/2015 20:05	120	118	103	93	89	523	5	0
11/03/2015 20:10	113	112	98	89	84	496	5	0
11/03/2015 20:15	123	121	106	96	91	537	5	0
11/03/2015 20:20	103	104	91	82	78	458	5	0
11/03/2015 20:25	107	107	94	85	81	474	5	0
11/03/2015 20:30	94	96	84	76	72	422	5	0
11/03/2015 20:35	103	104	91	82	78	458	5	0
11/03/2015 20:40	90	92	80	73	69	404	5	0
11/03/2015 20:45	97	98	86	78	74	433	5	0
11/03/2015 20:50	99	100	88	79	75	441	5	0
11/03/2015 20:55	111	110	96	87	83	487	5	0
11/03/2015 21:00	117	115	101	91	87	511	5	0
11/03/2015 21:05	119	117	102	93	88	519	5	0
11/03/2015 21:10	82	85	75	67	64	373	5	0
11/03/2015 21:15	91	92	81	73	70	407	5	0
11/03/2015 21:20	115	114	99	90	86	504	5	0
11/03/2015 21:25	76	80	70	63	60	349	5	0
11/03/2015 21:30	79	82	73	65	62	361	5	0
11/03/2015 21:35	92	93	82	74	70	411	5	0
11/03/2015 21:40	77	80	71	64	61	353	5	0
11/03/2015 21:45	87	89	78	71	67	392	5	0
11/03/2015 21:50	90	92	80	73	69	404	5	0
11/03/2015 21:55	66	71	63	57	54	311	5	0
11/03/2015 22:00	96	98	86	77	74	431	5	0
11/03/2015 22:05	75	79	70	63	60	347	5	0
11/03/2015 22:10	97	98	86	78	74	433	5	0
11/03/2015 22:15	107	107	93	85	80	472	5	0
11/03/2015 22:20	94	95	83	76	72	420	5	0
11/03/2015 22:25	79	82	73	65	62	361	5	0
11/03/2015 22:30	71	75	67	60	57	330	5	0
11/03/2015 22:35	71	75	67	60	57	330	5	0
11/03/2015 22:40	85	87	77	69	66	384	5	0
11/03/2015 22:45	55	61	53	47	44	260	5	0
11/03/2015 22:50	73	77	68	62	59	339	5	0
11/03/2015 22:55	50	57	51	45	43	246	5	0
11/03/2015 23:00	65	70	62	56	53	306	5	0
11/03/2015 23:05	43	51	46	41	39	220	5	0
11/03/2015 23:10	77	80	71	64	61	353	5	0
11/03/2015 23:15	67	72	64	57	55	315	5	0
11/03/2015 23:20	65	70	62	56	53	306	5	0
11/03/2015 23:25	54	60	54	48	46	262	5	0
11/03/2015 23:30	57	63	56	50	48	274	5	0
11/03/2015 23:35	37	45	41	37	35	195	5	0
11/03/2015 23:40	34	42	38	34	32	180	5	0
11/03/2015 23:45	47	54	49	43	41	234	5	0
11/03/2015 23:50	44	51	46	41	39	221	5	0
11/03/2015 23:55	38	46	42	37	36	199	5	0
11/04/2015 00:00	36	45	41	36	34	192	5	0
11/04/2015 00:05	35	43	39	35	33	185	5	0
11/04/2015 00:10	33	41	38	33	32	177	5	0
11/04/2015 00:15	34	42	38	34	32	180	5	0
11/04/2015 00:20	37	45	41	37	35	195	5	0
11/04/2015 00:25	33	41	38	33	32	177	5	0
11/04/2015 00:30	36	44	38	33	32	183	5	0
11/04/2015 00:35	31	39	36	32	31	169	5	0
11/04/2015 00:40	35	46	41	37	37	196	5	0
11/04/2015 00:45	33	41	38	33	32	177	5	0
11/04/2015 00:50	27	36	33	29	28	153	5	0
11/04/2015 00:55	29	38	35	31	29	162	5	0
11/04/2015 01:00	28	37	33	29	27	154	5	0
11/04/2015 01:05	34	43	39	35	33	184	5	0
11/04/2015 01:10	25	35	30	26	25	141	5	0
11/04/2015 01:15	26	38	35	31	31	161	5	0
11/04/2015 01:20	22	31	26	23	22	124	5	0
11/04/2015 01:25	28	40	36	33	32	169	5	0
11/04/2015 01:30	21	30	28	25	24	128	5	0
11/04/2015 01:35	27	36	33	29	28	153	5	0
11/04/2015 01:40	24	33	28	24	23	132	5	0
11/04/2015 01:45	22	31	26	22	22	123	5	0
11/04/2015 01:50	21	30	25	22	21	119	5	0
11/04/2015 01:55	19	32	28	24	23	126	5	0
11/04/2015 02:00	28	37	34	30	29	158	5	0
11/04/2015 02:05	23	33	30	27	25	138	5	0
11/04/2015 02:10	27	37	34	30	29	157	5	0
11/04/2015 02:15	24	33	31	27	26	141	5	0
11/04/2015 02:20	21	30	28	24	23	126	5	0
11/04/2015 02:25	20	30	25	21	20	116	5	0
11/04/2015 02:30	26	38	35	31	31	161	5	0
11/04/2015 02:35	18	28	23	20	19	108	5	0
11/04/2015 02:40	22	31	26	22	22	123	5	0
11/04/2015 02:45	23	35	32	28	27	145	5	0
11/04/2015 02:50	23	33	28	24	23	131	5	0
11/04/2015 02:55	18	28	26	23	22	117	5	0
11/04/2015 03:00	26	36	32	28	27	149	5	0
11/04/2015 03:05	20	30	25	21	20	116	5	0
11/04/2015 03:10	25	34	32	28	27	146	5	0
11/04/2015 03:15	30	39	35	31	30	165	5	0
11/04/2015 03:20	23	32	27	23	22	127	5	0
11/04/2015 03:25	22	33	30	26	25	136	5	0
11/04/2015 03:30	20	30	25	21	20	116	5	0
11/04/2015 03:35	31	39	36	32	31	169	5	0
11/04/2015 03:40	27	36	33	29	28	153	5	0
11/04/2015 03:45	23	32	28	24	23	130	5	0
11/04/2015 03:50	26	38	32	28	26	150	5	0
11/04/2015 03:55	23	32	28	25	24	132	5	0
11/04/2015 04:00	26	35	30	26	25	142	5	0
11/04/2015 04:05	25	34	32	28	27	146	5	0
11/04/2015 04:10	31	42	38	34	34	179	5	0
11/04/2015 04:15	30	38	33	28	27	156	5	0
11/04/2015 04:20	31	39	34	30	29	163	5	0
11/04/2015 04:25	39	47	43	38	36	203	5	0
11/04/2015 04:30	37	45	41	37	35	195	5	0
11/04/2015 04:35	52	58	52	47	44	253	5	0
11/04/2015 04:40	42	49	43	38	36	208	5	0
11/04/2015 04:45	46	53	46	40	38	223	5	0
11/04/2015 04:50	42	49	44	39	38	212	5	0
11/04/2015 04:55	41	48	42	37	36	204	5	0
11/04/2015 05:00	47	54	49	43	41	234	5	0
11/04/2015 05:05	64	69	62	55	53	303	5	0
11/04/2015 05:10	60	65	58	52	50	285	5	0
11/04/2015 05:15	54	60	54	48	46	262	5	0
11/04/2015 05:20	69	74	65	59	56	323	5	0
11/04/2015 05:25	82	85	75	67	64	373	5	0
11/04/2015 05:30	83	86	75	68	65	377	5	0
11/04/2015 05:35	79	82	73	65	62	361	5	0
11/04/2015 05:40	102	103	90	81	77	453	5	0
11/04/2015 05:45	106	106	93	84	80	469	5	0
11/04/2015 05:50	97	98	86	78	74	433	5	0
11/04/2015 05:55	102	103	90	81	77	453	5	0
11/04/2015 06:00	93	95	83	75	72	418	5	0
11/04/2015 06:05	93	95	83	75	72	418	5	0
11/04/2015 06:10	109	109	95	86	82	481	5	0
11/04/2015 06:15	106	106	93	84	80	469	5	0
11/04/2015 06:20	115	114	99	90	86	504	5	0
11/04/2015 06:25	107	107	94	85	81	474	5	0
11/04/2015 06:30	109	109	95	86	82	481	5	0
11/04/2015 06:35	107	107	94	85	81	474	5	0
11/04/2015 06:40	121	119	104	94	89	527	5	0
11/04/2015 06:45	107	107	94	85	81	474	5	0
11/04/2015 06:50	121	120	104	95	90	530	5	0
11/04/2015 06:55	127	125	109	99	94	554	5	0
11/04/2015 07:00	117	115	101	91	87	511	5	0
11/04/2015 07:05	128	126	110	99	94	557	5	0
11/04/2015 07:10	125	123	107	97	93	545	5	0
11/04/2015 07:15	127	125	109	99	94	554	5	0
11/04/2015 07:20	146	141	123	111	106	627	5	0
11/04/2015 07:25	140	136	118	107	102	603	5	0
11/04/2015 07:30	142	138	120	109	103	612	5	0
11/04/2015 07:35	138	134	117	106	101	596	5	0
11/04/2015 07:40	133	130	113	103	98	577	5	0
11/04/2015 07:45	141	137	119	108	103	608	5	0
11/04/2015 07:50	106	106	93	84	80	469	5	0
11/04/2015 07:55	122	121	105	95	91	534	5	0
11/04/2015 08:00	130	127	111	101	96	565	5	0
11/04/2015 08:05	144	139	121	110	105	619	5	0
11/04/2015 08:10	132	129	112	102	97	572	5	0
11/04/2015 08:15	140	136	118	107	102	603	5	0
11/04/2015 08:20	143	139	120	109	104	615	5	0
11/04/2015 08:25	164	157	136	124	118	699	5	0
11/04/2015 08:30	143	139	120	109	104	615	5	0
11/04/2015 08:35	130	127	111	101	96	565	5	0
11/04/2015 08:40	143	139	120	109	104	615	5	0
11/04/2015 08:45	160	154	133	121	115	683	5	0
11/04/2015 08:50	177	169	147	133	127	753	5	0
11/04/2015 08:55	177	169	147	133	127	753	5	0
11/04/2015 09:00	178	170	147	134	127	756	5	0
11/04/2015 09:05	189	180	155	141	134	799	5	0
11/04/2015 09:10	153	148	128	117	111	657	5	0
11/04/2015 09:15	201	186	160	147	137	831	5	0
11/04/2015 09:20	150	145	126	115	109	645	5	0
11/04/2015 09:25	204	192	166	151	144	857	5	0
11/04/2015 09:30	177	168	146	133	126	750	5	0
11/04/2015 09:35	189	180	155	141	134	799	5	0
11/04/2015 09:40	194	184	159	145	137	819	5	0
11/04/2015 09:45	167	160	139	126	120	712	5	0
11/04/2015 09:50	151	146	127	115	110	649	5	0
11/04/2015 09:55	176	168	145	132	125	746	5	0
11/04/2015 10:00	156	151	131	119	113	670	5	0
11/04/2015 10:05	164	157	136	124	118	699	5	0
11/04/2015 10:10	161	155	134	122	116	688	5	0
11/04/2015 10:15	149	145	125	114	108	641	5	0
11/04/2015 10:20	157	151	131	119	113	671	5	0
11/04/2015 10:25	144	139	121	110	105	619	5	0
11/04/2015 10:30	149	144	125	113	108	639	5	0
11/04/2015 10:35	150	145	126	115	109	645	5	0
11/04/2015 10:40	175	167	144	131	125	742	5	0
11/04/2015 10:45	153	148	128	117	111	657	5	0
11/04/2015 10:50	157	151	131	119	113	671	5	0
11/04/2015 10:55	149	145	125	114	108	641	5	0
11/04/2015 11:00	162	156	135	123	117	693	5	0
11/04/2015 11:05	146	141	123	111	106	627	5	0
11/04/2015 11:10	161	155	134	122	116	688	5	0
11/04/2015 11:15	166	159	138	125	119	707	5	0
11/04/2015 11:20	170	162	141	128	122	723	5	0
11/04/2015 11:25	159	153	133	121	115	681	5	0
11/04/2015 11:30	161	155	134	122	116	688	5	0
11/04/2015 11:35	148	143	124	113	107	635	5	0
11/04/2015 11:40	137	133	116	105	100	591	5	0
11/04/2015 11:45	127	125	109	99	94	554	5	0
11/04/2015 11:50	153	148	128	117	111	657	5	0
11/04/2015 11:55	131	127	110	101	95	564	5	0
11/04/2015 12:00	177	168	146	133	126	750	5	0
11/04/2015 12:05	159	153	133	121	115	681	5	0
11/04/2015 12:10	168	161	139	127	120	715	5	0
11/04/2015 12:15	154	149	129	117	112	661	5	0
11/04/2015 12:20	131	128	112	101	96	568	5	0
11/04/2015 12:25	139	135	117	107	101	599	5	0
11/04/2015 12:30	158	152	132	120	114	676	5	0
11/04/2015 12:35	164	157	136	124	118	699	5	0
11/04/2015 12:40	157	151	131	119	113	671	5	0
11/04/2015 12:45	157	151	131	119	113	671	5	0
11/04/2015 12:50	170	162	141	128	122	723	5	0
11/04/2015 12:55	162	156	135	123	117	693	5	0
11/04/2015 13:00	159	153	133	121	115	681	5	0
11/04/2015 13:05	168	161	139	127	120	715	5	0
11/04/2015 13:10	194	184	159	145	137	819	5	0
11/04/2015 13:15	205	192	165	152	141	855	5	0
11/04/2015 13:20	120	118	103	93	89	523	5	0
11/04/2015 13:25	168	161	139	127	120	715	5	0
11/04/2015 13:30	202	190	164	150	140	846	5	0
11/04/2015 13:35	178	166	143	131	123	741	5	0
11/04/2015 13:40	175	164	141	130	121	731	5	0
11/04/2015 13:45	181	170	146	134	125	756	5	0
11/04/2015 13:50	170	162	141	128	122	723	5	0
11/04/2015 13:55	174	166	143	131	123	737	5	0
11/04/2015 14:00	184	171	148	136	126	765	5	0
11/04/2015 14:05	195	185	160	145	137	822	5	0
11/04/2015 14:10	194	184	158	145	136	817	5	0
11/04/2015 14:15	177	165	143	131	122	738	5	0
11/04/2015 14:20	165	156	134	123	115	693	5	0
11/04/2015 14:25	194	182	157	144	134	811	5	0
11/04/2015 14:30	172	164	142	129	123	730	5	0
11/04/2015 14:35	171	163	141	129	121	725	5	0
11/04/2015 14:40	192	178	153	141	131	795	5	0
11/04/2015 14:45	188	174	150	138	129	779	5	0
11/04/2015 14:50	188	174	150	138	129	779	5	0
11/04/2015 14:55	190	179	154	141	132	796	5	0
11/04/2015 15:00	172	161	139	127	119	718	5	0
11/04/2015 15:05	168	161	139	127	120	715	5	0
11/04/2015 15:10	167	159	137	126	118	707	5	0
11/04/2015 15:15	188	174	150	138	129	779	5	0
11/04/2015 15:20	191	177	153	140	131	792	5	0
11/04/2015 15:25	184	175	152	138	131	780	5	0
11/04/2015 15:30	131	128	112	101	96	568	5	0
11/04/2015 15:35	114	113	98	90	84	499	5	0
11/04/2015 15:40	144	138	119	109	102	612	5	0
11/04/2015 15:45	124	122	107	97	92	542	5	0
11/04/2015 15:50	187	174	150	137	128	776	5	0
11/04/2015 15:55	170	159	137	126	118	710	5	0
11/04/2015 16:00	165	156	134	123	115	693	5	0
11/04/2015 16:05	180	168	145	133	124	750	5	0
11/04/2015 16:10	156	151	130	119	112	668	5	0
11/04/2015 16:15	158	152	132	120	114	676	5	0
11/04/2015 16:20	128	124	108	99	92	551	5	0
11/04/2015 16:25	151	144	124	114	106	639	5	0
11/04/2015 16:30	165	158	137	125	118	703	5	0
11/04/2015 16:35	159	153	133	121	115	681	5	0
11/04/2015 16:40	172	162	139	128	119	720	5	0
11/04/2015 16:45	137	133	116	105	100	591	5	0
11/04/2015 16:50	120	117	102	93	88	520	5	0
11/04/2015 16:55	128	126	110	99	94	557	5	0
11/04/2015 17:00	126	122	106	97	91	542	5	0
11/04/2015 17:05	148	143	124	113	107	635	5	0
11/04/2015 17:10	121	119	104	94	89	527	5	0
11/04/2015 17:15	139	133	115	106	99	592	5	0
11/04/2015 17:20	135	130	113	103	97	578	5	0
11/04/2015 17:25	118	116	102	92	87	515	5	0
11/04/2015 17:30	157	149	129	118	110	663	5	0
11/04/2015 17:35	142	138	120	109	103	612	5	0
11/04/2015 17:40	147	142	123	112	106	630	5	0
11/04/2015 17:45	140	136	118	107	102	603	5	0
11/04/2015 17:50	132	128	111	101	95	567	5	0
11/04/2015 17:55	136	131	113	104	97	581	5	0
11/04/2015 18:00	125	123	107	97	93	545	5	0
11/04/2015 18:05	144	138	119	109	102	612	5	0
11/04/2015 18:10	135	131	114	104	98	582	5	0
11/04/2015 18:15	132	128	111	102	96	569	5	0
11/04/2015 18:20	148	143	124	113	107	635	5	0
11/04/2015 18:25	140	136	118	107	101	602	5	0
11/04/2015 18:30	154	146	126	116	108	650	5	0
11/04/2015 18:35	148	142	123	113	105	631	5	0
11/04/2015 18:40	123	121	106	96	91	537	5	0
11/04/2015 18:45	148	143	124	113	107	635	5	0
11/04/2015 18:50	139	134	116	107	100	596	5	0
11/04/2015 18:55	147	140	121	111	104	623	5	0
11/04/2015 19:00	142	136	118	108	101	605	5	0
11/04/2015 19:05	153	148	128	117	111	657	5	0
11/04/2015 19:10	153	148	128	117	111	657	5	0
11/04/2015 19:15	156	148	128	117	110	659	5	0
11/04/2015 19:20	149	145	125	114	108	641	5	0
11/04/2015 19:25	161	155	134	122	116	688	5	0
11/04/2015 19:30	139	133	115	106	99	592	5	0
11/04/2015 19:35	135	130	113	103	97	578	5	0
11/04/2015 19:40	141	137	119	108	103	608	5	0
11/04/2015 19:45	142	138	120	109	103	612	5	0
11/04/2015 19:50	152	147	128	116	110	653	5	0
11/04/2015 19:55	143	139	120	109	104	615	5	0
11/04/2015 20:00	135	130	113	103	97	578	5	0
11/04/2015 20:05	123	121	106	96	91	537	5	0
11/04/2015 20:10	126	124	108	98	93	549	5	0
11/04/2015 20:15	117	115	101	91	87	511	5	0
11/04/2015 20:20	111	110	96	87	83	487	5	0
11/04/2015 20:25	131	128	112	101	96	568	5	0
11/04/2015 20:30	126	124	108	98	93	549	5	0
11/04/2015 20:35	122	121	105	95	91	534	5	0
11/04/2015 20:40	132	129	112	102	97	572	5	0
11/04/2015 20:45	102	103	90	81	77	453	5	0
11/04/2015 20:50	111	110	96	87	83	487	5	0
11/04/2015 20:55	95	97	85	77	73	427	5	0
11/04/2015 21:00	86	88	78	70	67	389	5	0
11/04/2015 21:05	74	78	69	62	59	342	5	0
11/04/2015 21:10	97	98	86	78	74	433	5	0
11/04/2015 21:15	80	83	73	66	63	365	5	0
11/04/2015 21:20	90	92	80	73	69	404	5	0
11/04/2015 21:25	76	80	70	63	60	349	5	0
11/04/2015 21:30	122	121	105	95	91	534	5	0
11/04/2015 21:35	81	84	74	67	63	369	5	0
11/04/2015 21:40	94	96	84	76	72	422	5	0
11/04/2015 21:45	98	99	87	79	75	438	5	0
11/04/2015 21:50	80	83	73	66	63	365	5	0
11/04/2015 21:55	81	84	74	67	63	369	5	0
11/04/2015 22:00	87	89	78	71	67	392	5	0
11/04/2015 22:05	90	92	81	74	70	407	5	0
11/04/2015 22:10	76	80	70	63	60	349	5	0
11/04/2015 22:15	75	79	70	63	60	347	5	0
11/04/2015 22:20	66	71	63	57	54	311	5	0
11/04/2015 22:25	67	72	64	57	55	315	5	0
11/04/2015 22:30	76	80	70	63	60	349	5	0
11/04/2015 22:35	81	84	74	67	63	369	5	0
11/04/2015 22:40	66	71	63	57	54	311	5	0
11/04/2015 22:45	54	60	54	48	46	262	5	0
11/04/2015 22:50	61	66	59	53	50	289	5	0
11/04/2015 22:55	70	74	66	59	56	325	5	0
11/04/2015 23:00	49	56	50	45	43	243	5	0
11/04/2015 23:05	71	75	67	60	57	330	5	0
11/04/2015 23:10	59	64	57	51	49	280	5	0
11/04/2015 23:15	70	74	66	59	56	325	5	0
11/04/2015 23:20	45	52	46	41	39	223	5	0
11/04/2015 23:25	64	69	62	55	53	303	5	0
11/04/2015 23:30	75	79	70	63	60	347	5	0
11/04/2015 23:35	45	52	45	39	37	218	5	0
11/04/2015 23:40	62	67	59	53	51	292	5	0
11/04/2015 23:45	45	52	47	42	40	226	5	0
11/04/2015 23:50	37	45	41	37	35	195	5	0
11/04/2015 23:55	43	50	44	39	38	214	5	0
11/05/2015 00:00	44	51	46	41	39	221	5	0
11/05/2015 00:05	57	63	56	50	48	274	5	0
11/05/2015 00:10	34	42	38	34	32	180	5	0
11/05/2015 00:15	49	56	50	45	43	243	5	0
11/05/2015 00:20	36	44	40	35	34	189	5	0
11/05/2015 00:25	42	50	45	40	38	215	5	0
11/05/2015 00:30	36	45	41	36	34	192	5	0
11/05/2015 00:35	36	44	40	35	34	189	5	0
11/05/2015 00:40	34	42	38	34	32	180	5	0
11/05/2015 00:45	44	53	48	43	41	229	5	0
11/05/2015 00:50	41	49	44	39	38	211	5	0
11/05/2015 00:55	33	41	38	33	32	177	5	0
11/05/2015 01:00	42	52	46	42	41	223	5	0
11/05/2015 01:05	40	48	43	39	37	207	5	0
11/05/2015 01:10	36	46	42	38	37	199	5	0
11/05/2015 01:15	32	40	37	33	31	173	5	0
11/05/2015 01:20	36	46	42	38	36	198	5	0
11/05/2015 01:25	25	34	29	25	24	137	5	0
11/05/2015 01:30	33	41	38	33	32	177	5	0
11/05/2015 01:35	25	34	32	28	27	146	5	0
11/05/2015 01:40	25	34	32	28	27	146	5	0
11/05/2015 01:45	22	32	30	26	25	135	5	0
11/05/2015 01:50	35	46	41	37	37	196	5	0
11/05/2015 01:55	20	30	25	21	20	116	5	0
11/05/2015 02:00	25	34	29	25	24	137	5	0
11/05/2015 02:05	23	33	30	27	25	138	5	0
11/05/2015 02:10	27	38	35	31	29	160	5	0
11/05/2015 02:15	28	37	34	30	29	158	5	0
11/05/2015 02:20	24	33	31	27	26	141	5	0
11/05/2015 02:25	25	34	29	25	24	137	5	0
11/05/2015 02:30	30	39	35	31	30	165	5	0
11/05/2015 02:35	23	33	28	24	23	131	5	0
11/05/2015 02:40	29	38	32	28	26	153	5	0
11/05/2015 02:45	33	41	38	33	32	177	5	0
11/05/2015 02:50	31	42	38	34	33	178	5	0
11/05/2015 02:55	23	35	30	26	25	139	5	0
11/05/2015 03:00	27	36	30	27	25	145	5	0
11/05/2015 03:05	22	32	30	26	25	135	5	0
11/05/2015 03:10	22	34	29	25	24	134	5	0
11/05/2015 03:15	24	33	31	27	26	141	5	0
11/05/2015 03:20	39	47	43	38	36	203	5	0
11/05/2015 03:25	22	31	27	23	22	125	5	0
11/05/2015 03:30	28	37	31	27	26	149	5	0
11/05/2015 03:35	29	38	32	28	26	153	5	0
11/05/2015 03:40	29	38	34	30	29	160	5	0
11/05/2015 03:45	29	38	34	31	29	161	5	0
11/05/2015 03:50	24	33	29	25	24	135	5	0
11/05/2015 03:55	29	38	34	31	31	163	5	0
11/05/2015 04:00	27	37	34	30	30	158	5	0
11/05/2015 04:05	37	47	43	39	38	204	5	0
11/05/2015 04:10	20	30	28	24	23	125	5	0
11/05/2015 04:15	35	43	37	32	30	177	5	0
11/05/2015 04:20	35	46	41	37	37	196	5	0
11/05/2015 04:25	40	48	43	39	37	207	5	0
11/05/2015 04:30	40	48	43	39	37	207	5	0
11/05/2015 04:35	44	51	44	39	37	215	5	0
11/05/2015 04:40	42	50	45	40	38	215	5	0
11/05/2015 04:45	54	60	54	48	46	262	5	0
11/05/2015 04:50	55	62	55	49	47	268	5	0
11/05/2015 04:55	40	48	43	39	37	207	5	0
11/05/2015 05:00	46	53	48	43	41	231	5	0
11/05/2015 05:05	60	65	58	52	50	285	5	0
11/05/2015 05:10	54	60	54	48	46	262	5	0
11/05/2015 05:15	76	80	70	63	60	349	5	0
11/05/2015 05:20	72	76	67	61	58	334	5	0
11/05/2015 05:25	80	83	73	66	63	365	5	0
11/05/2015 05:30	87	89	78	71	67	392	5	0
11/05/2015 05:35	91	92	81	73	70	407	5	0
11/05/2015 05:40	83	86	75	68	65	377	5	0
11/05/2015 05:45	107	107	94	85	81	474	5	0
11/05/2015 05:50	104	104	91	83	79	461	5	0
11/05/2015 05:55	93	95	83	75	72	418	5	0
11/05/2015 06:00	101	102	89	81	77	450	5	0
11/05/2015 06:05	77	80	71	64	61	353	5	0
11/05/2015 06:10	106	106	93	84	80	469	5	0
11/05/2015 06:15	121	120	104	95	90	530	5	0
11/05/2015 06:20	112	111	97	88	84	492	5	0
11/05/2015 06:25	116	115	100	91	86	508	5	0
11/05/2015 06:30	117	115	101	91	87	511	5	0
11/05/2015 06:35	111	110	96	87	83	487	5	0
11/05/2015 06:40	127	125	109	99	94	554	5	0
11/05/2015 06:45	126	124	108	98	93	549	5	0
11/05/2015 06:50	128	126	110	99	94	557	5	0
11/05/2015 06:55	116	115	100	91	86	508	5	0
11/05/2015 07:00	121	119	104	94	89	527	5	0
11/05/2015 07:05	117	115	101	91	87	511	5	0
11/05/2015 07:10	115	114	99	90	86	504	5	0
11/05/2015 07:15	148	143	124	113	107	635	5	0
11/05/2015 07:20	140	136	118	107	102	603	5	0
11/05/2015 07:25	133	130	113	103	98	577	5	0
11/05/2015 07:30	124	123	109	98	92	546	5	0
11/05/2015 07:35	134	130	113	103	97	577	5	0
11/05/2015 07:40	142	136	118	108	101	605	5	0
11/05/2015 07:45	152	147	128	116	110	653	5	0
11/05/2015 07:50	138	134	117	106	101	596	5	0
11/05/2015 07:55	146	141	123	111	106	627	5	0
11/05/2015 08:00	129	127	110	100	95	561	5	0
11/05/2015 08:05	142	138	120	109	103	612	5	0
11/05/2015 08:10	154	146	126	116	108	650	5	0
11/05/2015 08:15	169	162	140	127	121	719	5	0
11/05/2015 08:20	150	145	126	115	109	645	5	0
11/05/2015 08:25	139	135	117	107	101	599	5	0
11/05/2015 08:30	160	154	133	121	115	683	5	0
11/05/2015 08:35	136	133	115	105	100	589	5	0
11/05/2015 08:40	177	169	147	133	127	753	5	0
11/05/2015 08:45	157	151	131	119	113	671	5	0
11/05/2015 08:50	171	163	141	129	122	726	5	0
11/05/2015 08:55	217	201	173	159	148	898	5	0
11/05/2015 09:00	177	169	147	133	127	753	5	0
11/05/2015 09:05	173	165	143	130	124	735	5	0
11/05/2015 09:10	177	169	147	133	127	753	5	0
11/05/2015 09:15	176	168	145	132	125	746	5	0
11/05/2015 09:20	191	181	157	143	136	808	5	0
11/05/2015 09:25	191	181	157	143	136	808	5	0
11/05/2015 09:30	214	202	174	159	151	900	5	0
11/05/2015 09:35	205	193	167	152	144	861	5	0
11/05/2015 09:40	195	185	160	145	138	823	5	0
11/05/2015 09:45	188	179	155	141	134	797	5	0
11/05/2015 09:50	190	180	156	142	135	803	5	0
11/05/2015 09:55	192	182	157	143	136	810	5	0
11/05/2015 10:00	205	194	168	153	145	865	5	0
11/05/2015 10:05	205	194	168	153	145	865	5	0
11/05/2015 10:10	191	181	157	143	136	808	5	0
11/05/2015 10:15	197	186	161	147	139	830	5	0
11/05/2015 10:20	169	162	140	127	121	719	5	0
11/05/2015 10:25	169	162	140	127	121	719	5	0
11/05/2015 10:30	195	185	160	145	138	823	5	0
11/05/2015 10:35	174	166	144	131	124	739	5	0
11/05/2015 10:40	162	156	135	123	117	693	5	0
11/05/2015 10:45	181	173	149	136	129	768	5	0
11/05/2015 10:50	189	180	155	141	132	797	5	0
11/05/2015 10:55	173	165	143	130	124	735	5	0
11/05/2015 11:00	177	168	146	133	126	750	5	0
11/05/2015 11:05	175	167	144	131	125	742	5	0
11/05/2015 11:10	182	174	150	137	130	773	5	0
11/05/2015 11:15	187	178	154	140	133	792	5	0
11/05/2015 11:20	172	164	142	129	123	730	5	0
11/05/2015 11:25	170	162	141	128	122	723	5	0
11/05/2015 11:30	166	159	138	125	119	707	5	0
11/05/2015 11:35	168	161	139	127	120	715	5	0
11/05/2015 11:40	179	171	148	135	128	761	5	0
11/05/2015 11:45	178	170	147	134	127	756	5	0
11/05/2015 11:50	191	181	157	143	136	808	5	0
11/05/2015 11:55	174	166	144	131	124	739	5	0
11/05/2015 12:00	192	182	157	143	136	810	5	0
11/05/2015 12:05	164	157	136	124	118	699	5	0
11/05/2015 12:10	176	168	145	132	125	746	5	0
11/05/2015 12:15	204	192	166	151	144	857	5	0
11/05/2015 12:20	223	205	176	162	151	917	5	0
11/05/2015 12:25	176	168	145	132	125	746	5	0
11/05/2015 12:30	194	184	159	145	137	819	5	0
11/05/2015 12:35	204	192	166	151	144	857	5	0
11/05/2015 12:40	195	185	160	145	138	823	5	0
11/05/2015 12:45	182	174	150	137	130	773	5	0
11/05/2015 12:50	203	192	165	151	143	854	5	0
11/05/2015 12:55	181	173	149	136	129	768	5	0
11/05/2015 13:00	205	193	167	152	144	861	5	0
11/05/2015 13:05	174	166	144	131	124	739	5	0
11/05/2015 13:10	216	203	176	160	152	907	5	0
11/05/2015 13:15	188	179	155	141	134	797	5	0
11/05/2015 13:20	193	183	158	144	137	815	5	0
11/05/2015 13:25	205	193	167	152	144	861	5	0
11/05/2015 13:30	215	201	172	159	147	894	5	0
11/05/2015 13:35	209	192	165	152	141	859	5	0
11/05/2015 13:40	201	190	164	149	142	846	5	0
11/05/2015 13:45	205	193	167	152	143	860	5	0
11/05/2015 13:50	191	181	157	143	136	808	5	0
11/05/2015 13:55	205	193	167	152	144	861	5	0
11/05/2015 14:00	184	172	148	136	127	767	5	0
11/05/2015 14:05	205	189	162	149	139	844	5	0
11/05/2015 14:10	191	177	153	140	131	792	5	0
11/05/2015 14:15	185	173	149	137	127	771	5	0
11/05/2015 14:20	177	168	146	133	126	750	5	0
11/05/2015 14:25	190	180	156	142	134	802	5	0
11/05/2015 14:30	194	180	155	142	132	803	5	0
11/05/2015 14:35	169	159	137	126	117	708	5	0
11/05/2015 14:40	179	171	148	135	128	761	5	0
11/05/2015 14:45	172	162	139	128	119	720	5	0
11/05/2015 14:50	145	138	120	110	103	616	5	0
11/05/2015 14:55	161	152	131	120	112	676	5	0
11/05/2015 15:00	179	170	146	134	125	754	5	0
11/05/2015 15:05	179	167	144	132	123	745	5	0
11/05/2015 15:10	180	168	145	133	124	750	5	0
11/05/2015 15:15	186	176	151	139	130	782	5	0
11/05/2015 15:20	180	172	149	135	128	764	5	0
11/05/2015 15:25	179	167	144	132	123	745	5	0
11/05/2015 15:30	161	152	131	120	112	676	5	0
11/05/2015 15:35	142	136	118	108	101	605	5	0
11/05/2015 15:40	158	152	132	120	114	676	5	0
11/05/2015 15:45	161	152	131	120	112	676	5	0
11/05/2015 15:50	156	148	128	117	110	659	5	0
11/05/2015 15:55	134	131	114	103	98	580	5	0
11/05/2015 16:00	164	157	136	124	118	699	5	0
11/05/2015 16:05	166	159	137	125	117	704	5	0
11/05/2015 16:10	145	138	120	110	103	616	5	0
11/05/2015 16:15	106	106	93	84	80	469	5	0
11/05/2015 16:20	149	144	125	113	108	639	5	0
11/05/2015 16:25	155	150	129	118	111	663	5	0
11/05/2015 16:30	142	136	118	108	101	605	5	0
11/05/2015 16:35	155	147	127	116	109	654	5	0
11/05/2015 16:40	146	139	120	110	103	618	5	0
11/05/2015 16:45	146	141	123	111	106	627	5	0
11/05/2015 16:50	149	145	125	114	108	641	5	0
11/05/2015 16:55	128	126	110	99	94	557	5	0
11/05/2015 17:00	148	141	122	112	105	628	5	0
11/05/2015 17:05	156	151	131	119	113	670	5	0
11/05/2015 17:10	134	131	114	103	98	580	5	0
11/05/2015 17:15	117	115	100	91	86	509	5	0
11/05/2015 17:20	120	117	102	93	88	520	5	0
11/05/2015 17:25	112	110	96	88	83	489	5	0
11/05/2015 17:30	120	118	103	93	89	523	5	0
11/05/2015 17:35	103	103	90	82	77	455	5	0
11/05/2015 17:40	133	130	113	103	98	577	5	0
11/05/2015 17:45	130	125	109	100	94	558	5	0
11/05/2015 17:50	151	144	124	114	106	639	5	0
11/05/2015 17:55	117	115	101	91	87	511	5	0
11/05/2015 18:00	98	99	87	79	75	438	5	0
11/05/2015 18:05	106	106	93	84	80	469	5	0
11/05/2015 18:10	136	133	115	105	100	589	5	0
11/05/2015 18:15	129	125	108	99	93	554	5	0
11/05/2015 18:20	107	107	93	85	80	472	5	0
11/05/2015 18:25	125	123	107	97	92	544	5	0
11/05/2015 18:30	121	119	104	94	89	527	5	0
11/05/2015 18:35	134	129	112	103	96	574	5	0
11/05/2015 18:40	131	128	112	101	96	568	5	0
11/05/2015 18:45	112	111	97	88	84	492	5	0
11/05/2015 18:50	123	120	104	96	90	533	5	0
11/05/2015 18:55	127	125	109	99	94	554	5	0
11/05/2015 19:00	141	137	119	108	103	608	5	0
11/05/2015 19:05	129	125	108	99	93	554	5	0
11/05/2015 19:10	123	121	106	96	91	537	5	0
11/05/2015 19:15	129	125	109	99	93	555	5	0
11/05/2015 19:20	135	132	115	104	99	585	5	0
11/05/2015 19:25	142	138	120	109	103	612	5	0
11/05/2015 19:30	133	128	111	102	96	570	5	0
11/05/2015 19:35	142	136	118	108	101	605	5	0
11/05/2015 19:40	138	132	115	105	98	588	5	0
11/05/2015 19:45	134	131	114	103	98	580	5	0
11/05/2015 19:50	121	120	104	95	90	530	5	0
11/05/2015 19:55	126	124	108	98	93	549	5	0
11/05/2015 20:00	147	140	121	111	104	623	5	0
11/05/2015 20:05	132	129	113	102	97	573	5	0
11/05/2015 20:10	142	136	118	108	101	605	5	0
11/05/2015 20:15	140	134	118	107	100	599	5	0
11/05/2015 20:20	139	134	116	106	99	594	5	0
11/05/2015 20:25	141	135	117	107	101	601	5	0
11/05/2015 20:30	146	139	120	110	103	618	5	0
11/05/2015 20:35	141	137	119	108	103	608	5	0
11/05/2015 20:40	147	141	122	111	104	625	5	0
11/05/2015 20:45	136	133	115	105	100	589	5	0
11/05/2015 20:50	121	119	104	94	89	527	5	0
11/05/2015 20:55	98	99	87	79	75	438	5	0
11/05/2015 21:00	108	108	94	85	81	476	5	0
11/05/2015 21:05	74	78	69	62	59	342	5	0
11/05/2015 21:10	110	110	96	87	82	485	5	0
11/05/2015 21:15	107	107	94	85	81	474	5	0
11/05/2015 21:20	95	97	85	77	73	427	5	0
11/05/2015 21:25	120	118	103	93	89	523	5	0
11/05/2015 21:30	82	85	75	67	64	373	5	0
11/05/2015 21:35	83	86	75	68	65	377	5	0
11/05/2015 21:40	92	94	83	75	71	415	5	0
11/05/2015 21:45	93	95	83	75	72	418	5	0
11/05/2015 21:50	84	88	77	69	65	383	5	0
11/05/2015 21:55	86	88	78	70	67	389	5	0
11/05/2015 22:00	84	86	76	69	65	380	5	0
11/05/2015 22:05	97	98	86	78	74	433	5	0
11/05/2015 22:10	77	80	71	64	61	353	5	0
11/05/2015 22:15	96	98	86	77	74	431	5	0
11/05/2015 22:20	94	96	84	76	72	422	5	0
11/05/2015 22:25	95	97	85	77	73	427	5	0
11/05/2015 22:30	79	82	73	65	62	361	5	0
11/05/2015 22:35	78	81	72	65	62	358	5	0
11/05/2015 22:40	85	87	77	69	66	384	5	0
11/05/2015 22:45	77	80	71	64	61	353	5	0
11/05/2015 22:50	88	90	79	71	68	396	5	0
11/05/2015 22:55	69	74	65	59	56	323	5	0
11/05/2015 23:00	64	69	62	55	53	303	5	0
11/05/2015 23:05	70	74	66	59	56	325	5	0
11/05/2015 23:10	58	63	57	51	48	277	5	0
11/05/2015 23:15	69	73	64	57	54	317	5	0
11/05/2015 23:20	65	70	62	56	53	306	5	0
11/05/2015 23:25	75	80	70	64	61	350	5	0
11/05/2015 23:30	62	67	59	53	51	292	5	0
11/05/2015 23:35	47	54	49	43	41	234	5	0
11/05/2015 23:40	65	70	62	56	53	306	5	0
11/05/2015 23:45	72	76	67	61	58	334	5	0
11/05/2015 23:50	66	72	64	58	55	315	5	0
11/05/2015 23:55	55	61	54	49	46	265	5	0
11/06/2015 00:00	41	49	44	39	38	211	5	0
11/06/2015 00:05	44	51	46	41	39	221	5	0
11/06/2015 00:10	59	64	57	51	49	280	5	0
11/06/2015 00:15	48	55	49	44	42	238	5	0
11/06/2015 00:20	53	59	53	47	45	257	5	0
11/06/2015 00:25	42	50	45	40	38	215	5	0
11/06/2015 00:30	41	49	44	39	38	211	5	0
11/06/2015 00:35	51	57	51	46	44	249	5	0
11/06/2015 00:40	38	46	42	37	36	199	5	0
11/06/2015 00:45	36	44	40	35	34	189	5	0
11/06/2015 00:50	29	38	35	31	29	162	5	0
11/06/2015 00:55	36	45	41	36	34	192	5	0
11/06/2015 01:00	33	41	38	33	32	177	5	0
11/06/2015 01:05	32	40	37	33	31	173	5	0
11/06/2015 01:10	27	36	33	29	28	153	5	0
11/06/2015 01:15	40	48	43	39	37	207	5	0
11/06/2015 01:20	32	40	34	30	28	164	5	0
11/06/2015 01:25	34	42	38	34	32	180	5	0
11/06/2015 01:30	24	33	31	27	26	141	5	0
11/06/2015 01:35	27	36	33	29	28	153	5	0
11/06/2015 01:40	20	30	25	22	21	118	5	0
11/06/2015 01:45	24	33	28	24	23	132	5	0
11/06/2015 01:50	40	50	45	41	40	216	5	0
11/06/2015 01:55	27	36	33	29	28	153	5	0
11/06/2015 02:00	38	48	43	39	38	206	5	0
11/06/2015 02:05	24	33	31	27	26	141	5	0
11/06/2015 02:10	24	35	33	29	27	148	5	0
11/06/2015 02:15	28	37	34	30	29	158	5	0
11/06/2015 02:20	32	42	36	31	30	171	5	0
11/06/2015 02:25	31	42	38	34	34	179	5	0
11/06/2015 02:30	28	37	32	28	27	152	5	0
11/06/2015 02:35	27	36	33	29	28	153	5	0
11/06/2015 02:40	32	42	36	31	30	171	5	0
11/06/2015 02:45	24	33	28	24	23	132	5	0
11/06/2015 02:50	28	37	31	27	26	149	5	0
11/06/2015 02:55	22	31	26	22	22	123	5	0
11/06/2015 03:00	24	33	30	27	25	139	5	0
11/06/2015 03:05	21	30	28	24	23	126	5	0
11/06/2015 03:10	26	35	33	29	27	150	5	0
11/06/2015 03:15	28	37	34	30	29	158	5	0
11/06/2015 03:20	20	30	28	24	23	125	5	0
11/06/2015 03:25	31	42	38	34	34	179	5	0
11/06/2015 03:30	29	38	35	31	29	162	5	0
11/06/2015 03:35	33	42	38	34	32	179	5	0
11/06/2015 03:40	29	40	36	33	32	170	5	0
11/06/2015 03:45	25	34	32	28	27	146	5	0
11/06/2015 03:50	29	38	32	28	26	153	5	0
11/06/2015 03:55	29	38	32	28	27	154	5	0
11/06/2015 04:00	29	38	32	28	26	153	5	0
11/06/2015 04:05	27	39	33	29	28	156	5	0
11/06/2015 04:10	32	41	38	33	32	176	5	0
11/06/2015 04:15	27	36	30	26	25	144	5	0
11/06/2015 04:20	36	44	38	33	32	183	5	0
11/06/2015 04:25	31	39	36	32	31	169	5	0
11/06/2015 04:30	40	49	45	40	38	212	5	0
11/06/2015 04:35	38	46	42	37	36	199	5	0
11/06/2015 04:40	46	55	49	44	43	237	5	0
11/06/2015 04:45	52	58	50	45	42	247	5	0
11/06/2015 04:50	50	57	51	45	43	246	5	0
11/06/2015 04:55	47	54	49	43	41	234	5	0
11/06/2015 05:00	42	49	44	39	38	212	5	0
11/06/2015 05:05	44	51	46	41	39	221	5	0
11/06/2015 05:10	49	56	50	45	43	243	5	0
11/06/2015 05:15	53	59	53	47	45	257	5	0
11/06/2015 05:20	64	69	62	55	53	303	5	0
11/06/2015 05:25	68	73	65	58	55	319	5	0
11/06/2015 05:30	77	80	71	64	61	353	5	0
11/06/2015 05:35	84	86	76	69	65	380	5	0
11/06/2015 05:40	75	79	70	63	60	347	5	0
11/06/2015 05:45	109	109	95	86	82	481	5	0
11/06/2015 05:50	99	100	88	79	75	441	5	0
11/06/2015 05:55	96	98	86	77	74	431	5	0
11/06/2015 06:00	92	93	82	74	70	411	5	0
11/06/2015 06:05	99	100	88	79	75	441	5	0
11/06/2015 06:10	104	104	91	83	79	461	5	0
11/06/2015 06:15	98	99	87	79	75	438	5	0
11/06/2015 06:20	125	123	107	97	93	545	5	0
11/06/2015 06:25	107	107	94	85	81	474	5	0
11/06/2015 06:30	96	98	87	78	74	433	5	0
11/06/2015 06:35	111	110	96	87	83	487	5	0
11/06/2015 06:40	112	111	97	88	84	492	5	0
11/06/2015 06:45	123	121	106	96	91	537	5	0
11/06/2015 06:50	122	121	105	95	91	534	5	0
11/06/2015 06:55	116	115	100	91	86	508	5	0
11/06/2015 07:00	114	113	99	89	85	500	5	0
11/06/2015 07:05	102	103	90	81	77	453	5	0
11/06/2015 07:10	117	115	101	91	87	511	5	0
11/06/2015 07:15	129	127	110	100	95	561	5	0
11/06/2015 07:20	125	123	107	97	93	545	5	0
11/06/2015 07:25	118	116	102	92	87	515	5	0
11/06/2015 07:30	132	129	112	102	97	572	5	0
11/06/2015 07:35	141	137	119	108	103	608	5	0
11/06/2015 07:40	142	138	120	109	103	612	5	0
11/06/2015 07:45	116	115	100	91	86	508	5	0
11/06/2015 07:50	149	145	125	114	108	641	5	0
11/06/2015 07:55	134	129	112	103	96	574	5	0
11/06/2015 08:00	121	119	104	94	89	527	5	0
11/06/2015 08:05	159	153	133	121	115	681	5	0
11/06/2015 08:10	139	135	117	107	101	599	5	0
11/06/2015 08:15	154	149	129	117	111	660	5	0
11/06/2015 08:20	145	140	122	111	105	623	5	0
11/06/2015 08:25	166	159	138	125	119	707	5	0
11/06/2015 08:30	143	139	120	109	104	615	5	0
11/06/2015 08:35	171	163	141	129	122	726	5	0
11/06/2015 08:40	195	185	160	145	137	822	5	0
11/06/2015 08:45	165	158	137	125	118	703	5	0
11/06/2015 08:50	189	180	155	141	133	798	5	0
11/06/2015 08:55	174	166	144	131	124	739	5	0
11/06/2015 09:00	201	190	164	149	142	846	5	0
11/06/2015 09:05	188	179	155	141	134	797	5	0
11/06/2015 09:10	162	156	135	123	117	693	5	0
11/06/2015 09:15	198	187	162	147	140	834	5	0
11/06/2015 09:20	196	186	160	146	139	827	5	0
11/06/2015 09:25	191	181	157	143	136	808	5	0
11/06/2015 09:30	202	191	165	150	143	851	5	0
11/06/2015 09:35	203	192	165	151	143	854	5	0
11/06/2015 09:40	185	176	152	139	132	784	5	0
11/06/2015 09:45	214	202	174	159	151	900	5	0
11/06/2015 09:50	180	172	149	135	129	765	5	0
11/06/2015 09:55	183	174	151	137	131	776	5	0
11/06/2015 10:00	185	176	152	139	132	784	5	0
11/06/2015 10:05	168	161	139	127	120	715	5	0
11/06/2015 10:10	175	167	144	131	125	742	5	0
11/06/2015 10:15	187	178	154	140	133	792	5	0
11/06/2015 10:20	185	176	152	139	132	784	5	0
11/06/2015 10:25	164	157	136	124	118	699	5	0
11/06/2015 10:30	194	184	159	145	137	819	5	0
11/06/2015 10:35	188	179	155	141	134	797	5	0
11/06/2015 10:40	224	210	181	165	157	937	5	0
11/06/2015 10:45	199	188	162	148	141	838	5	0
11/06/2015 10:50	189	180	155	141	134	799	5	0
11/06/2015 10:55	196	186	160	146	139	827	5	0
11/06/2015 11:00	209	193	166	153	142	863	5	0
11/06/2015 11:05	192	182	157	143	136	810	5	0
11/06/2015 11:10	201	190	164	149	142	846	5	0
11/06/2015 11:15	197	186	161	147	139	830	5	0
11/06/2015 11:20	207	196	169	154	146	872	5	0
11/06/2015 11:25	201	190	164	149	142	846	5	0
11/06/2015 11:30	216	198	171	157	146	888	5	0
11/06/2015 11:35	198	187	162	147	140	834	5	0
11/06/2015 11:40	204	192	166	151	144	857	5	0
11/06/2015 11:45	203	192	165	151	143	854	5	0
11/06/2015 11:50	202	191	165	150	143	851	5	0
11/06/2015 11:55	218	205	177	161	153	914	5	0
11/06/2015 12:00	208	197	170	155	147	877	5	0
11/06/2015 12:05	205	193	167	152	144	861	5	0
11/06/2015 12:10	203	192	165	151	143	854	5	0
11/06/2015 12:15	199	188	162	148	141	838	5	0
11/06/2015 12:20	202	191	165	150	143	851	5	0
11/06/2015 12:25	207	196	169	154	146	872	5	0
11/06/2015 12:30	205	193	167	152	144	861	5	0
11/06/2015 12:35	212	200	173	157	149	891	5	0
11/06/2015 12:40	214	202	174	159	151	900	5	0
11/06/2015 12:45	209	198	170	155	148	880	5	0
11/06/2015 12:50	212	200	173	157	148	890	5	0
11/06/2015 12:55	211	199	172	157	149	888	5	0
11/06/2015 13:00	221	208	179	163	155	926	5	0
11/06/2015 13:05	208	197	170	155	147	877	5	0
11/06/2015 13:10	216	203	174	160	149	902	5	0
11/06/2015 13:15	226	207	178	163	152	926	5	0
11/06/2015 13:20	211	199	172	157	149	888	5	0
11/06/2015 13:25	205	193	167	152	144	861	5	0
11/06/2015 13:30	220	201	173	159	148	901	5	0
11/06/2015 13:35	196	182	157	144	134	813	5	0
11/06/2015 13:40	214	197	169	156	145	881	5	0
11/06/2015 13:45	186	173	149	137	127	772	5	0
11/06/2015 13:50	197	186	160	147	137	827	5	0
11/06/2015 13:55	175	164	141	130	121	731	5	0
11/06/2015 14:00	205	191	164	151	140	851	5	0
11/06/2015 14:05	177	168	146	133	126	750	5	0
11/06/2015 14:10	196	182	157	144	134	813	5	0
11/06/2015 14:15	199	184	158	146	136	823	5	0
11/06/2015 14:20	178	166	143	131	123	741	5	0
11/06/2015 14:25	191	177	153	140	131	792	5	0
11/06/2015 14:30	194	181	156	143	133	807	5	0
11/06/2015 14:35	192	182	157	143	134	808	5	0
11/06/2015 14:40	191	180	155	142	132	800	5	0
11/06/2015 14:45	184	171	148	136	126	765	5	0
11/06/2015 14:50	163	156	136	123	117	695	5	0
11/06/2015 14:55	178	167	144	132	123	744	5	0
11/06/2015 15:00	175	165	142	130	122	734	5	0
11/06/2015 15:05	156	151	131	119	113	670	5	0
11/06/2015 15:10	193	179	154	141	132	799	5	0
11/06/2015 15:15	184	175	152	138	131	780	5	0
11/06/2015 15:20	187	177	153	140	131	788	5	0
11/06/2015 15:25	178	170	147	134	127	756	5	0
11/06/2015 15:30	182	170	146	134	125	757	5	0
11/06/2015 15:35	157	151	131	119	113	671	5	0
11/06/2015 15:40	145	140	122	111	105	623	5	0
11/06/2015 15:45	171	160	138	127	118	714	5	0
11/06/2015 15:50	171	160	138	127	118	714	5	0
11/06/2015 15:55	172	161	139	127	119	718	5	0
11/06/2015 16:00	146	139	120	110	103	618	5	0
11/06/2015 16:05	149	144	125	113	107	638	5	0
11/06/2015 16:10	126	124	108	98	93	549	5	0
11/06/2015 16:15	156	148	128	117	110	659	5	0
11/06/2015 16:20	167	160	139	126	120	712	5	0
11/06/2015 16:25	162	156	135	123	117	693	5	0
11/06/2015 16:30	173	162	140	129	120	724	5	0
11/06/2015 16:35	145	140	122	111	105	623	5	0
11/06/2015 16:40	154	147	127	116	109	653	5	0
11/06/2015 16:45	147	141	122	111	104	625	5	0
11/06/2015 16:50	124	122	107	97	92	542	5	0
11/06/2015 16:55	154	146	126	116	108	650	5	0
11/06/2015 17:00	135	132	115	104	99	585	5	0
11/06/2015 17:05	150	143	123	113	106	635	5	0
11/06/2015 17:10	137	133	116	105	100	591	5	0
11/06/2015 17:15	118	116	101	92	87	514	5	0
11/06/2015 17:20	92	93	82	74	70	411	5	0
11/06/2015 17:25	85	87	77	69	66	384	5	0
11/06/2015 17:30	136	131	113	104	97	581	5	0
11/06/2015 17:35	172	164	142	129	123	730	5	0
11/06/2015 17:40	151	144	124	114	106	639	5	0
11/06/2015 17:45	131	127	110	101	95	564	5	0
11/06/2015 17:50	97	98	86	78	74	433	5	0
11/06/2015 17:55	122	121	105	95	91	534	5	0
11/06/2015 18:00	124	121	105	96	90	536	5	0
11/06/2015 18:05	110	110	96	87	82	485	5	0
11/06/2015 18:10	128	126	110	99	94	557	5	0
11/06/2015 18:15	154	146	126	116	108	650	5	0
11/06/2015 18:20	131	127	110	101	95	564	5	0
11/06/2015 18:25	122	121	105	95	91	534	5	0
11/06/2015 18:30	133	130	113	103	98	577	5	0
11/06/2015 18:35	142	138	120	109	103	612	5	0
11/06/2015 18:40	143	137	118	109	102	609	5	0
11/06/2015 18:45	127	123	107	98	92	547	5	0
11/06/2015 18:50	135	132	115	104	99	585	5	0
11/06/2015 18:55	132	129	112	102	97	572	5	0
11/06/2015 19:00	147	142	123	112	106	630	5	0
11/06/2015 19:05	135	132	115	104	99	585	5	0
11/06/2015 19:10	135	132	115	104	99	585	5	0
11/06/2015 19:15	127	125	109	99	94	554	5	0
11/06/2015 19:20	141	135	117	107	101	601	5	0
11/06/2015 19:25	146	140	121	111	104	622	5	0
11/06/2015 19:30	151	145	125	115	108	644	5	0
11/06/2015 19:35	132	129	112	102	97	572	5	0
11/06/2015 19:40	118	116	102	92	87	515	5	0
11/06/2015 19:45	136	131	113	104	97	581	5	0
11/06/2015 19:50	142	138	122	110	103	615	5	0
11/06/2015 19:55	143	137	119	109	102	610	5	0
11/06/2015 20:00	146	139	120	110	103	618	5	0
11/06/2015 20:05	138	132	115	105	98	588	5	0
11/06/2015 20:10	124	122	107	97	92	542	5	0
11/06/2015 20:15	137	133	116	105	100	591	5	0
11/06/2015 20:20	128	126	110	99	94	557	5	0
11/06/2015 20:25	120	118	103	93	89	523	5	0
11/06/2015 20:30	121	119	104	94	89	527	5	0
11/06/2015 20:35	122	121	105	95	91	534	5	0
11/06/2015 20:40	117	115	101	91	87	511	5	0
11/06/2015 20:45	106	106	93	84	80	469	5	0
11/06/2015 20:50	101	102	89	81	77	450	5	0
11/06/2015 20:55	93	95	83	75	72	418	5	0
11/06/2015 21:00	99	100	87	80	75	441	5	0
11/06/2015 21:05	161	155	134	122	115	687	5	0
11/06/2015 21:10	111	110	96	87	83	487	5	0
11/06/2015 21:15	113	112	98	89	84	496	5	0
11/06/2015 21:20	97	98	86	78	74	433	5	0
11/06/2015 21:25	87	89	78	71	67	392	5	0
11/06/2015 21:30	104	104	91	83	79	461	5	0
11/06/2015 21:35	91	92	81	73	70	407	5	0
11/06/2015 21:40	88	90	79	71	68	396	5	0
11/06/2015 21:45	76	80	70	63	60	349	5	0
11/06/2015 21:50	84	86	76	69	65	380	5	0
11/06/2015 21:55	85	87	77	69	66	384	5	0
11/06/2015 22:00	86	88	78	70	67	389	5	0
11/06/2015 22:05	83	86	75	68	65	377	5	0
11/06/2015 22:10	109	109	95	86	82	481	5	0
11/06/2015 22:15	83	86	75	68	65	377	5	0
11/06/2015 22:20	84	86	76	69	65	380	5	0
11/06/2015 22:25	78	81	72	65	62	358	5	0
11/06/2015 22:30	88	90	79	71	68	396	5	0
11/06/2015 22:35	80	83	73	66	63	365	5	0
11/06/2015 22:40	87	89	78	71	67	392	5	0
11/06/2015 22:45	92	94	83	75	71	415	5	0
11/06/2015 22:50	95	97	85	77	73	427	5	0
11/06/2015 22:55	72	76	67	60	57	332	5	0
11/06/2015 23:00	90	92	80	73	69	404	5	0
11/06/2015 23:05	81	84	74	67	63	369	5	0
11/06/2015 23:10	65	70	62	56	53	306	5	0
11/06/2015 23:15	69	74	65	59	56	323	5	0
11/06/2015 23:20	68	73	65	58	55	319	5	0
11/06/2015 23:25	78	82	72	66	62	360	5	0
11/06/2015 23:30	54	60	52	46	44	256	5	0
11/06/2015 23:35	62	67	59	53	51	292	5	0
11/06/2015 23:40	61	66	59	53	50	289	5	0
11/06/2015 23:45	51	57	51	45	43	247	5	0
11/06/2015 23:50	64	69	62	55	53	303	5	0
11/06/2015 23:55	54	60	54	48	46	262	5	0
11/07/2015 00:00	76	80	70	63	60	349	5	0
11/07/2015 00:05	43	50	43	38	36	210	5	0
11/07/2015 00:10	57	65	57	52	50	281	5	0
11/07/2015 00:15	57	63	56	50	48	274	5	0
11/07/2015 00:20	57	65	57	52	50	281	5	0
11/07/2015 00:25	55	62	55	50	48	270	5	0
11/07/2015 00:30	49	56	50	45	43	243	5	0
11/07/2015 00:35	44	51	46	41	39	221	5	0
11/07/2015 00:40	62	67	59	53	51	292	5	0
11/07/2015 00:45	40	47	43	38	36	204	5	0
11/07/2015 00:50	35	43	37	32	30	177	5	0
11/07/2015 00:55	42	49	43	39	37	210	5	0
11/07/2015 01:00	44	51	46	41	39	221	5	0
11/07/2015 01:05	43	51	46	41	39	220	5	0
11/07/2015 01:10	36	45	41	36	34	192	5	0
11/07/2015 01:15	39	46	40	35	34	194	5	0
11/07/2015 01:20	48	55	49	44	42	238	5	0
11/07/2015 01:25	37	45	41	37	35	195	5	0
11/07/2015 01:30	57	65	57	52	50	281	5	0
11/07/2015 01:35	38	46	42	37	36	199	5	0
11/07/2015 01:40	46	55	49	44	43	237	5	0
11/07/2015 01:45	40	48	43	39	37	207	5	0
11/07/2015 01:50	47	54	49	43	41	234	5	0
11/07/2015 01:55	34	45	41	37	36	193	5	0
11/07/2015 02:00	26	35	31	27	26	145	5	0
11/07/2015 02:05	31	39	35	31	30	166	5	0
11/07/2015 02:10	41	49	44	39	38	211	5	0
11/07/2015 02:15	35	43	39	35	33	185	5	0
11/07/2015 02:20	40	49	45	40	39	213	5	0
11/07/2015 02:25	30	38	33	28	27	156	5	0
11/07/2015 02:30	25	34	32	28	27	146	5	0
11/07/2015 02:35	37	47	43	39	38	204	5	0
11/07/2015 02:40	48	57	51	46	45	247	5	0
11/07/2015 02:45	31	39	36	32	31	169	5	0
11/07/2015 02:50	27	36	30	26	25	144	5	0
11/07/2015 02:55	28	40	35	31	29	163	5	0
11/07/2015 03:00	32	40	37	33	31	173	5	0
11/07/2015 03:05	42	52	46	42	41	223	5	0
11/07/2015 03:10	26	38	32	28	26	150	5	0
11/07/2015 03:15	29	38	32	28	27	154	5	0
11/07/2015 03:20	35	43	39	35	33	185	5	0
11/07/2015 03:25	32	40	37	33	31	173	5	0
11/07/2015 03:30	29	38	35	31	29	162	5	0
11/07/2015 03:35	28	38	32	28	26	152	5	0
11/07/2015 03:40	27	36	30	27	25	145	5	0
11/07/2015 03:45	19	29	26	23	22	119	5	0
11/07/2015 03:50	21	32	30	27	27	137	5	0
11/07/2015 03:55	30	41	38	33	32	174	5	0
11/07/2015 04:00	22	31	26	22	22	123	5	0
11/07/2015 04:05	26	35	33	29	27	150	5	0
11/07/2015 04:10	27	36	30	26	25	144	5	0
11/07/2015 04:15	26	35	33	29	27	150	5	0
11/07/2015 04:20	25	34	32	28	27	146	5	0
11/07/2015 04:25	33	41	35	31	29	169	5	0
11/07/2015 04:30	25	34	31	27	26	143	5	0
11/07/2015 04:35	35	43	39	35	33	185	5	0
11/07/2015 04:40	32	40	34	30	28	164	5	0
11/07/2015 04:45	32	40	37	33	31	173	5	0
11/07/2015 04:50	40	47	41	36	34	198	5	0
11/07/2015 04:55	39	47	43	38	36	203	5	0
11/07/2015 05:00	33	41	38	33	32	177	5	0
11/07/2015 05:05	41	49	44	39	38	211	5	0
11/07/2015 05:10	40	48	43	39	37	207	5	0
11/07/2015 05:15	38	46	42	37	36	199	5	0
11/07/2015 05:20	48	55	49	44	42	238	5	0
11/07/2015 05:25	45	52	47	42	40	226	5	0
11/07/2015 05:30	43	51	46	41	39	220	5	0
11/07/2015 05:35	36	45	41	36	34	192	5	0
11/07/2015 05:40	48	55	49	44	42	238	5	0
11/07/2015 05:45	50	57	51	45	43	246	5	0
11/07/2015 05:50	58	63	55	49	46	271	5	0
11/07/2015 05:55	47	54	46	41	39	227	5	0
11/07/2015 06:00	40	47	41	36	34	198	5	0
11/07/2015 06:05	55	61	54	49	46	265	5	0
11/07/2015 06:10	53	59	53	47	45	257	5	0
11/07/2015 06:15	62	67	59	53	51	292	5	0
11/07/2015 06:20	62	67	59	53	51	292	5	0
11/07/2015 06:25	63	68	60	54	51	296	5	0
11/07/2015 06:30	78	81	72	65	62	358	5	0
11/07/2015 06:35	61	66	59	53	50	289	5	0
11/07/2015 06:40	73	77	68	61	58	337	5	0
11/07/2015 06:45	71	75	67	60	57	330	5	0
11/07/2015 06:50	76	80	70	63	60	349	5	0
11/07/2015 06:55	77	80	71	64	61	353	5	0
11/07/2015 07:00	90	92	80	73	69	404	5	0
11/07/2015 07:05	82	85	75	67	64	373	5	0
11/07/2015 07:10	81	84	74	67	63	369	5	0
11/07/2015 07:15	114	113	99	89	85	500	5	0
11/07/2015 07:20	93	95	83	75	72	418	5	0
11/07/2015 07:25	84	86	76	69	65	380	5	0
11/07/2015 07:30	106	106	93	84	80	469	5	0
11/07/2015 07:35	109	109	95	86	82	481	5	0
11/07/2015 07:40	99	100	88	79	75	441	5	0
11/07/2015 07:45	106	106	93	84	80	469	5	0
11/07/2015 07:50	121	119	104	94	89	527	5	0
11/07/2015 07:55	91	92	81	73	70	407	5	0
11/07/2015 08:00	90	92	80	73	69	404	5	0
11/07/2015 08:05	98	99	87	79	75	438	5	0
11/07/2015 08:10	113	112	98	89	84	496	5	0
11/07/2015 08:15	121	120	104	95	90	530	5	0
11/07/2015 08:20	124	122	107	97	92	542	5	0
11/07/2015 08:25	167	160	139	126	119	711	5	0
11/07/2015 08:30	137	133	116	105	100	591	5	0
11/07/2015 08:35	160	154	133	121	115	683	5	0
11/07/2015 08:40	170	159	137	126	118	710	5	0
11/07/2015 08:45	156	151	131	119	113	670	5	0
11/07/2015 08:50	181	173	149	136	129	768	5	0
11/07/2015 08:55	163	156	136	123	117	695	5	0
11/07/2015 09:00	186	173	149	137	127	772	5	0
11/07/2015 09:05	204	192	166	151	144	857	5	0
11/07/2015 09:10	201	190	164	149	142	846	5	0
11/07/2015 09:15	199	188	162	148	141	838	5	0
11/07/2015 09:20	208	197	170	155	147	877	5	0
11/07/2015 09:25	193	183	158	144	137	815	5	0
11/07/2015 09:30	203	192	165	151	143	854	5	0
11/07/2015 09:35	185	176	152	139	132	784	5	0
11/07/2015 09:40	188	179	155	141	134	797	5	0
11/07/2015 09:45	210	198	171	156	148	883	5	0
11/07/2015 09:50	194	184	159	145	137	819	5	0
11/07/2015 09:55	205	193	167	152	144	861	5	0
11/07/2015 10:00	193	183	158	144	137	815	5	0
11/07/2015 10:05	192	182	157	143	136	810	5	0
11/07/2015 10:10	209	198	170	155	148	880	5	0
11/07/2015 10:15	185	176	152	139	132	784	5	0
11/07/2015 10:20	192	182	157	143	136	810	5	0
11/07/2015 10:25	195	185	160	145	138	823	5	0
11/07/2015 10:30	212	200	173	157	149	891	5	0
11/07/2015 10:35	215	203	175	159	151	903	5	0
11/07/2015 10:40	215	203	175	159	151	903	5	0
11/07/2015 10:45	223	209	181	165	156	934	5	0
11/07/2015 10:50	218	205	177	161	153	914	5	0
11/07/2015 10:55	213	201	173	158	150	895	5	0
11/07/2015 11:00	205	194	168	153	145	865	5	0
11/07/2015 11:05	226	209	179	165	153	932	5	0
11/07/2015 11:10	222	209	180	164	156	931	5	0
11/07/2015 11:15	226	211	181	167	155	940	5	0
11/07/2015 11:20	211	199	172	157	149	888	5	0
11/07/2015 11:25	221	208	179	163	155	926	5	0
11/07/2015 11:30	217	204	176	161	151	909	5	0
11/07/2015 11:35	229	209	179	165	153	935	5	0
11/07/2015 11:40	216	198	171	157	146	888	5	0
11/07/2015 11:45	197	186	161	147	139	830	5	0
11/07/2015 11:50	223	209	181	165	156	934	5	0
11/07/2015 11:55	203	192	165	151	143	854	5	0
11/07/2015 12:00	194	184	159	145	137	819	5	0
11/07/2015 12:05	198	187	162	147	140	834	5	0
11/07/2015 12:10	189	180	155	141	134	799	5	0
11/07/2015 12:15	223	204	176	161	150	914	5	0
11/07/2015 12:20	209	198	170	155	146	878	5	0
11/07/2015 12:25	211	199	172	157	149	888	5	0
11/07/2015 12:30	189	180	155	141	134	799	5	0
11/07/2015 12:35	207	196	169	154	146	872	5	0
11/07/2015 12:40	213	201	173	158	150	895	5	0
11/07/2015 12:45	204	188	162	149	138	841	5	0
11/07/2015 12:50	234	220	189	173	162	978	5	0
11/07/2015 12:55	206	190	164	150	140	850	5	0
11/07/2015 13:00	207	196	169	154	146	872	5	0
11/07/2015 13:05	205	189	163	150	139	846	5	0
11/07/2015 13:10	236	221	191	174	163	985	5	0
11/07/2015 13:15	234	220	189	173	164	980	5	0
11/07/2015 13:20	230	210	181	166	154	941	5	0
11/07/2015 13:25	228	214	184	168	158	952	5	0
11/07/2015 13:30	245	223	191	176	163	998	5	0
11/07/2015 13:35	233	218	188	171	161	971	5	0
11/07/2015 13:40	220	201	173	159	148	901	5	0
11/07/2015 13:45	219	206	178	162	153	918	5	0
11/07/2015 13:50	216	198	171	157	146	888	5	0
11/07/2015 13:55	244	224	192	177	164	1001	5	0
11/07/2015 14:00	224	210	181	165	157	937	5	0
11/07/2015 14:05	214	201	172	159	147	893	5	0
11/07/2015 14:10	202	186	160	147	137	832	5	0
11/07/2015 14:15	213	201	173	158	150	895	5	0
11/07/2015 14:20	205	194	168	153	145	865	5	0
11/07/2015 14:25	204	192	166	151	144	857	5	0
11/07/2015 14:30	208	195	168	154	144	869	5	0
11/07/2015 14:35	222	208	179	164	153	926	5	0
11/07/2015 14:40	209	197	169	155	145	875	5	0
11/07/2015 14:45	201	186	160	147	137	831	5	0
11/07/2015 14:50	205	189	162	149	139	844	5	0
11/07/2015 14:55	190	177	152	140	130	789	5	0
11/07/2015 15:00	203	187	161	148	138	837	5	0
11/07/2015 15:05	185	176	152	139	132	784	5	0
11/07/2015 15:10	180	169	146	134	125	754	5	0
11/07/2015 15:15	178	166	143	131	123	741	5	0
11/07/2015 15:20	182	174	150	137	130	773	5	0
11/07/2015 15:25	190	177	152	140	130	789	5	0
11/07/2015 15:30	183	171	147	135	126	762	5	0
11/07/2015 15:35	197	183	157	144	134	815	5	0
11/07/2015 15:40	172	162	139	128	119	720	5	0
11/07/2015 15:45	207	191	164	151	140	853	5	0
11/07/2015 15:50	175	167	144	131	125	742	5	0
11/07/2015 15:55	194	180	155	142	132	803	5	0
11/07/2015 16:00	190	177	153	140	131	791	5	0
11/07/2015 16:05	189	176	151	139	130	785	5	0
11/07/2015 16:10	184	171	148	136	126	765	5	0
11/07/2015 16:15	162	153	132	121	113	681	5	0
11/07/2015 16:20	177	165	143	131	122	738	5	0
11/07/2015 16:25	188	174	150	138	129	779	5	0
11/07/2015 16:30	190	177	152	140	130	789	5	0
11/07/2015 16:35	188	174	150	138	129	779	5	0
11/07/2015 16:40	191	181	157	143	135	807	5	0
11/07/2015 16:45	178	166	143	131	123	741	5	0
11/07/2015 16:50	191	177	153	140	131	792	5	0
11/07/2015 16:55	192	178	153	141	131	795	5	0
11/07/2015 17:00	166	159	138	125	119	707	5	0
11/07/2015 17:05	188	174	150	138	129	779	5	0
11/07/2015 17:10	180	168	145	133	124	750	5	0
11/07/2015 17:15	141	135	117	107	101	601	5	0
11/07/2015 17:20	177	167	144	132	123	743	5	0
11/07/2015 17:25	165	158	137	125	117	702	5	0
11/07/2015 17:30	167	157	136	124	116	700	5	0
11/07/2015 17:35	164	157	136	124	118	699	5	0
11/07/2015 17:40	184	175	151	138	129	777	5	0
11/07/2015 17:45	168	158	136	125	117	704	5	0
11/07/2015 17:50	152	144	125	114	107	642	5	0
11/07/2015 17:55	164	157	136	124	118	699	5	0
11/07/2015 18:00	163	156	136	123	117	695	5	0
11/07/2015 18:05	157	151	131	119	113	671	5	0
11/07/2015 18:10	184	171	148	136	126	765	5	0
11/07/2015 18:15	156	151	131	119	113	670	5	0
11/07/2015 18:20	149	145	125	114	108	641	5	0
11/07/2015 18:25	162	156	135	123	117	693	5	0
11/07/2015 18:30	178	166	143	131	123	741	5	0
11/07/2015 18:35	148	143	124	113	107	635	5	0
11/07/2015 18:40	153	148	128	117	111	657	5	0
11/07/2015 18:45	134	131	114	103	98	580	5	0
11/07/2015 18:50	132	128	111	101	95	567	5	0
11/07/2015 18:55	144	139	121	110	105	619	5	0
11/07/2015 19:00	134	131	114	103	98	580	5	0
11/07/2015 19:05	122	121	105	95	91	534	5	0
11/07/2015 19:10	130	127	111	101	96	565	5	0
11/07/2015 19:15	143	139	120	109	104	615	5	0
11/07/2015 19:20	128	126	110	99	94	557	5	0
11/07/2015 19:25	128	126	110	99	94	557	5	0
11/07/2015 19:30	119	117	102	93	88	519	5	0
11/07/2015 19:35	143	139	120	109	104	615	5	0
11/07/2015 19:40	121	120	104	95	90	530	5	0
11/07/2015 19:45	145	140	122	111	105	623	5	0
11/07/2015 19:50	126	124	108	98	93	549	5	0
11/07/2015 19:55	116	115	100	91	86	508	5	0
11/07/2015 20:00	113	112	98	89	84	496	5	0
11/07/2015 20:05	111	110	96	87	83	487	5	0
11/07/2015 20:10	110	110	96	87	82	485	5	0
11/07/2015 20:15	108	108	94	85	81	476	5	0
11/07/2015 20:20	143	137	118	109	102	609	5	0
11/07/2015 20:25	122	121	105	95	91	534	5	0
11/07/2015 20:30	118	116	102	92	87	515	5	0
11/07/2015 20:35	91	92	81	73	70	407	5	0
11/07/2015 20:40	100	101	88	80	76	445	5	0
11/07/2015 20:45	104	104	91	83	79	461	5	0
11/07/2015 20:50	87	89	78	71	67	392	5	0
11/07/2015 20:55	88	90	79	71	68	396	5	0
11/07/2015 21:00	99	100	88	79	75	441	5	0
11/07/2015 21:05	96	98	86	77	74	431	5	0
11/07/2015 21:10	87	89	78	71	67	392	5	0
11/07/2015 21:15	92	93	82	74	70	411	5	0
11/07/2015 21:20	116	114	99	91	86	506	5	0
11/07/2015 21:25	94	96	84	76	72	422	5	0
11/07/2015 21:30	85	87	77	69	66	384	5	0
11/07/2015 21:35	97	98	86	78	74	433	5	0
11/07/2015 21:40	104	104	91	83	79	461	5	0
11/07/2015 21:45	98	99	87	79	75	438	5	0
11/07/2015 21:50	95	97	85	77	73	427	5	0
11/07/2015 21:55	96	98	86	77	74	431	5	0
11/07/2015 22:00	79	82	73	65	62	361	5	0
11/07/2015 22:05	92	93	82	74	70	411	5	0
11/07/2015 22:10	81	84	74	67	63	369	5	0
11/07/2015 22:15	114	112	97	89	84	496	5	0
11/07/2015 22:20	101	102	89	81	77	450	5	0
11/07/2015 22:25	93	95	83	75	72	418	5	0
11/07/2015 22:30	90	92	80	73	69	404	5	0
11/07/2015 22:35	105	105	92	83	79	464	5	0
11/07/2015 22:40	107	107	93	85	80	472	5	0
11/07/2015 22:45	92	94	83	75	71	415	5	0
11/07/2015 22:50	87	89	78	71	67	392	5	0
11/07/2015 22:55	85	87	77	69	66	384	5	0
11/07/2015 23:00	117	115	101	91	87	511	5	0
11/07/2015 23:05	98	99	87	79	75	438	5	0
11/07/2015 23:10	117	115	100	91	86	509	5	0
11/07/2015 23:15	98	99	87	79	75	438	5	0
11/07/2015 23:20	107	107	94	85	81	474	5	0
11/07/2015 23:25	96	98	86	77	74	431	5	0
11/07/2015 23:30	92	93	82	74	70	411	5	0
11/07/2015 23:35	82	85	75	67	64	373	5	0
11/07/2015 23:40	99	100	88	79	75	441	5	0
11/07/2015 23:45	116	114	99	91	86	506	5	0
11/07/2015 23:50	98	99	87	79	75	438	5	0
11/07/2015 23:55	96	98	86	77	74	431	5	0
11/08/2015 00:00	87	89	78	71	67	392	5	0
11/08/2015 00:05	104	104	91	83	79	461	5	0
11/08/2015 00:10	92	93	82	74	70	411	5	0
11/08/2015 00:15	64	69	62	55	53	303	5	0
11/08/2015 00:20	73	77	68	61	58	337	5	0
11/08/2015 00:25	66	71	63	57	54	311	5	0
11/08/2015 00:30	54	60	52	46	44	256	5	0
11/08/2015 00:35	51	57	51	46	44	249	5	0
11/08/2015 00:40	46	53	48	43	41	231	5	0
11/08/2015 00:45	48	55	48	43	41	235	5	0
11/08/2015 00:50	43	51	46	41	39	220	5	0
11/08/2015 00:55	41	49	44	39	38	211	5	0
11/08/2015 01:00	57	63	56	50	48	274	5	0
11/08/2015 01:05	45	52	47	42	40	226	5	0
11/08/2015 01:10	46	53	48	43	41	231	5	0
11/08/2015 01:15	34	42	38	34	32	180	5	0
11/08/2015 01:20	36	45	41	36	34	192	5	0
11/08/2015 01:25	38	46	42	37	36	199	5	0
11/08/2015 01:30	37	47	43	39	38	204	5	0
11/08/2015 01:35	34	42	36	31	30	173	5	0
11/08/2015 01:40	39	47	43	38	36	203	5	0
11/08/2015 01:45	36	45	41	36	34	192	5	0
11/08/2015 01:50	34	42	37	33	31	177	5	0
11/08/2015 01:55	33	42	38	34	32	179	5	0
11/08/2015 02:00	30	39	35	31	30	165	5	0
11/08/2015 02:05	42	50	45	40	38	215	5	0
11/08/2015 02:10	42	51	46	41	40	220	5	0
11/08/2015 02:15	36	45	41	36	34	192	5	0
11/08/2015 02:20	35	43	39	35	33	185	5	0
11/08/2015 02:25	38	48	43	39	38	206	5	0
11/08/2015 02:30	37	45	38	34	32	186	5	0
11/08/2015 02:35	36	45	41	36	34	192	5	0
11/08/2015 02:40	31	42	38	34	34	179	5	0
11/08/2015 02:45	34	42	38	34	32	180	5	0
11/08/2015 02:50	28	37	34	31	31	161	5	0
11/08/2015 02:55	34	42	38	33	32	179	5	0
11/08/2015 03:00	31	39	33	29	28	160	5	0
11/08/2015 03:05	23	32	29	25	24	133	5	0
11/08/2015 03:10	28	37	34	30	29	158	5	0
11/08/2015 03:15	39	48	43	39	37	206	5	0
11/08/2015 03:20	27	36	30	26	25	144	5	0
11/08/2015 03:25	34	42	38	34	32	180	5	0
11/08/2015 03:30	26	35	33	29	27	150	5	0
11/08/2015 03:35	34	42	38	34	32	180	5	0
11/08/2015 03:40	28	37	31	27	26	149	5	0
11/08/2015 03:45	29	39	36	32	32	168	5	0
11/08/2015 03:50	26	35	29	25	24	139	5	0
11/08/2015 03:55	28	37	34	30	29	158	5	0
11/08/2015 04:00	17	27	26	23	22	115	5	0
11/08/2015 04:05	23	32	27	23	22	127	5	0
11/08/2015 04:10	26	35	29	25	24	139	5	0
11/08/2015 04:15	21	30	27	23	22	123	5	0
11/08/2015 04:20	31	39	33	29	28	160	5	0
11/08/2015 04:25	31	42	38	34	34	179	5	0
11/08/2015 04:30	29	38	32	28	26	153	5	0
11/08/2015 04:35	21	30	28	24	23	126	5	0
11/08/2015 04:40	30	38	33	28	27	156	5	0
11/08/2015 04:45	26	35	30	26	25	142	5	0
11/08/2015 04:50	23	32	28	24	23	130	5	0
11/08/2015 04:55	26	35	33	29	27	150	5	0
11/08/2015 05:00	19	29	28	24	23	123	5	0
11/08/2015 05:05	34	42	38	34	32	180	5	0
11/08/2015 05:10	34	42	38	34	32	180	5	0
11/08/2015 05:15	29	38	33	29	28	157	5	0
11/08/2015 05:20	22	31	29	25	24	131	5	0
11/08/2015 05:25	34	42	38	34	32	180	5	0
11/08/2015 05:30	33	41	36	32	31	173	5	0
11/08/2015 05:35	34	42	36	31	30	173	5	0
11/08/2015 05:40	40	48	43	39	37	207	5	0
11/08/2015 05:45	37	45	41	36	34	193	5	0
11/08/2015 05:50	40	48	43	39	37	207	5	0
11/08/2015 05:55	36	45	41	36	34	192	5	0
11/08/2015 06:00	31	39	36	32	31	169	5	0
11/08/2015 06:05	41	48	41	36	35	201	5	0
11/08/2015 06:10	50	57	51	45	43	246	5	0
11/08/2015 06:15	42	49	43	38	36	208	5	0
11/08/2015 06:20	46	53	48	43	41	231	5	0
11/08/2015 06:25	38	46	42	37	36	199	5	0
11/08/2015 06:30	52	58	52	47	44	253	5	0
11/08/2015 06:35	60	65	58	52	50	285	5	0
11/08/2015 06:40	55	61	54	49	46	265	5	0
11/08/2015 06:45	49	56	50	45	43	243	5	0
11/08/2015 06:50	55	61	54	49	46	265	5	0
11/08/2015 06:55	48	55	49	44	42	238	5	0
11/08/2015 07:00	53	59	53	47	45	257	5	0
11/08/2015 07:05	63	68	60	54	51	296	5	0
11/08/2015 07:10	55	61	54	49	46	265	5	0
11/08/2015 07:15	70	74	66	59	56	325	5	0
11/08/2015 07:20	73	77	68	61	58	337	5	0
11/08/2015 07:25	51	57	51	46	44	249	5	0
11/08/2015 07:30	60	65	58	52	50	285	5	0
11/08/2015 07:35	75	80	70	64	61	350	5	0
11/08/2015 07:40	62	67	59	53	51	292	5	0
11/08/2015 07:45	65	70	62	56	53	306	5	0
11/08/2015 07:50	63	68	60	54	51	296	5	0
11/08/2015 07:55	92	94	83	75	71	415	5	0
11/08/2015 08:00	92	93	82	74	70	411	5	0
11/08/2015 08:05	79	82	73	65	62	361	5	0
11/08/2015 08:10	121	119	104	94	89	527	5	0
11/08/2015 08:15	108	108	94	85	81	476	5	0
11/08/2015 08:20	144	139	121	110	105	619	5	0
11/08/2015 08:25	131	128	112	101	96	568	5	0
11/08/2015 08:30	123	121	106	96	91	537	5	0
11/08/2015 08:35	141	137	119	108	103	608	5	0
11/08/2015 08:40	159	153	133	121	115	681	5	0
11/08/2015 08:45	187	178	154	140	133	792	5	0
11/08/2015 08:50	163	156	136	123	117	695	5	0
11/08/2015 08:55	141	137	119	108	103	608	5	0
11/08/2015 09:00	172	164	142	129	123	730	5	0
11/08/2015 09:05	202	191	165	150	143	851	5	0
11/08/2015 09:10	179	171	148	135	127	760	5	0
11/08/2015 09:15	143	139	120	109	104	615	5	0
11/08/2015 09:20	191	177	153	140	131	792	5	0
11/08/2015 09:25	154	149	129	117	112	661	5	0
11/08/2015 09:30	158	152	132	120	114	676	5	0
11/08/2015 09:35	169	162	140	127	121	719	5	0
11/08/2015 09:40	175	167	144	131	125	742	5	0
11/08/2015 09:45	195	180	155	143	133	806	5	0
11/08/2015 09:50	183	174	151	137	131	776	5	0
11/08/2015 09:55	167	160	139	126	120	712	5	0
11/08/2015 10:00	185	176	152	139	132	784	5	0
11/08/2015 10:05	149	145	125	114	108	641	5	0
11/08/2015 10:10	156	151	131	119	113	670	5	0
11/08/2015 10:15	171	163	141	129	122	726	5	0
11/08/2015 10:20	163	154	133	122	114	686	5	0
11/08/2015 10:25	177	168	146	133	126	750	5	0
11/08/2015 10:30	183	174	151	137	131	776	5	0
11/08/2015 10:35	179	171	148	135	128	761	5	0
11/08/2015 10:40	174	166	144	131	124	739	5	0
11/08/2015 10:45	162	156	135	123	117	693	5	0
11/08/2015 10:50	197	186	160	147	137	827	5	0
11/08/2015 10:55	157	151	131	119	113	671	5	0
11/08/2015 11:00	142	138	120	109	103	612	5	0
11/08/2015 11:05	165	158	137	125	118	703	5	0
11/08/2015 11:10	173	165	143	130	124	735	5	0
11/08/2015 11:15	190	177	152	140	130	789	5	0
11/08/2015 11:20	159	153	133	121	115	681	5	0
11/08/2015 11:25	180	172	149	135	129	765	5	0
11/08/2015 11:30	145	140	122	111	105	623	5	0
11/08/2015 11:35	175	167	144	131	125	742	5	0
11/08/2015 11:40	153	148	128	117	111	657	5	0
11/08/2015 11:45	153	148	128	117	111	657	5	0
11/08/2015 11:50	124	122	107	97	92	542	5	0
11/08/2015 11:55	157	151	131	119	113	671	5	0
11/08/2015 12:00	183	174	151	137	131	776	5	0
11/08/2015 12:05	169	162	140	127	121	719	5	0
11/08/2015 12:10	173	165	143	130	124	735	5	0
11/08/2015 12:15	158	152	132	120	114	676	5	0
11/08/2015 12:20	158	152	132	120	114	676	5	0
11/08/2015 12:25	171	163	141	129	122	726	5	0
11/08/2015 12:30	174	166	144	131	124	739	5	0
11/08/2015 12:35	169	162	140	127	121	719	5	0
11/08/2015 12:40	173	165	143	130	124	735	5	0
11/08/2015 12:45	192	182	157	143	136	810	5	0
11/08/2015 12:50	187	178	154	140	133	792	5	0
11/08/2015 12:55	197	186	161	147	139	830	5	0
11/08/2015 13:00	174	166	144	131	124	739	5	0
11/08/2015 13:05	187	178	154	140	133	792	5	0
11/08/2015 13:10	165	158	137	125	118	703	5	0
11/08/2015 13:15	204	192	166	151	144	857	5	0
11/08/2015 13:20	187	178	154	140	133	792	5	0
11/08/2015 13:25	196	186	160	146	139	827	5	0
11/08/2015 13:30	179	171	148	135	128	761	5	0
11/08/2015 13:35	185	176	152	139	132	784	5	0
11/08/2015 13:40	167	160	139	126	120	712	5	0
11/08/2015 13:45	185	176	152	139	132	784	5	0
11/08/2015 13:50	210	193	166	153	142	864	5	0
11/08/2015 13:55	184	175	152	138	131	780	5	0
11/08/2015 14:00	195	181	156	143	133	808	5	0
11/08/2015 14:05	190	180	156	142	135	803	5	0
11/08/2015 14:10	177	169	147	133	127	753	5	0
11/08/2015 14:15	205	189	162	149	139	844	5	0
11/08/2015 14:20	192	182	157	143	134	808	5	0
11/08/2015 14:25	202	191	165	150	143	851	5	0
11/08/2015 14:30	192	182	157	143	136	810	5	0
11/08/2015 14:35	199	188	162	148	141	838	5	0
11/08/2015 14:40	205	194	167	153	143	862	5	0
11/08/2015 14:45	195	185	159	145	136	820	5	0
11/08/2015 14:50	187	178	154	140	133	792	5	0
11/08/2015 14:55	168	161	139	127	120	715	5	0
11/08/2015 15:00	192	182	157	143	136	810	5	0
11/08/2015 15:05	185	176	152	139	132	784	5	0
11/08/2015 15:10	175	167	144	131	125	742	5	0
11/08/2015 15:15	194	184	159	145	137	819	5	0
11/08/2015 15:20	187	178	154	140	133	792	5	0
11/08/2015 15:25	203	192	165	151	143	854	5	0
11/08/2015 15:30	196	186	160	146	138	826	5	0
11/08/2015 15:35	191	181	157	143	136	808	5	0
11/08/2015 15:40	197	186	161	147	139	830	5	0
11/08/2015 15:45	182	174	150	137	130	773	5	0
11/08/2015 15:50	205	193	167	152	144	861	5	0
11/08/2015 15:55	224	207	178	164	152	925	5	0
11/08/2015 16:00	217	204	176	161	153	911	5	0
11/08/2015 16:05	222	209	180	164	156	931	5	0
11/08/2015 16:10	226	212	183	167	157	945	5	0
11/08/2015 16:15	204	192	166	151	144	857	5	0
11/08/2015 16:20	210	198	170	156	145	879	5	0
11/08/2015 16:25	196	186	160	146	139	827	5	0
11/08/2015 16:30	188	179	155	141	134	797	5	0
11/08/2015 16:35	176	168	145	132	125	746	5	0
11/08/2015 16:40	197	183	157	144	134	815	5	0
11/08/2015 16:45	204	190	164	150	140	848	5	0
11/08/2015 16:50	190	180	156	142	135	803	5	0
11/08/2015 16:55	198	187	162	147	140	834	5	0
11/08/2015 17:00	197	186	161	147	139	830	5	0
11/08/2015 17:05	195	185	160	145	138	823	5	0
11/08/2015 17:10	168	161	139	127	120	715	5	0
11/08/2015 17:15	177	165	143	131	122	738	5	0
11/08/2015 17:20	169	162	140	127	121	719	5	0
11/08/2015 17:25	152	147	128	116	110	653	5	0
11/08/2015 17:30	131	128	112	101	96	568	5	0
11/08/2015 17:35	140	136	118	107	102	603	5	0
11/08/2015 17:40	147	142	123	112	106	630	5	0
11/08/2015 17:45	145	140	122	111	105	623	5	0
11/08/2015 17:50	147	142	123	112	106	630	5	0
11/08/2015 17:55	135	132	115	104	99	585	5	0
11/08/2015 18:00	155	148	128	117	110	658	5	0
11/08/2015 18:05	154	149	129	117	111	660	5	0
11/08/2015 18:10	135	132	115	104	99	585	5	0
11/08/2015 18:15	138	134	117	106	101	596	5	0
11/08/2015 18:20	140	136	118	107	102	603	5	0
11/08/2015 18:25	133	130	113	103	98	577	5	0
11/08/2015 18:30	122	119	103	94	89	527	5	0
11/08/2015 18:35	126	124	108	98	93	549	5	0
11/08/2015 18:40	134	129	112	103	96	574	5	0
11/08/2015 18:45	107	107	94	85	81	474	5	0
11/08/2015 18:50	112	111	97	88	84	492	5	0
11/08/2015 18:55	122	119	104	95	89	529	5	0
11/08/2015 19:00	99	100	88	79	75	441	5	0
11/08/2015 19:05	105	105	92	83	79	464	5	0
11/08/2015 19:10	108	108	94	85	81	476	5	0
11/08/2015 19:15	105	105	92	83	79	464	5	0
11/08/2015 19:20	119	117	102	93	88	519	5	0
11/08/2015 19:25	117	115	101	91	87	511	5	0
11/08/2015 19:30	122	121	105	95	91	534	5	0
11/08/2015 19:35	142	136	118	108	101	605	5	0
11/08/2015 19:40	87	89	78	71	67	392	5	0
11/08/2015 19:45	90	92	80	73	69	404	5	0
11/08/2015 19:50	92	94	83	75	71	415	5	0
11/08/2015 19:55	119	117	102	93	88	519	5	0
11/08/2015 20:00	147	141	122	111	104	625	5	0
11/08/2015 20:05	80	83	73	66	63	365	5	0
11/08/2015 20:10	135	130	113	103	97	578	5	0
11/08/2015 20:15	113	112	98	89	84	496	5	0
11/08/2015 20:20	122	121	105	95	91	534	5	0
11/08/2015 20:25	92	93	82	74	70	411	5	0
11/08/2015 20:30	102	103	90	81	77	453	5	0
11/08/2015 20:35	84	86	76	69	65	380	5	0
11/08/2015 20:40	88	90	79	71	68	396	5	0
11/08/2015 20:45	86	88	78	70	67	389	5	0
11/08/2015 20:50	92	94	83	75	71	415	5	0
11/08/2015 20:55	74	78	69	62	59	342	5	0
11/08/2015 21:00	99	100	88	79	75	441	5	0
11/08/2015 21:05	77	80	71	64	61	353	5	0
11/08/2015 21:10	78	81	72	65	62	358	5	0
11/08/2015 21:15	96	98	86	77	74	431	5	0
11/08/2015 21:20	81	84	74	67	63	369	5	0
11/08/2015 21:25	100	101	88	80	76	445	5	0
11/08/2015 21:30	79	82	73	65	62	361	5	0
11/08/2015 21:35	79	82	73	65	62	361	5	0
11/08/2015 21:40	108	108	94	85	81	476	5	0
11/08/2015 21:45	57	63	54	48	46	268	5	0
11/08/2015 21:50	70	74	66	59	56	325	5	0
11/08/2015 21:55	75	79	70	63	60	347	5	0
11/08/2015 22:00	79	82	73	65	62	361	5	0
11/08/2015 22:05	98	99	87	79	75	438	5	0
11/08/2015 22:10	87	89	78	71	67	392	5	0
11/08/2015 22:15	62	67	58	52	49	288	5	0
11/08/2015 22:20	52	58	52	47	44	253	5	0
11/08/2015 22:25	64	68	61	55	52	300	5	0
11/08/2015 22:30	73	77	68	61	58	337	5	0
11/08/2015 22:35	60	65	58	52	50	285	5	0
11/08/2015 22:40	74	78	69	62	59	342	5	0
11/08/2015 22:45	59	64	57	51	49	280	5	0
11/08/2015 22:50	76	80	70	63	60	349	5	0
11/08/2015 22:55	43	50	45	40	38	216	5	0
11/08/2015 23:00	49	56	50	45	43	243	5	0
11/08/2015 23:05	52	58	52	47	44	253	5	0
11/08/2015 23:10	53	59	53	47	45	257	5	0
11/08/2015 23:15	48	55	49	44	42	238	5	0
11/08/2015 23:20	78	82	72	66	62	360	5	0
11/08/2015 23:25	71	75	67	60	57	330	5	0
11/08/2015 23:30	58	63	57	51	48	277	5	0
11/08/2015 23:35	46	53	48	43	41	231	5	0
11/08/2015 23:40	45	52	47	42	40	226	5	0
11/08/2015 23:45	57	63	56	50	48	274	5	0
11/08/2015 23:50	51	57	51	46	44	249	5	0
11/08/2015 23:55	33	41	37	33	31	175	5	0
